60 78 14 188 133 122 84 238 53 31 244 123 14 48 163 217 249 202 142 98 44 227 72 172 177 227 116 155 240 125 174 79
48 199 28 185 133 75 68 239 21 63 240 123 7 58 162 153 249 203 134 32 124 250 65 188 177 211 246 135 241 120 236 139
118 113 33 65 74 205 33 64 36 116 226 169 146 29 69 16 44 156 115 82 203 178 225 0 21 40 0 2 97 26 118 242
233 103 95 37 52 10 102 53 120 162 98 76 243 33 144 179 18 100 108 110 228 252 213 14 230 251 96 0 110 176 90 9
60 13 202 178 193 122 119 231 49 31 247 27 66 118 43 221 249 194 134 130 60 243 120 232 247 231 212 67 227 127 238 198
40 144 96 168 77 69 210 224 128 96 248 11 19 28 56 2 200 145 147 97 204 35 80 148 119 193 138 123 117 14 116 210
58 40 242 64 83 91 80 64 97 100 164 9 10 13 6 180 168 140 196 16 12 171 116 136 155 221 0 51 99 140 102 78
224 14 106 21 52 58 227 34 120 70 98 153 227 40 150 16 18 102 100 45 164 188 165 15 100 63 112 65 196 164 86 204
157 30 13 139 134 101 39 146 4 90 223 246 144 22 227 234 109 202 190 150 191 148 111 162 164 1 186 132 189 223 248 213
169 116 43 67 226 93 53 213 96 94 116 60 147 20 194 53 108 152 86 78 235 54 228 2 118 73 32 168 99 158 246 249
217 49 42 2 129 125 55 81 44 109 143 157 156 6 130 16 108 134 206 206 149 147 189 102 247 1 34 177 2 71 175 115
205 19 43 129 213 20 179 80 164 76 215 103 156 150 163 236 228 4 174 244 133 149 177 202 245 37 170 130 138 23 45 245
85 246 11 0 48 111 35 240 56 108 178 109 134 22 138 20 188 133 204 34 173 151 33 68 176 22 42 214 136 0 175 85
52 194 0 161 85 9 166 224 132 4 240 35 160 74 32 64 104 128 134 227 104 50 72 204 180 128 142 47 53 58 120 134
101 161 0 2 195 29 166 224 160 0 184 8 130 0 0 148 104 136 194 66 10 50 196 104 181 4 0 42 225 110 106 128
217 22 34 129 5 212 176 114 4 76 158 55 172 6 162 68 236 160 142 132 236 5 33 198 210 65 138 19 6 12 53 83
212 50 3 3 19 205 34 112 100 104 179 93 128 3 8 81 48 160 78 234 241 144 212 100 181 32 34 208 105 3 35 147
84 19 3 193 135 64 167 208 100 76 146 70 129 2 33 68 120 128 14 234 11 51 121 216 149 132 174 133 185 27 117 7
35 21 35 128 205 69 183 112 132 74 208 15 16 60 38 98 236 17 155 165 213 43 48 204 53 4 138 170 25 108 53 215
216 84 34 131 135 180 190 87 132 74 159 179 136 31 163 224 237 179 155 135 160 5 33 226 247 65 186 131 23 93 189 211
248 76 26 176 161 114 20 71 20 6 210 19 6 2 35 201 233 150 142 34 108 231 17 142 178 225 138 27 0 89 172 66
56 2 128 136 221 19 146 196 1 37 188 14 10 0 42 132 120 130 130 136 28 43 113 130 178 69 158 19 155 94 248 132
176 16 19 160 69 2 36 64 21 2 210 231 7 162 33 193 248 133 142 165 109 183 1 130 144 240 138 6 12 124 49 222
32 68 8 169 94 1 130 70 4 33 184 27 144 0 34 192 72 128 130 197 24 43 65 142 52 5 138 80 145 26 248 194
128 1 4 139 140 249 32 0 196 16 131 18 129 130 96 78 72 0 106 130 10 1 87 145 132 208 130 17 16 91 216 16
176 108 65 2 81 73 166 69 56 34 176 27 34 8 4 17 232 130 194 3 106 182 64 98 53 0 0 51 65 24 198 210
34 140 0 155 141 145 182 198 132 18 144 15 160 66 34 193 73 2 202 130 94 43 72 245 180 4 138 59 144 92 152 132
34 148 2 129 93 21 178 98 132 69 216 7 0 174 98 66 232 0 138 128 20 27 16 130 20 4 138 107 144 14 60 214
179 4 18 140 13 7 150 107 28 142 208 27 6 130 34 1 216 129 142 37 108 163 0 202 177 20 138 31 16 124 57 198
178 89 0 139 140 45 132 68 4 33 145 87 134 18 0 72 232 146 14 195 89 182 81 224 144 128 202 18 25 91 176 18
148 159 8 131 132 57 134 208 4 114 158 167 146 4 139 68 104 130 142 194 91 39 93 162 180 0 142 16 156 95 152 80
28 7 6 161 141 93 100 195 196 12 222 3 129 131 97 199 104 0 138 178 64 129 67 192 183 193 134 1 51 126 124 194
88 145 42 147 135 20 37 247 228 75 134 18 144 22 34 228 97 18 138 128 176 153 97 160 245 101 254 64 162 20 165 234
89 146 136 145 6 208 161 96 164 92 150 38 184 66 226 96 96 160 138 136 7 17 37 200 220 1 170 1 49 8 53 80
208 4 2 128 21 160 160 66 4 8 138 18 128 2 32 64 120 128 10 160 40 37 1 194 148 4 138 16 16 72 49 2
208 4 2 128 129 40 100 67 56 2 170 16 142 2 1 93 104 130 78 160 40 131 0 66 181 4 138 1 0 64 35 4
89 0 10 136 32 16 144 64 44 0 199 2 150 2 162 96 76 12 138 76 8 139 37 192 209 33 154 17 16 15 33 32
45 78 0 147 204 33 167 194 4 10 144 26 144 32 161 140 105 194 10 154 49 51 64 226 52 5 174 120 147 123 176 160
16 16 2 129 5 64 160 64 4 8 210 102 2 18 32 192 232 132 142 129 8 179 17 192 144 32 138 3 25 8 53 3
0 32 6 136 79 9 160 72 102 32 194 10 128 130 0 64 104 140 106 128 0 179 213 80 148 0 2 33 64 8 32 128
48 32 3 136 72 73 160 72 102 32 194 10 192 130 32 64 104 140 106 0 0 211 199 16 148 0 3 56 1 8 48 130
1 0 7 137 72 11 32 64 230 32 194 66 144 128 32 192 104 140 106 136 5 243 213 16 20 32 130 0 25 8 50 128
17 34 5 1 10 11 32 64 100 96 194 198 209 130 66 194 104 68 106 140 5 209 197 0 132 32 163 0 41 0 16 16
96 34 2 9 74 75 32 72 102 32 226 232 2 128 192 16 104 140 106 0 8 211 199 16 20 0 33 57 97 0 86 130
48 2 3 137 76 9 160 64 100 32 226 70 130 130 32 192 104 140 106 136 1 147 197 64 148 0 162 0 105 8 33 128
32 0 6 136 74 3 160 72 132 0 192 2 64 194 32 64 72 8 106 128 0 131 211 0 21 32 138 8 16 8 50 128
33 50 7 137 72 15 161 72 102 108 194 70 144 128 130 64 104 140 106 128 1 179 213 16 148 32 162 0 88 8 32 208
16 0 6 9 8 3 32 64 164 32 194 2 64 130 32 64 104 4 106 128 0 147 129 64 20 34 131 0 1 0 33 130
113 32 11 137 72 77 161 64 102 104 194 70 208 130 162 96 104 140 106 0 1 211 199 16 148 0 163 48 8 8 56 144
80 32 2 1 10 9 32 64 100 32 194 10 194 128 32 82 96 196 106 0 8 209 129 64 148 32 2 16 32 0 33 0
96 32 0 0 72 9 96 64 96 32 226 8 130 130 64 84 104 140 106 8 8 83 193 64 20 0 3 56 64 0 98 128
33 32 8 129 72 9 33 64 70 32 226 14 146 2 2 192 104 140 106 0 9 35 197 16 148 0 138 56 89 8 8 132
0 0 22 128 72 9 160 64 230 32 226 8 4 130 32 64 104 140 106 0 0 179 129 16 20 32 2 0 0 8 35 128
0 32 6 129 74 11 161 64 236 32 102 128 150 128 128 212 96 12 106 8 1 241 197 64 20 1 34 16 64 8 1 160
96 32 2 136 72 9 160 72 164 32 226 8 198 130 32 0 200 0 106 0 8 3 195 64 20 0 11 56 80 8 35 130
32 32 4 137 76 11 96 72 86 160 194 2 193 128 64 64 88 12 106 136 12 242 77 16 13 128 129 49 49 8 80 128
168 81 32 169 93 69 246 117 5 40 209 79 23 29 48 0 200 145 151 97 40 50 80 142 119 193 170 191 127 44 244 147
50 119 115 96 83 127 80 83 105 104 184 109 10 28 4 16 232 149 199 1 140 171 112 136 19 201 32 179 73 76 102 223
1 46 62 39 52 46 230 52 120 14 123 73 231 40 144 19 161 102 68 15 164 248 137 46 228 42 112 128 64 226 75 137
29 183 147 3 242 92 55 247 36 77 123 245 92 102 138 214 103 203 206 182 247 152 169 103 62 101 38 198 171 214 167 213
21 30 236 131 182 117 63 146 4 95 222 166 209 38 251 110 109 202 190 158 191 152 125 162 238 79 190 196 189 251 248 117
169 116 99 83 225 125 255 247 112 94 125 56 155 21 218 189 111 90 151 46 251 182 236 162 103 79 52 160 103 220 246 249
221 61 43 82 129 253 55 213 53 111 151 189 216 55 154 61 109 214 223 222 241 135 185 226 247 121 38 242 130 215 167 115
141 93 12 150 205 249 118 244 199 246 157 159 235 245 107 230 105 226 202 202 93 99 126 226 247 209 198 59 58 255 189 214
77 82 59 1 96 28 59 208 40 109 182 237 156 22 131 244 230 148 222 238 133 19 165 196 214 71 46 134 138 150 47 245
221 17 43 128 5 22 191 112 132 204 151 7 156 150 162 229 252 208 158 239 201 131 48 200 243 9 238 138 10 47 49 247
48 65 1 129 76 9 102 96 133 0 240 75 130 8 32 66 104 192 14 226 104 50 72 136 180 128 142 22 53 58 116 134
49 45 1 1 64 9 166 96 40 8 248 10 130 32 0 16 104 168 70 32 14 59 192 72 188 0 6 50 65 42 83 132
210 116 2 32 130 168 54 71 173 10 170 249 172 27 68 208 167 243 223 192 240 7 128 226 182 80 22 170 34 213 171 7
210 84 33 131 133 164 188 71 149 67 155 83 136 30 32 100 233 210 27 133 126 7 89 199 183 80 154 74 22 93 177 86
193 242 3 33 66 76 99 16 252 74 115 116 153 86 200 208 49 136 78 226 161 20 188 71 53 32 34 196 40 49 103 241
208 83 137 129 84 68 99 80 100 204 158 102 176 22 163 96 124 192 14 240 137 3 49 234 189 128 170 130 57 43 117 127
43 5 43 172 221 4 181 67 128 76 152 3 28 191 34 192 252 145 155 165 176 43 32 204 113 17 142 154 17 76 177 227
92 172 58 83 227 60 62 246 56 3 143 145 157 55 9 121 103 211 219 138 240 31 152 226 247 79 158 65 130 215 175 42
220 76 162 210 135 116 190 198 148 3 159 19 140 63 48 201 237 210 155 147 126 15 72 226 247 71 158 3 151 221 185 10
58 86 162 136 125 87 146 216 5 109 180 63 10 60 170 4 220 136 142 36 172 179 112 130 243 85 166 183 218 14 60 215
60 114 130 2 69 89 178 112 33 76 180 110 10 36 138 132 40 128 206 8 5 55 160 130 158 85 38 179 203 14 111 215
100 157 9 138 252 201 71 225 56 68 180 140 178 4 2 16 216 162 78 66 121 43 120 104 181 16 36 56 80 122 214 120
56 64 18 162 33 2 38 196 20 2 210 2 135 130 32 64 249 205 14 226 8 147 1 224 176 229 142 6 128 127 176 128
36 200 8 163 220 25 162 196 132 96 212 10 128 0 34 66 104 128 138 96 101 62 64 166 116 133 130 97 89 26 216 144
68 12 8 138 141 105 38 130 140 82 138 10 133 242 105 75 73 2 202 2 17 1 70 160 133 145 138 57 144 91 157 18
44 140 2 147 197 224 164 195 196 82 216 2 128 130 104 198 105 10 130 144 1 179 0 226 20 64 198 64 63 76 177 212
12 156 0 154 141 201 20 224 140 18 128 7 164 98 34 65 73 162 202 1 38 9 90 247 188 6 218 123 144 12 25 14
189 148 8 129 132 89 38 226 4 98 158 142 146 4 139 96 121 130 222 38 125 48 117 138 244 5 174 20 156 76 24 80
24 4 10 161 13 81 114 96 196 14 150 19 128 51 34 66 105 128 202 160 44 43 65 198 183 197 130 27 51 10 60 2
64 144 2 211 15 132 96 176 164 25 130 2 137 211 104 98 97 144 138 128 2 9 31 225 159 224 146 64 50 8 49 10
73 16 34 129 78 148 32 24 228 88 198 34 137 151 226 98 96 128 170 128 134 17 167 193 86 97 162 1 50 4 49 210
182 15 1 131 133 45 151 192 12 44 154 26 134 20 32 68 236 146 142 66 8 179 97 226 177 0 138 50 16 95 149 70
64 22 10 129 86 96 33 70 4 14 155 118 128 2 162 200 105 130 10 160 49 3 65 194 148 4 186 0 176 89 181 129
92 72 2 131 132 0 166 208 4 0 139 2 132 3 33 72 232 192 14 194 72 3 25 224 180 1 138 80 2 27 177 128
44 8 128 147 220 25 162 224 20 0 148 2 128 32 163 12 105 98 10 30 32 35 64 170 62 5 142 113 147 170 56 128
80 16 3 128 4 66 160 64 4 64 146 102 130 2 32 64 232 128 142 128 13 147 65 192 148 0 138 2 8 8 57 17
207 20 50 202 41 52 26 112 156 202 159 16 156 159 186 228 222 21 159 46 236 7 48 202 211 121 42 154 22 239 33 119
178 7 9 133 12 73 231 96 5 108 250 74 130 0 32 128 232 128 142 98 73 183 97 138 180 128 130 50 121 106 24 213
206 94 3 147 141 236 39 151 173 78 159 86 200 230 110 198 225 195 255 131 241 5 123 226 181 117 190 138 154 95 189 119
48 6 74 35 80 9 163 64 41 8 249 42 198 64 12 20 120 128 70 33 8 178 72 78 180 16 2 18 73 10 74 128
34 4 51 138 237 71 157 105 12 79 153 10 76 191 48 96 216 145 27 45 0 171 98 200 241 20 142 27 144 78 181 234
92 204 171 242 149 64 94 230 21 95 150 19 200 47 107 201 233 211 159 210 63 75 106 226 251 215 254 217 150 124 189 91
51 214 170 160 117 123 146 208 5 108 184 239 10 156 166 0 239 145 159 53 141 179 48 142 186 87 174 182 92 14 52 215
169 183 105 30 229 93 103 241 184 76 188 172 190 180 138 52 24 210 214 66 209 42 120 127 117 17 36 177 82 14 198 249
60 68 130 160 37 2 100 192 21 8 210 2 71 2 41 192 248 204 142 225 72 147 65 128 176 241 142 4 32 126 48 128
40 76 0 161 85 201 166 192 140 96 80 3 128 8 35 66 104 0 138 96 100 53 64 166 116 4 142 33 59 28 88 154
100 20 0 128 205 105 6 33 136 2 141 10 134 114 107 66 65 128 78 16 24 3 216 192 189 20 131 56 146 110 24 2
200 68 34 192 206 48 60 87 132 2 142 146 145 7 224 64 109 130 10 168 248 7 100 194 246 33 170 12 50 222 176 129
86 6 1 129 133 157 38 193 12 30 154 10 134 82 41 196 233 146 142 35 74 19 96 226 177 16 142 18 16 92 21 102
12 8 128 149 21 217 160 64 20 228 148 10 162 72 35 128 232 96 138 28 38 35 96 140 158 1 134 51 147 12 24 198
81 16 10 128 4 32 33 64 36 64 203 162 148 22 162 96 108 128 14 128 9 147 49 192 144 1 170 2 8 10 57 85
24 212 18 166 37 2 66 80 21 0 219 6 79 2 34 64 249 204 14 162 72 147 89 136 176 225 174 4 32 126 56 0
0 24 2 130 69 73 162 64 140 64 148 15 168 9 34 66 104 192 138 194 64 55 16 236 22 4 138 35 30 15 57 154
