33 160 141 159 10 3 0 200 142 176 192 192 244 194 64 82 73 68 106 136 11 67 207 113 140 34 143 60 24 32 11 32
65 32 198 5 8 10 104 8 108 160 226 64 221 226 208 118 99 197 106 156 1 209 199 64 156 34 207 0 140 32 43 4
32 96 16 140 79 1 144 72 134 164 144 11 4 146 97 131 200 153 202 35 64 39 66 152 21 0 11 63 16 56 45 138
32 34 192 5 76 11 160 72 58 164 224 139 130 128 84 18 120 204 74 1 8 115 207 80 28 0 7 56 65 40 82 128
52 160 25 153 218 139 34 200 22 176 192 74 196 194 96 64 121 72 98 176 34 210 75 31 156 134 143 124 176 8 1 160
81 32 134 133 10 10 40 64 236 160 226 66 212 162 64 246 96 197 106 140 1 209 133 64 156 34 207 0 40 32 43 4
4 176 21 184 203 199 161 200 22 176 192 10 228 210 104 132 121 88 226 16 2 83 91 21 29 130 15 127 144 8 37 130
96 32 192 37 76 73 224 72 42 164 240 139 130 128 68 18 104 204 66 5 8 115 207 80 28 0 7 57 65 40 86 130
120 34 20 161 44 9 64 8 111 168 178 73 207 11 208 150 129 197 108 17 8 97 201 144 156 208 37 48 64 136 74 0
112 0 135 29 68 2 100 40 244 130 226 66 82 224 16 83 112 228 106 168 40 243 143 8 20 34 231 0 41 120 112 0
36 160 20 153 203 195 160 200 22 176 192 11 196 210 104 128 121 152 226 16 2 83 91 17 29 130 143 125 177 8 45 130
83 32 222 5 74 10 232 64 236 128 226 2 88 130 84 82 42 197 106 140 0 211 133 64 28 42 143 0 33 0 99 128
56 5 72 33 84 139 99 114 52 36 255 139 147 1 2 16 120 172 5 99 104 190 81 15 229 237 32 65 97 138 78 130
32 32 129 5 74 73 160 72 34 180 224 139 130 224 64 18 41 204 66 21 8 115 223 16 29 0 15 61 65 40 86 130
64 160 133 129 14 11 161 200 238 176 130 202 198 128 80 2 43 204 106 9 2 241 205 81 156 2 15 52 69 40 19 160
120 34 208 100 41 88 80 16 41 36 182 41 207 35 132 146 162 196 237 8 8 96 193 128 151 249 65 19 66 164 70 3
68 162 140 15 138 11 32 168 86 177 130 74 209 96 200 194 113 70 106 184 35 80 207 61 28 34 103 116 185 104 17 32
36 160 4 153 203 195 160 200 22 176 192 11 228 192 96 0 121 152 106 16 2 83 75 17 29 130 143 125 177 8 21 130
173 98 120 101 100 14 111 56 96 174 247 76 83 1 147 17 88 204 68 110 232 182 205 12 198 233 97 16 97 187 82 160
1 176 149 219 201 173 176 91 190 25 97 84 156 211 72 188 165 27 122 24 19 72 154 81 13 154 26 110 216 64 131 162
65 0 135 157 12 6 164 104 246 130 194 66 80 224 32 230 120 228 42 168 32 241 131 76 21 34 195 0 17 104 112 32
81 32 134 133 10 10 40 64 236 128 194 66 212 162 80 86 96 196 106 156 1 209 151 64 156 34 207 0 8 32 35 4
242 36 64 140 79 11 130 96 8 32 176 11 2 8 4 145 232 133 202 35 104 47 81 76 53 0 0 59 65 8 94 138
22 244 140 182 155 99 23 200 22 183 68 49 68 246 75 10 21 95 249 147 54 81 139 51 233 7 77 111 128 113 143 210
81 0 135 157 28 2 96 104 244 128 194 66 80 224 48 226 120 228 106 168 33 209 135 72 21 34 199 0 17 104 112 36
80 48 17 169 9 13 96 72 47 32 162 77 198 146 64 208 232 132 238 0 13 99 219 80 149 176 3 58 72 8 3 2
64 6 151 93 12 66 100 120 244 130 226 66 81 224 161 239 120 228 106 170 41 241 143 13 52 162 231 0 105 248 112 32
102 34 168 18 201 185 145 75 171 247 129 157 142 172 95 26 137 131 233 21 22 111 234 192 153 18 95 127 192 69 143 198
20 164 136 26 146 35 70 232 22 163 136 210 81 227 233 72 17 206 40 186 58 193 77 63 248 134 165 116 176 243 176 0
82 32 151 140 11 75 177 72 174 96 194 3 220 214 96 102 232 221 106 128 1 211 131 192 149 32 11 3 16 4 39 230
181 93 227 94 138 115 70 252 208 194 168 248 115 228 189 181 31 246 68 106 233 231 46 47 50 174 101 184 125 251 66 61
34 176 145 250 203 225 177 207 158 117 97 185 172 151 104 8 203 27 163 17 19 74 90 209 93 16 30 127 144 72 135 250
112 32 74 128 13 89 96 64 111 96 182 137 143 130 22 20 106 132 238 8 12 99 213 208 213 176 3 49 97 8 79 100
2 2 46 152 77 211 177 72 166 4 194 3 196 198 32 66 232 124 235 129 0 211 162 208 85 34 139 11 16 8 53 230
84 133 19 62 146 130 6 172 118 2 234 80 115 224 168 112 17 198 104 106 123 201 15 63 184 166 5 84 112 242 160 0
33 32 8 137 79 93 160 72 14 160 244 10 146 212 66 112 72 156 234 128 8 115 223 144 213 1 139 57 81 8 18 162
64 34 18 129 13 13 96 64 237 44 242 13 142 131 0 80 232 132 110 0 4 99 211 192 213 176 131 59 8 8 103 2
97 130 148 223 12 3 4 168 198 19 128 106 242 224 140 230 73 198 106 10 43 99 79 125 156 50 71 30 24 104 40 36
48 34 18 129 79 9 176 64 44 36 242 239 199 136 0 16 104 140 110 0 12 243 193 192 212 160 3 57 65 8 71 130
214 168 148 178 9 237 16 202 171 179 128 25 174 218 65 158 129 245 233 17 14 71 218 241 153 210 91 123 128 5 15 14
252 81 60 230 45 12 92 184 161 184 159 72 95 123 9 211 164 213 125 110 200 67 154 140 243 249 229 188 34 179 72 35
137 16 188 97 228 46 249 23 124 251 119 84 159 57 220 43 149 20 22 60 177 244 113 2 79 155 116 68 202 200 209 161
1 138 22 219 252 141 96 23 222 25 96 84 174 128 32 228 197 42 34 12 183 248 82 181 141 186 18 72 90 136 201 141
112 32 7 169 77 11 96 72 94 172 210 75 194 147 64 64 120 140 110 0 8 243 195 144 149 160 131 51 48 8 116 162
12 232 20 27 9 217 48 136 174 21 64 1 236 198 106 196 145 91 234 82 70 68 138 49 13 80 11 111 18 23 13 206
80 32 74 5 104 73 97 72 239 164 162 169 206 130 198 18 168 196 238 1 12 99 207 64 148 176 3 59 64 4 79 102
40 32 69 169 13 75 65 72 14 164 180 138 135 133 66 68 72 156 238 0 12 99 239 144 213 145 131 49 112 8 22 226
53 124 142 22 204 50 70 184 208 242 98 100 115 240 255 43 89 102 96 46 253 243 159 42 40 47 101 4 237 249 120 84
17 32 11 233 86 15 161 88 118 32 114 66 81 193 48 32 120 12 2 12 32 242 21 28 85 170 3 0 97 136 113 160
204 180 183 26 145 230 23 175 58 87 15 16 108 247 104 84 147 91 160 18 50 216 186 119 107 54 21 71 130 119 133 114
33 48 79 137 78 79 224 88 124 96 114 70 149 131 32 96 122 140 98 140 5 243 247 192 87 160 2 0 105 136 103 242
145 65 101 69 52 26 238 48 117 64 114 194 209 2 149 229 126 196 30 238 233 180 101 204 36 170 226 128 111 187 112 36
80 32 22 12 41 11 161 72 174 164 162 0 214 210 64 82 232 212 106 8 8 243 203 64 209 32 3 49 64 0 39 2
57 32 98 13 75 27 160 72 118 160 228 139 65 192 214 180 120 204 98 140 4 242 255 16 86 43 3 40 115 140 106 196
40 0 46 157 78 195 161 72 22 196 196 163 196 196 34 68 88 124 163 5 2 211 111 157 212 34 139 11 22 12 52 246
164 204 22 94 216 131 6 184 214 26 98 72 114 225 160 213 17 106 32 42 105 254 75 63 40 166 101 16 82 120 64 8
213 67 110 165 6 18 110 48 100 198 210 199 81 2 179 67 118 196 60 239 237 148 5 204 180 42 238 128 45 183 121 84
214 40 146 190 9 237 16 64 171 179 129 25 174 194 65 158 129 177 232 17 14 71 218 209 145 208 91 59 128 37 11 6
245 207 7 30 8 3 7 184 208 162 234 104 115 225 169 81 17 102 96 106 104 247 15 63 112 166 101 28 88 114 2 32
164 140 20 62 153 131 6 168 214 2 104 24 98 225 40 21 17 106 0 42 104 206 10 63 41 134 69 89 80 114 194 10
220 140 146 30 147 218 22 172 118 7 107 16 102 242 40 212 145 74 160 34 114 201 11 63 169 231 21 71 210 114 173 14
125 239 66 102 158 19 71 248 64 226 188 206 83 96 219 146 91 198 76 238 233 99 205 46 250 207 229 60 111 251 250 16
17 0 71 221 92 131 104 104 86 160 194 194 193 224 176 228 120 124 42 168 41 208 77 156 132 162 195 0 52 136 48 164
33 50 15 201 76 15 224 88 86 104 114 71 209 129 160 96 120 140 106 140 129 240 85 144 85 32 163 32 57 136 112 176
96 162 132 173 44 11 64 136 111 184 176 104 199 32 192 86 201 196 108 8 10 99 203 17 148 176 3 60 24 168 82 4
104 32 67 5 75 25 160 64 110 160 226 74 202 130 68 246 104 196 234 136 0 115 197 80 149 32 131 49 99 4 99 164
51 32 0 137 79 29 160 72 14 160 176 11 142 152 70 164 232 136 234 5 12 99 207 208 149 65 139 59 81 12 27 134
9 34 68 13 104 26 96 64 110 32 226 224 195 130 144 214 106 68 110 12 132 241 205 80 148 32 163 48 110 136 91 132
28 172 150 62 155 159 22 172 118 19 65 17 102 242 42 212 145 74 160 0 54 72 11 63 168 230 21 79 210 100 137 6
112 32 24 161 12 13 104 8 46 32 162 72 151 3 0 80 192 141 108 0 12 67 201 16 213 225 163 49 8 0 75 2
240 67 4 188 40 8 68 0 169 58 163 217 135 130 193 223 192 164 108 78 72 71 195 0 144 240 80 24 8 185 90 4
97 34 0 152 44 9 72 8 239 168 176 104 199 194 192 86 200 196 110 136 8 99 199 80 156 176 167 56 72 136 66 0
32 35 24 229 52 15 75 16 100 40 254 72 215 3 0 80 82 204 76 108 8 176 65 12 228 237 34 16 104 138 74 0
33 32 22 25 106 155 176 72 254 164 224 137 192 192 230 16 122 44 106 12 4 243 207 80 84 32 3 41 81 12 43 132
8 0 7 169 109 91 160 72 134 32 194 131 196 196 32 192 232 28 234 5 0 211 195 144 213 99 139 17 18 12 53 224
89 48 30 140 11 22 49 72 166 0 230 0 94 151 34 114 104 212 234 128 8 195 179 80 213 161 3 9 34 0 41 50
41 34 13 9 76 95 225 88 118 236 244 40 210 132 210 52 120 12 106 12 1 242 235 16 84 33 163 32 83 8 86 240
17 16 15 137 78 23 161 88 86 96 214 230 209 196 162 100 120 140 106 140 141 211 247 144 20 34 171 0 57 8 48 244
17 50 15 13 74 6 33 88 54 108 194 231 212 134 162 80 120 204 106 132 133 211 167 80 148 34 43 0 40 0 33 213
177 67 113 69 116 10 111 48 85 32 246 66 83 3 144 117 122 204 6 238 233 176 101 12 100 168 160 0 119 186 80 160
189 110 135 54 144 34 70 248 18 162 66 64 83 225 169 187 89 110 32 58 41 211 139 42 168 167 229 52 168 249 58 160
22 164 128 19 155 39 6 200 22 179 64 16 68 242 105 140 145 94 160 48 50 81 155 58 169 6 93 110 144 117 165 38
113 67 88 229 116 11 71 48 101 164 254 8 211 3 144 80 88 204 76 106 72 178 65 28 230 173 161 0 104 170 66 32
65 2 197 133 44 11 104 24 110 160 242 232 215 130 208 230 66 76 110 12 1 224 207 80 132 176 35 16 12 128 75 160
73 34 70 9 44 11 96 24 230 160 226 232 211 128 208 246 74 196 110 12 9 243 197 64 140 58 163 16 14 136 91 0
80 34 26 161 44 9 80 72 239 160 162 73 199 146 64 210 232 197 110 1 12 227 193 192 152 240 139 51 40 8 11 2
134 235 132 144 233 145 180 200 138 188 0 225 204 226 75 130 145 73 234 81 70 67 138 113 12 16 79 239 136 38 11 135
81 48 23 129 11 15 48 72 174 224 226 13 206 150 64 214 232 213 234 0 13 211 209 192 157 48 11 50 8 4 35 22
72 42 118 149 74 154 104 2 236 164 226 163 205 130 146 86 98 229 110 12 4 217 133 192 212 98 3 1 38 132 39 4
65 34 4 137 44 11 224 24 110 168 242 224 215 128 208 194 98 196 110 12 1 113 207 16 132 162 103 48 72 136 67 160
4 188 149 27 177 223 55 172 254 91 73 16 230 240 40 244 145 122 160 18 51 88 58 63 169 182 21 110 208 71 133 39
82 32 151 173 11 9 48 72 175 160 226 107 206 210 64 214 232 213 238 0 12 227 203 208 148 240 11 26 0 12 43 6
82 34 30 140 15 7 176 72 174 8 210 99 196 210 32 194 236 213 235 129 12 227 131 208 148 32 139 27 16 8 41 131
80 0 6 141 13 14 96 0 100 32 194 67 194 131 0 66 104 196 106 136 8 225 197 192 213 162 130 17 32 8 113 2
242 84 18 156 79 201 150 104 139 146 176 43 46 218 101 145 200 177 207 35 110 39 26 219 177 16 11 63 17 120 15 14
2 18 23 201 79 195 176 72 190 0 242 70 204 195 36 68 120 189 234 128 0 243 147 208 23 32 139 11 25 8 39 150
82 32 23 152 11 15 176 72 175 176 178 139 206 198 36 198 236 213 238 129 12 67 203 208 149 242 11 63 81 12 35 134
48 0 7 169 79 199 160 72 182 68 210 3 68 207 32 64 120 236 42 132 5 243 147 208 21 34 139 8 57 8 53 210
132 204 140 31 204 160 167 174 218 159 0 16 240 224 149 75 1 98 42 11 98 76 239 43 108 50 93 24 144 121 145 200
25 0 6 141 10 18 40 72 54 32 194 194 216 50 160 228 120 196 122 140 5 209 69 204 150 42 203 0 42 164 41 132
64 10 198 157 40 130 104 6 246 4 226 161 169 162 178 66 98 230 110 140 4 217 7 236 22 50 242 1 0 164 105 12
229 198 204 31 202 3 71 189 214 63 33 252 97 96 154 51 19 70 104 110 246 108 111 63 108 42 117 28 113 240 194 141
80 48 30 172 11 79 48 72 238 8 194 38 204 210 34 82 224 213 234 0 5 241 147 192 149 160 3 3 8 0 41 6
51 50 62 136 77 143 160 72 255 40 242 98 204 218 36 100 248 237 106 129 4 243 195 208 149 50 11 51 65 8 35 135
81 2 30 132 10 26 40 64 237 36 198 198 204 130 162 214 102 197 238 140 4 209 133 192 148 34 10 0 40 0 41 4
18 48 31 156 11 214 176 72 166 64 194 35 196 214 34 198 236 253 234 128 9 211 187 208 145 34 139 3 16 40 45 246
114 32 6 140 77 15 160 72 175 168 242 75 204 218 100 134 232 205 127 133 12 195 195 208 149 48 139 186 81 12 51 6
198 102 148 148 203 2 44 136 186 178 130 202 196 98 73 159 51 69 104 167 96 71 203 64 156 50 79 62 128 116 11 4
135 141 118 89 164 182 94 178 253 2 62 16 75 107 188 117 135 131 20 106 188 160 40 236 226 251 64 131 246 241 200 5
69 134 237 31 138 11 133 188 214 119 129 252 192 96 222 79 23 70 104 46 243 97 239 117 44 34 117 252 213 240 213 100
101 46 143 31 140 2 5 184 210 182 66 64 112 225 249 75 81 102 104 62 176 209 175 40 104 34 229 4 193 121 112 224
36 140 14 30 152 139 6 184 214 146 98 72 114 225 168 81 81 102 96 42 97 240 11 63 40 163 101 0 112 248 64 1
96 32 132 173 78 11 160 72 54 160 224 203 130 128 64 2 120 204 98 5 0 114 207 16 28 0 143 56 97 40 19 130
84 141 0 62 146 3 6 168 118 163 168 216 67 98 168 80 17 70 32 42 122 195 13 63 184 166 5 84 177 242 162 32
20 160 5 185 218 3 32 200 22 176 192 10 213 194 96 0 121 76 98 24 10 82 75 29 156 130 7 124 48 8 32 128
20 164 148 30 154 131 6 232 86 3 66 0 119 224 40 208 17 78 32 42 58 209 15 63 168 166 5 76 240 98 160 0
215 66 206 165 6 2 110 48 96 198 210 199 81 2 147 83 118 196 61 239 237 148 133 72 244 43 239 128 45 183 121 80
194 188 189 90 137 249 21 143 186 119 36 24 190 244 70 63 129 115 232 16 51 76 250 51 77 19 93 123 208 80 135 126
177 65 101 69 52 91 239 48 100 64 242 66 211 1 148 229 122 196 6 234 233 180 101 12 38 170 160 0 103 186 112 160
20 166 132 23 154 3 6 200 22 179 66 64 69 224 73 10 17 78 32 62 122 208 143 58 168 6 77 108 160 112 48 0
6 164 148 23 139 23 22 200 150 187 0 0 196 240 73 142 145 95 232 51 50 83 139 58 41 6 77 47 130 116 21 166
65 162 140 29 10 2 33 136 246 176 192 196 240 226 200 82 81 76 106 136 2 66 207 17 76 34 239 60 56 32 3 160
113 130 148 140 44 9 64 136 79 56 128 104 230 98 200 214 201 196 108 0 10 99 207 17 152 178 195 62 24 40 16 4
164 70 125 69 100 11 111 48 112 174 246 12 211 1 149 17 90 204 70 110 232 182 101 14 102 169 97 16 103 187 86 160
129 180 189 65 164 46 237 31 120 123 54 84 151 57 220 43 149 20 53 60 177 252 241 66 79 155 118 68 200 200 209 97
120 34 148 165 44 9 64 0 47 160 178 73 207 2 64 146 130 197 108 4 8 96 193 0 152 209 7 48 72 128 75 4
113 34 130 141 40 8 72 72 239 168 162 72 195 194 192 214 200 196 110 136 9 195 199 64 152 176 143 24 8 0 35 4
21 162 140 13 154 11 32 232 118 176 194 78 81 224 216 66 113 196 106 184 35 209 207 29 28 34 229 116 185 168 16 0
6 174 156 159 217 135 54 168 150 23 64 51 100 250 44 65 209 127 171 130 54 200 11 255 47 118 221 67 144 112 165 6
96 34 16 161 44 9 64 8 111 56 176 72 143 2 192 214 201 196 108 8 8 98 201 144 148 240 33 60 88 136 82 5
97 34 5 13 44 9 64 8 110 168 176 104 199 194 208 214 200 196 110 8 11 99 207 17 156 176 39 56 72 136 90 4
52 162 150 117 157 139 66 232 87 176 98 8 99 233 84 148 145 124 96 48 42 240 139 31 9 150 69 117 224 40 90 130
206 232 16 27 75 217 50 136 174 21 1 41 236 214 75 198 129 59 235 82 70 69 138 113 45 16 15 127 18 6 13 78
160 38 16 140 75 35 150 107 138 174 176 11 4 131 35 130 200 149 202 35 72 39 64 218 17 0 11 59 81 120 15 138
38 176 149 250 203 237 177 207 158 57 33 56 156 223 104 42 139 27 211 144 19 74 218 209 29 144 31 127 208 72 135 178
64 162 140 5 10 11 160 200 118 176 130 74 208 128 80 2 57 204 106 152 1 241 207 92 28 34 103 52 105 40 17 160
64 40 83 145 78 201 224 66 239 32 242 139 143 130 16 80 106 173 110 0 4 249 197 208 148 48 3 33 101 128 71 130
2 34 46 153 77 135 177 72 166 4 198 135 196 194 34 66 200 116 235 1 0 195 219 209 85 34 203 27 16 8 53 194
40 32 5 137 77 11 160 72 46 160 226 11 210 145 64 192 104 156 106 0 8 114 223 144 213 0 139 56 81 8 19 130
181 110 143 94 152 50 70 248 82 226 70 248 83 224 169 187 89 238 32 46 185 242 45 46 168 167 101 20 233 249 178 32
242 15 2 36 69 47 196 98 41 38 250 27 2 8 4 145 232 133 199 99 56 179 81 110 177 34 80 19 65 89 222 130
1 154 22 219 61 141 96 119 254 25 98 84 174 176 36 68 193 42 42 12 183 232 19 253 5 186 82 74 24 8 217 140
80 2 143 77 12 2 32 120 118 128 226 66 209 224 128 230 112 68 106 168 1 241 167 12 20 162 231 0 33 104 120 32
184 77 74 163 52 139 70 52 52 6 126 129 247 33 2 16 90 168 4 106 104 176 81 47 226 231 32 1 100 155 206 130
245 78 239 94 152 50 70 184 82 226 226 232 115 228 189 179 29 246 36 46 233 243 47 47 50 239 101 16 225 241 66 53
80 34 18 161 44 9 224 64 46 36 178 137 143 130 0 16 106 141 110 1 12 113 197 80 212 176 3 49 64 8 71 130
81 34 142 133 10 10 96 64 108 160 194 66 212 130 144 114 104 196 106 136 1 211 133 64 156 34 143 0 40 32 43 0
69 176 146 146 233 189 176 202 234 187 33 28 140 210 72 190 129 11 106 28 23 71 154 80 13 152 91 110 202 65 11 134
14 172 148 26 145 243 22 172 190 147 66 17 236 242 104 220 145 75 160 18 54 88 139 63 41 118 85 103 146 101 137 14
16 34 22 141 10 2 176 72 174 40 194 99 196 195 32 64 232 149 110 128 12 195 131 208 144 32 170 19 16 8 41 3
88 34 22 173 11 10 32 72 174 160 226 32 206 131 64 86 232 205 110 136 8 211 195 64 212 160 11 19 0 0 33 2
40 32 38 25 77 147 160 72 86 164 240 11 65 200 54 144 120 236 98 13 14 115 223 17 85 41 3 41 81 12 122 134
58 0 38 157 79 211 160 72 150 4 196 131 68 196 34 196 120 124 171 1 0 211 95 145 149 34 203 11 54 12 60 230
36 160 22 153 203 135 48 200 22 176 192 10 196 210 96 128 89 28 226 16 2 83 91 29 29 130 15 127 16 8 41 130
4 172 150 27 153 159 22 168 182 19 64 17 230 226 106 212 145 106 234 16 54 64 11 63 41 182 85 111 208 36 137 14
80 2 135 141 76 2 97 104 116 128 226 66 80 226 32 82 120 204 42 136 1 243 131 12 20 34 227 0 41 40 112 128
121 142 135 62 26 34 7 184 82 226 110 232 115 225 169 117 17 110 32 46 105 242 173 63 224 166 101 20 120 248 2 32
65 34 0 129 44 9 96 8 110 168 178 72 223 130 144 150 200 196 110 12 9 97 205 80 148 176 35 56 72 136 75 4
32 176 23 153 75 207 160 200 22 176 224 10 68 208 96 128 121 28 234 16 2 83 91 17 29 128 15 63 16 8 37 130
70 160 132 23 203 67 53 200 146 183 128 9 228 246 75 14 145 95 251 147 50 67 155 57 77 2 77 127 128 116 55 210
48 32 14 125 92 139 225 88 86 164 244 2 83 193 160 0 121 236 34 168 42 242 75 29 84 163 35 37 123 136 106 130
17 0 15 205 6 91 97 72 86 160 194 66 195 224 176 100 120 76 42 8 9 240 109 156 148 162 195 0 49 136 112 164
14 188 148 27 177 221 54 172 190 83 67 16 238 246 78 244 149 91 160 18 55 216 187 55 41 118 85 103 210 101 141 94
33 32 15 109 74 15 96 72 102 128 226 74 211 145 64 114 104 220 106 136 8 242 219 16 21 168 3 40 97 8 98 160
1 32 71 225 70 15 224 64 118 32 226 66 209 145 80 96 120 140 106 140 129 240 215 144 212 170 163 0 121 136 113 160
104 34 80 101 36 9 112 16 41 8 178 105 143 9 4 146 130 197 236 0 8 98 192 0 134 249 32 19 66 128 70 3
114 34 2 5 79 25 160 64 111 168 242 74 138 130 68 150 104 204 234 128 4 115 197 192 148 48 131 51 67 12 107 132
24 32 4 161 15 27 160 72 14 160 242 139 143 8 64 192 232 141 238 1 12 240 77 144 148 193 11 51 116 12 27 134
33 32 46 137 76 27 160 72 86 96 198 130 209 148 176 96 88 140 122 140 8 210 255 144 84 43 131 0 48 136 56 160
8 32 2 169 79 139 160 72 238 36 242 131 133 200 48 196 104 172 106 5 0 179 199 208 148 32 11 57 85 12 33 132
16 32 6 169 15 91 32 72 134 32 194 131 199 193 32 192 104 28 235 1 12 211 199 144 151 98 139 27 16 12 61 130
117 52 238 54 158 34 6 248 82 226 114 254 83 248 147 43 89 108 96 63 189 243 143 42 120 46 101 4 237 249 248 17
124 71 22 166 44 8 70 32 169 28 187 9 207 34 131 215 128 228 108 110 76 3 195 172 178 249 96 25 10 255 74 5
50 32 132 141 75 75 161 72 54 180 224 139 6 192 64 2 121 204 226 17 10 83 219 16 29 0 15 61 65 40 23 130
14 188 150 83 145 254 55 172 190 215 71 16 236 246 109 252 145 91 160 18 50 216 187 127 41 22 95 103 146 117 133 126
88 2 7 132 13 14 96 64 109 40 226 71 202 131 0 214 104 196 110 128 8 67 193 192 148 34 130 16 10 12 113 2
17 50 11 137 74 7 33 80 52 100 194 231 208 130 162 96 124 140 106 132 129 146 231 64 148 32 138 0 33 0 33 244
41 32 11 137 76 95 161 64 110 96 246 10 146 132 144 228 104 12 106 12 1 179 229 208 85 33 131 32 81 8 85 224
88 32 26 136 73 81 112 64 164 32 230 2 152 147 34 112 104 156 106 128 8 147 209 192 213 161 138 9 32 0 34 2
73 34 64 137 44 25 104 64 109 32 178 236 143 2 146 212 106 132 110 12 4 35 197 192 148 48 163 48 68 140 75 4
81 32 24 161 44 8 97 0 126 32 226 8 215 18 2 80 242 133 108 0 12 210 193 18 212 165 35 17 32 2 11 2
178 20 18 188 13 201 212 111 155 162 176 59 46 250 36 148 216 177 197 33 108 39 90 223 177 144 75 59 89 104 15 6
109 162 197 29 168 27 4 168 102 243 130 252 211 96 218 254 3 70 104 28 11 64 239 17 140 34 229 52 142 244 154 100
100 46 236 31 206 34 133 188 82 247 246 238 241 224 219 11 27 102 104 62 160 226 239 41 108 43 117 156 229 249 84 233
96 32 72 168 77 73 96 72 15 32 176 40 131 20 0 80 72 148 110 0 8 99 195 144 213 144 129 57 81 8 86 34
96 34 75 232 76 9 224 72 52 32 242 106 66 129 32 80 120 156 110 128 8 243 67 192 21 128 163 40 113 8 116 162
64 50 5 161 74 11 160 72 46 32 242 239 214 129 64 64 104 140 106 128 9 243 195 80 148 160 3 16 104 8 35 146
56 39 89 97 116 11 99 48 37 36 126 8 211 1 128 16 122 140 6 108 8 176 65 14 228 173 33 32 96 138 66 32
16 48 23 141 72 78 161 72 238 36 226 69 198 147 0 82 232 196 110 0 1 241 145 80 149 32 3 50 64 8 71 226
80 34 6 5 74 10 160 64 110 164 226 199 205 130 16 82 98 205 106 132 4 211 135 64 148 34 3 1 41 0 43 132
18 32 190 157 10 210 49 72 182 148 198 0 212 246 34 98 248 125 106 128 14 195 187 93 149 35 139 15 16 32 45 230
18 34 143 157 8 195 161 72 166 36 194 2 196 214 96 118 232 245 106 129 8 195 163 192 149 50 139 27 0 0 37 230
18 160 207 63 26 195 162 200 54 164 64 133 97 224 116 0 25 110 98 149 38 210 159 63 12 38 205 36 101 32 115 128
206 233 148 147 139 217 178 132 174 53 0 177 236 198 74 206 131 91 235 83 86 73 202 113 45 16 31 111 130 23 143 198
76 174 134 159 219 155 172 168 158 183 70 129 236 226 99 207 19 102 234 14 38 193 207 253 108 50 79 45 150 228 13 132
245 175 236 118 150 34 71 184 82 134 174 254 115 97 155 17 57 198 36 238 248 226 237 47 248 175 229 156 229 251 242 112
89 32 19 137 75 77 96 64 45 32 242 9 142 146 0 208 232 133 238 0 5 115 209 192 149 176 3 58 72 12 35 18
87 34 133 149 139 2 140 136 186 182 130 206 196 226 197 159 49 69 232 166 101 67 207 192 152 50 207 62 130 116 11 4
84 174 150 62 153 2 70 168 186 154 98 77 102 227 72 147 145 111 96 33 40 240 139 47 168 166 69 10 200 112 106 2
156 69 90 175 52 10 94 180 53 6 255 1 223 99 43 208 82 130 140 106 108 176 1 47 226 231 32 17 122 251 200 0
130 184 24 26 75 217 50 232 174 20 132 9 172 214 107 148 129 49 202 67 70 71 218 87 141 16 15 63 16 38 15 150
20 164 132 21 154 3 6 200 86 178 64 64 65 224 73 10 17 76 96 48 42 208 139 27 168 134 69 116 160 112 18 128
32 32 5 141 78 11 160 72 38 160 232 75 130 128 64 18 104 204 106 1 0 243 193 16 20 4 11 48 97 10 18 128
48 33 1 137 74 11 34 72 6 160 200 74 193 194 96 0 89 76 106 24 10 146 75 29 156 134 133 52 48 10 32 128
53 133 150 12 154 3 6 168 86 33 234 136 99 96 40 80 17 206 104 58 24 147 15 31 184 166 5 84 176 98 32 0
213 64 204 165 38 26 110 16 120 194 82 198 217 34 147 123 118 197 60 239 237 212 213 200 228 235 235 128 45 243 121 20
66 188 189 91 137 253 21 135 186 119 36 24 190 246 66 63 129 115 249 16 51 76 250 51 77 19 93 123 208 80 135 126
226 6 18 140 73 103 148 110 140 38 160 27 6 162 34 149 200 149 202 32 40 39 64 222 145 16 74 59 80 104 15 130
185 67 103 69 36 91 239 48 116 96 242 66 211 1 149 229 122 196 14 106 233 180 101 12 36 170 224 0 111 186 80 32
117 174 237 127 150 2 71 248 18 182 230 254 115 97 153 51 61 206 36 174 248 242 175 47 248 174 229 148 229 248 242 112
165 70 237 69 100 47 227 16 117 174 247 72 211 33 149 63 88 196 70 110 233 180 101 10 71 187 97 16 103 251 86 160
169 132 188 97 228 46 253 151 124 63 54 84 154 57 90 43 145 6 50 60 178 252 113 2 79 219 116 68 202 216 208 170
181 134 206 118 144 35 71 248 82 242 230 252 83 225 251 57 89 230 36 46 249 243 15 46 248 143 229 20 237 249 250 0
113 34 1 168 44 12 72 72 109 136 178 76 131 130 0 86 200 196 110 132 12 99 195 192 144 176 131 24 72 0 98 4
53 38 207 126 154 50 70 248 82 226 226 236 115 224 185 185 17 238 36 46 233 243 47 46 186 239 101 20 233 249 82 33
70 168 142 31 153 219 164 168 190 182 134 129 228 224 102 66 145 102 234 0 36 65 219 125 15 51 207 59 144 96 13 198
230 96 241 214 107 104 16 202 171 183 161 185 14 255 77 27 143 213 253 17 10 71 202 192 27 18 93 191 129 117 6 243
6 176 149 211 203 233 176 75 158 57 49 56 156 223 104 174 139 27 211 16 19 107 218 209 13 144 31 127 208 72 135 163
16 32 46 141 13 71 161 72 166 4 194 3 196 193 32 66 232 92 107 5 0 227 83 208 213 34 139 25 16 8 53 226
61 134 135 94 154 2 71 248 82 130 194 236 115 225 169 177 17 238 36 46 233 243 175 63 176 231 101 20 250 248 82 33
178 6 18 140 73 47 148 103 25 38 248 27 6 0 38 145 200 149 202 33 44 171 81 78 177 50 88 59 81 92 174 138
64 40 67 181 78 201 160 66 174 160 242 234 167 130 64 210 106 254 106 128 0 251 134 96 148 32 19 32 101 8 103 138
121 6 135 62 10 3 71 248 86 130 230 236 115 225 169 117 17 110 36 46 233 243 175 47 240 230 101 16 122 240 18 32
64 32 19 137 74 76 161 72 174 32 226 2 148 150 0 84 226 141 106 132 1 211 211 80 149 32 3 2 1 0 39 224
1 136 28 155 157 141 96 143 254 17 64 20 190 176 48 192 193 10 106 28 55 104 83 245 13 58 86 74 24 8 201 142
17 32 7 161 72 11 224 64 44 32 226 139 215 131 0 144 104 140 106 12 8 243 209 64 148 160 3 48 105 8 3 0
32 34 94 169 76 11 224 64 54 32 242 202 83 129 32 80 120 156 106 0 0 242 81 144 84 129 163 32 121 8 120 128
64 34 81 161 74 9 96 64 45 32 242 205 143 2 0 80 106 141 110 5 0 243 197 64 148 176 3 48 105 0 35 2
178 140 246 83 149 168 126 135 253 23 123 19 107 105 60 81 235 195 4 0 62 176 29 227 43 222 198 3 231 216 220 6
80 34 18 161 75 8 96 64 45 44 242 98 206 131 0 212 106 133 110 128 8 195 129 192 148 224 10 27 32 0 41 0
40 32 6 137 77 95 160 72 198 44 240 11 130 136 54 132 104 140 234 1 12 227 219 208 85 32 131 59 83 12 126 134
50 32 14 137 79 211 160 72 134 36 212 3 192 192 50 64 104 188 235 129 8 227 219 144 213 32 139 59 17 8 61 134
87 162 197 5 138 11 141 168 110 247 130 252 194 96 220 111 3 68 108 190 187 97 239 85 140 18 77 244 196 224 195 100
78 160 134 22 203 67 53 232 146 182 68 9 196 246 75 14 145 126 249 19 2 83 187 48 89 2 207 127 130 116 23 198
194 172 0 152 25 157 154 104 170 180 128 9 172 194 74 150 145 97 201 33 102 71 218 95 185 20 11 127 0 38 15 70
88 32 145 165 40 9 64 0 47 160 162 201 207 2 192 146 130 197 108 4 12 96 193 0 156 209 39 48 64 128 67 0
5 48 150 18 201 189 176 202 238 179 33 28 140 210 72 190 161 11 106 28 23 103 154 80 157 24 83 110 200 65 11 134
48 34 15 201 76 11 225 88 86 36 246 2 210 129 160 68 120 140 34 136 8 242 75 28 84 162 131 0 121 136 116 160
17 2 15 201 76 67 225 72 86 0 210 66 208 192 176 96 120 140 106 136 9 179 103 208 20 34 131 0 49 8 112 164
32 32 2 201 76 9 160 72 102 32 242 74 147 145 0 0 104 140 106 136 8 243 195 80 149 160 131 40 113 8 98 162
81 2 6 173 104 2 40 72 164 4 194 231 196 130 34 210 236 205 106 133 4 211 195 192 148 32 138 8 0 8 41 0
178 28 16 188 75 237 84 107 155 22 176 25 46 250 36 157 136 179 196 1 62 47 90 255 145 210 89 59 88 108 142 6
97 130 1 173 44 9 64 136 111 56 178 108 199 34 192 214 201 196 108 0 14 98 203 145 132 240 129 62 24 8 82 5
14 168 150 18 137 211 54 136 158 183 68 0 204 246 107 140 145 127 233 16 50 80 187 59 9 22 79 111 130 116 37 230
115 34 3 133 73 25 160 64 110 160 242 110 202 130 68 214 232 204 234 128 13 243 193 192 148 240 139 50 75 12 123 132
88 34 4 169 13 11 64 8 111 32 130 67 207 10 64 196 232 141 238 1 12 240 197 144 132 241 11 19 40 12 25 4
17 34 143 77 8 22 96 88 246 160 226 70 81 162 160 98 120 196 106 136 129 241 167 8 20 34 230 0 33 168 112 32
34 162 134 28 73 159 176 200 150 184 192 41 224 216 96 134 217 110 235 1 6 99 203 29 31 50 5 63 88 44 62 134
80 128 158 61 10 6 176 200 182 144 194 1 116 243 32 64 113 125 107 129 0 211 139 29 93 34 111 13 16 32 37 130
117 182 238 21 142 2 71 248 86 243 198 230 83 225 211 43 89 204 96 47 169 240 207 10 120 47 229 4 237 248 112 17
253 67 22 166 173 28 84 32 233 24 161 73 15 98 11 219 128 229 108 110 76 99 130 160 179 249 100 58 2 63 75 5
48 164 71 93 24 131 98 248 86 160 226 196 82 225 32 1 89 108 98 40 42 242 95 31 106 166 5 4 112 136 112 160
120 34 17 161 44 13 64 0 107 168 178 72 143 0 192 210 128 197 108 12 13 98 201 16 140 241 37 48 72 136 74 0
112 34 20 61 74 11 32 72 118 180 226 76 194 225 64 80 89 76 106 8 10 242 203 17 156 162 37 44 121 8 122 128
87 34 133 5 139 26 4 8 34 182 130 204 195 226 197 158 3 196 236 150 13 193 239 136 140 242 207 190 142 116 19 68
64 32 7 169 78 11 32 72 54 32 194 203 199 195 32 64 120 156 106 0 12 211 211 144 148 160 139 9 48 8 49 130
96 32 22 105 75 3 32 72 102 32 226 1 64 147 32 80 104 156 106 128 0 211 195 80 21 160 131 11 33 0 34 130
0 32 22 73 75 11 160 72 102 32 226 2 192 131 0 208 104 140 106 136 0 243 195 80 21 32 3 35 97 8 99 162
0 32 6 73 77 15 160 72 110 32 242 2 194 129 32 96 104 12 106 8 0 243 195 80 21 32 3 33 65 8 115 130
33 32 14 137 76 11 160 72 246 32 194 2 208 208 48 96 120 140 106 140 8 211 215 144 213 32 139 16 16 8 48 128
14 188 148 91 153 215 54 168 190 243 68 16 236 246 111 252 145 123 160 16 54 80 187 127 47 86 95 111 146 117 141 22
120 34 88 101 32 12 120 16 41 8 178 105 143 11 0 146 166 197 236 4 12 96 192 0 134 249 32 17 104 128 74 1
4 141 190 239 228 2 239 184 84 6 127 0 245 99 184 97 23 94 51 107 224 176 41 43 108 175 231 132 212 243 229 160
48 162 150 21 25 139 96 232 54 180 98 72 98 224 68 144 145 108 98 48 40 241 139 29 8 162 69 39 72 32 90 130
17 34 143 5 8 10 96 64 228 160 194 66 209 130 144 114 104 196 106 136 133 209 133 64 20 34 167 0 41 32 123 0
68 140 158 190 154 130 150 232 150 147 66 1 100 235 40 65 209 127 43 161 34 209 139 63 104 166 111 12 144 96 33 2
112 162 150 61 91 130 0 232 54 176 98 77 102 225 64 212 145 108 96 32 43 210 219 29 152 162 69 14 104 32 42 130
104 34 17 169 44 13 64 8 47 168 176 76 135 2 128 212 200 132 110 12 9 98 201 16 132 241 35 56 72 136 74 1
53 6 239 94 136 54 70 248 82 202 224 204 115 228 189 179 29 238 36 46 233 243 175 47 56 175 101 144 233 248 82 48
125 162 237 117 140 3 109 184 86 254 214 238 211 225 217 43 93 196 108 60 184 210 239 8 76 43 229 252 229 248 112 97
17 32 14 201 78 15 96 72 118 0 226 66 211 129 96 68 120 140 106 140 8 243 195 16 148 168 131 0 113 8 120 128
66 140 148 147 233 252 188 135 190 183 2 17 172 190 70 207 129 87 235 17 54 88 219 225 45 50 95 71 128 84 141 158
87 207 4 194 148 48 78 172 133 18 139 194 97 98 249 230 81 194 24 254 122 1 13 175 184 38 141 212 167 251 184 36
178 12 18 188 137 233 84 102 155 35 176 27 46 238 36 157 200 179 197 1 60 47 66 246 145 146 88 59 81 77 142 22
84 160 132 20 138 3 4 232 22 178 74 8 64 226 64 2 17 76 104 20 2 83 203 25 25 6 77 108 128 98 19 128
96 32 0 13 74 9 162 72 38 160 200 138 132 128 64 144 120 204 106 1 0 51 195 16 148 36 11 56 97 10 51 128
116 165 133 14 154 3 6 168 66 160 138 72 99 224 8 80 16 198 104 98 26 1 143 61 184 38 5 84 240 34 34 0
0 165 18 40 89 129 2 200 6 160 72 8 231 194 96 80 216 40 2 112 10 19 216 31 185 197 5 63 16 10 35 130
205 6 181 229 36 62 106 16 120 234 83 84 221 50 145 251 150 69 124 111 165 212 173 202 132 251 235 132 140 241 65 37
66 188 189 83 137 237 53 143 186 119 36 24 188 54 70 63 133 83 249 16 51 72 251 113 205 19 93 123 192 80 135 126
205 64 69 229 36 90 238 48 116 194 242 64 211 8 149 227 90 196 60 238 237 180 101 136 164 251 226 0 108 187 112 36
178 28 86 186 137 233 84 199 155 31 176 25 46 252 38 157 201 179 229 17 62 111 82 243 145 210 80 59 241 92 142 158
56 37 81 97 112 75 99 112 37 36 234 72 83 3 128 84 122 140 6 104 9 178 97 28 229 172 33 0 99 138 70 224
185 69 69 77 52 75 103 56 101 32 250 72 83 5 148 181 88 140 70 106 105 176 101 28 39 232 33 16 99 170 70 160
178 28 20 190 201 237 80 78 155 31 176 25 46 250 38 157 137 179 197 1 62 111 90 179 145 210 81 59 243 76 142 79
165 70 101 69 36 106 231 48 117 170 246 72 211 33 149 127 88 196 108 106 233 180 101 10 101 234 97 16 103 251 86 160
164 6 236 69 108 43 99 24 113 170 247 24 211 33 145 59 88 196 102 110 168 244 105 10 71 155 97 16 97 251 86 160
169 148 188 97 229 46 253 151 126 59 38 84 154 57 88 43 153 6 50 28 178 252 241 2 79 223 84 68 202 216 209 170
186 174 16 178 233 221 16 238 187 63 128 25 175 134 78 145 131 155 197 17 110 79 10 183 153 211 93 127 144 4 143 79
230 98 225 210 105 233 144 74 171 183 177 185 14 223 77 155 141 209 253 17 10 71 202 192 155 16 93 191 193 85 6 227
38 162 177 218 205 233 176 203 142 53 145 187 140 157 108 142 141 27 203 17 18 107 234 209 29 16 27 127 208 72 135 163
252 98 200 165 120 11 70 184 50 160 160 233 211 65 73 147 29 204 108 122 108 86 205 10 254 193 165 189 32 187 90 0
0 42 31 181 96 143 233 86 188 12 114 64 172 130 176 64 160 47 106 140 0 249 130 96 132 176 26 0 0 128 33 168
117 4 239 124 146 2 71 248 80 234 242 238 115 97 145 49 25 236 116 46 233 243 237 14 120 239 101 148 237 248 114 49
242 172 128 146 25 221 18 234 187 188 128 9 174 214 70 150 129 219 205 81 110 79 218 247 153 16 31 127 0 5 15 94
1 144 20 155 237 205 48 79 222 81 64 20 188 210 40 64 193 11 106 12 23 105 91 213 13 58 18 74 24 8 161 138
178 12 22 42 141 47 84 71 29 7 250 25 66 40 38 153 200 151 198 1 60 175 81 234 177 178 80 19 209 92 238 14
64 34 83 161 70 9 232 64 44 32 242 199 223 2 0 80 42 133 110 140 0 241 197 64 148 160 11 0 104 0 35 128
112 34 18 136 75 73 96 64 45 36 226 42 14 130 128 212 106 141 110 128 12 83 193 192 148 176 130 11 32 0 46 132
112 32 14 169 12 7 176 72 134 40 194 3 208 194 32 64 232 156 107 129 8 131 203 208 213 32 139 57 17 8 52 130
182 140 244 247 133 172 116 135 255 23 122 19 107 105 60 79 233 226 165 144 62 252 26 227 175 222 212 3 231 216 252 14
242 4 18 140 9 111 148 111 155 166 160 25 142 182 39 157 216 177 206 33 44 7 82 218 145 18 91 63 80 124 15 14
26 159 26 206 54 147 182 240 20 12 218 102 104 250 160 64 252 251 135 227 200 187 9 255 242 167 171 131 49 42 60 139
181 14 207 30 142 34 71 232 82 162 202 230 115 224 185 11 89 230 36 46 105 231 15 46 40 174 229 20 173 251 112 32
5 176 156 146 169 237 176 202 238 113 161 20 156 210 108 42 161 11 106 16 23 109 154 80 157 18 19 126 216 65 3 134
241 167 109 101 14 43 207 51 65 226 191 238 115 45 148 51 126 230 124 238 249 250 229 14 246 201 229 176 109 234 82 57
83 34 133 37 41 26 76 8 107 226 130 205 195 32 209 190 129 196 236 149 141 193 239 8 140 242 207 186 142 116 18 68
81 34 7 141 8 6 40 64 164 4 194 135 198 130 34 86 232 197 106 140 12 195 195 192 148 50 138 24 0 8 33 68
101 162 229 85 172 3 77 184 214 251 150 236 209 229 217 43 87 230 124 188 187 194 239 9 76 138 229 252 175 248 80 113
253 81 22 166 137 28 84 248 169 152 169 76 78 251 79 219 166 197 236 98 76 67 154 224 147 249 69 62 42 115 107 3
48 32 7 73 90 11 32 72 86 160 224 194 83 193 32 64 121 12 106 40 42 240 95 29 85 162 33 4 121 136 98 128
17 0 7 141 12 11 32 72 86 32 194 66 80 224 176 96 120 204 106 168 40 241 79 29 84 34 227 0 17 40 112 160
113 150 237 103 52 42 71 50 96 226 251 238 243 33 144 50 30 230 124 46 185 184 229 47 228 238 161 144 109 234 82 57
32 34 14 201 76 11 224 72 230 36 242 10 66 192 160 64 104 140 106 8 8 243 203 80 20 0 131 56 81 8 112 128
134 28 148 87 193 63 180 143 90 187 96 24 132 48 5 143 129 86 160 18 52 252 89 98 45 18 93 71 192 125 129 143
19 34 5 161 13 27 160 64 111 32 242 68 143 2 0 196 232 141 238 5 13 241 197 144 132 240 11 18 104 12 11 132
89 34 5 161 13 27 64 0 109 32 130 69 207 10 16 208 226 133 236 5 13 193 69 128 144 243 42 17 40 12 9 4
66 32 135 12 74 74 32 72 183 160 194 169 70 230 64 86 114 204 106 0 4 83 207 80 20 50 67 43 0 32 39 132
156 199 56 239 164 38 111 188 84 142 94 2 215 115 185 96 55 94 53 234 224 240 41 47 239 239 39 132 52 243 161 161
156 205 90 171 176 202 70 176 53 6 111 145 223 99 42 80 210 138 132 106 108 176 25 63 227 231 32 1 112 211 236 2
112 32 7 169 74 11 32 72 54 32 194 203 193 194 32 208 120 140 106 128 1 210 199 144 148 160 131 40 56 8 48 130
96 32 14 136 76 11 161 72 238 32 194 2 192 192 32 64 104 140 106 8 0 243 195 16 213 32 131 25 16 8 112 130
103 162 133 5 168 11 13 168 110 243 130 236 211 32 220 118 1 196 108 189 155 67 239 17 140 50 205 244 204 96 19 116
194 4 188 21 9 124 176 10 190 183 135 17 204 58 79 79 129 87 249 1 36 197 211 192 7 50 90 19 130 117 13 70
32 32 22 45 75 139 32 72 182 160 226 68 64 194 32 208 120 108 106 0 0 211 219 16 20 162 3 11 105 0 42 130
0 34 22 45 75 11 160 72 118 164 226 0 194 192 0 192 248 76 106 0 0 243 203 16 20 162 3 1 105 8 106 130
97 162 145 173 40 13 64 136 111 188 176 204 199 32 192 86 193 196 108 5 15 98 201 17 132 240 37 62 88 136 83 5
89 34 145 165 33 29 64 16 41 168 178 77 143 10 192 146 136 197 236 4 12 96 193 0 194 209 39 49 72 132 75 1
6 172 148 159 217 143 162 232 158 177 0 17 228 226 72 139 145 107 106 17 54 64 219 119 45 22 93 126 144 112 139 134
231 140 132 22 197 52 134 175 82 179 73 26 224 224 125 47 209 70 34 51 54 82 91 163 45 22 221 71 128 125 144 134
134 141 140 155 145 114 6 175 86 23 75 19 196 98 74 75 209 78 160 147 54 216 91 226 47 54 223 71 144 117 188 6
6 20 132 23 193 118 180 7 59 159 67 17 204 118 76 223 129 95 163 17 54 216 19 226 15 118 94 67 130 68 173 214
181 142 197 30 152 3 71 248 210 178 104 94 115 225 185 1 25 110 32 110 105 230 78 63 40 174 101 60 113 248 210 160
32 162 21 29 74 11 32 200 118 176 226 42 194 193 192 128 89 204 106 8 10 243 203 17 28 130 5 60 112 136 64 128
32 34 64 137 76 9 224 72 110 32 242 106 130 129 0 132 104 140 110 8 8 243 203 208 148 176 131 56 113 8 88 128
2 156 50 158 85 213 186 226 159 76 92 3 236 254 38 68 255 123 179 129 38 154 58 255 39 118 154 139 18 14 53 223
84 85 61 165 184 78 23 184 164 252 139 1 215 55 9 83 128 85 93 99 72 129 89 12 225 161 47 20 32 115 5 115
76 173 144 50 209 141 50 206 50 33 8 9 229 242 72 16 145 107 162 16 18 26 218 51 109 69 15 105 144 66 143 138
34 168 81 26 217 205 162 206 155 21 112 25 44 211 100 148 137 251 2 16 2 58 218 243 29 20 21 106 83 14 198 142
205 4 181 229 36 62 107 16 121 250 19 80 223 50 145 251 148 69 124 110 161 212 169 200 133 251 235 132 138 241 65 37
205 64 125 229 36 90 110 48 124 202 242 64 211 0 145 227 114 196 60 106 233 180 101 136 166 251 98 0 108 187 80 33
67 184 189 83 137 237 53 159 251 115 36 24 188 55 68 63 133 83 121 16 51 72 251 113 205 155 93 126 200 64 135 123
178 4 150 56 137 239 84 71 157 7 242 25 14 184 46 157 200 179 196 17 60 175 82 162 145 242 84 91 211 92 206 70
57 37 85 77 48 75 103 56 100 32 250 96 211 7 128 244 122 156 70 106 105 176 101 28 167 237 33 0 99 138 70 160
229 70 245 69 36 46 227 16 112 174 247 88 211 33 149 127 88 196 108 106 169 244 225 10 69 250 97 16 67 251 86 32
178 140 214 247 133 236 84 199 247 23 242 19 106 249 100 222 233 194 164 144 62 127 89 227 187 222 212 67 227 92 236 14
105 164 184 97 165 47 245 159 122 59 46 20 158 57 88 42 129 78 50 28 178 120 241 51 79 223 84 100 202 216 208 42
246 98 241 118 73 72 148 200 171 191 161 185 14 223 77 159 141 209 237 19 106 71 202 192 147 208 93 63 193 117 71 114
6 160 153 210 205 233 176 203 142 55 145 59 140 220 108 42 141 27 235 17 18 107 234 209 29 16 27 127 144 73 135 162
210 188 56 186 8 253 20 235 186 190 137 9 174 214 79 145 129 187 205 1 46 79 218 127 153 145 15 59 16 0 15 78
178 20 154 188 137 127 148 79 159 175 160 25 142 246 38 157 216 177 206 33 60 47 82 26 145 210 89 59 208 124 143 70
1 40 23 184 69 132 104 87 252 1 98 84 188 131 32 64 224 43 34 140 3 217 18 225 149 178 26 8 8 0 161 168
92 69 30 174 184 26 86 168 237 6 171 9 95 98 43 208 178 197 204 102 108 3 9 47 242 247 36 21 48 243 174 2
49 32 150 29 75 139 32 72 182 176 226 1 64 226 32 80 249 108 106 4 4 211 139 29 28 34 71 7 64 32 34 134
65 176 21 155 237 237 176 75 206 121 33 24 156 210 104 74 129 11 106 17 19 105 218 209 141 18 18 126 152 8 129 130
81 34 67 129 78 9 232 64 44 32 242 194 223 131 128 80 106 133 110 140 0 241 133 64 148 160 42 0 104 0 33 128
112 32 14 137 76 15 160 72 134 32 194 3 214 131 32 64 232 156 107 1 8 227 203 144 213 32 139 56 16 8 48 130
28 85 28 231 180 38 95 190 20 142 126 32 215 115 171 64 87 94 21 106 120 240 9 46 234 239 103 5 176 243 233 35
48 32 7 169 79 11 32 72 54 32 226 130 69 130 32 208 120 140 106 128 0 211 71 208 148 160 139 32 49 8 49 128
81 2 135 13 8 10 96 72 118 160 194 66 83 224 144 68 120 196 106 140 9 209 135 68 148 34 231 0 41 160 112 32
125 85 20 166 139 20 86 248 169 156 169 77 78 250 75 211 166 213 236 98 76 3 154 164 243 249 103 63 34 119 43 3
69 176 149 146 169 237 176 202 238 241 161 24 156 210 73 154 163 19 234 17 23 109 154 80 157 18 19 127 216 65 3 7
17 2 7 205 12 11 160 72 102 32 194 66 209 128 176 64 104 132 106 136 9 241 87 144 148 34 227 16 41 8 113 32
81 32 21 161 37 27 96 0 108 0 210 196 207 2 128 192 226 141 236 133 13 240 197 192 132 241 42 18 12 4 33 4
0 34 14 137 76 11 160 72 126 36 194 2 196 129 32 64 120 140 106 8 0 243 195 208 213 32 131 1 1 8 117 130
32 32 22 189 74 139 176 72 174 176 224 1 198 208 32 2 233 109 106 1 4 243 219 16 21 34 3 62 88 8 3 130
96 32 158 157 72 2 32 72 182 144 194 0 212 227 32 86 88 92 106 136 0 211 203 17 84 162 195 28 16 32 34 160
10 156 51 159 85 197 187 226 31 76 88 3 172 254 36 68 253 123 51 129 34 154 58 255 37 118 154 138 18 12 53 223
218 172 20 186 169 253 20 239 187 63 128 25 175 246 74 157 129 187 197 1 46 79 90 179 153 211 95 127 18 68 143 79
26 95 3 175 22 22 182 112 21 200 218 231 105 106 160 192 124 245 143 226 237 147 13 237 48 36 175 130 57 186 56 17
186 28 148 190 233 237 84 79 155 31 176 25 175 246 34 159 137 179 198 1 62 111 90 179 145 211 89 59 210 92 143 207
252 227 72 101 72 11 79 184 51 160 166 137 211 67 195 19 24 204 108 106 104 214 205 12 236 137 229 52 105 178 82 0
98 32 7 141 73 203 32 72 175 32 224 137 68 194 4 86 232 253 106 128 4 195 207 80 21 48 3 59 16 0 39 132
225 39 237 101 36 11 207 49 64 234 187 238 243 41 208 51 30 230 124 238 249 248 229 8 228 201 229 176 109 250 210 57
134 204 156 23 209 47 166 166 26 179 40 24 228 112 5 11 129 118 34 18 112 252 89 106 45 22 85 34 200 113 139 142
38 140 148 23 220 166 166 175 90 179 67 81 228 248 76 11 145 110 34 19 54 120 203 51 45 54 93 102 128 121 145 134
70 172 156 19 200 252 180 175 190 159 66 17 132 254 78 75 129 87 107 17 54 216 155 99 47 55 94 79 128 80 173 142
80 32 19 201 75 0 160 72 172 0 226 66 200 146 32 116 104 149 106 136 8 211 131 192 149 160 138 10 1 0 33 160
116 166 135 31 136 3 6 232 22 178 194 136 99 225 64 67 17 110 104 186 40 209 207 63 40 38 197 84 224 96 0 32
116 164 135 23 154 131 6 232 54 162 194 136 115 225 64 80 81 236 104 168 40 211 207 63 185 166 69 116 161 96 48 32
14 172 148 147 201 240 52 143 31 183 66 17 236 242 71 207 193 95 160 17 54 216 219 227 45 54 223 71 130 85 157 14
72 48 57 68 1 76 81 0 96 224 36 8 26 23 0 50 0 84 224 8 1 96 176 0 195 233 1 48 66 0 70 34
100 172 133 159 201 194 166 168 146 183 66 16 224 224 9 203 209 102 96 130 50 88 219 63 45 38 221 78 128 112 148 10
10 8 126 248 47 223 185 66 191 76 214 35 172 222 54 228 238 59 191 129 164 185 34 252 215 123 139 131 22 12 61 199
4 172 150 31 219 131 166 232 186 179 64 0 228 242 73 139 177 111 96 17 34 88 155 123 45 38 95 111 136 112 11 142
245 172 134 94 216 131 70 232 82 162 104 24 115 225 9 17 17 238 32 62 120 211 143 63 185 142 69 124 160 242 242 32
4 140 149 191 219 130 38 172 190 147 66 81 100 227 40 211 177 119 160 34 114 216 11 127 44 38 85 70 144 112 129 42
134 6 148 21 201 122 180 7 190 183 3 17 204 38 6 207 129 87 234 17 52 205 67 64 13 50 95 87 192 100 141 198
116 207 133 126 154 34 70 168 146 162 136 72 115 225 41 146 25 230 104 234 121 67 139 46 184 134 101 60 185 115 176 0
186 156 148 186 233 253 84 207 147 31 160 25 175 254 98 159 139 243 199 17 62 79 90 179 155 211 92 123 178 92 142 207
184 69 85 101 16 11 103 48 100 36 238 192 211 3 128 117 58 132 76 106 105 176 101 28 231 233 33 0 99 162 70 160
236 70 245 69 44 42 103 16 121 166 246 72 211 33 149 63 24 196 108 106 169 244 225 10 196 250 97 16 66 249 70 32
154 172 20 186 169 253 84 207 187 63 128 25 47 254 74 157 129 179 205 1 62 79 90 179 155 211 93 127 178 68 143 94
178 148 214 186 137 253 84 199 157 23 240 25 14 252 38 157 137 179 229 16 60 47 82 162 147 247 84 91 243 92 206 206
252 140 214 246 133 236 212 199 215 23 178 19 43 249 102 219 233 211 165 16 62 255 26 161 187 219 212 83 227 92 252 14
246 96 181 242 41 104 212 200 171 186 177 57 14 223 77 27 141 213 237 19 74 103 202 192 145 210 95 63 193 113 7 22
6 160 149 210 203 233 176 203 142 57 129 56 140 214 104 42 137 27 234 17 18 107 202 209 157 144 27 127 144 73 133 163
208 188 56 186 40 237 21 235 186 190 132 25 183 222 75 17 129 59 77 1 46 79 218 55 217 131 63 61 16 64 15 74
176 20 158 188 200 255 84 71 154 47 176 25 22 254 34 27 200 243 198 17 60 111 82 18 209 163 117 59 208 88 142 202
244 225 76 101 72 10 71 184 49 162 166 136 83 3 194 19 24 196 108 110 104 214 205 14 254 171 101 52 97 178 82 32
1 168 23 154 77 132 96 199 254 25 98 20 188 146 32 64 225 43 42 12 3 216 18 113 133 186 18 10 24 0 161 138
233 115 237 103 164 11 111 49 112 234 55 236 243 37 219 51 28 228 124 110 233 240 229 8 228 219 229 176 76 250 210 121
19 95 3 142 84 6 175 112 21 72 218 71 112 110 54 96 252 237 22 239 205 147 57 237 49 44 171 128 25 62 48 85
10 156 51 159 119 213 186 198 31 73 88 67 172 254 36 196 253 123 147 129 35 154 26 255 37 118 154 170 22 12 61 191
17 34 7 129 78 11 232 64 44 32 242 66 219 130 128 80 104 141 106 140 0 243 197 64 148 32 163 0 105 8 33 128
96 32 22 141 72 11 32 72 134 32 194 2 196 195 32 66 104 76 106 8 0 83 203 16 148 160 139 57 16 8 41 130
96 32 22 141 73 2 32 72 246 128 224 0 196 194 0 86 120 204 106 128 8 195 203 80 148 48 3 27 16 0 35 132
113 132 199 93 14 3 70 232 86 162 226 74 115 225 144 81 89 236 104 46 40 242 79 31 56 174 101 20 113 232 112 32
125 85 20 166 139 4 86 248 161 184 185 9 79 123 11 211 134 213 236 98 76 67 218 168 243 241 101 63 34 119 42 3
196 112 149 146 11 237 48 200 239 179 161 24 158 210 73 190 163 17 232 17 7 71 154 80 153 144 95 127 200 17 11 7
17 0 7 205 12 11 96 72 118 32 194 66 211 128 160 64 120 196 106 12 8 241 199 64 148 162 195 0 41 136 112 32
32 32 3 168 78 1 160 72 54 32 226 2 128 194 32 80 120 140 106 128 4 179 195 208 20 160 138 41 49 8 99 130
0 32 6 137 76 11 160 64 108 32 226 2 196 131 32 64 104 140 106 136 0 179 209 192 213 32 130 1 33 8 113 130
53 164 134 93 154 131 66 232 118 176 98 72 83 225 0 17 17 236 96 58 40 211 15 31 56 134 69 100 161 32 114 0
0 32 22 189 75 139 160 72 166 176 194 11 196 209 96 66 105 109 106 1 6 195 219 17 148 34 11 61 80 8 43 130
92 79 22 174 169 12 86 168 233 28 169 9 207 226 11 211 162 197 236 103 76 3 138 36 176 241 102 63 0 119 43 3
70 188 156 147 201 248 180 142 190 179 2 17 164 180 68 207 129 95 235 17 54 88 219 113 47 18 95 107 128 81 141 142
16 32 6 169 75 11 160 72 182 32 226 3 64 194 32 64 120 140 106 128 4 243 195 16 20 162 3 1 97 8 33 130
4 172 140 51 152 199 182 174 190 179 3 17 244 250 70 75 129 119 105 19 118 88 219 53 173 163 127 99 128 80 173 138
156 205 92 230 176 38 94 190 53 174 254 33 127 123 43 80 215 223 61 106 108 144 73 46 251 239 37 149 32 243 168 11
116 65 141 36 142 26 70 168 64 162 138 235 83 104 201 147 48 196 108 99 77 67 205 8 248 227 237 21 165 251 24 0
6 172 156 23 211 172 166 166 26 179 66 16 228 240 77 11 145 111 34 19 114 216 219 107 44 6 93 3 192 113 139 142
64 32 22 140 75 65 160 72 190 32 194 10 196 210 36 80 248 220 106 0 0 67 195 208 149 32 139 43 16 8 37 162
245 166 193 67 188 43 75 152 83 176 153 236 195 96 221 62 89 196 108 254 155 102 207 50 140 220 165 252 212 251 82 36
6 204 148 23 129 172 180 167 58 55 66 21 228 226 78 15 129 79 160 22 118 216 155 99 45 54 95 67 192 117 139 142
6 172 148 23 153 134 167 174 154 183 66 17 228 224 77 11 145 111 32 19 50 216 203 59 45 22 95 102 128 120 145 142
117 132 199 30 158 3 70 232 86 130 226 202 115 224 153 81 89 238 96 46 104 243 207 46 56 174 197 20 229 248 112 32
4 172 149 31 219 131 38 168 182 147 66 0 100 226 104 215 145 107 234 18 34 200 139 127 44 6 93 79 144 112 41 136
10 8 54 248 111 209 184 66 189 68 214 35 172 158 54 100 238 59 191 129 6 251 34 237 87 123 154 131 22 12 37 207
116 174 199 62 152 3 70 170 18 178 194 200 99 225 201 145 17 110 96 186 105 193 139 63 168 166 197 116 168 112 16 0
2 138 62 216 125 149 184 198 159 29 212 35 164 218 54 68 239 59 55 129 166 235 34 255 118 126 154 139 23 12 45 207
4 221 31 167 144 79 175 232 52 224 75 64 213 119 56 65 49 93 19 239 97 208 57 63 237 166 175 68 0 59 165 240
166 140 148 31 219 58 166 168 154 146 32 16 108 224 13 159 17 102 234 42 112 193 10 127 45 22 69 22 210 117 131 140
112 32 18 137 79 9 32 72 46 32 226 10 132 131 32 84 104 140 106 0 0 83 195 208 149 32 139 59 17 8 51 130
35 95 43 142 52 134 239 112 21 200 222 70 112 254 54 96 252 237 22 239 205 147 57 255 177 126 171 128 24 190 48 117
3 156 26 154 252 149 185 199 159 29 84 19 164 218 38 32 239 59 19 145 54 107 34 119 30 23 158 235 20 8 189 223
17 0 7 137 78 11 224 64 116 32 194 66 211 129 32 64 120 140 106 140 8 240 197 64 148 162 131 0 33 8 113 32
1 34 7 129 76 11 224 64 100 32 226 194 193 130 128 80 104 140 106 140 0 243 197 64 148 32 131 0 97 136 97 128
96 32 6 173 73 75 160 72 174 32 224 0 196 194 32 82 232 77 106 129 4 195 203 80 149 32 139 57 16 0 43 130
64 32 22 173 75 11 160 72 166 160 194 11 196 193 32 66 104 204 106 129 4 243 219 80 149 32 11 57 16 8 43 130
96 32 23 28 73 203 32 72 190 176 224 0 196 194 100 86 217 236 106 0 0 83 203 80 21 48 3 63 16 8 39 132
199 112 148 146 9 237 16 200 235 179 161 28 142 210 73 159 163 81 234 19 6 71 218 64 153 144 95 63 200 81 11 7
17 34 71 1 74 11 160 72 54 160 226 202 195 128 128 64 120 140 106 140 0 241 207 16 20 34 3 48 97 136 65 128
48 32 6 136 76 3 160 72 166 32 226 2 64 194 32 80 104 140 106 128 12 211 195 80 148 32 139 41 17 8 50 130
16 32 6 169 72 11 160 72 166 32 226 3 64 194 32 64 104 140 106 128 0 243 131 80 21 32 131 9 113 8 33 130
16 32 7 137 15 11 160 72 174 32 226 2 192 131 32 196 104 140 106 136 0 243 195 208 149 32 131 18 3 12 49 134
84 132 142 47 152 66 6 168 150 162 138 1 243 96 9 2 145 103 108 35 76 193 75 63 233 167 237 21 96 114 31 2
244 97 140 36 138 66 70 184 16 160 134 139 87 97 65 19 16 196 108 99 108 67 207 8 248 227 101 29 33 250 26 0
70 168 148 31 217 211 36 168 158 179 66 1 228 226 104 198 145 111 234 0 38 73 139 125 13 18 79 107 16 96 9 134
4 172 156 19 152 201 180 174 158 179 2 17 228 252 79 75 129 123 104 17 54 200 203 61 45 131 127 123 128 112 141 138
252 207 24 164 176 14 94 190 52 174 170 9 127 115 35 80 214 215 204 98 108 139 73 46 251 231 37 21 48 243 168 11
92 79 20 174 169 28 86 172 233 158 168 9 207 234 75 211 162 197 236 99 76 3 138 160 179 241 79 63 2 119 171 3
48 38 198 93 24 131 64 104 118 176 226 64 67 225 0 81 89 236 106 168 40 211 79 29 56 162 69 4 105 32 112 128
6 172 148 23 201 140 182 174 190 151 66 17 236 224 79 143 129 111 226 19 54 88 155 115 45 54 93 107 194 116 133 142
198 34 148 19 41 189 160 130 174 187 131 89 206 192 77 142 129 68 104 21 22 69 203 64 141 18 91 127 128 69 27 4
113 172 199 29 154 131 70 174 22 162 226 234 115 224 128 208 17 238 104 44 41 219 207 63 184 166 117 116 173 224 82 8
117 164 199 28 158 3 70 232 86 162 194 202 115 224 176 81 89 236 96 44 40 210 207 14 56 166 229 20 225 232 114 32
117 164 207 21 146 131 70 232 118 162 194 202 83 224 208 16 89 236 96 172 40 211 159 30 56 38 197 100 173 32 114 128
4 172 148 23 153 143 166 172 158 183 66 16 228 224 73 15 145 110 96 17 50 216 203 59 45 6 95 107 128 120 129 14
4 172 148 23 219 128 166 174 186 179 66 16 228 242 79 11 145 111 32 18 54 88 219 115 44 38 93 103 192 113 139 138
192 60 56 186 8 237 21 79 178 62 128 25 183 255 66 25 129 59 105 1 54 79 218 63 221 131 123 57 16 80 135 74
240 156 254 178 204 236 84 199 147 31 182 27 35 249 98 91 233 243 231 17 62 107 154 33 219 147 84 91 225 88 252 10
48 156 156 186 200 237 84 199 187 23 160 25 39 254 34 27 137 179 229 16 62 111 82 49 211 147 84 123 241 88 142 218
186 188 156 186 233 253 84 207 179 63 160 25 47 254 74 155 129 147 205 1 62 79 90 177 155 211 93 127 178 68 142 222
77 70 63 107 52 158 107 24 124 73 127 100 223 65 153 112 182 4 108 124 161 176 41 126 238 255 34 192 200 131 67 113
58 156 214 186 233 253 84 199 155 31 176 25 47 255 102 159 201 243 231 16 62 107 90 177 155 211 84 123 242 92 236 207
186 180 148 178 201 253 80 207 187 63 128 25 47 254 74 155 129 147 205 17 62 79 90 179 155 211 85 127 178 68 142 222
4 172 148 31 153 128 166 172 186 179 66 16 228 242 73 143 145 111 96 16 54 88 203 59 44 38 95 111 128 112 139 142
148 172 158 183 128 239 84 231 54 151 70 17 247 255 43 89 209 251 45 1 62 220 91 43 201 231 127 69 160 120 173 74
212 172 26 190 144 239 86 182 54 39 138 25 247 127 11 89 145 247 237 35 62 197 89 62 241 231 63 17 160 81 141 66
113 164 237 101 29 78 79 40 112 226 175 10 211 101 24 51 88 196 120 172 41 242 245 15 239 239 197 20 105 171 82 112
77 87 61 107 48 142 107 56 125 72 127 68 223 65 153 112 182 4 108 110 161 176 41 30 230 255 34 196 74 147 67 49
48 152 220 186 169 253 80 207 135 29 180 25 39 255 98 154 201 243 237 16 30 107 218 177 219 211 84 123 241 72 238 90
50 184 220 186 168 253 80 207 167 63 164 25 39 255 74 27 137 147 237 16 62 75 90 49 219 211 85 127 240 64 142 218
