2 143 2 158 23 131 178 230 22 5 88 163 32 232 34 192 89 107 131 133 38 184 10 255 32 38 138 11 20 14 60 138
104 48 56 96 32 77 81 16 105 136 52 8 159 23 0 48 132 20 93 8 136 96 176 0 195 249 32 144 66 128 66 35
2 140 6 158 20 195 170 230 150 1 90 2 96 226 32 65 89 106 19 128 34 136 10 255 33 38 154 137 20 8 48 136
72 48 56 96 32 77 81 16 105 8 52 8 159 23 0 48 132 20 93 8 136 96 176 0 195 217 32 16 66 128 66 35
1 48 57 121 116 175 97 18 126 9 118 80 151 19 128 56 151 56 22 24 179 188 113 23 197 191 50 192 200 129 67 177
188 113 90 97 240 78 115 85 33 173 117 9 31 19 72 16 190 157 197 112 88 178 16 10 251 205 37 69 227 162 238 131
177 70 70 157 68 35 224 112 84 18 115 86 67 96 177 201 121 228 38 46 169 247 5 140 16 42 242 0 61 168 120 132
50 176 16 186 137 237 16 203 139 29 176 57 46 223 100 24 201 179 199 16 26 43 10 241 153 208 25 251 208 8 134 19
2 143 2 158 22 131 178 226 22 5 72 199 96 232 48 192 89 106 131 193 38 184 24 255 32 38 138 3 20 14 60 138
104 48 56 96 32 77 81 16 105 136 36 8 159 23 0 48 132 21 221 8 136 96 176 0 195 249 32 16 64 128 66 35
124 75 110 166 14 66 94 248 133 164 150 163 123 77 51 66 90 228 205 231 76 129 12 168 242 225 165 149 39 191 52 82
72 48 57 96 32 77 81 16 105 136 52 8 151 23 0 48 132 21 93 8 136 96 176 0 195 249 32 16 64 128 67 35
3 143 10 158 20 147 170 230 86 0 90 70 96 226 176 100 89 106 18 141 167 152 14 255 32 38 170 128 28 10 56 140
252 48 148 240 41 237 16 66 171 59 181 56 142 159 65 26 129 145 253 16 42 103 210 210 219 211 80 127 210 65 7 19
2 140 2 158 148 195 162 231 22 5 88 2 96 232 48 64 89 42 131 145 50 184 8 255 41 38 142 73 148 74 180 138
2 156 18 159 53 199 186 230 30 9 90 34 236 254 32 64 221 123 147 129 34 152 90 255 37 54 154 139 20 10 53 155
49 141 67 206 20 131 78 242 212 0 218 70 113 226 176 228 120 234 30 238 235 187 12 191 176 174 162 128 61 170 112 44
49 207 70 206 148 2 238 252 84 128 250 198 115 96 176 97 120 230 46 238 205 179 13 61 48 46 167 128 125 186 240 8
90 239 4 156 155 144 150 231 129 3 136 131 44 168 38 135 233 99 129 133 118 75 134 255 58 86 222 59 23 84 184 14
2 141 2 158 21 135 178 230 22 5 88 7 32 232 50 192 217 107 131 129 6 184 24 255 33 54 138 11 20 14 60 138
82 32 82 161 3 72 120 64 45 128 178 9 143 26 64 208 166 149 255 128 8 67 145 192 151 240 11 131 33 4 47 2
66 18 150 156 13 6 176 72 174 12 194 99 196 242 32 198 224 101 234 129 4 195 131 192 145 50 202 27 16 104 53 6
2 217 18 139 125 133 182 230 14 0 88 2 172 220 32 64 206 59 147 65 66 184 82 253 45 20 142 106 20 10 177 138
1 141 67 205 20 147 238 119 68 0 90 70 49 34 180 228 120 42 18 232 193 184 37 125 36 44 162 128 61 138 248 44
216 176 190 112 9 236 80 83 169 27 165 24 31 159 72 91 165 147 253 16 26 79 146 1 219 249 80 127 194 0 167 19
2 180 180 145 177 228 184 3 190 31 66 177 140 190 66 75 135 27 179 17 54 88 131 211 13 22 94 195 128 68 141 87
24 182 88 97 210 42 62 127 61 39 110 149 15 35 10 16 55 159 129 48 18 152 17 78 254 197 4 69 238 194 139 146
248 112 188 112 105 205 80 87 171 187 164 24 159 159 65 27 133 177 221 16 10 103 210 0 219 217 84 59 194 16 6 27
2 142 16 155 55 137 178 230 30 5 88 35 172 248 34 64 219 123 131 1 34 184 74 255 44 54 26 3 20 12 61 139
130 141 6 158 20 131 174 226 148 2 210 2 104 226 32 65 120 98 59 226 32 153 11 255 32 34 202 129 20 40 48 136
104 48 56 96 33 77 81 16 105 168 52 8 159 23 64 48 132 148 93 8 136 96 240 0 195 217 33 48 66 128 66 35
1 88 27 113 52 175 97 22 126 9 118 84 151 19 128 120 149 56 22 24 163 188 49 22 207 159 50 64 200 128 65 161
38 168 2 154 79 193 178 200 158 21 193 155 228 198 104 200 217 27 163 211 18 71 74 241 29 0 139 111 145 11 21 130
188 113 90 96 81 78 114 81 49 140 245 9 95 19 8 16 188 157 197 114 88 183 16 14 243 201 37 69 99 162 238 131
49 0 199 157 68 34 224 50 116 147 115 86 81 32 177 107 121 132 38 172 169 244 5 204 20 174 242 0 173 232 112 4
1 0 198 173 76 2 224 80 196 19 211 86 65 168 48 202 120 68 42 172 12 245 3 200 6 106 210 4 173 168 120 128
50 146 16 184 169 197 144 75 139 29 176 125 14 222 100 24 205 179 199 16 26 11 18 209 153 208 26 255 209 8 7 147
2 159 2 158 23 135 190 230 22 4 72 7 32 232 34 192 93 107 131 199 6 152 26 255 33 38 138 11 24 14 56 154
40 32 56 96 37 77 81 16 97 160 36 8 31 23 64 48 136 144 85 8 8 96 112 0 195 217 1 48 66 136 66 34
67 32 216 145 58 168 57 2 171 49 131 152 156 134 194 126 39 153 127 157 130 68 166 208 156 16 26 252 132 5 3 101
66 178 81 184 58 169 25 66 175 17 177 253 142 150 66 28 135 25 205 20 147 11 66 208 136 208 26 254 208 128 7 85
3 164 128 153 188 57 168 15 30 123 16 213 140 42 218 202 151 11 179 21 183 88 195 211 12 22 222 230 156 68 155 149
2 203 20 155 31 153 178 238 158 29 88 35 172 136 38 197 201 123 171 65 70 169 67 253 37 18 26 91 16 28 13 143
96 48 57 96 32 77 81 16 105 136 36 72 151 31 0 48 132 21 93 8 1 96 176 0 195 217 32 16 64 0 71 51
1 143 10 158 20 131 170 230 86 5 88 70 113 224 182 96 89 106 2 141 166 184 44 63 104 47 170 136 29 10 120 136
202 52 148 240 169 237 16 67 187 59 177 57 142 159 72 26 135 19 237 16 58 79 210 210 155 211 90 255 210 68 7 19
2 142 2 158 149 227 162 231 22 5 88 2 32 232 48 64 89 58 131 145 50 184 8 255 41 6 158 73 148 74 180 138
49 207 70 142 148 2 238 253 68 128 250 198 115 96 184 228 120 228 46 238 221 179 13 61 48 46 167 128 125 186 240 4
82 207 4 156 219 144 150 231 155 3 136 131 44 168 38 134 169 99 131 133 118 11 134 255 56 118 158 123 23 84 185 14
2 157 2 158 21 135 150 230 30 5 74 7 164 234 34 192 217 123 131 1 38 168 90 255 37 54 154 11 24 14 60 154
82 32 82 160 3 72 104 64 45 0 178 3 141 26 68 84 234 133 127 129 8 67 129 192 149 240 139 131 33 0 39 6
178 22 82 108 53 38 80 120 21 138 250 239 75 29 165 81 254 181 23 37 172 183 65 159 146 254 33 150 127 172 98 23
22 181 27 226 147 227 50 200 175 65 169 40 94 214 104 112 179 59 202 112 19 139 58 124 217 197 11 103 240 67 39 163
2 13 2 158 151 163 158 227 22 5 72 135 40 234 35 192 88 123 131 195 38 136 18 255 33 38 138 11 156 79 56 154
220 176 190 112 11 236 80 82 171 27 165 24 31 159 64 27 163 147 253 16 26 79 146 0 219 217 80 127 226 1 39 19
2 180 150 153 179 244 184 167 62 31 74 49 172 190 98 192 133 27 179 17 54 72 2 215 45 54 30 195 144 68 141 95
248 48 186 114 105 77 81 81 171 187 165 24 62 159 72 27 132 177 253 16 74 71 178 0 211 217 84 59 66 0 199 59
33 204 125 89 244 171 109 191 127 107 126 80 243 33 148 124 91 46 54 24 179 252 101 127 76 190 52 64 231 200 192 169
130 140 6 158 28 130 174 226 148 2 210 2 96 234 48 65 121 102 187 227 96 201 11 255 48 34 202 129 20 40 56 136
104 48 56 96 32 77 81 16 105 168 52 8 159 23 0 48 132 148 93 8 136 96 240 0 195 249 32 48 64 128 70 51
188 116 122 96 113 14 114 112 49 142 247 77 95 83 8 17 188 188 199 122 104 183 16 12 243 201 33 69 98 178 110 131
21 0 199 213 148 34 104 23 118 81 82 86 81 34 144 106 97 198 54 156 147 248 7 192 12 170 242 64 173 233 240 32
3 168 80 147 170 169 56 147 174 17 0 244 156 198 200 122 167 35 127 156 147 73 142 241 140 24 59 236 156 128 131 145
17 0 198 165 4 34 224 64 100 19 211 86 81 160 177 78 105 132 42 152 5 245 21 192 20 170 210 4 173 168 112 4
2 156 2 154 85 133 178 230 150 13 72 7 168 232 50 192 201 107 131 133 38 186 26 255 41 54 154 11 24 12 56 154
67 34 80 144 58 169 56 3 171 17 177 216 157 134 192 120 167 147 221 20 146 9 134 209 140 144 26 250 148 4 11 5
130 91 22 159 11 159 176 32 142 28 194 71 236 234 37 207 196 115 235 67 102 201 91 253 133 50 74 19 24 29 41 15
40 221 120 107 213 213 215 183 64 76 60 34 121 125 48 32 72 82 147 74 210 56 105 189 111 201 36 193 119 218 212 251
25 143 74 175 20 130 111 246 84 4 222 71 115 227 178 64 120 106 14 239 200 153 12 63 232 175 170 128 61 170 120 136
194 182 148 176 171 237 16 3 187 63 176 57 142 158 64 91 135 19 255 16 50 79 210 210 159 210 90 255 144 68 135 19
2 141 18 159 85 199 182 230 30 5 72 3 172 250 34 192 217 123 131 1 38 184 82 255 45 54 154 11 16 14 61 142
134 94 132 149 67 34 188 10 63 151 70 245 236 38 7 79 167 93 163 135 36 212 131 226 4 50 218 131 138 117 45 159
20 149 91 234 211 195 51 232 189 64 235 42 92 215 40 112 178 155 206 240 17 163 24 95 249 197 3 79 112 3 39 35
236 48 184 112 13 253 81 18 203 59 36 24 158 159 72 58 129 17 249 16 2 108 242 146 207 217 16 127 210 73 70 51
236 113 248 97 36 15 113 24 104 184 55 8 215 17 201 59 156 20 100 106 201 240 241 0 199 217 97 52 64 179 66 161
248 48 186 112 105 77 81 81 187 27 165 24 30 159 72 27 165 153 245 16 18 103 186 0 211 217 112 59 194 1 199 147
44 114 30 106 96 174 115 112 160 136 245 69 91 211 33 17 220 184 71 106 200 163 16 12 211 235 97 1 104 179 106 147
77 136 221 215 134 162 105 150 118 81 86 86 217 34 208 106 99 198 46 156 147 248 175 224 12 171 246 64 173 192 241 40
67 160 81 153 234 169 56 19 174 81 2 212 189 194 208 120 39 35 123 156 147 8 135 209 12 24 59 232 156 128 1 1
17 0 134 141 12 34 224 66 100 17 242 82 81 128 48 106 105 196 42 152 9 245 5 192 20 34 210 68 169 136 112 4
34 158 0 154 93 133 176 198 158 29 80 21 172 216 34 192 201 43 131 5 38 42 82 247 45 22 158 107 24 12 185 155
34 178 19 152 105 197 144 83 139 121 176 255 140 158 100 8 204 147 223 17 147 11 18 209 153 16 58 250 152 12 135 211
67 161 80 145 42 137 56 3 174 17 146 220 141 130 208 216 38 1 95 157 146 9 135 209 140 24 26 248 140 128 131 0
198 80 151 156 13 198 176 32 156 146 195 23 204 194 41 207 192 101 234 67 37 197 83 192 129 50 218 19 24 45 41 22
8 157 120 67 244 219 183 183 70 73 62 32 176 61 150 32 5 82 147 88 211 184 121 61 111 13 36 193 199 218 212 251
25 15 110 175 20 130 79 112 68 4 222 199 115 99 178 64 120 230 28 238 236 145 13 63 242 237 163 144 63 170 120 64
66 180 148 176 171 173 56 199 191 27 176 185 140 190 64 155 135 19 255 17 50 79 130 241 157 210 90 251 144 68 135 31
2 158 2 158 149 167 182 231 30 5 72 7 164 232 34 192 217 43 131 145 54 184 90 255 41 54 142 75 152 78 188 154
2 140 18 155 85 209 178 230 30 5 88 3 172 248 34 192 217 123 131 1 38 184 74 255 45 54 158 75 16 14 189 142
37 10 227 69 116 42 235 16 125 194 127 196 209 33 149 52 126 108 22 110 129 176 101 74 68 190 33 128 239 251 66 177
20 129 91 234 210 67 55 233 52 0 251 170 93 215 168 112 122 153 142 226 88 163 45 94 248 133 35 207 53 3 167 163
237 113 249 97 36 15 97 24 104 176 55 8 211 17 217 59 22 148 68 106 201 240 241 0 199 217 97 20 66 179 66 33
44 19 62 110 96 142 83 112 228 136 119 68 219 209 35 48 220 112 71 110 136 162 112 8 71 153 96 128 74 163 106 179
5 152 197 209 148 174 105 147 118 89 114 118 241 99 152 104 99 142 38 152 147 248 119 193 12 170 246 192 173 128 113 48
3 160 81 153 104 137 40 27 174 81 80 212 157 130 208 104 39 41 127 156 147 8 134 81 12 24 58 236 28 128 129 137
34 186 20 155 253 141 176 143 158 29 80 21 172 158 98 64 205 27 163 21 50 106 74 247 45 22 30 251 144 12 153 155
81 32 134 129 4 162 232 2 102 17 66 82 145 2 208 106 96 132 42 152 19 216 135 192 28 40 178 64 173 136 113 0
67 160 80 128 42 137 40 7 174 17 0 208 141 130 208 80 38 131 95 157 18 9 134 209 156 16 154 248 156 128 131 0
194 0 151 157 9 226 161 2 158 87 195 19 196 246 35 111 193 117 106 1 37 197 179 194 133 50 218 11 144 109 37 86
0 157 120 67 182 202 183 191 78 105 94 34 240 61 156 96 23 82 18 120 211 184 125 253 111 13 38 196 87 218 213 169
153 77 110 238 20 18 78 120 197 64 222 70 123 107 178 225 120 228 28 238 237 161 13 175 242 233 163 144 63 190 120 0
194 188 148 154 169 173 56 195 191 27 136 185 140 182 72 91 135 27 251 17 50 77 130 243 140 22 94 250 144 64 131 147
2 158 10 158 149 167 178 231 30 15 88 71 164 232 34 64 217 43 131 21 54 156 90 255 44 54 158 75 152 72 184 154
2 140 26 155 85 209 178 230 30 13 88 35 172 250 34 192 217 123 131 1 38 184 74 255 45 54 158 75 16 14 189 142
5 11 243 69 116 42 235 16 125 192 127 198 209 97 149 36 126 108 22 110 129 176 101 202 36 188 35 128 239 251 64 181
22 135 75 235 146 67 47 249 52 36 251 227 65 71 168 80 126 157 135 226 88 147 45 95 248 165 171 197 53 163 164 225
141 112 185 113 101 93 113 24 107 123 53 24 158 29 73 59 133 24 85 24 131 100 243 16 71 217 112 60 194 137 71 243
109 97 125 101 100 78 111 24 96 160 111 8 211 19 89 51 24 196 68 106 201 176 241 8 199 233 97 20 98 187 66 160
25 205 123 249 54 195 123 247 94 65 222 2 61 215 160 96 118 187 31 216 211 153 48 255 251 239 142 64 53 136 161 232
84 184 155 242 202 237 17 194 187 27 161 25 150 223 104 26 163 187 125 16 18 111 154 113 217 209 82 123 192 65 39 19
65 0 199 129 204 128 104 6 238 81 82 82 145 130 208 106 96 13 42 156 19 216 199 208 12 168 186 64 173 128 225 128
218 234 64 128 67 153 104 198 41 17 240 94 140 2 80 148 42 137 198 220 66 30 4 244 148 0 154 236 51 5 171 12
194 0 191 157 9 112 177 2 190 87 199 18 140 182 99 111 225 21 234 145 48 221 179 194 85 51 218 3 128 76 37 102
66 172 145 155 233 233 57 131 190 23 10 145 140 166 72 216 167 27 251 145 18 76 138 243 140 22 90 234 144 68 129 3
0 159 10 187 180 167 182 231 30 9 88 103 244 234 32 64 221 43 3 149 54 152 90 127 108 38 190 192 152 74 177 155
37 9 99 69 180 154 235 16 124 200 126 198 211 65 149 36 122 108 22 126 129 176 37 78 36 190 35 128 111 171 80 181
20 199 75 229 50 2 111 120 36 36 251 231 65 7 152 80 126 141 15 238 200 146 77 13 240 229 171 132 37 178 36 113
202 4 190 153 141 248 177 7 190 23 198 18 140 182 66 206 225 63 235 145 50 220 227 194 79 119 218 67 130 68 189 102
10 172 145 177 251 249 185 67 62 87 76 145 140 166 66 156 163 11 163 145 18 24 162 211 141 215 154 107 146 68 143 230
25 157 11 173 180 195 135 127 68 72 90 103 247 118 160 96 220 42 30 97 217 152 97 63 232 165 174 192 24 10 181 121
50 137 98 236 23 131 234 98 205 0 226 2 43 139 52 64 106 169 27 192 72 187 0 221 179 232 138 1 119 168 112 136
1 11 122 69 52 154 235 49 108 136 126 66 211 0 181 100 122 172 30 124 192 184 37 76 36 172 34 128 109 170 113 169
153 67 76 165 50 10 111 61 36 100 210 231 209 3 144 81 126 132 29 238 233 148 69 14 228 233 171 132 45 178 112 112
