3 4 7 157 13 199 164 104 148 66 194 7 96 226 32 199 248 100 106 167 101 241 27 221 4 50 203 3 24 124 56 22
83 34 82 161 34 8 104 64 45 0 178 199 143 10 68 80 102 133 127 132 0 65 129 192 148 176 171 128 44 0 35 1
2 140 2 158 149 163 174 227 22 1 74 2 96 234 49 64 89 106 19 129 18 184 16 255 33 38 138 0 148 78 176 136
104 48 56 96 33 76 81 16 97 136 52 8 159 23 0 48 132 20 93 8 136 96 176 0 195 249 32 16 66 128 66 35
81 0 134 141 12 2 168 72 236 128 210 198 208 162 176 66 104 196 106 141 129 209 135 192 148 42 238 0 12 168 49 4
32 34 64 193 108 9 232 64 77 32 240 11 138 8 20 2 234 197 70 5 4 114 196 192 20 24 130 49 69 136 90 134
32 32 5 137 76 67 160 72 22 180 240 139 192 192 96 64 121 136 98 149 0 114 79 144 28 0 143 61 21 8 52 130
33 32 113 197 108 13 233 80 108 96 240 74 155 9 148 34 106 196 86 9 129 114 244 192 85 24 130 48 77 136 82 160
96 34 80 197 109 25 232 64 109 32 240 11 138 8 22 130 234 197 198 5 4 114 196 192 22 24 130 49 69 140 90 134
33 32 65 201 76 11 233 88 70 240 216 78 209 129 240 96 89 136 118 156 137 242 111 146 156 140 167 180 125 138 80 160
34 32 4 136 77 11 176 72 22 180 240 139 128 200 98 0 121 136 227 149 6 114 75 145 28 0 143 63 21 12 60 134
104 48 56 96 33 77 81 16 105 136 52 8 159 23 0 48 132 21 93 8 136 96 176 0 195 217 32 17 66 128 66 35
2 143 2 158 22 131 178 230 22 5 88 167 96 232 32 192 89 107 131 133 38 184 8 255 32 38 138 11 28 14 56 138
96 32 64 193 109 25 232 64 77 32 240 11 138 8 22 130 234 197 198 5 4 114 196 192 22 24 130 49 69 140 90 134
34 32 4 136 77 3 176 72 22 180 240 139 128 200 98 0 121 136 227 149 6 114 75 145 29 0 143 63 21 12 60 134
104 48 56 96 33 29 81 16 105 136 52 8 158 31 0 52 134 20 93 8 136 96 176 192 195 249 32 18 66 128 66 35
1 143 2 158 20 131 170 230 86 0 90 70 97 226 180 224 89 106 2 140 167 152 12 255 32 46 170 128 29 10 120 140
105 32 113 64 101 29 248 16 105 8 52 72 138 25 148 182 142 196 70 8 133 98 240 192 7 216 0 18 67 136 66 37
1 143 3 158 20 131 170 230 86 0 90 70 97 224 188 224 89 106 2 173 167 152 14 255 32 46 170 0 29 10 120 140
120 176 180 248 11 253 80 95 171 31 164 25 15 159 66 187 163 147 253 16 30 79 210 145 219 209 80 127 250 68 174 19
146 221 8 188 147 192 23 167 20 71 72 163 53 54 34 65 101 115 17 129 114 8 16 63 233 39 190 129 52 80 181 90
104 48 56 96 33 77 81 16 105 136 52 8 159 23 0 48 132 21 93 8 136 96 176 0 195 217 32 17 66 128 70 35
39 130 0 155 221 147 138 200 86 17 80 147 96 200 58 192 89 10 130 133 54 50 79 183 60 6 143 109 21 12 184 132
3 143 3 158 20 131 170 230 86 0 90 70 113 226 180 224 89 106 2 141 167 152 12 255 32 46 170 128 28 10 112 140
97 32 113 64 100 29 248 16 105 8 52 72 154 25 148 54 142 196 70 8 133 98 240 192 7 216 0 18 67 136 66 37
109 48 245 68 101 46 74 24 105 160 179 72 74 91 221 191 158 132 78 122 137 101 249 200 23 248 65 22 66 163 66 36
82 32 82 160 3 72 120 64 45 4 178 3 141 30 68 80 230 149 255 128 0 65 129 192 149 240 138 131 36 4 39 66
61 134 64 155 156 147 74 200 87 1 216 195 99 192 184 196 89 138 6 140 30 50 79 183 186 70 135 109 63 142 248 132
82 26 182 140 13 66 176 74 172 12 210 35 204 254 34 66 232 213 235 129 0 209 131 192 149 50 202 3 20 44 53 83
2 132 148 155 147 176 180 167 30 23 75 17 140 170 98 200 129 27 163 17 54 88 10 247 45 54 94 67 144 68 141 78
104 34 187 97 100 108 113 17 105 251 55 88 159 29 88 59 140 12 101 60 145 244 224 0 207 217 112 100 194 136 199 243
32 32 96 137 77 25 232 64 77 36 240 11 138 8 22 128 106 133 198 1 12 115 196 192 22 24 130 49 101 12 90 134
104 121 188 116 105 205 85 87 163 186 180 8 63 159 65 19 132 243 253 74 72 107 242 40 243 217 116 57 98 144 198 187
50 32 4 137 79 75 176 72 30 164 240 11 0 136 98 0 248 140 235 129 12 115 75 208 29 0 143 59 21 12 124 194
104 48 56 96 33 29 81 16 105 136 52 8 158 31 0 52 134 20 93 8 136 96 176 192 195 249 32 18 66 128 66 35
97 32 113 64 100 29 248 16 105 104 180 72 139 9 148 180 206 132 70 8 141 98 240 192 7 216 0 50 79 136 66 165
38 130 12 153 220 129 138 200 22 53 80 147 96 200 122 64 89 10 34 149 54 50 79 151 28 6 143 109 21 8 184 132
105 32 113 64 101 29 248 16 105 8 180 72 138 27 148 182 142 196 70 8 133 98 240 192 71 216 0 18 66 136 66 37
96 32 112 193 109 25 232 64 77 32 240 11 138 8 22 130 234 197 198 5 4 114 196 192 22 24 130 49 69 140 90 134
39 162 8 155 220 131 138 200 86 53 80 147 96 200 186 64 89 10 2 133 54 114 79 183 60 6 143 109 21 8 184 132
3 143 2 158 20 131 170 230 86 0 90 70 96 234 180 228 89 106 2 141 167 184 12 255 32 46 138 128 28 10 120 140
49 143 67 222 20 130 78 250 84 0 218 70 115 226 184 228 88 234 14 238 141 171 13 191 176 174 163 8 61 138 112 44
34 32 76 136 77 3 176 72 22 180 240 139 128 200 98 0 121 136 227 149 6 114 75 145 29 0 143 63 21 12 124 198
97 32 113 64 101 29 248 16 105 8 52 72 138 25 148 182 142 196 70 8 133 98 240 192 7 216 0 146 67 136 66 37
53 134 0 187 220 131 202 200 86 1 80 210 113 192 184 64 89 10 2 173 42 178 79 191 188 134 175 108 61 136 184 128
96 32 80 197 109 25 232 64 105 32 240 11 138 8 22 146 234 197 198 5 4 114 196 192 22 24 130 49 69 140 90 132
33 93 74 45 28 159 198 118 84 232 250 70 243 152 183 32 88 236 86 111 205 187 85 62 48 109 164 16 89 186 90 140
82 139 10 184 146 133 59 231 190 5 206 133 173 135 34 64 230 187 175 149 26 153 2 125 249 229 190 201 16 0 173 90
104 48 56 96 33 77 81 16 105 136 52 8 159 23 0 48 132 20 93 8 136 96 176 0 195 217 32 16 66 128 66 35
96 16 123 89 36 216 113 18 249 85 118 173 139 205 158 120 138 128 76 92 154 180 52 193 71 248 16 65 231 132 70 118
16 180 155 250 218 237 17 67 175 17 233 48 190 151 104 48 163 155 74 144 19 43 50 87 217 149 18 106 152 64 167 178
11 216 179 219 181 247 123 215 95 75 84 18 174 215 37 108 213 59 31 24 163 188 123 255 79 254 18 194 146 140 101 127
104 48 56 96 33 77 81 16 105 136 52 8 159 23 0 48 132 20 93 8 136 96 176 0 195 217 32 16 66 128 66 35
34 32 68 136 77 11 176 72 22 180 240 139 128 200 66 0 121 136 227 149 6 114 75 145 28 0 143 63 21 12 124 134
96 34 112 193 109 25 232 64 109 32 240 11 138 8 22 130 234 197 198 5 132 114 196 192 22 24 130 49 69 140 90 134
34 32 4 136 77 11 176 72 22 180 240 139 128 200 98 0 121 136 227 149 6 114 75 145 29 0 143 63 21 12 124 198
104 48 56 96 33 29 81 16 105 136 52 8 31 19 128 52 132 148 84 8 136 96 176 192 195 249 32 18 66 128 66 35
3 143 2 158 20 147 170 230 86 0 90 70 96 226 180 228 88 106 2 141 167 184 12 255 32 46 138 128 29 14 120 140
3 142 3 158 20 147 170 236 86 1 88 70 96 224 188 228 89 106 2 141 167 168 14 255 32 46 154 8 29 14 120 140
16 189 26 184 152 205 53 103 166 5 204 1 183 151 34 80 224 59 79 16 90 9 19 55 249 165 62 73 48 0 165 74
153 87 73 197 36 30 111 48 116 202 126 70 211 32 145 225 126 196 20 238 233 180 117 78 100 173 162 128 109 178 112 49
45 83 113 69 52 14 111 56 100 168 127 76 211 1 157 52 62 204 70 110 201 176 125 12 101 188 33 4 111 179 66 176
1 153 59 219 180 197 187 215 94 73 92 66 188 223 164 100 255 59 23 216 179 184 59 255 109 158 62 194 146 138 165 249
130 157 136 156 147 224 182 167 30 15 72 179 164 62 38 192 129 83 131 129 118 8 16 255 40 54 158 195 144 84 173 94
216 141 23 252 155 195 23 103 173 0 226 40 190 151 32 113 226 179 238 224 120 139 34 125 249 242 66 91 18 0 165 42
10 183 144 152 203 241 181 111 143 23 140 27 172 174 98 134 201 27 203 17 118 75 178 211 127 85 30 123 146 76 173 222
246 77 102 229 20 10 110 240 101 160 242 2 75 11 53 83 122 229 61 226 232 179 1 204 178 233 199 144 103 187 112 0
189 79 71 228 86 2 111 248 84 192 250 230 83 97 177 97 126 228 38 238 233 179 5 46 112 170 167 128 45 187 112 32
2 140 179 91 215 229 161 199 94 5 124 18 32 240 164 100 121 58 2 24 50 184 50 247 45 30 22 66 209 72 229 172
29 176 113 217 173 23 89 219 95 120 116 66 95 215 249 236 255 24 182 120 199 50 43 209 203 223 39 238 154 188 104 229
52 79 110 190 62 131 75 104 213 4 215 162 99 232 177 69 90 232 14 107 88 163 14 157 176 230 131 9 53 170 116 36
32 104 241 92 107 121 133 198 106 11 120 40 178 181 133 180 136 90 68 8 3 40 226 33 5 156 48 58 66 88 70 171
48 133 88 171 246 11 234 249 14 33 249 2 223 74 56 64 123 139 31 177 90 58 73 215 252 205 171 244 117 10 241 128
41 173 117 71 253 15 236 119 105 162 104 72 170 59 212 183 142 238 66 8 209 122 241 238 47 220 84 34 66 218 195 172
194 205 146 22 147 64 22 167 184 7 10 145 172 34 2 19 129 115 129 0 116 204 0 111 169 54 94 3 128 84 175 74
134 148 151 191 146 230 167 175 30 27 73 117 244 246 40 64 149 83 51 19 51 72 26 119 45 38 47 196 144 115 133 51
173 48 241 97 108 61 105 88 105 176 117 24 159 83 209 63 30 12 70 122 129 246 251 192 71 217 65 44 194 171 66 160
6 140 132 155 147 160 182 174 30 23 75 17 236 234 106 72 145 91 163 19 54 88 10 247 45 22 95 71 144 119 141 70
244 71 79 236 18 66 79 248 36 164 243 226 65 199 169 81 126 212 141 226 104 147 45 12 240 161 175 132 37 179 38 33
50 143 2 170 148 163 70 231 23 5 200 239 39 226 176 212 217 235 6 117 30 154 76 191 184 244 143 203 180 78 184 12
147 207 0 172 146 128 134 167 20 0 72 195 37 34 32 192 97 99 0 197 108 8 12 63 168 38 174 0 60 112 177 8
13 172 175 23 146 58 45 191 118 243 70 212 241 96 154 107 51 102 122 140 183 216 175 109 108 47 119 196 142 244 153 96
34 161 176 219 205 245 161 207 143 21 104 10 172 178 108 196 201 26 163 24 18 26 242 241 45 28 158 106 146 76 197 238
241 207 71 30 142 0 78 228 192 128 136 238 99 224 189 247 88 226 108 238 233 75 142 47 176 32 229 184 45 255 242 12
73 143 22 79 49 190 102 182 125 8 106 68 238 112 148 244 180 102 76 110 179 184 1 127 44 254 0 66 74 135 107 45
212 177 85 66 226 72 49 105 43 53 37 56 94 87 136 117 51 150 236 56 114 69 171 85 91 162 113 102 34 130 135 99
109 120 121 99 245 31 83 156 125 168 182 40 95 83 137 60 151 212 76 122 169 180 121 190 239 255 37 84 194 179 66 35
114 184 158 248 104 205 80 202 171 26 164 8 38 223 96 27 137 179 221 0 10 107 218 241 219 209 81 59 80 0 6 27
163 181 113 79 117 143 102 189 123 160 121 72 234 121 140 52 159 254 70 106 225 250 249 255 47 158 5 34 66 218 194 174
138 149 48 145 225 252 60 39 188 79 78 53 172 54 66 71 167 27 155 0 118 152 113 194 111 119 30 195 130 84 133 223
131 143 7 158 20 151 170 226 212 0 90 198 96 226 180 229 88 106 2 207 165 152 28 255 32 46 138 0 28 12 112 140
52 162 0 169 220 11 225 200 22 180 208 131 195 192 112 192 89 136 98 29 10 114 79 151 156 135 175 124 245 136 24 128
129 141 71 158 20 135 134 226 84 0 74 70 112 224 180 228 89 106 2 110 227 184 28 191 32 46 130 0 29 170 112 172
50 32 68 137 79 11 176 72 31 164 240 11 129 136 118 0 248 140 235 129 12 115 75 144 156 208 143 59 85 8 116 130
66 8 151 159 13 194 180 98 156 78 210 3 236 246 32 194 232 119 170 131 37 217 3 236 149 50 218 3 20 104 53 94
40 48 56 96 37 93 81 16 105 168 52 40 31 31 64 16 134 144 213 8 136 96 112 128 195 217 33 179 66 136 70 35
49 15 67 158 20 135 70 120 212 0 202 198 115 224 176 228 88 234 10 110 233 187 28 63 176 174 131 0 61 170 120 4
82 42 18 161 7 136 104 66 173 32 242 70 141 2 0 212 226 165 111 128 1 89 129 192 148 240 139 128 40 0 35 0
33 32 65 201 92 15 235 88 86 224 248 206 147 129 240 32 88 140 86 141 137 50 125 146 61 140 167 40 125 138 113 176
65 8 135 157 12 130 168 66 172 160 194 66 156 130 32 198 104 228 106 136 1 217 129 224 148 34 138 0 8 40 57 0
33 32 121 64 108 29 232 64 105 160 240 72 154 8 212 48 238 128 70 8 132 114 244 192 22 24 1 48 79 136 82 132
38 162 4 153 221 147 162 200 22 180 208 131 192 200 122 192 89 136 162 149 22 99 79 151 28 6 143 125 213 12 120 134
104 48 120 96 32 77 81 16 105 136 52 40 159 23 0 48 134 21 93 8 128 96 176 0 195 217 32 145 98 128 70 35
53 162 4 185 156 131 66 200 22 177 208 210 211 192 248 64 89 10 42 28 58 114 79 159 156 134 167 124 61 136 176 128
34 32 64 137 77 25 224 64 77 36 240 11 138 8 22 130 232 205 206 1 12 115 196 192 20 24 130 51 69 12 90 134
50 32 68 169 79 11 176 72 30 164 240 11 129 136 66 0 216 141 235 129 12 114 75 144 157 193 143 59 21 12 125 134
104 48 113 64 101 93 113 16 105 8 52 40 30 25 132 52 142 148 70 8 137 96 240 192 71 217 32 18 66 128 66 39
54 134 4 153 221 147 170 200 22 53 208 147 224 202 122 192 89 10 171 181 38 115 79 151 188 6 143 127 21 12 184 134
54 162 4 155 221 147 130 200 22 53 208 147 224 200 106 192 89 10 170 149 22 99 79 183 156 6 143 127 157 12 184 134
130 143 14 158 22 131 186 238 150 5 88 167 97 234 58 65 121 107 131 133 38 184 14 255 32 38 186 137 28 10 56 138
97 32 113 65 109 29 232 80 105 160 240 72 138 8 212 176 234 132 70 9 132 114 244 192 23 88 1 50 79 136 90 133
33 134 14 187 92 135 138 236 86 17 216 211 113 232 56 65 89 42 2 173 166 178 79 191 44 38 155 12 29 10 184 136
99 32 113 64 101 29 248 80 105 32 180 72 138 27 148 180 238 148 86 8 133 98 244 192 23 248 0 50 79 136 66 133
54 130 12 153 220 3 170 200 22 52 208 131 224 202 122 64 89 136 43 149 38 51 79 223 156 6 143 125 21 8 116 128
97 32 243 65 101 29 248 80 105 32 240 72 138 11 148 182 238 197 70 8 133 114 240 192 23 248 0 50 79 136 74 133
72 48 120 96 32 76 81 16 41 8 52 40 159 23 128 50 134 85 221 8 128 96 176 0 195 249 32 128 98 128 7 35
145 143 71 158 20 135 239 242 212 0 90 198 113 226 176 97 120 106 18 239 171 184 12 191 160 174 170 0 61 138 112 140
105 48 121 64 101 93 113 16 105 168 180 40 26 25 212 52 142 148 70 8 137 98 240 192 71 217 33 50 66 128 66 39
72 48 120 96 33 92 81 16 105 8 52 40 159 23 0 48 134 21 221 8 136 96 176 0 195 249 32 144 66 128 71 51
97 32 113 64 100 29 248 80 121 32 240 72 154 8 148 176 254 132 86 8 133 114 244 192 23 216 0 48 79 136 82 133
105 48 57 96 33 93 81 16 105 136 52 40 158 31 128 48 134 20 93 8 137 96 176 192 195 249 32 18 66 128 66 35
82 40 90 161 34 200 120 64 172 12 178 131 157 30 64 80 238 181 127 128 0 67 145 64 215 225 171 129 32 0 39 67
104 48 56 96 32 77 81 16 105 128 36 8 159 23 0 48 132 20 93 8 136 96 176 0 195 217 32 16 64 128 70 51
62 166 64 137 221 147 234 200 23 36 220 139 193 200 122 196 89 136 131 157 30 51 79 147 190 71 143 125 183 142 120 132
66 26 190 159 12 198 184 66 172 140 210 35 205 158 34 66 226 245 255 129 4 217 131 224 149 163 186 131 4 40 53 91
50 32 4 137 77 75 176 72 142 164 240 11 0 136 96 0 232 141 107 129 12 115 75 208 157 0 143 59 85 8 116 130
97 32 121 68 100 29 232 16 105 32 240 72 154 9 148 50 238 196 70 8 133 114 244 192 23 248 0 50 79 136 66 133
145 143 78 158 20 134 174 242 212 0 74 198 113 226 176 225 88 106 2 239 165 186 28 63 160 174 171 0 61 170 120 140
50 32 12 169 79 11 176 72 30 164 240 3 197 136 98 64 248 157 235 129 12 243 75 144 157 193 143 51 21 12 61 194
34 32 70 169 77 11 176 72 30 164 240 11 139 136 118 0 216 140 235 129 12 114 75 144 157 209 143 59 21 12 125 134
104 48 113 64 101 93 121 16 105 168 180 40 30 25 196 52 142 148 70 8 137 96 240 192 71 217 1 50 66 128 66 39
98 32 96 128 77 25 240 64 105 36 176 139 138 8 22 16 232 133 238 129 12 99 192 192 22 24 129 59 69 12 122 134
97 32 112 65 109 29 232 80 105 160 240 72 138 8 84 182 234 197 86 0 132 114 212 192 23 24 1 50 79 140 90 132
99 32 241 65 101 29 248 80 105 32 240 72 138 27 20 182 238 213 86 8 133 114 212 192 23 216 0 50 79 136 74 132
32 32 80 141 109 25 232 64 237 36 240 139 138 136 22 130 234 205 198 5 4 114 197 192 22 24 2 51 69 12 91 134
38 160 12 153 204 195 160 200 22 180 208 135 192 200 122 64 89 8 107 149 22 114 95 151 157 6 143 125 149 8 52 130
50 32 68 169 77 75 176 72 30 164 240 11 129 136 118 0 248 141 235 129 12 115 75 144 157 209 143 59 21 12 124 198
105 48 113 68 101 93 121 16 105 8 52 40 158 31 132 52 134 148 92 8 129 96 240 192 199 249 0 18 66 128 66 39
34 32 96 137 77 25 248 64 109 36 240 11 138 8 22 128 232 141 207 1 12 243 209 192 23 24 131 51 69 12 95 134
90 48 120 224 35 72 120 80 173 132 178 171 143 31 4 80 166 149 223 128 0 65 144 192 215 249 11 131 38 128 7 19
3 142 4 155 157 147 138 236 86 17 88 215 96 232 60 196 89 10 170 189 166 227 79 191 44 6 159 76 28 14 184 140
49 135 66 174 28 147 74 252 86 1 216 194 115 224 184 224 88 170 10 236 143 171 79 191 184 174 131 8 61 138 248 140
98 32 88 193 109 25 248 64 237 32 240 11 138 136 22 130 234 205 198 5 4 114 197 192 22 24 2 49 69 12 91 134
17 142 78 191 28 135 75 252 86 1 220 198 115 225 58 65 89 170 2 172 171 170 95 191 248 167 171 8 60 138 120 136
83 0 135 141 78 10 168 72 252 128 210 198 217 130 240 214 122 197 126 141 9 211 199 192 148 42 142 0 44 160 49 4
32 32 5 161 76 75 160 72 30 164 240 203 128 128 80 0 120 140 106 133 0 114 75 208 156 128 143 56 21 8 117 130
104 48 120 96 33 77 81 16 105 168 52 40 159 23 128 52 134 149 221 8 136 96 240 0 195 249 33 178 98 128 66 35
104 48 120 96 33 77 81 16 105 136 52 40 159 23 128 52 134 21 221 8 136 96 176 0 195 249 32 146 98 128 66 35
32 32 88 201 108 9 232 64 109 32 240 11 138 8 20 2 234 205 70 5 0 114 197 192 20 24 2 49 69 8 91 130
145 141 71 158 20 135 238 230 212 0 74 198 113 226 176 225 89 106 2 238 171 184 30 191 168 174 130 0 61 10 112 172
2 152 183 219 245 199 186 87 95 73 114 82 172 223 36 100 199 59 31 16 163 188 113 255 45 30 146 130 146 8 229 191
52 72 123 108 64 238 115 114 245 134 238 0 115 243 33 16 120 252 66 106 72 179 48 14 83 175 0 0 99 243 102 162
37 162 4 185 220 3 226 200 86 176 208 195 193 192 248 192 89 136 42 157 58 114 79 159 156 134 175 124 181 136 120 128
33 77 42 45 20 143 198 103 68 64 234 8 179 152 50 32 216 234 90 109 205 187 84 63 244 173 4 24 89 186 218 140
82 203 11 188 144 135 127 247 166 5 202 197 165 135 32 80 228 187 47 196 90 155 16 125 249 164 174 200 48 2 165 26
34 32 82 201 77 25 248 64 237 36 240 11 138 136 22 130 234 205 206 1 12 115 196 192 22 24 2 49 69 12 91 134
33 170 160 17 244 173 227 87 94 45 120 93 163 136 86 8 217 10 66 29 150 184 64 19 76 28 16 116 216 140 210 204
74 176 147 250 203 233 49 71 187 19 96 56 188 151 96 222 163 187 227 144 18 90 178 209 221 210 90 107 146 64 167 107
134 174 132 155 179 225 182 167 158 31 75 181 236 234 106 73 131 75 163 17 54 72 11 247 44 54 95 195 144 69 141 70
90 184 147 240 171 237 17 71 171 25 176 56 190 151 64 58 163 27 237 16 19 75 178 209 219 213 122 251 130 64 135 59
248 207 78 190 158 210 78 182 148 198 196 175 99 101 179 195 72 226 205 239 108 207 12 63 240 99 237 145 55 253 188 88
242 207 100 158 143 208 142 230 128 198 200 139 97 236 55 199 104 226 169 199 108 11 142 191 48 32 205 57 53 126 252 76
104 144 251 72 100 216 241 23 233 76 126 173 154 157 180 120 170 144 223 16 131 169 54 193 71 61 48 196 71 132 86 127
47 48 241 201 111 247 216 88 95 105 249 106 138 157 252 172 223 153 23 152 159 182 91 210 15 92 147 246 223 143 80 183
108 50 255 97 96 108 121 16 233 216 119 72 159 21 193 27 166 20 100 56 129 244 176 64 199 249 96 64 194 161 67 179
53 135 72 171 156 131 66 236 86 1 217 131 99 224 58 64 89 202 2 190 30 35 79 191 184 132 135 125 57 138 248 128
129 141 7 158 20 135 175 224 212 2 66 70 112 226 180 101 120 106 42 239 97 249 31 255 32 42 195 0 29 40 112 172
72 30 190 159 9 214 181 32 190 206 214 35 236 246 34 103 240 119 170 131 32 217 43 239 213 231 238 131 144 124 53 115
97 32 122 193 108 13 232 64 105 160 240 74 154 136 84 48 234 141 70 9 132 115 212 192 20 24 3 48 77 136 91 132
97 32 123 193 108 13 232 64 105 160 240 74 154 136 84 48 234 133 70 9 132 114 212 192 20 24 3 48 77 136 83 132
99 32 113 64 102 89 120 80 105 0 116 40 26 31 132 54 166 212 70 8 129 112 224 192 23 248 0 2 71 136 70 165
129 13 6 158 20 150 166 96 212 2 66 70 112 224 180 229 120 106 42 238 101 253 31 255 32 42 195 0 25 104 120 132
49 130 4 185 92 3 99 216 22 176 210 194 211 195 184 192 89 136 42 156 43 242 79 157 220 130 167 116 61 136 112 128
2 32 82 145 69 153 232 64 237 0 114 3 140 202 54 148 234 45 206 1 4 177 132 192 148 112 138 3 77 12 107 134
24 32 6 161 13 139 176 64 62 164 210 3 207 136 66 64 248 45 239 1 12 241 193 144 148 209 139 51 69 12 29 194
99 32 113 64 101 89 120 80 105 0 116 40 10 25 148 54 174 212 70 8 129 112 224 192 23 216 0 2 71 136 70 165
53 132 12 191 156 135 67 232 86 21 196 18 115 225 58 65 89 202 42 172 42 114 127 191 249 167 151 68 48 136 240 200
96 48 121 96 96 73 113 16 105 172 52 40 30 31 192 52 166 149 79 8 0 96 224 192 215 249 33 179 98 128 70 35
33 132 12 187 28 135 202 232 86 49 208 83 241 96 56 65 89 10 42 173 46 227 79 191 172 6 139 20 60 8 184 128
99 32 114 65 101 25 248 64 233 0 112 10 12 154 52 180 234 13 70 1 133 113 148 192 23 120 2 2 79 140 75 133
99 32 113 64 100 93 121 80 121 8 116 40 26 31 132 52 182 220 86 8 129 112 224 192 23 248 0 130 103 136 70 165
54 160 12 169 157 27 162 200 30 176 146 3 195 200 114 192 249 140 234 149 46 241 91 157 156 211 143 119 21 12 88 134
62 162 4 169 157 27 200 200 22 176 146 3 195 72 114 192 217 140 239 149 46 227 75 157 140 211 143 119 21 12 120 134
88 48 120 96 32 73 81 16 41 172 54 40 159 31 192 18 166 213 237 0 8 96 128 0 211 249 37 179 98 128 7 3
107 32 113 64 101 93 248 80 105 64 52 8 10 25 148 182 174 212 86 8 133 97 240 192 23 216 0 2 71 140 66 165
177 141 2 158 21 151 70 236 86 2 202 66 115 96 56 228 89 234 2 110 47 170 95 191 184 174 131 24 57 10 120 140
145 141 15 254 20 135 102 226 212 2 202 2 115 226 48 97 120 234 10 238 105 189 29 63 176 174 194 0 57 234 112 40
41 32 211 65 103 153 248 64 121 160 112 74 12 138 116 180 250 237 70 9 129 240 148 194 23 28 3 32 79 136 75 132
19 134 4 159 29 147 138 232 214 17 192 87 224 106 62 197 217 10 170 165 46 227 79 255 184 54 203 85 28 12 184 132
99 32 114 65 103 29 248 64 233 0 112 74 12 155 52 180 234 29 86 1 133 115 148 192 23 120 2 2 79 136 75 133
104 48 56 96 32 77 81 16 97 136 36 8 159 23 0 48 128 148 93 8 8 96 176 0 195 249 32 16 64 128 70 34
48 128 4 169 28 3 138 200 22 176 208 195 211 200 48 192 89 140 107 181 42 243 91 157 172 130 143 84 29 8 81 128
72 48 121 96 99 77 81 16 41 12 52 40 30 31 128 52 166 149 223 0 0 96 160 192 215 217 32 147 98 128 70 35
35 32 122 65 103 29 248 64 233 32 112 74 10 154 20 176 238 141 86 9 133 113 244 192 23 88 2 34 79 136 75 133
88 48 120 96 34 92 81 16 41 140 54 40 159 23 128 82 166 213 253 0 0 64 160 0 211 249 36 131 98 128 7 3
48 160 4 169 29 11 162 200 30 176 146 3 199 72 112 192 121 140 107 149 10 243 91 157 141 130 143 53 29 8 25 128
54 162 4 169 157 27 160 200 30 180 146 3 195 200 114 192 217 136 234 149 14 99 75 149 156 211 143 119 209 12 24 134
145 141 71 159 20 131 111 240 84 2 218 70 113 226 176 101 120 234 42 238 233 189 29 191 176 174 227 0 61 186 112 168
35 32 114 193 109 157 248 64 233 160 112 10 142 136 116 48 234 173 70 9 132 114 144 192 23 24 3 35 77 136 75 134
24 32 12 161 13 11 240 8 31 164 210 131 207 8 2 64 248 141 239 1 12 240 89 144 205 209 139 49 116 12 29 130
66 187 155 248 43 205 49 87 171 29 164 105 174 151 96 122 167 59 255 16 19 75 178 209 217 213 26 251 144 0 167 59
125 79 110 46 12 18 78 244 193 198 206 207 99 232 179 211 88 228 109 239 237 135 142 47 178 239 229 152 111 255 120 92
98 34 96 224 109 73 240 64 79 36 176 137 131 136 22 16 200 133 207 1 12 99 193 144 148 216 131 59 85 12 86 134
99 32 114 65 103 153 248 64 233 0 112 10 12 154 52 180 234 189 86 1 133 115 148 192 23 120 2 2 79 12 75 132
153 141 14 191 20 150 110 248 84 2 194 70 115 226 184 225 121 238 42 238 237 189 29 63 224 175 227 0 57 234 120 0
16 24 158 183 4 206 184 64 188 204 66 7 245 254 34 64 240 127 175 129 4 217 147 236 197 227 238 1 0 32 45 210
5 168 147 90 217 237 33 194 255 17 96 24 158 147 96 188 163 58 66 24 19 122 18 113 29 156 16 106 210 1 99 162
1 8 135 151 5 158 41 82 252 192 198 66 252 226 32 230 96 110 106 136 1 217 183 236 133 34 222 0 10 32 41 172
2 32 82 177 69 153 248 64 237 36 114 3 143 136 54 0 234 45 206 1 4 241 144 192 150 209 138 35 69 12 75 134
67 40 23 177 35 138 40 0 173 32 210 196 205 130 0 196 230 45 126 140 1 217 133 192 132 240 139 130 10 4 41 5
46 172 128 154 221 209 146 200 23 181 244 139 96 200 107 132 217 202 131 149 62 115 74 183 127 87 143 127 147 12 60 198
34 34 82 129 77 9 232 64 237 36 242 11 141 136 22 2 234 205 78 133 4 243 193 192 148 152 138 51 69 8 123 134
80 48 30 177 34 206 121 16 172 36 210 1 213 207 2 64 230 61 127 129 0 209 145 64 197 225 171 129 36 0 37 195
41 163 161 49 117 189 224 87 94 237 120 77 162 136 86 136 153 42 70 29 147 248 242 17 77 93 49 112 202 140 210 200
52 13 91 100 210 74 119 115 52 128 234 32 23 179 1 16 56 188 70 104 8 187 0 14 241 164 32 0 225 160 102 162
3 40 22 151 71 223 160 66 253 32 114 3 12 202 38 148 232 109 106 1 4 249 146 224 21 48 138 35 65 12 43 134
50 34 5 169 12 75 128 72 30 164 240 239 199 128 64 0 216 141 111 129 8 243 75 144 152 208 143 51 17 8 21 130
18 0 6 161 12 75 224 8 31 164 210 131 199 0 0 64 248 140 111 1 8 241 75 220 140 146 143 49 81 8 21 2
52 134 12 185 220 3 98 200 22 176 210 195 195 67 248 64 89 140 42 188 42 240 79 157 188 130 231 116 61 136 120 128
16 0 6 169 13 15 112 8 63 164 194 3 199 10 0 64 248 141 111 1 12 240 89 156 205 243 139 17 48 8 21 130
16 34 4 161 13 139 240 8 31 164 210 131 207 136 2 64 248 173 111 1 12 240 73 144 205 209 143 49 117 12 21 130
48 205 42 60 29 137 199 103 214 37 232 9 163 169 50 64 200 170 74 13 90 171 80 63 241 237 16 57 113 8 210 138
80 201 3 190 16 134 111 101 164 64 202 69 181 211 32 80 240 171 27 197 75 153 16 125 240 164 170 0 56 2 33 24
242 207 36 30 157 213 198 238 192 6 200 11 99 232 55 69 72 226 104 207 110 11 110 63 49 38 140 57 53 126 252 76
168 138 76 185 28 211 200 63 22 65 214 243 177 13 178 193 72 184 159 149 186 158 69 157 236 227 186 193 53 136 220 216
2 40 82 177 101 137 248 64 237 36 114 3 141 200 54 2 234 109 74 1 4 241 128 192 150 208 10 35 69 12 107 134
128 158 59 253 240 230 163 55 20 14 90 96 245 119 32 65 119 62 19 169 49 156 1 31 109 166 42 192 16 8 165 251
137 136 46 255 28 143 105 39 222 21 198 18 247 97 50 73 72 34 42 28 58 252 115 189 207 251 210 80 16 136 240 72
5 160 5 137 220 11 225 200 22 180 210 66 194 193 224 68 121 140 42 156 11 114 79 157 28 2 135 52 176 136 80 160
33 32 82 197 70 9 224 64 120 160 242 74 155 136 84 144 122 205 74 9 4 243 199 192 20 152 3 32 77 8 107 128
0 162 4 137 76 11 224 200 30 176 210 74 194 1 80 68 121 140 106 141 10 115 79 157 156 2 143 53 52 136 88 128
96 32 251 68 108 73 224 64 105 160 240 10 26 26 84 50 170 213 70 0 0 114 196 192 23 152 3 59 69 136 70 134
3 32 86 213 71 155 160 64 253 160 114 66 140 218 116 164 186 109 66 1 5 241 148 192 20 16 11 3 73 12 107 132
49 132 13 185 28 7 192 232 214 49 194 70 243 96 56 65 89 128 106 173 42 99 75 157 188 130 235 84 56 8 16 0
25 132 12 191 28 135 64 248 86 1 192 70 243 97 56 65 89 202 42 173 47 178 95 191 244 167 243 0 56 8 120 8
88 50 120 96 34 12 88 16 41 172 182 41 159 31 0 82 166 213 237 0 8 64 128 128 211 249 37 177 98 128 15 3
97 32 115 65 100 89 248 64 121 0 112 8 27 27 148 176 122 157 70 8 129 242 228 192 23 248 0 0 71 136 66 164
26 4 4 169 29 27 64 40 14 176 146 3 199 40 18 194 201 196 238 37 44 225 91 156 156 211 207 23 24 12 25 6
19 32 94 161 6 139 184 64 252 0 242 3 205 202 54 64 250 45 106 133 4 177 135 192 148 240 10 3 101 0 43 134
16 12 159 223 23 198 104 96 252 128 66 2 124 227 32 97 114 111 42 136 33 209 22 239 53 174 202 0 32 32 33 162
3 32 82 193 103 155 184 64 253 0 114 66 12 154 52 164 186 109 66 1 4 243 132 192 20 216 10 2 79 12 107 133
17 140 15 254 20 131 71 232 212 2 202 2 115 242 48 96 121 230 42 234 105 187 31 63 241 174 227 0 57 122 112 32
9 40 210 209 87 155 250 64 125 160 114 10 12 202 52 148 122 237 130 9 36 242 132 206 22 92 3 43 111 12 107 132
104 48 56 96 33 77 81 16 97 172 180 8 31 23 64 48 128 148 92 8 8 96 240 0 195 217 33 48 98 0 70 35
38 172 130 153 221 211 178 202 151 164 228 11 40 204 102 4 217 248 131 145 46 123 90 191 63 22 143 127 147 12 60 198
16 16 190 191 23 86 178 104 188 196 194 3 255 254 34 64 242 125 191 161 44 209 19 239 241 231 238 1 32 32 45 82
52 166 0 187 157 131 194 232 22 37 216 19 67 192 122 64 89 138 2 188 62 115 77 191 184 134 135 125 241 10 248 128
98 32 113 64 101 89 248 80 105 0 244 40 15 27 148 182 170 213 70 8 128 114 228 192 23 248 2 19 71 128 70 165
104 34 113 161 45 9 224 64 111 36 176 141 143 8 20 16 202 133 79 5 12 99 193 144 148 241 35 57 69 8 87 130
45 132 5 153 221 199 65 200 86 117 212 18 210 225 58 64 89 202 42 172 42 242 123 149 93 138 199 124 51 8 244 224
99 32 113 65 103 89 248 64 105 0 240 74 139 24 148 182 170 213 198 8 133 114 244 192 23 216 0 19 79 140 75 135
19 132 4 173 29 31 192 232 223 48 146 7 195 104 22 197 217 128 238 181 46 225 95 157 184 210 207 87 28 12 25 6
88 50 120 224 34 29 88 16 41 12 180 168 159 31 192 16 166 149 221 0 136 96 128 192 210 249 34 131 34 128 15 19
17 12 67 223 20 130 110 112 84 130 218 70 113 226 176 228 120 238 62 174 233 145 13 255 176 174 163 0 61 250 112 32
41 140 4 190 29 133 66 236 86 21 192 19 98 224 58 192 217 234 42 140 46 162 95 191 185 38 147 13 16 12 248 140
0 32 87 245 102 203 184 64 252 160 114 66 140 218 116 128 186 109 66 1 0 241 132 192 20 128 11 2 69 8 99 129
16 32 12 161 28 139 224 72 158 176 130 3 214 128 48 64 121 164 106 29 40 241 89 156 141 18 143 21 24 8 25 2
16 32 115 193 70 11 248 64 125 0 242 74 156 154 52 160 250 77 78 1 4 243 135 192 20 152 2 2 69 8 99 134
18 38 12 161 29 15 192 8 78 180 146 7 199 8 18 64 201 132 110 37 44 241 91 156 152 210 143 87 56 8 25 6
18 32 82 213 71 27 248 64 121 128 242 10 140 202 116 182 250 205 206 1 4 243 135 192 20 248 3 3 69 8 107 134
0 0 4 169 29 139 96 40 142 176 194 2 215 33 48 194 73 228 106 45 40 241 91 156 156 2 207 84 24 8 25 0
96 34 113 64 98 73 121 80 105 132 244 168 15 31 132 52 38 149 79 8 0 115 160 192 86 248 0 2 103 128 70 163
67 0 23 144 35 154 56 64 173 32 82 66 204 194 36 100 166 53 126 12 1 209 177 192 148 50 10 130 12 0 41 37
80 2 4 161 44 11 104 0 45 36 146 195 207 3 16 80 226 133 111 1 8 129 65 196 133 242 139 17 52 136 21 2
17 40 158 151 6 139 184 64 252 128 114 199 236 202 36 64 250 109 106 133 5 241 22 234 148 38 11 0 13 32 43 132
18 32 86 153 71 219 176 72 252 0 242 3 12 202 38 192 250 105 234 129 4 243 135 192 148 160 10 11 97 4 43 134
80 0 4 165 29 11 96 0 175 164 130 3 207 3 2 64 224 133 109 37 44 193 81 156 133 242 203 17 48 8 29 2
80 0 14 165 29 15 96 0 173 160 130 3 207 3 0 64 224 133 111 37 40 193 81 220 133 242 75 17 48 8 17 2
16 40 30 145 7 203 184 64 252 0 82 3 204 218 36 64 242 45 106 129 4 241 20 200 149 162 10 3 5 0 45 134
33 169 59 65 124 141 224 82 234 93 124 76 158 152 86 144 170 42 66 92 151 58 146 113 79 153 50 104 200 9 203 193
40 176 9 122 93 237 209 203 134 57 169 24 178 221 72 48 137 26 195 16 27 43 218 53 73 149 17 127 208 10 214 178
217 76 15 229 2 66 107 48 52 130 198 96 215 3 129 113 50 244 124 234 105 148 165 12 208 227 226 128 38 179 34 40
168 202 76 253 60 139 73 55 148 93 214 215 243 15 178 73 76 164 63 12 236 156 119 157 198 179 242 208 28 136 124 88
199 159 5 191 168 7 134 168 158 122 131 245 196 100 10 195 213 71 105 231 245 65 75 63 168 34 239 212 152 117 145 82
74 177 26 248 59 220 57 87 171 29 164 44 188 151 64 114 166 51 255 16 19 11 178 209 223 209 26 251 154 0 47 59
152 111 26 165 82 138 103 116 52 4 102 229 151 3 2 81 54 173 76 226 104 156 0 14 244 225 34 0 40 176 43 8
105 35 18 66 109 29 64 71 233 13 189 92 130 136 70 148 200 138 198 24 94 43 194 32 18 217 16 59 74 78 218 142
33 57 40 49 116 189 224 83 110 121 124 77 179 137 82 8 136 42 70 29 151 184 82 17 79 217 48 96 200 8 218 216
127 79 230 46 13 54 79 248 129 202 200 207 99 236 183 150 88 228 125 239 205 131 174 168 242 237 237 152 47 255 122 92
220 88 158 181 43 94 188 160 172 158 135 53 205 94 75 203 231 85 253 195 100 197 155 160 195 227 123 151 8 53 45 83
98 32 121 97 108 73 232 64 105 0 240 72 139 26 20 50 234 213 70 1 132 114 196 192 151 248 2 19 69 136 107 134
80 0 86 180 13 203 105 32 189 32 66 3 222 163 32 82 242 229 110 32 0 209 145 196 149 178 67 16 0 8 33 2
97 130 8 189 76 7 71 248 86 31 198 70 243 225 58 64 89 206 42 172 42 114 203 31 212 167 227 12 56 168 112 160
96 128 12 141 76 15 96 232 22 48 194 74 210 225 96 65 89 196 106 44 42 114 203 149 28 34 195 116 24 40 80 0
33 32 122 65 76 25 224 64 121 32 240 10 27 24 20 48 122 157 70 136 132 242 197 192 22 24 0 33 77 136 74 134
19 34 87 177 7 155 168 64 252 128 242 194 205 202 36 132 58 45 238 129 36 241 5 204 148 210 11 3 101 4 41 132
81 0 22 165 45 27 96 32 239 160 146 67 207 40 48 196 226 133 108 37 36 177 77 156 156 242 75 19 52 12 25 6
52 142 6 187 157 131 66 232 22 189 208 7 98 225 42 64 217 170 34 48 58 242 73 191 168 134 133 117 209 40 124 130
96 34 90 96 96 13 120 80 41 172 182 9 143 11 68 18 174 213 79 136 8 82 192 192 222 249 1 49 99 128 78 3
17 8 131 190 28 195 103 104 86 0 202 2 113 243 56 96 121 234 42 138 11 187 75 191 177 166 131 8 48 42 112 168
16 44 82 158 87 147 162 66 125 128 112 2 44 202 54 132 122 235 130 129 36 187 4 238 52 6 2 3 97 8 107 134
88 16 30 165 34 74 121 48 44 4 134 161 223 55 2 82 38 213 125 128 0 193 145 76 211 227 106 145 36 160 45 83
34 40 38 153 93 211 178 66 159 164 112 3 168 204 38 4 201 59 163 145 38 251 82 255 31 22 159 35 19 12 116 206
104 48 184 100 37 77 81 16 97 172 180 40 159 23 64 50 132 212 76 8 8 96 240 0 195 249 33 49 66 128 70 51
88 4 190 173 30 82 126 40 180 130 194 3 223 127 32 67 242 213 253 161 44 193 147 12 241 227 238 17 32 32 45 2
16 0 222 222 94 194 40 104 244 0 194 2 124 243 40 66 114 239 42 168 34 209 31 253 53 35 202 1 49 32 45 162
18 36 215 209 18 155 168 64 252 128 242 194 205 194 164 228 50 109 106 160 37 241 5 76 148 34 11 0 77 0 35 132
81 0 30 165 44 11 96 32 239 160 130 67 199 40 48 64 226 133 110 5 12 177 89 220 148 178 75 16 60 8 25 2
33 34 82 161 78 11 224 64 236 160 242 78 142 136 80 134 106 204 78 137 12 243 199 192 148 16 3 32 109 8 91 128
34 34 6 137 76 11 224 72 31 180 208 79 194 128 240 68 121 140 106 12 8 243 75 208 28 18 135 54 21 8 80 132
36 128 0 155 205 197 34 200 86 61 208 19 194 192 106 192 217 74 34 52 38 115 75 183 29 22 199 127 144 12 248 130
25 13 195 207 20 130 110 112 84 0 218 66 113 226 176 224 120 238 62 174 169 177 45 191 176 239 163 128 61 234 112 32
16 46 223 149 86 139 168 64 252 160 242 226 205 194 160 65 50 109 106 168 32 241 5 76 180 162 111 0 101 128 33 160
64 0 14 149 76 139 96 96 190 160 66 10 214 240 32 64 121 236 106 32 32 241 31 92 156 34 71 16 56 8 89 128
16 34 87 161 14 11 168 72 108 128 242 66 141 202 20 130 106 205 106 129 0 243 199 192 148 136 11 1 101 8 43 128
16 32 22 173 31 75 168 72 124 0 242 3 207 202 32 192 250 205 238 129 14 227 7 205 148 226 138 3 37 4 41 134
82 0 94 165 13 11 104 0 173 36 146 11 207 163 34 208 226 133 239 4 8 145 209 192 150 242 67 17 32 8 12 2
96 32 120 69 109 73 233 64 105 160 240 8 155 26 84 50 234 221 78 1 8 115 196 192 23 152 3 49 65 8 110 130
96 0 6 157 77 139 96 104 159 176 194 10 198 224 32 196 121 228 106 32 36 113 75 220 156 34 207 21 24 8 25 6
36 128 9 153 205 211 161 200 22 244 212 10 208 213 104 228 217 140 42 152 3 115 123 149 29 2 143 125 16 8 116 226
17 20 158 157 18 195 171 72 252 64 210 134 253 194 34 96 122 237 106 161 39 241 23 205 244 35 139 0 41 0 41 144
64 18 87 165 44 139 105 48 173 36 82 199 206 163 32 86 98 229 110 44 0 209 17 196 148 50 67 16 12 8 33 17
104 32 114 225 109 89 248 64 105 0 240 72 139 26 20 178 234 221 206 1 140 114 196 192 150 249 34 19 69 8 107 134
81 128 4 173 13 27 64 168 207 240 146 15 199 40 18 197 225 132 238 37 44 97 95 157 156 242 203 23 60 12 25 6
96 32 83 69 100 73 232 64 105 160 240 138 11 137 68 180 42 157 70 128 0 115 132 192 23 184 7 41 69 128 102 160
16 44 30 159 18 194 170 96 252 4 194 130 109 194 32 65 122 229 106 161 32 209 7 108 176 162 74 1 33 0 45 130
153 70 71 175 52 130 75 48 180 8 211 230 247 3 176 65 118 36 60 174 233 132 69 159 192 235 226 128 62 138 113 9
74 185 58 216 43 221 57 81 175 93 164 44 188 151 102 116 166 49 223 16 19 11 178 209 219 209 26 123 26 4 39 123
129 185 58 57 60 141 241 210 238 89 52 12 190 153 82 32 138 42 74 93 147 41 50 113 77 153 2 120 72 8 75 211
134 188 132 27 241 251 22 175 31 127 11 57 236 124 78 205 145 91 163 19 54 88 75 183 45 86 93 231 146 79 157 87
79 191 242 18 242 178 190 218 186 237 57 253 76 236 239 150 183 103 208 119 183 73 156 110 42 7 45 238 207 247 139 213
221 158 133 183 136 7 6 184 150 250 130 253 212 100 152 207 213 70 121 111 229 85 223 63 172 34 237 148 24 124 145 117
9 192 38 187 45 173 97 18 206 95 83 21 246 137 50 72 192 32 63 13 135 180 115 181 197 251 114 80 26 12 81 90
138 178 59 242 114 132 57 214 190 29 116 212 157 135 232 120 167 27 151 152 146 28 162 245 221 217 58 232 128 128 167 241
64 8 82 149 70 203 32 96 254 160 66 98 221 226 32 80 114 108 42 8 1 241 135 208 20 34 107 0 44 40 49 128
19 34 23 169 15 11 232 72 109 0 242 194 207 74 16 196 234 133 110 129 12 225 7 204 144 242 138 2 101 0 33 4
81 2 87 165 46 11 104 32 239 32 146 195 207 42 0 194 162 197 110 1 12 161 5 208 144 242 75 19 44 40 9 5
33 34 82 136 77 9 224 72 111 32 240 78 142 136 212 132 104 141 78 137 13 243 197 192 148 16 131 58 77 12 107 132
98 34 120 64 104 28 120 80 105 132 244 8 139 11 148 20 206 148 79 140 136 98 192 192 215 248 0 153 70 128 102 130
96 34 82 77 77 9 224 72 235 128 240 74 10 136 68 146 104 221 198 128 8 114 194 64 21 144 3 41 65 8 110 128
32 132 19 158 92 193 66 236 86 1 200 66 114 241 40 192 89 74 34 8 11 178 75 191 61 166 131 104 48 10 112 168
2 46 18 154 87 147 170 98 252 4 112 3 40 202 52 128 248 235 130 129 38 250 14 239 52 54 154 3 81 8 43 142
80 128 142 252 92 194 160 232 214 16 194 2 113 243 40 64 121 236 42 160 34 211 139 221 85 163 235 13 17 32 109 130
18 12 6 159 21 203 178 102 159 132 210 3 36 232 38 68 249 107 139 1 38 249 2 255 189 22 31 3 81 12 61 142
88 16 220 229 34 72 88 48 45 160 166 169 223 55 0 82 38 213 253 0 8 64 193 64 211 243 99 145 34 160 15 3
104 48 184 96 33 77 81 16 41 168 52 40 159 23 128 18 134 213 221 0 8 96 240 0 195 249 33 179 98 128 70 51
88 4 158 173 13 66 92 40 164 166 194 3 223 123 0 195 224 245 237 163 44 193 89 140 241 227 235 17 32 32 45 2
65 32 23 165 46 11 105 64 173 32 242 64 222 130 0 70 162 205 110 13 1 241 145 192 149 178 11 16 64 8 3 33
80 32 158 188 66 66 169 72 252 0 194 2 93 194 32 66 114 205 106 137 0 211 151 192 213 35 170 8 33 0 33 162
52 166 6 185 221 143 226 200 22 180 208 71 102 193 32 133 217 106 162 48 42 243 91 159 157 134 197 53 209 12 84 130
112 32 120 193 77 73 225 64 105 164 244 10 138 136 86 22 232 213 206 129 8 243 240 192 213 184 131 51 69 8 103 130
36 136 6 153 205 195 160 200 30 60 208 3 192 192 106 192 217 40 170 0 6 243 75 147 29 6 143 127 16 12 124 130
153 15 67 255 20 146 110 120 84 0 218 194 113 226 176 224 120 236 6 236 169 179 45 191 176 239 163 0 61 234 112 32
17 2 87 181 66 139 171 96 188 128 82 198 221 227 176 192 126 45 42 172 32 209 7 78 148 166 42 128 37 128 33 160
36 160 61 216 205 219 177 200 94 180 246 10 196 212 100 96 249 184 234 16 2 99 107 145 95 3 7 63 208 8 116 226
32 32 114 109 77 13 224 72 107 32 240 10 9 136 20 2 104 204 66 129 4 242 212 192 23 152 130 33 77 8 106 130
50 34 6 137 77 11 160 72 30 180 242 207 194 192 228 196 249 140 234 133 4 243 207 208 156 18 143 62 93 12 81 132
81 16 15 157 31 199 105 72 228 64 198 6 220 86 50 102 104 229 106 173 47 227 123 205 209 34 138 0 57 0 33 242
90 0 78 132 79 89 112 72 173 164 230 11 78 227 34 210 226 197 238 128 12 211 131 192 150 35 67 27 35 44 43 2
83 18 87 148 71 141 105 80 189 68 246 206 76 231 34 86 114 237 106 12 1 211 183 192 149 34 67 10 42 4 35 244
90 34 6 173 31 27 32 72 39 0 210 227 206 66 0 198 104 197 238 129 14 227 79 221 148 98 202 19 50 12 41 6
137 248 63 59 45 205 177 71 238 80 176 16 190 153 98 43 138 51 74 16 67 45 50 113 197 217 18 122 80 8 195 202
169 166 224 65 228 59 228 55 121 227 54 254 19 40 212 63 59 204 70 61 241 252 101 2 110 11 117 244 239 200 218 165
214 185 155 118 195 68 61 182 171 91 3 120 60 183 64 114 167 215 253 194 83 75 154 97 217 177 126 234 8 115 163 59
95 220 135 149 174 86 7 184 86 250 70 254 84 246 249 239 21 110 120 47 237 80 239 27 184 38 237 182 46 252 152 117
16 4 14 191 25 194 33 72 244 4 194 3 236 194 32 67 120 227 234 160 42 195 31 253 209 163 202 9 17 0 45 130
80 0 19 148 71 202 97 96 188 4 98 10 76 243 32 84 114 237 106 0 0 211 151 196 149 34 75 9 32 0 39 162
67 26 191 254 162 68 53 23 168 219 86 116 220 183 224 106 230 119 61 130 145 221 179 224 213 251 254 138 136 113 165 115
134 190 148 19 243 251 182 175 31 127 11 185 204 124 142 133 151 123 179 19 54 88 79 247 44 22 29 231 148 71 157 87
73 24 183 249 45 237 97 18 239 89 67 20 190 209 48 204 192 34 123 28 3 33 51 177 199 249 18 8 154 13 81 114
32 140 17 154 93 193 130 200 94 1 72 122 96 240 44 196 217 42 34 0 35 51 74 191 60 6 131 46 24 10 248 134
32 32 86 185 69 207 224 64 254 32 112 2 200 216 36 144 248 108 98 129 5 243 144 192 21 152 3 35 73 8 75 130
32 2 14 189 93 135 160 72 150 180 210 3 96 193 96 192 217 108 234 20 10 243 91 156 29 195 135 29 17 8 124 146
48 160 61 201 77 91 177 200 94 180 182 10 214 212 96 96 249 156 234 0 10 227 107 145 221 129 143 55 17 8 117 226
57 12 75 255 20 147 106 120 86 64 202 194 243 227 176 224 88 234 6 172 47 178 79 191 224 239 163 0 63 170 120 128
104 48 248 100 96 77 89 16 105 168 180 40 159 23 196 54 134 213 221 8 8 96 192 192 199 249 37 50 98 128 70 35
48 178 22 153 79 219 178 200 222 188 208 43 230 208 98 128 249 40 234 17 4 243 75 152 156 3 7 127 16 12 61 135
18 14 14 159 23 131 182 96 188 134 210 3 228 226 34 65 248 103 234 35 36 217 3 254 185 54 75 19 0 40 61 6
82 0 158 165 44 74 108 32 173 166 130 131 207 34 0 83 226 213 109 163 40 193 129 204 145 243 203 17 36 32 37 2
27 34 7 141 13 27 160 72 158 160 210 231 206 192 228 196 248 140 238 133 13 227 199 212 156 82 143 50 31 12 25 148
17 14 78 189 18 130 107 112 52 132 78 198 89 227 178 68 122 236 38 172 41 144 5 78 244 239 170 0 45 162 97 160
90 34 4 172 13 27 112 72 175 32 242 239 206 2 2 212 232 133 238 129 12 67 207 212 150 115 203 27 58 12 40 6
112 0 6 156 73 199 1 72 54 12 194 3 196 195 42 68 248 221 234 160 42 67 91 221 209 34 139 11 16 0 36 130
112 0 83 156 71 205 96 64 189 4 98 10 108 210 100 212 248 173 162 128 0 243 146 193 21 162 67 43 33 8 103 162
201 72 27 248 109 253 112 214 206 17 102 24 190 145 113 248 192 42 58 12 3 43 146 49 87 185 16 41 146 217 88 42
6 174 180 19 179 187 190 174 190 191 11 177 236 236 78 141 183 123 179 19 54 216 15 255 44 86 95 231 148 87 141 223
78 218 187 254 168 64 61 144 170 95 87 180 188 247 232 106 231 95 189 192 147 68 170 225 198 245 254 138 140 113 165 115
2 46 6 158 85 135 162 108 222 12 240 3 232 234 46 197 248 107 162 129 38 251 10 255 33 54 154 3 81 12 45 142
136 224 55 121 171 201 177 71 238 17 160 176 175 223 96 187 163 51 206 16 66 13 2 81 196 209 26 123 82 128 167 171
137 190 243 83 228 189 254 246 251 59 57 124 190 233 220 169 167 107 70 14 179 124 8 115 46 220 117 160 203 217 195 185
198 253 155 246 234 228 63 146 171 90 24 124 60 247 200 115 167 255 85 194 195 79 186 99 249 176 239 234 8 113 167 179
120 34 90 164 79 25 240 72 41 4 246 43 74 130 70 82 234 205 238 128 4 67 195 192 214 163 195 43 97 12 110 130
214 223 169 178 188 96 31 191 143 91 154 247 252 127 217 98 199 215 189 147 251 77 235 247 248 119 190 222 156 84 181 123
88 0 152 228 32 72 88 16 41 8 166 137 223 55 0 82 166 213 253 136 8 64 193 192 211 249 106 145 34 160 15 3
16 0 30 141 10 66 41 72 254 4 198 2 221 147 32 114 122 205 110 136 0 211 135 208 213 162 234 128 33 0 33 162
81 32 23 133 10 10 41 64 236 32 210 66 222 130 0 118 38 69 110 12 1 209 183 192 149 160 10 0 32 0 33 32
24 144 142 189 92 194 32 232 86 20 230 34 113 243 32 64 121 108 170 160 44 211 203 221 84 163 235 13 49 40 44 130
97 32 81 129 108 13 96 64 239 224 242 200 222 130 196 246 170 68 110 12 1 83 229 208 148 186 3 48 24 8 67 36
81 0 47 157 77 71 73 72 247 80 198 2 240 247 32 118 249 196 122 168 11 99 251 221 213 50 203 31 18 8 36 102
51 32 66 141 109 9 224 72 111 96 240 206 138 136 212 150 232 204 78 5 13 99 223 208 148 16 131 58 79 12 66 148
48 32 122 193 77 73 241 64 109 36 246 10 142 153 86 16 232 157 206 129 8 115 225 192 213 24 131 59 69 8 118 226
