96 32 128 165 74 73 160 72 14 180 240 139 130 192 68 2 105 204 66 1 10 115 219 17 29 0 7 61 65 40 86 130
16 32 6 5 74 11 160 72 116 0 226 66 80 192 0 2 56 76 106 8 0 243 135 0 20 32 2 8 65 8 35 128
32 32 6 9 73 11 160 72 230 168 224 72 192 192 64 82 105 76 106 0 0 211 203 16 28 2 5 56 64 0 114 130
81 34 16 32 40 13 88 0 107 168 178 72 143 18 192 182 166 197 108 24 13 97 193 64 152 249 39 178 74 128 3 5
89 34 134 37 74 10 32 72 54 160 194 136 67 160 0 146 120 204 106 128 8 211 199 0 20 35 33 0 97 0 42 128
33 32 15 1 72 11 33 72 118 224 226 76 208 192 194 84 121 76 106 4 1 211 239 16 28 2 5 56 72 0 114 240
80 134 68 141 27 75 4 168 167 54 130 136 195 98 4 199 73 196 236 32 40 193 79 29 140 242 199 87 50 40 12 4
81 6 223 95 26 2 101 56 246 130 226 226 115 225 160 99 121 228 106 170 41 241 239 45 116 162 231 0 121 248 112 32
80 32 134 4 75 74 32 72 118 228 194 140 67 160 2 22 120 204 234 0 0 211 215 0 21 34 1 33 97 0 38 214
32 32 6 1 73 11 32 72 118 160 226 8 80 192 64 80 121 76 106 0 0 211 207 16 29 2 5 57 64 0 114 128
48 32 196 165 9 11 160 72 62 180 176 139 199 1 64 146 89 204 234 17 8 243 223 16 156 208 7 53 65 44 95 130
81 32 159 133 10 10 41 72 236 160 194 66 221 162 208 114 99 197 106 156 1 209 135 64 156 34 239 0 40 32 35 36
80 32 134 36 74 14 32 72 118 160 194 72 83 160 64 18 120 204 106 0 1 211 199 0 21 34 35 0 105 0 34 162
48 34 6 1 74 11 32 72 118 160 226 204 64 128 64 80 121 204 106 0 1 211 207 16 28 0 5 56 73 0 82 128
20 160 148 185 219 199 160 200 22 176 224 10 196 210 104 192 121 88 226 16 2 83 91 21 157 130 7 127 144 8 45 130
64 2 159 93 12 2 101 104 244 130 226 66 80 224 160 98 112 100 106 168 41 241 139 13 84 162 231 0 24 120 96 32
32 32 192 164 76 9 224 72 14 164 240 139 130 128 68 2 104 204 66 1 8 115 203 80 29 0 135 57 97 40 86 130
80 32 134 5 74 138 32 72 230 164 194 136 194 160 66 18 104 236 106 0 0 211 199 64 20 32 3 1 64 0 43 68
164 140 23 30 152 131 6 184 214 2 96 104 115 225 168 81 17 110 32 42 105 250 11 63 40 166 101 16 80 248 66 168
81 32 151 133 10 10 41 64 236 160 194 66 220 130 80 114 96 197 106 140 1 209 133 64 156 34 143 0 40 0 35 4
20 140 150 30 155 218 6 172 118 19 64 16 102 242 40 212 145 74 160 2 50 200 11 63 169 166 21 79 208 98 132 14
83 32 135 133 10 10 104 64 236 128 194 194 212 130 64 114 96 197 106 140 1 209 133 64 156 32 143 0 40 0 35 4
32 32 192 133 78 73 224 72 14 164 240 139 130 128 80 2 104 204 66 5 8 115 207 80 28 0 135 57 65 40 86 130
81 0 135 157 12 2 161 104 246 128 194 66 208 224 32 98 120 228 106 136 0 209 131 72 21 34 199 0 17 104 112 32
36 160 4 137 203 67 160 200 22 176 192 11 212 192 96 0 121 152 98 16 2 83 91 17 29 130 143 125 177 8 37 130
36 140 150 62 152 131 7 184 214 2 98 108 115 225 168 81 17 102 32 42 104 242 11 63 104 166 101 0 120 248 64 136
20 132 146 30 155 135 6 232 118 19 64 16 102 226 40 84 145 74 32 34 50 216 27 63 169 166 21 79 146 98 169 6
81 32 142 133 8 10 32 72 236 128 194 66 212 226 80 114 96 196 106 140 1 209 135 64 156 34 207 0 9 32 35 4
32 32 132 133 74 11 160 72 22 180 224 139 194 192 64 2 121 204 98 17 8 115 223 16 29 0 15 61 113 40 86 130
65 0 159 29 12 10 164 104 246 130 194 66 80 224 32 98 120 100 106 168 41 241 139 9 21 34 231 0 25 120 112 32
52 160 148 153 219 195 160 200 22 176 192 10 196 194 104 0 121 88 226 16 2 83 203 21 157 130 15 125 176 8 45 130
81 32 135 133 10 10 33 64 236 160 194 66 212 162 80 114 96 197 106 140 1 209 133 64 156 34 207 0 40 32 35 4
80 2 159 157 12 2 160 104 246 128 194 66 80 224 32 98 120 100 106 168 32 209 131 76 21 162 231 0 16 104 112 32
36 160 20 153 203 131 160 200 22 176 224 10 228 208 104 192 121 152 226 16 2 83 91 17 29 130 143 125 177 8 33 130
60 98 18 33 195 233 160 192 48 61 228 8 2 129 65 157 121 152 194 16 10 54 192 0 213 193 16 107 227 25 102 162
60 97 210 96 229 41 214 215 105 27 121 25 3 9 9 152 153 154 196 18 30 178 72 34 160 221 4 87 195 219 202 130
224 66 0 187 76 141 32 68 196 25 225 88 163 131 104 194 72 170 10 72 78 26 194 49 133 176 178 57 24 26 216 136
144 40 66 27 2 130 96 66 116 4 227 178 3 131 194 89 120 168 34 216 14 254 69 32 128 160 210 65 97 129 104 128
28 0 66 209 7 73 96 64 124 53 67 130 3 130 96 233 48 8 42 24 6 176 5 128 148 128 210 69 50 136 117 132
73 135 23 45 57 146 66 48 228 9 230 96 195 33 168 209 88 36 106 104 61 169 1 15 226 231 98 84 106 134 96 8
80 32 22 141 12 2 160 64 228 32 194 34 196 130 32 194 104 204 106 128 12 211 129 192 148 32 138 17 0 8 49 128
240 71 202 68 4 26 37 53 96 170 231 76 114 161 132 211 112 196 104 44 104 255 161 10 242 43 96 17 74 168 120 40
56 16 6 41 9 247 64 0 54 41 227 1 66 144 42 216 216 172 170 48 12 145 81 16 145 97 192 7 115 12 124 18
32 32 6 9 74 3 160 72 230 160 226 8 64 194 96 82 104 76 106 128 0 211 203 0 28 2 3 32 64 0 34 128
16 32 135 5 74 11 160 72 118 128 226 64 66 192 64 2 56 76 106 0 0 243 135 16 20 32 3 8 97 32 35 128
16 32 6 1 74 11 32 72 230 32 226 0 64 128 96 16 104 12 106 128 0 211 143 16 20 2 3 1 97 0 35 128
67 36 219 103 32 42 107 0 105 129 107 200 231 34 132 52 178 39 100 12 1 176 129 104 132 252 0 0 64 227 67 164
36 0 2 160 85 70 162 72 96 8 243 2 64 147 40 78 120 132 2 34 0 179 0 206 21 164 130 13 65 42 102 130
216 55 26 97 0 15 116 119 53 46 198 41 23 3 2 81 48 156 205 34 108 149 1 14 243 225 32 5 34 192 46 10
37 96 10 136 108 189 161 72 134 109 125 14 132 208 43 8 216 40 2 32 20 54 98 144 5 144 129 47 208 11 216 195
86 159 15 227 180 128 111 183 0 56 154 98 117 43 120 67 105 214 61 235 123 91 9 237 252 195 239 196 36 138 180 41
70 165 150 18 145 254 22 172 58 151 11 17 238 242 74 148 145 91 160 18 54 200 154 119 169 54 21 71 130 119 143 6
181 206 205 62 130 35 71 188 210 194 96 252 115 225 137 51 25 102 68 110 233 102 14 47 96 174 101 56 121 243 194 169
86 236 132 150 155 119 54 200 146 179 64 17 196 242 75 206 145 95 233 18 54 81 154 50 169 6 205 111 128 117 143 134
101 44 143 23 204 34 134 168 210 146 194 66 112 224 225 107 89 102 104 190 57 193 143 42 40 38 229 4 129 121 112 0
20 228 128 23 155 99 6 200 22 183 64 17 68 224 73 142 17 94 160 178 50 210 155 58 169 6 77 47 160 117 181 130
117 46 143 87 132 34 103 248 210 178 66 86 83 225 217 11 89 102 96 62 185 243 175 42 104 43 229 4 237 249 240 32
188 5 8 133 205 105 167 224 4 108 220 10 146 33 43 130 72 194 138 42 105 50 65 130 244 133 230 61 26 120 24 208
104 52 10 1 81 89 167 96 32 110 166 8 130 16 3 144 56 132 202 34 97 23 240 10 53 37 0 51 73 96 11 210
37 78 167 30 140 34 135 184 210 210 66 244 112 224 241 43 89 102 32 62 233 243 175 42 104 38 101 4 229 249 208 96
22 228 128 22 155 119 22 200 22 179 8 17 68 246 107 200 145 78 160 50 54 65 155 58 169 6 77 111 144 119 173 70
105 137 4 155 13 217 37 148 196 88 198 14 179 0 202 231 72 130 234 8 43 0 245 161 180 225 162 24 58 88 16 8
29 96 194 49 2 185 96 210 118 71 102 132 139 195 211 220 57 136 34 156 15 148 183 82 134 199 82 33 227 212 107 196
165 204 94 94 152 131 6 190 214 18 102 252 115 225 160 113 17 98 32 46 105 254 43 63 106 174 101 16 120 240 194 40
148 180 146 30 155 142 22 172 118 23 105 16 102 242 42 84 145 74 160 34 114 201 27 63 169 166 21 87 210 114 173 6
20 164 144 30 153 223 22 172 118 19 104 16 102 240 40 208 145 74 160 50 54 72 27 63 169 166 85 79 208 98 137 6
164 206 159 126 152 131 6 184 214 146 98 232 115 225 169 81 17 102 32 42 105 210 11 63 104 167 101 16 112 240 64 40
44 32 2 8 73 95 32 72 180 8 101 0 2 208 40 164 216 24 130 32 8 183 130 8 17 160 0 43 82 46 42 134
32 82 23 185 116 163 33 68 148 9 91 102 148 211 40 72 248 56 2 16 3 145 2 140 128 135 34 66 152 10 49 161
37 108 135 22 140 34 135 184 208 178 66 84 113 225 233 11 89 102 96 42 121 243 175 42 40 38 101 0 201 249 240 160
20 228 132 23 155 99 22 200 22 183 64 16 68 242 73 14 17 94 160 18 50 80 139 50 169 6 93 111 144 113 133 6
93 222 10 130 196 72 39 244 36 95 198 118 128 35 234 74 105 134 10 100 41 17 161 162 156 5 246 4 136 88 184 80
96 0 0 137 76 9 32 72 100 32 194 11 198 192 32 66 104 204 106 8 8 83 195 0 148 32 130 56 48 8 16 0
210 23 18 184 17 180 178 97 236 200 203 119 173 218 32 196 240 41 170 161 21 129 130 202 160 244 138 11 10 6 189 151
96 32 5 129 76 11 32 64 198 32 194 74 194 128 64 64 104 132 106 8 8 211 197 16 148 32 131 16 48 8 16 128
185 235 85 165 74 3 175 109 16 164 48 170 125 2 132 167 62 253 2 234 97 127 44 207 56 139 239 176 101 42 131 168
64 160 134 29 9 10 32 200 246 176 194 0 66 224 64 150 145 100 104 0 0 211 139 8 13 34 69 55 64 32 2 6
96 32 4 129 8 11 32 64 198 160 194 10 208 130 0 64 104 132 106 8 8 83 197 16 148 34 131 16 16 8 48 128
80 0 18 129 75 8 32 64 100 32 194 66 198 130 32 66 96 204 106 136 0 209 133 64 149 32 130 0 32 0 35 128
32 32 2 129 76 9 160 64 110 32 226 10 128 128 96 208 104 12 106 0 0 114 193 16 20 0 131 48 65 8 90 128
44 0 130 220 13 198 64 64 212 128 203 2 128 211 33 77 216 40 34 10 8 146 82 128 129 176 194 11 18 123 120 130
80 0 27 129 74 8 33 64 100 32 194 194 215 130 0 66 96 204 106 136 1 211 133 64 148 160 34 0 40 0 33 32
36 16 18 140 29 3 162 72 132 132 209 7 196 128 43 64 216 44 138 35 4 163 80 140 144 6 10 61 16 43 41 128
101 162 196 17 172 11 224 136 110 177 146 168 195 224 220 150 3 70 110 28 2 96 207 16 12 26 229 253 196 168 91 4
246 197 4 31 139 82 150 172 179 182 161 155 96 118 15 159 49 215 232 226 100 71 223 125 57 34 85 23 115 117 174 70
32 32 0 129 77 73 160 64 198 36 226 11 128 128 64 64 104 140 106 0 0 115 209 16 21 0 131 57 81 8 94 130
80 0 18 129 74 8 96 64 100 32 194 130 207 130 0 66 96 204 106 136 0 211 133 64 149 160 130 1 33 0 33 0
181 110 239 126 138 34 71 248 80 226 252 238 115 97 185 51 27 230 68 110 233 231 45 47 242 239 101 144 237 251 114 57
86 164 132 151 155 103 22 200 158 183 128 25 204 246 75 143 145 95 233 18 54 67 219 114 185 22 79 127 130 117 143 214
117 38 207 119 132 34 103 184 114 242 194 86 83 97 145 43 121 230 96 62 185 242 239 42 120 175 229 4 237 249 240 96
242 165 119 71 222 131 158 105 72 32 251 74 121 24 20 129 62 119 81 227 240 187 133 157 50 40 41 210 109 10 219 137
22 165 128 2 155 99 22 232 22 163 137 19 66 114 107 64 17 206 168 178 62 195 13 62 184 6 141 87 177 119 168 2
36 122 139 137 76 97 163 66 18 111 80 118 20 128 106 72 89 8 2 17 7 54 192 130 20 132 178 40 217 90 158 144
165 204 197 63 194 171 7 190 82 242 96 248 115 97 129 59 19 106 32 74 225 124 14 63 100 10 117 32 121 249 194 168
96 32 0 129 76 9 160 64 198 32 226 74 144 128 68 64 104 140 106 0 0 115 193 16 20 0 131 56 81 8 82 128
80 18 135 28 10 2 33 120 118 236 194 100 66 228 160 82 113 236 104 128 9 211 171 8 24 162 101 4 104 32 32 80
86 133 146 18 147 98 22 173 179 151 139 16 76 242 44 20 145 86 200 98 114 73 10 63 57 38 5 95 130 119 166 6
89 0 134 28 8 18 32 120 118 224 230 0 83 225 160 98 113 228 104 136 8 211 175 8 90 227 101 4 99 160 96 32
0 176 133 29 72 15 176 200 214 248 64 105 196 244 64 2 157 92 106 16 2 83 203 17 13 2 69 126 80 40 2 211
48 0 6 153 11 11 32 72 134 160 194 66 192 192 32 66 72 76 106 0 8 195 207 28 20 34 131 24 49 8 48 130
8 160 132 29 73 91 161 200 214 244 68 8 192 224 66 134 25 76 234 16 6 83 239 17 76 3 69 125 82 44 14 212
32 18 7 153 74 11 32 72 134 32 194 231 192 192 32 66 72 76 106 0 1 195 207 20 20 34 163 24 24 8 48 208
80 0 134 28 8 2 34 104 118 168 226 64 67 224 32 66 113 228 104 128 8 211 139 8 24 162 69 0 97 32 96 2
32 0 14 153 10 11 33 72 134 160 194 130 208 192 32 66 72 76 106 0 0 211 207 28 84 35 163 24 16 8 48 160
16 16 7 136 75 71 32 72 102 168 194 66 192 208 32 64 104 12 106 0 8 211 95 28 21 34 3 16 16 8 52 2
17 0 6 137 74 3 32 72 230 160 194 2 192 192 32 192 104 12 106 8 8 211 79 28 20 34 3 16 16 8 56 0
16 0 6 136 11 83 33 72 102 228 198 2 192 192 34 196 104 12 106 8 12 211 79 28 20 34 3 1 16 8 60 64
8 160 132 29 72 11 160 200 214 176 64 8 192 224 192 130 89 76 106 24 2 83 203 17 12 3 69 124 80 40 10 128
1 58 25 27 50 137 35 88 30 65 65 236 180 198 161 72 22 43 2 28 3 158 74 63 196 4 58 40 152 11 1 153
49 16 15 137 8 11 161 72 134 96 194 230 210 128 162 64 104 4 106 4 9 195 207 16 148 34 163 24 24 8 48 240
88 0 4 45 41 91 68 40 46 182 130 169 195 34 128 214 67 196 236 42 44 65 207 29 136 243 67 21 50 44 76 4
97 2 223 95 8 2 37 120 246 146 226 228 243 224 160 98 89 228 106 8 9 227 239 57 84 34 99 24 24 232 112 32
0 32 68 161 44 75 224 8 46 164 178 137 199 0 64 146 202 204 238 5 8 225 193 128 140 209 47 49 68 8 79 128
246 196 196 31 139 114 148 168 146 178 130 155 64 118 15 143 25 215 232 163 108 71 223 121 185 34 221 55 97 116 142 6
181 206 237 126 138 35 79 184 82 194 120 238 115 97 153 59 31 230 100 110 233 230 79 47 104 175 101 156 237 251 82 57
81 34 159 133 10 10 105 64 108 128 242 64 221 130 144 114 106 197 110 136 1 211 197 64 156 34 171 0 8 32 35 36
30 180 148 23 155 119 22 136 158 183 130 17 76 246 79 143 145 95 233 178 62 193 219 170 185 86 77 55 130 117 189 6
53 38 239 117 134 34 71 248 114 226 246 254 83 97 209 43 121 236 100 46 249 242 237 10 120 175 229 132 237 249 242 49
36 160 20 153 203 207 48 200 150 180 224 10 68 210 96 128 89 92 234 16 2 83 91 29 29 130 13 127 144 8 45 130
80 2 143 93 8 2 33 120 118 128 226 70 82 224 160 66 112 100 106 40 9 241 139 12 84 34 231 0 41 104 112 32
48 32 132 141 79 75 160 72 62 164 160 11 2 128 64 146 120 220 234 1 8 115 219 80 29 0 15 57 65 40 78 130
6 172 148 18 153 244 22 140 190 183 2 17 236 246 79 220 145 91 161 18 54 80 155 127 41 22 93 111 130 117 141 78
181 78 207 126 136 35 71 184 82 226 98 236 115 225 185 59 29 102 100 46 233 226 15 46 96 175 101 24 233 249 66 41
65 34 143 133 78 10 97 64 108 160 194 66 212 130 144 114 96 196 106 136 1 209 135 64 148 34 143 0 40 32 99 32
6 164 148 23 155 85 22 200 146 183 0 9 228 242 75 142 145 95 233 18 54 67 155 59 41 6 79 111 128 116 15 198
117 38 207 87 140 10 39 248 82 242 226 102 83 225 145 43 89 102 96 62 185 243 175 42 104 47 101 4 233 248 112 32
29 188 7 3 144 29 163 208 164 125 238 100 145 7 202 166 109 22 202 222 27 177 97 33 94 197 34 64 235 135 39 240
89 82 138 162 68 20 103 212 230 254 70 102 53 162 235 238 97 206 170 204 5 147 168 226 220 197 167 37 162 121 124 248
40 23 138 140 252 117 161 96 0 108 244 46 80 32 170 67 88 194 130 40 57 179 97 140 124 3 230 53 144 104 52 241
24 54 10 1 81 125 182 114 32 110 190 44 134 52 2 150 40 132 202 32 36 51 177 14 245 7 32 55 66 110 15 211
65 16 143 28 74 130 33 88 246 196 194 236 80 228 226 114 112 108 106 132 9 195 235 16 20 34 99 8 120 32 34 240
41 122 139 19 64 149 37 80 116 94 228 117 177 134 194 56 121 168 162 140 79 30 230 34 70 71 242 40 107 150 102 212
201 147 13 147 77 216 101 189 236 84 5 86 167 192 234 255 96 2 202 40 39 100 254 129 132 193 114 41 50 8 29 228
48 48 22 13 11 219 32 72 214 244 198 5 64 196 34 4 121 108 234 0 4 209 255 28 93 3 5 53 114 12 20 214
152 84 2 129 21 86 35 68 196 100 199 22 128 128 42 198 104 4 202 96 44 183 49 134 181 5 130 21 2 30 61 194
44 24 18 28 121 217 179 72 196 76 101 12 132 212 35 132 200 56 194 98 7 3 114 29 23 17 1 43 90 47 14 215
21 98 25 57 50 139 3 88 150 65 76 228 247 199 169 96 86 40 2 60 35 128 78 29 228 198 42 200 152 139 33 241
37 115 139 184 100 131 167 80 18 105 112 238 150 148 226 8 220 40 2 16 65 178 128 130 80 5 62 44 153 26 51 209
44 1 18 136 73 86 163 66 196 12 244 2 0 145 41 212 216 140 130 98 0 179 0 136 53 161 2 15 83 41 110 130
184 24 2 9 1 223 82 64 117 45 231 49 2 144 34 220 248 140 170 16 12 153 17 18 147 229 144 7 115 13 124 6
148 23 23 169 56 131 3 88 132 9 194 230 215 87 168 64 84 32 14 124 57 137 3 30 168 230 34 68 184 139 32 49
156 72 66 19 7 218 98 65 116 5 227 18 3 128 32 204 120 168 170 144 14 180 5 34 145 197 18 1 35 9 252 6
81 146 143 47 32 10 102 48 229 74 99 100 83 162 160 114 96 196 108 106 89 189 165 45 146 226 96 0 104 162 96 37
40 121 0 27 9 209 0 68 4 21 225 165 162 128 2 204 72 170 202 194 14 138 87 48 128 160 146 11 82 15 38 222
73 70 194 103 0 8 98 48 96 8 239 100 99 161 128 82 32 196 104 170 77 249 129 9 22 239 96 0 106 162 98 0
96 204 0 154 237 201 6 228 138 55 184 29 162 2 42 144 200 130 130 66 90 47 80 181 180 16 144 123 16 27 222 138
120 134 192 140 94 32 75 186 2 5 188 206 113 98 154 50 89 194 6 172 155 10 239 191 124 39 173 188 191 234 82 152
81 37 218 109 18 42 107 2 105 1 107 64 247 98 141 48 50 143 68 40 1 144 165 65 132 188 2 0 224 243 107 36
44 58 208 33 193 47 86 150 49 38 120 13 139 41 1 152 137 252 196 2 24 176 208 0 135 245 96 51 235 253 206 130
146 21 3 136 29 242 130 108 157 73 203 183 206 214 44 229 208 57 172 227 61 129 51 198 160 244 138 90 16 15 181 116
187 102 78 197 2 19 238 116 16 170 212 234 113 15 146 39 62 253 86 238 104 244 101 143 246 203 233 176 103 186 10 168
82 76 82 50 131 232 124 7 41 2 10 137 47 2 7 221 162 167 236 38 100 16 129 104 176 240 74 11 40 84 143 14
166 88 17 154 237 173 167 72 158 78 177 47 228 200 39 12 216 32 66 71 3 39 106 251 20 20 11 58 209 127 85 245
216 219 197 180 4 0 111 185 147 178 20 230 113 227 225 67 121 224 45 238 105 69 170 221 244 195 239 172 62 186 240 56
233 234 48 115 44 29 96 148 94 122 118 92 151 137 218 105 147 72 110 78 228 116 235 50 198 217 112 56 90 153 83 141
44 112 154 0 233 73 182 65 64 174 117 40 2 144 97 158 200 152 194 50 64 55 64 2 21 133 20 47 209 122 110 177
147 149 111 77 146 27 182 97 116 64 242 227 83 60 188 97 118 151 191 99 252 185 37 29 116 43 96 194 117 174 244 84
80 0 4 137 75 83 32 72 102 100 198 6 194 0 2 68 72 140 106 128 8 211 255 16 213 34 3 17 16 8 52 66
33 32 14 1 72 27 161 72 118 224 230 8 80 128 194 112 56 76 106 12 1 243 175 16 84 0 39 8 64 0 51 224
80 48 7 12 75 78 32 72 54 224 194 13 65 196 0 82 120 204 234 128 4 211 215 0 21 34 3 32 33 0 38 210
56 0 14 137 12 11 160 72 134 32 194 2 210 128 32 64 104 4 106 0 8 163 207 16 213 33 171 25 17 8 49 160
88 0 134 12 75 18 32 88 118 128 198 0 80 225 96 114 112 76 106 136 8 211 199 0 87 35 97 1 34 32 34 128
32 48 4 5 72 15 32 72 246 184 194 73 212 208 96 0 157 92 106 0 0 211 203 24 13 2 37 62 80 8 0 163
80 0 6 137 14 7 32 72 102 40 194 66 208 2 0 64 104 140 106 128 9 147 199 16 149 32 162 0 24 8 48 34
40 88 16 159 13 221 2 64 222 12 73 2 166 208 35 196 200 42 130 66 6 154 90 185 133 240 2 43 18 47 124 134
48 160 20 153 75 203 160 200 22 176 224 10 196 192 96 128 121 28 98 16 2 83 91 17 157 128 15 61 16 8 41 130
70 172 148 26 145 255 22 172 62 19 74 17 238 240 10 212 145 78 160 50 54 72 27 63 169 54 21 103 210 119 143 6
181 206 207 126 152 163 71 184 146 130 104 232 115 225 169 17 21 102 100 110 233 192 14 63 104 175 101 24 112 242 66 40
80 2 143 205 12 2 33 104 246 128 194 66 208 224 160 66 120 100 106 168 9 211 131 76 84 34 231 0 33 40 112 32
78 172 148 18 145 243 22 172 62 151 11 16 108 242 73 220 145 95 160 50 54 200 27 63 169 22 29 103 146 119 133 6
181 206 207 126 138 35 71 184 210 146 108 232 115 225 185 59 21 102 36 106 233 228 46 43 104 174 101 24 113 243 66 40
48 32 132 141 75 75 160 72 54 176 224 11 134 224 64 130 121 204 234 1 10 83 203 17 29 0 15 61 65 40 31 130
81 32 143 5 12 10 33 64 116 160 194 66 208 160 144 114 121 196 106 136 1 211 135 64 156 34 207 0 33 32 115 36
117 164 143 85 140 2 38 248 118 242 194 98 83 225 209 43 89 100 104 58 185 211 175 10 120 39 229 68 233 248 112 32
40 32 6 1 73 9 160 72 118 160 226 8 0 128 96 208 120 76 106 0 0 243 131 16 20 0 35 9 65 0 115 130
65 32 6 5 75 15 32 72 102 168 226 8 64 131 64 146 104 204 106 128 0 211 197 64 20 32 35 32 97 0 34 128
48 2 4 137 14 11 160 72 70 32 194 198 194 128 0 64 104 140 106 8 8 161 199 16 148 32 130 16 57 8 48 128
64 0 6 137 76 3 33 72 230 0 194 2 192 130 34 196 104 132 106 128 8 131 199 16 148 32 138 25 16 8 56 0
101 172 143 87 140 2 38 184 210 178 66 70 80 224 249 43 81 102 96 58 177 209 239 40 104 43 229 4 233 248 112 32
20 164 132 23 155 71 22 200 22 179 64 1 68 224 107 10 145 94 161 50 114 80 155 58 169 6 205 111 160 116 20 130
20 188 148 26 153 151 22 168 54 55 64 17 102 242 42 212 145 126 160 48 50 80 27 63 169 166 5 111 208 96 133 6
36 142 143 30 152 131 7 184 214 130 98 104 115 225 168 81 17 102 96 42 105 208 11 63 104 166 101 16 112 240 66 32
37 140 206 94 152 3 7 184 86 130 102 108 115 225 168 113 81 102 32 42 105 241 11 63 104 175 101 0 120 240 64 0
52 160 4 153 203 203 32 200 22 180 192 10 68 194 96 0 89 92 226 16 2 83 91 29 157 130 13 125 48 8 45 130
20 140 150 30 155 215 22 168 118 19 64 16 102 240 40 212 145 110 160 48 50 64 27 63 169 166 5 111 208 96 133 6
65 0 142 93 12 2 33 104 246 128 226 66 82 224 160 66 120 100 106 40 9 243 143 12 20 34 231 0 41 104 112 32
32 32 132 141 79 75 160 72 54 164 224 11 130 128 64 2 120 204 98 1 8 115 219 16 28 0 15 57 65 40 22 130
81 32 135 133 14 10 33 64 228 128 194 66 208 130 16 82 104 196 106 136 1 211 135 64 156 34 143 0 40 32 99 4
6 164 132 23 139 83 22 200 22 183 64 1 196 244 75 142 145 94 224 51 102 81 139 58 41 6 77 47 128 116 31 198
117 166 143 23 140 2 7 184 82 242 66 86 80 225 209 43 89 102 96 62 185 211 175 42 40 38 229 68 229 248 240 96
113 149 111 171 150 170 51 117 36 68 203 167 82 53 58 65 244 134 63 101 188 153 5 29 252 35 34 194 188 142 176 83
100 162 196 1 142 75 160 136 114 177 146 185 195 224 216 14 27 204 106 17 30 115 207 16 28 2 229 245 229 232 222 4
200 17 2 160 73 93 36 105 164 122 131 29 198 48 10 91 240 132 234 98 76 19 209 0 149 33 74 63 8 110 46 82
8 24 8 31 105 220 18 74 206 12 76 1 160 208 35 64 192 42 130 66 6 28 210 59 103 117 18 43 18 29 46 158
4 100 2 144 85 242 163 96 228 132 159 3 200 194 35 198 104 32 202 162 32 131 16 206 53 4 139 11 2 51 39 198
208 5 20 164 5 104 100 104 105 54 147 27 206 34 42 219 232 197 206 99 60 35 81 192 149 32 202 61 24 41 137 2
128 168 10 59 13 137 240 238 126 31 112 29 166 137 122 8 169 10 66 71 6 60 26 51 196 6 80 43 88 29 91 202
67 181 55 72 161 124 39 254 57 72 88 104 156 246 128 180 148 91 92 106 161 137 178 125 177 58 104 138 2 64 163 53
45 21 56 67 201 95 151 176 96 96 109 8 218 20 155 48 88 20 208 106 201 176 253 32 103 137 1 21 99 255 94 246
118 164 132 21 155 87 20 168 55 182 130 11 194 112 79 207 17 212 237 179 60 195 219 140 169 226 205 119 163 116 28 6
117 38 207 127 158 2 71 184 82 250 242 230 83 225 145 43 95 228 116 46 185 242 207 42 104 239 101 148 237 248 112 33
32 32 20 137 75 77 160 72 22 180 240 10 196 208 64 132 121 152 234 0 2 243 219 17 29 128 7 63 81 8 45 130
17 34 143 77 8 2 33 72 246 160 226 70 209 227 160 98 120 196 106 136 1 209 135 12 84 34 226 0 40 168 96 32
14 172 148 27 153 215 54 168 190 183 0 17 236 246 79 156 145 123 232 16 54 72 155 63 47 22 85 111 146 117 141 70
53 134 207 126 154 2 71 248 82 194 102 236 115 225 153 59 29 238 100 46 233 243 175 47 112 175 101 20 233 248 98 49
32 32 0 141 75 73 160 72 38 164 240 11 134 192 64 146 104 204 234 0 8 243 219 16 29 0 15 59 65 8 14 130
17 34 143 5 12 10 33 64 108 160 226 66 209 130 144 114 104 196 106 136 1 209 133 64 148 34 163 0 41 32 99 32
78 160 134 22 201 87 52 232 146 182 64 9 196 246 75 142 145 126 234 18 6 83 155 48 29 50 77 127 130 116 15 134
24 58 166 161 69 86 99 212 228 220 206 39 57 150 227 102 97 204 170 214 134 145 171 224 94 225 166 7 34 247 117 222
40 19 130 133 253 95 179 117 4 108 245 47 6 52 162 167 204 92 194 36 49 187 97 140 125 67 96 55 83 45 150 245
41 51 146 32 243 127 183 80 32 108 246 45 70 52 162 54 252 220 194 100 37 179 33 14 117 199 32 47 194 109 166 215
106 86 34 8 121 118 50 124 164 78 206 45 0 151 42 214 196 28 234 160 164 147 177 14 119 117 2 143 130 86 38 215
117 166 207 117 158 10 103 248 118 242 194 230 83 225 209 43 57 204 104 44 169 241 239 10 124 47 229 20 237 248 112 32
97 123 139 10 96 5 167 88 50 72 245 236 53 132 234 56 92 8 34 78 193 50 230 34 84 5 50 168 89 2 34 241
77 208 8 145 78 217 97 121 236 92 85 110 159 64 202 123 96 128 234 66 69 112 238 129 214 193 98 44 58 136 29 244
120 18 2 133 193 118 47 196 32 111 142 6 72 34 43 214 120 199 202 160 12 19 49 206 149 39 158 1 131 87 44 222
220 84 2 128 5 86 39 92 212 110 198 23 192 146 42 204 248 132 138 166 108 147 49 138 179 97 130 7 10 124 188 87
168 113 50 89 41 215 18 83 149 76 102 37 6 148 39 244 216 60 130 98 12 155 50 8 131 113 0 7 82 45 44 215
169 115 139 168 118 131 167 92 22 72 80 238 151 196 224 32 94 40 2 92 195 182 38 10 192 133 42 40 89 26 35 249
156 72 2 131 197 86 167 65 100 44 119 18 0 130 34 198 232 12 130 194 124 181 48 198 53 193 134 7 35 122 236 134
60 25 2 186 197 213 48 64 116 140 199 39 34 144 99 197 248 170 130 66 28 187 50 32 211 193 18 11 2 15 62 206
85 86 23 201 40 162 99 48 101 8 203 230 83 3 161 96 108 132 46 232 9 145 33 28 152 162 226 64 56 139 32 49
113 147 207 77 32 58 101 48 97 90 239 100 115 34 136 115 96 204 108 78 137 241 165 65 208 171 98 0 105 226 98 49
40 144 16 26 73 85 22 236 134 69 253 185 166 20 42 148 200 146 202 66 78 42 90 49 181 113 18 59 82 95 142 222
209 35 223 109 2 14 100 17 233 216 99 68 127 226 156 115 34 204 108 232 145 240 167 65 198 232 98 0 105 163 227 160
36 214 16 170 233 73 150 164 15 55 176 29 134 16 44 144 217 147 134 98 94 38 88 182 181 148 16 119 209 26 206 146
49 226 201 193 92 3 67 136 19 107 176 238 83 8 212 80 93 204 52 156 75 54 237 147 30 12 177 244 125 154 82 240
153 214 230 196 14 19 207 125 85 230 214 230 105 230 162 167 126 229 142 238 236 231 37 207 242 195 239 144 39 190 164 104
205 224 87 105 122 24 60 181 232 16 38 64 157 19 136 51 162 69 78 250 241 109 162 68 230 249 102 72 106 144 163 129
22 5 217 229 18 38 27 0 47 33 94 194 221 55 105 80 118 219 29 216 17 144 81 192 169 141 171 132 180 242 1 33
36 169 210 35 243 75 86 128 57 148 112 141 143 40 67 154 155 201 196 80 28 248 88 32 174 208 4 87 232 250 78 151
86 97 146 54 131 104 118 4 41 70 104 137 46 226 75 218 50 239 196 3 5 16 148 96 177 180 78 43 160 118 15 94
214 148 7 136 157 118 6 168 141 74 130 178 194 150 46 101 208 135 172 163 121 131 97 206 177 48 138 95 16 77 165 118
22 84 17 153 189 249 147 73 158 78 209 34 196 212 175 228 216 56 138 48 33 37 106 222 161 20 11 122 144 127 21 245
88 76 254 133 14 114 95 84 89 226 150 162 125 34 163 111 114 229 46 254 161 215 165 234 242 239 239 176 39 255 45 77
50 34 233 73 26 51 202 206 86 35 216 226 17 8 149 96 89 136 23 145 143 134 109 19 70 141 184 188 253 219 114 140
233 226 96 195 108 25 225 180 91 242 116 220 131 1 210 189 24 172 114 110 224 116 228 176 70 88 229 48 102 156 82 236
167 50 90 28 105 141 183 104 154 142 241 44 72 252 46 21 158 49 194 34 68 35 74 90 20 24 65 58 81 107 79 151
218 135 111 104 134 131 175 113 116 0 211 230 83 104 184 65 126 151 125 227 249 187 5 29 248 235 232 192 125 138 176 0
45 85 56 67 133 95 215 176 68 104 95 8 88 112 26 36 28 80 86 107 224 176 121 174 103 77 33 176 82 63 82 99
216 149 103 173 134 10 55 53 52 64 194 227 83 61 186 113 118 150 191 231 248 152 5 159 244 99 98 198 55 166 240 113
68 61 120 74 242 66 55 184 120 12 92 40 80 119 133 116 22 94 221 74 224 18 169 108 113 187 96 138 4 82 39 51
40 28 16 159 125 221 50 202 206 92 76 11 164 208 35 194 200 106 138 66 70 42 82 187 37 53 18 43 18 29 13 207
32 32 20 137 75 71 32 72 22 176 192 10 196 210 96 196 89 24 234 16 2 211 219 17 29 130 7 63 16 8 45 134
16 2 143 93 8 2 33 88 246 160 226 68 81 225 160 66 120 228 106 8 9 241 139 12 84 34 227 0 40 168 96 32
14 188 148 27 145 247 22 168 190 147 66 17 236 246 79 220 145 123 160 18 54 88 155 63 43 22 85 111 146 117 143 6
70 160 132 20 203 87 52 232 22 182 64 9 196 246 66 134 145 92 232 16 6 83 219 24 29 2 77 127 128 100 7 198
53 160 143 85 156 10 37 248 246 242 194 96 83 225 208 98 81 100 104 40 169 241 239 8 92 35 229 4 233 232 114 32
16 186 146 59 3 201 178 192 102 103 104 69 166 200 75 8 185 43 194 1 6 176 30 49 128 4 17 47 88 14 15 203
0 48 182 21 11 219 32 72 246 240 194 133 64 196 34 66 49 108 234 0 0 209 127 28 29 2 5 53 0 12 20 214
113 32 142 29 74 2 33 72 246 192 194 136 80 228 226 114 80 108 106 4 9 211 239 24 28 34 69 10 112 32 50 244
120 32 6 13 72 82 32 72 246 196 198 0 64 194 162 86 120 76 106 136 4 211 171 0 20 35 3 41 0 0 54 196
16 48 7 1 10 11 32 72 230 172 194 109 64 128 96 66 40 76 106 0 5 243 139 28 20 66 5 18 105 0 50 208
53 6 207 126 162 2 71 248 80 202 114 236 115 225 145 59 29 230 100 46 233 243 175 46 232 175 101 144 237 248 82 33
78 176 148 20 201 87 52 232 182 182 130 9 196 246 66 134 145 93 235 16 6 67 219 16 29 50 77 127 130 100 15 198
28 59 46 83 1 92 97 88 111 220 119 167 25 215 230 105 112 168 174 198 197 144 43 80 223 203 247 131 35 166 109 247
24 59 174 166 124 84 51 208 228 220 222 231 57 151 227 103 108 68 202 206 136 67 175 232 246 193 163 8 2 167 37 219
41 17 134 33 241 95 177 92 32 236 246 45 76 148 171 182 252 220 194 96 53 179 49 76 125 227 38 6 67 142 39 247
117 162 207 117 142 11 101 248 118 242 194 238 83 225 208 34 25 76 104 44 169 240 239 8 92 171 101 4 237 232 114 48
189 115 170 43 112 3 175 88 22 104 117 228 183 133 234 32 94 8 22 78 203 182 100 34 224 197 42 168 122 186 35 241
237 27 43 195 68 93 35 112 114 104 119 238 27 148 226 120 124 152 34 74 193 50 190 243 94 69 35 44 26 175 118 245
124 19 138 128 209 86 53 93 36 109 247 39 72 182 43 84 248 148 138 160 12 147 49 192 121 229 174 7 131 52 46 215
12 16 34 128 245 86 55 83 229 109 207 39 0 180 34 198 232 12 170 34 140 179 49 194 179 117 130 7 130 126 252 87
42 28 54 90 161 215 20 67 157 78 79 33 134 220 39 196 220 57 131 66 76 157 50 44 99 113 16 195 82 14 44 223
25 126 143 171 52 131 163 80 20 72 223 230 183 5 171 32 94 8 6 124 171 183 101 44 224 193 34 128 126 155 32 241
93 19 79 205 32 50 97 48 100 88 239 230 83 39 163 117 116 132 46 238 137 147 101 157 210 171 226 192 58 171 104 113
40 86 16 158 121 125 147 76 30 79 245 63 44 212 42 148 222 154 194 34 34 35 122 179 53 117 16 59 83 95 175 223
217 51 238 117 32 26 97 17 112 72 247 244 83 32 138 122 120 196 108 204 137 245 165 1 210 235 114 128 107 225 98 113
46 240 16 8 233 95 19 232 30 125 133 29 142 22 10 148 157 145 202 102 54 6 121 55 245 21 9 127 18 15 143 215
213 35 221 237 10 22 101 57 225 88 230 100 91 2 141 115 98 205 44 234 249 212 167 64 230 233 226 4 41 160 235 32
60 217 80 169 201 79 86 168 31 116 176 31 198 4 10 152 157 145 198 114 92 50 88 146 189 150 13 119 208 30 206 210
57 246 201 225 84 3 203 220 18 235 190 238 83 12 214 48 93 204 116 156 139 178 109 158 124 205 165 244 253 154 82 241
221 98 85 105 66 8 109 113 237 24 117 84 221 3 152 51 34 133 110 110 245 116 166 68 118 233 102 76 107 160 227 1
22 101 210 38 211 74 118 196 41 192 40 141 111 66 67 147 178 201 196 114 69 224 154 104 184 208 5 3 233 55 79 215
22 22 54 136 189 95 147 104 156 76 151 35 198 212 47 101 212 16 206 50 40 161 113 206 177 22 14 31 144 94 53 119
249 118 222 204 6 82 79 116 81 226 214 238 121 35 179 98 114 228 61 238 233 215 165 138 242 235 239 144 47 250 48 121
167 60 154 29 121 255 183 98 158 238 244 61 140 252 166 36 142 121 194 66 36 47 114 90 100 20 3 63 91 109 79 215
124 29 109 170 158 163 203 59 68 64 221 238 115 73 177 65 126 130 127 235 185 170 71 157 248 99 168 216 127 139 48 49
13 20 58 70 117 95 215 248 124 110 87 40 126 120 147 165 178 84 92 107 224 161 41 174 119 75 37 149 70 179 87 99
8 82 120 77 50 82 59 180 48 140 118 160 89 119 128 112 86 124 149 98 160 146 105 110 110 231 37 129 22 179 46 51
40 29 20 159 125 221 178 66 206 92 76 3 172 212 35 199 200 58 138 2 6 42 82 185 39 113 2 43 18 45 61 215
0 186 11 42 96 141 178 208 30 77 88 109 166 197 234 0 157 43 134 69 131 58 10 51 136 20 52 42 88 14 39 219
93 122 35 98 96 85 51 240 52 76 246 236 25 215 227 112 124 216 182 206 137 51 174 226 210 205 162 136 42 135 38 249
28 83 44 133 109 84 121 80 101 92 214 39 185 23 195 235 236 220 174 228 141 146 243 192 215 193 227 131 58 175 60 247
41 211 42 225 109 95 183 121 4 108 215 167 91 156 162 230 236 28 206 100 197 179 49 128 247 209 166 135 79 190 61 215
13 17 42 64 225 86 179 113 165 108 247 37 8 150 162 182 252 28 198 246 197 179 176 204 95 113 38 135 75 174 46 247
61 118 111 107 48 27 107 88 20 104 255 230 147 5 178 97 126 152 30 110 203 177 101 12 226 203 34 144 127 139 120 241
10 25 50 154 109 212 51 112 213 76 199 39 136 244 38 228 220 60 170 66 156 187 48 232 147 113 2 11 2 47 60 215
25 19 111 235 44 19 67 112 85 88 215 230 83 5 171 97 124 144 62 126 137 177 109 156 214 203 162 128 62 138 48 113
253 19 111 221 160 22 101 49 117 88 215 246 83 39 163 121 116 132 46 236 137 145 101 156 210 235 226 128 63 169 112 113
249 114 235 109 32 26 103 81 113 74 246 228 83 165 154 120 124 204 44 206 201 246 229 2 214 239 114 128 107 162 226 113
174 217 24 139 249 95 23 200 31 127 180 61 12 22 106 148 159 145 219 70 116 23 120 112 119 17 9 247 82 31 142 215
221 19 75 237 130 18 109 113 117 88 103 230 91 131 226 123 112 204 44 238 233 148 175 192 214 233 226 132 43 160 224 113
190 153 90 3 193 93 119 224 31 252 178 15 78 84 99 148 189 153 198 114 76 179 24 112 61 144 5 119 65 63 14 211
57 54 109 97 54 187 235 212 22 233 190 238 83 13 147 32 61 236 86 124 169 176 109 30 238 207 161 180 239 219 82 241
145 226 121 77 66 24 109 121 125 74 117 102 25 3 148 49 54 141 38 238 193 118 164 64 86 171 102 12 107 178 227 129
22 125 80 39 195 79 119 232 41 204 240 9 78 118 67 147 190 193 198 114 108 242 24 104 185 208 4 3 97 119 15 222
249 211 109 238 14 18 79 121 81 74 213 238 83 103 154 99 126 196 125 238 249 135 239 143 242 235 225 152 63 170 240 113
82 21 54 136 189 127 151 108 220 236 159 39 206 60 46 196 252 149 238 97 172 161 121 206 185 22 207 23 22 94 189 119
14 60 54 25 185 255 183 83 156 206 252 33 140 188 34 164 140 57 203 2 164 169 48 238 103 21 3 147 83 109 175 215
189 31 109 169 30 163 75 56 21 200 223 231 211 5 147 96 92 132 31 253 185 146 69 190 238 111 162 212 189 143 112 112
40 88 120 103 51 18 26 184 49 4 118 160 217 79 133 112 22 124 149 234 32 148 121 174 70 255 35 129 102 163 15 27
10 157 52 159 41 221 52 206 143 92 76 7 172 212 39 199 204 115 171 64 6 41 114 249 39 113 90 59 18 13 13 223
61 114 107 105 114 87 123 216 119 76 254 228 27 221 247 116 126 220 151 78 137 178 165 138 242 253 162 172 111 191 118 241
157 19 111 233 50 219 123 112 117 108 247 230 91 13 187 105 126 144 159 110 169 241 45 156 242 203 97 128 111 141 112 113
221 19 107 239 36 18 111 48 117 72 247 230 83 199 170 120 118 204 62 238 217 148 237 130 214 239 162 128 63 162 112 113
60 153 80 195 199 93 247 224 13 236 191 47 74 124 111 132 190 221 198 99 68 179 57 232 63 221 5 55 83 127 77 215
25 114 251 103 114 10 103 88 116 74 125 230 25 3 158 48 54 204 70 206 193 180 173 74 118 237 34 128 107 178 227 241
62 124 82 39 113 95 127 224 33 204 252 45 74 54 7 147 188 209 198 226 76 211 57 108 59 153 4 3 99 119 110 215
249 214 109 237 46 18 79 57 81 106 245 238 83 103 154 115 94 212 125 238 233 6 237 143 246 235 225 152 63 170 242 113
94 221 50 144 165 223 151 167 140 110 158 47 206 188 38 196 228 245 255 99 252 35 49 206 187 55 143 23 18 60 189 87
14 61 54 25 185 221 183 99 172 204 222 37 172 253 39 133 206 51 251 1 244 169 50 238 39 87 30 147 194 124 45 223
253 31 109 233 180 27 107 56 85 104 214 238 211 45 145 97 92 132 127 126 185 176 101 190 254 235 161 208 127 171 80 113
74 157 48 158 109 253 148 207 159 127 92 27 172 252 42 132 207 27 139 1 38 42 122 247 183 87 26 59 18 76 141 223
3 160 72 1 210 137 106 207 58 33 64 203 149 194 216 16 63 11 19 156 2 30 140 115 12 4 61 236 61 0 131 136
125 82 107 239 118 22 127 88 117 108 255 230 91 71 186 116 118 220 63 238 201 146 173 202 246 237 162 132 47 183 112 113
62 25 114 162 117 95 211 96 13 236 191 47 110 252 103 164 190 221 199 99 140 179 57 232 91 93 11 179 67 111 111 215
29 118 233 103 50 18 239 88 117 72 255 230 89 15 155 112 126 204 22 238 201 180 45 206 246 237 162 132 111 178 99 241
58 252 98 4 113 86 123 232 41 236 252 37 104 62 14 148 252 213 215 226 12 147 240 236 215 125 138 151 67 55 110 215
253 86 237 237 46 26 79 57 81 110 247 246 211 45 154 115 94 196 125 174 233 246 237 142 230 235 225 148 47 250 214 113
90 220 50 148 53 220 55 230 189 76 150 47 142 252 38 212 228 245 255 65 196 143 176 238 187 117 14 155 2 61 45 87
42 177 48 154 253 253 176 239 159 125 61 31 172 254 106 148 207 155 211 1 22 43 122 241 31 87 25 255 210 12 141 215
42 145 48 154 253 221 184 203 143 125 181 31 140 222 110 132 207 27 211 17 22 107 122 241 31 81 27 255 210 12 143 215
