107 190 163 87 121 221 179 240 51 109 182 237 120 125 202 52 189 86 255 92 167 219 233 167 127 127 53 243 66 134 135 255
77 190 250 83 243 120 127 246 124 127 214 188 189 38 146 189 39 70 222 28 180 217 180 226 126 111 118 177 134 212 143 125
91 190 133 19 131 221 54 182 37 123 206 76 170 52 79 230 233 74 234 6 255 154 253 163 191 101 20 3 235 94 188 223
186 86 50 184 57 50 16 90 21 74 209 117 78 156 162 113 223 157 191 39 236 151 81 142 242 243 170 155 30 12 36 87
89 4 103 127 53 190 122 55 117 75 95 82 249 30 148 116 117 182 60 188 191 156 101 175 231 255 178 192 166 133 240 45
112 22 99 101 52 14 98 54 117 8 114 96 243 61 148 113 188 252 125 96 169 184 65 47 167 254 176 130 109 129 82 59
23 223 72 139 182 158 111 181 117 76 94 231 235 66 191 228 126 138 142 238 207 144 125 253 166 216 166 134 60 222 248 221
245 101 69 7 236 27 206 184 64 226 185 206 83 104 221 35 26 196 84 111 205 114 205 40 60 8 229 180 125 251 218 4
186 22 54 116 177 46 84 115 49 170 243 121 90 63 5 89 253 151 245 162 168 247 1 206 211 239 112 131 67 101 226 3
137 82 99 97 53 222 112 22 117 73 126 112 187 31 144 120 116 184 151 72 143 188 101 143 231 233 178 128 107 140 208 187
156 222 110 103 178 90 118 247 116 78 254 247 123 103 139 64 123 210 174 238 232 180 45 46 246 237 166 129 47 246 228 123
77 242 163 147 83 220 49 152 182 221 134 38 254 214 202 244 117 232 174 208 143 88 251 241 223 65 167 199 170 4 44 119
156 135 234 227 130 234 127 191 52 95 94 179 217 103 251 96 119 218 191 254 210 144 111 163 239 109 166 197 183 222 165 241
173 95 5 158 201 75 135 240 148 238 212 79 244 100 43 129 216 98 74 103 101 35 120 62 52 2 111 56 24 124 21 219
205 204 238 251 164 184 111 184 118 154 95 178 217 227 251 233 119 122 191 254 250 212 15 242 238 235 231 196 190 247 120 33
205 218 149 91 168 188 32 150 254 89 87 116 189 150 225 238 135 42 62 28 151 220 175 243 14 251 54 194 154 197 137 253
157 156 81 83 179 216 39 182 52 82 110 244 253 118 139 245 119 122 190 186 243 156 125 255 173 231 38 194 46 212 37 125
176 174 10 28 82 201 167 234 176 78 252 170 34 96 138 21 57 250 202 34 97 43 96 63 52 5 37 59 73 104 79 253
13 182 253 91 234 61 47 184 254 218 119 244 221 247 222 255 55 123 254 126 179 208 175 115 12 31 119 196 254 231 9 229
126 189 104 35 143 107 86 97 101 228 171 143 74 60 86 147 248 198 207 231 92 123 221 232 187 1 197 55 105 111 222 82
9 255 138 59 240 188 114 151 254 93 95 245 189 194 218 88 5 42 206 28 151 24 142 53 206 117 50 236 138 199 203 213
13 154 210 59 177 190 107 150 62 79 127 244 253 166 138 252 55 75 190 156 151 216 61 243 204 255 62 192 154 213 137 113
93 140 49 247 151 122 103 178 116 206 110 50 251 101 131 245 115 230 142 42 105 244 61 174 245 231 119 0 34 244 69 104
77 5 209 53 161 122 111 59 120 231 47 20 223 99 147 253 19 70 76 46 113 216 61 74 172 255 119 4 130 244 135 96
242 68 114 170 234 45 156 71 169 10 185 251 30 29 20 16 255 145 87 39 232 7 64 202 242 92 44 190 69 222 162 131
137 102 51 121 32 174 105 18 126 202 114 84 159 195 208 249 183 44 6 28 227 212 37 66 198 184 50 128 74 192 99 177
91 188 162 84 115 221 48 250 179 237 180 45 124 255 130 49 181 246 223 148 166 79 184 191 95 95 117 235 99 164 39 247
8 239 67 43 130 136 103 183 228 16 106 228 187 163 216 210 34 74 206 202 194 152 143 113 108 161 38 128 99 214 131 136
41 38 71 61 113 155 96 17 126 130 99 212 255 65 128 212 19 44 230 12 35 180 69 31 228 239 49 0 74 132 74 128
64 185 57 219 217 205 49 223 190 89 132 92 180 215 96 112 129 26 219 16 211 9 122 117 207 17 30 127 16 0 135 251
168 65 222 124 192 127 84 87 146 31 116 25 83 247 35 155 137 170 135 40 60 246 66 26 103 203 116 161 249 240 202 211
94 164 34 0 219 113 50 232 229 22 173 187 8 66 206 212 121 128 202 178 62 3 236 214 62 69 135 127 163 199 46 198
201 84 237 103 32 30 127 56 57 198 71 160 253 111 155 119 22 85 241 238 225 212 237 235 230 251 78 0 38 247 7 113
198 20 156 213 139 100 181 15 190 179 2 48 204 182 76 111 163 87 250 145 48 205 179 194 13 50 94 71 128 80 165 38
118 49 35 32 89 79 16 81 169 76 248 41 14 221 35 16 184 181 223 49 12 163 144 8 211 116 40 187 193 38 38 211
58 83 0 138 45 91 18 112 5 44 149 46 206 0 162 197 200 132 142 98 12 23 105 188 146 211 250 183 26 15 28 7
12 122 18 19 211 233 166 208 160 72 243 76 108 64 41 148 56 106 194 66 1 179 24 100 52 65 2 32 75 23 171 144
38 54 147 28 248 109 135 235 184 206 184 109 102 224 109 18 157 243 70 35 229 99 42 74 56 22 101 190 200 120 99 213
88 2 26 236 46 64 113 18 228 13 214 98 211 131 160 66 96 132 46 8 8 153 193 129 214 225 178 193 50 128 44 11
41 36 146 172 93 55 131 122 16 162 245 30 80 160 34 131 88 204 130 44 57 251 208 142 60 199 247 60 219 108 42 128
141 180 131 17 208 200 103 250 254 83 96 84 249 226 200 240 49 202 2 184 99 92 62 115 188 135 39 44 232 96 39 244
182 120 17 27 11 217 22 228 37 34 227 26 34 16 13 157 232 186 206 66 104 178 209 32 181 32 64 51 97 95 142 134
65 32 94 81 64 168 105 66 40 1 172 24 189 3 128 123 34 163 74 136 1 158 164 65 85 137 114 0 96 128 99 160
141 146 171 8 56 243 19 216 22 109 205 244 148 196 234 100 87 24 142 20 179 151 108 19 224 69 33 252 154 142 37 113
61 50 138 3 1 127 48 88 118 239 103 244 131 196 234 188 93 12 166 28 143 148 255 2 142 197 53 231 234 143 62 213
141 72 54 125 33 218 117 50 245 214 70 0 171 199 163 253 66 108 174 78 173 220 38 56 194 251 66 1 82 181 44 116
114 38 2 162 234 41 158 70 40 34 153 187 12 12 0 146 238 151 215 7 16 11 192 226 180 16 26 186 197 94 139 201
25 158 6 30 49 191 3 115 244 75 207 116 118 54 162 213 212 166 206 44 185 159 17 63 240 167 112 210 74 4 170 125
164 146 147 138 112 99 129 216 22 77 209 127 4 198 232 200 217 8 6 49 11 22 106 144 152 4 187 238 152 11 54 241
157 90 150 244 1 150 49 112 180 142 71 22 221 243 163 239 100 108 170 202 33 213 50 192 211 235 226 1 2 45 41 193
137 252 16 255 25 213 16 254 22 25 68 0 172 215 34 229 200 59 147 64 98 28 82 181 231 209 26 43 26 28 41 155
168 73 42 158 93 197 167 98 222 12 112 11 32 200 55 65 200 42 3 67 102 46 98 189 117 49 138 43 21 57 116 202
241 32 163 100 20 86 65 91 112 201 226 80 19 208 240 188 88 108 100 56 137 247 164 10 129 238 160 8 97 160 118 228
137 16 227 251 165 249 113 21 87 69 119 144 139 157 242 108 89 42 190 24 30 188 127 144 199 217 18 67 178 142 212 126
195 128 59 186 238 193 185 197 154 83 81 155 157 159 120 105 39 27 51 141 51 92 150 209 213 16 250 236 180 132 129 233
12 32 42 123 73 249 113 65 175 87 101 145 239 205 106 29 48 42 199 2 22 116 174 177 199 209 64 107 98 135 239 246
66 33 18 152 73 205 160 72 170 16 129 9 164 210 96 203 128 41 234 83 6 71 154 81 157 16 11 123 16 0 43 6
1 152 200 155 4 142 105 16 86 81 86 134 177 130 242 104 122 170 22 156 131 180 119 240 204 137 242 64 189 137 121 240
241 1 79 233 20 2 67 120 100 32 227 2 83 33 56 81 120 132 44 248 56 147 5 12 252 171 162 68 33 138 112 32
2 192 21 153 77 201 176 206 142 53 80 19 164 147 104 75 201 27 163 65 2 122 66 241 5 16 90 43 16 24 149 138
149 2 194 225 22 10 98 89 124 160 99 214 91 67 185 72 114 140 14 190 160 149 13 78 148 142 35 68 173 131 120 0
36 172 142 19 153 243 6 171 54 115 71 17 192 242 74 217 81 78 224 146 62 216 219 55 45 7 213 103 128 101 252 6
164 207 85 94 250 203 22 174 210 146 104 248 99 112 136 149 19 114 160 98 96 238 78 63 40 162 101 3 114 242 198 13
4 44 148 19 153 242 18 134 150 251 66 48 224 244 67 239 129 126 160 16 54 216 203 50 13 22 85 67 128 117 140 14
83 32 135 133 10 2 40 64 172 128 226 66 196 162 80 210 98 197 106 156 5 195 151 64 156 34 207 0 8 32 43 4
228 108 142 30 204 166 166 174 210 146 66 20 240 240 39 75 193 102 104 3 100 101 218 43 45 34 213 25 128 121 25 138
6 172 148 147 129 168 180 135 186 179 0 17 172 162 72 143 129 95 225 17 54 92 202 99 140 22 95 111 136 84 139 142
129 2 76 153 140 181 96 18 199 83 86 82 128 200 246 235 73 170 58 156 142 240 71 144 6 9 210 1 189 204 120 132
217 12 19 145 23 228 160 103 148 75 154 18 172 50 96 196 237 146 10 128 59 11 1 195 149 4 154 18 146 72 177 129
240 5 22 236 157 243 82 109 213 0 232 11 66 249 44 209 248 166 171 226 124 171 18 156 251 243 193 91 115 10 252 10
157 209 47 243 134 196 101 212 116 82 71 2 49 151 104 105 104 136 42 218 75 148 127 240 213 193 182 64 49 154 244 248
181 78 206 62 132 34 70 248 80 138 234 126 83 96 189 11 89 230 32 234 233 231 15 42 56 46 229 28 233 251 112 0
81 0 19 129 66 9 33 64 100 32 194 2 211 2 0 118 96 204 106 136 1 211 181 64 148 32 2 0 32 0 33 0
80 48 3 0 75 77 32 64 44 32 226 79 134 128 0 82 40 196 234 0 0 227 211 64 149 32 2 26 64 8 39 150
97 34 0 1 72 11 96 64 106 32 224 76 130 2 64 208 104 140 106 12 5 210 215 80 20 0 3 56 72 0 106 132
0 48 6 137 9 87 32 72 246 204 194 7 192 192 34 64 120 12 106 0 4 195 255 24 21 34 131 25 16 12 52 86
56 18 12 169 74 67 33 88 22 36 198 162 80 192 32 64 88 76 42 8 8 210 195 16 212 163 163 33 48 8 60 162
48 32 22 137 79 91 160 72 118 36 230 2 0 128 34 68 120 12 106 136 4 179 117 16 20 0 131 33 113 8 124 132
0 0 7 137 74 65 161 64 164 0 226 2 16 146 32 64 104 140 106 128 1 147 131 64 21 128 170 8 1 0 35 160
40 0 2 137 77 73 161 72 118 36 228 2 1 131 34 212 120 140 106 136 0 243 199 16 20 129 130 41 115 8 110 128
17 0 23 129 72 15 160 64 230 32 226 66 20 130 32 64 104 12 106 128 5 243 145 16 20 32 2 0 9 8 43 128
104 32 4 137 77 73 33 72 38 36 224 10 131 0 2 212 72 140 106 128 8 115 205 16 148 1 3 41 112 8 56 128
81 0 6 129 8 13 160 64 108 32 194 68 198 130 0 64 104 4 106 12 1 209 197 0 148 160 3 16 8 8 51 128
96 32 0 129 73 9 32 0 102 36 226 8 194 0 64 208 72 140 106 0 8 241 197 16 148 1 3 49 64 8 26 128
64 2 2 129 8 9 32 0 102 36 194 76 130 130 0 66 96 204 106 136 8 83 197 80 148 160 163 16 40 0 34 0
80 32 2 5 75 9 33 64 236 32 226 9 198 128 0 210 40 196 106 0 0 227 199 64 148 32 2 25 64 8 43 0
32 34 4 1 74 75 32 72 100 32 226 200 131 130 64 84 104 140 106 8 0 210 197 0 20 0 3 33 97 0 102 128
16 0 6 137 78 11 32 72 230 0 194 2 192 130 32 192 104 140 106 136 0 147 135 16 20 32 138 0 32 8 49 0
32 32 20 13 72 139 160 72 86 176 224 8 192 192 96 0 89 108 98 0 2 83 203 17 28 0 5 60 80 8 2 132
80 0 134 13 10 3 32 64 118 160 194 0 66 160 0 66 112 68 106 0 8 209 139 4 20 34 65 0 97 32 32 0
32 0 6 137 78 11 160 72 134 0 192 10 128 192 32 64 104 140 106 128 8 163 195 16 20 32 130 56 49 8 50 128
32 32 0 137 76 1 160 72 70 32 224 2 128 128 0 0 104 140 74 8 8 51 207 16 20 0 131 56 81 8 34 128
16 0 6 137 10 3 32 64 164 32 194 2 193 130 32 64 104 132 106 128 8 147 193 64 148 34 131 0 33 0 33 0
96 32 0 137 72 9 160 72 70 160 224 10 128 128 64 16 104 140 106 0 0 114 193 16 20 0 131 56 81 8 66 128
80 0 18 129 74 9 32 64 100 32 194 10 194 130 0 82 96 196 106 8 0 209 133 64 148 32 2 0 32 0 33 0
64 32 22 5 74 11 32 64 100 32 194 136 199 128 0 82 104 204 106 0 0 243 197 64 148 32 2 0 96 8 35 32
96 32 2 1 72 9 32 64 98 160 224 8 130 130 64 80 104 140 106 8 8 67 195 80 20 0 3 56 65 0 98 132
16 0 6 137 78 11 32 72 100 0 194 2 192 130 32 64 104 140 106 136 8 147 199 0 20 32 138 0 33 8 49 0
32 32 6 137 78 3 160 72 134 0 192 138 128 192 32 64 104 136 106 128 8 163 67 16 20 32 138 24 49 8 50 128
32 32 0 137 76 1 160 72 70 32 224 2 128 128 0 0 104 140 74 136 8 51 203 16 20 0 131 56 81 8 34 128
16 0 6 137 8 3 32 64 164 32 194 2 192 130 32 64 104 132 106 136 8 147 193 64 148 34 130 0 33 0 33 128
73 133 245 85 177 90 126 191 121 239 62 48 207 39 146 247 19 70 204 44 245 216 45 238 175 255 117 199 226 228 199 101
9 38 206 89 164 191 109 87 126 95 126 16 187 225 179 252 49 42 22 12 177 244 39 26 134 223 112 128 202 209 203 224
123 184 178 124 123 148 56 83 179 89 180 41 57 159 214 52 237 191 255 140 142 75 226 245 95 255 19 234 67 132 34 223
9 175 66 35 209 152 103 183 229 21 110 228 233 227 138 212 111 74 206 142 219 152 239 255 172 197 166 196 38 134 234 248
121 42 198 63 11 155 112 3 247 133 119 136 235 193 146 220 40 166 236 12 14 248 231 173 214 247 17 1 99 132 78 68
8 185 49 123 25 205 49 191 190 121 80 100 188 215 96 240 165 59 255 0 195 8 26 119 109 149 51 234 24 0 133 187
86 190 2 18 176 121 151 226 56 14 157 249 198 118 143 17 251 250 204 35 44 67 104 110 240 6 63 191 132 117 15 71
118 180 43 8 155 113 55 201 101 118 165 191 8 46 6 80 233 133 203 177 61 3 253 222 187 119 135 63 227 100 166 214
95 69 100 103 3 90 111 168 33 34 79 130 217 119 26 246 50 196 249 238 104 144 253 205 231 235 203 5 39 247 70 96
116 117 253 78 142 67 71 248 194 162 188 42 83 113 237 51 59 212 76 106 105 99 185 58 248 205 229 60 117 251 246 32
142 142 148 247 193 224 189 167 190 55 66 145 236 39 72 75 135 87 161 144 50 220 203 227 109 55 94 71 130 84 133 74
162 118 35 42 120 71 18 92 185 72 249 253 30 221 160 16 220 217 223 115 169 135 2 74 179 48 32 155 72 55 38 243
159 127 19 18 163 189 182 212 165 76 253 101 238 244 171 132 252 98 206 110 197 163 40 236 178 81 14 154 75 127 171 213
42 90 163 250 45 181 178 212 21 89 84 227 8 157 228 109 220 121 151 83 138 186 42 160 75 217 242 203 182 159 116 255
167 54 187 12 248 79 151 127 184 206 188 124 214 246 167 50 159 101 70 37 177 111 184 78 248 22 47 190 200 114 167 253
88 90 94 191 36 160 115 18 100 29 95 182 169 131 226 91 102 206 172 66 142 24 171 161 214 225 178 193 34 195 44 73
153 182 106 25 81 90 99 254 118 206 102 52 123 246 162 244 49 234 134 168 231 148 63 95 127 207 55 5 235 228 111 248
232 82 22 28 89 159 1 92 188 8 244 124 238 212 2 189 28 176 238 96 33 167 66 29 85 35 112 153 82 29 142 51
182 254 26 26 203 93 55 244 53 126 247 125 34 180 15 21 253 222 198 66 237 151 233 99 181 48 100 147 73 127 174 223
8 47 95 83 192 232 103 86 224 31 125 16 157 195 130 59 43 106 70 218 18 16 170 96 70 137 114 129 162 195 231 161
141 52 43 26 50 247 27 88 22 101 197 181 223 197 235 108 87 56 159 62 163 135 124 26 202 77 33 252 150 143 5 241
173 122 170 1 106 253 50 82 246 238 84 181 147 212 227 40 94 120 178 94 133 150 230 2 70 77 33 173 234 189 14 245
199 72 163 92 33 248 112 18 245 206 70 1 170 223 183 125 192 104 191 70 140 220 178 96 195 250 82 11 82 181 100 94
25 148 7 10 48 54 18 123 52 73 239 228 114 118 170 244 93 146 174 44 157 155 53 31 242 247 50 194 90 134 168 117
189 50 155 129 100 103 161 88 22 127 213 246 22 196 235 201 93 8 134 118 187 246 104 144 216 129 171 228 152 11 54 241
29 90 186 252 1 244 113 82 245 206 70 2 12 214 99 237 244 104 166 142 140 213 162 224 211 251 211 11 130 125 45 199
138 241 28 219 25 157 20 255 31 61 68 52 172 147 42 37 141 27 147 64 102 28 122 181 231 209 24 47 26 28 141 207
228 106 218 192 228 66 239 66 120 190 112 94 24 138 103 153 234 237 38 218 97 118 128 192 20 137 239 36 205 113 107 129
88 146 154 235 52 166 98 87 119 15 251 102 99 195 170 192 117 142 174 144 27 189 1 195 210 229 178 64 186 138 232 19
168 74 39 191 77 213 181 106 220 30 116 19 164 216 51 199 200 42 131 67 98 46 66 189 69 115 218 43 19 29 125 234
138 225 48 51 217 221 177 239 190 125 32 29 140 158 78 148 129 11 195 17 86 122 218 117 109 84 21 111 82 4 135 206
25 32 131 35 0 235 232 87 116 75 122 66 153 2 152 168 57 170 6 156 3 184 37 66 212 205 50 0 233 194 227 136
17 2 138 161 22 47 99 87 52 41 94 198 19 1 176 64 120 140 14 28 27 177 21 2 244 133 32 4 169 202 80 152
192 104 26 184 73 201 48 74 170 16 64 9 164 210 99 89 128 41 234 65 70 86 210 17 149 16 11 107 16 1 15 130
25 80 232 217 4 238 105 150 118 69 86 6 185 86 178 104 121 168 30 156 139 144 117 144 196 137 178 128 188 216 240 112
193 194 89 237 38 10 110 52 104 2 98 192 245 3 144 115 50 68 44 110 65 148 133 77 228 235 226 0 36 178 65 8
149 14 82 163 22 34 106 88 116 162 83 86 89 2 177 100 115 132 14 190 161 149 13 206 180 142 163 4 173 227 105 0
98 225 20 152 205 201 180 239 142 57 153 27 140 154 104 130 201 19 202 17 86 43 74 209 29 16 26 127 16 8 141 134
181 206 70 30 216 3 70 184 22 134 98 236 99 224 168 213 21 102 32 46 232 211 15 63 32 166 101 16 121 240 66 52
161 0 228 153 141 249 108 3 199 83 66 23 160 200 118 75 73 170 42 149 142 148 87 144 70 40 218 1 157 76 216 208
201 140 19 144 45 240 176 67 148 91 146 18 172 54 162 229 233 162 142 128 47 15 97 227 144 114 218 91 146 76 169 245
153 216 43 243 12 196 37 244 68 90 214 2 145 151 232 99 105 154 14 202 91 150 115 163 231 201 166 64 50 152 180 240
45 41 1 145 204 152 229 210 68 94 244 102 144 4 241 105 105 130 14 14 155 58 96 224 86 1 170 104 143 137 80 208
33 32 2 1 74 13 160 64 108 96 226 76 131 128 0 208 104 140 106 12 5 243 209 64 20 0 3 0 73 0 107 144
16 16 7 137 75 79 32 72 230 72 194 71 192 144 32 64 104 12 106 128 8 211 83 16 21 34 130 0 16 8 116 86
32 34 14 137 74 11 33 88 6 36 196 170 208 193 162 64 104 12 106 0 8 147 203 16 84 160 163 25 49 8 54 160
80 32 22 129 75 73 33 64 108 36 226 138 134 2 2 212 104 140 234 0 4 241 197 64 148 33 2 1 96 8 47 128
96 34 2 1 74 9 32 64 102 32 224 204 2 130 0 80 104 140 106 136 8 115 197 80 20 0 3 24 65 0 98 128
24 32 6 137 73 3 161 72 230 4 198 6 192 192 34 196 104 12 106 12 8 195 223 16 212 34 130 25 16 12 60 64
40 32 4 29 73 91 160 72 86 240 196 8 66 192 66 134 25 76 234 8 7 83 203 17 92 3 5 53 82 12 10 128
80 0 134 28 72 3 32 72 246 160 194 128 64 224 96 82 112 100 106 0 8 211 139 0 20 34 65 0 97 32 32 0
48 0 4 137 10 11 160 72 6 32 192 2 192 192 32 64 104 12 106 0 8 211 203 16 148 32 131 0 48 8 48 128
86 176 107 40 74 73 177 121 45 121 146 231 18 188 68 112 239 149 255 161 153 19 185 80 157 36 171 190 205 32 39 115
166 126 27 138 250 103 151 220 56 74 241 253 92 93 137 153 223 87 215 115 225 103 121 110 49 50 46 154 76 83 167 241
151 31 43 14 185 112 151 249 61 206 253 173 238 252 175 37 223 195 222 102 237 163 126 234 186 87 47 159 194 254 175 85
150 91 115 251 166 165 190 212 31 8 88 227 104 221 237 105 222 123 151 83 138 178 10 224 35 216 174 138 148 219 180 155
92 95 98 187 161 176 127 144 53 95 95 229 201 199 171 93 103 206 173 222 138 144 191 225 230 241 166 193 174 215 236 209
153 180 226 127 145 118 118 127 119 231 103 144 75 54 146 117 127 222 150 160 189 221 61 255 127 207 23 7 235 212 238 222
232 26 30 28 233 31 180 90 191 10 116 124 78 209 163 253 188 144 230 2 228 39 34 31 22 115 112 155 90 84 11 159
2 120 234 94 33 237 80 6 127 202 106 1 170 221 53 120 192 123 183 65 142 156 210 107 3 60 18 139 66 117 116 95
140 175 123 83 224 248 239 213 228 95 127 48 221 231 219 178 51 74 198 218 243 48 174 99 110 201 38 193 227 211 231 225
157 120 170 121 34 191 50 82 116 202 118 161 179 157 243 40 94 120 151 86 164 190 228 34 199 77 50 169 226 253 38 211
121 148 119 74 50 54 90 89 101 65 207 224 83 118 174 112 86 148 62 44 157 131 61 31 242 239 34 214 254 134 160 117
61 56 163 137 178 127 27 82 22 231 213 182 151 199 163 108 95 24 150 126 155 151 116 158 203 199 35 196 182 173 52 245
135 120 178 158 101 244 62 82 213 206 70 2 172 247 227 108 232 106 166 206 4 158 162 226 131 244 154 11 130 253 45 223
25 150 218 235 52 38 115 216 117 77 255 231 91 199 170 80 117 140 14 188 159 179 57 207 242 237 162 68 186 203 224 81
168 72 52 191 77 221 180 238 143 30 84 3 174 221 35 143 200 122 163 67 102 110 82 189 5 243 90 59 83 29 93 238
174 181 48 50 249 221 176 239 170 253 45 61 140 222 74 149 139 27 195 17 118 107 218 213 63 81 31 111 194 4 143 215
17 35 3 99 176 203 107 81 124 73 127 98 249 66 184 112 58 139 14 216 155 145 45 127 164 205 34 192 177 131 225 44
145 7 79 99 148 143 98 85 116 105 255 198 19 1 186 64 120 142 14 252 187 184 5 14 252 141 32 192 169 138 216 24
226 249 16 154 121 141 48 111 187 28 224 25 44 210 99 149 136 187 195 0 98 79 90 127 53 16 26 59 82 4 7 143
93 8 217 239 6 58 106 16 104 2 99 198 255 35 145 123 50 101 44 110 129 148 181 104 198 233 98 0 172 243 1 33
230 133 16 144 221 201 144 107 138 49 185 27 140 154 108 16 201 147 202 17 54 47 90 215 25 20 27 127 208 8 141 6
193 201 209 207 34 10 111 189 120 2 114 192 221 39 144 243 22 69 60 238 225 148 229 105 36 186 110 128 60 178 129 41
200 16 165 147 205 205 100 3 205 83 82 23 160 204 118 79 233 170 42 1 183 124 83 224 7 16 214 10 158 76 244 214
25 220 41 225 12 213 101 246 100 94 222 34 179 181 224 96 105 154 30 10 201 190 99 163 255 205 246 8 50 216 116 249
140 183 122 115 240 152 126 249 244 94 126 244 217 239 218 177 63 122 206 250 247 240 191 67 110 201 39 197 230 246 239 241
10 108 235 113 49 239 122 82 245 202 250 1 187 221 53 96 237 123 159 21 140 184 0 174 227 93 50 128 226 223 96 219
125 133 103 108 50 34 75 152 101 73 251 192 83 124 188 112 86 148 63 109 185 131 37 29 242 239 34 212 252 195 224 97
21 92 171 193 180 191 123 210 23 229 222 167 147 151 163 100 125 184 30 28 137 185 53 174 251 207 167 198 182 239 52 117
98 88 176 222 109 212 52 222 25 79 116 35 172 222 99 108 220 123 150 128 70 46 242 227 151 244 146 171 18 220 37 223
93 149 127 168 178 54 91 218 119 73 255 231 83 71 170 112 118 140 14 254 159 147 61 158 250 237 34 196 190 139 224 113
138 181 52 51 251 221 180 239 175 125 53 57 140 158 78 151 143 27 195 17 118 75 90 213 47 81 31 111 194 4 143 215
149 215 127 97 52 67 107 216 116 77 119 102 89 67 184 112 122 136 14 250 251 181 45 95 248 205 163 196 57 131 100 33
157 198 71 227 52 203 99 248 116 72 115 102 123 67 184 97 50 128 14 254 229 180 45 125 244 203 34 192 61 131 97 112
170 182 84 26 121 253 176 235 171 61 177 25 44 214 78 149 141 147 194 0 54 79 74 213 31 18 81 127 83 4 206 159
230 164 16 146 221 237 144 107 154 55 177 27 14 154 108 155 137 147 203 17 54 111 74 214 153 18 31 127 209 72 143 6
253 157 103 161 48 134 123 178 117 104 254 230 27 23 167 113 102 181 30 252 185 155 37 222 254 233 163 196 63 133 96 113
106 144 48 186 109 221 176 239 31 127 117 59 172 221 106 13 143 147 179 1 22 62 122 245 95 82 89 255 86 12 141 223
142 180 52 179 235 221 184 239 175 125 53 185 140 222 78 159 175 19 211 17 118 79 58 247 31 82 95 239 194 4 143 215
149 222 127 73 54 2 107 250 116 72 246 230 89 3 177 113 126 132 46 238 233 180 37 94 242 235 163 196 61 161 97 113
221 94 119 105 38 42 107 186 125 74 118 102 91 67 177 113 50 132 46 238 161 181 37 93 212 235 99 132 63 161 97 113
102 160 148 178 205 237 144 202 139 181 185 11 14 250 108 154 137 147 231 17 30 42 90 208 153 22 89 127 209 75 79 6
