96 0 6 137 79 11 96 72 175 160 242 139 134 194 32 66 104 204 110 128 8 99 207 208 149 32 139 57 49 8 118 134
64 0 6 129 72 75 32 64 102 164 194 10 198 128 98 64 104 132 106 8 8 211 199 16 20 34 131 17 32 8 80 0
112 0 12 141 74 11 33 72 86 32 194 138 210 192 0 66 120 204 106 12 8 82 207 16 212 32 3 56 48 8 50 160
80 0 6 129 73 11 32 72 230 160 194 2 192 128 96 64 104 4 106 0 4 211 207 24 21 34 131 16 16 8 84 6
32 32 14 153 76 139 160 72 214 160 242 66 192 194 160 64 120 172 106 136 0 241 77 144 28 34 163 0 17 8 121 128
80 32 2 128 74 8 32 64 102 32 226 10 22 130 32 86 96 204 106 136 0 211 133 64 148 32 2 0 33 0 35 160
32 32 82 133 78 9 160 64 172 32 242 66 128 130 0 16 104 140 106 8 0 243 193 192 20 32 3 32 97 8 99 160
16 0 134 189 9 135 160 72 182 160 194 3 228 242 32 66 248 108 106 32 2 211 219 157 149 34 207 27 16 8 32 130
33 32 7 137 78 11 160 72 86 160 210 74 208 208 64 64 120 76 106 0 0 243 223 144 28 0 7 56 89 8 112 128
32 32 22 136 73 15 160 72 126 4 242 2 68 194 96 68 248 140 98 128 0 243 155 208 21 0 139 11 65 0 111 134
33 32 87 133 78 11 160 64 172 32 242 66 151 130 128 84 104 140 106 8 0 243 193 64 148 160 3 32 97 8 99 160
96 32 3 129 74 9 160 64 110 160 226 74 128 128 64 80 104 140 106 0 0 243 197 16 21 0 3 32 65 8 83 162
80 2 134 21 11 2 32 72 246 144 194 64 66 224 32 82 81 100 106 0 8 211 139 24 25 162 69 13 104 96 120 0
36 160 148 29 202 139 1 200 214 176 192 8 210 224 64 134 25 108 106 16 10 208 203 29 12 2 101 52 16 32 10 128
32 32 3 9 72 11 160 72 118 168 224 76 192 192 64 208 121 204 106 0 1 211 207 16 20 2 135 56 72 8 50 132
112 32 8 129 77 9 96 72 111 176 242 8 198 130 64 82 104 204 110 8 12 115 219 80 149 16 131 61 64 0 74 134
96 32 10 129 72 9 160 72 46 160 242 74 198 129 64 18 104 204 106 128 8 243 195 64 20 32 3 40 73 8 67 128
88 34 6 5 72 11 32 72 36 164 194 136 65 160 0 210 104 196 106 136 0 211 199 0 148 34 3 0 32 8 43 128
96 32 6 1 75 73 33 72 38 164 226 10 64 192 64 150 104 204 106 0 0 211 223 16 28 0 3 33 1 8 26 128
80 16 143 29 10 2 33 120 246 132 194 100 82 224 160 82 112 108 106 0 9 211 175 24 28 162 101 8 104 32 112 112
32 160 150 29 75 219 32 200 214 180 192 8 192 192 98 2 89 108 234 16 6 211 255 16 29 0 5 53 80 40 6 198
16 0 150 157 11 131 32 104 150 128 194 3 68 194 32 64 248 108 42 160 32 195 75 220 149 34 195 11 16 8 33 130
97 32 14 9 72 11 161 72 118 160 224 8 194 192 64 16 120 140 106 4 5 211 219 16 20 2 131 56 65 8 51 160
32 32 6 137 78 11 160 72 22 160 242 10 211 192 64 64 120 140 106 8 8 242 203 16 28 128 7 40 113 8 112 128
80 32 66 137 75 9 96 72 230 32 242 10 138 130 64 208 104 140 110 128 8 243 199 80 148 32 131 41 97 0 99 134
96 32 88 129 76 9 224 64 44 32 242 74 210 0 0 16 104 140 106 136 0 242 193 64 20 160 3 40 73 8 107 128
80 0 2 137 13 9 96 72 46 32 210 11 198 130 0 82 104 196 110 0 8 227 195 192 149 32 139 57 16 8 80 2
80 32 6 13 74 74 32 72 228 32 194 10 66 128 0 82 104 204 106 128 8 211 151 64 148 34 2 1 97 32 39 128
80 0 10 128 74 8 33 64 102 32 194 10 18 130 32 82 96 204 106 136 0 211 133 80 148 32 2 8 33 0 35 128
32 32 3 129 74 9 160 64 110 32 226 74 128 128 64 80 104 140 106 0 0 243 213 16 21 0 3 48 81 8 83 130
0 32 22 1 73 15 160 72 238 160 226 0 196 194 96 70 232 204 106 0 0 243 139 80 29 2 3 2 64 0 35 134
96 32 1 1 74 9 160 72 38 160 242 202 211 128 64 82 104 204 106 136 0 242 195 64 20 160 3 40 97 8 98 128
112 0 6 157 77 131 32 72 182 32 194 139 68 194 32 82 120 236 106 128 8 211 211 208 149 34 139 9 17 8 33 130
32 32 22 13 74 143 160 72 214 184 192 64 212 128 96 0 217 108 106 0 0 227 203 16 29 0 3 60 88 8 1 160
96 34 130 13 72 11 32 72 230 160 194 76 194 128 0 86 104 204 106 128 9 67 207 16 148 32 3 56 8 0 34 0
32 32 7 137 78 11 160 72 22 160 242 74 211 192 96 64 120 140 106 8 8 242 207 144 20 128 131 40 49 8 112 128
64 32 6 5 73 11 32 64 118 160 226 8 66 128 64 80 121 204 106 0 0 243 203 80 20 32 3 41 65 0 43 130
104 50 152 100 32 12 80 16 41 168 182 9 159 19 66 18 132 196 108 8 8 96 192 0 195 249 37 49 66 160 74 3
80 32 134 140 11 6 32 72 166 160 194 2 193 195 32 198 104 196 106 128 8 211 195 144 149 34 131 16 48 40 32 0
96 32 2 13 74 11 32 72 166 164 194 10 198 128 64 80 104 140 106 0 12 211 199 16 156 2 7 49 96 8 27 128
80 32 7 137 78 11 161 64 230 32 194 2 196 130 32 66 104 76 106 128 1 211 131 64 148 34 2 0 32 0 33 128
80 32 66 129 75 9 96 72 230 36 242 10 130 130 64 80 104 140 110 128 8 243 135 80 149 0 131 41 97 0 103 130
97 32 135 29 8 11 33 72 246 176 194 4 194 224 64 82 81 68 106 12 9 67 235 16 28 34 197 28 96 32 16 0
112 0 134 157 8 11 32 72 166 160 194 11 194 194 64 82 104 196 106 0 12 195 203 16 148 34 131 57 16 8 24 2
32 34 70 129 74 11 160 72 230 16 242 224 193 194 192 198 106 204 106 128 0 243 207 80 148 2 35 141 97 0 35 133
80 160 140 13 74 75 32 200 22 244 192 8 192 224 66 82 81 108 106 0 10 83 207 25 156 2 69 53 48 40 6 128
32 32 10 137 78 75 160 72 22 164 224 10 192 192 96 80 120 140 106 128 0 243 195 16 20 128 3 41 113 8 98 128
105 34 144 96 41 13 80 16 107 168 176 77 159 11 64 146 132 197 76 4 140 98 192 0 203 217 37 48 74 128 74 3
65 172 142 30 24 195 33 248 246 152 70 0 116 224 160 114 17 108 106 40 32 209 171 61 104 34 101 9 80 96 32 160
60 176 134 31 153 195 2 200 22 176 66 0 98 240 32 208 81 126 234 32 42 211 91 63 41 135 5 36 112 40 38 146
81 32 143 5 8 10 32 72 236 160 194 64 208 162 80 114 97 196 106 140 1 209 135 64 156 34 207 0 0 32 99 4
20 160 20 184 203 195 32 200 86 176 224 10 230 210 104 132 121 88 226 16 2 83 91 21 157 130 7 127 144 8 45 130
64 2 143 93 24 2 101 120 244 130 226 68 80 225 160 66 112 100 106 40 41 241 139 13 84 162 231 0 9 248 96 32
96 32 192 172 77 73 160 72 46 164 240 139 130 160 68 146 40 204 194 1 8 115 219 80 29 0 7 57 65 40 70 130
96 32 140 164 74 75 160 72 54 176 224 139 194 224 64 18 57 204 98 17 10 115 203 16 28 0 15 61 65 40 86 130
81 32 159 133 10 10 96 64 236 160 226 66 222 130 208 114 99 197 106 140 1 209 133 64 156 34 143 0 32 0 35 36
64 0 151 29 12 2 165 104 244 130 194 66 80 224 32 98 112 100 106 168 32 241 139 13 21 34 231 0 24 104 112 32
20 160 148 185 219 195 32 200 86 176 224 10 102 210 104 192 89 88 226 16 2 83 75 21 157 130 5 127 208 8 13 130
64 2 151 93 8 2 101 104 244 130 226 64 82 225 160 98 112 100 106 40 41 241 171 13 20 162 103 0 9 120 96 32
32 32 128 164 78 73 160 72 14 164 240 139 130 128 68 2 104 220 66 1 8 115 203 80 29 0 7 57 65 40 70 130
52 160 20 153 219 195 161 200 22 176 192 10 196 210 104 64 121 88 98 16 2 83 75 21 157 130 7 125 184 8 33 130
81 32 142 5 10 10 32 72 236 160 194 64 210 162 84 114 97 196 106 140 5 209 135 64 156 34 207 0 0 32 35 4
81 32 151 133 10 10 32 64 236 160 194 66 216 130 80 114 96 197 106 136 1 209 133 64 156 34 143 0 32 0 35 36
96 32 132 164 74 11 160 72 62 180 224 139 130 224 64 18 57 204 98 17 10 115 203 16 29 0 15 61 65 40 70 130
64 6 151 95 8 2 36 104 246 130 226 64 114 225 160 67 81 100 106 42 41 241 139 45 52 162 101 0 80 120 96 32
20 160 148 155 219 135 32 200 86 177 224 10 102 210 104 68 89 90 226 16 2 83 219 53 157 130 5 127 240 8 13 130
64 4 158 93 24 2 37 104 246 130 226 64 82 225 160 67 80 100 106 40 41 241 139 13 116 162 101 0 88 120 96 32
32 32 128 164 78 73 160 72 14 176 240 139 130 192 64 2 105 220 66 1 10 115 203 17 29 128 7 61 65 40 70 130
20 160 148 27 219 195 34 232 86 177 192 10 102 242 104 196 89 90 226 16 34 83 75 55 189 134 5 127 176 40 13 130
81 32 135 133 8 10 33 64 236 160 194 66 208 162 80 114 96 196 106 136 1 209 133 64 156 34 207 0 0 32 35 36
96 0 1 137 74 11 32 72 86 36 194 78 194 192 32 66 120 204 106 8 9 83 203 16 148 32 131 56 24 8 50 128
80 32 135 12 72 10 32 72 54 160 194 200 66 224 64 82 120 196 106 128 8 211 207 0 21 34 67 40 1 32 50 130
65 34 134 5 74 10 32 72 166 160 194 136 192 224 66 210 104 204 106 128 0 211 143 72 20 34 3 0 0 32 43 128
32 32 6 1 72 11 32 72 102 176 194 8 208 192 64 82 105 76 106 8 0 211 207 20 28 2 133 20 64 0 50 128
48 34 134 173 72 2 160 72 118 128 242 66 193 195 64 66 120 204 106 136 0 243 207 80 20 160 163 8 105 40 99 128
48 34 6 9 74 11 160 72 118 160 192 205 192 192 64 208 121 204 106 0 8 211 207 16 28 2 135 57 105 8 50 128
99 34 0 168 108 13 72 8 143 60 176 205 166 194 208 150 201 192 110 12 14 35 203 145 148 176 161 188 16 136 82 5
80 0 6 137 12 11 32 72 118 160 194 66 80 192 32 192 120 132 106 8 2 211 207 29 20 34 131 16 16 8 48 128
32 32 6 129 73 11 160 72 110 160 242 8 198 192 64 82 105 204 106 128 12 243 207 80 157 2 7 57 65 8 107 134
0 32 134 13 73 66 160 72 118 128 194 4 64 192 64 70 120 76 234 0 0 243 223 16 21 32 3 9 65 32 39 134
96 32 132 29 89 219 32 104 214 240 194 13 66 224 66 82 81 108 234 48 12 211 251 28 29 34 69 61 48 44 4 86
48 0 6 137 75 11 32 72 70 32 194 130 192 193 32 66 104 76 106 0 2 211 207 21 21 34 163 57 48 8 48 130
32 32 22 137 78 15 160 72 70 32 192 66 134 128 32 4 104 140 106 128 8 163 75 80 149 0 131 56 81 8 48 128
113 0 140 29 8 11 1 72 22 224 194 8 80 224 98 98 17 76 234 4 11 209 235 17 28 34 101 48 80 40 16 112
17 32 14 1 74 11 161 72 230 160 194 0 80 194 66 98 104 76 106 128 1 211 235 16 28 2 3 0 96 0 34 164
96 32 5 161 76 11 96 72 78 160 242 75 214 2 64 64 104 132 110 141 9 115 199 208 148 162 171 16 56 8 49 128
105 134 134 29 24 147 33 232 214 176 70 0 96 224 162 213 81 100 106 40 32 209 139 29 8 34 101 4 16 40 56 128
16 146 134 29 27 131 0 200 22 184 66 100 98 224 40 193 81 110 234 32 42 210 203 29 12 34 69 60 56 40 32 146
48 0 15 137 10 11 161 72 70 32 192 199 196 193 32 66 104 204 106 0 1 211 199 16 148 34 130 56 57 8 48 128
80 32 151 133 77 10 96 72 110 160 226 2 198 130 64 210 96 196 110 8 0 81 217 192 149 160 3 17 0 0 43 2
121 6 134 29 9 19 32 104 246 180 198 0 96 224 162 192 81 108 106 40 44 211 143 29 8 35 69 4 48 44 120 128
16 0 6 137 13 75 32 72 102 36 194 2 194 192 34 64 104 132 106 0 12 211 87 16 148 2 131 1 16 8 52 132
33 32 14 137 76 11 225 72 86 164 210 74 209 128 96 64 120 140 106 140 8 242 71 144 20 128 163 40 49 8 112 160
0 0 6 137 8 2 160 64 164 0 194 2 208 130 32 64 104 140 106 136 8 131 199 64 148 160 138 16 33 8 33 128
80 0 2 137 79 193 160 72 182 32 210 10 194 194 32 192 120 236 106 129 12 227 199 192 148 32 139 9 49 8 57 128
96 148 135 29 24 135 32 232 214 184 194 104 64 240 96 66 209 100 106 48 32 211 203 28 13 34 69 52 16 40 0 2
48 34 6 137 74 11 160 72 70 32 194 131 192 192 32 66 104 204 106 0 0 211 207 20 20 34 131 57 56 8 48 128
81 0 6 137 12 11 32 72 116 32 194 2 192 192 32 192 120 132 106 136 0 211 199 8 20 34 131 0 16 8 56 128
88 128 132 29 26 19 0 232 22 176 198 136 113 224 64 66 17 78 106 136 10 82 239 25 92 35 65 60 113 40 48 0
33 32 15 137 76 11 160 72 22 160 242 10 208 129 96 64 120 140 106 140 0 242 195 208 20 0 163 40 57 8 112 128
80 0 150 132 73 6 32 72 246 128 226 2 198 227 32 70 120 197 106 128 8 211 219 192 149 162 203 9 1 0 33 2
0 162 135 29 90 131 0 200 22 184 194 108 96 224 32 193 81 110 106 32 34 195 203 29 28 34 101 60 56 40 0 128
212 172 144 18 145 226 22 172 114 159 43 17 102 242 72 16 145 71 224 50 54 73 139 63 169 6 21 71 144 119 175 70
165 206 221 62 200 171 71 190 210 146 96 220 115 97 129 27 17 102 96 110 225 244 14 63 96 46 101 24 248 243 194 40
80 0 150 133 11 10 32 64 172 0 226 2 196 130 32 70 104 205 106 128 0 209 147 192 149 162 203 2 32 0 37 130
20 164 132 23 155 39 22 200 22 179 68 17 68 226 75 14 17 78 224 18 50 80 155 50 169 6 77 111 160 117 139 134
101 46 142 23 140 34 70 168 210 178 66 84 80 224 217 11 89 102 96 62 184 243 143 42 104 38 101 4 193 121 240 128
165 206 213 94 138 35 70 186 210 194 96 248 115 224 137 59 17 102 96 42 233 230 46 47 32 174 101 24 249 241 194 41
68 164 146 18 145 242 22 172 58 151 43 17 110 246 73 156 145 95 160 50 50 200 139 127 169 22 85 71 194 119 167 70
6 164 132 23 153 83 22 200 150 183 0 1 196 226 73 207 145 94 232 48 50 81 139 59 41 6 77 111 128 116 5 6
48 34 7 141 74 11 160 72 190 160 242 66 85 194 128 80 120 140 106 8 0 243 199 64 20 160 3 32 97 8 35 128
80 0 134 29 74 2 32 88 246 136 194 72 64 224 96 82 112 108 106 0 8 211 207 24 20 162 101 8 96 32 114 128
40 32 22 29 75 155 32 72 246 176 198 8 64 192 64 130 121 108 234 16 0 211 203 28 28 3 5 52 16 8 10 128
112 32 6 129 77 11 96 72 111 160 242 8 198 128 64 86 104 204 106 8 4 115 219 80 149 0 3 57 65 0 106 134
96 32 10 129 76 9 160 72 46 160 242 74 194 128 64 80 104 140 106 136 0 242 195 64 20 32 3 40 73 8 99 128
32 34 6 9 72 11 160 72 118 160 194 76 64 128 0 80 120 76 106 0 1 211 143 16 20 0 35 32 72 8 51 144
0 32 6 29 73 11 32 72 54 164 194 8 64 192 34 84 120 204 106 128 0 211 207 0 20 34 3 9 0 8 42 192
48 34 6 137 78 11 160 72 78 160 210 66 210 128 64 64 104 140 106 0 8 243 207 144 148 32 131 16 49 8 112 128
33 32 10 9 72 11 161 72 102 160 226 8 208 128 64 80 104 140 106 0 0 243 133 16 21 0 35 32 65 8 99 160
112 32 6 9 73 73 32 72 54 32 226 74 16 194 32 208 120 204 106 136 0 211 215 64 21 32 130 0 97 8 39 128
96 32 3 9 72 11 160 72 38 160 226 76 194 128 64 82 104 204 106 0 1 83 195 16 20 0 3 56 65 8 34 128
80 32 6 5 72 11 32 72 180 164 194 2 192 128 2 80 120 204 106 136 8 211 199 0 148 34 3 1 32 32 35 128
96 32 66 136 73 9 96 72 45 32 242 10 10 130 68 84 104 140 110 128 8 243 209 192 21 0 131 41 65 8 98 134
32 32 2 129 76 9 224 64 44 32 242 74 131 128 0 16 104 140 110 8 8 243 193 192 20 160 3 40 105 8 67 128
80 32 2 137 77 9 96 72 46 32 210 10 198 130 32 82 104 196 110 0 8 243 195 192 149 32 139 57 0 8 112 130
117 36 135 55 136 2 6 184 82 242 66 96 83 224 145 43 25 102 96 58 185 243 143 42 40 38 101 4 237 248 80 32
37 14 199 126 136 34 7 184 210 130 98 232 115 224 169 43 21 102 96 42 233 240 143 47 40 174 101 16 225 249 66 32
32 34 14 137 76 11 160 72 86 160 242 74 195 128 96 64 120 140 106 136 8 243 67 144 20 128 131 40 113 8 112 128
22 172 148 26 153 243 22 168 54 183 0 16 108 230 105 220 145 95 160 48 54 64 11 63 169 22 5 111 146 117 133 6
16 32 6 153 73 139 160 72 230 32 226 2 68 194 96 82 104 100 106 128 0 243 211 64 149 2 131 3 65 0 35 134
48 32 7 9 72 11 160 72 54 160 242 74 194 128 64 16 120 140 106 8 8 243 195 80 148 32 3 56 97 8 67 128
80 2 143 77 12 2 32 72 118 128 226 66 208 224 160 66 120 68 106 136 9 211 131 68 20 34 231 0 32 40 112 32
48 32 20 137 75 75 160 72 22 176 224 10 196 192 96 128 121 28 226 16 2 83 75 17 157 128 15 61 80 8 45 130
117 166 199 87 140 2 7 184 82 178 66 76 83 224 145 43 25 102 96 62 185 243 175 42 40 46 101 4 237 248 80 32
64 32 6 141 75 11 160 64 118 160 242 10 64 130 0 80 120 204 106 128 0 243 195 64 20 32 131 41 65 8 107 130
80 32 6 141 73 3 32 72 54 32 194 10 194 194 32 210 120 204 106 128 12 195 195 144 149 34 131 25 48 40 40 130
6 164 148 23 155 83 22 200 150 179 0 1 228 226 75 203 145 94 233 18 54 83 139 59 41 6 77 111 128 116 15 134
65 32 135 5 76 10 33 64 100 160 194 66 208 130 144 118 96 196 106 136 1 209 135 64 156 34 135 0 41 32 99 32
104 34 152 100 40 13 80 16 43 168 182 73 159 3 66 146 132 196 236 12 8 98 193 0 195 249 37 49 72 160 74 3
96 32 2 136 73 11 160 72 238 32 242 10 2 194 68 80 104 140 106 128 8 243 195 80 21 0 131 57 65 0 98 134
80 32 70 141 78 9 96 72 62 32 210 42 194 128 128 80 122 204 106 0 12 243 199 192 148 32 163 25 48 8 49 130
48 32 132 141 75 75 160 72 54 164 160 11 6 128 64 18 120 204 106 0 8 115 203 16 29 0 15 57 65 40 7 130
80 2 151 205 12 10 33 72 118 128 226 66 208 227 160 66 120 196 106 136 9 211 131 68 84 34 227 0 40 40 97 32
32 32 22 137 79 79 160 72 22 176 224 10 196 208 96 128 121 156 98 16 2 115 91 17 29 128 15 61 17 8 37 130
65 34 143 5 14 10 96 64 108 160 226 74 212 130 208 114 96 196 106 136 1 209 135 64 148 34 143 0 40 32 99 0
112 32 4 141 79 75 160 72 62 164 160 11 2 128 64 146 120 220 234 0 8 115 203 80 157 0 15 57 65 40 78 130
105 34 16 32 33 13 80 16 105 168 176 77 159 27 64 146 132 197 76 12 140 96 192 0 195 217 37 48 66 132 74 3
80 2 135 93 72 2 33 120 118 128 226 70 82 225 160 66 120 100 106 40 9 241 139 12 20 34 231 0 32 40 96 32
32 160 20 153 75 203 48 200 22 180 224 10 68 208 96 132 89 28 234 16 2 83 75 29 29 130 7 127 16 8 45 130
32 160 20 153 75 207 176 200 150 180 224 10 100 208 96 132 249 28 234 16 2 83 91 17 29 128 15 63 80 8 45 130
80 2 143 205 12 2 33 120 118 128 226 70 81 227 160 66 112 196 106 168 33 209 131 12 84 162 231 0 40 40 96 32
48 32 64 141 79 73 160 72 174 164 176 11 2 136 64 146 104 220 202 1 8 115 219 80 29 0 3 57 65 8 78 130
65 34 159 133 10 10 105 64 108 160 226 66 220 130 144 114 98 197 106 136 1 209 133 64 148 34 171 0 40 32 35 32
0 32 22 153 73 135 160 72 246 144 242 3 196 192 96 192 248 108 234 128 0 243 154 88 21 2 3 15 80 8 43 134
0 0 6 137 72 11 160 72 102 32 194 66 194 129 32 64 104 132 106 0 8 243 207 16 148 34 163 48 16 8 48 128
32 32 6 156 75 195 32 72 54 160 226 11 68 210 32 64 120 236 106 128 6 211 203 209 21 34 131 43 16 8 36 134
32 32 7 137 76 139 160 72 22 160 210 74 208 193 96 64 121 172 106 12 0 243 207 144 20 2 163 40 80 8 112 128
80 0 6 137 13 11 32 72 102 32 194 2 194 130 32 192 104 132 106 128 8 195 207 16 148 34 130 24 16 8 56 128
32 176 135 29 24 3 0 248 22 240 66 100 64 224 168 83 21 110 106 32 169 209 107 29 8 34 69 52 88 160 0 80
181 206 207 94 152 35 70 184 82 226 98 232 115 224 185 59 29 102 100 42 233 226 175 47 32 174 101 16 233 241 66 40
100 32 134 30 217 131 32 72 50 176 194 8 96 226 64 210 81 108 106 16 2 83 203 41 29 34 69 107 80 32 34 130
98 34 0 168 44 13 72 8 11 56 176 73 135 0 84 148 201 132 110 4 14 98 202 145 148 216 129 188 80 136 90 5
70 164 132 23 139 23 22 200 146 182 0 1 228 230 75 142 145 95 233 18 54 67 155 58 41 6 77 111 128 116 15 198
117 164 206 55 140 2 38 248 82 242 194 110 83 224 145 43 89 102 96 62 185 243 207 42 40 47 101 4 233 248 112 0
32 34 2 137 40 137 200 72 238 168 240 233 195 194 128 212 200 164 110 132 12 227 199 208 148 144 171 184 81 136 43 132
0 132 142 29 24 83 6 168 22 246 70 0 96 224 42 87 17 68 104 32 38 209 171 29 8 98 69 31 16 32 20 70
16 32 14 137 8 11 161 72 102 32 194 130 210 129 2 66 104 196 106 8 9 211 207 16 149 34 131 48 16 8 32 224
70 172 148 18 145 227 22 172 62 183 10 17 108 242 79 92 145 79 160 50 54 192 27 127 169 22 29 103 130 119 143 70
165 78 207 94 136 35 71 184 82 226 96 236 115 225 185 27 17 102 96 46 233 224 142 47 104 174 101 24 233 241 66 40
81 0 142 29 74 2 33 72 118 192 198 136 80 228 98 114 81 108 106 12 9 211 239 24 28 163 69 8 64 32 50 96
32 176 151 29 74 203 48 200 246 240 194 77 64 228 96 2 89 108 106 16 2 209 223 28 29 2 5 54 16 40 4 214
48 0 7 137 8 75 32 72 102 32 194 6 194 192 32 64 104 132 106 0 8 211 223 16 149 34 131 8 48 8 52 194
48 32 6 141 78 11 160 64 172 32 242 66 21 130 0 80 104 140 106 136 0 241 199 192 20 160 3 32 105 8 99 128
32 32 7 137 76 11 224 72 22 32 242 74 211 128 32 64 120 140 106 8 8 243 67 208 20 128 131 40 113 8 112 128
32 32 6 136 77 11 96 72 38 32 242 11 64 194 32 64 104 140 106 128 8 243 195 208 21 32 139 41 17 8 56 130
49 32 142 29 24 139 100 72 54 162 194 64 115 224 64 16 57 236 98 56 41 211 143 31 24 166 69 36 105 96 42 128
245 78 207 126 152 34 71 184 82 226 98 236 115 225 185 59 29 230 100 46 233 243 175 46 96 175 101 144 233 241 66 32
16 0 22 157 9 131 160 72 150 0 194 3 196 194 32 70 248 236 106 128 8 195 219 220 149 34 203 27 16 8 33 134
20 172 148 30 147 223 22 172 118 179 64 16 102 240 40 212 145 110 160 48 58 73 11 63 169 38 21 95 210 101 132 6
164 140 207 94 152 131 7 184 146 146 96 232 115 225 169 19 17 102 96 42 97 208 78 63 40 171 101 16 112 240 66 32
20 172 148 26 147 231 22 172 118 179 4 16 110 226 105 84 145 95 160 48 58 65 155 63 169 6 21 111 146 117 132 6
165 204 207 126 136 35 70 184 210 146 96 232 115 224 137 43 17 102 96 42 97 240 206 43 104 171 101 16 225 249 66 32
9 160 142 29 24 147 1 216 150 184 198 8 80 224 192 98 17 108 106 40 8 211 207 29 77 35 101 53 48 40 0 160
72 16 134 29 9 6 0 104 54 184 194 65 80 244 32 194 81 116 234 0 9 211 219 13 25 35 101 12 56 32 56 48
24 2 6 137 74 11 32 72 102 32 194 198 195 129 32 192 104 132 106 128 8 209 207 16 148 34 163 17 57 8 48 128
81 0 22 136 10 11 160 72 102 44 194 10 192 128 32 80 104 140 106 0 12 195 207 16 148 32 3 56 16 8 56 4
32 32 6 137 78 11 160 72 54 160 242 202 211 128 64 64 120 140 106 8 0 242 199 144 20 128 3 40 113 8 112 128
104 176 134 29 73 11 32 200 54 176 192 8 64 208 64 16 89 76 234 0 2 211 219 17 29 2 5 44 16 8 2 146
6 172 148 26 153 245 22 140 190 183 0 17 236 246 75 220 145 91 160 16 54 80 155 119 41 22 93 111 146 117 141 70
101 160 142 29 200 131 36 200 54 178 194 72 81 226 64 16 17 108 106 28 2 211 207 29 28 2 69 108 136 32 2 128
32 50 134 29 72 139 32 72 118 248 194 108 192 192 0 64 113 76 106 0 9 211 203 29 12 2 101 52 56 8 32 144
6 172 134 31 153 139 38 232 182 146 64 1 228 242 96 208 145 110 98 48 38 217 154 63 41 54 69 15 208 96 43 134
102 160 132 129 172 91 4 136 43 182 130 169 195 32 213 158 9 196 236 145 30 67 207 144 140 18 205 253 132 125 30 4
117 38 207 118 152 2 71 184 82 242 114 252 83 225 145 43 25 228 96 62 249 243 175 42 104 239 101 4 237 248 240 32
70 168 148 18 153 213 22 200 190 183 0 17 204 246 75 206 145 95 233 18 118 65 155 51 41 22 95 111 130 117 143 198
93 34 132 165 169 26 68 56 42 178 130 237 207 40 81 218 131 197 236 7 76 65 207 0 154 243 109 21 172 116 26 0
4 172 134 31 153 131 38 232 182 178 66 1 228 224 104 67 145 110 104 48 34 209 139 61 41 50 69 7 64 96 35 6
116 160 134 21 136 3 6 232 54 178 194 72 65 224 64 16 17 108 106 56 40 211 207 31 24 134 69 108 160 32 2 128
96 164 134 28 89 3 32 232 54 160 66 9 96 224 0 82 209 108 104 49 36 211 139 14 25 38 69 109 192 96 34 130
117 172 199 94 186 2 71 184 210 242 102 236 115 225 153 59 17 230 96 46 233 242 143 47 104 174 101 16 233 240 66 33
49 32 143 53 26 11 96 72 118 176 194 64 115 224 64 18 49 108 106 28 41 209 207 28 28 34 69 20 105 32 114 128
32 32 7 137 78 11 160 72 54 160 242 74 211 192 96 64 120 140 106 12 0 242 199 144 20 2 3 0 113 8 112 160
96 32 6 136 73 11 160 72 126 0 240 11 192 194 64 212 248 140 106 128 0 115 219 208 21 0 131 43 81 8 106 134
24 34 6 1 73 11 32 72 102 168 194 76 66 192 32 64 104 12 106 0 0 243 135 16 84 3 35 1 73 8 51 130
0 32 6 129 76 11 160 72 46 32 242 74 194 128 64 0 104 140 106 8 0 243 203 80 148 0 3 48 97 8 3 128
80 32 6 137 73 11 32 72 190 32 194 11 66 130 96 82 120 196 106 0 8 243 195 208 149 34 3 27 0 8 49 134
32 34 6 137 76 11 160 72 54 160 210 74 194 193 96 64 120 140 106 8 8 243 203 144 20 2 3 48 113 8 80 128
48 32 6 137 77 11 160 72 166 32 210 2 192 146 32 80 104 140 106 128 8 211 195 208 149 32 139 59 16 8 48 130
16 32 6 153 73 11 160 72 166 32 226 3 194 194 96 82 104 196 106 128 8 227 195 80 149 2 131 27 1 8 33 134
48 32 7 129 72 11 160 72 38 32 242 74 194 128 0 0 104 140 106 8 8 243 203 80 148 32 3 32 97 8 67 128
48 32 7 137 76 11 160 72 38 32 242 74 194 128 32 0 104 140 106 8 8 243 67 208 148 0 131 32 97 8 113 128
104 32 6 12 73 7 33 72 54 40 194 0 80 194 32 212 120 76 106 128 0 211 203 0 20 34 3 40 0 8 58 128
112 32 6 141 77 9 96 72 38 32 242 10 194 130 0 208 104 140 106 128 12 243 195 208 148 32 139 41 49 8 56 130
16 32 6 13 75 11 160 72 118 160 242 11 192 194 0 80 120 204 106 128 0 227 195 80 20 34 131 25 65 8 35 134
104 50 24 96 32 13 80 16 105 168 52 77 159 19 2 18 132 196 204 12 8 96 208 0 195 249 33 49 72 128 74 3
48 32 66 137 72 9 160 72 108 32 242 42 130 130 192 84 104 140 110 128 8 243 195 192 148 0 139 25 65 8 99 130
96 34 66 137 78 9 96 72 47 32 242 171 198 130 128 82 106 204 110 128 8 115 197 192 148 32 163 185 21 136 114 0
32 32 134 29 73 3 32 72 54 176 194 9 96 224 0 80 241 108 106 49 0 211 203 28 29 34 69 47 64 32 34 130
96 34 0 184 44 13 200 72 167 168 176 233 195 194 128 80 200 128 110 129 12 99 195 144 149 208 171 185 80 136 42 4
80 0 3 137 74 9 32 72 102 32 194 206 194 128 0 64 104 132 106 0 9 211 199 16 148 32 131 56 56 8 48 144
96 162 0 169 44 13 72 136 11 60 176 73 135 0 84 148 201 132 108 4 14 99 203 145 149 209 33 189 80 140 90 5
48 32 198 29 74 11 32 72 54 176 194 168 96 224 128 82 113 108 106 48 2 211 207 29 28 34 69 63 96 32 34 130
120 34 144 32 40 29 80 16 43 172 178 73 143 9 64 146 128 197 76 12 12 98 192 0 139 217 37 49 66 132 74 1
98 162 132 31 40 9 136 136 134 189 144 169 227 224 216 150 73 198 236 145 14 67 207 49 140 50 175 189 148 132 30 4
32 176 22 24 73 223 176 200 150 180 224 9 228 210 98 132 217 56 234 16 6 115 219 17 29 146 5 63 82 12 13 134
81 2 207 109 26 2 97 120 118 224 230 102 83 227 128 114 112 236 106 172 169 241 239 12 84 163 231 0 41 160 96 160
96 32 0 136 79 77 160 72 46 164 240 11 134 208 64 134 105 220 234 0 8 115 219 80 21 0 11 59 65 8 46 130
14 172 148 19 153 215 50 168 190 181 0 17 236 246 79 159 145 91 233 17 54 64 155 119 45 22 93 111 146 116 141 70
53 6 207 126 138 2 71 248 82 226 246 236 115 225 153 59 25 238 100 46 233 243 175 47 248 175 101 144 237 248 114 49
17 34 15 133 8 10 97 80 236 160 226 70 209 162 144 114 104 196 106 136 1 209 165 64 212 34 163 0 40 32 99 160
70 176 150 150 201 87 52 232 182 182 128 9 196 246 75 142 145 127 235 18 6 67 219 48 29 18 79 127 130 100 15 198
117 166 207 117 142 10 103 184 118 242 194 230 83 225 209 43 121 236 104 46 169 240 239 10 124 175 101 4 237 248 114 32
32 32 20 137 75 91 48 72 22 180 224 10 196 210 98 196 121 152 234 16 6 243 203 17 29 130 7 63 80 8 45 134
17 34 135 93 8 2 33 88 246 160 226 102 81 227 160 66 120 228 106 8 9 241 171 12 20 162 227 0 40 168 96 32
32 32 0 137 79 73 160 72 38 164 240 10 134 128 64 128 104 140 234 128 8 243 211 80 21 0 3 57 65 8 94 130
6 164 148 27 153 215 22 232 62 183 64 1 76 246 79 156 145 91 224 16 54 80 139 63 43 22 69 111 146 116 15 70
117 46 239 127 154 2 70 184 210 242 98 236 115 224 185 123 21 230 96 46 169 243 175 47 40 239 101 20 233 240 66 33
81 34 15 133 12 10 104 64 236 160 226 66 212 130 144 114 104 196 106 136 1 209 133 64 148 32 171 0 41 0 99 0
48 160 22 25 75 223 48 200 22 180 224 8 230 210 96 196 89 12 234 16 6 211 219 17 29 130 5 127 80 8 45 134
64 2 143 93 24 2 33 120 246 160 226 96 82 225 160 82 112 100 106 40 41 241 139 12 84 162 99 0 8 168 96 0
6 172 148 27 153 211 22 168 62 183 64 17 108 242 79 156 145 91 160 48 50 208 155 63 41 22 85 111 210 116 143 6
96 48 135 29 74 3 32 72 118 160 194 108 64 192 32 82 112 76 106 0 3 211 203 17 20 34 33 40 72 0 34 144
86 160 132 23 155 83 20 200 22 178 64 9 68 230 75 142 145 94 233 18 6 83 203 56 29 2 77 127 130 116 15 134
37 166 135 85 152 10 37 248 246 178 194 68 83 224 209 43 17 100 104 60 169 241 143 8 40 42 101 68 232 248 80 32
0 32 6 29 72 91 32 72 118 164 198 0 64 192 226 4 120 76 106 8 4 209 235 16 28 2 5 1 2 8 36 132
97 0 6 137 12 75 160 72 102 36 194 2 194 128 34 64 104 132 106 8 12 211 205 16 148 34 130 17 16 8 48 128
16 0 6 157 9 11 32 72 150 32 194 3 196 226 32 70 248 204 106 128 8 211 203 208 149 34 195 19 16 8 36 6
72 32 174 29 74 147 0 88 118 168 198 8 96 224 224 114 81 108 106 8 0 211 207 21 93 35 101 57 16 32 34 160
116 85 2 128 197 47 54 64 4 104 155 43 2 48 41 64 248 208 142 98 8 19 1 136 181 1 142 22 144 95 48 83
164 84 2 0 73 22 182 104 32 66 253 1 4 134 34 48 248 76 194 226 100 167 48 74 49 48 2 14 65 39 39 214
232 85 2 140 125 82 22 104 128 108 196 14 64 134 43 84 216 132 130 98 44 147 112 142 53 48 2 15 18 63 52 214
97 6 215 172 116 34 203 122 90 225 184 74 93 160 176 32 27 69 100 45 131 235 41 223 48 54 43 84 196 2 3 32
193 165 76 140 92 11 198 121 154 224 152 238 245 102 162 3 90 102 74 238 113 75 142 221 124 3 231 56 60 170 81 144
50 38 118 105 180 170 218 67 109 9 250 69 82 9 20 80 215 143 125 61 187 189 65 158 162 62 48 144 205 130 208 1
16 67 2 129 7 20 32 68 100 4 194 2 3 128 99 65 120 136 170 194 76 179 39 192 181 128 66 1 33 155 52 196
240 115 215 172 78 2 207 125 90 162 144 110 125 162 160 19 58 237 36 234 64 71 140 200 240 162 239 56 1 50 163 168
32 71 18 136 73 149 134 64 132 12 252 2 128 128 35 6 72 160 202 102 72 35 96 8 53 32 130 25 81 26 38 132
32 13 2 138 77 141 135 96 136 8 184 8 130 208 34 20 200 162 2 14 88 163 80 170 49 52 162 56 80 90 82 130
136 80 20 157 45 219 176 40 140 150 131 6 228 64 36 203 194 32 234 98 97 197 91 221 4 50 203 19 30 44 25 0
32 180 80 186 120 201 82 238 185 9 48 105 38 208 36 16 138 138 198 0 42 43 66 119 176 148 16 59 88 24 70 139
86 182 16 50 232 137 88 133 187 21 33 253 143 134 64 81 135 155 204 16 31 15 154 82 184 208 31 110 128 2 135 21
8 48 134 13 11 143 32 72 54 184 194 64 80 240 32 192 89 124 234 0 32 209 219 28 28 35 37 20 48 12 8 128
53 160 135 21 152 131 32 232 54 176 194 136 83 224 64 16 25 108 106 56 40 211 207 29 28 2 69 100 32 32 66 128
93 34 133 165 169 26 68 40 106 178 130 205 207 40 81 218 129 197 236 7 205 67 205 128 152 243 109 52 136 116 19 0
28 17 2 0 208 8 166 113 48 8 247 42 30 21 8 16 120 210 74 98 96 163 1 78 240 37 38 0 67 42 163 128
56 36 151 132 62 67 15 127 128 163 216 186 81 231 160 134 95 116 197 32 40 159 161 142 176 198 229 180 166 234 20 248
137 34 106 32 32 10 236 116 112 73 50 88 27 40 154 49 184 5 68 45 245 248 132 64 32 121 48 128 73 144 202 128
40 49 2 128 73 7 162 64 164 8 224 1 4 130 32 144 200 0 194 98 80 19 16 68 17 16 10 78 64 3 38 146
44 1 23 140 77 151 178 64 132 136 249 2 194 144 41 194 216 36 138 34 12 179 0 136 145 177 2 7 83 42 56 128
32 64 2 164 77 67 162 96 160 132 240 10 0 194 32 16 248 168 130 98 8 163 18 76 17 145 2 11 64 41 102 130
104 64 18 8 89 64 0 72 132 132 192 1 132 194 35 65 216 8 138 98 64 3 66 0 145 112 2 11 82 15 38 194
32 64 18 136 73 16 18 76 132 12 192 3 132 130 34 64 200 8 138 96 12 3 64 0 181 160 130 43 16 11 60 142
73 52 158 204 88 6 11 123 208 235 188 10 93 51 34 34 127 197 66 168 161 79 128 206 122 239 55 124 171 162 43 137
86 0 128 159 139 44 76 2 175 82 131 151 142 166 103 78 163 197 125 140 8 1 147 194 145 180 158 154 160 116 33 118
48 32 66 137 74 9 160 72 172 32 242 170 194 130 192 84 106 132 110 128 8 243 199 192 148 0 171 27 101 8 35 132
96 34 66 136 104 9 96 72 167 40 240 169 131 194 128 86 72 196 110 128 12 99 207 208 148 48 163 185 17 136 98 4
121 34 16 168 45 13 64 24 15 172 176 73 143 9 80 144 201 132 76 12 12 98 200 144 131 217 33 49 66 140 90 1
114 34 0 168 44 9 64 72 47 188 176 233 199 64 192 148 201 132 238 1 14 99 203 145 144 208 169 189 80 140 30 4
48 32 198 29 74 139 32 72 182 160 194 169 68 194 192 82 123 236 106 0 2 211 207 17 28 34 39 187 101 136 43 134
125 34 133 165 169 26 68 8 107 186 130 237 207 40 209 154 129 197 236 21 141 65 205 0 140 243 101 52 136 244 18 4
104 34 24 100 36 29 80 16 41 172 182 9 159 11 66 144 130 133 76 12 12 96 192 0 195 217 37 49 66 128 74 1
32 48 22 137 77 95 176 72 134 180 240 11 196 208 98 196 233 24 234 0 4 115 91 144 29 16 7 63 82 12 47 134
81 2 143 173 78 2 97 88 116 64 198 102 209 163 160 98 120 204 106 140 9 211 231 64 212 163 226 0 57 168 96 32
70 160 148 26 153 221 48 200 190 181 64 9 236 246 79 140 145 91 235 17 6 65 155 113 13 18 79 111 146 116 15 198
117 6 207 124 186 2 71 120 114 226 242 236 83 225 145 123 93 228 100 46 169 243 175 14 120 239 101 132 237 248 114 33
70 160 148 29 201 85 52 232 154 182 64 9 236 246 74 134 145 95 233 17 6 67 155 81 13 50 79 127 130 100 15 134
117 166 207 117 140 11 101 248 118 242 242 238 83 225 144 51 57 196 108 172 169 241 239 12 88 171 229 132 237 232 114 32
6 160 148 27 153 215 16 232 190 181 64 1 236 246 107 156 145 95 234 48 38 81 155 125 9 18 69 111 146 36 15 198
56 20 199 204 60 83 74 126 132 234 221 238 67 229 168 2 31 228 70 40 169 159 96 143 162 239 161 184 166 170 148 241
100 5 14 128 212 27 166 192 132 32 242 10 66 0 168 227 104 198 202 98 96 179 32 140 52 3 134 4 5 90 248 132
28 5 2 131 241 10 166 208 36 0 247 2 74 1 0 130 104 192 202 106 120 179 1 76 54 33 6 0 67 190 171 128
121 22 86 196 90 34 75 126 128 233 222 110 81 179 130 34 91 212 100 160 169 155 69 142 250 239 163 208 175 138 34 153
124 4 18 132 100 15 54 192 4 40 218 10 70 36 41 64 252 212 74 98 8 179 1 200 180 16 2 6 0 123 48 1
52 84 2 128 41 6 150 104 36 34 250 2 70 54 41 0 252 212 206 226 72 179 17 206 177 20 10 22 65 63 34 146
36 84 2 132 101 66 54 104 16 96 227 3 64 150 41 80 248 156 130 98 96 147 16 142 53 48 130 23 0 62 38 211
40 13 18 136 125 211 22 96 132 192 216 11 6 196 35 244 200 176 130 98 84 163 114 140 49 113 2 27 18 62 36 198
40 13 0 14 121 217 134 72 132 12 252 8 162 64 35 132 200 162 202 98 72 35 98 60 181 112 2 59 82 94 6 198
40 25 0 138 125 153 134 67 140 4 184 40 166 112 162 20 216 162 6 2 8 43 64 175 164 20 0 59 80 74 134 162
66 80 150 141 45 114 180 42 140 206 134 53 196 224 162 206 194 68 234 38 4 197 163 132 2 55 82 19 2 109 29 69
32 154 80 184 116 137 82 236 29 9 120 40 46 88 46 16 155 139 198 0 10 40 2 245 178 150 16 59 80 8 78 139
70 160 24 50 179 137 88 197 59 17 33 153 142 198 72 144 151 155 196 16 58 2 24 86 153 148 15 126 0 2 139 149
4 39 194 142 244 162 107 89 106 1 125 196 121 226 184 16 58 79 6 124 147 163 44 253 56 188 162 72 132 195 227 160
38 20 66 8 233 111 214 88 17 110 252 141 66 165 47 16 92 148 195 38 12 51 80 88 118 56 0 23 91 255 98 211
80 21 18 160 199 123 102 65 105 106 154 14 15 18 43 84 248 129 206 34 72 19 37 202 181 196 138 7 0 126 169 70
20 38 42 128 1 82 166 104 100 64 143 2 200 134 110 100 120 148 202 226 196 131 33 202 177 16 130 7 2 58 45 22
248 143 72 237 132 130 79 255 80 40 156 198 115 97 128 65 120 230 44 234 248 26 201 159 244 233 231 132 61 170 240 25
32 64 18 140 77 75 182 64 132 36 208 11 4 128 43 64 216 28 130 98 68 51 0 132 177 176 2 47 16 30 53 194
32 25 18 130 73 4 166 64 164 0 225 1 132 146 96 134 200 0 194 194 68 19 16 192 53 16 138 79 66 10 46 134
193 161 81 35 160 0 110 188 120 90 96 84 143 10 136 49 166 71 68 78 229 220 141 96 36 104 38 134 73 128 227 133
57 22 238 204 60 115 75 122 5 201 222 238 83 229 178 96 95 196 118 40 137 155 37 142 242 239 161 220 175 170 240 113
60 21 2 134 229 86 247 232 53 108 255 14 74 166 43 80 252 212 142 98 9 179 49 234 176 21 134 23 3 63 116 209
44 85 130 136 237 87 150 232 132 78 254 34 78 190 43 64 220 212 206 226 40 163 32 206 243 85 6 7 66 63 36 195
44 21 50 132 97 82 182 224 164 172 254 3 4 182 43 84 248 92 138 98 64 147 48 206 51 117 134 7 67 127 60 211
46 77 0 142 253 211 150 64 128 64 252 10 130 196 35 80 216 240 138 98 76 43 66 174 53 52 2 27 18 62 46 214
72 0 150 142 45 52 180 0 174 47 135 16 204 176 3 78 196 84 232 0 4 65 227 162 18 54 82 19 130 109 57 69
54 161 80 50 227 141 90 200 59 17 33 153 14 70 78 144 179 153 196 22 22 2 28 119 153 148 5 111 224 7 139 149
201 214 71 175 6 10 70 53 25 98 83 230 243 227 184 67 114 228 60 110 225 165 140 175 162 235 226 144 62 250 208 8
40 64 18 184 105 219 182 96 140 4 216 11 198 196 34 196 216 185 130 98 64 163 66 136 177 81 2 59 82 62 39 210
32 72 18 136 105 151 182 96 136 140 249 9 134 208 34 0 200 160 194 98 68 35 80 12 49 16 10 27 80 15 47 198
9 180 112 71 32 28 62 144 105 64 44 100 249 114 128 52 31 66 84 138 193 64 188 104 100 221 7 0 74 242 3 17
44 85 18 132 117 214 182 224 165 236 254 2 76 150 35 196 252 252 138 98 68 179 48 206 51 85 130 7 67 127 45 214
54 161 80 34 193 75 94 201 43 136 177 9 78 86 78 16 187 201 198 226 30 2 24 115 185 212 15 111 65 39 139 134
46 28 18 156 121 217 182 98 137 130 124 11 174 212 34 132 200 121 130 2 96 43 82 190 53 20 2 43 82 124 47 214
9 33 112 68 34 10 30 8 105 192 48 8 92 126 4 48 182 81 84 96 129 96 136 72 32 24 5 2 74 118 3 1
54 60 64 33 129 127 91 72 59 236 249 33 78 127 71 148 255 201 198 178 28 82 72 242 155 220 131 167 99 231 110 198
42 92 18 156 105 253 182 102 141 14 120 11 172 252 38 132 200 123 130 0 4 42 82 234 53 86 18 43 82 125 175 222
25 55 81 68 50 82 106 56 41 72 56 100 72 54 132 180 54 213 84 168 129 0 137 74 48 121 35 128 107 34 43 17
