88 32 26 1 74 9 32 64 100 32 194 2 87 131 0 210 96 204 106 136 0 211 133 64 212 161 35 1 32 0 41 2
7 45 51 43 160 237 102 198 109 81 105 33 183 183 201 56 146 106 90 94 87 152 170 96 165 144 6 42 128 211 135 252
31 73 238 19 195 240 116 199 119 87 239 179 74 236 255 253 109 202 171 215 158 210 47 224 119 67 214 3 167 87 252 198
181 79 207 94 144 34 207 248 16 174 248 223 99 101 189 27 93 238 5 238 233 247 76 46 176 174 229 148 237 251 114 176
83 34 222 133 10 10 40 64 172 160 242 192 223 130 208 114 39 197 110 140 4 209 133 64 156 160 47 128 32 128 43 0
207 209 164 195 41 52 56 81 103 121 207 179 136 28 222 102 230 30 254 28 207 28 239 128 158 121 194 214 22 142 176 117
55 208 33 107 207 93 118 248 85 122 213 111 130 29 175 101 253 216 223 102 236 54 109 184 183 216 229 191 51 191 244 215
4 91 103 107 164 170 110 144 117 88 122 229 227 75 189 89 216 200 47 250 207 176 95 249 164 184 135 134 125 243 112 31
32 160 132 29 73 11 0 200 86 176 64 8 64 225 64 2 209 76 98 24 2 82 203 17 78 3 69 124 82 32 2 130
206 252 148 158 201 52 62 172 155 178 5 21 204 231 107 207 149 119 251 146 114 69 154 242 15 114 223 111 154 117 169 22
243 252 42 3 96 189 56 87 63 78 255 189 46 140 206 48 239 155 223 20 238 23 165 83 246 25 2 235 70 196 47 223
111 55 99 65 219 93 182 248 33 236 252 237 131 100 143 55 124 220 206 102 236 51 252 8 127 213 5 175 99 255 230 215
9 173 57 219 56 217 171 248 254 244 141 136 252 230 250 176 19 46 218 12 243 75 254 127 239 29 47 61 18 130 7 249
25 0 6 169 12 27 32 88 118 96 198 2 83 193 34 100 120 132 42 140 8 208 71 20 213 227 163 0 51 8 112 0
24 0 6 169 11 3 32 64 164 0 194 130 193 130 32 194 104 204 106 128 8 211 197 0 148 160 131 0 33 0 32 0
143 119 19 72 160 53 47 216 191 90 120 228 220 214 237 252 183 73 158 126 227 21 42 218 160 221 47 172 158 247 43 241
116 38 207 55 134 98 230 184 114 162 210 242 83 96 145 43 121 230 108 191 249 240 207 42 248 231 229 133 229 249 244 32
32 0 6 137 79 11 160 72 134 0 192 2 192 192 32 64 104 12 106 0 4 227 215 16 20 32 138 24 49 8 50 128
88 0 134 45 11 3 32 72 118 160 194 0 67 161 96 66 113 196 104 0 12 211 139 0 28 227 69 0 99 32 96 0
9 32 135 29 74 155 160 72 246 224 230 0 80 208 226 166 56 108 234 12 2 211 162 17 20 32 3 32 66 32 35 228
51 0 25 140 120 207 137 104 30 108 244 40 254 214 174 180 222 41 86 45 19 19 96 93 144 148 43 240 16 8 3 241
178 50 174 18 113 251 145 68 185 205 247 185 10 220 38 29 152 189 213 17 60 239 162 204 147 114 24 219 199 13 246 223
113 50 14 137 12 15 0 72 134 32 130 38 130 128 98 192 72 140 106 0 13 193 65 16 148 32 139 48 24 8 24 68
96 32 6 1 73 75 32 72 102 160 224 8 2 192 64 84 104 12 106 0 0 211 207 16 21 0 3 56 65 0 114 128
74 191 123 62 250 245 63 247 174 78 94 229 253 255 170 240 167 115 223 130 215 9 174 255 110 119 46 171 22 198 165 123
88 34 14 37 75 10 33 72 100 36 194 142 195 128 2 82 104 196 234 128 0 209 199 0 212 35 34 1 97 0 39 242
51 48 27 168 123 175 145 74 171 104 249 105 30 222 108 20 188 185 87 177 139 3 146 81 153 144 11 190 73 2 39 251
80 0 18 1 74 9 32 64 100 32 194 2 67 130 0 82 96 204 106 136 0 211 133 64 149 32 3 1 32 0 37 0
255 210 192 203 203 48 70 152 23 27 231 246 72 66 239 220 89 204 174 210 158 150 79 243 150 101 162 215 187 223 248 5
189 210 196 137 165 27 102 152 87 123 214 230 203 1 139 204 93 196 174 254 143 180 77 177 150 230 225 214 190 191 216 21
96 32 1 1 73 73 161 64 198 168 226 10 208 144 64 196 104 140 234 8 1 115 193 16 21 0 3 56 81 8 2 160
16 2 6 137 10 3 160 64 164 0 194 6 193 130 32 64 104 140 106 136 8 211 193 0 148 32 163 1 40 0 40 0
1 48 1 137 77 21 160 72 70 40 226 70 128 128 32 196 72 140 74 0 13 227 251 16 21 0 131 56 89 8 40 132
150 226 210 83 195 240 118 196 117 31 247 19 42 202 111 221 249 202 134 214 14 183 174 224 50 200 6 67 227 87 238 198
173 127 135 33 224 15 231 83 32 234 250 236 147 0 209 183 44 108 70 126 193 242 229 8 36 192 37 160 75 248 114 241
193 23 27 76 56 15 71 123 236 106 156 124 214 242 160 112 212 36 94 44 241 11 99 95 176 62 35 188 24 160 129 113
32 2 6 137 78 11 160 72 134 0 192 78 128 192 32 192 104 12 106 0 0 227 199 16 20 32 170 25 25 8 56 128
80 2 134 13 9 67 32 72 246 168 194 68 67 160 96 66 113 196 232 0 8 211 143 0 28 34 97 1 105 32 104 2
33 48 132 29 72 31 161 72 86 184 68 40 208 240 192 38 89 108 98 8 2 82 235 17 29 0 5 62 82 40 2 229
17 148 31 168 25 143 83 115 29 105 211 92 214 50 32 100 220 145 30 32 185 143 113 222 145 182 58 210 24 8 33 59
17 2 6 137 79 7 32 72 230 96 194 70 192 130 34 64 104 140 106 128 5 211 87 16 20 32 131 0 56 8 56 68
96 32 17 129 75 73 96 64 104 0 224 8 134 2 0 80 104 136 74 8 1 147 192 64 148 0 2 0 8 0 98 132
80 34 18 129 70 73 160 64 108 0 226 10 134 128 0 16 104 133 110 0 8 179 197 64 148 32 2 17 65 8 39 2
50 80 19 184 19 239 147 70 28 73 240 94 150 150 32 44 248 185 151 81 27 191 48 172 153 214 26 82 216 9 39 187
96 32 7 1 73 79 33 72 102 168 224 12 2 128 64 84 104 12 106 0 1 211 219 16 20 0 3 56 73 0 114 128
80 50 6 5 74 10 32 72 228 4 194 105 70 128 0 82 104 196 234 0 0 211 131 64 20 32 2 19 64 0 39 34
122 30 231 124 51 127 80 115 81 238 254 111 106 124 135 180 220 244 229 33 173 179 113 142 211 255 96 147 227 108 70 119
80 34 27 1 74 72 33 72 118 36 194 74 70 130 0 82 112 204 106 8 0 211 165 64 21 32 35 1 32 0 37 32
96 32 2 161 11 73 160 64 38 160 194 8 198 144 64 80 104 140 106 0 8 243 197 16 149 2 3 49 64 8 22 130
16 2 14 13 10 3 33 64 164 36 198 134 193 130 98 66 104 196 106 136 8 209 245 0 212 161 163 0 40 0 32 16
96 32 4 136 75 15 32 72 6 40 192 10 130 0 0 82 72 204 106 128 8 83 217 16 21 0 3 56 81 8 50 130
136 250 171 19 195 216 53 214 246 221 116 229 169 167 195 126 37 122 166 208 135 88 174 224 79 65 118 171 170 84 39 255
33 16 14 137 76 75 160 72 134 0 192 79 16 192 34 64 104 12 106 0 5 227 215 16 20 32 170 24 25 8 56 144
202 188 149 211 233 248 52 135 187 55 6 48 236 183 78 239 131 87 235 16 54 92 251 227 47 114 94 71 130 84 141 95
88 18 142 13 10 23 33 88 246 236 198 37 67 164 226 66 113 196 232 0 8 211 171 0 93 35 97 1 97 32 100 112
96 48 132 45 9 75 0 72 22 184 192 40 194 176 64 66 89 76 106 0 8 83 203 16 157 2 69 54 16 40 2 130
33 32 18 136 74 5 160 72 54 32 224 10 64 131 96 80 120 140 106 136 0 243 195 16 21 0 3 40 81 8 98 128
125 119 205 102 206 3 71 248 65 162 188 238 83 97 217 51 126 196 76 238 201 99 237 40 122 137 229 188 127 251 210 32
129 146 31 187 34 238 33 23 62 95 71 244 252 151 162 105 231 63 46 20 131 156 51 115 132 160 58 192 24 129 161 121
16 32 6 137 76 11 160 72 118 32 226 2 128 192 32 64 120 12 106 8 0 177 79 16 20 0 131 0 113 8 33 128
0 62 18 115 224 168 100 87 124 27 115 116 188 179 192 89 167 171 70 138 179 252 130 97 20 146 114 168 200 81 163 187
72 50 8 0 32 200 33 83 236 93 165 117 156 6 194 82 35 128 206 144 131 9 162 65 148 1 50 41 8 0 47 115
96 32 6 1 75 75 33 72 98 164 224 140 194 128 66 80 104 140 106 8 1 211 255 16 20 0 3 32 97 0 118 228
48 32 6 29 72 3 32 72 118 160 96 0 67 224 96 80 89 76 98 8 10 211 143 17 12 2 5 4 113 8 34 128
80 32 10 129 74 73 33 64 102 164 194 140 130 130 0 82 96 204 106 136 8 83 221 16 148 32 35 25 40 0 58 0
0 0 6 137 72 139 32 72 230 160 194 2 192 192 32 64 104 44 106 0 0 211 199 28 20 34 131 0 16 8 112 0
80 0 10 137 8 73 161 72 100 164 194 2 194 130 0 64 104 132 106 136 8 211 197 0 148 32 35 17 32 8 57 32
48 34 6 137 76 73 161 64 230 44 162 66 192 194 0 194 104 68 106 1 1 163 195 80 148 32 11 56 80 8 35 128
73 142 134 219 188 136 106 179 230 17 138 192 177 195 240 194 65 70 106 156 2 73 207 241 14 60 182 64 158 130 232 8
88 16 142 5 11 91 32 24 118 228 198 12 195 224 130 66 113 196 106 0 12 209 255 16 92 35 229 17 104 32 124 82
64 32 134 5 74 10 32 72 230 160 194 0 64 128 64 82 96 108 106 0 0 211 135 16 20 32 67 16 0 32 35 0
32 32 0 161 12 9 160 64 46 32 226 10 134 128 64 80 104 140 106 0 8 243 197 16 148 128 3 48 96 8 83 128
169 130 66 57 193 156 225 22 124 15 244 220 155 133 146 156 109 138 206 28 146 60 230 67 196 245 50 72 210 140 75 248
9 170 202 123 160 153 104 214 127 21 100 212 183 193 210 216 19 42 6 28 214 252 143 49 206 217 52 97 200 144 203 136
112 32 4 13 8 11 0 72 22 176 194 8 194 160 64 82 89 76 106 0 8 210 203 24 156 34 5 52 48 8 18 128
20 164 128 55 155 99 6 200 22 179 64 147 65 227 75 8 17 78 32 176 58 210 207 58 168 6 205 53 161 115 184 2
101 46 135 23 204 34 166 168 210 218 66 70 80 224 241 75 89 102 104 62 49 193 143 40 40 34 237 12 136 121 112 0
52 160 16 153 219 195 32 200 22 176 192 10 196 210 96 192 121 88 34 144 34 82 75 31 157 134 207 125 176 8 5 162
156 140 146 30 147 210 22 172 118 3 105 16 102 242 40 212 145 74 160 34 118 201 11 63 171 230 21 79 178 114 173 14
65 0 135 29 12 2 164 104 246 146 194 66 112 224 32 102 120 100 106 168 40 241 139 77 21 34 195 0 17 120 112 32
165 204 29 94 216 139 7 190 214 146 98 92 114 225 160 17 17 106 98 42 97 236 74 63 40 162 117 8 80 248 192 40
100 110 142 23 204 34 134 168 210 146 70 98 112 224 241 75 89 102 96 58 233 243 143 42 40 38 229 4 205 121 112 0
20 160 150 179 213 143 98 232 118 177 98 2 85 226 104 128 57 78 98 156 50 241 11 55 157 134 7 100 144 40 41 128
64 4 159 93 24 2 37 104 246 130 226 64 115 225 160 99 120 100 42 42 41 241 139 13 117 162 231 0 80 120 96 32
2 32 151 228 74 7 168 72 62 176 240 10 156 211 84 2 121 221 114 153 2 83 219 64 29 8 143 44 97 32 99 162
81 32 134 133 10 10 104 64 236 160 194 66 220 162 80 118 96 197 106 140 1 209 133 64 156 34 207 0 40 32 35 4
173 236 196 126 136 171 71 190 210 146 104 92 115 97 9 23 25 106 64 110 104 110 94 63 96 170 85 32 121 241 194 8
81 32 135 5 10 10 33 64 236 160 194 64 220 162 80 114 33 197 106 156 1 209 133 64 156 34 207 0 40 32 35 4
101 38 135 23 140 34 102 248 242 178 194 82 81 224 209 171 89 100 104 62 249 241 207 42 40 46 229 4 229 249 240 160
116 128 150 158 203 3 6 232 214 182 192 2 228 243 105 74 209 110 42 2 98 83 203 51 221 166 71 63 144 120 37 130
50 36 140 173 31 15 132 104 142 182 178 11 66 232 4 3 233 213 106 33 40 227 91 93 189 2 77 23 65 40 94 2
198 38 133 149 169 104 180 15 186 191 131 177 140 166 72 207 133 31 233 17 48 69 195 66 129 54 94 55 128 116 135 87
135 237 156 147 217 228 54 142 186 147 9 17 236 242 75 139 129 107 234 83 55 77 154 115 45 18 95 111 136 119 139 150
181 206 87 30 152 135 71 184 214 130 96 220 115 224 168 17 17 230 32 110 104 222 14 63 40 174 101 16 112 242 194 168
213 88 10 180 1 174 96 82 252 202 66 87 28 146 99 105 96 109 42 214 37 213 146 224 145 160 66 0 40 49 97 86
168 76 2 190 29 163 66 74 215 6 192 3 34 192 35 64 216 168 10 106 46 175 80 191 227 246 138 25 26 31 120 206
4 36 23 59 18 171 34 65 150 1 73 80 228 194 40 128 216 43 10 16 19 140 67 31 136 134 26 64 208 11 33 128
164 34 210 138 108 33 160 72 26 161 113 187 4 192 109 24 220 9 2 18 2 54 202 144 20 16 203 46 209 123 114 128
16 128 22 186 53 163 32 65 148 1 195 82 199 195 32 68 208 56 10 17 58 153 16 158 136 246 26 66 152 10 177 0
64 120 19 56 105 205 48 72 170 8 72 9 166 210 64 88 144 41 106 16 70 6 218 17 149 148 11 59 16 2 3 138
112 0 103 68 0 74 97 117 112 128 230 8 115 33 128 19 48 228 108 44 40 251 161 13 80 170 112 0 99 160 102 104
195 20 229 85 67 116 172 18 121 210 87 214 120 60 151 255 55 206 50 174 165 84 183 194 7 122 222 130 175 244 122 245
21 238 128 23 155 39 6 216 22 179 68 86 65 226 75 12 17 78 32 190 50 210 155 58 169 134 221 44 160 113 185 0
20 141 18 30 147 138 6 172 118 7 105 176 98 224 170 84 51 70 32 34 126 201 47 63 168 166 5 87 114 118 132 78
52 162 16 155 218 131 34 200 22 177 192 234 68 194 104 132 89 90 98 176 34 210 203 63 156 134 15 125 176 8 9 160
32 34 192 133 78 11 160 72 62 180 240 203 130 192 68 18 121 204 74 17 8 115 223 80 28 0 135 60 65 40 86 130
13 62 216 71 162 172 111 178 127 206 122 100 233 227 203 212 55 107 108 170 227 16 142 123 172 205 39 160 234 242 11 153
69 114 153 183 124 13 239 180 28 171 211 94 245 99 89 35 95 228 30 223 161 118 220 98 237 142 239 248 140 187 209 161
4 237 41 163 176 234 175 212 36 101 77 133 213 71 26 64 54 106 19 255 18 144 120 45 237 133 46 224 4 211 167 240
191 83 194 129 163 91 84 219 23 246 222 239 75 164 231 237 127 204 174 126 205 151 109 144 190 89 197 183 191 252 216 85
154 147 107 251 51 240 115 212 181 93 215 179 106 223 174 93 238 187 157 194 190 154 106 245 211 243 242 195 55 135 244 127
139 188 230 27 139 249 57 166 191 87 102 149 173 166 214 95 39 106 235 28 119 220 255 243 207 123 86 99 230 196 143 252
25 47 135 7 165 30 229 117 100 234 255 108 187 32 211 167 236 110 206 46 233 251 225 8 164 216 102 128 74 238 107 253
97 158 19 142 112 15 67 112 93 105 243 92 86 50 160 112 212 165 30 110 185 159 105 111 145 62 50 210 24 11 32 33
165 86 105 59 181 253 119 23 253 79 127 117 171 236 255 104 197 42 142 22 191 180 127 179 166 221 182 130 250 223 212 215
142 181 107 115 194 229 175 215 118 87 127 146 185 255 92 33 127 251 19 154 179 144 126 115 109 205 190 224 229 209 167 242
182 88 27 186 147 207 147 212 28 73 244 118 246 214 41 40 252 249 151 83 11 167 56 100 241 146 26 82 216 27 167 251
190 93 121 109 234 15 222 252 13 232 188 107 94 93 149 50 254 213 95 111 200 35 73 136 247 217 37 180 93 251 66 179
186 22 238 124 123 190 144 82 57 203 247 253 106 60 134 180 220 181 247 33 188 255 97 142 19 127 112 147 235 45 94 87
27 88 51 26 17 223 80 86 255 77 244 21 170 222 38 124 240 168 158 68 175 141 62 255 211 126 18 155 26 21 100 95
169 213 102 78 221 223 71 117 197 76 253 28 106 108 190 244 216 226 198 106 237 163 124 191 51 63 32 153 91 158 238 95
141 221 109 251 166 206 119 183 60 90 94 212 255 119 168 233 87 122 63 30 243 220 123 191 239 251 118 128 190 220 145 121
135 216 169 155 195 220 61 180 63 91 87 215 248 254 126 106 245 90 183 71 207 216 250 225 207 120 214 226 184 94 148 255
10 250 163 115 0 157 49 208 55 216 117 229 184 223 207 45 173 123 151 146 135 88 186 241 207 80 55 170 234 134 39 255
82 156 239 87 131 88 183 182 253 95 118 183 249 46 30 123 99 210 255 3 245 232 63 225 255 35 246 131 229 116 215 255
151 82 116 91 23 180 250 144 125 11 115 86 249 90 29 120 183 219 61 218 174 148 57 231 7 254 162 192 173 147 225 7
66 188 181 211 169 252 180 143 191 191 2 49 172 190 78 207 129 87 235 16 54 88 251 225 15 50 94 71 130 84 141 95
63 62 206 166 181 62 70 120 185 139 189 126 107 104 151 150 189 231 196 51 189 235 72 238 186 247 5 147 235 111 218 5
117 103 233 70 158 3 71 248 80 226 188 238 83 97 157 50 59 196 92 238 233 227 253 46 184 142 165 180 109 251 242 32
219 22 17 117 163 62 116 183 117 78 254 116 202 35 135 221 245 198 206 170 189 212 225 234 166 255 118 131 234 245 235 85
141 220 59 187 162 188 63 151 62 87 71 148 253 247 235 109 119 59 58 158 179 212 187 243 197 171 190 72 178 213 161 113
205 56 40 83 98 216 51 80 164 93 103 180 153 151 194 126 102 152 206 158 179 28 191 112 214 1 50 234 170 135 47 245
89 193 149 167 49 62 76 45 127 185 203 72 255 34 128 243 179 71 236 78 72 208 137 188 216 243 103 20 2 183 139 41
13 186 159 27 160 238 37 151 126 91 115 116 188 247 232 252 183 107 134 24 179 216 42 112 140 147 118 192 216 209 169 249
29 241 186 65 162 31 125 216 118 216 118 32 153 215 219 241 55 88 150 252 135 208 191 16 239 201 39 197 162 182 175 241
18 29 99 87 17 253 114 96 237 68 239 5 170 172 134 36 168 226 200 66 156 169 124 232 179 20 16 19 67 79 70 94
240 190 12 22 75 77 135 229 184 62 180 60 98 96 14 147 73 195 198 35 105 111 250 127 184 2 116 179 73 10 70 203
65 138 2 218 60 136 104 144 238 25 147 64 244 194 248 226 193 34 110 28 6 73 202 245 142 60 163 232 16 130 89 8
168 162 234 121 232 153 233 83 52 31 244 184 139 7 146 188 205 136 206 156 154 54 100 2 214 217 114 213 195 140 238 224
201 34 26 88 40 156 170 122 236 8 176 84 157 194 176 241 166 33 94 238 224 15 130 125 208 185 42 184 24 129 43 137
9 170 98 57 160 217 97 214 126 85 100 133 187 129 210 216 51 42 134 28 131 248 166 49 206 217 52 97 194 132 206 216
156 187 174 51 137 217 117 215 230 95 111 53 99 244 203 122 105 226 238 16 14 248 255 51 79 195 116 129 227 86 220 255
9 11 111 217 36 203 97 18 86 80 94 192 179 193 176 96 90 40 46 28 139 176 103 16 196 137 162 0 60 136 80 240
89 156 182 215 165 148 127 183 119 218 222 98 123 247 250 228 117 254 188 142 239 152 171 235 251 255 231 130 50 246 120 125
132 99 111 91 136 203 105 156 238 84 102 128 243 196 147 120 34 42 106 88 19 176 47 80 68 139 98 1 245 144 71 240
145 62 218 85 50 62 127 126 125 206 126 116 125 246 199 53 55 109 214 188 181 216 188 74 110 205 39 128 232 224 11 253
152 62 71 3 146 171 100 115 116 120 202 212 251 64 144 209 57 174 78 168 171 148 5 127 176 34 34 128 105 195 226 16
197 244 67 145 196 168 34 146 116 70 74 214 145 192 248 64 81 14 10 26 99 148 246 162 132 36 134 76 44 201 48 208
41 155 43 187 165 247 101 81 22 93 86 230 187 132 178 236 92 42 166 76 223 152 117 177 198 193 162 193 62 204 252 241
4 160 30 145 205 195 96 200 246 176 226 2 84 194 96 64 121 44 106 152 2 243 11 92 93 130 7 101 144 8 105 128
80 0 134 93 12 6 33 104 246 128 226 66 80 225 160 66 120 100 106 8 9 243 155 9 84 162 231 0 33 104 96 32
48 32 159 141 79 7 168 72 126 160 240 2 148 146 64 128 120 205 98 129 8 243 203 64 29 128 143 41 65 0 99 162
12 166 150 27 153 211 34 200 182 149 98 0 226 224 105 88 209 110 234 48 50 243 27 63 41 167 69 77 192 112 44 134
133 142 155 187 164 161 79 208 87 75 87 118 215 227 249 104 211 74 30 30 187 148 105 178 234 222 182 192 148 217 240 33
37 204 222 30 136 35 70 184 210 146 96 8 115 225 137 27 17 102 96 46 104 240 206 47 40 174 101 16 105 241 66 168
81 32 143 5 10 10 97 64 236 160 194 64 208 130 144 242 104 196 106 136 1 211 135 64 156 34 143 0 40 32 99 36
117 166 206 119 140 2 102 248 82 178 194 74 83 224 145 43 89 102 96 62 185 243 175 42 104 175 101 4 233 248 112 32
100 160 150 157 203 7 52 232 150 182 192 10 100 242 96 66 209 92 234 2 0 67 219 25 157 162 71 127 152 104 45 130
68 140 148 31 137 173 54 168 190 183 64 21 228 227 107 222 145 106 232 6 118 68 154 51 41 182 85 111 146 117 141 82
198 236 132 19 137 237 54 174 190 215 3 17 236 242 75 207 145 75 233 86 118 92 154 119 173 18 95 111 138 85 141 86
112 32 140 172 79 79 160 104 174 160 178 11 198 224 64 130 233 197 234 33 40 99 219 92 157 2 77 27 65 40 58 2
70 172 148 158 153 209 54 232 186 243 0 17 236 242 75 139 129 99 234 19 118 73 138 123 45 18 95 127 128 116 143 134
0 91 11 113 65 200 97 86 172 12 126 64 181 135 33 80 32 58 78 136 3 152 32 65 197 193 50 129 40 16 39 187
5 122 170 81 192 169 38 210 118 163 98 228 145 130 225 56 45 124 34 210 129 148 132 98 4 6 55 32 200 241 3 176
160 76 4 190 29 231 67 78 151 6 208 3 162 193 35 64 216 32 2 70 46 175 82 191 35 118 144 27 16 29 116 202
21 0 19 27 18 171 2 72 158 1 193 80 230 194 40 200 80 41 10 16 54 132 75 31 128 134 26 80 144 11 33 32
38 105 145 156 206 169 166 202 138 154 120 11 132 200 101 10 200 121 2 83 0 35 194 176 20 0 75 62 209 121 67 130
16 132 22 154 16 130 2 77 148 1 195 82 199 194 40 193 209 32 14 48 58 133 1 31 128 230 18 66 144 10 160 0
88 6 206 101 0 10 97 54 113 7 238 16 115 33 0 82 56 230 108 8 24 185 129 47 214 175 112 0 97 160 102 40
11 36 227 85 199 116 188 67 122 203 95 2 24 188 215 174 189 79 51 141 133 208 182 192 7 63 222 128 135 231 115 244
224 233 16 58 105 141 118 224 187 8 97 25 46 211 96 16 144 169 66 66 98 6 202 119 85 148 1 59 16 1 15 139
35 111 76 85 48 159 124 55 125 228 126 141 170 12 150 180 6 38 220 12 229 184 117 238 38 127 20 147 78 132 202 93
13 44 75 51 180 172 106 144 124 65 123 84 159 1 144 48 2 42 6 28 147 180 4 98 196 253 34 64 204 139 211 128
20 164 150 30 155 219 22 168 118 87 64 177 102 224 40 212 145 78 160 32 54 73 15 63 168 38 5 78 208 100 132 69
52 162 132 185 203 139 160 200 22 176 192 74 196 194 64 132 121 92 226 16 10 82 203 17 157 130 135 125 176 8 40 128
7 174 132 19 153 167 6 200 22 191 64 81 68 226 107 92 149 78 32 180 54 80 171 59 169 6 77 110 144 113 137 196
181 206 199 62 152 3 71 184 82 130 98 204 115 225 169 81 17 102 32 46 105 208 79 63 32 174 101 16 112 240 66 32
81 2 143 77 12 2 32 104 246 128 194 66 208 224 144 66 120 100 106 168 9 243 135 12 28 34 231 0 41 104 112 32
71 176 132 23 201 7 20 200 146 191 0 12 196 240 73 14 145 78 104 63 118 83 155 58 9 6 205 62 136 116 27 134
101 166 134 85 204 2 167 232 210 178 194 54 80 224 217 11 81 100 104 58 185 211 143 10 44 38 229 4 237 120 240 32
80 0 6 137 12 11 32 72 118 32 194 2 64 192 32 64 120 4 106 0 0 209 207 16 20 34 131 0 16 8 48 128
32 32 150 29 8 135 32 72 246 152 194 0 96 192 32 64 89 104 106 0 2 211 11 29 8 2 5 52 80 8 32 128
16 32 22 137 12 3 160 72 230 32 194 2 192 192 32 64 104 12 106 8 0 243 79 16 20 2 3 0 81 8 48 128
32 32 7 9 75 93 161 72 102 164 224 12 18 128 2 208 104 140 106 0 1 243 247 16 21 0 3 56 65 8 102 240
32 32 2 9 73 7 160 72 118 136 224 2 132 128 96 80 88 12 106 8 0 99 203 16 21 0 3 56 81 8 35 128
88 18 142 28 10 22 49 88 54 236 198 133 82 229 194 82 84 252 234 4 9 211 251 0 90 99 97 0 114 36 36 81
57 16 12 137 11 79 160 72 70 96 198 230 208 148 34 66 104 76 234 0 13 227 223 16 212 35 163 16 56 12 56 208
80 34 6 9 10 10 32 64 36 36 194 142 193 130 0 82 104 196 234 128 0 209 197 64 148 34 34 0 97 0 39 144
33 48 14 1 74 73 161 72 230 232 226 44 16 128 226 80 104 12 106 0 1 243 163 16 20 0 35 24 73 0 103 240
65 0 6 137 74 7 32 72 230 72 194 7 208 130 34 64 104 4 106 132 12 195 199 16 21 34 131 24 16 12 48 64
32 48 164 93 8 27 48 72 86 176 70 40 64 208 224 32 153 124 106 8 128 209 235 24 14 2 69 54 80 40 0 133
80 18 135 28 10 2 32 88 118 232 194 228 64 228 224 210 80 252 232 0 137 211 207 0 24 34 97 0 120 32 32 17
33 16 7 137 8 15 160 88 134 104 194 78 192 128 34 192 72 12 106 0 13 227 219 16 148 34 163 24 24 8 48 208
157 86 247 123 149 38 238 152 127 26 115 86 217 75 29 249 181 201 61 251 171 244 27 242 111 251 231 196 235 243 233 3
74 188 180 147 169 252 180 135 186 191 2 17 236 254 68 207 133 87 235 17 54 73 251 241 47 50 95 71 130 84 141 79
245 167 229 110 158 3 71 184 82 234 184 234 115 96 153 49 27 198 100 238 233 242 237 62 184 239 229 148 237 250 82 37
83 30 189 21 162 126 125 183 125 223 246 117 138 46 151 127 229 207 254 4 189 248 241 234 190 122 118 130 202 244 231 125
29 220 243 251 131 244 125 223 55 91 86 18 221 247 121 237 119 91 191 158 51 208 63 243 207 239 255 204 186 212 161 115
143 122 110 83 235 220 63 212 167 95 119 180 89 87 207 255 47 216 215 222 179 86 191 112 119 73 114 232 231 151 167 245
13 184 223 91 163 158 57 158 254 81 102 212 253 246 171 252 55 91 186 156 147 216 59 241 207 223 87 70 154 212 169 245
123 246 162 78 19 61 147 236 125 79 186 61 106 252 46 176 189 211 221 103 175 163 184 231 179 127 16 210 203 23 254 127
153 113 114 97 51 23 120 252 119 232 118 32 153 159 210 229 127 124 151 252 228 208 61 216 239 201 39 133 38 180 41 251
73 210 22 184 60 156 109 157 238 92 22 100 236 194 242 198 193 98 110 76 135 65 171 245 174 249 39 220 26 148 217 21
168 162 224 123 236 249 241 84 127 31 245 185 139 143 218 25 217 136 206 30 190 62 104 162 206 249 178 245 194 206 78 201
93 106 26 58 40 156 79 252 237 12 148 76 143 194 179 209 164 97 76 206 172 15 170 124 240 251 122 184 26 151 43 9
9 170 227 123 36 219 105 85 127 85 117 133 175 133 242 60 163 42 134 14 135 248 62 49 206 217 48 33 82 134 70 248
137 27 110 235 36 251 97 18 94 68 95 180 187 5 178 228 90 40 142 24 139 184 125 159 198 217 162 1 30 206 92 120
89 156 178 253 53 148 126 191 119 202 222 50 120 255 180 116 213 254 191 168 174 158 235 255 255 255 167 130 18 228 112 47
136 84 239 89 136 123 105 30 126 70 102 148 211 197 18 96 51 2 106 26 227 180 63 82 79 171 39 69 125 208 68 240
25 62 126 95 50 158 123 127 124 204 119 53 125 118 150 49 55 239 22 172 165 216 61 78 238 239 119 128 235 164 43 249
13 54 71 3 145 122 100 191 116 83 234 212 217 102 144 212 121 138 206 188 187 144 125 254 164 71 182 128 174 214 234 112
9 157 43 153 165 253 117 87 69 92 94 166 187 244 242 228 125 42 150 12 151 184 119 161 239 217 162 193 30 204 188 245
9 188 179 89 233 253 177 214 238 95 124 52 188 183 226 166 111 58 214 28 183 62 246 243 95 221 50 169 211 220 39 255
117 14 206 126 184 10 70 184 210 186 98 232 115 225 169 123 17 230 100 42 104 242 207 47 96 239 101 16 225 240 66 1
117 164 207 117 156 2 71 184 210 178 226 112 83 225 145 43 25 228 96 46 40 243 143 10 104 175 101 4 225 248 240 0
198 188 148 19 137 248 54 174 190 215 7 49 236 242 75 207 145 123 249 19 118 88 155 115 47 18 95 79 130 117 141 71
144 92 59 123 144 206 119 87 188 77 102 84 191 151 35 80 32 42 12 16 163 157 48 126 227 231 50 129 40 16 229 123
28 13 163 232 149 230 75 2 133 129 202 2 40 230 49 228 88 255 187 144 8 131 17 232 241 245 142 9 178 119 52 50
40 76 133 191 29 231 23 78 22 14 216 3 226 69 33 192 217 34 139 2 74 164 115 191 65 231 146 25 18 95 84 90
160 105 147 161 196 139 164 198 26 168 112 195 148 136 97 8 200 108 2 85 64 250 144 168 140 128 62 32 193 120 51 137
128 227 24 57 65 219 148 239 94 63 52 57 142 136 74 17 153 27 194 64 102 126 106 23 173 16 21 127 81 8 143 207
157 194 22 168 154 131 66 200 20 25 195 82 215 194 40 216 81 136 46 114 62 135 11 151 216 231 34 68 176 25 168 0
160 172 80 90 97 157 180 238 59 62 112 24 42 131 76 149 153 155 194 66 98 126 74 55 61 216 81 111 81 8 78 138
103 41 227 172 65 164 235 64 170 197 91 143 25 238 119 80 124 237 51 141 133 18 180 194 20 125 138 168 141 119 51 212
35 120 122 84 98 221 180 230 249 202 118 171 60 188 231 61 166 123 179 64 196 253 166 224 23 56 80 163 69 20 103 223
13 68 115 123 178 184 43 144 252 0 107 64 253 211 169 240 51 41 14 26 147 176 46 106 236 253 34 64 224 211 35 161
174 178 227 123 236 233 107 216 127 127 245 189 203 207 218 156 219 76 207 118 191 246 104 178 206 254 48 245 198 207 214 245
205 123 59 58 168 92 95 220 239 92 180 109 206 206 179 91 162 229 108 78 229 71 170 242 242 249 103 184 26 247 39 119
140 164 99 123 37 253 107 208 127 87 125 149 251 205 250 52 51 42 6 14 151 180 62 179 199 217 18 96 82 135 102 240
153 44 110 127 48 182 123 120 117 203 247 49 121 127 150 113 63 231 127 140 176 220 47 239 111 111 119 192 227 135 227 227
15 158 198 17 209 126 102 191 117 91 254 244 201 54 146 244 127 206 254 140 189 216 127 238 174 127 214 194 174 212 232 93
11 157 106 233 181 191 126 247 69 73 94 7 187 189 178 224 239 58 159 12 151 184 119 177 239 221 166 195 190 206 248 255
13 162 146 249 165 191 104 208 95 168 86 2 207 227 242 236 215 104 142 28 139 240 105 154 206 223 103 4 146 237 120 161
25 108 130 114 48 146 107 86 180 141 126 164 169 194 163 4 122 107 6 156 2 159 36 110 232 205 54 128 194 214 37 233
40 88 177 143 61 251 22 206 15 77 92 35 238 53 33 196 217 58 139 0 3 168 105 185 135 247 16 19 146 95 84 106
24 126 22 179 151 219 163 86 252 236 94 198 191 129 163 196 107 32 142 28 33 189 36 238 172 199 55 64 170 156 57 249
42 226 49 49 225 203 181 239 30 63 48 185 140 140 74 137 159 27 194 1 114 254 106 55 205 87 85 119 82 12 135 203
125 218 30 168 184 131 64 218 23 8 226 102 23 131 163 216 85 136 46 240 95 143 67 22 218 231 39 212 186 185 168 17
92 135 78 110 16 106 98 248 113 77 239 100 115 227 138 83 112 198 108 234 43 177 129 47 242 239 32 65 107 131 106 65
18 120 251 87 66 162 190 70 56 128 120 227 57 220 37 32 62 123 147 193 130 187 52 234 21 12 58 130 229 84 39 191
137 26 254 251 37 219 121 80 215 222 118 20 239 205 178 120 83 234 166 28 166 252 63 178 207 219 103 129 190 172 108 215
24 126 110 187 48 242 123 86 245 205 254 165 169 70 162 100 122 43 142 188 171 137 38 238 234 223 54 131 162 150 37 253
43 208 176 207 101 213 23 223 31 111 93 38 172 252 234 228 221 26 150 0 199 26 248 147 167 253 186 255 26 14 152 223
25 95 95 146 52 251 99 118 253 204 94 230 109 199 163 100 46 34 142 28 165 185 38 238 186 223 54 193 162 156 45 125
10 242 48 49 161 219 181 239 47 239 124 169 140 207 74 140 159 27 199 1 82 184 106 213 143 87 85 231 66 14 143 247
217 31 110 193 48 190 115 182 253 108 222 230 195 38 163 117 100 164 174 204 173 153 53 190 190 231 226 193 186 165 124 93
124 223 95 104 48 98 67 218 112 89 254 228 19 7 131 80 108 196 108 108 171 187 165 13 242 235 32 196 233 177 102 113
42 250 16 1 97 157 181 239 43 47 124 45 140 158 78 156 157 11 226 0 70 58 74 117 77 215 87 239 83 6 207 223
42 57 226 255 83 132 184 86 50 9 248 195 57 238 52 128 124 59 147 129 139 139 22 235 101 45 186 128 93 84 35 184
25 74 125 105 18 10 105 222 101 136 246 66 25 3 145 113 98 128 14 248 227 169 37 92 250 201 39 4 115 176 97 40
10 215 110 219 57 210 121 127 253 77 254 181 248 95 182 101 94 35 159 180 175 137 39 255 98 95 182 139 22 148 228 125
11 150 56 249 181 221 94 223 95 109 93 55 172 252 234 228 223 11 151 4 247 58 120 147 239 221 183 255 30 142 157 215
217 95 127 212 54 222 115 118 253 204 86 231 121 214 167 241 102 230 190 196 229 153 52 238 250 123 250 128 58 132 105 93
216 222 108 45 32 158 119 178 113 110 246 229 139 46 134 243 108 245 236 230 237 220 229 110 246 235 98 198 105 165 110 85
139 189 38 255 17 150 185 87 20 13 212 166 168 223 178 132 124 59 159 145 171 137 99 239 165 85 186 128 31 4 41 249
203 10 94 241 98 146 125 50 253 174 118 68 157 131 163 81 230 53 63 136 228 157 32 254 198 251 122 129 50 160 13 73
11 189 120 251 247 223 187 223 31 109 93 55 140 220 230 164 255 27 151 5 183 186 120 247 239 93 53 247 159 142 157 215
219 30 127 254 53 214 61 118 253 78 222 231 125 254 166 245 246 183 191 132 229 143 54 239 243 127 186 130 14 132 101 127
155 28 119 245 35 242 125 115 189 206 118 244 45 174 166 209 166 47 174 0 165 157 48 238 210 251 250 130 42 228 47 219
