80 32 7 37 74 10 33 64 228 32 194 136 211 130 0 82 104 204 106 0 1 211 197 64 148 32 34 0 96 0 35 32
174 45 34 108 233 112 190 247 169 10 252 49 28 191 163 18 239 243 223 230 116 139 130 226 114 93 38 139 194 245 239 195
80 32 22 5 75 75 32 64 236 36 194 137 198 128 2 82 104 204 106 0 4 243 199 64 149 32 2 17 64 8 39 70
97 32 14 1 72 11 33 72 114 228 226 12 0 192 194 80 121 76 106 4 1 211 239 16 28 0 37 56 64 0 82 228
4 160 22 146 204 141 160 200 190 176 130 10 68 194 96 0 185 41 106 17 2 99 138 112 153 0 15 124 192 8 33 128
68 184 148 27 201 233 160 135 190 49 65 25 132 242 64 78 129 110 106 17 18 73 218 49 13 34 95 127 144 0 139 134
36 160 149 186 207 195 160 200 22 181 224 10 228 208 104 128 217 90 226 16 18 115 203 53 29 131 7 127 144 8 5 162
165 78 134 30 204 34 134 184 210 146 66 242 112 224 177 43 89 102 32 58 233 230 15 42 40 38 229 12 237 249 240 8
81 0 134 205 12 2 100 104 244 130 194 66 80 224 176 98 120 228 106 168 41 209 135 12 20 34 199 0 33 104 112 32
177 205 6 62 16 131 71 248 84 162 234 72 115 97 168 81 89 238 32 106 105 243 13 63 240 166 101 20 121 250 98 0
20 244 128 22 146 35 7 200 22 183 136 146 65 224 105 44 17 222 32 178 58 193 29 62 185 6 141 118 177 123 180 36
32 32 128 5 74 75 160 72 54 176 224 139 194 224 64 2 121 204 106 17 8 115 207 16 28 0 15 61 97 40 82 130
68 108 142 31 200 162 166 174 210 146 66 16 240 224 113 75 17 102 104 3 49 193 218 42 44 34 245 8 136 121 16 138
52 160 0 153 219 131 160 200 22 176 192 11 196 194 96 64 121 88 106 16 34 83 91 23 157 134 143 124 184 8 9 130
188 125 151 126 184 47 71 248 16 170 248 124 115 113 137 55 25 246 68 106 105 231 120 46 241 238 101 60 234 251 66 49
81 32 159 133 10 14 41 64 236 224 226 66 221 162 80 114 96 197 106 140 5 209 181 64 157 42 207 0 40 32 35 36
32 32 192 164 77 73 224 72 14 180 240 11 130 201 68 2 105 220 66 17 10 115 203 80 29 0 135 61 113 40 86 130
6 188 149 83 147 252 54 175 62 31 67 48 204 246 77 252 149 123 160 18 54 88 171 119 47 87 85 71 128 85 135 39
20 140 150 62 145 142 6 172 118 19 73 20 102 224 42 84 145 106 160 2 50 200 27 63 168 166 21 74 88 114 128 12
64 0 134 29 12 2 164 104 246 146 194 2 112 224 32 102 120 100 42 168 40 241 155 13 21 34 195 0 17 120 112 32
164 140 20 30 216 139 6 174 214 150 96 28 226 225 40 17 17 98 98 34 96 236 74 63 40 162 85 8 80 120 192 10
81 32 135 133 10 10 104 64 236 160 194 66 212 162 80 118 96 197 106 140 1 209 133 64 156 34 207 0 8 32 35 4
22 180 128 26 147 35 22 232 22 179 137 19 64 226 107 72 21 206 169 50 58 193 11 62 184 6 141 87 177 119 180 6
20 180 128 151 155 35 6 200 22 183 64 179 68 224 75 10 17 78 224 178 50 210 203 58 168 6 77 45 160 117 183 194
32 32 136 5 74 9 160 72 34 180 224 139 130 224 64 18 105 204 74 21 8 115 207 16 28 0 15 61 97 40 86 130
65 0 142 157 12 2 165 104 244 130 194 66 80 224 32 98 120 100 42 168 33 241 131 76 21 34 195 0 17 104 112 32
164 206 158 30 152 131 6 184 214 130 102 72 114 225 169 81 17 98 32 42 104 246 75 63 98 39 101 16 112 248 64 8
204 164 154 62 144 202 22 189 118 19 107 16 118 243 40 80 145 74 160 50 114 200 11 63 233 167 53 69 208 114 167 18
181 228 197 117 132 55 70 184 82 234 218 90 83 97 217 175 121 204 52 46 249 246 253 10 184 239 229 4 239 251 216 32
78 250 148 50 201 37 55 204 186 191 0 29 204 230 75 14 149 95 233 19 118 65 154 114 13 22 95 111 128 117 135 214
36 160 28 153 202 195 160 200 22 176 192 10 212 208 104 0 121 152 98 16 2 83 91 17 29 130 143 125 177 8 37 130
20 164 128 23 155 39 7 200 22 183 68 28 68 226 75 14 17 78 32 190 50 82 155 58 169 6 77 44 144 117 161 128
100 46 142 23 140 34 166 168 210 250 194 119 96 224 203 11 89 102 104 59 120 241 143 42 40 38 229 5 205 121 248 0
84 151 178 94 155 54 22 173 50 151 143 20 64 226 46 212 53 198 168 242 250 9 29 63 187 110 5 95 178 247 174 36
32 34 192 133 76 9 224 72 42 164 240 139 130 136 68 18 104 204 74 5 8 115 207 80 28 0 135 57 65 40 86 130
81 32 134 5 10 10 96 72 236 160 194 66 212 226 80 118 97 196 106 156 4 209 135 64 156 34 207 0 128 32 43 4
181 206 197 30 218 51 6 190 210 210 96 252 99 228 149 155 23 98 32 110 233 230 46 47 32 46 101 24 121 243 194 93
157 140 144 30 155 219 22 172 118 83 105 48 102 224 42 244 17 74 160 34 118 73 47 63 168 166 21 71 210 119 137 69
206 252 164 151 169 36 189 142 190 159 3 21 236 246 75 79 133 119 251 23 118 84 155 227 77 50 95 47 130 117 133 86
36 160 16 153 219 131 160 200 22 176 224 74 228 210 96 192 121 88 106 16 34 83 75 31 28 134 15 125 177 8 9 130
0 6 150 95 24 2 100 104 244 130 226 68 99 224 160 199 121 100 42 42 41 241 143 45 52 162 101 0 121 248 112 0
96 32 6 1 74 75 33 72 102 32 226 136 146 128 64 80 104 140 106 8 8 242 223 16 84 0 3 33 97 0 114 160
132 90 154 187 36 129 163 80 150 128 81 6 183 193 97 72 88 56 2 83 2 180 90 176 204 133 43 72 156 57 53 160
57 78 2 203 53 183 66 82 85 10 222 6 163 192 179 228 88 168 142 14 143 188 97 191 162 205 178 1 58 207 120 12
80 34 6 37 74 75 32 64 100 36 226 142 195 0 2 82 104 204 106 0 4 243 197 64 148 32 2 33 97 8 39 210
97 34 7 1 73 89 32 64 110 160 226 72 2 130 192 244 104 140 106 8 5 211 231 16 20 0 3 57 65 0 102 164
40 34 6 13 72 155 161 72 246 132 230 0 64 192 226 86 120 108 106 8 2 211 163 17 84 33 3 1 64 0 43 160
32 32 2 1 78 9 161 64 236 0 226 2 134 128 32 132 104 12 74 0 0 177 131 64 20 32 2 0 65 8 35 132
198 221 156 150 169 112 182 174 154 247 3 49 236 242 79 75 129 103 251 99 116 69 155 249 45 50 95 63 136 117 141 87
81 0 2 137 74 25 32 72 54 100 194 143 195 128 34 64 120 204 106 4 12 211 231 16 148 33 163 24 56 12 16 84
42 188 3 55 83 137 166 225 184 35 248 235 190 60 8 144 253 243 211 7 33 186 76 111 60 38 46 224 73 12 179 176
80 32 10 137 72 8 97 72 102 36 194 8 130 130 0 82 104 204 106 136 8 83 197 0 149 32 3 57 0 8 34 0
88 48 18 0 75 72 33 64 100 32 198 34 70 146 32 86 96 204 106 136 0 81 129 64 213 32 34 0 32 0 39 162
80 0 6 129 9 9 32 64 108 40 194 0 198 130 0 64 96 4 106 8 0 209 193 0 149 160 3 17 0 8 41 0
121 121 170 108 37 31 85 85 101 234 230 76 183 21 19 127 196 236 124 78 200 183 241 8 243 249 84 16 98 188 86 122
50 54 146 178 51 175 82 80 49 171 241 124 46 55 8 153 253 191 213 16 59 255 216 46 153 214 16 242 233 73 42 19
73 164 58 88 56 189 115 58 254 136 140 8 190 211 194 112 149 56 93 44 162 1 170 95 235 157 35 188 0 32 3 35
32 48 5 137 73 7 160 72 70 32 226 2 208 144 96 130 72 76 106 0 9 227 219 16 21 0 3 56 89 8 32 130
200 191 122 102 209 94 127 247 228 206 254 5 41 175 51 80 34 230 207 238 228 185 181 110 123 237 38 1 107 246 111 219
133 159 27 187 240 236 119 183 60 91 125 117 221 119 170 113 183 91 23 166 241 216 56 103 236 151 126 192 152 208 167 249
40 186 202 19 211 172 183 198 186 31 117 60 184 178 78 28 45 219 195 145 50 126 154 115 92 7 126 233 203 85 235 154
177 182 16 130 249 63 150 103 25 46 185 124 6 50 4 145 253 155 198 34 124 191 72 223 185 150 49 118 88 74 194 139
125 119 205 38 174 19 206 248 65 226 185 238 83 104 219 163 30 196 92 239 205 99 205 40 186 9 229 188 125 251 122 21
16 34 22 137 75 15 160 64 230 40 194 66 68 130 32 192 104 12 106 128 0 243 129 80 149 34 2 1 0 8 43 130
33 32 6 17 73 31 160 72 230 248 198 8 192 192 194 246 9 76 106 8 1 195 239 16 29 2 5 60 64 0 58 228
88 18 134 45 10 67 32 88 118 160 198 160 83 181 32 66 112 220 234 128 8 211 139 0 82 163 97 3 99 160 100 18
29 176 155 241 193 236 105 211 63 87 100 20 159 243 66 216 163 139 38 152 19 216 178 64 207 217 86 108 170 192 43 144
80 2 134 13 9 11 32 72 102 168 194 8 194 224 0 82 97 196 106 0 8 211 207 16 84 35 101 17 64 32 112 2
45 93 120 235 173 61 118 150 68 50 222 34 155 29 201 232 205 90 191 90 206 146 127 160 231 201 166 69 54 223 156 171
96 32 6 137 13 75 0 72 204 36 194 6 130 130 34 196 72 132 106 128 13 147 81 0 148 32 138 48 16 8 56 4
153 195 95 237 164 134 101 53 69 24 115 112 211 147 164 224 212 28 46 74 217 188 67 149 224 249 118 0 120 154 224 41
172 150 64 17 208 43 166 255 184 2 248 220 211 98 137 145 59 66 202 58 113 54 92 78 44 166 36 68 201 112 203 144
41 32 132 13 73 91 160 72 86 240 196 8 192 192 194 134 89 76 234 8 7 82 203 17 28 1 5 60 90 8 10 132
88 2 2 129 74 8 33 80 100 36 198 6 195 131 0 86 96 204 106 136 0 211 133 64 212 33 34 1 34 0 37 32
32 48 133 45 9 79 0 72 22 176 194 8 210 180 64 82 89 84 234 16 8 210 219 16 157 2 69 54 48 8 2 146
17 2 6 137 79 3 32 72 230 36 194 2 192 130 34 68 104 140 106 136 4 147 71 80 148 32 138 17 48 8 56 4
40 48 133 29 73 15 160 72 86 184 192 72 208 240 64 162 89 124 234 0 3 83 219 17 29 2 5 62 88 40 2 146
32 48 0 129 73 73 160 64 198 164 226 10 128 128 64 80 104 140 234 0 0 115 209 16 21 0 3 57 81 8 70 130
24 0 14 137 10 3 32 64 36 4 194 134 193 130 34 64 104 140 106 136 8 145 197 64 212 161 162 0 41 0 40 0
32 32 0 137 77 69 160 72 70 40 224 2 128 144 64 64 104 140 74 0 8 35 219 16 21 0 131 57 81 8 39 130
68 151 89 227 128 108 103 190 173 95 187 117 223 119 74 80 119 211 78 242 219 0 120 114 253 132 39 108 184 243 199 115
33 0 6 137 78 11 160 72 198 0 192 6 208 192 32 192 104 12 106 136 13 163 215 16 20 32 162 0 49 8 50 128
160 122 211 188 108 134 180 66 24 138 112 111 4 136 97 25 204 252 34 64 65 254 194 162 20 48 246 42 73 57 114 155
24 2 14 137 10 67 160 64 36 36 194 134 193 130 32 66 104 196 234 128 8 147 197 64 212 161 163 1 48 0 37 0
96 32 1 1 73 73 160 64 198 160 224 10 192 192 64 80 104 140 106 0 0 115 211 16 21 0 3 56 81 8 6 162
160 231 16 8 232 9 150 255 206 42 184 109 166 128 160 17 203 10 78 110 198 39 74 31 180 16 35 190 88 250 131 141
226 123 234 68 100 6 172 70 216 170 240 98 0 185 117 25 232 236 179 193 192 255 128 224 22 24 214 139 69 120 118 139
88 0 134 13 8 11 32 88 118 224 198 133 83 165 34 70 112 196 232 128 8 211 143 0 94 163 97 0 99 160 96 80
17 0 15 137 79 7 32 72 230 0 194 66 192 130 32 64 104 140 106 128 8 147 83 80 149 32 130 16 48 8 48 2
96 32 4 136 73 77 32 72 6 32 224 10 130 0 0 80 72 140 106 128 8 115 217 16 21 0 131 56 81 8 54 130
168 234 25 185 65 205 35 210 58 13 96 73 190 199 96 24 216 42 2 92 66 30 218 51 197 213 18 104 16 1 39 235
48 32 10 161 13 73 160 64 46 160 226 10 198 128 64 80 104 140 106 0 12 243 213 16 149 0 3 49 64 8 22 130
32 18 7 153 74 75 32 72 22 32 192 239 64 192 32 64 120 76 106 0 9 211 207 16 20 34 131 24 57 8 52 144
141 125 243 247 130 180 127 144 228 202 94 64 253 247 193 122 38 107 62 206 229 144 191 106 231 233 46 128 170 243 33 169
60 73 3 168 173 33 102 192 196 8 210 227 155 192 97 201 248 120 46 98 24 179 3 160 176 160 226 8 154 189 176 128
188 142 8 143 205 57 7 246 4 46 221 30 130 32 171 199 73 202 206 106 120 54 105 162 244 197 164 185 178 127 252 129
25 0 6 169 15 7 32 72 102 32 194 66 211 128 32 192 104 140 106 136 9 211 87 16 149 163 3 0 57 8 56 130
157 73 106 115 129 150 126 149 117 88 247 1 91 215 219 248 124 184 183 222 138 144 105 161 231 233 162 193 99 151 232 115
176 60 24 40 73 197 147 104 64 12 181 8 150 144 2 17 200 168 74 98 104 39 80 62 209 129 0 57 81 11 46 130
141 96 72 18 201 249 116 208 224 95 245 156 139 192 218 191 41 162 206 94 23 54 254 176 22 81 114 233 234 213 202 212
93 24 155 185 141 196 53 209 172 95 134 86 191 247 107 75 233 179 174 128 59 7 243 129 149 243 218 26 152 72 37 115
215 92 171 179 133 228 55 214 189 78 206 23 150 246 107 106 237 242 159 183 169 151 248 170 181 151 142 18 136 121 181 243
187 29 50 52 241 116 148 103 57 79 253 125 14 190 167 189 237 147 223 165 189 139 32 202 179 215 62 139 202 116 175 247
140 178 99 123 161 251 113 25 119 85 119 181 235 205 154 188 19 10 199 30 151 176 63 147 199 113 48 193 238 198 198 247
85 196 47 206 83 134 235 64 36 37 207 2 81 227 56 112 124 189 59 188 8 147 61 95 121 174 138 64 161 3 36 160
41 140 17 187 189 249 90 183 23 111 222 18 175 37 162 228 201 98 142 8 63 152 105 191 175 247 190 211 182 204 156 125
56 1 35 169 21 255 99 80 84 4 235 3 27 129 33 192 120 136 130 40 8 179 113 154 209 197 160 0 50 30 84 226
50 18 171 155 143 249 177 86 196 87 213 159 130 132 106 108 105 138 138 16 30 43 118 224 215 21 146 123 147 77 180 246
15 51 66 27 175 145 166 201 223 208 85 230 170 200 239 165 222 106 166 102 223 242 206 241 170 80 71 175 30 63 184 213
32 48 6 1 74 27 160 72 230 224 226 40 64 128 226 116 104 12 106 0 5 243 175 16 20 0 3 24 97 0 119 164
157 63 247 87 165 180 110 144 245 202 126 96 249 243 213 255 35 234 124 238 225 148 175 234 166 249 166 128 170 247 105 45
96 48 7 12 75 5 32 72 38 64 226 13 80 130 0 82 104 204 106 128 0 211 215 16 21 32 2 24 65 0 34 210
125 180 205 85 132 30 102 184 118 250 198 78 83 112 217 171 121 204 116 46 249 240 221 10 62 239 229 4 239 248 88 32
70 184 148 150 201 117 53 200 186 191 0 17 204 246 75 142 145 95 233 23 50 65 154 113 13 18 95 111 130 117 135 214
41 0 4 137 15 11 160 72 68 32 194 130 211 128 32 64 104 140 106 8 12 176 215 0 149 33 130 0 49 8 48 128
80 0 14 137 78 7 32 72 102 8 194 66 210 130 32 64 104 140 106 128 8 131 195 16 212 32 170 24 24 8 56 2
32 32 2 9 73 73 161 72 230 164 224 8 130 128 64 84 104 140 106 0 0 211 193 16 21 0 3 57 65 8 34 160
181 240 237 75 206 97 71 152 82 122 181 122 83 85 221 59 89 208 68 250 171 102 239 49 95 139 229 252 253 187 82 161
206 20 148 149 169 116 180 11 188 178 131 20 204 58 7 239 199 23 249 163 36 69 83 194 129 50 91 23 138 117 13 22
61 158 136 149 253 125 183 242 20 110 214 127 194 100 138 5 125 194 206 44 189 243 101 175 254 71 245 247 251 252 220 213
7 12 233 211 196 248 238 128 111 87 78 146 225 236 223 110 105 74 58 30 151 240 239 241 6 93 199 35 181 223 216 196
172 31 130 172 237 17 70 255 4 136 216 238 171 160 161 199 200 234 142 98 216 171 66 168 180 209 230 136 26 254 248 137
41 55 21 11 232 45 164 127 78 106 121 77 190 160 0 131 140 11 206 46 193 51 89 25 180 17 102 186 90 94 139 153
13 246 200 21 209 63 164 255 60 194 252 220 219 96 11 157 63 194 206 172 161 246 124 78 108 231 119 68 203 116 75 145
237 127 204 26 233 121 119 220 233 94 188 124 202 226 203 191 105 194 206 250 246 99 110 224 254 83 103 189 219 119 207 215
73 34 3 5 75 11 33 72 230 36 230 2 65 130 32 214 104 204 106 136 0 211 131 16 20 32 2 40 96 8 35 224
162 137 223 142 110 67 131 232 30 100 244 42 100 162 166 80 90 199 34 66 32 43 96 252 16 18 74 57 17 40 37 232
80 32 7 1 75 73 32 64 100 100 226 138 195 128 0 82 104 204 106 128 0 211 197 64 149 32 2 1 96 8 7 192
182 210 163 155 143 253 147 196 159 95 213 191 162 204 110 108 237 218 143 211 190 39 126 227 223 84 186 251 151 95 180 247
71 215 232 153 254 57 189 127 77 71 94 247 136 108 222 68 111 155 159 53 245 24 117 210 126 22 190 235 191 220 149 245
61 166 196 63 158 23 79 184 82 242 242 222 115 97 155 177 125 206 116 174 253 240 207 63 110 239 229 180 239 240 210 0
78 188 180 158 203 116 180 172 154 247 6 17 236 254 75 79 129 119 251 19 118 65 154 241 109 50 95 63 128 117 141 86
41 153 2 183 81 157 162 240 184 0 245 204 172 112 18 148 104 177 211 199 161 186 92 237 28 103 10 65 75 6 43 184
142 229 102 83 137 253 191 196 237 86 174 133 237 230 95 111 99 99 203 223 226 101 62 243 231 91 86 19 214 87 229 254
55 178 150 178 241 175 82 208 57 25 241 124 94 87 12 25 221 219 214 82 63 242 88 229 155 218 81 210 200 27 42 151
18 215 163 184 178 212 148 247 169 79 184 247 142 62 142 102 239 211 221 177 253 139 96 230 186 214 62 203 205 84 167 223
33 48 7 136 72 131 160 72 150 96 192 234 196 212 32 196 88 108 106 4 3 195 203 17 20 34 11 56 16 8 50 144
50 158 49 187 191 253 114 182 223 109 91 119 231 126 174 100 229 251 174 0 191 152 121 191 191 246 144 211 178 142 148 127
6 240 170 19 209 253 179 212 191 95 245 181 236 247 74 12 125 91 215 144 183 254 250 243 207 215 30 227 203 85 167 223
237 217 233 154 237 248 52 144 186 87 71 153 220 254 123 123 103 250 254 87 119 70 254 225 95 115 255 237 150 125 157 82
141 180 236 75 171 125 179 216 255 83 117 180 219 245 238 173 127 88 223 126 147 100 127 241 15 89 99 110 254 255 205 245
72 158 123 86 81 214 254 119 116 206 255 101 121 47 50 80 109 246 207 142 224 171 56 111 123 239 182 137 107 166 239 251
20 164 132 23 155 7 6 200 22 187 64 2 68 224 73 14 17 94 32 178 122 208 155 58 169 6 77 110 160 112 16 166
253 239 228 14 158 50 78 184 83 166 188 207 115 105 159 148 63 198 84 238 249 98 109 62 186 79 229 188 239 255 250 84
100 44 142 22 140 2 132 168 210 186 66 16 80 225 105 11 81 102 96 58 48 209 139 40 104 35 229 4 128 121 176 128
88 16 191 248 73 244 49 91 175 91 199 84 190 183 98 127 229 185 190 144 155 91 179 192 221 241 122 11 154 8 37 115
153 176 147 115 1 220 113 95 119 89 117 84 159 151 66 124 161 136 38 156 159 252 186 208 207 217 114 68 234 130 227 251
20 140 150 26 155 131 6 168 118 19 64 17 102 226 42 84 145 110 32 52 50 64 11 63 168 166 5 111 208 96 129 6
36 140 134 30 152 131 6 184 214 18 98 76 98 240 40 81 17 102 96 34 96 240 11 63 104 166 101 0 88 120 66 128
100 164 175 85 140 2 39 184 210 178 194 192 80 224 209 107 81 100 104 58 176 211 175 8 44 34 229 4 233 120 112 48
81 32 135 133 10 10 33 64 236 160 194 66 192 130 80 82 104 196 106 140 9 211 133 64 156 34 143 0 32 32 35 4
28 160 132 55 155 7 6 200 22 179 64 11 68 224 75 10 17 78 225 179 42 82 203 59 153 7 205 45 160 112 54 130
96 32 200 141 78 9 160 72 42 164 224 11 130 128 64 2 72 204 66 1 8 115 203 16 28 0 143 57 65 40 87 130
81 2 142 77 12 2 33 104 246 128 194 66 208 224 160 66 120 100 106 8 8 243 135 8 84 34 231 0 33 40 112 32
164 142 207 62 152 131 71 184 214 214 98 236 115 224 168 17 17 102 96 42 105 208 78 63 42 175 101 16 120 240 66 0
32 160 20 153 75 195 161 200 22 176 192 10 196 194 96 4 89 28 98 16 2 83 75 17 157 0 15 124 16 8 37 162
12 140 148 31 153 203 7 172 182 19 68 16 238 240 232 213 17 106 160 24 50 216 59 63 105 54 85 78 210 36 129 46
44 64 18 168 93 31 135 88 21 8 245 10 14 209 35 180 88 8 130 106 8 163 82 158 241 213 0 59 82 63 120 164
79 160 132 21 139 71 4 200 22 182 64 13 68 240 75 142 17 76 234 55 34 83 219 26 25 6 205 62 136 116 19 150
15 172 132 18 153 183 6 136 22 183 68 21 76 230 107 220 145 78 161 60 54 80 155 59 169 22 77 111 146 117 137 54
96 32 132 141 75 11 160 72 54 160 224 15 130 160 64 130 88 204 98 1 8 115 219 16 29 0 143 56 65 40 18 130
40 121 25 42 106 203 150 76 24 44 240 105 62 16 161 17 218 185 198 98 8 34 64 60 244 129 32 184 80 27 6 163
153 104 152 185 32 201 34 222 22 8 84 34 183 211 225 8 122 106 6 88 66 188 67 59 192 197 52 169 122 25 9 139
33 126 154 177 116 162 178 86 48 139 126 230 52 148 227 0 252 126 134 16 136 186 128 234 224 149 182 128 129 250 50 153
57 78 42 219 53 179 82 82 87 78 222 39 34 232 183 228 217 42 142 12 142 184 100 191 66 95 146 19 146 223 120 78
14 190 164 26 145 183 22 172 119 183 14 21 108 226 111 220 149 95 160 50 182 64 59 127 43 86 21 111 146 119 141 86
28 72 154 249 22 175 3 210 150 136 70 6 183 193 161 72 80 40 14 90 11 132 114 58 193 135 35 64 184 185 32 32
2 122 130 245 228 130 174 71 58 142 122 102 40 155 245 8 248 58 7 145 65 190 128 234 4 220 190 130 205 120 115 155
81 34 142 5 10 10 32 64 228 160 194 64 208 130 208 82 104 196 106 137 0 211 135 64 156 34 143 0 40 32 99 4
168 252 17 123 97 253 97 222 63 10 108 24 174 215 97 148 217 58 130 8 67 158 82 51 133 212 16 42 90 28 15 185
181 206 206 30 154 51 71 184 82 194 100 204 115 228 187 59 29 102 32 46 237 226 46 46 32 47 101 16 237 241 66 88
52 162 22 153 203 195 32 200 22 176 192 10 68 194 96 132 89 92 226 16 2 83 75 29 157 130 7 127 48 8 45 130
80 2 135 93 8 2 32 120 118 128 226 70 82 224 160 194 112 100 42 40 9 243 159 12 20 34 231 0 41 104 112 0
9 186 126 99 50 154 122 16 109 69 119 181 143 134 182 116 39 40 134 14 151 152 47 243 134 221 50 193 110 135 235 221
113 135 110 78 16 34 67 49 224 0 239 0 83 97 186 113 80 230 108 42 184 179 165 15 242 175 96 64 97 163 230 32
0 55 136 65 218 9 161 214 36 41 252 236 147 33 130 48 40 146 78 88 17 187 228 96 124 128 38 160 225 203 135 177
7 26 221 9 48 222 59 144 62 73 86 228 221 86 131 252 151 125 190 220 133 148 125 118 4 63 58 194 140 131 41 117
220 195 120 243 207 80 127 253 230 92 222 167 205 207 251 71 127 203 174 254 214 80 239 240 254 201 239 197 183 246 173 195
201 34 238 116 112 178 121 86 116 205 102 144 185 135 146 121 114 174 142 156 172 223 165 108 222 171 242 193 130 128 239 232
162 58 171 56 240 227 183 87 184 77 241 253 28 156 164 24 223 187 215 81 147 251 32 98 81 21 58 202 193 93 231 243
216 49 105 37 1 90 118 50 100 78 255 133 155 46 146 112 104 236 204 226 205 152 117 40 211 225 226 129 99 231 110 86
47 159 84 243 245 159 127 181 53 95 254 46 235 125 154 149 125 194 215 110 255 248 105 173 238 251 100 198 235 222 234 213
233 226 78 103 52 26 102 180 105 0 103 76 243 1 152 16 16 100 108 110 228 184 197 45 230 235 96 0 106 139 90 8
207 255 3 8 232 124 110 221 255 222 60 228 205 230 251 255 23 64 222 126 231 5 190 242 174 88 39 174 158 247 235 213
204 201 248 251 230 88 127 220 254 86 52 160 253 199 219 122 115 74 206 94 103 4 174 113 247 137 103 173 52 179 175 249
41 154 119 249 37 255 96 30 127 93 118 84 171 9 182 108 67 42 14 28 151 188 119 157 199 219 112 64 126 140 84 93
7 163 234 155 190 185 248 137 191 85 157 149 205 238 254 106 55 75 95 149 150 96 46 241 206 92 15 237 156 197 163 214
27 186 39 51 179 246 120 215 53 79 214 183 42 61 130 29 237 190 213 148 175 218 97 231 214 127 112 195 231 132 190 223
74 222 34 186 173 244 54 214 133 95 222 183 137 141 163 72 207 66 143 87 142 15 118 167 246 113 190 219 30 223 180 95
92 63 187 66 162 114 54 208 164 73 191 241 24 191 160 120 166 215 223 194 152 11 41 228 243 65 42 139 2 215 167 115
8 187 43 187 169 217 113 215 230 93 87 247 153 150 226 104 101 24 174 16 151 152 238 177 79 65 242 229 186 140 244 211
235 150 163 187 229 252 51 157 247 95 87 183 235 220 238 253 221 154 190 22 159 212 126 177 143 123 182 203 186 79 216 95
175 215 19 27 233 221 182 212 231 95 117 188 232 220 174 172 223 74 214 94 247 39 110 179 38 89 54 235 211 223 203 253
137 192 178 253 61 182 114 87 215 9 215 86 140 179 178 236 241 46 190 12 166 157 35 147 131 255 178 130 26 140 248 7
191 223 250 119 228 91 127 244 85 230 246 175 107 44 151 101 255 238 134 78 237 250 109 173 126 251 212 131 111 254 220 221
9 152 107 1 17 254 97 19 124 77 126 4 155 132 146 116 112 56 142 24 135 184 117 21 207 37 34 193 98 140 95 120
200 223 106 32 234 80 55 247 228 84 124 173 185 159 226 115 103 218 215 198 214 26 182 241 126 65 118 175 127 148 167 251
157 246 40 19 99 60 115 220 117 79 119 247 73 214 202 245 116 202 134 230 183 148 172 227 214 193 34 195 43 151 175 245
253 20 43 8 219 125 183 218 185 78 252 63 26 252 143 56 125 218 214 162 181 39 180 210 119 7 51 175 211 125 230 247
159 102 241 72 171 127 223 216 119 254 148 10 219 124 223 47 63 216 223 254 175 103 239 146 251 203 101 253 247 255 39 101
24 159 98 127 57 148 126 114 165 10 250 101 251 127 28 208 252 247 223 167 248 171 193 175 38 239 162 130 111 230 106 155
31 158 115 251 215 141 114 177 223 73 211 127 238 252 44 224 255 187 159 21 191 184 122 255 191 254 21 194 184 14 148 119
6 176 163 211 177 205 179 216 191 89 241 245 250 222 77 44 221 91 95 148 187 112 122 243 143 222 151 198 200 68 39 247
78 248 231 178 237 220 53 152 187 222 52 137 205 254 107 123 243 121 255 83 215 70 190 240 207 82 79 239 150 253 23 247
154 253 106 111 227 216 63 247 39 86 124 167 61 159 86 82 110 219 151 199 198 152 190 249 119 217 78 171 119 214 166 219
84 88 179 250 9 236 51 220 191 89 67 80 158 151 96 120 229 255 191 82 155 29 186 224 217 240 90 74 152 83 165 51
247 166 236 95 158 19 78 184 83 174 220 255 67 104 159 17 63 206 52 174 253 242 109 63 186 239 229 180 253 242 218 84
145 176 243 115 129 175 115 81 119 89 99 84 254 215 72 121 253 186 22 30 155 244 121 113 207 216 18 66 234 131 226 251
222 249 115 115 235 196 63 244 165 88 219 229 248 223 12 212 254 251 223 195 219 18 248 227 255 240 142 202 143 183 166 243
71 221 107 187 236 225 63 212 141 86 219 167 253 253 63 64 207 99 159 87 135 3 126 161 247 124 142 154 148 223 180 219
135 237 107 58 170 249 191 244 223 87 189 177 239 252 254 33 223 83 222 119 247 37 110 179 127 95 70 255 87 223 199 245
159 214 99 113 161 52 127 216 117 95 117 245 89 254 250 57 255 201 151 238 255 214 189 163 246 89 103 196 206 245 162 245
252 125 96 103 161 120 86 180 101 78 191 181 235 124 26 241 204 247 253 195 253 132 253 170 231 241 224 147 102 247 254 87
169 75 80 172 253 217 150 220 135 108 244 42 46 204 163 132 216 168 198 98 71 35 106 153 54 213 33 191 83 62 204 221
42 121 178 250 251 211 191 213 190 69 84 185 157 221 170 172 95 123 215 83 178 171 46 230 118 87 62 203 214 223 175 249
14 55 82 11 48 155 34 16 45 68 111 229 206 69 139 212 150 12 202 118 131 144 77 252 38 116 0 6 78 135 9 53
153 63 19 160 183 182 35 86 244 200 222 102 56 214 163 225 126 186 134 244 171 187 48 238 184 197 166 128 171 150 33 249
40 203 242 139 53 249 82 206 71 69 252 7 171 232 55 196 218 42 142 4 142 184 101 185 103 93 16 19 246 222 84 207
10 228 112 115 145 157 84 207 127 47 121 9 170 200 94 156 153 139 198 20 206 188 109 247 15 94 21 119 82 6 198 206
15 64 225 75 19 90 107 136 62 192 79 130 253 70 27 124 50 77 58 223 131 144 125 242 69 109 10 4 39 151 1 100
25 95 94 248 182 243 66 18 212 136 222 102 147 131 161 64 64 160 14 120 9 137 65 30 234 231 39 197 186 184 40 33
12 152 241 187 131 198 117 150 63 95 114 23 239 183 40 88 113 203 174 144 51 216 57 243 207 231 246 64 186 85 165 123
8 179 65 99 234 137 97 83 172 72 123 228 155 7 128 130 110 26 78 24 147 184 109 0 236 136 38 192 106 130 3 185
43 180 16 91 105 189 244 239 63 59 125 8 174 215 74 188 157 26 130 8 86 58 250 213 15 223 81 111 90 206 203 142
125 135 126 76 24 134 67 178 224 12 254 96 83 225 168 113 112 228 108 104 184 131 164 13 243 175 99 196 225 161 226 33
221 194 79 105 20 10 98 184 117 64 98 220 87 65 152 81 50 196 108 110 233 180 5 15 246 233 32 68 107 129 122 0
17 0 143 93 8 2 96 88 246 160 226 102 81 227 160 66 120 228 106 136 9 241 143 12 20 34 227 0 40 168 112 32
40 32 20 137 75 87 160 72 22 176 192 10 196 194 96 132 121 8 234 16 6 243 219 17 29 130 15 63 16 8 45 134
6 190 164 27 153 159 54 168 190 151 70 17 236 230 78 221 149 123 224 18 54 88 155 63 47 87 85 111 146 101 141 70
53 140 239 126 138 34 71 248 82 226 230 236 115 229 187 59 25 238 52 46 233 243 175 47 112 175 101 148 237 249 82 112
81 34 14 133 10 10 96 64 236 160 194 66 213 130 208 82 104 196 106 136 1 209 133 64 148 32 171 0 41 0 35 0
32 32 0 137 79 73 160 72 38 160 240 11 134 128 64 128 104 140 234 129 8 243 211 80 21 0 11 57 65 8 90 130
14 188 164 19 153 183 54 168 190 151 4 21 204 246 79 221 145 123 160 18 54 88 187 119 47 86 93 111 146 117 141 86
78 176 148 22 139 215 22 200 150 242 68 9 196 242 75 142 145 110 232 18 34 81 155 59 9 70 77 111 138 116 15 214
14 160 148 27 155 215 2 232 62 53 64 0 236 242 236 244 145 106 160 16 50 80 43 63 9 86 69 111 210 4 5 164
49 134 207 63 24 3 6 184 214 242 98 196 115 225 161 89 81 102 96 46 41 243 47 63 98 174 101 0 112 240 64 96
12 160 140 53 139 7 20 232 18 182 64 9 100 240 75 138 145 78 233 147 34 211 155 24 73 3 77 109 128 112 31 130
108 182 167 85 140 2 37 248 214 178 66 100 83 224 145 107 81 100 104 56 169 209 175 8 72 35 229 68 237 248 112 48
17 0 135 29 10 131 32 104 182 192 194 132 208 224 34 82 84 100 106 4 13 195 255 28 20 162 65 26 120 0 48 196
64 16 6 137 75 11 32 72 102 96 194 7 194 130 32 80 104 140 234 132 8 131 211 16 149 32 131 24 24 12 48 82
153 29 110 242 183 150 126 117 181 204 214 166 121 86 179 229 110 178 158 252 253 139 53 238 250 203 166 193 47 134 41 125
6 176 33 35 161 249 240 235 47 101 105 13 138 204 92 148 153 155 199 17 222 56 91 245 15 87 21 111 210 6 206 214
168 230 128 122 200 37 77 157 19 31 228 93 227 99 88 157 221 138 69 156 235 70 67 51 235 223 212 120 218 220 242 152
56 149 224 235 85 249 211 91 87 77 93 143 171 253 122 228 88 26 151 0 158 58 124 147 231 213 128 187 183 206 220 255
217 223 71 229 100 218 103 51 252 110 118 230 91 38 162 213 102 228 174 238 233 157 37 207 180 171 226 132 46 164 100 121
45 160 176 73 233 253 178 234 79 45 125 11 142 232 106 180 153 10 226 20 150 58 106 145 79 221 17 111 211 207 207 198
248 155 198 108 32 2 102 242 225 8 246 228 83 41 144 211 108 196 108 234 233 187 133 15 114 235 96 196 111 160 98 17
217 12 79 45 6 42 97 58 113 74 114 196 19 1 145 121 50 132 100 44 173 245 165 15 150 235 96 4 105 224 98 96
117 6 239 124 178 2 71 248 80 226 242 232 115 97 145 49 31 228 116 42 233 243 109 14 248 238 101 148 237 248 114 33
6 184 180 27 153 221 50 168 190 189 64 17 236 246 79 76 149 123 225 17 54 88 154 119 15 22 93 111 146 68 141 214
46 186 160 97 237 253 243 218 23 237 60 45 139 221 78 132 157 25 215 17 158 58 218 178 223 221 5 255 251 15 14 211
91 158 254 214 102 86 127 113 241 78 247 167 105 167 178 119 102 230 191 142 224 157 180 234 242 255 114 131 39 164 101 125
44 122 224 96 237 221 243 216 83 237 116 47 139 221 87 60 29 152 199 81 134 50 248 178 95 221 53 239 199 31 78 247
217 58 255 69 98 122 125 19 121 206 119 244 219 39 146 183 38 229 236 172 165 220 165 200 198 235 242 129 110 228 79 89
201 47 242 119 162 186 60 23 249 11 127 240 189 59 140 123 135 119 108 138 177 220 164 98 230 255 118 194 202 209 131 1
223 255 222 83 163 60 63 246 185 95 126 244 124 247 206 247 167 91 253 174 227 217 170 227 254 239 126 199 234 244 171 221
