82 0 150 157 13 66 160 72 174 0 210 3 204 234 32 198 232 101 171 129 0 211 147 196 145 50 202 3 28 104 49 6
49 143 67 222 20 131 78 242 213 0 218 70 113 226 176 228 88 234 30 206 139 171 12 191 176 174 162 128 61 138 120 44
97 32 112 65 108 25 232 64 105 32 240 74 139 9 148 178 202 197 87 1 140 114 196 192 22 88 130 49 79 140 74 132
38 162 0 137 205 3 168 200 22 180 208 139 192 200 114 64 121 136 163 145 6 114 79 145 28 0 143 63 213 12 28 130
66 128 134 145 132 162 168 3 62 19 82 82 140 170 80 74 99 15 59 145 18 216 195 192 12 50 218 192 140 64 33 128
114 253 12 188 203 193 151 231 130 196 136 139 32 188 34 3 108 243 145 193 78 75 158 189 121 0 204 187 53 124 188 218
2 205 2 158 20 131 170 226 22 0 90 2 96 234 49 64 88 106 19 195 98 136 10 255 32 38 138 8 20 11 48 136
104 48 56 96 33 76 81 16 97 136 52 8 159 23 0 48 132 20 93 8 136 96 176 0 195 249 32 16 66 128 66 35
34 32 0 137 77 11 160 72 22 180 208 139 192 136 114 0 121 136 227 145 4 242 79 144 28 0 143 63 85 12 24 134
104 48 56 96 33 76 81 16 97 8 52 8 159 23 0 48 132 20 93 8 136 96 176 0 195 249 32 16 66 128 66 35
6 135 130 158 147 176 182 175 30 7 73 17 236 106 42 192 145 67 131 51 118 72 8 247 44 54 95 67 144 119 173 70
3 143 3 158 20 131 170 230 86 0 90 70 96 226 180 228 89 106 2 140 135 152 12 255 32 46 138 128 29 10 120 140
104 48 56 96 33 77 81 16 105 136 52 8 159 23 0 48 132 20 93 8 136 96 176 0 195 217 32 16 66 128 66 35
0 157 27 191 22 199 191 239 30 9 88 2 244 254 32 64 253 59 19 129 98 186 27 255 109 39 190 8 16 72 181 187
3 143 3 222 20 131 170 242 86 0 88 70 96 232 180 228 89 106 18 207 167 184 12 255 32 46 138 128 28 138 48 172
105 48 113 64 101 29 113 16 105 8 180 8 26 27 132 182 132 212 70 8 137 96 224 192 71 249 32 146 66 136 66 37
3 134 2 155 92 147 138 236 86 1 88 82 96 202 186 196 89 10 2 165 38 186 79 191 40 38 155 237 29 14 184 140
104 48 56 96 33 77 81 16 105 136 52 8 159 23 0 48 132 20 93 8 136 96 176 0 195 249 32 16 66 128 66 35
2 157 176 158 147 244 188 167 30 75 88 55 172 62 38 192 133 83 147 129 118 8 24 255 41 54 158 195 24 86 173 95
2 135 0 156 147 176 180 167 28 7 72 19 172 42 38 192 129 67 131 1 116 8 0 239 40 54 158 67 16 84 169 14
3 141 3 158 20 131 170 230 86 0 90 70 96 226 180 228 89 106 18 137 167 184 12 255 32 46 138 128 28 10 56 172
105 48 113 64 101 29 81 16 105 8 52 8 26 25 148 180 140 148 70 8 137 96 240 192 199 217 32 18 66 128 66 39
3 141 3 158 20 131 170 230 86 0 88 70 96 234 180 228 88 106 18 137 167 184 12 255 32 46 138 128 28 10 56 172
2 213 1 188 147 228 181 167 28 79 72 55 172 54 34 64 133 83 131 1 116 8 16 127 41 6 158 195 16 84 165 91
2 157 8 158 147 212 150 167 28 71 72 51 44 62 38 192 133 115 147 129 116 8 16 255 41 54 158 131 16 86 173 94
56 157 122 250 149 199 87 246 85 13 252 2 115 253 32 64 88 250 135 88 58 170 120 191 251 237 36 89 243 138 244 42
56 143 106 238 30 195 95 255 22 68 220 163 115 237 51 64 120 250 143 238 106 139 111 191 243 167 167 153 55 218 116 250
3 143 2 158 20 147 170 230 86 0 90 70 96 226 176 228 89 106 18 141 167 152 14 255 32 38 138 128 28 14 56 140
41 184 147 248 219 237 113 87 191 17 104 24 62 151 100 188 165 187 210 16 19 46 18 215 95 156 18 106 218 0 163 187
41 125 18 69 85 159 230 118 253 192 110 76 62 184 55 180 176 42 66 76 197 185 16 62 39 92 4 18 74 62 75 142
24 220 59 251 48 199 115 246 22 9 94 2 183 215 33 96 117 122 31 90 163 156 57 63 227 175 54 0 144 155 37 187
97 32 112 64 108 25 248 64 105 32 176 74 138 8 20 176 202 133 87 1 132 98 196 192 22 24 2 48 77 140 90 133
1 134 10 187 28 131 138 252 22 1 88 82 113 202 184 64 89 10 2 165 35 186 79 191 104 166 187 236 29 10 176 136
2 141 0 188 147 128 182 167 28 3 72 147 172 42 32 192 129 67 131 129 116 8 0 255 40 38 158 3 152 84 169 14
13 0 121 103 116 14 107 16 124 104 119 64 211 65 153 56 22 76 70 106 161 180 109 44 68 191 33 0 198 171 66 161
105 48 113 64 101 29 113 16 105 8 180 8 26 27 132 182 132 212 70 8 137 96 224 192 71 217 32 146 66 136 66 37
3 143 3 158 20 131 170 230 86 1 88 70 96 226 180 228 89 106 18 205 167 184 12 255 32 46 138 136 28 10 120 140
104 48 56 96 33 77 81 16 105 136 52 8 159 23 0 48 132 21 93 8 136 96 176 0 195 217 32 16 66 128 66 35
49 134 67 255 20 131 74 252 86 1 216 70 115 225 184 228 89 170 30 172 171 171 15 191 184 238 163 136 63 138 112 168
105 48 121 96 37 29 81 16 105 8 52 8 30 27 132 52 134 148 68 8 137 96 240 192 195 249 32 146 66 128 66 39
3 141 67 222 20 131 174 242 84 0 90 70 112 226 180 228 88 106 18 202 131 184 12 255 32 46 130 128 28 138 48 172
129 162 147 91 97 173 97 83 127 11 113 84 190 146 76 60 181 43 70 28 147 188 18 83 13 158 16 106 200 0 195 165
2 149 128 156 147 244 188 167 30 15 72 49 172 62 38 192 133 83 147 129 118 72 16 255 41 54 30 195 144 68 173 95
228 48 125 224 108 109 185 88 138 184 177 76 148 159 85 27 206 17 83 51 129 118 218 208 93 24 99 188 73 41 71 179
250 25 239 244 143 64 21 87 128 214 132 171 53 159 96 67 234 179 249 129 72 75 178 160 211 193 220 153 37 120 180 122
104 48 56 96 33 93 81 16 105 136 52 8 159 23 0 48 132 21 221 8 136 96 176 0 195 249 32 16 66 128 66 35
133 146 153 249 52 175 97 89 86 41 87 86 151 211 232 104 95 8 22 24 179 180 107 23 204 143 51 196 184 136 16 161
3 143 2 222 20 147 170 242 86 0 88 70 96 224 180 228 89 106 2 206 167 184 12 255 32 46 138 128 29 138 120 140
97 188 153 81 253 173 97 23 251 123 104 92 182 145 64 56 129 42 66 28 147 124 242 51 15 156 16 114 200 72 211 170
77 72 123 101 52 14 107 48 116 200 119 64 211 65 145 112 122 228 108 106 201 176 101 46 230 239 32 0 100 179 66 33
201 56 189 127 41 140 81 16 251 90 53 92 190 95 1 59 135 49 124 10 129 100 251 1 199 251 112 24 74 161 67 115
2 143 2 158 21 131 186 230 22 5 88 131 32 234 48 192 89 107 131 129 38 184 10 255 32 38 138 139 20 14 60 138
96 32 112 193 109 25 232 64 109 32 240 11 138 8 22 130 234 197 199 5 132 114 196 192 22 24 130 49 69 140 91 134
34 32 76 137 77 75 176 72 22 180 240 139 128 200 114 0 121 140 227 149 6 114 75 145 29 0 143 63 21 12 124 194
2 160 149 145 164 168 168 3 62 17 82 82 156 170 80 74 99 15 59 145 19 216 195 209 12 50 218 192 140 64 161 128
58 253 96 190 139 209 151 231 128 196 204 171 33 246 50 3 104 250 145 195 76 75 158 173 241 97 204 187 55 126 188 90
105 32 113 64 100 29 248 16 105 72 180 72 138 27 148 182 206 196 70 8 141 98 224 192 7 216 0 18 66 136 66 37
2 204 2 158 21 135 170 226 22 0 90 2 96 202 49 64 88 106 19 195 98 136 26 255 33 38 138 8 20 27 48 136
2 176 48 152 235 197 184 199 142 93 80 55 172 158 98 74 205 59 215 17 22 79 18 241 29 16 30 235 144 12 165 219
38 130 8 155 220 131 138 200 86 49 80 211 96 202 58 64 89 10 34 181 54 50 79 183 60 6 143 109 29 8 184 132
105 48 113 64 101 29 248 16 105 8 180 72 138 25 148 182 142 196 70 8 137 96 224 192 7 216 0 146 67 136 66 165
39 134 0 155 220 147 138 200 22 1 80 211 96 200 186 192 89 10 130 133 38 178 79 183 60 6 143 237 29 12 184 132
104 48 56 96 33 28 81 16 105 136 52 8 31 31 0 48 132 20 93 8 136 96 176 128 195 249 32 18 66 128 66 35
25 143 10 190 20 131 203 250 86 1 216 70 115 225 184 96 89 234 6 206 171 185 12 191 224 175 162 128 61 138 120 136
96 32 112 193 109 25 232 64 105 32 240 11 138 8 22 146 234 197 198 5 132 114 196 192 22 56 130 49 69 140 91 132
34 32 4 129 77 11 176 72 22 180 240 139 128 200 82 0 121 140 227 149 6 114 75 145 28 0 143 63 85 12 124 134
105 48 56 96 33 93 81 16 105 136 52 8 158 23 0 52 132 20 93 8 137 96 176 192 195 249 32 18 66 128 66 35
134 172 132 155 147 163 182 174 30 23 75 17 236 234 106 72 145 75 163 51 54 72 10 255 45 54 31 71 144 119 141 70
3 143 3 158 20 147 170 238 86 1 88 70 96 234 188 228 121 106 18 141 167 186 14 255 32 46 138 136 29 14 120 140
104 48 56 96 32 77 81 16 105 168 52 8 159 23 64 50 132 212 93 8 136 96 240 0 195 249 33 48 66 128 66 35
32 176 120 96 41 77 81 216 123 24 180 8 22 215 72 52 157 152 85 8 138 99 186 209 219 217 1 62 66 128 66 163
0 157 25 255 22 165 179 255 22 9 88 66 244 247 40 64 253 59 18 128 51 152 123 255 237 167 186 72 16 72 161 171
3 143 11 158 20 131 174 230 86 0 90 70 113 234 176 64 121 106 18 207 167 152 14 255 32 38 170 128 28 10 48 140
194 184 145 240 201 237 17 71 187 31 160 25 174 151 64 26 129 59 235 16 18 79 146 243 217 211 90 123 144 64 135 122
105 32 113 64 108 29 248 16 105 104 180 72 138 25 148 182 206 196 70 8 141 98 224 192 23 216 1 50 75 136 66 165
38 134 0 155 221 147 130 232 22 21 80 147 96 232 58 192 89 10 162 149 54 50 79 183 60 6 159 111 21 12 188 196
104 48 56 96 33 77 81 16 105 168 52 8 159 23 64 48 132 149 93 8 136 96 240 0 195 217 33 48 66 128 66 35
2 149 33 158 147 196 182 175 30 75 73 23 108 126 44 196 181 115 147 163 119 8 24 255 41 54 158 195 29 86 181 95
130 133 144 149 177 42 60 39 60 7 74 17 172 42 34 192 227 7 130 1 116 152 1 199 44 54 94 67 132 68 137 14
63 15 96 44 125 159 222 232 223 236 252 143 107 232 183 128 216 233 199 103 222 35 78 191 50 93 129 255 87 63 90 198
3 143 2 158 20 131 174 230 86 0 90 70 97 226 180 224 89 106 2 207 167 152 14 255 32 46 170 128 28 10 120 140
105 32 113 64 109 29 120 16 105 168 180 72 138 25 212 182 142 196 78 8 141 98 224 192 87 216 1 178 67 136 66 165
45 0 113 71 100 26 235 16 105 200 119 72 219 9 149 188 74 164 86 74 137 180 109 232 70 249 32 0 71 139 66 165
3 143 3 158 20 147 174 230 86 1 88 70 96 226 180 228 89 106 2 205 231 184 12 255 40 46 138 128 29 10 120 140
26 221 1 172 147 192 22 167 20 69 72 195 37 54 32 192 65 115 145 193 102 8 16 191 169 102 158 2 52 84 181 90
39 134 0 155 220 147 138 200 86 5 80 211 96 200 186 192 89 10 130 149 54 50 79 183 60 6 159 109 157 12 184 132
104 48 56 96 33 29 81 16 105 136 52 8 159 31 0 48 132 20 93 8 136 96 176 192 195 249 32 18 66 128 66 35
40 221 126 251 244 199 115 246 86 13 124 34 49 213 176 96 88 58 18 72 226 186 104 191 111 175 182 64 115 138 244 171
3 143 2 158 20 131 170 238 86 1 88 70 96 232 188 228 89 106 2 141 167 186 14 255 40 46 142 200 29 14 248 140
41 176 145 88 121 189 240 95 255 27 116 92 60 155 100 188 173 59 194 24 147 126 18 211 31 223 18 106 218 12 203 175
49 125 50 78 21 159 246 119 237 192 110 76 46 248 54 180 178 42 66 13 197 185 16 127 51 92 4 2 74 30 203 142
29 220 51 251 149 199 95 242 87 72 126 2 255 215 33 96 117 122 31 74 171 152 57 191 225 239 38 0 178 155 36 59
104 48 56 96 32 77 81 16 105 136 52 8 159 23 0 48 132 21 221 8 136 96 176 0 195 249 32 16 64 128 66 35
10 239 83 78 83 208 63 103 37 5 232 224 40 199 164 244 118 187 134 128 74 155 160 127 51 180 18 139 51 130 166 173
38 162 128 137 205 11 176 200 22 180 240 139 192 200 114 0 121 200 235 145 6 115 207 144 28 0 143 63 213 12 92 198
97 34 112 197 109 25 232 64 107 160 240 10 138 8 86 146 234 197 70 1 140 114 196 208 22 24 131 57 77 140 90 132
36 162 9 187 220 131 139 200 22 49 208 210 241 200 248 64 89 10 19 189 50 114 79 183 124 134 175 108 61 136 176 128
26 207 0 156 147 144 150 167 22 3 72 195 44 42 32 196 161 99 129 129 118 8 0 255 168 102 158 67 30 84 185 14
97 32 113 64 108 29 248 16 105 232 180 72 138 25 212 182 206 196 70 8 141 98 224 192 23 216 1 50 67 136 66 165
3 143 2 158 20 131 174 230 86 0 90 198 97 224 180 228 89 106 2 207 167 184 14 255 32 38 170 128 29 10 120 140
104 48 56 96 97 93 81 16 105 168 52 8 158 31 64 52 132 148 93 8 136 96 240 192 199 217 37 48 66 128 66 35
49 134 64 251 28 147 74 216 86 1 208 210 115 193 184 228 89 138 6 172 171 178 79 191 172 206 175 236 63 138 248 160
97 48 121 64 100 29 121 16 105 72 180 72 154 25 148 54 142 196 86 8 141 96 224 192 71 216 32 146 66 136 66 165
3 143 3 158 20 131 170 238 86 1 88 70 113 224 188 224 89 106 18 173 163 184 14 255 32 46 170 136 29 10 112 140
36 40 243 85 64 110 99 80 116 166 103 8 211 181 133 60 56 252 96 106 9 240 249 8 69 170 1 0 227 251 70 160
161 162 147 91 101 189 224 66 127 27 113 92 142 128 220 189 129 10 70 28 147 124 130 209 12 24 82 106 202 133 67 133
163 162 64 17 79 185 160 67 95 49 241 219 162 136 84 140 25 170 194 149 31 126 199 209 14 18 153 115 237 12 90 132
2 221 0 156 147 208 182 167 30 65 72 131 36 60 38 192 229 115 147 129 118 8 16 255 41 38 158 67 21 84 189 94
240 153 30 254 203 205 84 119 171 16 228 8 54 255 32 19 160 179 125 0 90 107 154 125 243 249 82 123 112 0 167 27
37 50 153 225 108 45 169 88 138 184 112 104 149 147 209 43 78 57 86 25 129 118 194 80 76 152 107 172 77 169 67 161
214 170 175 176 139 225 25 194 138 55 128 191 140 135 98 75 231 179 239 149 58 79 162 240 217 83 219 255 148 77 53 98
104 48 56 96 33 29 81 16 105 168 180 8 31 23 64 52 132 148 92 8 136 96 240 192 195 249 37 50 66 128 66 35
133 34 153 249 36 143 105 89 86 57 85 82 151 131 232 105 95 8 6 28 155 244 107 16 204 137 51 228 184 136 65 161
3 143 2 158 20 147 170 238 86 1 88 70 96 224 188 228 89 106 2 140 167 186 12 255 32 46 138 136 29 10 120 140
192 176 155 120 203 225 49 75 187 83 33 56 62 215 104 122 163 155 226 144 19 79 178 83 221 150 82 111 208 64 167 51
161 162 155 82 229 173 97 87 251 59 115 92 150 129 84 56 129 42 70 28 147 124 146 83 95 28 48 104 200 72 211 169
2 141 0 156 147 192 182 167 30 71 72 147 164 46 38 64 129 99 131 129 118 8 16 127 40 54 158 67 144 84 189 94
109 21 113 103 52 30 107 49 121 168 127 72 219 49 145 52 30 52 76 42 233 176 105 14 199 255 33 0 66 226 66 33
104 48 56 96 33 13 81 16 105 136 52 8 31 23 0 52 132 148 221 8 136 96 176 128 195 249 32 16 66 128 66 35
2 142 18 155 17 161 48 231 30 23 73 147 172 226 42 192 241 43 131 133 54 156 10 247 140 54 26 67 144 14 173 142
3 143 3 158 20 131 170 238 86 1 88 70 96 224 188 228 89 106 2 141 167 184 14 255 32 46 138 136 29 10 120 140
205 48 157 97 33 46 113 16 105 186 55 92 159 19 64 59 132 5 108 56 153 116 209 0 199 249 113 84 202 161 67 35
2 141 136 156 146 192 182 167 30 71 72 147 36 44 38 64 161 99 3 129 118 8 0 127 41 38 158 67 16 80 189 94
109 76 123 101 52 10 111 48 112 200 127 72 211 65 145 112 90 236 108 106 201 176 229 14 230 237 33 0 101 187 66 33
104 48 56 96 33 93 81 16 105 136 52 8 158 31 0 48 132 20 93 8 136 96 176 192 195 249 32 18 66 128 66 35
3 143 3 158 20 147 170 242 86 1 88 70 96 224 180 228 89 106 2 207 167 184 12 255 32 46 138 128 29 138 120 140
2 153 150 155 151 135 186 199 30 1 74 2 172 254 32 64 255 59 187 145 18 152 19 255 45 54 158 67 148 72 165 154
2 176 21 153 232 141 56 135 190 25 80 116 188 146 96 72 135 59 59 145 19 24 2 209 12 20 58 234 152 0 129 153
2 205 10 158 20 135 130 230 22 9 88 2 48 248 49 64 216 106 19 193 98 168 18 255 33 38 138 8 16 27 48 138
2 184 51 154 235 197 176 199 142 93 88 39 172 158 98 8 205 59 147 145 18 11 18 241 29 20 154 235 144 12 165 219
38 162 8 153 220 131 168 200 22 48 208 131 192 200 122 64 89 136 51 149 22 114 79 215 28 6 143 109 157 8 120 130
99 48 113 64 101 29 248 16 105 104 180 72 138 25 148 180 206 148 94 8 133 98 244 192 23 216 0 50 79 136 74 165
38 162 4 153 221 147 170 200 22 53 80 147 224 200 122 64 89 10 130 149 54 114 79 151 28 6 143 111 21 12 184 134
105 48 113 64 101 29 113 16 105 8 52 40 30 27 132 52 134 148 68 8 137 96 240 192 199 217 32 146 66 128 66 39
17 143 75 191 20 131 75 252 86 1 216 198 115 225 184 64 89 234 14 172 170 171 15 191 248 175 171 8 52 138 112 168
50 32 64 141 77 25 240 72 111 164 240 11 10 136 86 130 104 205 230 1 12 115 197 208 22 24 131 51 101 12 90 134
50 32 4 137 79 75 176 72 158 180 240 11 68 200 98 0 249 141 235 145 14 115 75 209 29 0 143 63 21 12 60 194
105 48 113 100 101 29 81 16 105 168 180 40 158 27 196 54 134 212 76 8 137 98 240 192 199 249 33 50 66 128 66 39
3 143 2 158 20 147 170 230 86 0 90 198 96 224 180 196 121 106 2 141 167 184 12 255 32 46 138 128 29 10 120 140
3 142 2 158 21 145 170 236 86 1 88 247 96 234 190 196 89 106 170 133 38 139 15 255 40 38 154 73 28 14 184 140
72 48 56 96 32 76 81 16 105 8 52 40 159 23 0 48 132 21 221 8 136 96 176 0 195 249 32 144 66 128 71 51
105 48 113 64 101 29 113 16 105 8 52 40 158 27 132 52 134 148 76 8 137 96 240 192 199 249 32 18 66 128 66 39
17 148 25 251 30 167 3 127 22 1 76 66 245 247 40 96 93 59 18 136 19 152 123 191 237 174 154 96 48 8 33 169
17 143 3 190 20 131 174 246 86 0 90 198 113 226 176 64 121 106 2 207 235 152 12 191 160 174 170 0 60 138 112 136
66 184 153 240 137 237 17 71 171 31 160 25 174 151 64 26 161 59 239 16 18 79 178 243 153 213 90 123 128 64 135 187
107 34 112 65 109 25 232 80 105 40 244 72 139 8 148 180 202 132 86 8 140 114 228 192 22 88 0 50 79 140 90 133
38 160 68 155 221 211 178 200 22 116 208 135 192 200 122 192 89 138 163 149 54 115 95 247 28 6 143 111 149 12 60 214
104 48 56 96 33 77 81 16 105 168 52 8 159 23 0 48 132 148 93 8 136 96 240 0 195 217 33 176 66 128 70 51
131 159 146 158 179 180 190 175 30 11 75 113 236 126 40 192 151 115 179 163 118 8 8 255 45 54 31 195 152 70 169 15
237 69 123 101 116 14 107 48 113 136 127 72 219 65 145 48 50 236 68 106 161 176 161 14 231 237 33 0 99 179 66 33
17 143 10 190 20 131 174 230 86 0 90 198 113 226 176 192 89 106 2 207 239 184 12 191 160 46 170 0 61 138 120 140
105 32 113 64 109 29 248 80 105 232 244 72 138 9 212 182 206 196 86 8 133 114 244 192 22 216 1 50 79 140 90 133
3 143 2 158 20 131 174 230 86 0 90 198 96 224 180 228 89 106 2 207 231 184 12 255 40 46 138 128 29 14 120 140
146 207 11 190 146 192 134 167 20 70 72 179 52 38 32 65 97 99 1 193 118 200 4 63 104 38 190 128 21 80 181 90
38 162 4 155 221 147 170 200 22 53 208 147 224 200 122 192 89 138 131 149 22 114 79 247 28 6 143 111 213 12 248 134
105 48 113 64 101 29 113 16 105 168 180 40 154 25 212 52 142 148 76 8 137 98 240 192 199 217 37 50 66 128 66 39
58 157 97 205 31 243 91 127 23 101 220 162 123 117 160 228 89 186 159 136 27 186 117 159 251 255 146 211 55 142 212 126
32 217 126 217 124 195 243 246 198 12 126 34 48 221 180 96 74 58 23 72 194 169 98 253 102 47 162 193 85 152 116 171
35 142 2 155 220 145 138 236 86 1 88 215 96 232 188 196 89 42 2 149 166 186 79 191 60 6 159 72 29 14 184 140
41 178 184 121 105 189 241 91 126 29 117 28 156 218 222 184 189 11 134 28 150 58 162 81 79 223 50 239 218 8 203 131
93 48 147 113 33 60 80 18 233 187 167 28 159 19 64 187 133 21 236 24 25 244 144 0 203 217 112 118 202 5 75 35
104 48 56 96 33 77 81 16 105 168 52 8 159 23 64 48 132 148 93 8 136 96 240 0 195 217 33 176 66 128 66 35
34 157 83 72 219 210 182 111 239 65 232 32 56 218 164 244 254 187 194 128 87 171 36 223 50 244 2 75 91 2 175 141
34 160 70 153 79 203 176 200 30 180 240 11 192 200 98 0 217 141 235 145 14 114 91 209 29 18 143 127 21 12 125 198
98 32 112 201 109 25 248 72 111 164 240 139 138 8 86 130 234 205 198 5 132 114 197 208 22 24 3 57 69 140 91 134
53 162 5 187 220 131 235 200 22 53 208 194 241 193 248 64 89 138 2 189 59 114 79 183 124 134 175 108 181 136 112 160
3 142 2 158 148 147 138 236 86 1 88 215 96 224 188 196 89 74 2 133 166 170 15 191 40 38 159 73 28 14 184 140
97 32 120 65 108 29 248 80 105 224 180 72 155 8 212 48 202 132 70 8 140 114 244 192 23 216 1 50 79 136 90 133
1 142 2 159 20 129 170 236 86 1 88 215 97 234 186 192 89 106 2 133 38 186 79 191 40 38 187 200 28 14 184 140
105 48 113 64 101 29 113 16 105 72 52 72 30 29 132 52 140 148 214 8 137 96 240 192 71 217 32 18 66 128 66 39
53 130 72 153 156 147 74 216 86 33 208 210 227 193 248 64 89 138 38 156 46 50 79 159 140 142 167 108 53 136 248 128
97 32 113 68 108 29 248 16 105 168 240 72 154 9 212 50 206 196 70 8 129 114 244 192 22 152 33 48 79 136 82 165
39 98 82 24 109 153 232 192 239 17 112 217 138 200 253 158 139 9 194 93 134 118 134 240 6 88 82 107 218 157 75 132
35 142 10 191 92 131 170 236 86 1 88 215 97 200 56 64 89 10 3 133 38 50 78 191 60 38 187 236 29 10 184 140
32 104 247 85 72 109 99 18 116 134 226 0 179 183 133 62 8 252 98 72 9 246 243 40 5 184 80 0 65 241 70 168
146 221 0 190 147 192 150 167 30 71 72 147 100 108 34 193 249 115 147 129 118 8 28 255 41 38 158 67 21 86 189 94
96 189 59 94 104 237 113 247 235 25 120 8 54 255 36 17 165 179 119 0 18 107 186 117 223 184 112 106 81 2 230 155
129 34 153 225 108 45 233 80 78 176 116 72 151 131 209 43 78 40 66 76 1 118 242 0 197 137 99 40 64 169 67 160
1 34 25 249 36 47 105 91 86 185 85 82 151 131 240 104 90 8 6 28 155 180 103 144 196 136 115 100 180 136 81 161
66 170 139 176 235 225 57 194 158 23 128 183 140 135 98 74 231 51 235 148 18 79 162 242 217 23 219 235 148 69 181 99
35 142 2 155 92 145 138 236 86 1 88 211 96 232 190 196 89 42 2 141 166 186 79 191 60 6 155 8 29 14 184 140
69 184 155 88 203 236 49 194 251 27 96 60 28 147 100 59 167 187 114 16 19 111 146 97 95 152 82 106 200 65 35 179
130 205 1 158 147 192 182 167 20 65 72 243 228 44 32 192 193 115 131 193 118 8 8 63 40 38 158 131 20 86 189 94
109 4 117 71 53 62 107 48 105 160 235 8 219 57 29 180 30 228 72 42 137 176 125 204 71 254 0 16 98 235 66 36
105 48 113 64 101 29 113 16 105 168 180 104 26 25 212 52 142 148 68 8 137 98 240 192 199 217 33 50 66 128 66 39
14 162 2 154 27 241 48 203 158 21 73 179 236 194 106 200 241 11 163 149 22 0 10 245 140 22 155 111 144 14 173 198
156 220 51 251 177 215 95 246 87 72 254 18 123 247 161 100 85 122 30 90 235 172 57 191 227 254 6 2 50 153 100 59
34 111 104 58 124 153 222 238 87 44 220 143 99 232 55 0 220 235 71 69 238 42 78 63 126 29 37 187 85 218 94 207
18 169 146 186 157 229 184 199 158 17 200 2 172 254 96 64 233 59 27 145 18 43 26 241 185 213 158 107 144 74 161 138
155 207 0 158 147 144 22 167 21 2 200 211 108 98 32 197 113 99 136 193 126 201 12 191 168 102 158 131 62 86 185 12
97 32 114 65 109 29 248 64 105 160 240 74 138 136 84 182 234 197 70 12 132 114 240 192 22 24 1 50 79 140 74 133
38 160 12 153 205 131 176 200 22 180 208 139 192 200 122 64 249 9 107 149 6 115 79 145 156 2 143 127 213 8 28 134
105 48 121 64 100 93 120 80 105 8 180 104 26 27 132 54 166 212 70 8 129 96 240 192 23 248 0 18 74 136 66 165
49 134 77 255 28 131 75 248 86 17 220 214 115 225 184 65 89 202 46 172 171 242 111 191 248 175 163 68 53 138 240 168
34 42 82 129 101 153 232 64 237 36 242 11 140 138 22 130 170 237 198 5 4 243 196 192 22 56 138 3 69 12 107 134
50 32 12 169 79 75 176 72 30 164 240 3 197 136 98 64 248 157 235 129 12 243 75 144 157 193 143 51 21 12 117 194
105 48 113 64 109 29 120 16 105 104 180 72 138 29 212 182 142 212 86 8 129 98 240 192 23 216 1 50 75 140 66 165
51 134 4 155 93 147 170 232 22 17 208 211 224 200 58 196 89 10 138 165 46 242 79 255 172 6 155 117 29 12 184 132
104 48 56 96 32 77 81 16 105 168 54 40 159 31 64 50 134 85 221 8 8 96 224 0 195 249 33 177 98 128 70 35
210 65 28 181 8 78 53 32 172 180 130 17 212 18 3 67 128 85 105 99 96 197 83 76 225 32 107 16 0 32 5 74
1 145 29 251 30 167 49 127 22 49 205 2 245 247 40 96 93 26 26 152 19 152 123 157 205 174 27 100 48 8 129 168
153 141 7 190 20 134 79 246 212 0 202 198 113 227 176 101 120 234 10 238 233 185 28 191 160 238 130 0 63 136 112 168
99 34 114 193 109 25 248 64 233 32 240 10 138 136 22 178 234 197 86 13 132 114 196 192 22 88 2 33 79 140 91 132
54 160 68 185 141 91 176 200 22 244 208 143 194 204 114 0 217 136 235 149 14 243 95 145 157 195 143 63 213 12 124 214
88 48 56 96 33 77 81 16 41 168 54 40 159 31 64 18 134 213 221 0 8 64 224 0 219 249 37 179 98 128 70 35
135 141 158 155 185 166 190 175 158 19 11 17 236 234 42 65 149 75 43 51 118 73 26 247 173 54 95 87 152 67 169 6
32 175 105 190 124 201 207 239 94 236 88 175 178 204 54 0 219 170 71 5 238 58 110 63 116 4 165 184 85 152 214 219
145 143 70 190 20 131 238 242 212 2 218 198 113 226 176 97 120 234 2 239 237 153 14 191 224 166 170 0 61 138 112 140
54 162 12 153 221 195 154 200 22 180 208 135 193 200 122 64 89 137 235 181 46 99 95 159 188 6 143 127 149 12 60 198
32 91 94 237 118 131 122 118 133 12 122 231 37 143 161 64 78 187 135 64 192 184 0 189 102 231 32 130 61 136 108 153
59 145 113 203 31 215 90 121 87 105 253 102 42 220 180 228 92 186 150 216 159 186 117 157 255 253 128 211 63 142 244 255
45 162 184 105 109 189 249 91 110 125 125 45 142 217 202 24 190 9 134 28 150 50 226 209 78 221 51 237 210 134 79 195
144 204 119 223 176 199 87 230 223 74 242 50 114 247 165 101 215 250 31 72 107 237 107 255 227 190 22 146 18 217 36 63
17 141 120 24 219 241 146 111 255 1 236 32 58 250 38 48 250 187 194 144 30 43 22 223 186 221 18 75 217 0 171 142
50 32 12 169 15 75 176 72 30 180 242 139 199 200 66 64 249 157 239 129 12 243 91 144 157 195 175 55 53 8 61 194
34 32 98 137 77 153 248 72 239 164 240 11 143 136 86 128 234 173 207 1 4 243 196 208 22 88 131 51 69 12 95 134
45 160 5 185 220 195 235 216 22 244 208 198 209 195 120 64 89 136 122 189 43 242 127 159 205 135 143 116 181 136 48 240
97 32 120 193 108 29 248 64 233 32 240 10 154 136 20 48 234 141 87 9 132 115 244 192 23 24 3 32 77 136 83 132
29 134 4 187 220 131 170 232 22 17 216 211 225 232 56 193 89 74 10 181 54 242 79 191 172 6 159 116 61 12 184 132
105 48 113 64 109 29 120 16 105 168 180 72 138 25 212 182 138 196 86 8 137 114 240 192 23 216 1 50 75 136 66 165
53 162 72 137 204 3 232 200 86 180 208 138 195 200 240 64 89 136 34 157 14 242 79 153 156 130 135 108 245 136 80 128
97 32 113 65 100 29 232 80 105 32 240 72 154 24 148 48 238 133 86 8 129 114 240 192 22 24 0 48 79 136 66 165
49 134 12 187 92 131 138 200 22 17 208 211 225 200 56 65 89 10 34 165 38 227 79 191 172 6 143 124 61 8 184 128
160 48 245 93 40 127 97 22 124 138 98 8 179 55 133 187 8 60 110 8 41 240 243 8 5 249 112 0 65 112 70 168
246 109 98 34 205 25 214 192 131 38 168 11 10 136 95 22 232 131 203 67 78 35 210 146 243 209 0 59 99 94 222 198
146 221 12 190 147 196 150 175 150 87 73 19 228 118 42 65 209 115 185 163 118 73 26 191 233 35 222 67 16 86 189 90
66 58 171 184 203 224 57 70 154 151 64 191 172 135 97 88 231 187 171 144 18 95 178 242 221 23 218 235 144 68 37 122
105 48 113 64 101 93 120 16 105 72 180 8 10 29 148 182 174 212 86 8 129 96 240 192 23 216 0 18 75 140 66 165
1 0 253 233 36 175 105 18 118 117 103 80 147 3 176 104 82 8 42 28 155 184 117 16 197 140 50 68 176 137 64 96
51 134 12 155 92 131 138 200 86 21 208 147 224 200 58 192 89 10 10 165 38 227 79 191 172 6 159 125 21 12 184 132
33 58 147 80 101 173 161 86 106 25 112 76 156 152 229 188 167 43 102 28 147 122 130 80 29 24 50 234 200 0 99 173
154 223 5 190 147 144 134 173 150 19 201 247 101 96 56 197 89 99 153 227 127 73 12 191 168 98 206 145 61 94 185 28
61 64 50 71 5 30 98 208 97 160 231 10 91 89 29 180 120 236 112 106 140 178 217 168 23 253 128 16 107 47 90 38
105 32 113 64 101 93 112 80 105 168 244 8 10 25 212 182 142 212 70 8 129 114 240 192 23 216 1 50 74 136 66 165
10 160 2 168 59 241 176 203 142 29 220 163 172 198 106 196 211 9 139 145 22 11 10 209 136 85 139 239 146 14 45 210
7 134 12 187 220 131 130 232 22 21 209 211 96 232 58 65 89 74 42 181 38 227 79 191 44 6 159 125 149 10 184 140
10 152 6 187 27 213 50 133 175 29 207 37 236 246 42 212 197 59 249 144 22 137 26 245 139 119 26 211 146 6 173 95
92 48 148 112 169 252 80 2 235 59 181 56 142 159 68 190 167 147 252 16 30 105 178 192 155 217 80 127 194 69 15 7
152 207 15 190 158 130 7 182 148 74 202 247 115 96 176 65 73 226 12 239 233 205 14 63 224 163 238 144 53 248 180 88
99 32 113 64 101 93 120 80 105 8 116 8 10 27 132 54 166 212 70 8 129 112 240 192 23 248 0 2 74 136 66 39
129 143 78 158 20 134 174 226 212 2 90 198 113 226 180 97 121 106 10 239 165 185 14 255 32 46 170 0 29 40 120 140
41 160 5 137 77 79 233 200 22 240 208 14 211 193 112 228 121 140 123 141 11 243 127 153 157 146 143 52 63 136 80 240
97 32 123 65 108 9 248 80 105 160 112 10 30 154 212 50 174 221 70 8 129 115 176 192 23 152 35 34 77 136 67 165
53 130 77 185 220 131 201 216 22 49 208 194 209 193 184 96 89 138 42 172 43 242 111 149 220 138 175 124 61 136 112 160
99 32 115 65 103 89 248 64 233 160 112 74 14 153 212 182 170 221 70 8 129 114 144 192 23 24 3 34 79 136 67 165
16 134 4 187 28 3 130 232 22 49 192 215 227 96 58 65 89 194 106 165 46 225 79 191 172 38 203 117 16 8 184 0
98 32 115 69 103 89 240 64 233 160 112 10 14 153 84 182 170 221 70 8 1 112 144 192 23 24 3 35 79 136 67 166
48 132 12 185 28 7 202 232 22 52 192 3 195 200 58 65 217 128 107 165 46 225 79 157 173 34 203 117 21 8 56 6
145 141 7 222 20 134 111 234 213 2 202 66 113 227 48 101 120 238 42 238 105 185 31 191 176 174 195 0 59 170 112 44
33 134 4 185 28 7 202 232 22 49 208 71 195 99 56 193 89 200 106 173 42 227 91 157 236 130 207 124 57 40 56 128
1 40 114 149 103 153 248 64 253 36 114 11 140 200 54 148 234 109 194 5 132 241 132 192 22 120 2 35 69 12 107 135
24 32 12 169 29 75 120 72 31 228 146 131 207 12 18 64 249 141 239 129 12 241 91 156 205 211 143 51 52 12 29 82
72 48 120 96 98 73 121 16 41 172 180 40 159 31 192 22 166 213 205 0 0 96 224 192 215 249 33 179 98 128 71 35
42 134 4 185 29 19 202 200 22 49 208 195 193 200 58 197 89 136 235 165 46 227 79 157 172 66 207 125 31 12 56 128
1 32 122 245 71 201 249 64 252 164 114 10 156 218 116 16 250 109 66 9 0 241 144 192 85 25 3 33 69 8 99 162
145 140 7 191 28 130 111 248 84 2 210 70 113 226 176 101 121 234 46 238 105 153 15 191 176 174 235 0 61 234 112 12
145 12 78 191 20 134 238 112 212 66 210 70 113 226 176 97 120 230 42 238 237 245 29 191 224 175 227 0 61 184 120 0
52 132 12 169 156 11 162 200 30 180 146 3 195 64 114 64 217 132 111 181 42 241 91 157 141 146 143 53 20 8 16 130
50 132 4 153 29 23 138 232 23 49 208 19 195 200 58 197 217 128 238 181 46 225 79 159 172 214 207 119 21 12 152 134
88 48 120 96 34 72 89 16 41 140 54 40 159 31 128 82 166 213 253 0 128 64 128 128 211 249 32 131 98 128 7 35
99 32 115 65 101 89 248 64 105 0 116 10 30 152 148 180 174 157 86 8 133 115 176 192 23 216 2 2 71 136 67 167
97 32 113 68 109 29 232 16 105 168 176 72 138 25 212 182 202 196 78 8 133 114 240 192 23 216 1 50 79 136 74 135
33 32 122 193 101 153 248 64 233 160 114 10 140 138 118 146 234 109 70 5 132 241 148 192 23 24 3 35 77 8 75 134
54 128 12 169 157 75 194 200 30 176 146 131 195 72 80 192 217 132 111 181 44 225 91 156 141 210 143 117 21 8 20 18
18 34 86 177 101 155 184 64 252 44 242 135 141 200 54 128 250 109 238 1 4 241 128 192 148 209 170 163 69 12 111 199
2 42 94 145 102 139 184 64 252 4 114 199 140 202 54 0 250 45 106 1 4 241 134 192 148 112 138 3 68 8 41 134
86 177 158 240 171 249 16 194 171 25 181 56 142 158 78 190 167 19 236 16 22 75 130 208 155 209 90 255 192 1 143 7
107 32 113 64 101 89 248 80 105 0 244 8 138 26 148 182 170 213 86 8 133 114 244 192 23 216 0 18 79 140 75 165
1 50 147 90 98 157 176 87 106 89 120 100 188 218 228 188 174 43 6 28 131 58 130 81 12 28 50 234 219 4 99 189
145 75 71 76 16 134 238 118 164 128 250 198 49 131 181 192 108 160 14 236 201 139 20 77 176 172 170 128 105 176 97 56
36 160 69 153 204 139 224 200 86 176 208 202 193 193 116 64 89 236 98 152 10 242 95 157 29 2 135 100 245 136 112 160
1 32 122 193 100 137 248 64 125 160 114 10 157 139 116 48 250 109 70 13 129 240 148 192 20 152 3 32 77 136 75 160
12 50 242 105 102 169 249 90 111 109 125 175 143 141 242 20 62 9 7 28 150 48 166 208 86 220 35 237 247 143 71 243
24 2 12 169 44 75 80 8 14 164 210 163 215 10 2 64 234 149 239 129 44 241 73 156 220 243 171 145 52 8 29 66
130 149 12 191 153 199 151 173 150 87 201 17 228 118 42 67 209 83 249 163 126 73 123 63 233 51 223 87 16 98 181 74
106 176 137 216 75 229 57 95 26 85 68 159 60 151 104 120 229 155 179 144 3 90 178 209 93 133 218 170 152 64 165 250
202 94 134 23 227 56 52 167 57 158 86 177 172 62 135 159 167 119 161 3 116 220 131 226 102 115 94 131 134 116 143 31
52 80 124 110 108 75 83 120 67 108 181 40 83 93 14 48 152 216 213 98 8 35 123 29 83 139 97 61 113 171 70 243
74 184 158 186 251 241 49 71 174 21 4 181 172 151 98 88 167 59 235 144 18 73 178 241 207 215 26 107 146 4 167 251
216 95 123 238 54 130 187 112 84 12 214 226 177 155 177 65 110 60 31 202 232 189 37 174 242 233 162 128 21 155 117 41
253 94 199 62 140 18 78 242 145 194 206 206 115 229 177 199 93 230 108 238 233 199 62 47 178 239 229 152 47 255 120 120
219 215 4 158 139 18 6 173 148 82 193 247 97 98 186 199 85 230 168 231 239 207 31 191 184 34 221 146 62 126 184 28
59 145 120 203 127 151 218 73 71 97 237 6 59 220 62 228 254 184 147 220 159 186 93 157 127 221 128 98 63 143 120 150
26 59 0 169 59 243 16 74 15 109 156 167 140 134 226 196 234 9 207 149 30 11 71 213 154 213 171 247 150 12 45 215
16 12 211 101 50 234 97 19 61 133 106 96 191 55 0 148 34 62 102 24 16 184 65 14 13 230 48 66 226 128 71 43
37 128 69 201 220 131 99 248 86 48 212 66 209 225 248 100 89 204 42 188 43 114 111 151 28 14 167 116 61 136 80 160
17 134 4 169 29 15 192 232 14 48 146 71 198 8 48 192 201 132 110 45 46 225 75 157 156 146 203 20 28 8 24 0
18 32 114 65 103 89 240 64 233 32 112 10 12 152 84 180 170 141 66 0 5 241 132 192 22 24 3 35 69 8 107 134
104 32 112 65 109 89 248 64 105 32 240 8 139 26 84 182 234 205 198 1 132 115 212 192 23 248 3 51 71 8 75 134
27 132 4 173 29 27 192 168 94 176 146 11 199 72 18 197 217 132 238 53 46 225 89 157 156 210 207 87 56 12 24 6
72 50 120 96 98 9 120 80 41 172 182 169 143 27 192 18 166 213 239 0 0 97 128 192 214 249 37 163 98 128 15 3
80 128 12 169 29 79 64 232 134 52 130 3 198 64 50 65 201 132 111 165 46 97 91 157 157 34 203 117 16 8 28 66
17 140 7 222 28 135 70 232 87 2 202 2 112 224 56 100 121 234 42 170 107 187 15 191 177 46 147 8 48 42 112 44
18 32 115 81 102 75 248 64 249 0 114 34 28 154 52 48 186 221 70 128 129 241 132 192 21 8 2 3 69 8 99 135
19 32 118 145 103 219 184 64 253 4 114 3 205 202 54 132 186 109 110 5 4 241 36 200 148 210 10 3 69 12 47 199
18 0 12 165 61 75 64 40 175 224 146 131 207 46 18 67 227 197 127 37 44 225 73 156 141 243 207 17 52 40 21 82
104 48 113 64 98 89 121 80 105 168 180 168 10 31 212 52 46 148 95 8 128 99 224 192 87 216 1 51 103 128 70 167
37 132 12 169 157 15 96 200 22 184 210 70 194 97 48 64 89 196 106 173 40 241 91 157 157 130 207 116 24 8 88 128
16 32 91 241 70 203 232 64 252 32 114 2 29 203 244 0 122 237 98 137 0 243 134 192 20 136 3 40 101 136 99 128
17 140 7 190 28 131 106 236 86 1 210 198 243 224 184 193 89 234 42 140 43 154 79 191 180 38 243 8 60 170 112 44
19 32 87 145 102 203 184 64 252 32 114 2 204 218 36 32 190 109 78 129 4 241 132 192 148 178 11 3 69 8 99 135
32 168 11 153 92 143 224 200 86 160 210 2 208 192 112 128 121 172 34 152 3 242 93 222 29 6 135 36 93 8 80 160
97 32 112 97 109 29 240 64 105 40 176 72 139 24 84 176 202 133 70 8 140 98 224 192 22 217 1 51 79 140 90 135
46 162 4 169 157 19 200 200 143 48 144 139 194 200 58 196 201 132 239 165 14 99 75 149 156 83 143 125 23 12 24 6
24 32 119 177 71 203 185 64 252 132 118 2 156 219 114 4 122 105 106 9 0 241 162 192 85 9 3 1 71 8 103 226
41 40 7 217 77 223 225 72 223 240 214 2 210 149 112 228 105 172 123 9 9 243 123 220 159 18 143 52 30 12 85 246
27 50 86 161 7 31 184 72 252 68 242 199 205 202 54 192 254 77 238 133 132 241 151 200 148 227 10 3 109 4 43 215
82 179 154 176 171 141 56 67 171 29 176 57 142 154 100 26 167 19 237 17 22 75 130 209 153 208 26 251 192 0 175 135
157 72 207 231 34 98 107 80 36 202 119 96 93 23 177 123 38 228 60 238 169 149 37 106 212 171 226 128 45 243 33 33
19 34 30 189 70 139 184 72 124 0 242 199 237 202 50 64 126 45 110 133 36 241 7 204 148 34 170 0 45 0 41 133
2 43 115 193 118 175 233 83 47 37 121 199 140 139 116 4 190 41 23 157 146 184 0 208 29 28 2 98 245 130 103 225
151 20 95 174 6 66 43 96 172 64 195 135 93 222 42 99 126 181 59 231 105 149 53 204 209 163 202 0 45 163 33 112
35 183 170 72 253 53 201 223 83 89 188 92 178 172 118 36 205 10 23 28 155 43 98 151 43 92 180 252 219 200 242 253
82 2 6 165 44 11 104 0 173 164 210 203 207 35 0 86 226 196 111 33 40 209 65 204 148 178 203 17 48 40 21 0
131 155 68 153 60 155 184 23 143 117 146 247 172 136 182 197 78 35 206 85 150 137 71 213 142 16 154 211 30 140 25 93
239 151 4 159 153 23 14 173 151 123 193 245 192 96 186 231 85 70 248 103 255 69 95 191 168 114 205 214 30 124 152 84
1 178 210 24 96 156 184 83 234 89 120 84 172 202 246 180 174 11 22 29 151 58 166 193 4 24 58 234 218 132 235 181
206 133 61 191 137 199 23 173 158 63 15 17 196 119 42 67 145 87 233 35 114 72 123 183 237 115 93 95 146 117 149 98
201 136 55 241 173 237 113 146 239 21 102 16 223 147 224 127 227 18 126 24 18 124 51 209 207 251 82 68 146 129 69 98
74 184 190 186 91 213 57 71 175 85 68 177 172 215 98 92 167 59 251 144 18 73 178 241 223 81 26 107 146 4 175 251
6 126 130 22 243 176 190 134 59 142 88 229 108 238 199 158 183 123 161 23 164 212 138 234 46 86 125 171 142 119 171 159
40 32 112 225 45 25 248 64 104 32 240 8 143 10 20 178 234 205 206 1 12 242 197 192 134 217 35 17 69 8 75 130
80 0 4 173 45 27 64 40 47 176 146 75 199 40 16 194 193 196 108 37 44 97 207 157 140 243 207 23 52 44 25 6
98 34 90 96 104 8 120 80 41 164 246 137 11 11 132 86 46 213 79 136 8 83 192 192 86 248 1 169 99 128 102 131
72 8 156 249 45 232 48 6 175 21 134 16 174 147 96 74 193 19 235 16 2 77 195 241 199 243 82 83 146 9 13 42
32 140 1 158 93 193 66 236 86 1 208 82 98 240 44 224 217 202 34 0 46 58 75 183 60 54 151 74 16 8 240 140
10 176 62 154 75 213 57 72 175 85 133 145 172 215 106 88 166 27 251 144 18 11 186 241 95 81 26 107 18 4 39 250
18 38 126 145 18 139 184 96 252 132 114 131 205 202 36 64 54 53 111 165 36 241 5 204 148 226 74 3 101 0 37 133
80 0 31 165 46 75 120 32 173 160 146 131 207 46 48 66 162 197 111 37 32 241 1 220 148 242 75 17 36 40 5 3
98 48 113 68 108 89 248 80 105 32 244 8 155 27 148 52 174 149 70 136 136 114 244 192 23 248 3 42 71 128 102 166
212 207 28 182 138 67 23 168 214 182 130 24 196 226 3 75 113 116 104 98 116 85 203 60 253 163 111 21 32 112 133 2
130 222 156 53 146 226 52 135 190 151 10 177 164 54 3 75 135 115 139 16 54 204 1 107 109 39 126 3 128 80 133 219
33 130 5 159 92 3 66 232 86 113 208 70 243 224 184 224 89 206 42 45 43 50 95 191 156 38 231 76 28 168 112 160
213 20 15 172 7 102 107 96 164 66 199 6 81 247 57 97 120 161 59 238 41 135 50 206 209 170 202 0 41 107 48 114
255 73 106 178 140 144 206 240 129 198 157 175 83 237 247 43 110 226 149 255 205 35 174 170 250 73 173 184 191 255 122 84
131 95 255 81 242 114 189 150 120 211 94 246 60 62 151 173 39 119 147 188 181 220 37 238 46 62 126 194 143 213 171 253
214 148 223 229 162 98 61 47 41 83 15 182 221 55 136 91 39 213 125 168 177 212 181 194 212 171 222 196 173 224 161 112
10 32 55 210 77 223 177 64 223 160 246 2 204 220 100 228 248 184 250 0 0 243 51 244 31 18 3 35 82 12 117 230
24 32 118 217 79 193 185 72 239 4 246 2 44 219 38 20 106 185 234 129 2 243 162 193 85 225 138 11 103 8 103 226
106 162 12 168 77 27 208 200 15 180 210 15 198 200 66 208 201 132 239 149 14 99 75 145 158 83 141 63 30 12 24 2
105 32 112 225 45 25 240 0 105 32 176 72 139 8 84 144 202 133 206 1 140 98 192 192 134 217 3 51 77 12 75 134
32 32 14 155 92 207 163 64 94 160 82 2 240 192 52 64 121 40 42 9 1 241 26 254 29 7 175 0 85 8 120 162
16 32 90 152 78 203 161 72 124 0 242 2 125 200 52 0 122 169 2 137 2 243 7 193 20 8 35 9 101 8 97 128
65 0 6 185 77 143 96 88 94 176 210 78 198 241 34 64 121 236 42 60 37 241 27 156 157 162 199 100 24 40 88 130
83 120 82 20 3 152 58 2 169 192 130 141 172 158 7 244 166 245 249 199 197 137 148 232 178 112 10 10 14 53 43 92
48 121 121 69 106 75 215 190 2 232 62 42 19 21 197 52 62 212 85 104 65 48 97 28 103 141 37 180 101 185 70 251
206 156 188 191 169 203 23 170 158 190 70 57 204 247 40 79 145 119 235 115 112 73 203 183 237 83 77 255 146 117 133 99
16 32 87 237 78 75 168 64 236 0 242 2 157 202 4 144 106 157 74 129 1 243 215 192 21 160 10 1 101 8 39 128
72 0 119 80 111 249 97 7 239 17 102 16 156 147 229 127 35 24 122 24 2 60 178 208 95 217 82 73 146 128 69 42
64 0 14 189 77 207 97 104 158 180 194 11 198 144 98 64 249 164 107 1 8 115 219 157 221 34 203 21 16 8 20 66
3 168 35 25 60 189 168 91 239 81 120 84 156 138 214 166 143 11 82 29 151 41 182 209 14 24 18 108 222 132 107 212
231 220 133 159 233 22 14 188 27 122 81 253 200 254 190 239 215 71 181 231 245 86 223 247 46 126 253 254 158 117 152 85
