2 141 2 158 21 195 178 230 22 0 74 2 96 250 32 64 89 106 19 128 34 152 10 255 33 38 138 3 20 10 52 138
36 160 0 137 204 11 160 200 22 180 208 139 192 192 96 64 121 136 35 145 2 242 79 145 28 0 143 61 213 8 20 130
104 48 56 96 32 77 81 16 105 136 52 8 159 23 0 48 132 20 93 8 136 96 176 0 195 249 32 16 64 128 66 35
6 161 161 153 149 240 180 7 94 141 75 16 140 240 68 228 209 59 162 17 22 152 99 196 45 52 158 67 146 78 149 102
132 73 154 155 180 133 166 198 30 8 80 2 164 200 49 72 217 106 19 83 98 190 10 255 44 22 143 40 148 57 49 136
32 34 96 193 108 25 232 64 77 32 240 11 138 8 22 130 234 197 87 5 132 114 196 192 22 24 130 49 69 140 90 132
34 32 4 137 77 3 160 72 22 180 240 139 192 200 114 64 121 136 227 149 6 114 79 145 28 0 143 63 21 12 124 130
72 48 56 96 33 93 81 16 105 136 52 8 159 23 0 48 132 21 221 8 136 96 176 0 195 249 32 16 66 128 67 35
237 16 255 69 36 46 121 16 105 136 118 72 155 19 149 123 132 180 76 106 137 180 161 72 195 249 96 128 74 161 66 33
3 143 67 222 20 131 174 242 86 0 90 70 112 224 180 228 88 106 2 207 135 184 12 255 32 46 130 128 29 138 112 172
129 134 128 187 20 179 138 79 86 1 80 86 97 202 184 192 89 10 2 157 182 190 79 159 44 6 186 200 156 12 184 140
104 48 56 96 32 77 81 16 105 136 52 8 159 23 0 48 132 20 93 8 136 96 176 0 195 249 32 16 64 128 66 35
39 134 0 154 95 179 130 233 22 19 89 147 100 232 42 192 217 11 130 167 54 34 14 151 24 6 139 111 21 110 184 134
17 143 67 138 20 163 170 119 86 1 90 230 113 224 180 228 120 42 6 188 155 184 4 191 40 46 171 192 189 138 120 172
77 19 253 101 180 46 107 25 108 232 127 100 211 35 153 114 22 68 124 124 145 240 237 76 238 253 33 132 200 163 67 113
2 141 2 158 20 131 170 230 22 0 90 2 96 234 48 64 89 106 19 129 34 152 10 255 32 38 138 128 20 10 48 136
104 48 56 96 33 77 81 16 105 136 52 8 159 23 0 48 132 21 93 8 136 96 176 0 195 249 32 16 66 128 66 35
109 96 251 103 36 46 107 16 96 136 119 72 219 83 153 59 22 196 76 106 137 244 233 8 199 233 97 132 98 179 66 33
2 140 10 158 20 163 170 226 22 1 90 2 112 234 48 64 89 106 19 129 34 136 10 255 40 38 186 200 148 11 48 136
34 160 20 155 236 41 184 143 30 49 49 24 140 8 88 8 151 11 119 17 18 120 75 209 12 16 31 254 148 8 145 129
96 32 49 64 8 73 81 0 96 36 36 8 18 21 0 50 0 84 64 8 8 96 224 0 65 136 0 48 64 8 70 34
64 48 17 96 0 76 65 16 32 0 34 8 150 23 64 112 0 20 104 8 1 64 177 0 129 160 1 0 64 0 6 34
248 65 102 236 12 2 78 48 229 130 178 10 75 11 53 83 106 197 125 226 232 199 1 140 178 235 198 144 39 184 112 0
2 142 2 158 23 195 146 230 22 5 74 163 96 234 34 64 91 123 131 129 34 168 10 255 32 38 154 11 20 14 60 138
72 48 56 96 32 77 81 16 105 136 52 8 159 23 0 48 132 20 93 8 136 96 176 0 195 249 32 16 66 128 66 35
194 164 144 152 203 233 56 71 191 23 136 25 140 182 98 91 163 19 235 145 50 79 130 243 157 22 26 123 144 68 133 66
53 203 64 14 4 129 206 252 64 128 208 206 115 96 185 32 92 226 20 238 201 34 12 61 48 8 165 144 125 187 248 8
72 48 56 96 32 77 81 16 105 136 52 8 159 23 0 48 132 20 93 8 136 96 176 0 195 249 32 16 66 128 66 35
2 141 2 158 20 131 170 230 22 0 90 2 96 234 48 64 89 106 19 129 34 184 10 255 32 38 138 128 20 14 48 136
49 79 106 222 84 147 238 117 212 128 248 230 113 232 181 224 120 232 22 239 201 179 12 191 50 47 167 136 125 186 248 172
2 185 146 153 252 165 184 199 158 25 88 50 172 250 96 72 239 59 51 145 18 216 130 241 13 20 158 234 144 72 161 139
3 143 3 158 20 131 170 230 86 0 88 70 96 226 180 228 88 106 18 141 167 184 12 255 32 46 138 136 28 10 120 140
1 32 121 225 100 13 233 16 108 104 112 72 149 1 144 48 74 12 70 9 129 112 224 64 68 136 34 32 68 136 67 161
108 112 120 97 36 13 115 24 104 168 53 8 151 19 73 58 150 20 85 106 201 52 241 0 199 217 97 52 64 179 66 35
2 207 2 154 23 129 146 230 22 5 72 163 40 200 34 64 88 59 131 193 98 170 10 255 40 38 158 75 20 12 60 138
49 203 65 14 148 129 207 244 64 192 88 230 115 96 177 36 92 226 4 239 201 42 44 61 56 8 165 128 125 186 240 156
104 48 56 96 32 77 81 16 105 136 52 8 159 23 0 48 132 20 221 8 136 96 176 0 195 249 32 16 64 128 66 35
2 142 2 158 23 131 178 230 22 4 90 163 96 234 34 64 89 123 131 129 34 184 10 255 32 38 138 3 20 14 60 138
117 162 201 99 142 43 75 216 2 183 185 255 83 65 217 26 127 196 109 190 154 118 237 16 220 137 225 244 245 235 82 97
116 213 77 110 154 2 71 253 129 0 141 202 115 117 168 114 125 210 93 234 73 3 31 63 250 173 165 156 61 242 240 56
122 164 228 116 93 27 194 232 83 164 164 10 75 232 22 17 123 196 99 45 44 99 205 158 58 223 197 61 119 172 90 4
97 32 112 65 108 9 232 64 105 32 240 74 159 9 148 176 202 133 86 9 129 114 196 192 20 24 34 32 77 136 67 161
253 75 231 54 14 2 79 248 192 166 146 239 115 193 241 19 90 228 108 238 232 103 142 40 240 168 229 188 101 187 114 96
32 32 0 137 76 11 168 72 22 180 208 139 193 136 112 0 89 136 99 145 0 242 79 144 28 0 143 60 85 8 16 128
130 142 22 158 61 195 176 226 158 20 194 35 236 250 32 193 193 115 171 3 36 137 75 253 165 50 218 27 16 12 61 10
41 34 64 169 76 11 232 88 86 176 80 202 211 129 240 160 89 140 34 156 9 242 79 152 140 139 167 36 125 136 120 160
96 32 113 69 108 9 232 64 105 96 240 74 138 8 20 18 202 197 87 1 136 114 196 192 22 24 2 48 69 136 66 129
88 48 120 96 35 76 80 16 41 128 52 40 159 31 64 16 166 149 221 0 0 64 144 192 211 249 36 3 98 128 7 19
34 32 68 137 79 11 176 72 31 164 240 11 128 136 118 0 248 140 227 129 12 115 75 208 28 0 143 59 21 12 124 130
104 48 56 96 33 93 81 16 105 136 52 8 31 23 0 52 132 148 221 8 136 96 176 192 195 249 32 18 66 128 70 51
61 202 97 110 12 17 79 248 193 192 181 206 115 73 191 38 88 224 84 238 205 35 44 169 114 201 165 188 127 191 114 116
65 4 134 149 132 34 32 2 118 19 194 82 192 34 80 75 97 6 42 152 51 220 133 194 28 38 218 64 169 72 113 0
35 132 96 201 124 59 75 31 87 101 252 178 3 9 182 228 89 138 158 184 186 190 101 223 62 126 144 244 247 140 244 108
67 160 148 145 232 169 40 3 190 19 2 208 157 162 80 90 167 11 123 156 50 72 134 209 140 18 218 232 140 64 129 0
2 140 128 155 149 145 178 231 30 7 72 19 172 234 38 196 217 43 163 17 54 152 82 255 45 22 158 75 144 76 157 142
237 32 254 97 100 45 225 18 232 187 54 88 159 25 212 59 140 4 70 56 145 116 224 0 71 249 96 64 195 169 67 161
3 143 3 158 20 147 174 238 86 0 88 198 96 224 188 228 89 106 2 207 167 168 14 255 32 38 138 136 29 14 120 140
161 162 128 185 76 179 168 75 86 49 81 211 193 200 250 200 89 8 2 149 54 246 79 147 28 6 155 109 157 12 56 132
104 48 56 96 32 77 81 16 105 168 52 8 159 23 64 50 132 213 221 8 136 96 240 0 195 249 37 48 64 128 66 35
89 16 59 229 36 86 121 23 105 200 118 96 157 23 129 127 166 52 29 8 129 152 177 200 195 249 114 130 2 128 33 57
103 112 241 64 109 60 216 16 233 184 180 104 10 27 213 191 142 180 94 88 141 103 224 192 23 216 64 186 75 185 66 37
38 162 8 152 95 3 146 200 30 52 193 139 68 200 107 8 217 137 163 183 38 103 75 213 28 6 139 127 213 47 61 134
125 66 96 69 101 26 238 16 97 128 246 74 75 9 151 183 122 228 68 106 204 178 101 136 54 249 160 17 103 191 90 132
17 134 10 174 22 179 138 111 86 1 216 230 113 224 186 192 89 170 2 189 190 137 5 63 168 39 170 192 189 138 184 12
201 69 121 101 36 26 111 48 121 194 126 102 219 51 149 228 118 132 20 110 225 176 37 206 102 239 34 128 111 178 89 41
205 19 125 101 180 14 107 25 108 232 119 100 215 3 152 115 22 68 124 126 153 240 233 76 238 249 39 212 200 162 195 113
2 140 2 158 20 131 170 230 22 1 90 2 32 234 48 64 121 106 19 129 34 152 8 255 32 38 154 128 20 10 48 136
125 65 115 103 36 30 107 16 97 168 119 72 219 65 153 191 30 196 68 106 201 176 237 136 198 249 97 0 111 187 66 33
0 204 10 190 20 131 171 230 22 0 90 2 113 234 49 64 89 106 19 195 34 152 10 255 104 167 170 192 148 27 48 136
6 160 20 131 236 41 248 13 31 49 49 24 204 72 88 8 159 11 127 17 18 112 203 209 12 16 31 244 148 8 129 129
242 64 198 236 12 2 76 104 161 162 178 10 75 10 53 91 106 197 125 226 104 71 131 200 178 234 206 152 37 185 114 0
2 142 2 158 87 131 186 230 22 4 90 163 96 234 50 192 121 123 131 129 38 186 10 255 32 38 138 11 21 14 60 138
194 164 148 154 201 233 48 71 191 23 137 25 140 182 98 91 161 27 235 145 50 79 146 243 157 22 94 123 144 68 135 194
53 203 64 14 214 131 206 252 64 128 208 230 115 96 185 128 92 224 4 238 205 34 12 61 48 8 165 128 125 187 248 12
130 172 148 154 249 165 188 239 159 31 136 59 172 254 110 0 207 59 251 145 118 75 10 247 61 22 94 251 144 76 173 203
2 141 2 158 20 131 170 230 22 0 88 2 32 234 48 64 121 106 19 129 2 186 8 255 32 38 138 128 21 14 48 136
49 79 106 254 86 130 238 117 212 128 216 198 113 232 182 96 122 234 22 239 205 187 4 191 112 47 167 136 125 186 248 136
2 185 146 153 252 165 184 199 158 25 88 50 172 218 96 72 239 59 51 17 18 216 2 241 13 20 158 234 144 8 161 139
3 143 3 222 20 131 174 246 86 0 88 70 96 224 180 228 88 106 2 206 167 184 12 255 40 46 162 128 29 138 112 140
108 113 120 97 100 15 123 24 97 168 55 8 215 19 73 48 150 220 68 106 201 176 241 0 199 217 33 36 96 179 66 35
53 207 64 14 214 129 207 245 68 128 88 230 97 96 178 100 94 226 22 238 202 42 44 61 56 40 165 192 53 186 240 236
13 4 253 117 228 46 107 26 124 202 127 64 211 35 145 120 23 76 102 10 129 176 97 10 198 255 112 0 192 227 66 33
2 143 2 158 23 131 182 230 22 5 74 163 108 234 34 192 89 123 131 193 38 136 10 255 40 38 158 75 20 14 189 142
117 239 214 70 138 0 78 252 192 136 185 74 115 225 249 51 56 226 76 238 201 99 142 40 56 136 101 56 109 243 226 41
117 143 83 110 154 6 70 253 82 138 137 106 115 99 168 112 29 198 76 238 249 3 15 63 248 174 165 156 57 243 224 33
253 107 198 86 138 16 70 220 195 148 164 206 99 192 231 183 46 224 108 238 204 67 174 40 178 201 101 56 103 247 106 5
253 107 199 102 14 2 78 248 193 130 148 234 115 193 241 183 90 228 108 238 201 103 142 40 178 232 229 184 103 187 122 40
32 34 133 129 78 75 160 72 22 176 242 203 209 192 96 0 121 204 106 157 0 242 207 144 28 2 143 60 117 8 80 128
66 142 22 158 9 128 180 162 158 22 194 3 236 226 32 199 193 119 235 3 100 201 75 253 161 50 91 27 16 44 45 14
49 32 68 201 78 11 96 72 86 176 210 138 195 128 208 68 89 140 98 156 12 242 77 156 140 138 165 36 117 136 80 128
164 120 184 96 233 13 81 216 123 152 52 8 30 209 69 63 165 216 85 122 130 103 186 208 219 217 69 110 194 177 66 163
96 32 80 197 108 9 232 64 105 32 242 203 138 8 20 18 234 205 70 5 4 242 197 192 20 24 130 48 69 136 83 128
33 32 80 193 108 9 232 80 108 32 114 202 155 9 144 146 106 205 70 9 0 242 197 192 20 152 162 32 77 136 67 160
33 34 1 137 76 11 168 72 22 176 210 74 209 192 240 0 121 136 98 153 0 242 79 144 28 128 175 52 53 136 81 160
17 143 74 191 20 131 106 252 86 0 218 70 115 226 184 96 121 234 6 172 139 153 13 191 160 174 170 128 61 138 112 136
32 32 113 197 108 9 232 64 105 32 240 74 154 8 20 18 234 197 87 1 128 114 196 192 20 24 162 176 69 136 83 129
88 48 120 224 35 77 88 80 45 132 180 168 159 31 64 16 166 149 221 0 8 97 144 192 211 249 2 131 98 128 7 19
61 203 104 110 132 17 79 244 65 192 244 206 115 73 191 32 92 226 20 238 201 34 44 61 122 201 165 176 127 191 240 120
65 132 133 145 134 168 104 3 126 19 66 82 157 34 208 107 97 6 42 152 51 220 135 195 12 34 250 64 169 64 97 0
163 0 224 201 125 123 200 91 87 103 245 154 131 12 158 236 89 136 159 156 191 182 101 210 14 94 147 247 247 140 216 228
3 164 149 153 232 169 40 7 190 19 67 208 157 162 208 75 35 11 122 156 51 88 134 215 12 22 122 232 156 192 129 136
2 140 128 155 157 181 178 239 30 13 72 19 172 202 34 196 201 59 131 17 54 152 82 247 45 22 30 99 144 76 157 142
233 42 247 101 100 28 249 18 233 136 118 8 159 9 149 63 132 36 70 12 129 244 160 64 71 249 112 128 66 136 66 161
3 142 0 155 28 145 138 236 86 1 88 247 96 232 186 196 89 74 130 133 38 58 78 191 40 6 155 77 28 14 184 140
174 162 128 153 77 161 160 72 22 53 81 147 129 200 122 201 89 136 130 149 22 118 79 145 28 0 155 109 245 13 56 132
72 48 56 96 33 93 81 16 105 168 52 8 159 23 64 50 132 213 221 8 136 96 240 0 195 249 33 48 66 128 67 35
89 16 63 246 36 196 89 20 169 73 119 80 60 23 164 127 166 51 29 8 129 169 48 224 195 249 114 130 2 128 229 59
101 98 240 68 108 29 232 64 233 168 176 72 10 8 213 187 206 165 70 75 132 103 196 192 22 24 96 58 207 153 90 133
38 96 12 136 79 67 146 72 142 180 161 139 68 200 103 8 216 201 227 247 6 103 91 217 25 0 139 63 17 43 60 194
121 65 96 69 69 27 214 96 97 164 254 10 75 9 151 182 120 196 196 110 204 178 69 136 54 249 128 17 103 190 90 6
145 130 200 187 30 163 200 73 86 7 209 147 241 192 186 64 89 138 2 189 62 182 79 159 204 7 187 204 181 136 184 128
205 83 61 101 36 14 109 57 104 248 55 76 223 19 153 115 150 68 124 126 209 240 233 12 239 249 101 196 72 163 194 113
2 141 2 158 20 131 170 230 22 1 88 2 96 234 48 64 121 106 19 129 34 186 8 255 40 38 138 136 21 14 48 136
253 69 97 103 36 26 111 184 97 160 255 72 219 65 157 182 90 196 68 106 201 176 237 168 230 249 32 20 111 187 74 36
16 205 10 190 148 131 171 242 22 0 90 2 113 227 49 64 89 106 23 203 106 152 10 255 224 167 174 128 180 155 48 168
17 75 71 199 54 2 238 180 100 192 114 198 113 66 153 96 118 228 54 238 201 176 13 108 36 170 167 128 45 186 240 0
6 160 244 129 236 41 248 73 111 177 51 26 206 8 92 10 171 15 127 17 146 112 201 208 140 24 27 246 196 73 209 129
242 64 198 236 108 2 76 56 169 130 242 10 75 43 21 91 106 197 125 226 104 71 195 200 146 250 202 152 39 177 114 0
2 141 2 158 87 131 182 230 150 5 72 163 44 234 34 192 249 123 131 129 6 154 10 255 40 38 154 11 21 14 61 142
66 172 148 154 201 237 48 199 191 23 128 25 140 182 98 91 225 27 235 145 50 75 202 243 157 22 94 123 144 68 167 202
53 207 65 14 214 131 206 252 68 128 88 231 97 96 176 132 90 226 6 239 204 42 12 61 56 44 165 128 125 190 248 140
2 172 148 154 249 161 188 239 159 23 64 27 172 254 110 0 207 27 227 17 54 75 10 247 61 22 94 111 144 76 141 202
2 141 2 158 20 131 174 230 22 0 90 2 96 234 48 64 121 106 19 193 2 186 10 255 40 38 142 192 21 14 176 136
57 15 106 174 22 130 239 117 212 128 218 230 113 233 176 96 120 238 22 239 200 187 4 175 240 175 174 128 61 186 240 136
2 185 146 153 253 165 184 199 158 25 88 18 172 218 96 72 207 59 51 17 18 88 82 241 13 20 158 234 148 8 161 137
3 143 3 158 20 131 170 230 86 1 88 198 96 232 180 228 121 106 2 205 167 184 12 255 40 46 138 128 29 10 112 140
45 113 121 101 100 15 119 24 96 168 127 8 211 23 137 48 22 220 84 106 193 176 249 10 103 157 33 132 96 187 66 161
49 207 104 14 214 129 206 245 70 4 88 230 97 96 180 4 90 226 6 239 218 42 12 61 40 44 165 192 117 154 248 140
5 0 249 101 180 46 107 26 126 235 127 64 211 35 153 120 23 78 110 24 145 176 97 10 198 191 48 4 192 227 66 161
2 143 2 158 87 131 190 230 22 5 88 163 44 234 34 192 123 123 131 129 38 186 10 255 40 38 154 11 21 14 60 142
245 239 74 86 156 2 70 253 208 130 169 200 115 224 185 50 19 226 76 110 248 43 142 47 56 174 37 60 101 243 242 8
117 141 212 94 154 162 78 252 82 179 168 90 115 99 184 112 17 198 36 250 59 67 13 63 184 174 37 92 185 243 240 32
245 107 238 86 138 16 70 244 193 134 172 174 99 224 247 23 106 228 108 238 204 67 174 40 50 72 197 57 103 243 122 76
253 107 198 94 14 18 78 248 193 162 244 238 99 225 181 183 90 228 108 238 237 231 142 40 178 232 229 184 111 191 122 12
32 32 5 137 78 11 161 72 22 160 240 206 209 192 64 0 120 204 98 129 3 114 95 145 28 130 175 56 61 8 49 160
66 12 150 158 13 135 180 32 158 18 194 71 236 226 32 199 193 103 234 3 36 201 91 253 144 50 75 27 24 108 41 6
49 34 68 137 78 11 224 72 86 164 242 138 195 192 240 64 120 140 106 140 8 242 79 144 156 130 135 56 53 136 80 128
229 121 241 64 236 13 117 92 107 184 176 72 18 155 197 63 134 220 102 90 193 98 226 64 151 216 69 62 64 240 66 163
32 32 73 141 76 9 224 72 110 32 240 75 131 136 20 2 106 204 70 1 8 115 197 208 20 16 130 48 69 8 82 128
33 34 64 129 108 9 224 64 110 32 242 202 155 0 144 34 106 204 66 13 0 242 197 208 20 152 162 48 101 136 91 128
233 8 243 118 101 156 233 23 233 141 119 24 187 155 149 191 142 36 198 24 129 188 160 192 71 249 114 8 66 132 67 169
38 166 0 155 221 147 138 232 22 53 208 147 224 232 58 192 89 74 131 133 54 114 79 183 60 6 159 111 21 12 184 134
46 32 4 136 79 81 176 72 6 52 212 143 128 140 99 200 72 136 163 209 14 54 91 144 21 1 139 127 119 13 60 210
104 48 56 96 33 76 81 16 105 168 180 8 158 23 0 50 134 212 93 8 136 96 240 64 195 249 32 48 66 128 70 51
74 80 191 218 97 196 93 85 169 25 183 48 60 223 44 127 166 51 221 10 131 3 178 225 83 249 114 154 2 17 229 51
97 99 80 68 108 25 236 64 233 160 176 202 170 8 23 155 202 165 70 71 196 35 196 200 22 56 64 57 77 254 74 140
54 115 1 140 79 67 146 72 142 164 176 11 68 204 101 2 216 249 203 99 72 35 218 216 17 0 139 63 81 59 52 146
120 68 98 101 69 27 214 96 97 38 246 11 11 8 23 20 120 132 196 97 204 179 69 142 242 253 128 19 103 172 94 14
60 130 129 171 30 99 65 73 22 69 209 131 81 195 170 72 89 136 2 188 26 146 111 149 220 135 171 108 181 138 52 224
205 112 61 101 36 14 105 56 105 248 55 68 223 19 152 123 150 68 124 110 201 244 241 0 199 249 101 196 74 176 66 113
2 141 2 158 20 131 170 230 22 1 88 2 96 232 56 64 89 106 19 129 34 186 10 255 40 38 138 136 21 10 48 136
253 68 96 71 52 26 79 176 97 226 255 10 91 105 159 244 122 196 68 110 236 176 109 174 246 237 33 17 103 191 90 36
20 205 11 254 148 131 239 246 22 0 222 2 113 227 177 64 88 234 23 203 106 153 8 191 224 167 174 128 52 155 48 168
6 160 212 129 236 43 248 73 47 49 49 26 142 8 92 10 171 15 127 17 18 112 201 208 12 24 31 244 212 8 211 129
210 72 214 164 78 0 108 64 169 130 242 10 79 138 85 91 106 229 125 227 72 71 131 192 146 250 198 152 37 241 98 0
2 141 2 158 23 211 178 228 22 5 72 163 100 234 34 192 248 107 131 193 6 154 10 255 40 38 138 11 20 14 61 142
51 207 64 14 214 131 206 228 4 0 88 227 97 96 180 196 90 226 6 239 222 138 12 61 40 36 173 192 119 190 240 140
2 173 148 154 249 225 188 239 159 23 136 27 172 238 110 8 203 27 235 17 22 75 10 247 61 22 94 123 144 76 173 202
2 141 10 158 20 131 174 230 22 0 90 2 96 234 48 64 121 106 19 195 34 152 10 255 40 38 142 192 20 10 176 136
57 143 99 172 22 130 207 117 196 128 218 230 115 233 176 64 122 234 30 239 201 187 4 173 240 237 166 128 63 186 240 168
3 143 67 158 20 131 174 246 86 0 90 198 96 226 180 228 88 106 2 207 167 186 12 255 40 46 138 0 29 142 112 140
45 84 121 69 116 14 111 48 121 168 119 72 219 19 153 48 30 220 22 106 201 176 97 14 103 189 33 132 66 187 66 161
34 207 72 14 214 129 142 231 70 4 88 226 97 96 180 68 90 98 2 239 210 8 12 61 40 36 173 192 53 154 248 140
13 1 249 101 180 14 107 25 124 233 127 64 219 51 153 112 22 78 110 120 145 184 97 76 239 253 37 68 194 171 195 33
2 143 2 158 22 131 174 230 22 5 88 163 100 234 34 192 89 107 131 197 6 152 14 255 40 38 142 75 20 14 189 142
244 111 231 22 202 192 199 228 192 198 168 171 99 232 183 19 120 226 100 230 236 99 174 42 114 8 229 56 101 255 118 72
224 101 66 4 77 24 236 64 233 38 184 11 138 8 23 146 232 165 198 67 76 35 196 192 54 56 130 57 69 127 74 132
54 112 19 140 9 71 146 72 142 168 152 111 6 214 97 128 216 185 207 227 73 35 218 152 145 128 139 191 89 58 53 147
114 0 98 36 69 75 192 96 97 36 242 143 2 8 23 16 248 164 207 97 76 179 65 140 146 244 128 19 101 46 86 206
205 112 61 101 44 78 121 54 233 248 54 72 159 27 192 127 166 4 124 108 193 244 243 192 199 249 99 20 74 176 67 113
211 66 114 207 103 30 122 32 105 0 119 2 11 11 182 244 162 165 6 78 132 176 1 237 22 248 18 131 103 131 105 5
60 48 1 171 78 67 131 72 6 244 209 174 209 197 233 200 88 136 66 243 11 35 127 144 221 132 171 188 245 43 52 240
117 76 98 71 4 27 70 248 97 166 255 139 67 105 159 52 120 228 68 238 236 179 109 174 50 252 129 17 103 191 122 6
29 73 126 101 54 26 111 176 117 160 118 2 91 73 183 244 122 228 20 106 233 176 45 174 118 239 101 4 103 187 120 32
28 205 78 254 20 131 79 240 148 0 222 2 115 227 177 96 88 234 22 202 105 185 40 191 240 239 166 128 52 155 48 168
50 207 64 142 150 145 142 237 6 5 72 227 97 96 190 196 91 98 130 231 86 136 13 255 40 36 143 193 53 158 252 140
2 165 152 186 217 225 188 239 142 21 200 11 172 234 110 0 219 27 227 17 86 11 10 247 189 213 30 127 144 78 173 202
2 169 19 153 253 133 184 111 158 17 120 18 172 154 112 64 207 43 27 145 82 26 82 245 13 20 154 106 20 8 161 138
57 203 99 238 22 131 79 117 197 0 222 230 115 193 176 68 122 168 30 236 217 187 36 189 242 237 162 192 63 138 240 40
48 207 72 142 150 131 143 237 70 4 88 227 113 96 188 64 90 98 2 239 90 136 13 61 104 36 175 192 53 154 240 136
77 1 243 101 180 14 107 17 109 169 126 64 223 51 145 244 22 76 108 120 145 176 97 76 239 253 33 68 194 163 195 33
193 56 245 117 104 78 113 22 233 187 54 88 158 23 65 123 166 53 126 8 129 125 179 64 199 186 82 22 66 176 67 43
61 113 1 138 31 83 3 88 6 224 133 174 82 214 233 172 92 216 218 250 9 3 125 152 145 133 139 60 63 63 28 240
116 78 99 100 84 74 198 224 113 230 250 239 99 105 181 16 122 228 68 234 236 179 5 174 50 238 161 1 103 187 114 4
180 203 78 254 28 130 79 244 149 128 215 2 115 195 177 97 120 232 31 234 104 139 42 61 242 170 231 128 53 187 112 40
29 74 122 101 38 26 127 240 117 198 118 130 91 41 183 116 118 236 54 238 229 176 37 174 118 235 103 129 103 187 120 45
82 201 20 175 153 215 150 172 172 4 138 1 236 106 35 194 192 103 233 103 70 137 91 253 169 117 14 19 16 22 173 14
57 203 66 234 86 145 75 245 71 1 92 194 51 193 176 228 120 170 22 220 219 186 36 189 250 237 162 72 63 142 240 168
2 176 17 153 125 205 168 111 158 25 80 82 188 158 96 64 203 27 19 17 19 28 82 213 13 20 154 106 24 8 161 171
215 78 122 198 118 2 127 240 249 134 251 230 107 234 181 112 118 229 23 234 228 183 44 238 50 238 162 128 109 179 97 5
148 75 110 222 28 131 75 240 213 4 211 66 115 195 185 65 120 232 46 234 232 167 14 61 240 170 163 128 53 187 116 32
16 29 27 237 50 198 39 55 36 12 78 32 247 55 32 64 86 63 13 40 89 152 17 31 225 165 42 0 48 2 165 59
