125 135 109 103 142 27 71 185 65 120 189 238 115 105 156 51 120 198 124 238 249 115 237 29 254 235 229 180 111 170 210 96
194 68 71 252 98 138 104 32 169 0 211 195 237 15 20 87 38 165 127 175 96 141 1 205 149 186 202 128 37 128 35 41
50 227 80 75 115 137 80 205 43 53 33 137 46 11 78 16 183 139 199 52 70 42 8 85 190 144 0 127 115 130 79 139
102 8 166 31 13 246 176 32 204 94 199 1 224 248 55 207 200 102 234 3 36 225 123 253 3 54 218 27 210 111 124 70
36 8 134 158 13 247 128 0 206 150 199 0 224 240 39 207 200 98 234 2 4 165 123 253 5 50 194 27 146 127 124 70
253 42 237 69 44 55 203 80 83 234 183 204 83 44 215 59 93 228 124 255 169 246 237 42 218 207 229 180 239 255 82 116
52 106 139 165 78 15 224 72 106 178 112 79 21 128 113 11 40 77 66 111 64 118 145 16 20 128 99 36 121 121 83 128
67 64 126 69 98 58 124 50 233 130 63 232 59 31 149 127 38 181 253 42 197 180 149 204 22 186 80 146 111 225 75 29
12 82 188 233 35 54 61 18 133 94 94 183 221 63 163 76 71 49 189 138 128 128 51 128 194 255 122 130 158 244 37 115
169 21 117 79 109 117 209 29 69 77 253 50 250 29 188 229 92 18 151 8 185 34 99 141 67 251 176 154 87 206 244 239
6 183 144 19 249 253 177 75 171 253 45 60 140 246 78 158 141 27 194 16 54 75 250 82 13 20 31 127 194 68 143 215
61 130 73 187 16 171 67 152 22 33 195 214 211 67 168 64 89 136 14 188 59 148 77 31 204 231 177 84 184 139 16 48
82 178 81 160 59 9 24 9 43 113 17 255 143 14 72 148 183 153 221 149 151 64 220 209 156 208 11 254 44 134 139 85
249 7 79 108 10 18 71 61 97 194 238 236 115 97 146 115 88 230 108 238 233 239 229 15 242 235 228 16 109 242 226 120
87 32 225 0 34 60 186 8 41 224 147 143 156 14 223 126 166 197 125 245 135 69 189 192 158 56 139 254 141 167 11 85
194 253 16 186 57 205 18 238 175 60 136 9 174 214 66 144 128 187 200 81 110 11 218 119 185 20 11 123 16 4 15 15
161 42 75 49 100 137 232 18 236 17 113 220 183 128 208 27 10 40 66 12 131 252 198 65 68 152 114 32 72 136 67 128
246 88 91 218 235 132 28 85 137 26 177 126 28 223 164 127 230 177 159 128 193 35 18 208 19 152 98 186 26 18 161 51
9 2 201 177 36 171 105 19 86 33 83 244 147 1 144 72 90 168 6 28 11 188 69 18 196 149 178 64 252 136 80 168
98 96 16 140 77 205 144 72 139 164 184 11 38 216 101 18 200 177 203 97 0 35 218 217 145 20 11 63 80 42 23 14
114 32 82 12 77 203 144 64 201 36 176 11 2 152 4 16 200 181 207 1 76 35 208 221 147 48 0 59 81 14 78 14
241 65 69 229 22 2 103 53 100 32 231 70 83 3 144 113 120 132 44 234 121 186 69 12 244 170 226 64 45 162 240 32
16 8 5 139 12 128 96 6 68 17 194 66 177 2 160 64 104 138 42 136 72 152 71 180 132 162 250 64 181 8 112 136
36 160 16 155 219 195 160 200 22 177 192 10 228 210 104 192 89 90 106 16 34 83 91 63 157 134 79 127 144 8 5 162
132 172 146 30 145 206 22 173 118 23 107 16 230 242 42 212 145 74 160 50 118 200 27 63 169 166 85 71 146 98 173 14
165 206 87 126 216 131 71 188 214 146 96 124 115 225 161 17 17 98 32 106 105 238 14 63 104 166 101 24 120 250 194 40
81 4 151 93 28 2 165 104 246 130 194 66 112 224 160 103 120 100 42 170 41 241 139 13 52 34 195 0 49 120 112 32
32 32 192 5 78 73 160 72 58 180 224 139 130 232 68 18 121 204 74 17 8 115 207 80 28 0 7 61 65 40 86 130
81 32 135 133 10 10 40 64 108 160 194 64 212 162 80 86 32 197 106 156 1 209 151 64 156 34 207 0 40 32 35 4
22 172 132 18 155 231 22 200 22 183 9 19 64 230 105 204 17 94 160 178 62 209 27 58 169 6 77 103 178 119 189 6
165 78 143 94 140 34 135 184 210 146 66 96 112 224 185 43 89 102 32 58 161 228 79 42 104 34 229 8 205 249 112 32
0 172 148 27 153 201 38 175 190 23 67 16 228 226 72 68 145 74 170 16 50 88 138 55 45 54 87 107 144 64 133 138
245 197 67 46 18 3 70 248 80 162 234 72 115 97 169 17 89 228 68 106 105 167 77 63 176 166 101 20 113 250 114 32
81 32 14 161 74 11 32 72 36 32 230 2 211 0 0 80 104 140 106 136 8 146 199 0 212 161 163 32 41 8 58 128
16 32 6 137 13 15 160 72 230 32 226 78 194 192 32 64 104 132 106 0 8 131 219 80 145 32 3 56 88 8 33 134
96 32 12 136 74 11 160 72 102 32 192 74 130 0 0 80 72 140 106 128 8 115 201 16 148 0 3 48 89 8 56 128
80 32 6 129 8 9 32 64 100 0 194 66 195 130 0 64 104 132 106 136 8 195 199 0 148 160 3 16 32 8 51 0
112 32 3 129 72 9 160 64 46 160 194 72 198 128 64 208 104 140 106 0 8 83 193 16 148 0 3 48 64 8 2 0
80 32 2 129 10 9 96 0 102 32 194 136 194 128 0 82 96 204 106 136 8 80 197 80 148 32 131 16 32 0 50 0
80 32 6 5 74 8 32 64 228 32 194 9 198 128 0 82 40 196 106 0 0 195 199 64 148 32 2 24 64 8 35 4
96 32 4 1 74 11 32 72 102 32 226 8 130 128 64 84 104 140 106 8 0 210 197 16 20 0 3 32 97 0 114 128
16 0 6 137 76 3 32 72 230 0 194 2 192 128 32 64 104 12 106 136 0 147 199 16 20 32 131 0 16 8 113 0
48 32 134 29 72 131 32 72 118 160 96 0 67 224 96 80 89 108 34 0 10 211 203 17 28 130 5 36 113 8 34 128
0 32 134 28 72 139 32 72 246 160 66 0 196 224 32 64 81 108 106 0 0 211 139 28 8 34 69 8 64 32 34 128
32 0 4 169 74 11 160 72 22 0 192 3 192 192 32 64 120 140 42 128 8 146 195 16 20 32 130 8 48 8 50 128
49 32 22 9 74 11 160 72 118 32 226 2 17 192 32 64 120 12 106 8 8 243 207 16 20 0 3 32 113 8 112 128
0 0 6 136 72 3 32 64 164 0 194 0 64 194 32 64 104 12 106 128 0 211 131 0 20 160 3 8 0 0 35 128
32 32 2 9 72 9 32 72 118 160 224 10 65 195 96 80 120 140 106 8 8 211 195 16 20 128 3 40 113 8 114 128
16 32 6 129 72 11 32 72 230 32 194 0 64 128 32 66 96 76 106 0 0 243 129 16 20 34 3 0 0 8 35 128
96 32 0 136 76 9 96 64 38 32 224 10 147 3 0 16 72 132 106 128 8 51 197 80 148 32 130 32 113 8 112 128
80 0 2 129 12 9 160 64 108 0 226 2 134 2 0 64 104 4 106 0 0 163 193 64 149 160 10 16 0 8 35 0
96 0 0 129 76 9 224 0 110 32 226 10 134 0 0 80 72 140 106 0 8 179 197 80 148 128 130 48 64 8 82 130
80 0 2 129 8 9 96 64 100 32 226 8 134 130 0 64 104 132 110 136 8 35 197 64 148 160 2 24 32 0 35 0
80 32 2 129 74 9 32 64 108 32 226 11 134 130 0 80 40 132 74 0 0 227 197 64 148 32 2 16 64 8 35 0
32 34 64 1 72 9 96 64 104 32 226 8 131 2 0 84 104 140 106 8 0 178 197 64 20 0 131 32 97 0 98 128
16 34 6 137 12 3 32 72 198 0 194 2 68 192 32 64 104 12 106 136 0 211 195 16 20 34 131 0 16 8 48 128
32 0 6 169 75 11 160 72 6 0 192 3 192 192 32 66 104 76 106 128 8 210 203 16 20 32 131 9 48 8 48 128
96 32 0 9 72 13 160 72 70 168 224 72 130 128 64 16 72 140 106 0 0 83 193 16 21 0 131 56 80 8 2 130
80 48 6 5 75 14 32 72 100 32 194 225 210 128 0 82 104 204 106 0 8 211 147 0 149 32 2 0 96 0 39 18
97 32 14 1 72 27 33 72 98 160 224 8 146 128 192 112 104 140 106 12 0 195 239 16 85 0 33 56 64 0 82 160
80 32 3 129 67 73 96 64 108 0 226 74 134 130 0 80 104 132 74 0 0 179 209 64 149 32 2 0 96 8 7 2
97 32 8 129 72 9 97 64 104 0 224 8 150 2 0 84 104 136 74 8 1 50 196 64 148 0 2 0 64 0 98 164
253 111 239 100 204 18 79 29 97 226 190 204 115 45 211 59 92 228 124 238 201 243 229 40 242 233 229 144 111 254 114 120
61 2 77 233 148 43 65 27 22 121 71 214 211 1 144 89 113 140 46 60 59 144 109 28 204 235 177 84 184 136 80 48
121 134 73 109 8 10 79 63 113 66 238 204 243 33 154 115 89 198 108 174 249 190 229 15 226 239 240 16 109 226 242 120
87 36 65 160 147 45 90 72 43 224 153 143 143 14 88 132 182 137 93 183 31 83 156 208 153 208 139 254 45 135 11 84
87 32 97 160 147 124 154 72 41 224 153 143 141 14 95 188 182 141 93 247 141 85 180 192 145 92 143 190 173 55 3 84
34 253 16 186 121 205 80 238 187 53 168 9 46 214 74 145 137 155 195 80 102 75 90 117 189 144 29 127 16 4 143 154
99 80 95 216 106 128 188 84 138 27 176 250 156 215 236 123 239 49 183 144 67 7 130 208 20 152 250 170 156 144 163 177
137 34 155 57 36 173 233 86 126 3 112 84 191 128 248 40 178 40 6 28 147 252 6 65 196 153 50 0 200 129 67 129
137 2 203 177 52 171 105 19 92 1 66 212 147 1 176 72 90 42 14 28 155 188 69 30 196 223 48 64 220 136 80 40
105 135 77 109 48 10 79 55 97 64 254 228 243 33 144 115 90 230 108 238 249 186 229 13 230 235 224 208 109 162 242 120
114 33 16 156 9 205 82 104 139 172 168 9 46 218 101 148 152 185 205 97 74 35 218 221 145 20 9 59 80 46 15 14
114 32 18 12 13 205 208 64 137 4 184 9 6 152 36 20 200 177 205 65 12 35 80 204 145 180 0 59 81 14 110 6
241 194 77 197 6 2 111 49 100 32 247 70 83 3 144 113 120 132 46 234 105 188 69 76 244 171 226 68 45 130 240 32
48 200 1 155 78 128 32 192 4 16 66 66 32 2 32 64 104 136 42 200 10 154 69 177 20 32 146 0 53 10 112 136
4 172 148 27 145 247 54 172 190 23 67 17 238 242 42 212 145 126 160 50 54 88 27 63 41 54 85 111 208 119 141 78
181 207 207 126 152 3 71 184 82 194 106 236 115 225 169 49 25 102 32 110 105 231 15 63 96 174 101 16 121 242 66 40
64 32 23 129 74 8 160 64 108 32 226 130 134 130 0 208 104 140 106 0 8 147 197 64 148 32 2 16 65 8 35 0
96 32 2 1 74 73 160 64 102 32 224 8 130 128 0 80 104 140 106 136 8 179 197 80 20 0 3 24 97 0 98 132
16 0 15 137 8 11 32 72 102 32 194 66 192 128 32 64 104 12 106 0 0 241 71 16 20 32 3 0 16 8 112 128
32 32 6 137 72 3 32 72 134 0 194 10 64 194 32 64 104 12 106 0 8 211 203 16 20 32 139 24 16 8 50 128
34 245 20 18 249 205 16 239 171 61 168 25 12 215 78 144 133 155 195 16 82 75 218 85 61 16 21 127 194 4 142 155
233 171 109 101 36 11 111 53 89 226 54 236 243 41 146 51 26 100 108 110 233 252 229 10 230 251 229 176 111 186 210 120
9 38 127 105 50 170 99 19 124 9 126 100 255 1 176 112 51 42 78 60 179 188 37 127 236 223 48 64 236 131 225 33
129 88 25 249 106 132 189 214 138 25 112 114 157 210 225 43 78 57 22 216 131 86 194 240 4 153 122 168 28 144 35 169
9 142 79 227 52 171 107 19 124 65 119 196 211 1 176 96 179 42 14 28 179 188 37 62 236 255 48 64 158 138 208 32
233 135 109 109 36 10 79 53 97 66 254 236 243 37 148 115 88 230 108 238 249 186 229 13 230 235 224 144 109 162 210 120
50 113 16 190 121 205 82 104 155 132 185 9 46 218 37 148 152 185 197 67 78 35 90 191 179 212 1 59 115 14 78 14
50 112 82 172 57 205 82 72 153 12 248 9 14 220 36 148 152 185 197 99 76 35 82 159 147 212 0 59 113 13 14 134
193 194 77 229 4 10 107 180 100 2 118 198 209 3 144 113 114 132 46 238 233 180 101 207 196 171 226 0 45 146 80 32
128 8 64 155 68 128 96 0 68 0 66 194 161 66 168 64 104 8 42 200 10 144 77 177 4 160 130 0 53 136 112 128
73 135 95 105 52 170 99 19 125 73 127 100 223 1 184 112 50 2 46 60 179 184 37 95 238 255 34 192 158 138 225 33
50 241 16 176 249 205 84 239 187 125 168 25 14 159 74 144 141 155 197 17 94 75 90 247 187 212 29 127 162 4 142 223
233 135 111 111 36 26 111 53 113 64 118 228 243 33 144 115 88 230 108 110 249 248 229 15 230 251 224 128 78 162 210 120
56 252 80 190 121 221 82 248 147 44 176 11 47 223 99 144 137 187 199 66 78 47 90 191 179 213 1 59 115 141 78 138
186 89 80 120 121 221 80 78 151 44 176 9 43 221 33 144 136 185 199 0 78 47 82 157 19 217 1 59 115 140 78 142
205 10 223 237 36 42 107 16 120 66 119 196 255 35 177 123 2 100 44 110 161 180 165 75 196 251 226 0 204 225 65 32
160 200 4 155 12 137 32 128 132 16 130 210 161 0 32 66 72 8 106 66 42 132 77 49 4 32 128 16 49 136 80 136
56 25 80 126 109 221 80 107 135 12 245 9 43 221 35 144 136 187 199 0 78 43 82 157 83 217 16 59 115 140 78 154
205 150 159 251 162 38 61 21 121 91 119 116 220 51 168 123 247 23 60 156 177 212 169 194 206 251 122 198 138 224 161 33
