6 174 148 151 153 196 182 174 190 159 66 17 236 254 74 75 129 115 227 19 54 216 139 243 45 22 95 67 128 116 133 66
2 141 2 158 20 131 170 230 22 1 88 2 96 232 48 64 89 106 19 129 34 184 8 255 32 38 138 136 20 10 48 136
3 142 3 158 20 131 170 236 86 1 90 70 96 226 188 228 89 106 18 136 167 136 14 255 32 46 155 136 28 10 48 140
104 48 120 96 32 77 81 16 105 136 52 40 159 23 0 48 134 21 93 8 128 96 176 0 195 249 32 145 66 128 70 35
130 140 2 158 20 163 170 226 22 2 90 18 96 234 49 64 89 106 19 129 34 156 10 255 32 38 138 128 20 75 48 136
104 48 56 96 33 77 81 16 105 136 52 8 159 23 0 48 132 21 93 8 136 96 176 0 195 217 32 17 66 128 70 35
188 176 248 96 233 79 81 216 115 186 181 24 94 31 72 61 157 156 247 56 138 118 251 208 223 217 101 126 114 170 66 163
2 133 0 156 147 176 180 167 30 7 8 147 172 42 34 192 129 67 131 129 116 72 0 207 44 22 30 67 144 84 185 14
130 141 6 158 20 131 170 230 150 0 90 2 96 232 48 65 73 106 19 129 34 152 8 255 32 38 138 128 20 8 48 136
104 48 56 96 32 76 81 16 97 136 52 8 159 23 0 48 132 20 93 8 136 96 176 0 195 249 32 16 64 128 66 35
72 48 120 96 32 76 81 16 41 136 52 40 159 23 128 112 134 21 221 0 8 96 176 0 195 249 32 144 98 128 67 35
57 141 67 238 20 130 79 242 213 0 222 70 115 227 176 228 88 234 30 234 137 139 12 191 240 238 162 128 63 170 112 40
2 156 22 159 61 197 178 230 158 9 88 34 172 252 32 65 201 123 147 1 34 168 90 255 37 54 154 11 16 8 53 155
45 49 121 101 116 14 99 16 96 168 127 72 211 17 137 48 20 92 68 106 129 176 233 8 231 189 33 132 96 171 66 161
2 204 2 158 20 131 170 226 22 0 88 2 32 200 49 64 88 106 19 195 98 184 10 255 32 38 138 136 20 27 48 136
2 133 144 129 147 230 190 167 62 165 74 147 204 62 72 64 183 95 147 145 18 152 145 230 45 54 158 71 128 68 165 90
2 141 2 158 20 131 170 226 22 1 88 2 96 232 48 64 89 106 19 193 34 184 8 255 32 38 138 8 20 10 48 136
60 44 176 225 245 175 242 218 94 169 121 24 155 153 81 8 217 10 21 17 154 182 89 146 207 205 179 116 210 75 82 130
35 239 104 30 108 137 190 230 218 124 252 175 32 232 247 0 201 234 67 71 198 122 238 117 126 8 181 185 85 25 94 204
97 32 113 65 108 25 248 16 105 104 244 72 138 8 148 176 202 133 87 8 141 114 228 192 22 24 0 48 79 140 90 133
38 162 0 137 204 19 168 200 22 180 208 131 192 200 114 192 121 8 163 149 6 114 79 145 28 2 143 109 213 12 56 132
104 48 48 96 33 29 81 16 105 136 52 8 31 19 0 52 132 148 213 8 136 96 176 192 195 249 32 18 66 128 66 35
130 149 146 158 147 228 190 167 30 15 73 49 236 126 42 64 149 83 147 1 118 72 8 247 45 54 30 195 144 68 141 95
49 141 75 238 20 131 75 252 86 1 216 66 115 225 184 96 89 234 22 232 171 169 13 191 240 175 162 136 60 138 112 168
104 48 56 96 32 76 81 16 105 8 52 8 159 23 0 48 132 20 93 8 136 96 176 0 195 249 32 16 64 128 66 35
208 176 182 114 9 236 80 81 171 27 165 24 30 159 72 27 161 147 253 16 26 71 154 192 211 217 80 123 194 2 167 19
3 219 16 153 125 149 188 254 30 73 88 71 172 138 166 196 205 43 147 69 199 184 66 255 44 22 26 234 26 28 137 157
3 141 3 158 20 131 170 230 86 0 90 70 96 226 180 228 89 106 18 136 131 152 12 255 32 46 138 128 28 10 48 172
2 135 130 148 147 176 180 167 30 7 8 145 172 42 34 192 129 3 131 5 118 72 0 215 44 22 30 67 128 68 141 14
33 174 243 89 228 235 225 215 127 15 124 112 176 245 244 60 91 58 34 24 179 252 97 119 78 30 116 192 215 200 198 169
53 77 67 77 84 31 230 240 101 232 250 78 83 8 181 180 120 236 22 238 205 179 117 46 54 44 165 4 111 187 122 164
82 175 26 184 154 225 57 103 190 5 202 177 173 150 98 64 231 59 239 145 18 11 2 119 217 133 58 235 144 0 165 203
41 57 151 89 93 255 224 66 239 97 234 8 146 144 4 180 136 62 122 24 3 251 243 16 31 184 1 50 202 72 66 166
80 170 154 184 178 168 121 151 166 5 206 161 183 167 66 80 39 191 237 144 26 25 131 113 217 165 62 201 160 192 167 107
66 188 154 186 155 225 49 71 190 21 168 57 188 159 96 88 163 187 203 16 18 75 146 115 217 213 26 123 144 64 167 203
189 64 71 69 68 30 231 120 113 226 243 78 83 1 157 181 120 196 118 110 233 182 125 12 55 170 225 4 111 187 82 164
3 141 3 158 20 131 170 230 86 1 88 66 112 234 180 228 89 106 18 201 163 184 12 255 32 46 138 136 28 10 48 172
1 217 51 219 116 133 169 246 94 73 124 66 188 151 180 100 215 59 22 72 195 184 51 255 109 158 50 192 18 152 225 233
104 48 56 96 32 76 81 16 105 8 52 8 159 23 0 48 132 20 93 8 136 96 176 0 195 249 32 16 64 128 66 35
3 141 67 222 20 131 174 242 84 0 90 66 112 224 180 228 88 106 18 203 131 184 12 255 32 46 130 128 28 138 48 172
53 65 113 71 84 78 103 56 97 160 127 8 83 21 157 52 120 220 68 106 73 176 113 12 101 172 32 20 99 187 70 160
98 40 126 80 108 141 248 71 235 25 176 25 168 136 86 27 202 163 71 17 134 111 194 193 22 24 82 59 65 8 203 143
130 136 2 155 53 177 178 198 30 1 64 87 172 138 32 200 219 43 130 17 55 156 3 247 4 22 154 66 152 13 57 142
8 176 17 185 77 193 161 202 30 53 80 83 156 199 96 201 201 25 163 17 19 86 91 209 141 129 251 108 144 12 37 240
210 184 158 184 11 233 16 71 175 23 160 57 174 222 98 91 163 179 233 16 50 79 146 241 209 211 90 123 144 64 167 74
104 48 56 96 32 77 81 16 105 136 52 8 159 23 0 48 132 20 93 8 136 96 176 0 195 249 32 16 64 128 66 35
3 140 3 158 20 131 138 236 86 1 90 70 96 234 184 228 89 106 18 137 163 168 14 255 32 38 155 136 28 10 56 140
2 143 2 158 23 195 178 230 22 5 88 163 32 232 48 64 89 123 131 129 2 184 8 255 32 38 138 11 20 10 60 138
49 79 107 236 52 142 79 119 197 136 254 70 115 225 177 96 88 238 14 110 201 187 100 190 242 239 165 128 125 186 112 41
237 50 248 101 36 46 97 24 96 168 55 76 211 19 129 59 20 4 76 46 153 244 225 8 199 169 97 4 232 163 66 33
104 48 112 96 33 29 81 16 105 136 52 8 31 17 132 52 132 148 212 8 136 96 176 192 195 217 32 18 66 128 66 35
38 162 0 153 204 131 136 200 22 48 208 131 64 202 122 64 89 8 179 145 22 114 79 145 28 2 143 109 213 12 56 132
37 176 57 91 108 173 161 89 122 57 113 88 244 218 76 56 157 27 70 16 147 118 218 81 77 8 51 108 208 2 67 163
97 32 112 64 108 25 248 80 105 104 180 72 139 8 150 180 202 133 87 8 140 98 228 192 22 216 0 48 79 140 82 133
6 156 148 151 129 224 182 166 190 159 66 49 236 118 72 75 131 119 163 19 50 216 11 99 45 22 95 67 128 113 133 11
253 205 225 78 156 51 199 248 208 226 188 206 83 224 249 178 89 198 84 238 233 99 172 46 58 207 165 60 255 251 242 32
66 0 150 157 13 194 180 104 164 6 210 3 204 250 32 194 232 116 235 129 12 195 147 204 149 50 202 3 20 108 60 2
49 141 75 254 20 131 74 254 86 1 216 70 115 227 184 96 89 234 22 136 171 169 12 191 176 174 162 136 60 138 112 168
90 48 82 224 35 76 120 64 45 128 178 137 143 31 0 80 166 149 223 132 8 65 145 192 151 249 11 131 38 132 35 19
194 16 148 145 41 108 176 2 190 191 2 49 140 190 72 75 129 21 251 17 34 69 211 192 13 50 90 71 128 68 5 83
104 48 56 96 33 29 81 16 105 136 52 8 158 31 0 52 132 20 93 8 136 96 176 192 195 249 32 18 66 128 66 35
104 48 56 96 32 77 81 16 105 136 52 8 159 23 0 48 132 20 93 8 136 96 176 0 195 249 32 16 66 128 66 35
3 141 3 158 20 131 170 238 86 0 90 70 112 226 184 228 89 106 18 137 167 184 14 255 32 38 138 128 28 10 48 140
130 132 180 145 161 224 184 3 62 23 74 145 140 46 66 75 135 23 163 17 54 220 3 195 13 54 90 195 128 68 141 83
104 48 56 96 33 93 81 16 105 136 52 8 158 31 0 52 132 20 93 8 136 96 176 192 195 217 0 18 66 128 66 35
3 141 3 158 20 131 170 238 86 1 88 70 112 224 188 228 89 106 18 136 163 184 12 255 32 46 138 136 28 10 48 172
130 133 144 149 145 224 180 39 30 23 74 17 140 46 34 73 129 19 131 17 54 88 16 199 45 54 94 67 144 68 133 86
53 104 65 78 12 3 79 248 192 192 177 206 83 192 249 50 88 228 84 238 201 35 44 40 48 136 165 188 125 187 114 48
204 80 126 101 36 14 123 48 108 168 119 32 223 17 137 113 182 84 124 106 224 180 241 14 231 251 97 132 64 163 67 35
104 48 56 96 33 29 81 16 105 136 52 8 31 23 0 52 132 148 221 8 136 96 176 128 195 249 32 18 66 128 66 35
3 141 3 222 20 131 170 242 86 1 88 66 112 226 180 228 89 106 18 202 163 184 12 255 32 46 138 128 28 138 48 172
130 143 6 158 23 195 190 226 148 6 218 163 96 234 32 65 89 122 139 195 32 153 10 255 32 38 202 3 20 12 60 138
104 48 56 96 33 77 81 16 105 136 52 8 159 23 0 48 132 21 93 8 136 96 176 0 195 217 32 16 66 128 66 35
2 141 2 158 20 131 170 230 22 1 88 2 96 234 48 64 121 106 19 129 34 186 8 255 32 38 138 136 21 14 48 136
236 112 60 97 44 14 113 24 224 184 55 8 223 17 201 59 132 20 116 106 225 116 241 0 199 217 97 20 66 177 66 35
35 134 0 155 92 147 138 232 86 1 88 86 96 200 184 196 89 10 2 165 167 50 79 191 56 6 155 236 29 14 184 140
88 48 120 96 34 73 81 16 41 136 52 40 159 31 128 48 166 21 221 0 128 96 160 0 195 249 32 131 98 128 7 51
2 140 10 158 148 163 174 227 22 3 72 2 96 232 48 64 89 106 19 129 34 184 24 255 32 38 138 0 148 74 176 136
104 48 56 96 32 77 81 16 105 136 52 8 159 23 0 48 132 20 93 8 136 96 176 0 195 217 32 16 66 128 70 51
130 13 6 158 28 131 174 96 148 2 210 2 96 234 48 65 121 98 59 227 96 249 10 255 32 34 203 128 20 40 48 128
104 48 56 96 33 76 81 16 97 136 52 8 159 23 0 48 132 20 93 8 136 96 176 0 195 249 32 16 66 128 70 51
88 48 120 224 34 72 80 18 41 136 52 40 159 31 0 80 166 149 221 0 0 64 144 0 211 249 32 131 98 128 7 19
104 48 56 96 33 77 81 16 105 136 52 8 159 23 0 48 132 21 93 8 136 96 176 0 195 217 32 17 66 128 70 35
49 141 67 238 20 130 78 240 213 0 222 70 115 227 176 228 120 234 30 238 201 155 12 191 176 236 162 128 63 170 112 40
130 156 22 157 61 198 182 226 156 26 210 35 228 254 32 65 201 115 187 1 32 137 82 253 37 50 202 3 16 8 53 155
45 1 121 101 116 14 107 16 104 136 127 72 211 19 145 48 22 204 70 106 137 176 97 12 103 189 33 132 98 187 66 161
105 48 113 64 101 29 113 16 105 72 52 40 26 25 148 180 140 148 84 8 137 96 240 192 199 217 32 146 66 128 66 39
2 12 2 158 84 131 170 98 22 0 90 2 96 202 49 64 120 106 19 195 34 186 10 255 32 38 138 136 21 15 48 136
2 141 2 158 20 195 170 226 22 1 88 2 96 232 48 64 89 106 19 195 34 186 8 255 32 38 138 1 21 10 52 138
92 84 126 229 34 110 123 48 45 130 111 0 223 63 9 115 182 85 249 34 64 180 49 74 215 235 64 5 98 227 7 50
17 143 10 190 20 131 234 246 86 0 218 70 113 226 176 96 89 106 22 140 175 152 12 191 160 174 170 128 60 138 56 136
35 142 2 155 92 145 170 236 86 1 88 86 96 232 188 196 89 10 18 141 167 178 79 255 56 14 155 200 29 14 184 140
97 32 112 69 108 25 232 64 105 32 240 74 138 8 20 178 202 197 87 1 132 114 196 192 22 24 2 49 77 140 90 132
38 160 4 137 205 3 176 200 22 180 208 139 192 200 114 128 89 200 226 145 6 114 79 145 28 0 143 63 213 12 28 134
105 48 113 64 101 29 113 16 105 168 180 40 154 25 212 52 140 148 76 8 137 98 240 192 199 217 37 50 66 128 66 39
105 48 121 68 101 29 113 16 105 8 180 40 26 27 132 54 132 212 78 8 137 96 240 192 199 249 32 146 66 128 66 33
109 64 119 103 100 26 107 16 97 192 119 72 219 65 157 246 26 196 76 106 201 176 121 168 199 249 0 0 102 179 66 32
130 157 9 188 146 164 188 167 30 11 72 113 164 54 32 64 133 115 19 129 118 8 0 127 41 38 30 194 16 64 161 11
49 135 72 235 28 131 79 252 86 1 220 70 115 225 184 96 89 202 14 172 171 162 77 63 248 175 167 84 61 138 248 168
104 48 56 96 33 77 81 16 105 168 52 8 159 23 0 48 132 149 93 8 136 96 240 0 195 217 32 48 66 128 66 35
2 142 10 158 22 195 178 230 22 4 90 163 96 234 34 64 89 123 131 129 34 136 10 255 32 38 138 11 20 10 60 138
3 142 3 155 156 145 138 236 86 1 88 82 96 224 188 228 89 42 2 141 167 186 79 191 44 46 159 200 28 14 184 140
104 48 56 96 32 76 81 16 105 136 52 8 159 23 0 48 132 20 93 8 136 96 176 0 195 249 32 16 66 128 70 51
101 98 64 70 108 9 226 72 232 160 177 200 211 72 221 155 74 196 70 110 140 103 206 200 20 24 65 60 77 187 90 128
3 141 3 158 20 131 170 242 86 1 88 70 96 234 180 228 121 106 18 201 167 186 12 255 32 46 138 128 29 10 48 172
105 48 121 64 101 29 113 16 105 72 52 104 26 25 148 180 140 148 86 8 137 96 240 192 199 217 32 146 66 128 66 39
109 64 113 69 36 26 107 24 117 224 247 72 219 65 149 180 90 204 116 106 137 176 109 140 198 251 1 4 103 191 66 36
130 133 138 149 147 224 180 167 30 23 74 145 172 42 34 192 129 3 163 21 54 72 0 215 45 54 158 67 144 68 141 78
82 32 90 225 35 72 120 64 45 128 178 139 143 31 64 208 166 149 255 132 0 65 145 192 151 248 11 131 36 128 39 3
49 79 106 13 92 31 206 252 68 232 248 79 115 104 183 160 88 236 86 111 205 170 85 62 50 61 165 152 93 191 122 140
16 171 26 185 154 129 59 231 166 5 204 161 165 135 98 64 231 59 143 145 90 139 66 53 233 197 190 233 176 2 173 219
99 32 112 65 108 25 232 64 105 40 240 74 139 9 148 178 206 197 87 9 132 114 196 192 22 88 2 178 79 140 90 133
16 139 26 168 178 193 63 231 6 5 252 163 183 143 34 64 254 187 135 145 90 154 2 53 249 197 190 233 48 10 165 235
49 135 75 235 28 131 74 252 86 1 216 66 115 225 184 96 121 170 22 172 139 178 79 191 248 174 187 136 61 138 240 168
72 168 147 88 73 201 49 71 175 31 234 24 44 151 96 244 225 191 234 0 3 75 162 113 151 180 18 59 2 0 167 106
82 0 150 157 13 66 176 74 174 4 194 3 204 250 32 70 232 245 235 129 12 211 147 192 149 50 202 3 0 108 53 6
16 173 27 186 186 225 49 71 190 21 200 49 189 215 96 80 167 59 203 144 18 11 130 119 217 197 58 107 144 0 167 235
53 89 67 69 68 30 230 112 101 226 242 76 83 24 149 180 88 228 118 110 205 182 117 46 55 170 225 16 107 187 122 164
38 160 4 153 205 131 168 200 22 180 208 139 224 200 114 192 89 200 226 145 6 115 79 145 28 0 143 125 213 12 28 134
49 141 67 206 20 162 74 119 213 0 218 70 113 226 176 228 120 170 30 236 187 155 12 191 56 172 130 64 63 170 240 44
93 18 126 101 36 46 81 16 96 142 55 0 87 19 131 122 20 132 76 62 152 180 225 8 195 233 33 148 224 163 66 97
105 48 113 100 101 28 113 16 105 8 52 40 158 31 132 182 134 212 220 8 137 96 176 192 199 249 32 130 66 128 66 33
237 50 248 101 36 46 113 16 96 174 55 44 215 19 131 59 20 4 76 62 152 244 225 8 199 233 97 132 224 163 66 97
3 143 3 158 20 131 170 230 86 1 88 70 96 234 180 228 121 106 18 141 167 184 12 255 32 46 138 128 28 10 48 172
49 79 95 236 52 134 103 119 213 136 254 70 115 225 176 96 120 230 14 110 233 187 32 175 241 172 166 128 120 186 240 41
72 48 56 96 33 76 81 16 105 8 52 8 159 23 0 48 132 21 221 8 137 96 176 0 195 249 32 16 66 128 67 35
3 143 3 158 20 131 170 242 86 1 88 70 96 232 180 228 89 106 18 205 167 184 12 255 32 46 138 128 28 10 56 172
2 143 2 158 23 131 186 230 22 4 90 163 96 234 50 64 121 123 147 129 34 186 10 255 32 38 138 131 21 14 60 138
98 32 242 144 108 201 185 71 234 29 176 25 172 136 86 27 202 163 67 1 150 107 194 193 20 24 90 123 69 8 215 203
8 48 16 185 77 213 177 95 142 57 84 2 140 151 98 141 77 57 178 16 3 94 90 209 149 209 155 237 18 12 45 185
16 157 27 236 18 199 87 127 71 64 232 34 119 243 32 32 250 187 6 224 91 171 48 63 241 237 2 10 121 10 161 186
104 48 56 96 33 77 81 16 105 168 52 8 159 23 64 48 132 149 93 8 136 96 240 0 195 249 33 48 66 128 66 35
35 134 2 155 92 147 170 232 22 1 88 86 96 200 184 196 89 10 19 165 39 178 79 255 60 6 155 236 29 14 184 140
66 184 150 184 137 237 16 79 175 29 168 25 174 214 96 91 129 51 239 16 26 75 210 241 153 208 26 123 144 68 135 90
134 149 147 159 147 228 190 175 30 15 75 53 228 126 40 64 149 83 147 147 118 216 24 119 45 54 95 195 144 82 165 83
3 219 16 155 61 157 188 238 30 73 88 71 172 138 166 196 205 43 147 69 199 184 83 247 36 22 26 194 26 28 137 157
217 221 115 84 161 84 79 183 241 202 174 12 59 60 151 183 7 226 220 78 253 73 180 43 123 233 36 152 98 244 234 125
176 251 127 65 50 203 119 117 116 44 118 40 119 85 128 49 50 184 78 106 112 188 33 61 253 136 36 64 97 138 198 169
189 164 229 70 158 19 79 248 83 226 188 206 83 96 153 52 89 198 116 174 249 227 109 46 122 239 229 20 239 250 114 36
61 85 81 79 84 95 230 120 101 224 251 72 83 80 157 180 120 204 86 106 201 178 125 12 55 172 33 4 107 187 82 164
2 173 146 129 147 230 190 167 62 165 74 19 140 62 72 64 177 95 147 145 18 152 1 255 45 54 158 71 128 84 165 138
6 190 148 159 169 196 182 172 190 159 66 49 236 246 72 75 149 127 171 3 114 88 139 115 45 54 95 175 128 112 133 27
99 184 144 184 205 253 208 67 139 127 160 29 174 154 102 154 201 43 251 17 22 111 210 243 155 222 90 123 216 76 219 78
80 171 138 184 178 160 123 151 50 5 206 165 183 167 66 80 102 191 109 148 26 155 131 49 248 165 190 201 160 192 174 91
250 77 108 78 138 80 71 246 129 196 140 171 99 229 179 87 104 242 253 194 104 11 190 47 242 225 229 153 55 255 252 122
169 68 125 117 52 10 107 48 116 234 118 80 211 33 144 113 59 204 126 106 233 244 101 14 228 187 49 0 103 176 64 161
134 6 148 149 163 42 180 7 60 159 67 49 204 50 13 207 163 23 170 161 52 212 3 194 4 50 94 135 128 116 165 7
90 50 112 224 35 88 88 16 45 140 52 169 159 31 192 80 166 149 221 0 128 64 160 192 214 249 34 131 38 132 7 19
39 134 12 155 220 131 138 200 22 17 208 211 96 202 58 64 89 10 34 133 38 178 79 247 60 6 143 109 29 8 184 132
104 48 120 96 32 77 81 16 105 136 52 40 159 23 0 48 134 21 93 8 136 96 176 0 195 249 32 144 66 128 70 51
2 12 6 159 28 131 174 104 148 18 210 2 224 232 48 65 120 98 59 163 96 225 75 253 32 34 203 128 21 40 48 128
104 48 56 96 33 77 81 16 105 168 180 8 159 31 64 48 132 148 93 8 136 96 240 192 195 249 33 48 98 128 70 51
80 56 88 224 34 76 25 18 45 160 48 168 159 31 64 16 166 149 93 0 0 72 144 64 211 225 43 178 32 128 7 19
104 48 56 96 33 77 81 16 105 136 36 8 159 23 0 48 132 21 93 8 8 96 176 0 195 217 32 16 66 128 66 34
49 207 67 206 20 150 78 240 197 0 218 70 113 226 180 228 120 234 30 238 201 171 28 189 178 174 130 0 63 170 112 44
0 28 30 157 44 198 180 38 158 22 210 35 244 254 32 65 206 119 123 1 96 201 83 125 225 51 250 11 16 120 53 219
45 1 113 101 116 14 107 48 105 232 126 72 219 19 145 52 94 204 70 106 201 176 97 12 103 249 33 4 98 171 66 161
105 48 113 68 109 93 120 16 105 160 180 8 138 25 212 182 138 212 78 8 137 98 240 192 23 216 1 50 67 136 66 165
2 141 2 158 20 131 170 224 22 0 88 2 96 200 49 64 88 106 19 195 34 186 10 255 32 38 138 136 21 11 48 136
2 143 10 158 22 131 178 230 22 4 88 163 97 234 58 64 89 107 3 129 38 186 10 255 32 38 170 9 21 10 60 138
39 134 12 155 220 131 170 200 86 17 208 211 96 202 58 192 89 10 34 165 38 178 79 255 60 6 159 109 29 12 184 140
2 141 2 158 85 195 174 230 22 0 90 2 96 250 48 64 121 106 19 193 34 154 10 255 33 38 138 137 21 14 52 138
153 141 79 254 20 135 206 242 84 0 218 70 113 226 176 224 120 234 30 238 171 185 28 191 224 175 170 0 61 138 120 168
99 34 112 65 109 25 232 64 105 32 240 10 139 8 22 146 234 197 70 1 140 114 196 192 22 88 130 49 79 140 90 132
104 48 57 96 33 93 81 16 105 168 52 8 159 23 64 52 132 148 221 8 136 96 240 128 195 217 33 48 66 128 70 51
54 160 4 153 207 67 176 200 22 180 240 139 192 200 98 64 249 137 235 149 6 115 207 144 29 2 143 127 149 12 124 198
97 48 121 64 100 29 121 16 121 72 180 8 154 25 148 52 158 196 86 8 137 96 244 192 7 216 0 18 67 136 66 165
97 32 121 68 108 29 249 16 105 168 116 72 154 27 212 50 142 196 70 8 133 114 240 192 87 152 1 50 66 136 66 165
130 143 132 190 147 224 182 167 158 23 73 181 236 98 42 192 129 99 139 5 118 73 8 255 168 54 158 67 144 68 173 94
82 40 90 225 2 72 120 66 45 0 178 3 157 27 68 80 230 149 127 128 0 65 145 192 213 248 139 129 32 0 47 2
61 134 72 251 156 131 75 248 86 33 252 210 115 225 184 96 89 202 6 188 187 178 111 63 248 175 167 116 61 138 240 160
105 48 56 96 33 93 81 16 105 168 52 8 158 31 64 54 132 212 93 8 137 96 240 192 195 249 37 48 66 128 66 35
35 34 112 193 108 9 232 64 105 32 240 11 139 8 20 18 234 197 79 5 140 115 196 192 22 24 130 49 69 136 90 132
49 135 73 235 28 131 75 216 86 1 216 194 115 193 184 96 89 138 2 236 139 178 79 191 236 142 175 108 61 138 240 160
82 8 158 157 13 194 176 66 174 132 194 3 132 186 32 66 232 245 235 129 4 201 147 224 149 34 202 3 16 40 61 6
34 34 68 137 77 11 224 72 30 180 240 139 192 200 118 0 121 136 235 149 8 115 79 208 28 0 143 61 21 8 124 130
131 143 3 158 20 135 170 238 86 1 88 70 96 224 188 228 121 106 2 204 167 186 28 255 40 46 138 8 29 10 112 140
99 34 112 193 109 29 248 64 105 32 240 11 138 8 20 146 234 197 95 5 140 115 196 192 22 88 130 49 71 140 90 132
41 77 32 45 124 159 206 111 87 100 232 13 179 40 22 32 88 170 66 109 204 186 85 63 228 124 132 56 95 156 218 204
80 203 10 168 154 129 95 183 166 5 202 133 183 135 32 80 246 187 109 197 90 137 65 61 249 229 174 209 48 2 165 90
34 34 68 137 77 11 232 72 31 180 240 139 192 200 86 0 121 136 235 149 4 115 79 208 28 144 143 63 85 12 125 198
105 32 113 68 109 29 248 16 105 168 244 72 138 25 212 182 138 196 70 8 133 114 244 192 23 216 1 50 67 136 66 165
0 168 19 88 89 253 49 71 175 5 226 0 172 151 36 244 225 59 234 16 3 219 178 115 23 180 18 43 194 64 167 170
177 157 87 236 116 134 103 119 85 8 250 70 115 241 48 97 124 162 30 108 249 187 49 175 113 174 166 0 59 136 240 41
74 167 58 186 155 225 57 71 174 21 204 177 172 215 104 80 231 27 239 144 18 11 130 87 249 181 26 235 144 0 167 107
37 72 67 69 68 31 198 112 68 226 250 76 115 24 149 164 88 236 114 110 205 182 117 46 39 188 1 16 73 187 90 172
81 75 66 133 100 30 238 52 101 200 254 70 115 8 183 96 124 228 54 239 205 184 85 236 54 104 166 0 111 186 120 12
2 143 10 158 86 131 190 230 22 5 90 163 96 234 34 64 123 123 131 193 38 186 10 255 32 38 154 11 21 10 60 138
39 162 0 155 221 147 138 200 86 49 208 211 192 200 56 192 89 10 130 181 54 114 79 183 60 6 143 109 157 12 184 132
19 141 71 222 20 135 106 117 213 0 218 70 113 226 180 228 120 170 10 236 187 187 28 255 56 46 130 64 61 138 240 44
104 48 120 96 33 93 81 16 105 168 52 40 158 31 64 54 134 212 93 8 136 96 240 192 195 249 37 176 66 128 66 35
124 48 190 96 41 60 81 17 233 189 182 45 31 27 74 27 132 149 236 56 156 97 177 0 211 249 112 213 226 128 78 67
91 184 186 48 235 252 16 71 235 27 180 56 46 154 70 59 167 179 254 17 22 111 146 193 155 209 82 107 200 68 171 15
131 143 3 158 20 135 174 230 214 1 88 70 96 224 180 228 121 106 2 205 231 184 28 255 40 46 138 0 29 8 112 172
72 48 120 96 32 76 81 16 105 136 52 40 159 23 0 50 134 85 221 8 136 96 176 0 195 249 32 144 98 128 67 35
131 143 7 158 20 135 170 230 214 0 218 70 96 234 180 229 121 106 18 141 167 185 28 255 32 46 138 0 28 14 56 140
11 48 16 153 77 149 177 79 142 53 212 42 140 150 98 140 236 57 202 16 6 26 98 208 151 209 155 59 18 12 13 207
5 18 123 101 36 14 107 16 100 204 119 96 215 19 145 122 54 116 28 106 129 176 33 8 197 169 98 128 32 163 97 97
181 207 64 30 214 129 206 252 84 130 88 247 97 96 184 193 95 226 4 239 238 110 13 63 40 42 165 192 61 186 248 140
2 141 10 158 148 227 174 239 22 3 72 2 112 232 48 64 89 42 19 129 50 184 24 255 40 38 142 0 148 74 176 136
125 64 113 71 5 30 110 16 105 192 227 8 219 73 29 247 58 196 80 106 201 176 125 236 103 249 0 0 99 191 66 36
144 207 77 190 150 192 135 237 20 192 200 227 113 100 185 65 88 226 8 231 105 201 12 63 232 35 239 144 61 122 176 24
106 176 82 176 109 201 176 71 136 85 48 31 172 140 86 139 202 35 211 1 18 107 210 209 21 17 90 107 199 12 223 218
2 135 154 129 148 162 182 167 62 141 74 51 132 42 40 64 209 95 163 145 54 152 1 102 44 55 158 71 128 64 173 138
61 64 112 69 5 30 106 24 101 224 239 74 219 8 21 180 88 204 80 110 141 176 125 136 199 255 1 4 111 191 90 36
16 222 126 109 34 139 119 244 164 12 246 40 247 67 128 17 38 180 110 106 72 185 33 61 225 170 96 16 97 146 70 43
208 255 94 121 176 138 127 181 180 12 230 173 55 199 2 81 38 185 77 220 122 137 0 61 248 160 36 64 96 128 166 59
52 34 72 171 78 9 226 72 6 164 217 138 131 193 249 0 88 136 98 218 10 50 79 144 148 132 161 45 245 171 88 128
101 105 64 6 76 9 226 72 232 160 185 202 195 72 93 26 120 196 70 107 72 35 204 232 20 28 163 60 77 187 90 128
131 217 20 159 61 133 188 239 158 73 80 71 172 154 54 68 204 43 27 5 231 56 83 255 165 84 26 138 24 28 25 159
2 8 6 159 12 131 140 40 150 18 210 2 224 232 48 67 88 226 127 163 104 227 75 253 148 178 203 152 20 40 48 0
64 56 27 240 34 205 57 18 172 44 48 169 151 151 0 80 166 49 93 0 0 9 144 96 197 193 43 176 0 128 7 115
104 32 56 96 33 77 81 16 97 128 36 8 31 17 0 48 128 148 80 8 8 96 176 0 195 217 0 17 66 128 70 34
49 201 67 206 28 151 74 228 199 0 200 70 115 192 52 228 120 234 26 206 207 171 30 189 178 172 130 8 61 138 120 140
16 30 190 189 36 198 181 39 188 14 210 163 181 190 34 67 228 119 43 129 36 217 19 45 193 163 250 129 0 120 53 91
169 33 115 69 116 30 107 50 97 232 118 72 155 1 149 180 30 204 68 104 201 176 101 140 102 249 33 0 103 168 66 161
32 142 10 190 86 131 131 236 22 5 88 179 113 234 40 64 89 59 3 129 34 170 11 191 120 166 187 9 21 10 180 138
54 134 12 185 156 131 138 200 86 53 208 195 192 72 58 192 217 138 42 165 62 99 79 159 168 6 143 117 29 8 56 132
25 13 70 254 20 134 110 120 212 2 222 70 115 227 176 229 120 238 14 238 105 187 29 191 240 239 163 0 63 234 120 32
97 32 123 65 100 89 249 64 121 0 116 8 30 155 148 48 186 205 86 8 129 112 176 194 87 188 2 2 69 136 67 167
35 40 90 149 109 137 232 64 239 160 114 11 140 136 118 146 234 237 74 1 4 241 196 192 22 24 3 35 77 8 75 134
50 34 6 161 77 75 160 72 30 180 210 139 195 136 118 0 249 205 107 1 12 243 203 144 156 208 143 55 117 8 85 194
154 135 4 159 155 147 150 175 150 87 201 247 236 104 42 199 209 67 233 231 118 73 14 191 168 34 223 195 20 86 189 78
97 32 123 65 100 13 249 80 105 0 240 8 154 26 148 50 238 213 86 8 129 114 244 192 23 56 0 18 77 136 67 161
66 40 90 179 98 200 121 64 173 36 242 131 157 207 0 80 230 181 127 128 0 89 144 224 213 177 139 129 0 0 39 2
34 32 112 233 77 9 232 64 105 32 240 11 139 8 22 2 202 205 78 1 12 115 196 192 21 216 2 49 69 8 90 134
61 134 65 185 156 131 67 248 86 101 244 210 115 193 184 100 89 138 34 188 59 178 111 159 236 143 165 108 53 136 240 160
53 165 1 171 220 135 195 200 86 33 200 2 115 193 120 64 89 138 2 188 27 50 95 191 249 140 135 124 249 138 240 160
0 8 158 191 13 194 184 66 190 164 194 3 229 226 32 66 224 119 106 129 4 217 129 236 149 163 222 1 0 40 53 10
56 34 4 137 13 11 160 72 22 180 210 139 194 192 98 192 121 140 235 145 8 243 203 152 156 130 143 55 17 12 29 130
32 32 82 197 77 159 224 64 127 164 242 11 138 136 86 18 250 237 74 1 4 243 209 208 151 24 131 35 69 8 91 134
50 32 7 161 13 79 160 72 30 180 210 7 195 136 114 64 249 204 111 17 12 243 219 156 157 210 143 53 85 8 21 194
99 32 115 65 109 29 248 80 105 224 244 72 138 25 212 182 238 213 86 8 133 114 244 192 23 88 1 50 79 140 74 133
177 205 87 220 84 134 102 127 85 0 242 66 115 113 180 229 120 174 34 44 249 175 19 159 49 170 82 8 123 136 240 40
40 169 32 41 93 223 192 103 71 37 236 9 163 169 18 144 200 170 67 13 30 58 116 157 175 93 145 113 115 14 222 234
80 203 3 174 48 130 78 181 52 8 194 229 247 195 32 81 118 173 61 228 72 152 65 61 240 160 170 128 56 146 160 27
24 203 123 238 114 195 107 117 133 12 244 163 61 71 32 65 126 187 7 232 74 154 32 253 245 160 162 128 50 138 164 235
55 162 4 153 157 147 138 200 30 49 208 195 195 200 122 192 217 10 175 181 62 114 79 159 172 86 143 117 149 12 56 132
64 233 19 88 217 253 180 71 255 1 234 8 172 150 68 180 128 59 234 0 22 107 194 113 55 182 18 91 64 64 175 174
104 48 113 64 99 93 121 80 105 136 52 40 158 31 132 52 166 148 223 8 129 96 160 192 215 217 32 146 98 128 70 35
10 161 19 218 91 193 49 79 63 1 105 176 172 215 104 212 247 155 139 144 18 11 2 213 159 148 18 107 146 0 167 170
49 73 90 77 68 30 230 100 100 128 254 10 115 152 181 160 120 236 82 110 205 187 21 44 50 172 4 0 105 186 90 140
98 176 186 58 107 237 49 71 235 29 112 57 46 155 102 26 167 187 231 17 22 107 146 209 95 221 82 107 210 0 231 203
26 56 56 153 13 157 176 71 143 53 132 19 175 154 102 76 236 59 219 144 14 137 83 144 131 209 154 123 18 12 13 206
145 205 71 158 92 151 234 104 213 0 194 70 112 226 180 229 120 168 10 236 105 187 20 253 56 42 131 64 61 138 120 140
147 140 6 159 29 151 170 236 214 16 210 70 224 234 60 197 121 98 26 173 167 171 95 255 180 42 203 16 29 12 56 140
88 49 176 96 171 92 80 23 171 29 188 41 158 159 66 26 166 149 253 16 28 107 130 192 219 217 114 255 194 4 143 75
92 17 254 224 34 66 89 17 161 173 191 161 95 31 202 122 166 149 253 176 24 129 161 128 210 237 32 215 162 162 46 83
125 125 251 98 226 108 199 216 226 218 61 8 83 245 217 58 63 218 84 122 139 35 186 34 121 205 37 60 231 243 66 113
152 207 12 190 152 2 15 189 148 26 205 246 115 97 184 65 89 194 60 235 235 205 79 63 232 163 237 148 60 250 176 56
106 48 8 144 77 157 176 71 136 21 181 27 140 156 82 142 236 49 211 17 22 43 210 193 23 81 154 123 199 12 91 158
66 184 148 184 41 205 16 71 171 29 160 41 174 158 68 91 129 179 237 16 18 75 194 241 153 210 90 123 144 4 143 11
2 141 2 158 28 129 170 232 22 0 89 2 96 200 57 64 88 106 19 195 66 162 10 255 32 38 138 136 20 27 48 136
57 237 33 92 221 213 69 231 199 64 172 10 50 180 54 52 73 162 82 136 75 43 114 61 123 204 148 121 115 12 246 110
209 24 31 189 32 14 105 50 180 74 226 69 247 55 1 81 164 37 125 100 33 145 17 29 197 162 106 128 40 48 35 27
6 190 149 187 187 231 191 174 158 255 137 181 252 246 107 195 151 95 251 51 51 73 155 127 173 7 255 254 152 117 133 115
131 220 25 191 52 141 172 111 30 75 80 85 180 154 48 97 212 43 31 5 231 156 83 95 165 150 58 138 24 8 129 217
72 50 182 240 161 252 112 23 171 125 54 125 142 159 194 158 167 21 253 16 150 105 130 192 154 217 114 211 202 132 143 91
54 123 2 140 93 193 134 200 23 172 248 15 34 192 101 148 216 232 130 98 72 35 90 187 49 20 141 63 83 63 54 134
100 107 2 134 68 11 230 192 64 168 248 107 67 200 149 0 56 236 70 111 72 51 204 42 52 4 163 188 65 59 122 129
117 164 237 94 222 19 199 248 83 226 244 206 83 232 221 180 89 206 52 174 173 242 239 63 122 47 229 52 253 248 114 36
185 76 230 119 36 59 100 34 117 166 247 24 203 33 150 253 123 236 110 42 232 244 77 142 198 255 113 1 103 248 90 36
49 205 2 138 221 149 70 237 87 0 249 2 98 200 62 192 216 170 2 206 78 170 90 191 59 28 134 105 25 10 248 142
88 28 151 191 151 206 62 38 188 194 194 135 239 62 33 67 226 103 189 163 100 217 17 238 169 231 94 3 32 116 37 90
53 134 4 169 157 11 64 232 22 48 144 71 194 96 58 193 217 196 106 165 46 225 75 157 188 2 207 117 24 12 24 0
19 134 12 169 28 15 202 200 30 184 210 71 199 8 18 64 217 132 110 165 44 225 79 157 140 210 207 117 28 8 25 132
19 132 5 159 29 7 130 232 214 17 208 86 226 104 60 197 217 66 106 173 47 97 95 253 168 178 223 94 28 44 248 140
57 140 6 254 20 134 79 248 86 10 222 70 113 227 184 228 121 234 62 174 107 187 27 191 241 239 179 0 59 170 120 8
32 134 13 187 158 131 131 236 22 17 216 211 245 225 40 64 89 26 43 177 42 227 75 63 236 134 191 76 53 10 180 168
17 40 94 177 102 139 184 64 252 32 114 3 140 202 54 0 250 45 74 5 4 241 4 192 148 152 10 3 77 8 43 133
32 32 251 80 71 203 249 64 121 160 112 10 24 217 116 48 250 237 2 9 1 242 148 202 23 28 3 41 101 8 99 162
18 34 12 161 60 139 224 72 142 164 146 7 207 128 48 64 232 165 111 5 8 241 65 220 132 146 139 17 20 8 21 130
33 32 123 65 102 73 249 64 105 32 112 10 25 154 20 48 106 141 70 9 129 242 212 192 85 24 34 32 109 136 99 160
2 32 30 177 98 202 57 64 172 4 82 3 253 195 32 64 230 61 123 129 0 209 130 192 213 177 171 129 4 0 37 131
48 32 64 165 13 13 224 64 109 36 176 11 143 8 22 144 232 141 238 1 12 243 209 192 149 216 131 51 65 12 75 134
37 162 1 201 220 195 227 216 87 248 212 78 211 193 240 100 89 136 34 188 43 242 111 159 29 14 165 100 243 136 80 228
37 172 1 155 221 135 195 234 86 161 224 10 240 192 113 228 89 202 2 188 59 114 90 191 61 6 135 124 153 8 112 160
16 10 158 191 6 138 40 64 188 132 66 3 237 226 32 64 242 111 42 129 0 217 130 237 212 227 254 1 32 32 45 138
50 32 4 161 13 15 224 72 15 164 182 11 198 128 66 134 232 204 239 5 12 99 203 208 157 146 143 51 51 12 61 134
16 32 94 165 79 79 240 64 254 164 242 3 143 216 86 18 250 205 106 1 4 243 211 192 149 208 139 51 65 8 103 198
16 32 15 169 29 207 225 72 158 244 210 3 214 148 0 64 249 172 111 1 41 241 89 220 157 146 143 20 16 8 21 242
33 32 242 193 111 29 248 64 105 160 240 74 14 152 84 182 234 205 78 1 133 243 212 192 23 216 3 42 79 12 107 133
106 50 115 64 98 89 121 80 105 132 116 168 12 159 132 54 38 213 95 8 128 115 160 192 86 248 0 130 103 128 70 167
131 72 71 157 93 135 232 96 212 16 194 2 112 194 53 229 104 160 58 239 109 175 23 221 16 42 194 0 29 9 120 140
81 75 3 174 48 130 111 52 52 72 74 228 247 195 161 80 86 237 61 239 73 144 65 63 244 164 170 128 56 178 33 41
41 8 115 69 116 30 233 51 125 224 118 72 155 9 151 180 122 172 86 40 201 184 101 206 70 253 32 0 103 172 90 237
8 203 83 238 112 131 107 116 5 12 122 230 125 71 168 64 126 184 7 234 72 154 0 253 228 164 162 128 54 138 36 187
0 233 18 88 249 141 180 71 239 9 232 0 172 178 36 116 128 59 234 0 82 169 194 117 37 180 22 75 64 16 175 142
125 63 234 98 202 50 79 216 195 228 189 238 83 233 251 146 62 236 196 254 217 35 172 40 250 205 165 188 239 243 234 81
44 97 90 74 93 217 211 204 235 5 44 8 10 209 111 48 168 136 66 88 6 35 186 113 91 221 0 111 211 19 110 130
49 73 90 79 22 26 230 100 100 128 246 106 115 152 181 96 122 236 70 106 204 187 5 45 48 173 32 1 101 186 106 140
206 135 4 158 139 147 22 173 150 87 193 245 236 100 42 199 213 71 233 231 126 77 79 191 168 114 221 223 30 116 152 94
161 136 85 221 93 150 192 47 85 17 242 82 242 16 180 101 72 160 42 44 123 175 67 221 6 250 82 66 123 136 120 172
90 179 212 160 43 16 24 23 169 121 154 237 141 31 194 218 166 149 253 144 158 11 130 192 154 209 122 251 142 132 175 95
90 179 208 160 107 24 56 86 171 29 184 109 142 159 194 26 166 149 253 16 150 43 130 192 154 209 50 251 194 132 11 27
33 176 185 64 125 205 211 74 3 237 188 8 178 157 68 52 153 56 83 25 11 42 250 17 75 221 17 126 208 10 86 234
18 168 30 187 13 221 80 70 143 17 131 17 175 154 102 202 194 51 223 17 30 9 82 241 131 208 26 91 24 12 9 14
60 193 10 154 92 129 138 232 22 0 217 2 112 200 56 64 89 74 19 227 66 35 10 253 176 5 139 44 21 59 48 128
74 186 178 176 43 188 56 87 171 89 60 237 174 158 198 254 167 51 253 17 151 9 146 241 154 208 26 234 138 4 15 95
92 81 190 53 170 76 29 165 164 156 134 1 223 63 67 91 166 215 237 65 76 193 147 0 195 227 127 149 160 112 141 75
206 141 180 191 187 247 30 170 150 242 142 177 205 119 169 231 151 119 249 186 113 201 11 191 233 87 207 215 146 245 133 54
26 32 24 179 13 221 176 66 136 21 165 27 143 152 74 138 168 171 219 17 30 47 210 161 151 209 26 123 211 13 155 134
129 220 31 189 52 239 165 55 30 75 90 112 180 54 160 96 199 59 31 9 227 156 99 63 228 166 58 128 16 88 161 43
42 127 82 140 127 181 150 246 31 138 120 111 44 248 165 148 221 251 134 67 197 62 66 255 54 84 37 171 91 125 74 159
66 184 20 184 105 205 16 70 171 25 160 41 174 158 64 90 130 177 239 80 22 11 194 241 159 208 26 123 144 0 7 11
53 164 237 95 220 7 199 184 86 242 118 78 115 232 158 33 89 238 114 44 173 242 255 63 110 46 229 52 253 232 82 160
55 102 96 13 110 59 206 120 71 230 189 239 67 44 223 164 31 196 246 111 205 50 109 154 54 78 97 180 127 255 90 213
37 168 7 155 213 199 227 234 86 160 112 2 224 192 112 164 217 42 2 29 43 250 90 191 61 22 143 100 153 8 120 166
24 2 158 191 22 130 96 88 182 132 66 135 109 227 42 64 114 239 46 128 34 209 11 237 208 227 239 1 32 32 37 130
16 32 127 173 15 75 177 72 126 36 242 3 143 158 0 0 248 221 110 129 8 243 227 192 213 240 139 35 97 8 103 226
41 130 4 154 124 149 67 252 86 29 212 86 227 225 186 196 217 42 34 140 171 98 127 183 78 190 179 12 26 136 248 172
17 46 94 157 18 146 170 64 252 4 82 130 205 194 162 96 126 109 42 137 36 209 5 206 180 39 42 1 45 0 41 133
72 2 15 165 76 203 97 64 175 164 210 135 207 131 32 208 98 165 238 4 0 145 209 220 213 179 107 17 48 8 5 48
33 32 83 197 78 79 225 88 124 160 246 74 154 153 84 48 122 204 66 136 1 242 211 192 85 136 3 40 109 8 99 160
114 0 5 165 13 79 97 8 175 224 178 10 222 23 0 84 232 148 127 8 9 145 211 212 149 178 131 18 58 8 20 114
37 162 7 217 220 223 227 216 86 248 116 78 64 192 244 164 89 168 34 28 163 242 111 159 29 30 133 36 83 136 84 244
49 48 82 229 38 31 248 64 125 160 242 78 143 138 84 166 250 205 78 1 141 243 215 192 148 216 3 18 77 8 107 132
81 22 12 173 60 15 224 56 206 176 146 71 215 8 18 65 235 132 110 53 173 241 95 156 156 146 111 20 60 8 89 0
128 160 19 251 121 141 177 81 175 25 113 24 188 155 100 24 175 59 71 16 18 62 18 241 77 152 18 106 81 1 167 163
97 8 6 157 76 163 160 104 196 18 194 2 240 226 181 111 72 36 106 168 32 231 71 221 4 42 210 1 17 40 112 140
73 74 3 141 112 14 107 48 52 72 66 68 247 67 161 116 86 172 28 110 233 144 101 63 228 172 162 128 58 179 34 41
145 74 94 111 22 26 230 112 100 128 242 102 99 64 165 192 58 228 78 106 204 182 5 44 48 169 32 1 109 187 104 140
199 159 132 159 171 179 30 175 158 123 1 245 228 236 14 207 149 71 185 167 246 76 207 247 172 54 223 255 156 119 153 21
169 8 114 69 116 218 248 99 125 64 118 24 43 9 150 180 234 172 22 8 173 188 53 206 6 253 16 3 103 140 98 172
0 171 16 27 249 137 180 103 254 29 104 24 164 162 68 16 129 59 234 16 82 8 194 117 44 180 30 107 80 64 135 142
54 205 10 170 92 197 207 232 22 0 201 10 113 200 121 64 89 200 19 227 74 35 26 191 241 133 139 61 21 59 112 128
66 187 161 130 106 196 56 6 171 89 152 237 172 142 70 70 166 19 255 213 135 9 146 241 157 16 154 250 12 6 1 95
37 246 97 65 124 31 235 248 83 248 53 76 19 9 220 52 29 204 86 254 233 118 253 30 30 28 165 252 79 171 82 165
66 187 208 160 106 136 56 68 171 17 48 237 172 158 68 214 166 153 221 209 135 11 130 193 156 208 26 234 12 4 11 29
67 184 18 146 123 188 184 71 171 89 56 253 172 158 100 246 166 59 223 21 151 11 146 241 154 80 26 234 136 4 43 31
66 128 30 184 45 201 16 7 174 17 130 25 174 218 104 75 194 163 111 17 6 13 3 209 145 144 90 91 16 8 137 6
33 136 85 221 108 139 224 39 205 17 242 80 240 144 180 109 200 50 106 8 3 172 67 213 5 58 210 82 80 8 80 172
20 31 63 239 176 226 39 179 164 200 218 98 247 119 161 96 70 118 61 98 153 137 99 45 232 165 174 128 144 115 165 49
214 88 148 182 43 64 24 134 187 179 130 185 236 254 69 219 167 117 237 129 36 69 139 96 152 242 95 155 128 53 47 31
214 141 23 215 169 163 14 170 159 178 2 242 76 99 165 207 147 119 253 98 120 217 11 191 170 242 205 150 18 245 136 12
101 172 237 95 204 7 197 248 86 250 242 78 115 233 156 35 89 78 106 45 169 114 255 61 92 42 229 60 253 232 80 224
33 20 95 69 36 31 224 123 100 234 250 108 83 56 148 33 62 52 86 40 205 176 117 14 6 175 97 128 77 168 74 149
197 77 183 84 9 86 37 162 252 242 198 0 116 243 33 123 160 102 104 106 97 197 179 42 115 163 71 16 2 113 37 42
82 242 80 136 59 137 24 69 171 53 177 173 142 154 78 20 166 145 205 208 78 15 194 209 154 208 26 251 24 6 131 7
84 247 203 34 154 8 15 253 162 113 137 237 87 229 200 18 55 219 85 246 219 75 142 53 248 132 45 252 109 210 131 49
212 236 158 54 139 34 86 173 250 146 169 25 111 232 91 154 147 207 104 35 110 69 154 43 232 231 93 61 224 115 203 2
50 217 43 222 140 197 87 167 151 76 200 1 162 213 37 68 200 122 43 74 74 26 122 181 227 242 212 11 16 26 244 126
72 2 95 165 70 201 104 64 188 36 118 199 221 163 32 208 114 237 174 8 0 209 129 192 212 227 43 1 4 136 111 161
33 48 83 201 78 13 225 88 127 164 244 74 152 153 212 36 120 204 66 137 1 242 251 192 21 24 131 42 97 8 98 164
214 142 215 150 170 147 14 162 150 170 202 234 106 226 165 214 179 239 108 226 104 221 143 190 184 230 253 146 164 112 8 13
84 236 220 62 155 34 86 170 50 183 224 25 103 235 75 26 17 239 224 35 110 69 155 43 248 231 69 61 224 112 234 2
220 159 127 236 154 134 79 181 164 192 202 198 247 247 33 67 70 118 41 234 249 137 53 44 233 161 199 0 60 176 165 120
183 226 105 193 206 51 202 232 86 240 185 234 81 72 221 160 123 136 23 255 141 114 109 158 28 8 173 244 101 187 90 132
0 167 16 58 249 233 176 239 127 21 105 41 174 160 72 148 129 27 194 17 22 58 194 245 61 84 18 107 208 76 135 138
70 166 159 151 170 248 185 11 170 191 27 249 132 230 194 142 167 119 253 145 22 77 171 194 140 54 127 239 128 69 7 117
185 74 86 77 18 26 110 48 100 0 242 196 243 66 165 240 122 228 6 238 205 182 69 13 38 233 34 0 121 179 104 140
183 107 104 4 14 27 206 104 87 230 157 143 67 108 215 32 62 228 247 239 236 243 109 158 114 76 205 181 125 255 90 84
176 205 103 172 87 194 195 238 85 4 242 2 35 89 50 69 120 160 2 233 106 171 5 159 48 44 130 65 119 140 116 234
65 3 142 221 12 130 160 3 236 17 194 66 192 130 176 238 72 36 42 136 16 169 195 192 4 50 218 0 144 8 121 4
195 185 131 130 106 132 56 64 171 89 145 207 188 158 124 102 166 27 127 213 131 11 146 241 149 16 138 250 12 6 35 29
195 41 16 162 58 141 56 64 171 17 176 237 172 130 68 144 166 153 95 213 7 13 128 241 148 144 26 250 12 128 3 141
168 30 120 105 100 185 84 114 89 14 117 123 63 25 160 17 142 57 151 42 224 180 64 159 70 217 48 163 119 136 78 139
1 21 115 69 32 126 224 55 108 105 122 96 187 60 132 240 174 22 54 8 145 184 113 12 7 189 48 128 73 192 195 185
64 192 154 186 105 205 56 71 170 25 129 25 174 146 96 90 225 147 107 17 2 11 130 209 213 176 90 123 144 0 161 11
98 242 91 168 122 137 169 69 174 20 177 237 150 138 108 16 166 185 79 195 70 7 2 85 176 128 42 252 80 18 7 99
4 168 18 250 233 141 177 194 175 25 176 16 156 219 96 31 175 59 67 24 18 79 18 241 141 152 26 106 80 1 163 163
65 128 23 219 44 173 161 3 238 17 114 80 228 130 164 238 192 34 106 8 19 45 67 241 4 58 82 82 16 8 65 172
17 48 29 165 12 15 232 72 109 224 242 6 159 26 16 34 234 205 110 133 141 242 211 192 133 216 11 16 104 8 43 148
67 176 19 186 59 164 184 66 171 89 185 93 188 222 108 248 166 59 223 149 135 11 146 241 153 216 26 234 152 4 35 159
