160 98 73 165 108 9 225 64 232 34 240 237 179 8 144 3 106 160 70 7 64 54 196 64 20 48 98 32 69 8 83 136
176 10 73 185 6 171 97 18 22 161 210 242 147 1 225 72 88 172 46 152 11 148 69 16 196 129 184 64 188 137 16 160
121 135 109 109 26 2 71 63 96 192 238 238 83 33 144 115 88 198 108 234 249 171 229 15 242 239 224 144 111 226 226 56
121 133 79 101 18 10 103 55 97 192 238 230 115 33 144 115 50 230 108 234 249 184 165 15 244 239 96 0 109 226 226 40
66 249 16 154 57 205 18 207 170 61 136 9 174 214 70 148 129 51 200 81 86 75 218 113 185 20 31 123 16 6 143 30
82 185 144 186 185 205 16 207 171 61 136 9 174 214 70 150 129 59 200 17 22 75 218 241 185 20 31 123 16 4 143 15
82 185 144 184 153 205 16 207 171 61 136 9 174 214 70 150 129 243 236 17 30 75 218 241 153 84 31 127 144 4 143 31
114 57 16 62 9 221 144 70 171 36 160 9 46 152 7 148 136 179 237 1 14 43 210 253 147 240 16 59 82 4 70 14
12 140 150 30 147 202 22 173 118 19 75 17 230 242 40 212 145 74 160 2 118 200 11 63 169 166 21 79 208 98 141 14
181 206 95 30 152 131 70 184 214 2 96 124 115 225 168 17 17 102 32 106 105 254 10 63 40 166 101 16 120 242 194 168
36 160 16 155 219 195 32 200 22 177 192 10 228 210 104 192 89 90 170 16 34 83 75 63 157 134 79 125 144 8 5 162
65 4 135 93 28 2 164 104 246 130 194 66 112 224 160 103 120 100 42 170 41 241 139 13 52 34 195 0 49 120 112 32
32 34 192 5 78 11 160 72 58 180 224 139 130 232 68 18 121 204 66 17 8 114 207 80 28 0 7 61 65 40 86 130
81 32 134 133 10 10 40 64 44 160 194 192 196 162 80 86 33 197 106 156 1 209 151 64 156 34 207 0 8 32 35 4
22 164 128 155 155 99 6 200 22 179 9 19 64 226 107 76 17 78 168 178 62 193 11 58 169 6 141 119 176 119 184 6
165 78 143 30 204 34 135 170 210 146 66 68 112 224 177 11 81 102 32 63 224 228 207 42 108 34 245 8 200 249 112 168
4 172 148 27 153 141 38 175 190 23 65 16 228 226 106 85 145 74 170 16 54 88 27 55 45 54 85 79 144 64 137 130
181 205 6 62 26 3 71 248 84 130 232 108 115 97 168 17 89 230 68 110 105 231 9 63 240 166 101 16 121 250 114 0
0 0 6 137 12 7 160 72 198 8 194 66 212 208 32 64 104 12 106 12 0 195 211 16 149 34 131 24 16 8 48 2
48 34 22 89 74 203 160 72 118 40 226 98 82 192 160 96 120 108 106 0 8 243 77 16 20 0 3 32 81 8 116 134
9 32 14 28 72 131 33 72 182 128 198 0 80 194 34 64 120 108 106 8 0 211 167 20 84 163 35 8 0 0 35 224
96 32 8 169 77 9 32 72 38 36 224 14 131 1 2 80 104 132 106 128 8 51 209 16 213 0 131 41 121 8 120 130
96 0 0 129 73 73 32 64 102 32 162 10 130 0 2 208 72 140 106 0 13 243 213 16 148 128 131 49 88 8 30 130
80 32 3 129 75 73 33 64 108 36 226 11 134 128 0 214 40 196 106 0 1 227 199 64 149 32 2 25 64 8 7 36
97 34 8 1 74 11 96 64 96 0 224 76 130 2 64 212 104 140 106 8 1 210 199 64 20 0 3 32 105 0 106 128
9 2 14 137 9 19 32 72 246 132 198 2 64 192 34 192 120 12 106 8 4 211 199 24 20 35 131 25 24 8 56 4
32 18 5 137 74 195 33 72 150 12 192 111 192 192 32 64 88 108 106 0 0 195 203 16 20 34 163 57 48 8 54 240
9 32 6 137 77 11 160 72 118 32 226 66 129 128 32 196 120 12 106 136 1 177 69 16 20 32 131 0 123 8 120 160
16 0 7 137 10 67 160 64 164 0 194 130 193 130 32 64 104 132 106 128 9 147 193 64 148 0 138 1 49 0 33 0
32 0 3 137 77 9 160 72 118 32 224 66 1 129 32 208 120 140 98 136 0 242 199 16 20 128 130 40 113 8 114 128
96 34 6 17 72 11 160 72 246 184 224 72 128 192 64 80 89 76 106 0 0 195 203 16 28 0 37 60 64 0 82 128
80 0 18 137 74 9 32 64 100 32 194 2 194 130 32 80 96 132 106 136 9 211 149 64 148 160 2 0 40 0 33 0
96 32 5 169 76 9 32 72 38 32 224 10 147 0 0 80 72 140 106 128 8 243 201 16 20 0 130 32 113 8 48 128
96 34 2 1 72 9 32 64 96 128 224 72 130 130 0 80 104 140 106 8 8 195 195 64 20 0 3 56 65 0 98 132
96 32 8 161 12 9 32 0 38 32 226 10 211 0 64 80 72 140 106 0 8 243 197 16 148 0 3 48 80 8 18 128
32 0 4 137 74 131 32 72 150 0 192 2 192 192 32 64 88 108 106 0 4 195 219 16 20 34 131 24 48 8 50 128
80 32 22 5 74 11 32 64 108 32 194 138 198 128 0 82 104 204 106 0 0 243 135 64 148 32 2 16 96 8 35 0
112 32 2 137 12 9 0 72 6 32 130 11 130 130 32 64 200 140 106 0 8 131 67 80 148 32 139 58 16 8 48 4
32 32 2 1 78 9 160 64 172 32 226 2 132 128 0 0 104 12 106 0 0 179 193 64 20 32 3 48 65 8 35 132
96 32 0 129 72 9 96 64 104 32 160 8 134 2 0 80 104 140 106 8 0 3 193 64 148 0 3 56 64 0 98 132
186 64 86 236 69 70 208 96 85 134 241 3 75 25 49 157 248 185 133 227 108 183 80 140 147 242 192 3 115 59 124 130
121 143 111 101 18 42 103 55 97 64 254 228 243 33 144 115 122 198 108 168 185 186 229 15 228 239 96 64 109 162 226 40
186 68 82 236 69 79 86 96 85 6 241 11 11 217 37 145 248 185 133 227 108 183 16 140 179 249 128 3 115 47 124 130
82 249 16 184 57 205 18 238 171 53 136 9 174 214 66 148 129 187 205 81 78 11 218 181 185 212 27 123 16 4 15 94
82 249 16 184 57 205 18 206 171 61 136 9 174 214 66 148 129 187 204 81 94 11 218 245 185 212 29 123 16 4 143 95
82 249 16 186 185 205 18 206 171 61 136 9 174 150 70 148 129 187 204 81 30 11 218 241 185 212 29 123 16 4 143 79
122 241 144 178 169 205 84 207 171 61 136 25 143 254 78 150 129 211 237 17 30 75 218 177 185 212 31 127 130 4 143 86
122 176 16 58 9 221 80 75 171 5 161 9 46 220 12 148 136 147 205 1 14 43 210 213 147 208 16 59 114 4 78 14
181 207 207 126 152 3 70 184 82 202 106 108 115 225 169 49 25 102 32 110 105 231 47 63 96 175 101 16 121 242 66 40
40 0 6 137 75 11 32 72 86 32 192 10 80 192 32 64 120 12 106 0 0 211 203 16 85 33 131 25 48 8 50 128
80 32 22 1 75 73 32 64 108 36 226 138 130 130 0 80 104 140 106 0 0 211 213 64 149 32 2 17 97 8 39 166
97 32 10 1 72 9 32 64 102 96 226 12 18 128 130 80 104 132 106 4 9 243 197 16 20 0 3 24 73 0 106 128
88 2 6 137 73 90 32 72 230 100 194 6 192 130 34 64 104 12 234 128 12 147 213 16 84 35 131 1 48 12 124 82
48 50 5 137 74 75 161 72 70 100 194 230 192 132 162 64 104 12 106 0 8 179 195 16 148 32 163 48 48 8 52 240
126 241 16 178 249 221 80 207 171 61 168 25 15 222 74 148 129 155 197 17 94 75 218 183 187 213 29 127 162 20 142 95
73 135 127 111 52 142 107 50 121 73 126 68 247 33 144 113 182 102 108 44 177 184 161 79 230 255 96 64 76 130 67 40
186 176 80 122 57 221 80 88 163 61 161 25 47 221 10 148 136 155 197 1 30 47 90 149 147 209 17 127 115 13 78 2
60 80 120 106 105 253 82 216 2 61 181 25 11 223 43 152 153 152 199 2 14 39 90 149 211 201 33 125 115 143 78 131
