201 84 41 139 141 244 39 23 196 78 159 54 184 22 163 230 73 162 190 134 171 6 245 163 245 225 162 136 58 95 188 119
51 154 236 188 44 253 216 198 223 87 220 175 163 172 55 40 206 187 231 129 142 47 118 185 147 215 218 187 85 93 95 222
58 143 226 131 245 22 255 247 21 5 222 167 8 174 182 196 253 203 135 151 220 186 1 234 254 5 142 193 175 222 252 217
172 175 104 219 197 233 101 214 87 23 124 153 179 167 99 77 73 154 135 10 18 58 250 160 239 145 102 41 242 219 214 242
54 21 250 149 211 123 151 107 121 111 255 191 78 52 167 61 127 159 134 33 61 243 53 206 181 6 52 183 233 108 143 245
216 122 42 17 48 28 49 17 60 110 151 245 182 6 130 81 54 4 236 68 233 213 161 74 224 177 50 145 8 128 39 113
141 127 74 3 195 124 103 214 108 78 109 20 153 134 66 212 37 202 130 202 245 148 188 98 103 193 38 33 107 87 239 241
185 34 3 123 52 187 96 85 119 9 99 116 171 128 152 188 248 42 134 28 143 180 201 17 134 217 48 0 90 206 218 140
73 162 149 7 40 43 105 12 238 177 3 112 253 131 208 214 163 68 104 94 3 76 207 113 140 184 55 100 2 131 129 40
152 131 83 105 53 138 96 39 125 0 114 196 143 3 4 212 178 143 204 76 83 184 129 221 164 248 2 64 70 132 227 168
63 23 21 188 233 63 20 107 29 222 249 125 79 60 35 169 223 155 150 39 189 211 113 156 177 211 120 158 208 124 138 213
0 136 143 91 52 235 97 15 126 83 99 208 241 192 176 104 65 42 42 24 3 220 95 95 12 38 178 64 152 136 81 56
45 87 23 188 232 55 84 111 149 74 248 249 223 254 35 217 223 179 214 39 125 195 96 12 176 247 124 154 144 124 174 209
208 118 25 177 32 107 65 22 125 110 246 124 135 6 130 93 49 140 76 32 233 244 225 14 144 246 112 179 32 89 7 119
148 252 75 83 194 233 103 246 124 70 107 212 195 226 73 17 35 202 2 210 115 148 188 98 44 4 22 32 233 83 131 208
244 151 139 165 148 64 103 251 132 142 154 102 227 114 161 194 121 224 14 162 121 3 72 142 188 198 175 150 161 122 52 131
52 27 239 188 190 227 91 67 148 204 219 163 183 255 51 88 234 185 61 151 28 139 98 42 219 231 175 153 181 105 52 83
143 140 98 90 161 49 158 230 93 11 221 152 239 41 189 45 223 91 95 15 168 79 109 254 147 94 126 219 150 221 51 45
4 176 133 83 232 201 32 129 238 81 99 213 242 197 72 31 73 122 106 16 19 112 222 113 12 16 87 104 200 11 215 176
87 89 134 19 139 47 55 132 173 123 139 89 214 118 9 123 229 215 252 83 28 193 89 96 181 34 78 86 160 87 131 119
233 229 41 26 237 121 101 231 240 103 165 24 139 36 154 189 25 130 202 46 120 111 232 50 119 211 116 57 66 220 222 232
20 169 158 18 194 11 164 228 60 55 194 0 100 50 72 25 161 222 106 210 50 217 139 97 61 38 86 67 192 114 171 136
29 200 82 211 71 176 186 212 68 17 85 82 157 211 105 237 106 122 130 218 2 180 30 240 87 201 146 97 183 159 41 160
82 177 149 182 169 120 20 15 171 215 139 57 238 190 78 222 129 87 237 17 30 73 211 193 153 246 94 91 128 100 143 94
212 107 189 167 40 76 31 176 164 188 139 129 247 247 73 66 166 117 125 71 72 1 203 32 225 161 47 152 32 115 5 99
245 251 17 186 170 141 22 196 185 42 177 108 246 211 73 25 220 219 76 83 106 39 200 49 176 208 44 250 72 91 131 3
87 100 51 178 163 41 28 231 57 3 154 57 142 58 29 217 247 243 93 37 252 215 192 234 178 222 94 146 164 116 163 15
253 111 197 37 204 27 78 188 83 230 176 205 211 1 209 155 88 196 100 238 237 118 205 24 230 201 229 52 111 251 90 216
58 81 120 225 135 83 94 117 1 32 182 34 11 29 36 160 238 149 149 224 88 190 49 132 243 217 132 199 119 156 236 43
241 51 81 3 114 74 97 84 41 69 226 188 50 6 130 84 110 140 66 64 139 158 245 71 20 4 0 0 105 130 70 252
101 176 105 51 76 237 163 112 224 87 97 189 243 220 74 34 105 184 67 6 149 54 252 34 85 0 2 40 233 11 87 210
97 143 76 69 52 10 99 55 112 160 110 204 243 33 144 52 16 230 108 44 248 248 101 15 230 175 96 16 99 136 82 40
82 232 18 186 25 197 18 204 171 21 168 9 174 210 105 212 192 187 236 208 78 11 154 241 185 244 10 123 16 23 47 14
210 249 144 184 137 205 20 207 175 21 128 25 142 214 104 198 193 147 237 81 94 75 218 241 185 212 30 127 144 4 141 14
138 84 26 152 133 246 176 67 156 71 199 22 140 166 43 205 249 35 138 33 37 199 48 194 145 55 218 27 138 125 45 212
29 104 131 179 5 189 98 212 87 9 81 82 171 131 232 205 120 40 130 222 11 244 10 176 134 209 146 106 187 159 121 164
91 53 34 4 75 94 54 127 97 238 174 140 123 60 130 183 52 244 222 102 197 43 181 140 243 249 67 191 107 246 43 255
57 32 43 137 4 235 193 64 22 101 214 138 146 132 163 104 88 140 142 31 11 182 117 24 193 161 186 16 4 25 20 112
224 105 108 26 74 217 177 65 174 84 228 8 190 196 198 48 32 168 234 72 70 45 238 113 84 33 33 57 81 0 79 202
242 232 114 90 29 221 210 232 235 12 160 9 42 216 54 180 136 177 204 67 206 47 250 255 187 88 1 123 83 6 78 78
73 15 76 101 52 10 111 55 120 164 126 228 243 33 144 16 22 230 76 44 232 184 197 14 230 191 32 128 78 170 66 41
168 110 65 115 65 169 102 150 52 10 114 240 163 1 128 156 89 136 70 74 75 182 68 35 36 224 176 160 99 159 210 173
5 19 15 19 160 174 105 16 108 89 115 228 215 198 152 249 166 14 124 92 147 176 167 96 132 170 98 192 200 131 225 49
153 193 120 195 38 152 125 148 108 16 86 130 153 19 216 96 102 152 63 218 194 148 111 192 199 201 166 133 55 146 161 169
56 32 66 33 135 216 97 70 37 21 102 19 11 141 66 216 104 138 198 17 30 184 96 128 214 225 18 65 227 28 254 194
208 147 11 177 133 68 160 213 4 28 146 87 129 3 104 72 104 2 14 144 91 13 17 192 156 0 174 128 56 8 181 211
208 90 19 145 66 232 40 210 120 11 162 84 140 3 65 28 41 144 78 138 34 5 20 99 148 0 58 1 40 81 35 136
140 14 0 161 37 41 224 66 8 18 144 26 143 9 56 141 105 130 14 8 40 38 64 226 148 210 202 48 87 73 81 128
81 36 2 3 194 8 36 103 232 3 163 8 132 2 0 116 96 130 74 130 4 9 128 72 180 4 18 51 160 80 163 164
16 64 18 128 149 36 128 69 28 1 211 18 134 34 32 72 232 130 14 129 40 51 65 196 145 32 218 17 128 88 177 0
11 5 50 193 44 180 184 80 205 8 158 66 152 159 244 228 238 49 31 140 128 1 32 192 71 89 170 136 22 204 57 165
20 132 2 177 7 104 32 226 44 2 138 18 141 82 96 65 105 128 10 128 42 1 25 194 157 132 138 2 177 105 53 6
9 148 34 163 100 148 169 81 4 91 213 246 153 143 242 96 108 10 18 140 147 63 32 193 86 73 186 172 22 140 177 241
73 27 24 129 162 152 37 19 236 76 150 36 159 22 195 230 38 160 206 12 133 9 37 192 246 225 34 16 58 132 13 113
109 114 73 0 96 91 101 85 33 76 188 236 18 6 134 52 108 128 198 12 137 178 100 64 116 1 32 16 73 150 198 245
8 18 14 161 69 80 169 81 172 21 87 6 141 130 98 75 104 13 170 161 16 209 178 192 212 129 250 5 0 0 173 195
41 10 4 137 77 33 225 80 4 61 212 26 17 0 162 141 72 136 130 136 8 50 98 144 20 193 130 40 55 13 120 224
212 8 46 131 13 220 100 128 228 86 198 19 129 134 114 98 96 128 170 206 78 20 119 33 213 32 130 1 49 15 116 86
84 124 9 19 194 108 101 65 160 66 227 183 17 6 66 83 97 130 202 130 109 22 212 64 181 129 34 32 33 80 166 210
16 5 8 139 140 137 161 4 132 17 155 2 135 2 42 66 72 2 78 153 26 9 85 160 165 128 138 80 144 11 145 0
100 58 2 0 193 104 164 194 40 26 242 26 2 0 36 25 168 136 66 2 2 55 128 96 21 0 18 3 65 81 231 134
208 1 10 129 194 201 169 69 172 1 134 16 153 3 0 80 106 160 74 136 19 11 16 64 213 129 138 9 32 0 163 160
136 73 6 145 141 205 164 198 196 20 146 18 160 130 98 194 104 34 10 200 66 137 67 224 165 0 158 1 48 24 185 136
193 68 17 137 70 9 225 68 232 0 224 30 158 2 32 33 42 128 10 24 1 60 84 66 149 128 2 48 120 8 131 128
4 56 139 161 76 244 160 82 4 83 88 247 145 134 225 202 105 24 138 149 7 22 182 194 95 69 186 168 156 93 56 211
216 158 42 147 5 180 184 242 12 92 150 55 172 10 178 65 105 130 142 135 174 13 33 229 210 1 170 209 22 12 61 83
16 17 131 129 148 64 161 85 4 73 147 247 144 6 96 64 104 130 10 144 89 155 17 192 220 32 186 64 136 8 181 219
216 208 26 129 2 140 32 246 40 8 162 112 158 2 128 80 40 144 78 208 67 157 1 103 245 1 34 64 9 16 35 8
240 12 3 138 84 0 162 66 80 2 209 90 132 130 33 64 104 136 10 130 41 135 64 194 176 32 138 56 28 8 49 136
146 4 2 129 0 40 168 66 60 2 210 82 164 2 32 9 104 161 78 170 105 149 1 204 148 128 218 0 1 65 35 164
17 0 30 161 134 42 100 3 45 3 98 18 159 34 32 120 34 137 4 9 24 148 68 192 148 226 82 0 176 88 129 4
16 1 6 201 12 129 96 66 68 16 219 66 1 129 112 66 104 136 42 152 10 144 67 192 148 128 138 0 53 8 112 128
16 6 10 131 196 160 167 70 36 71 218 38 0 130 226 64 109 10 138 16 19 179 1 226 52 4 154 0 128 90 185 208
205 133 10 131 134 176 175 197 68 1 223 18 144 2 232 96 121 130 10 170 90 32 109 226 245 0 170 64 52 90 177 32
80 0 10 187 22 204 99 32 164 77 199 22 177 2 34 64 104 160 42 128 40 156 33 206 149 164 146 0 49 8 117 74
0 32 6 137 76 9 160 72 102 32 194 2 128 130 0 64 104 132 106 136 0 179 197 80 148 0 130 0 64 8 33 128
49 32 2 137 72 9 160 72 102 32 194 2 195 128 32 64 104 140 106 8 0 211 215 16 20 0 131 32 97 8 49 128
32 50 14 137 72 3 33 72 182 68 194 231 64 134 162 64 88 76 106 4 9 211 199 16 20 34 163 8 56 8 56 208
16 32 6 9 74 11 32 72 102 32 194 2 65 128 0 64 104 140 106 136 0 243 205 0 20 32 3 0 96 8 32 128
16 50 23 8 74 67 33 72 52 4 194 100 64 194 224 64 120 76 234 128 1 211 131 0 20 32 35 0 8 0 39 144
48 32 0 129 76 9 160 64 70 32 226 11 130 0 0 80 104 140 106 0 8 35 197 16 149 0 130 56 81 8 114 130
96 32 2 136 76 9 160 72 174 32 226 74 134 128 32 0 104 132 106 128 8 35 195 80 148 32 3 56 80 8 34 130
96 32 2 129 75 9 32 64 108 32 226 10 134 128 0 16 40 140 74 0 0 243 197 64 149 32 2 17 64 8 35 134
16 32 6 129 10 9 160 64 100 0 194 2 194 130 0 64 104 140 106 136 8 193 199 64 148 32 131 24 33 8 51 128
16 32 6 137 8 3 160 72 214 32 194 3 64 192 32 64 120 12 106 12 8 243 71 16 20 34 131 0 48 8 48 128
80 0 2 1 10 9 32 0 100 32 194 138 211 128 0 82 104 196 106 136 8 209 197 64 148 32 131 16 32 8 1 0
112 32 4 169 76 9 32 72 102 32 226 2 147 1 0 64 104 132 106 136 8 178 197 16 148 160 130 0 97 8 32 128
16 0 6 136 72 3 160 64 52 0 226 2 64 130 32 64 120 140 106 128 0 147 131 64 20 0 130 8 16 0 35 128
48 32 0 129 72 9 160 64 102 32 226 10 130 2 0 64 104 140 106 0 8 51 193 16 148 160 131 48 81 8 16 128
96 32 2 129 72 9 32 64 172 32 226 8 134 128 0 16 104 132 106 0 8 243 193 64 148 32 2 49 64 8 3 134
48 32 2 137 8 9 160 72 236 32 194 0 198 130 0 64 232 132 106 0 0 195 195 0 148 32 11 24 64 8 35 130
0 32 6 137 8 3 32 72 214 32 194 2 64 192 32 64 120 12 106 12 8 209 71 16 20 34 131 0 16 8 48 128
48 32 6 13 74 139 32 72 118 32 98 2 67 192 32 80 120 108 98 8 0 242 207 16 20 160 1 32 97 8 112 128
96 32 2 1 72 9 32 72 98 32 226 136 2 130 64 84 104 140 106 8 8 211 197 16 20 0 3 56 97 0 82 128
114 237 18 58 89 205 82 202 171 28 168 9 46 210 35 144 160 187 204 66 78 11 154 125 179 208 0 59 112 3 46 14
161 124 105 3 66 233 35 84 48 74 119 252 177 4 136 52 111 184 94 14 225 156 252 38 85 8 32 192 109 131 6 253
141 17 1 227 133 125 103 220 20 89 95 86 217 213 234 229 124 90 158 234 153 176 122 160 167 193 230 195 58 223 156 241
12 242 98 99 34 121 115 216 63 76 85 177 207 221 218 125 50 88 151 115 146 176 174 209 198 209 35 197 102 247 215 243
105 141 95 101 36 30 100 55 104 194 110 76 243 33 144 147 50 102 108 44 245 184 245 13 230 239 96 0 106 226 202 8
186 17 126 224 71 86 90 113 1 176 183 34 11 31 36 131 110 149 151 224 88 187 17 204 115 217 128 71 103 138 236 130
210 248 16 186 153 221 16 238 175 53 128 25 175 150 98 212 193 155 205 81 78 15 218 179 185 212 31 127 16 4 143 14
187 173 113 110 173 23 94 239 89 174 184 90 106 121 92 183 221 215 85 34 236 103 201 174 187 223 69 186 115 252 226 15
24 151 174 113 169 124 52 119 172 95 214 53 158 63 34 123 229 151 255 20 188 217 49 32 223 227 118 199 130 69 175 115
27 80 190 152 129 246 180 87 156 95 212 23 142 182 34 239 233 179 142 21 189 199 50 192 211 119 254 139 154 124 173 215
115 21 107 68 27 62 86 126 101 234 254 79 90 60 6 54 188 215 95 38 157 155 245 206 243 124 64 146 107 230 34 87
56 49 43 200 21 255 81 16 20 100 199 138 155 149 163 236 88 156 158 88 11 146 117 156 211 231 144 17 2 29 20 114
72 104 40 26 75 217 181 78 238 84 228 41 188 199 66 48 32 170 235 194 70 15 238 113 119 1 35 57 83 20 135 250
149 85 45 163 196 76 111 213 228 94 219 54 209 86 234 99 108 218 30 238 219 20 121 243 181 136 239 128 184 251 245 245
59 44 144 12 217 127 158 206 27 239 188 24 14 58 7 180 157 215 214 13 45 43 121 254 187 95 29 63 211 125 139 204
122 235 48 58 57 157 82 234 235 28 176 9 47 220 54 145 136 187 197 67 206 43 74 189 179 216 8 59 115 13 78 15
233 15 78 101 116 30 110 55 105 200 126 236 243 33 146 55 22 102 68 44 241 184 5 14 102 251 96 128 78 162 90 9
3 26 19 219 96 164 185 80 172 27 81 100 188 211 241 108 166 59 23 30 131 28 10 241 68 152 58 138 152 195 33 185
201 210 40 177 141 220 101 150 164 94 150 55 153 150 226 226 101 130 174 156 231 5 115 226 199 225 178 129 58 92 189 115
76 62 88 83 195 252 33 146 236 93 60 116 157 166 195 222 35 3 206 152 147 1 182 98 87 129 34 169 234 85 47 241
56 2 200 161 165 56 192 66 13 23 180 58 143 32 34 206 201 130 142 0 28 42 64 128 158 211 210 19 150 76 88 4
84 26 131 145 133 192 160 208 148 13 146 86 132 2 32 200 105 128 14 129 17 1 80 192 148 2 238 128 136 88 177 131
3 6 50 200 44 180 184 82 205 0 156 34 140 187 252 100 206 33 27 44 128 35 32 192 2 88 138 26 150 200 113 135
16 68 128 161 20 32 96 78 54 131 154 18 131 98 97 72 121 226 14 144 40 5 13 202 156 198 222 4 177 121 49 6
13 158 34 227 228 180 184 82 196 91 221 118 157 31 240 102 109 10 19 140 147 63 104 225 86 89 170 232 23 205 177 241
169 112 104 17 224 24 101 87 120 68 244 188 146 4 134 49 110 128 194 12 225 182 100 66 118 9 38 0 67 148 198 241
13 28 1 147 4 120 163 18 156 79 213 247 147 44 242 105 105 130 142 7 173 52 108 162 196 71 186 144 189 93 21 240
41 9 7 136 77 115 161 66 68 124 252 10 8 12 163 175 72 128 130 72 5 59 96 128 23 65 202 43 215 77 124 236
28 41 1 51 195 204 37 193 36 82 224 17 8 86 72 126 41 186 66 146 26 18 16 96 117 0 6 32 227 84 167 242
76 129 5 177 141 201 37 129 204 16 146 66 151 192 104 66 74 2 78 88 19 33 87 208 237 16 38 88 152 8 145 16
208 22 1 169 68 96 38 80 228 12 216 118 132 3 160 64 104 144 78 128 18 3 64 210 212 0 162 169 144 91 181 19
192 2 3 129 192 200 32 85 228 8 147 114 145 19 136 80 104 136 78 210 83 21 64 66 212 128 162 200 40 0 167 131
128 148 10 144 141 133 37 198 196 94 134 23 160 130 98 67 105 130 74 128 102 9 115 225 181 0 150 9 48 88 180 94
73 68 16 131 71 173 228 214 236 10 186 86 159 2 32 105 106 130 78 10 3 53 116 98 181 1 50 32 113 88 131 168
133 52 173 177 204 224 104 83 166 211 95 246 153 134 241 106 105 42 26 144 151 20 119 194 142 193 190 128 188 89 185 208
76 30 42 178 165 244 189 81 204 94 151 39 140 14 179 73 233 131 143 135 134 3 104 213 214 67 250 143 150 76 61 91
128 144 3 163 68 192 41 176 132 89 147 119 185 199 234 66 104 130 10 194 19 4 94 227 140 0 170 72 60 10 53 240
180 6 1 147 68 96 160 66 92 2 209 82 164 3 32 201 104 136 14 160 40 34 68 200 148 0 234 56 149 72 57 128
80 0 2 145 128 40 36 67 124 3 194 16 138 2 160 73 104 162 14 136 57 149 5 64 148 128 186 0 168 64 169 0
81 0 146 184 160 8 100 135 108 19 98 16 159 34 160 72 35 131 12 24 2 152 4 224 200 178 118 0 152 80 137 8
88 0 2 185 15 128 32 64 164 16 194 195 137 194 96 194 96 160 170 196 3 1 23 209 20 224 130 12 59 6 57 16
29 136 2 131 212 16 163 194 36 69 222 130 16 38 226 224 104 10 138 156 18 187 33 226 252 4 190 0 144 79 49 249
92 135 0 193 135 56 38 240 68 18 138 210 129 66 168 224 121 130 14 170 168 1 101 130 246 0 174 84 186 90 176 0
84 82 10 147 22 192 99 128 52 69 198 6 208 86 42 72 120 128 46 192 42 16 97 229 245 166 178 65 49 25 116 114
49 0 14 137 72 27 33 72 54 100 198 135 209 132 34 64 120 12 106 4 9 147 231 16 84 35 163 40 48 8 56 240
16 2 2 137 8 13 160 72 102 40 194 68 130 128 32 64 104 132 106 0 8 211 193 16 148 32 34 16 72 8 35 130
80 32 2 129 75 8 32 64 108 32 226 11 134 2 0 208 40 132 74 0 0 179 197 64 148 0 2 16 97 8 35 130
96 32 2 1 74 9 96 64 104 32 226 138 130 2 0 80 104 128 74 8 8 179 196 64 20 0 130 40 32 8 66 128
24 252 43 123 11 201 181 222 182 94 252 169 171 221 66 16 57 186 255 130 74 11 250 177 247 209 51 187 115 150 167 251
201 15 7 119 52 142 111 53 105 72 127 68 255 33 144 243 164 38 124 44 245 184 33 77 166 251 96 128 74 162 211 105
122 235 48 58 57 157 208 238 235 60 184 41 46 216 102 144 140 187 197 65 78 43 74 189 147 209 24 59 81 12 14 15
7 19 155 219 226 164 57 216 142 73 93 118 188 211 233 108 246 59 23 156 147 144 26 241 197 156 42 234 152 211 161 177
201 148 98 179 239 252 53 182 165 94 214 183 153 159 234 230 103 146 191 142 231 28 127 226 215 105 182 131 62 204 60 127
77 62 40 83 203 252 53 83 236 95 180 180 189 247 195 254 37 178 206 148 167 1 190 226 255 65 38 169 234 196 175 247
40 0 136 178 101 121 112 69 13 85 181 63 143 40 226 74 235 128 142 16 29 41 104 128 222 211 210 115 159 14 93 94
77 158 42 145 143 220 49 212 228 93 150 39 152 86 226 230 101 128 174 148 135 5 117 192 223 97 166 193 186 28 61 119
137 108 97 81 224 248 180 214 120 82 52 185 153 13 144 57 47 42 210 12 161 124 36 66 70 73 118 160 71 212 195 241
68 22 45 251 172 184 84 18 165 91 159 247 147 117 248 111 77 146 159 0 186 0 111 162 238 220 170 146 190 221 212 119
160 179 248 71 228 79 247 49 72 174 55 8 114 113 222 34 24 92 70 106 208 248 169 40 109 137 101 48 65 186 212 227
54 27 46 195 197 93 177 80 197 116 118 135 10 140 103 47 236 26 131 64 140 187 52 160 23 209 194 35 211 12 20 247
190 153 131 18 193 212 36 225 181 88 225 80 8 183 40 148 232 58 194 136 57 151 56 226 57 80 198 2 194 68 166 180
193 23 1 169 236 40 39 82 36 106 218 245 145 7 161 96 108 18 14 76 147 19 225 130 244 160 34 172 152 217 32 241
72 212 0 178 77 29 103 180 205 20 134 14 141 194 226 199 97 128 234 88 83 9 94 240 189 209 134 63 58 31 153 52
4 151 1 193 224 72 36 241 228 74 176 116 145 19 200 113 104 138 78 130 211 6 64 64 180 128 162 136 57 208 227 177
104 220 1 152 205 37 36 231 196 93 128 27 172 54 32 67 233 146 202 4 48 15 112 194 189 0 214 30 18 76 180 90
202 18 43 184 172 68 61 86 140 93 150 183 140 190 98 73 229 3 191 133 148 9 163 240 215 89 250 139 148 92 181 83
73 156 0 145 20 160 41 27 172 90 151 246 153 87 226 97 97 130 30 138 163 5 126 195 188 193 170 204 62 205 177 113
16 6 0 153 140 168 32 82 252 83 194 210 131 2 168 73 105 10 14 44 35 128 68 208 132 160 50 16 148 200 17 128
73 130 130 152 160 8 108 7 236 83 138 240 143 162 160 104 99 131 14 140 23 9 7 192 128 145 254 0 152 192 161 8
73 0 72 169 12 176 96 2 164 64 138 131 137 194 98 192 104 160 138 132 13 1 69 208 132 97 138 0 52 12 56 64
100 26 136 147 140 37 160 144 132 25 146 118 129 32 170 202 73 130 142 128 25 35 65 160 156 197 238 56 156 217 184 16
132 20 8 131 140 89 54 128 140 68 158 167 130 100 171 66 105 2 142 2 8 161 81 162 228 1 174 17 180 218 20 146
17 14 2 129 28 16 162 82 4 72 150 194 176 6 161 96 105 128 10 157 40 11 101 234 248 4 170 16 128 12 49 241
85 148 1 129 148 12 34 176 68 72 146 110 146 32 208 80 121 128 14 160 185 3 65 194 188 4 174 84 154 40 48 0
244 5 34 129 132 0 69 128 69 16 186 18 131 66 40 84 120 128 14 226 74 147 65 128 177 224 134 18 33 90 180 32
62 80 234 178 101 121 243 64 137 85 183 159 239 92 106 74 233 194 207 82 5 51 60 224 223 209 134 83 219 15 220 214
164 163 249 71 100 79 231 176 88 172 127 8 211 101 220 39 24 94 70 106 209 248 173 40 109 152 101 36 65 170 198 225
42 30 43 226 77 85 177 208 197 124 214 99 24 156 98 99 236 90 151 83 132 55 50 160 87 81 234 171 23 13 52 247
95 72 2 144 69 153 119 224 141 28 150 10 142 64 166 228 169 160 206 66 84 43 40 224 190 209 134 59 50 30 157 85
101 0 136 179 236 13 33 144 196 28 148 14 147 0 139 74 73 130 14 28 154 2 64 160 220 209 174 120 152 168 16 16
84 148 8 131 134 9 54 240 4 98 150 175 147 53 42 64 109 130 31 0 40 3 65 162 254 5 174 144 180 104 48 83
109 0 160 145 108 137 96 208 12 88 86 15 150 4 51 74 105 136 31 28 134 54 64 128 222 1 166 96 146 140 16 193
72 144 0 145 86 9 32 240 4 80 150 143 179 37 0 69 109 144 95 172 41 50 81 200 222 65 230 128 46 172 48 80
