7 204 67 202 20 163 170 216 86 1 89 70 80 194 185 228 121 104 18 254 147 176 12 255 40 12 171 196 157 139 112 164
3 184 50 218 237 141 176 205 255 25 113 16 172 218 108 32 167 27 6 17 150 105 138 241 13 24 30 234 208 8 163 143
95 17 151 182 169 52 24 19 174 219 155 84 222 254 65 234 197 119 253 17 157 65 251 192 137 247 123 154 136 103 169 83
34 168 0 155 212 139 168 71 30 33 82 82 160 8 16 64 73 42 19 129 18 248 65 183 12 22 158 224 20 8 152 136
80 2 134 140 13 2 32 72 228 10 210 103 64 130 33 203 248 132 110 160 8 167 131 192 144 34 226 159 0 41 56 7
82 32 208 161 3 40 120 66 45 17 179 147 143 15 64 90 38 149 93 156 10 16 149 192 157 216 26 69 165 0 43 0
90 54 148 176 43 169 16 66 187 59 177 57 142 186 64 27 167 19 237 16 50 71 130 208 154 211 90 255 192 64 15 3
3 206 2 155 151 145 170 198 30 3 72 227 172 202 37 196 249 107 130 213 38 156 14 255 44 54 158 75 156 29 57 142
2 141 2 158 20 131 170 230 22 1 88 2 96 232 48 64 89 106 19 193 34 184 8 255 32 38 138 136 20 10 48 136
104 48 56 96 32 12 81 16 97 136 52 8 31 23 0 48 132 20 93 8 136 96 176 0 195 249 32 16 66 128 66 35
2 140 2 158 149 167 170 227 22 3 90 18 96 234 48 64 89 106 19 129 50 188 24 255 41 38 138 128 148 74 176 138
194 200 6 156 77 132 76 39 141 2 192 2 44 154 48 65 200 163 59 129 72 15 18 255 177 178 218 10 16 24 176 10
2 156 16 155 61 197 178 230 30 13 88 19 172 248 34 64 201 59 131 1 34 184 90 255 45 54 154 11 16 12 189 138
194 72 150 156 77 132 236 102 173 18 226 16 172 186 53 83 232 229 123 195 104 239 146 233 177 186 218 26 16 56 97 10
57 141 67 238 20 130 78 242 213 0 222 70 113 227 176 228 120 234 30 238 137 155 12 191 242 239 162 128 63 170 112 40
80 168 154 186 138 224 17 71 174 23 140 49 181 247 98 88 167 59 233 145 18 77 130 51 217 165 58 121 144 64 167 107
253 108 123 118 84 111 71 82 112 138 103 24 83 209 81 48 25 236 4 42 105 182 240 10 247 239 48 8 96 249 70 34
165 73 115 69 84 95 231 112 117 224 226 72 83 17 149 180 88 236 82 110 233 178 113 44 37 184 129 0 107 187 82 164
253 123 152 117 33 142 87 150 97 170 182 76 159 19 67 59 132 245 76 78 200 252 241 40 231 217 100 48 106 241 74 11
49 203 65 14 212 129 207 245 68 192 24 230 113 96 176 4 92 226 4 207 207 42 12 61 40 8 165 192 61 186 240 204
104 252 56 97 36 173 115 190 107 42 62 8 191 19 0 48 149 86 93 10 195 60 249 63 231 255 48 48 64 209 67 43
104 48 56 96 32 76 81 16 105 8 52 8 159 23 0 48 132 20 221 8 136 96 176 0 195 249 32 16 64 128 66 35
2 142 2 158 23 195 178 230 22 5 90 163 96 234 34 64 89 123 131 129 34 136 10 255 32 38 154 11 20 14 60 138
135 140 148 23 162 42 188 167 62 147 66 149 204 34 0 75 135 87 34 16 48 220 11 98 44 54 94 70 136 113 129 136
6 190 148 159 137 196 182 168 190 159 66 53 228 230 72 75 145 127 162 3 34 88 139 115 45 54 95 43 128 112 133 27
41 34 65 233 76 11 233 88 86 176 80 202 211 129 240 160 89 140 34 156 9 242 79 144 220 139 167 36 125 136 112 160
105 181 115 87 245 141 127 183 121 9 123 104 235 123 156 52 158 206 70 10 251 248 233 239 103 254 52 146 66 194 194 173
4 160 51 219 228 173 184 205 255 25 113 80 172 218 124 136 223 11 38 17 147 120 138 241 13 24 22 110 208 9 227 129
246 139 68 225 203 107 26 73 31 182 179 187 78 14 68 27 127 149 239 242 56 87 73 214 158 210 203 247 181 47 134 67
2 168 2 155 244 137 168 135 30 49 83 82 172 200 56 64 203 42 19 1 18 248 74 247 12 54 154 192 148 8 209 136
80 18 134 141 44 38 160 80 228 9 211 102 0 130 161 202 232 132 110 160 140 151 129 192 148 32 186 146 136 8 57 19
82 32 80 161 19 32 104 66 41 57 179 83 143 10 68 218 34 133 95 144 30 17 129 192 157 208 154 193 161 0 43 6
232 48 31 112 105 236 112 83 169 57 37 88 30 151 68 187 133 183 246 16 17 94 210 64 87 217 80 122 202 0 194 51
66 182 148 176 170 173 56 2 187 59 177 253 142 178 64 219 167 19 239 16 54 77 130 208 156 146 90 250 136 64 11 7
34 143 2 154 213 181 130 231 22 9 72 71 160 234 54 196 217 43 131 149 54 154 74 191 45 54 158 203 152 76 184 158
109 0 115 69 36 62 107 24 97 200 119 72 219 67 157 191 30 196 76 106 137 180 225 136 198 249 33 4 103 179 66 33
3 206 2 155 150 129 166 207 30 1 72 227 228 202 47 192 249 43 130 149 102 156 14 255 44 54 158 11 156 28 185 142
2 141 2 158 20 131 170 226 22 0 88 2 96 232 48 64 89 106 19 195 34 186 8 255 32 38 138 128 21 14 48 136
104 48 56 96 32 76 81 16 97 8 52 8 159 23 0 48 132 20 93 8 136 96 176 0 195 249 32 16 64 128 70 51
2 12 2 158 149 231 170 103 22 3 90 2 96 250 48 64 217 106 19 129 50 188 24 255 41 54 142 66 148 74 176 138
173 48 177 97 33 47 81 25 115 187 181 92 222 19 72 63 148 156 116 56 153 118 249 192 199 217 81 118 202 160 194 163
53 79 74 222 20 131 78 240 212 0 219 70 113 226 177 96 88 234 6 238 205 171 12 63 176 175 167 128 61 187 120 8
104 48 56 96 33 77 81 16 105 136 52 8 159 23 0 48 132 21 93 8 136 96 176 0 195 217 32 16 66 128 66 35
2 141 2 158 20 131 170 230 22 0 90 2 96 234 48 64 121 106 19 129 34 152 10 255 32 38 138 128 20 14 48 136
2 143 2 158 21 131 170 230 22 5 88 163 96 232 48 192 89 106 131 193 38 186 8 255 32 38 138 9 21 14 60 138
88 48 120 96 32 76 81 16 41 8 52 40 159 23 128 112 166 21 221 0 8 96 176 0 195 249 32 147 98 128 71 51
2 157 18 159 55 199 186 230 30 1 88 3 172 254 48 64 223 123 147 129 2 184 90 255 37 54 138 11 20 14 53 155
2 156 22 155 125 197 178 230 158 5 88 3 172 250 34 193 201 123 139 1 38 168 82 255 37 54 154 11 16 12 61 139
194 88 182 156 77 196 180 70 173 18 194 18 172 186 37 75 232 243 251 193 96 111 146 233 149 50 218 11 16 120 37 10
57 141 67 238 20 147 78 240 197 0 222 70 115 225 176 228 120 234 14 238 201 171 12 191 178 238 162 128 63 170 112 40
160 76 123 93 100 238 101 114 113 138 100 24 50 213 161 61 121 252 34 10 97 246 178 99 87 170 112 0 97 249 70 170
80 135 90 171 186 193 25 47 46 37 159 163 207 199 74 80 183 147 237 145 90 9 11 87 248 197 58 213 180 2 165 67
2 158 18 155 117 193 178 230 30 13 88 35 172 248 34 192 217 123 131 1 38 184 74 255 45 54 26 11 16 12 61 139
41 93 1 77 93 159 198 54 77 192 232 76 178 24 21 180 216 106 82 108 237 186 117 189 39 56 0 16 91 158 90 156
220 120 158 118 33 220 86 192 169 138 39 8 254 211 97 58 160 113 252 82 77 197 154 104 243 249 71 27 10 51 15 19
49 207 65 14 214 129 207 245 70 192 88 230 113 96 180 68 92 226 6 239 207 10 44 61 40 44 173 192 61 158 240 204
104 189 56 101 48 45 115 190 106 43 62 8 191 51 9 48 149 94 84 72 130 56 241 63 231 253 48 52 64 211 66 43
104 48 56 96 32 76 81 16 105 8 52 8 159 23 0 48 132 20 93 8 137 96 176 0 195 249 32 16 64 128 70 51
2 142 2 158 87 131 178 230 22 4 90 163 96 234 34 192 121 123 131 129 38 154 10 255 32 38 138 11 21 14 60 138
78 172 188 191 153 209 191 168 191 151 68 17 236 239 78 75 147 127 233 1 38 72 139 243 111 119 95 47 146 116 141 66
5 140 156 23 176 170 39 166 58 179 67 144 252 102 74 203 151 111 32 6 50 216 11 99 44 54 95 4 128 113 129 0
70 186 150 159 168 133 52 168 190 154 66 101 228 246 72 66 149 119 234 1 35 64 139 121 12 50 79 10 136 96 1 19
49 0 71 201 78 11 96 88 86 176 214 194 211 128 240 100 89 140 34 156 9 242 109 156 140 202 167 36 125 136 80 160
32 181 51 69 240 15 231 59 120 8 122 72 246 113 12 48 148 31 87 42 193 176 145 79 37 60 38 6 64 98 195 169
83 18 130 129 36 38 160 82 44 25 211 118 128 130 160 202 236 133 46 145 137 151 129 192 148 32 186 194 136 8 49 21
105 143 60 232 189 191 88 55 197 45 254 13 235 41 50 81 200 162 191 108 188 42 81 157 239 251 192 81 18 140 216 74
82 34 80 161 3 168 104 67 47 25 178 86 140 2 64 88 42 129 79 144 26 25 129 208 156 144 186 194 136 0 35 7
233 48 158 112 105 188 112 83 232 27 117 92 156 147 64 187 132 53 246 24 145 126 146 64 95 249 112 104 202 0 203 163
24 134 66 187 23 179 74 75 22 5 201 211 99 225 184 196 89 138 130 173 58 150 79 159 160 231 155 77 182 142 184 128
34 155 130 155 221 149 178 199 158 73 88 71 164 248 38 196 201 42 130 85 22 186 74 191 45 22 158 75 152 12 185 142
125 66 112 69 36 26 106 24 97 168 246 72 219 73 149 191 26 196 92 106 137 178 229 136 134 249 97 20 111 191 90 37
2 135 130 155 94 129 186 239 30 17 89 147 228 202 42 64 249 11 131 133 118 24 14 247 12 6 154 43 20 78 185 142
2 141 2 158 20 131 174 230 22 1 88 2 96 232 48 64 89 106 19 195 98 186 8 255 32 38 138 136 21 14 48 136
2 156 2 158 149 231 190 231 30 3 74 2 228 250 32 64 217 106 147 145 48 184 24 255 41 54 158 67 144 74 180 138
173 34 241 67 37 63 64 24 105 184 181 92 202 89 221 191 158 140 100 62 137 118 233 192 135 216 97 182 202 175 66 165
53 79 74 190 20 131 79 240 212 0 223 198 115 225 177 96 120 234 14 206 237 171 12 63 240 175 166 128 61 187 112 8
2 141 2 158 20 131 174 230 22 0 90 2 96 234 48 64 121 106 19 193 34 152 10 255 40 38 142 192 20 14 176 136
2 143 2 158 23 131 174 230 22 4 88 131 32 234 50 192 121 107 131 195 6 186 14 255 32 38 138 11 21 14 60 142
35 207 65 14 214 129 207 245 68 64 88 230 113 96 178 100 94 226 2 207 219 8 44 61 40 4 173 192 61 190 240 252
104 177 56 101 116 15 123 152 123 41 126 8 183 49 9 48 148 94 68 104 139 184 241 63 231 253 32 32 64 131 66 41
2 143 2 158 23 131 182 230 22 4 88 163 108 234 34 192 89 107 131 193 38 152 14 255 40 38 142 67 20 14 189 142
15 140 156 23 129 218 47 172 58 247 70 16 236 226 75 235 19 111 160 2 114 216 171 123 109 55 95 1 128 112 133 104
65 18 135 129 100 164 40 19 100 89 210 246 144 18 192 106 100 12 62 156 147 152 197 192 20 32 186 192 136 128 33 145
249 153 60 252 173 156 84 55 233 12 246 5 235 57 50 81 192 166 189 76 252 42 82 189 235 249 192 83 82 140 216 74
67 50 16 145 224 140 40 23 172 25 51 116 156 2 192 90 102 131 78 148 147 24 214 192 140 16 186 224 136 0 163 145
137 176 154 113 97 188 112 82 122 27 117 28 159 155 66 57 141 59 228 16 150 126 178 0 207 217 114 107 202 0 75 131
3 176 149 153 248 169 56 23 190 89 66 244 156 178 192 104 135 11 122 28 147 88 131 85 76 58 122 232 152 128 129 185
130 219 7 155 61 151 178 230 158 88 192 71 164 216 36 197 200 107 138 65 102 137 90 253 45 50 158 75 24 12 185 158
121 67 112 69 36 26 110 48 97 160 254 10 75 9 151 54 58 196 68 106 204 178 101 136 54 249 160 17 111 187 90 12
6 130 8 187 91 161 176 200 30 21 65 147 228 194 106 64 249 11 163 133 54 22 10 215 140 6 139 111 144 14 57 130
2 141 2 158 20 131 174 230 22 0 88 2 32 234 48 64 89 106 19 195 66 186 8 255 32 38 138 136 21 10 48 136
2 157 2 158 149 231 178 231 30 1 74 2 228 250 32 64 217 122 147 145 50 184 88 255 45 54 158 67 144 74 180 138
125 98 240 71 109 27 66 24 105 160 183 200 75 73 223 191 90 196 196 110 140 182 237 232 22 216 65 53 111 191 90 132
61 207 78 174 20 130 79 240 212 128 223 198 115 225 179 96 120 234 14 238 204 163 12 63 240 239 167 128 61 187 120 0
2 141 2 156 20 131 174 231 22 0 90 2 32 234 48 64 121 106 19 129 34 152 2 255 40 38 142 192 20 8 176 136
2 141 2 158 21 131 190 230 22 5 72 3 32 234 50 192 248 107 131 193 6 186 26 255 41 54 142 75 21 14 188 142
33 207 97 14 214 129 143 247 70 64 88 230 97 96 182 100 94 226 2 239 211 8 44 63 40 44 173 192 125 158 240 236
41 181 57 97 116 15 115 156 112 41 118 72 211 19 136 48 20 28 70 104 161 176 97 31 231 253 33 132 64 130 194 169
2 143 2 158 23 147 174 230 22 5 88 231 96 232 50 192 89 107 131 197 102 186 12 255 40 38 138 139 21 14 56 140
9 160 149 155 176 137 40 23 190 81 70 240 189 146 208 105 167 11 58 28 147 216 7 117 12 63 122 192 140 128 129 169
131 216 23 159 13 199 176 160 222 88 194 23 228 208 37 205 200 98 234 67 103 237 90 253 129 50 74 26 24 13 49 222
241 69 96 69 4 26 198 96 97 166 254 10 67 9 151 22 120 196 68 110 204 178 101 140 54 248 128 17 103 186 90 12
38 160 0 186 79 129 178 200 30 53 209 139 196 200 107 8 217 137 163 243 2 71 74 209 28 0 139 127 145 43 61 130
2 141 2 158 20 131 174 230 22 0 88 2 96 234 48 64 89 106 19 195 66 186 10 255 32 38 138 8 21 10 48 136
2 156 130 159 149 231 182 231 30 11 72 18 228 250 32 64 217 123 147 145 50 184 88 255 45 54 158 67 144 74 181 138
125 73 96 70 13 26 86 248 97 164 191 138 75 73 159 182 122 196 196 110 204 179 237 168 114 249 1 21 103 191 90 6
61 79 74 174 20 146 79 240 212 128 223 198 115 225 179 224 120 234 14 238 232 171 44 63 242 237 167 128 63 187 120 0
2 141 34 157 20 131 174 103 84 0 90 2 32 170 48 64 120 43 19 129 242 184 0 223 40 36 138 128 21 8 176 136
2 201 2 158 85 215 178 228 134 13 88 3 160 202 34 192 216 59 131 193 70 186 26 253 41 52 142 75 16 14 188 142
130 30 150 159 233 164 184 67 158 159 80 247 172 238 99 73 197 123 163 145 54 220 130 226 12 50 218 203 144 77 45 155
45 165 121 97 116 15 107 188 124 40 127 72 211 19 152 48 22 12 70 104 137 176 105 12 103 159 33 4 66 186 194 161
2 142 2 158 87 147 170 230 22 4 90 167 96 234 34 192 121 107 131 133 38 154 14 255 32 38 138 3 21 14 56 142
248 68 98 68 69 11 198 96 97 166 250 139 67 40 22 144 120 132 198 163 236 179 69 206 51 172 0 17 103 190 126 14
38 120 16 138 79 193 146 200 142 180 129 11 196 198 105 8 216 89 195 115 2 3 26 241 153 16 139 63 16 59 37 130
2 141 10 158 21 135 174 230 22 0 72 2 96 234 48 64 121 106 19 195 2 186 26 255 33 38 138 0 21 10 48 136
194 182 148 145 235 173 56 3 191 19 8 249 140 182 64 223 135 19 235 144 50 76 130 211 140 22 90 234 152 68 131 21
2 156 154 155 148 231 178 231 30 9 72 2 244 252 32 64 217 59 3 17 50 184 88 255 45 54 158 75 144 74 181 155
252 77 96 102 5 27 214 232 65 166 255 11 67 105 159 20 120 196 196 99 236 179 109 174 114 253 133 23 103 255 94 70
189 79 78 254 20 146 79 240 212 132 223 198 115 227 179 96 120 224 14 238 232 163 44 63 242 239 167 0 63 187 120 0
130 141 42 157 20 131 172 103 20 1 90 18 49 170 48 65 120 43 19 129 240 152 17 255 100 39 154 64 21 8 176 136
34 201 24 154 93 197 182 229 142 13 88 3 164 200 42 64 216 59 131 81 70 42 90 253 45 20 142 107 16 10 189 138
6 62 138 155 197 164 184 67 30 219 81 87 164 250 98 73 221 107 179 149 55 220 218 243 13 54 222 203 152 76 185 151
51 207 104 142 214 129 143 239 70 4 88 226 97 96 180 100 91 226 2 207 210 168 44 63 40 38 175 192 53 154 240 172
45 193 117 65 52 15 107 56 109 232 127 72 219 17 152 180 30 4 86 106 201 176 105 12 103 221 33 4 66 186 66 161
2 149 147 155 181 231 183 239 30 9 88 82 244 254 40 64 217 59 19 17 51 184 91 255 45 54 158 74 144 74 181 187
118 79 98 108 79 11 214 228 193 174 250 171 67 232 55 16 248 228 197 99 236 179 76 174 50 252 133 23 101 63 126 6
