0 32 6 9 74 11 160 72 230 32 226 0 64 194 64 80 104 140 106 136 0 211 195 16 20 0 3 0 97 0 34 128
17 34 6 13 75 11 160 72 118 4 226 2 194 128 0 128 120 76 106 0 4 243 135 16 20 32 2 1 97 8 35 132
97 34 64 161 44 25 64 8 111 164 178 204 143 2 214 212 202 133 110 12 12 99 207 208 148 216 3 56 72 140 74 4
32 32 6 1 72 11 160 72 102 160 226 8 192 192 64 82 104 76 106 0 0 211 207 16 20 2 3 16 65 8 114 128
80 34 86 129 10 26 104 64 175 36 162 231 207 130 130 208 98 133 238 132 4 193 135 208 212 160 11 17 40 0 47 0
96 32 88 137 76 73 193 72 107 36 176 40 130 152 4 16 232 132 110 0 8 99 195 80 213 176 35 57 65 8 86 162
16 32 7 13 73 15 161 72 246 132 226 2 64 192 64 2 120 76 106 0 0 243 159 16 21 32 3 24 65 8 39 160
80 32 6 4 72 10 32 72 230 160 194 8 66 128 96 82 96 204 106 0 0 243 141 16 20 32 3 0 0 0 35 128
17 0 7 157 6 158 104 72 254 192 194 198 221 194 176 228 114 108 42 140 133 209 15 204 148 34 138 0 44 140 49 132
80 0 134 21 10 2 32 104 246 144 194 8 66 224 96 82 112 108 106 0 8 211 143 24 28 162 69 12 96 32 98 0
81 34 208 133 15 25 96 8 111 176 166 76 207 130 210 246 34 196 110 12 12 97 205 208 148 240 7 53 32 128 75 4
56 164 90 249 92 131 99 232 22 132 100 2 115 241 40 96 89 250 2 40 42 242 75 31 123 175 7 45 115 136 96 160
32 34 2 129 74 73 160 64 110 32 226 10 128 130 64 80 104 140 106 0 0 243 197 16 20 0 3 33 65 8 83 128
32 32 6 9 72 11 160 72 118 160 224 8 192 192 64 80 120 140 106 0 0 211 203 16 20 0 3 56 65 8 18 128
80 32 3 128 74 8 32 64 230 32 194 10 2 130 32 86 96 204 106 128 0 211 133 0 148 32 3 8 1 0 35 128
80 0 151 157 21 206 96 120 252 128 66 66 93 243 32 199 112 108 106 168 33 209 147 204 213 226 71 0 42 32 97 130
44 176 150 29 202 155 0 200 118 184 68 40 192 240 224 146 17 108 234 16 2 210 207 29 12 3 101 53 16 32 10 128
80 0 134 13 10 2 32 72 246 128 194 0 66 224 32 82 112 108 106 136 8 211 143 0 20 162 71 0 96 32 32 0
80 32 6 13 73 75 32 72 38 164 194 136 65 160 2 82 104 196 106 128 0 211 199 0 148 34 3 1 32 8 39 128
48 32 211 165 79 73 224 72 52 160 240 10 3 193 64 146 120 220 98 128 1 242 195 64 21 128 3 41 97 8 71 160
32 32 18 1 75 73 160 72 230 164 226 10 192 130 64 82 104 76 106 0 0 211 221 16 21 0 3 49 65 8 6 130
112 32 80 160 41 73 64 8 43 36 160 137 135 131 68 212 202 132 108 12 12 99 203 208 150 216 1 59 98 128 78 68
0 20 151 190 16 134 39 104 246 130 66 98 245 243 32 65 249 104 34 160 41 211 27 255 161 166 235 0 16 32 37 176
32 158 31 190 124 199 146 232 22 0 80 3 244 230 32 64 217 106 2 32 38 242 90 191 249 134 139 44 16 8 53 130
53 176 146 185 221 207 34 200 86 176 224 10 82 208 96 0 121 108 98 16 46 242 91 26 157 134 5 38 249 8 64 130
80 2 19 129 74 8 32 64 230 32 226 74 22 130 32 66 96 204 106 136 1 211 133 80 148 160 2 8 33 0 35 128
83 32 77 165 8 13 105 8 47 160 162 136 207 34 64 22 42 197 110 12 8 115 245 64 149 240 11 48 96 0 3 100
80 34 150 165 11 72 96 8 239 164 130 8 207 130 66 86 34 197 108 1 12 81 141 80 149 240 7 17 32 0 15 4
33 32 6 9 72 11 160 72 118 160 224 76 192 192 64 82 121 76 106 4 1 211 219 16 28 2 5 56 72 0 50 128
82 2 158 213 11 218 168 72 238 132 194 2 204 226 38 198 34 101 106 128 4 209 143 192 148 162 75 1 0 32 45 6
32 176 134 29 75 143 32 200 86 176 192 0 196 208 96 0 217 108 234 16 0 211 219 16 13 0 69 60 80 40 7 130
80 32 6 13 74 10 32 72 228 32 194 10 67 224 0 82 104 204 106 136 8 211 135 0 148 34 2 0 32 0 35 128
80 2 135 29 10 2 33 120 118 128 194 64 82 224 128 210 113 108 104 8 9 209 239 12 24 34 101 4 97 96 116 32
32 32 26 129 74 9 160 64 230 160 226 10 128 128 64 80 104 140 106 0 0 243 197 16 20 0 3 48 65 8 82 128
32 32 150 29 74 139 33 72 86 176 192 8 208 192 96 16 89 108 106 16 0 211 203 16 92 0 5 52 80 8 2 128
81 32 3 129 11 76 233 64 47 100 226 2 143 130 6 84 104 133 110 128 9 211 245 208 149 176 139 48 105 0 35 100
80 32 142 5 74 72 33 64 230 160 194 10 82 128 96 82 96 204 106 8 1 243 141 16 20 32 3 8 40 0 35 128
80 32 14 1 74 11 160 72 164 32 194 10 130 130 0 82 104 204 106 128 4 243 135 64 148 32 2 1 104 0 43 128
80 0 143 5 10 66 32 120 246 136 194 0 82 224 32 82 112 108 106 136 8 211 239 8 92 35 101 0 96 32 112 64
96 32 2 129 76 9 225 64 44 36 226 10 198 128 64 80 104 140 106 0 8 243 197 0 148 128 3 48 96 8 19 128
33 32 14 9 74 11 160 72 118 160 224 204 128 128 0 80 120 140 106 0 1 210 207 16 20 0 131 56 105 8 58 128
80 162 132 45 10 75 32 200 22 180 192 8 192 225 64 82 81 108 234 0 10 83 203 25 157 2 69 53 48 40 6 160
81 32 142 5 10 10 32 72 236 160 194 66 208 162 80 114 97 196 106 140 1 209 135 64 156 34 207 0 0 32 99 4
0 152 134 159 25 150 32 224 246 212 198 5 224 226 34 199 241 110 170 16 36 209 155 237 15 50 198 3 10 36 124 214
96 32 132 165 74 11 160 72 54 176 224 139 194 224 64 18 57 204 98 17 10 115 219 16 29 0 15 61 65 40 86 130
64 0 151 29 12 2 101 104 244 130 226 66 80 224 160 98 120 100 106 168 41 241 139 13 20 34 231 0 1 104 112 32
10 2 7 141 77 67 33 72 151 228 194 230 196 194 34 196 120 76 234 4 1 211 203 208 20 50 139 2 18 12 52 244
105 32 152 100 33 29 80 16 105 168 182 13 159 19 66 18 132 196 108 12 8 96 208 0 195 249 5 48 106 164 74 3
112 32 140 156 9 79 33 72 174 164 198 8 210 214 98 118 232 196 106 0 8 67 251 64 149 48 139 59 16 8 54 102
41 38 18 185 112 139 163 120 22 132 116 234 116 224 160 4 89 104 2 44 32 242 10 31 252 135 39 40 80 8 32 160
49 190 3 159 52 131 35 248 86 200 224 230 114 224 160 100 125 104 6 44 171 242 45 63 184 166 167 0 56 136 48 181
24 2 142 191 8 130 96 88 182 140 198 39 67 227 162 64 112 236 170 128 8 209 139 109 214 227 231 1 34 168 124 130
32 34 30 136 73 11 176 72 174 4 244 165 196 194 98 192 232 140 234 128 0 243 131 80 84 0 3 3 65 0 47 130
52 160 20 153 219 131 32 200 22 176 192 10 196 210 104 192 121 88 226 16 2 83 91 21 157 130 7 125 176 8 33 130
81 32 135 5 8 10 32 72 236 160 194 66 212 162 80 114 97 196 106 140 5 209 135 64 157 34 207 0 0 32 35 4
96 32 132 164 78 11 160 72 62 180 224 139 130 224 64 2 121 204 98 17 10 115 203 16 29 0 15 60 65 40 86 130
64 0 151 29 12 2 161 104 244 128 194 66 80 224 32 98 120 100 106 168 32 241 155 13 21 34 199 0 16 104 112 32
52 160 20 185 219 131 160 200 22 176 224 10 196 210 104 192 121 88 98 16 2 83 75 21 157 130 7 125 177 8 33 130
73 34 6 141 77 23 32 72 54 0 210 79 68 194 32 208 248 204 170 132 5 211 131 208 148 32 139 11 26 12 41 132
81 32 135 5 10 10 33 64 236 160 194 2 208 162 80 114 96 196 106 136 1 209 133 64 156 34 207 0 0 32 35 4
64 0 158 221 28 2 97 104 244 128 226 2 80 226 32 66 120 100 106 168 40 209 131 12 20 162 231 0 1 104 112 32
32 32 128 164 78 9 160 72 14 176 240 139 130 192 64 2 105 204 66 1 10 115 203 17 29 0 7 61 65 40 70 130
20 160 148 155 219 131 32 200 86 181 192 10 102 194 104 192 89 74 226 16 2 83 203 53 157 130 5 127 176 8 5 130
81 32 150 133 10 10 96 64 236 160 194 66 210 130 80 118 98 196 106 140 1 209 133 64 156 34 143 0 0 0 35 4
96 32 192 172 78 73 160 72 46 160 240 139 130 128 64 18 104 204 66 1 8 115 203 16 29 0 7 57 65 40 70 130
80 2 150 221 12 2 96 104 244 128 226 66 80 227 160 66 120 228 106 136 9 209 131 72 20 162 231 0 9 104 96 32
36 160 20 185 207 75 160 200 86 176 224 10 196 208 96 128 121 24 226 16 2 115 91 17 157 130 7 125 145 8 44 130
32 34 200 133 72 9 224 72 46 164 240 203 131 160 64 18 104 204 66 1 8 115 203 80 29 0 7 56 65 40 70 130
97 34 72 1 44 9 96 8 111 164 178 141 135 128 210 82 74 196 110 12 12 99 207 80 220 144 39 57 76 128 74 4
81 32 135 133 10 10 32 64 236 160 226 66 222 130 80 114 96 197 106 136 1 209 149 64 156 34 143 0 40 0 35 4
60 176 21 153 219 131 33 200 86 176 224 106 102 211 96 196 121 88 234 16 34 83 75 23 156 134 5 126 240 8 0 160
64 0 151 93 24 2 37 104 244 130 226 64 80 240 160 98 112 100 106 40 41 241 139 9 85 162 231 0 88 120 96 32
81 32 222 133 10 10 105 64 236 160 226 66 222 146 208 114 98 197 110 140 1 209 149 64 156 34 175 0 40 0 35 4
96 34 208 165 108 9 72 0 43 160 178 137 143 11 84 146 138 197 110 12 12 114 193 192 158 216 5 51 64 136 74 4
65 34 216 133 44 25 96 8 111 160 162 200 207 2 146 214 34 196 110 12 12 97 205 80 148 176 7 49 8 128 75 4
81 2 223 93 2 66 101 56 116 138 226 98 83 113 128 99 112 228 106 168 41 241 239 12 84 170 231 0 41 240 96 32
73 0 199 157 10 26 32 72 166 180 198 162 227 227 128 198 74 236 106 172 8 195 239 25 148 162 199 25 38 168 116 224
65 34 71 133 8 27 104 8 110 160 178 226 199 162 192 246 99 196 110 136 9 193 231 64 156 162 231 16 40 32 43 4
9 2 130 189 88 147 34 120 182 128 198 134 209 226 162 228 120 108 42 172 37 147 158 158 244 231 131 8 50 142 56 128
32 50 75 168 78 11 224 72 50 32 240 79 18 128 4 16 120 141 102 129 9 242 208 88 20 32 35 40 121 8 98 144
80 32 30 169 10 82 160 72 174 32 226 70 193 130 36 208 232 141 234 128 13 211 131 80 148 225 171 3 9 0 41 134
112 0 0 137 74 11 32 72 86 32 194 138 194 192 0 66 120 204 106 136 8 82 207 0 148 32 131 40 48 8 50 128
33 48 30 137 76 15 161 72 110 32 240 14 208 128 38 0 232 140 106 1 5 243 211 80 20 32 3 40 89 8 99 128
88 32 31 193 11 75 105 64 238 36 230 2 221 195 0 112 98 133 106 136 0 209 165 80 213 161 35 1 34 0 37 32
0 0 14 129 72 75 32 64 102 164 194 10 198 128 96 192 104 132 106 0 8 211 199 16 148 34 131 17 32 8 92 0
64 0 7 9 77 11 32 72 118 176 194 66 64 192 32 196 120 4 106 8 3 195 207 29 20 34 3 28 16 8 48 164
33 34 7 9 72 11 160 72 118 160 224 76 192 192 64 208 121 76 106 0 1 211 223 16 28 2 167 56 64 8 50 160
97 32 201 165 8 9 97 8 46 160 160 136 215 6 66 50 42 204 110 13 0 64 239 80 156 146 15 48 80 8 3 100
1 32 6 129 8 79 32 72 230 160 194 10 208 208 96 64 104 4 106 0 5 211 207 24 149 34 131 16 24 8 16 4
82 0 14 133 13 14 97 0 109 168 194 2 206 18 4 118 224 197 110 137 8 209 193 192 149 178 138 19 0 8 53 38
97 160 4 161 44 75 192 200 15 180 176 137 199 8 68 22 201 204 110 0 14 99 207 17 156 144 7 61 81 8 83 132
80 32 134 12 74 10 32 72 102 160 194 204 194 224 66 82 104 204 106 128 8 211 223 0 20 32 67 32 40 32 34 16
96 160 5 137 40 75 129 200 142 52 176 137 230 192 72 134 73 196 106 13 10 99 207 21 156 18 207 61 84 8 6 128
114 50 0 141 10 25 160 72 46 160 242 239 198 128 70 214 232 205 238 128 12 243 199 64 148 176 11 59 73 8 11 134
64 0 6 161 13 11 64 8 111 164 130 11 198 2 2 80 200 132 110 1 12 195 203 220 148 178 139 17 48 8 20 2
48 0 14 137 74 11 32 72 70 32 194 135 208 192 32 66 104 76 106 0 2 211 207 21 84 34 163 16 57 8 48 128
16 0 6 137 13 11 32 72 118 32 194 2 192 192 34 192 120 132 106 0 0 211 199 16 148 34 131 17 16 8 56 128
32 32 15 169 76 79 225 72 134 160 210 10 211 145 96 96 104 140 106 136 8 243 115 208 213 129 163 56 113 8 116 226
112 4 134 29 25 151 32 104 214 180 194 0 96 224 34 80 81 100 234 32 44 211 235 29 9 34 69 5 48 44 52 198
48 2 6 137 10 11 160 72 70 32 192 195 196 193 32 66 104 76 106 0 2 211 207 21 20 34 131 57 48 8 48 128
100 36 135 21 140 6 103 184 210 242 194 64 80 225 81 43 89 100 104 58 249 241 159 10 41 38 101 4 201 121 112 160
96 32 128 165 73 9 112 72 22 160 226 11 195 128 64 16 120 220 106 0 12 114 203 16 221 195 7 57 113 8 70 130
56 32 10 169 76 11 224 72 22 160 240 11 147 209 96 0 89 220 2 8 10 114 219 29 221 195 135 45 113 136 102 162
1 128 142 29 26 131 0 200 22 248 66 96 112 224 40 65 81 110 106 40 35 211 207 29 72 34 101 60 56 40 32 128
97 32 89 141 104 75 65 72 94 240 244 168 215 132 194 16 91 204 110 12 9 98 207 16 220 145 35 60 88 8 10 240
80 0 6 137 13 15 32 72 118 32 194 2 192 194 32 64 120 132 106 0 0 195 95 16 149 34 131 56 16 8 48 128
16 0 6 129 10 10 161 64 36 4 194 130 192 130 0 64 104 140 106 136 8 144 199 64 148 32 170 0 40 0 33 160
33 32 2 137 78 11 160 72 70 32 194 2 130 128 32 68 104 140 106 128 8 227 203 80 148 0 131 56 81 8 48 128
32 132 134 29 24 131 0 232 214 176 198 0 96 224 168 213 81 100 106 40 33 209 139 29 40 34 69 22 16 40 56 36
65 32 199 5 14 10 97 80 108 224 194 98 209 130 144 242 99 196 110 136 1 209 199 64 220 34 167 0 41 32 99 32
80 0 135 77 12 2 32 72 118 128 226 66 208 224 160 66 120 68 106 8 9 211 131 4 20 34 231 0 40 40 112 32
32 32 20 137 75 11 32 72 22 176 192 10 68 194 96 128 121 28 226 16 2 83 75 17 29 128 15 61 16 8 41 130
32 34 150 141 75 75 160 72 118 168 240 10 130 208 64 18 120 220 106 128 8 242 203 80 21 128 35 41 97 8 102 130
65 32 135 5 8 10 33 64 100 160 194 2 208 130 144 114 96 196 106 136 1 209 135 64 156 34 135 0 33 32 99 32
80 2 143 205 12 66 33 72 118 128 226 66 208 226 160 66 120 196 106 136 0 209 131 68 84 34 227 0 32 40 113 32
48 128 23 187 94 199 163 232 22 144 80 67 116 245 32 64 217 122 34 32 34 243 91 191 157 134 143 44 17 8 49 162
48 32 4 141 79 75 160 72 22 164 224 10 6 128 64 128 120 204 98 0 8 115 203 16 29 0 15 57 65 40 7 130
52 160 22 153 203 203 32 200 22 180 192 10 68 194 96 128 89 12 226 16 2 83 91 29 157 130 13 127 16 8 45 130
80 34 10 165 9 9 97 0 45 172 178 8 207 2 66 18 42 197 108 8 8 227 193 64 149 240 3 49 96 0 7 102
80 2 134 149 9 90 32 72 238 132 194 5 206 226 98 198 224 229 238 128 4 209 147 192 145 34 203 3 0 36 45 6
65 34 134 5 10 10 96 64 108 160 226 74 212 130 208 118 96 196 106 136 0 209 135 64 148 34 143 0 32 32 99 0
48 32 4 141 79 75 160 72 46 164 160 11 2 128 64 146 104 204 234 0 8 115 203 80 29 0 15 57 65 40 78 130
80 2 134 93 8 2 33 120 118 128 226 70 83 225 160 66 120 100 106 40 41 241 139 12 20 162 231 0 40 104 96 0
1 144 150 158 29 150 48 232 246 144 194 7 224 226 34 198 208 106 170 32 36 211 27 237 19 50 195 3 26 44 56 150
32 176 20 153 75 207 32 200 22 180 224 10 68 208 96 132 89 12 234 16 2 83 91 29 29 130 7 127 16 8 45 130
32 32 192 141 79 9 161 72 46 160 240 11 130 129 64 2 104 204 66 0 8 115 219 80 29 0 15 56 65 40 66 128
81 32 159 133 14 10 96 64 108 128 226 66 220 130 16 114 104 197 106 136 1 211 133 64 156 34 139 0 40 32 35 32
32 160 21 153 75 139 160 200 22 176 224 74 196 192 96 132 121 12 226 16 3 115 75 17 28 130 7 63 80 8 41 164
51 34 7 141 77 31 160 72 158 236 198 70 196 198 166 196 248 76 234 12 5 211 251 144 149 114 139 19 18 12 61 244
80 0 135 205 12 2 33 104 118 128 226 98 208 225 160 66 120 68 106 168 9 211 131 76 20 34 231 0 32 40 96 32
98 34 192 165 44 9 64 0 107 164 178 169 207 2 68 150 202 197 110 0 12 114 197 128 156 208 5 51 64 172 71 4
65 2 151 220 44 74 33 24 230 160 194 224 209 226 160 98 104 228 106 136 9 211 231 64 212 162 227 0 24 168 96 33
80 34 132 157 40 26 64 8 231 164 166 168 227 226 130 214 73 196 110 136 12 195 239 16 144 242 167 57 0 168 124 36
81 34 206 133 40 25 96 8 239 164 178 168 199 162 194 114 98 196 110 140 12 227 229 64 156 240 167 25 0 160 111 4
104 34 144 100 45 29 80 16 43 172 182 13 139 9 194 18 136 196 108 12 8 98 192 0 223 217 37 49 66 164 74 3
17 4 150 221 8 134 96 104 247 128 226 64 82 243 160 230 112 100 106 168 33 209 155 204 28 162 71 0 0 160 105 128
0 34 30 137 72 27 176 72 174 36 242 161 198 195 98 64 232 12 234 132 4 243 131 80 212 2 3 3 80 4 45 130
32 32 2 9 73 75 160 72 102 160 226 72 192 128 64 80 104 140 106 0 0 243 141 16 20 0 3 32 65 8 107 128
32 50 150 29 74 219 48 72 246 244 198 172 64 224 2 2 89 108 106 0 4 211 239 28 28 2 5 55 80 8 4 198
96 0 6 137 11 75 32 72 102 36 194 10 194 128 34 64 72 12 106 0 12 195 207 16 149 32 3 57 16 8 52 194
80 16 134 29 74 66 33 72 118 132 194 44 64 224 96 82 112 108 106 0 8 211 207 24 20 162 69 8 104 32 38 128
65 34 6 141 73 7 32 72 54 0 194 71 68 194 34 212 248 76 106 5 5 211 131 212 20 34 139 10 24 12 41 132
32 32 6 9 72 11 161 72 118 160 226 8 64 128 2 80 120 76 106 0 1 211 135 16 20 0 35 32 72 8 115 128
80 2 135 29 74 130 32 88 118 128 194 76 80 224 224 210 112 236 106 8 9 211 207 16 20 162 99 8 96 0 34 160
64 32 14 13 72 10 32 72 54 32 194 8 64 194 32 80 120 204 106 128 0 211 207 0 20 34 35 40 0 8 34 128
80 32 6 5 74 11 32 72 228 32 194 2 192 130 0 82 104 204 106 136 12 211 199 64 148 32 130 0 40 0 35 128
0 2 14 137 10 11 33 72 102 36 194 134 195 128 32 66 104 204 106 8 8 209 207 16 148 162 163 16 57 8 52 128
80 48 143 13 74 130 33 88 118 192 198 104 80 225 224 114 112 108 106 8 41 211 207 24 92 163 101 8 96 32 50 144
112 32 80 160 109 73 96 0 43 36 176 137 143 3 70 208 226 141 110 4 12 99 209 208 151 216 1 59 98 132 78 70
14 180 148 23 155 87 22 200 150 183 4 1 196 242 75 142 145 94 232 48 54 83 155 59 41 6 77 111 130 116 15 198
32 32 28 40 77 77 240 72 91 180 240 11 2 216 68 16 249 153 98 1 14 114 218 209 21 0 1 63 81 8 118 130
80 2 30 141 13 10 97 64 109 44 194 34 206 2 6 86 232 197 110 129 8 195 193 192 144 178 138 19 0 8 45 6
80 32 7 141 9 74 129 64 238 160 162 0 210 146 64 118 104 196 110 129 8 195 213 64 145 176 139 51 96 0 7 38
33 32 88 185 74 139 160 72 18 160 240 142 80 192 0 16 88 232 98 5 2 242 218 19 84 6 3 40 89 8 106 128
24 34 14 117 66 154 97 72 246 164 230 34 73 195 160 112 112 236 106 136 0 209 167 64 86 227 131 1 35 128 101 162
41 48 6 141 73 95 161 72 54 236 246 14 212 208 34 36 248 76 106 13 1 243 251 80 85 34 3 40 91 12 43 242
89 2 14 37 25 90 32 8 54 228 194 101 203 34 2 224 240 205 236 128 45 209 229 12 194 227 235 17 32 36 45 64
80 0 150 141 12 75 48 72 174 36 194 42 198 144 32 82 104 212 106 0 8 99 195 208 213 32 131 51 16 8 21 38
112 32 4 161 44 11 65 72 47 180 178 169 199 0 64 150 75 196 110 17 8 99 205 16 156 208 7 117 80 12 87 4
64 32 2 13 73 7 32 72 38 0 194 13 68 130 0 214 104 196 106 128 8 83 211 80 20 32 2 56 0 8 42 128
94 188 148 18 145 247 22 172 54 183 14 17 108 246 75 220 145 95 160 50 54 192 27 63 171 22 29 71 146 119 135 22
48 32 6 137 8 11 160 72 102 36 194 3 194 193 32 66 104 68 106 0 8 211 95 16 149 34 131 48 24 8 48 128
80 2 134 29 74 194 33 104 246 132 194 8 64 224 96 82 80 108 106 0 9 211 207 24 29 162 69 8 96 32 54 0
102 14 134 23 139 138 182 160 190 158 194 1 228 232 7 223 133 119 233 3 100 201 203 44 45 50 93 147 192 116 61 14
16 2 14 137 72 11 32 72 38 32 194 130 194 130 32 64 104 132 106 0 8 211 207 16 148 34 131 16 16 8 56 128
64 16 135 29 9 66 0 72 118 248 194 69 64 228 32 66 81 68 234 0 10 211 219 29 29 34 69 31 16 44 52 82
64 32 6 29 73 74 32 72 54 160 194 8 64 226 32 80 120 204 234 128 8 211 223 0 21 34 131 9 0 0 54 146
0 34 142 29 8 131 33 72 22 180 194 5 192 224 2 194 81 108 106 36 8 211 207 29 12 34 197 52 16 8 32 240
32 48 22 21 75 143 32 72 246 184 194 8 64 208 96 2 121 108 234 0 0 211 207 16 29 0 5 52 0 8 2 130
80 0 6 136 11 15 32 72 102 32 194 10 194 2 32 64 104 140 106 128 8 195 207 16 149 34 131 56 16 8 48 128
32 166 23 157 90 139 163 200 150 164 96 130 228 225 160 4 89 104 2 44 34 243 14 31 44 134 7 45 83 136 37 164
48 32 15 9 72 9 160 72 118 160 226 76 82 128 64 80 120 12 106 0 1 243 149 16 20 0 35 32 73 8 99 160
32 32 150 29 74 139 32 72 246 176 194 8 64 224 96 6 89 108 106 16 0 209 203 28 28 2 5 52 16 40 0 160
64 0 6 136 74 3 32 72 102 32 194 10 192 130 32 80 104 140 106 0 9 195 207 16 20 34 3 56 24 8 56 4
125 14 215 126 154 34 70 184 83 226 246 234 115 225 153 255 31 246 100 170 233 242 205 46 176 239 101 148 239 241 106 49
49 4 15 159 20 135 34 104 86 192 224 198 115 224 160 100 125 108 34 44 171 242 93 63 168 174 3 0 120 168 32 164
16 2 134 189 16 130 96 72 55 128 194 227 67 227 160 80 120 236 46 164 44 209 11 205 214 226 227 0 32 168 96 128
65 128 134 28 8 2 32 232 246 176 194 0 224 224 32 98 81 76 106 0 4 195 207 29 24 34 69 62 16 32 48 4
172 206 206 126 136 35 71 184 210 130 98 104 115 225 185 11 17 102 96 42 232 240 143 47 40 239 101 16 241 249 82 32
20 172 150 26 145 243 22 172 118 183 0 16 110 226 107 80 145 79 160 48 62 65 171 63 169 6 21 111 146 117 132 70
164 142 198 94 152 3 71 184 82 130 102 236 115 225 169 17 17 102 32 46 104 208 15 63 104 238 101 16 120 240 66 16
20 172 148 30 145 203 22 172 118 55 64 17 102 224 42 212 145 110 160 48 54 72 27 63 169 38 21 95 208 101 132 70
117 166 143 21 140 2 37 248 86 250 66 102 81 224 209 11 89 100 104 56 185 211 207 8 72 34 229 68 233 248 112 0
6 164 140 23 153 83 22 200 150 179 4 0 228 226 75 207 145 78 232 48 54 81 155 59 41 6 77 111 144 112 9 6
37 12 143 94 136 34 7 184 210 146 96 204 115 224 169 43 17 102 96 46 225 240 234 43 40 171 101 16 233 249 66 49
6 172 156 26 153 243 22 168 54 183 4 17 100 226 107 92 145 79 160 48 54 64 11 63 41 22 77 111 144 117 137 6
165 204 199 94 138 34 71 184 82 194 98 108 115 225 169 59 17 102 96 42 233 240 191 47 104 174 101 16 233 241 66 32
84 172 148 30 145 171 22 172 126 23 10 17 110 224 14 16 145 103 160 50 54 200 27 63 169 38 21 71 208 119 135 70
188 220 206 126 154 35 70 184 18 130 100 168 115 241 169 59 25 118 32 42 104 226 14 47 98 239 101 24 249 241 66 9
15 172 134 18 153 183 6 172 55 179 68 16 72 227 79 220 145 78 160 184 50 80 27 63 43 86 85 111 146 117 170 4
97 34 88 161 44 9 97 8 111 164 178 136 159 2 210 80 162 133 110 12 12 97 197 80 148 144 35 56 108 136 67 64
76 160 132 23 201 71 4 200 150 179 0 8 192 227 73 142 145 78 104 58 50 83 155 58 73 6 205 61 130 116 18 130
124 166 199 23 140 82 6 232 82 242 70 170 67 224 145 175 25 102 224 62 57 243 239 42 40 102 101 4 231 252 116 244
6 38 135 63 154 131 40 104 190 180 66 197 228 230 96 211 145 109 105 181 38 209 139 45 44 34 77 67 16 36 43 134
78 164 148 23 139 85 22 200 146 182 4 9 228 230 75 142 145 95 233 18 54 65 155 58 41 6 79 111 130 116 15 214
6 188 180 18 145 246 22 140 191 183 6 17 236 246 79 92 149 95 161 18 54 80 187 63 43 87 93 103 146 117 141 86
188 78 230 30 170 123 71 168 82 230 102 169 99 228 185 159 25 102 32 46 104 226 175 46 40 111 101 24 231 253 86 120
117 164 143 85 140 2 39 248 118 178 66 76 83 224 209 43 89 100 104 62 185 243 207 10 40 47 101 68 233 248 112 32
37 204 204 94 152 163 71 184 146 218 100 12 115 225 137 19 17 102 96 46 97 192 46 63 40 174 101 24 120 240 66 105
17 34 6 1 72 11 160 64 102 160 226 74 130 128 160 64 104 12 106 0 0 243 133 16 20 0 35 0 73 8 35 128
32 32 86 137 77 15 161 72 30 36 240 10 0 193 32 20 120 140 66 12 0 243 219 144 21 32 131 40 81 8 66 128
24 34 86 201 66 10 96 72 116 4 242 34 201 131 160 84 122 140 106 136 0 243 135 192 86 224 131 1 35 128 101 128
3 48 7 137 77 95 160 72 46 96 242 70 204 144 32 196 232 140 234 13 1 243 211 208 149 112 3 50 91 12 33 182
25 48 4 169 13 31 160 64 62 104 210 70 207 2 128 192 248 12 238 4 13 209 81 144 149 227 171 18 56 12 49 148
89 2 5 165 49 30 104 0 108 96 194 197 207 10 0 226 226 197 236 133 13 208 213 140 197 243 170 17 42 132 37 18
80 34 22 141 14 75 160 64 46 36 242 43 206 130 0 82 232 212 238 0 0 243 193 192 148 32 131 19 16 8 37 2
96 0 22 9 75 15 32 72 230 40 194 10 194 128 32 64 104 140 106 0 8 211 203 16 21 34 3 32 16 8 48 128
0 16 134 157 25 147 32 104 254 128 194 7 224 240 36 197 209 108 170 33 36 193 31 221 20 50 195 11 24 44 40 6
32 32 6 8 72 9 160 72 102 32 226 2 64 130 0 82 104 204 106 128 0 211 195 64 20 32 2 40 65 8 34 128
17 0 7 157 30 135 96 72 86 128 210 2 115 224 32 96 120 170 42 12 43 243 95 157 149 170 67 0 56 40 48 164
81 2 7 137 10 15 32 88 102 32 194 74 210 128 160 70 104 204 106 8 9 209 207 16 84 162 163 16 48 8 48 128
104 50 25 100 37 29 80 16 105 168 180 109 159 27 192 146 128 196 76 12 8 98 192 0 195 249 37 49 66 128 66 3
16 34 14 137 72 11 160 64 172 36 242 199 196 130 32 80 232 141 106 132 4 227 131 192 148 34 139 27 9 8 41 128
45 180 174 85 152 2 37 248 214 242 198 100 83 240 209 43 17 100 104 40 185 241 191 8 104 42 101 116 232 248 112 32
94 160 132 23 139 87 20 232 22 182 68 9 68 246 75 142 145 94 233 18 2 83 219 56 25 2 77 127 130 116 15 198
125 60 207 126 186 2 70 184 210 178 98 232 115 225 169 59 23 246 96 34 233 242 175 47 106 175 101 16 229 240 2 33
17 34 6 141 78 3 160 72 54 32 194 66 192 194 32 196 248 204 106 133 5 211 199 212 20 34 139 10 56 12 57 132
120 142 199 126 58 2 71 184 146 178 98 232 115 228 169 115 21 246 96 42 233 242 239 63 32 231 101 148 241 240 70 49
6 188 180 26 153 215 22 168 62 191 4 17 108 246 111 216 145 95 161 48 54 192 187 63 43 22 93 111 146 117 141 86
70 142 142 158 232 138 182 160 158 150 194 1 228 234 7 75 129 103 233 7 100 201 203 47 44 54 93 27 128 112 13 78
14 188 148 30 153 223 22 168 62 247 64 17 110 244 107 80 145 94 224 48 54 192 155 63 41 54 85 111 210 36 141 86
36 166 238 93 216 26 100 232 214 178 198 164 67 224 151 47 17 100 104 44 184 243 175 8 42 99 101 5 229 248 124 212
112 34 214 62 18 130 34 104 55 128 226 197 99 225 32 212 123 254 104 0 40 243 143 47 24 166 69 3 105 32 106 130
83 22 132 37 9 14 68 40 45 178 130 204 203 40 20 215 229 213 108 163 169 225 221 12 184 242 207 22 104 100 17 20
96 34 73 129 108 9 97 72 111 160 178 233 159 0 148 80 42 133 110 12 8 98 197 80 212 16 35 56 68 136 67 32
78 176 158 22 139 215 22 200 150 246 68 9 68 246 75 10 145 127 233 16 38 81 155 59 11 71 77 111 130 116 15 214
17 34 7 133 14 10 104 64 236 160 226 66 212 130 144 246 104 196 106 136 0 209 133 64 148 32 170 0 41 0 99 0
52 46 231 30 218 18 70 184 211 242 102 236 99 225 189 159 17 238 96 46 169 243 175 47 58 110 101 20 239 252 66 84
6 160 134 61 217 131 40 232 190 180 194 129 228 226 98 195 209 109 235 165 38 193 159 29 12 34 77 13 0 36 45 196
78 188 180 27 155 215 22 168 62 247 68 1 76 246 79 24 149 123 225 16 54 80 187 63 43 23 77 111 146 116 15 86
32 32 0 137 79 73 160 72 38 164 240 10 134 128 64 128 104 140 234 128 8 243 211 80 21 0 3 57 65 8 78 130
112 34 10 160 44 9 72 0 109 172 178 168 195 2 208 86 200 196 108 140 12 99 193 64 144 240 163 25 0 136 106 4
25 34 134 93 8 2 33 88 246 160 230 100 81 227 160 66 120 228 106 8 8 241 143 12 84 34 227 0 43 168 104 0
32 48 28 137 75 79 48 72 22 180 228 10 196 210 98 68 121 24 234 16 6 115 219 17 29 130 5 63 80 8 45 134
37 164 142 53 156 10 101 248 246 242 198 100 83 225 208 99 81 100 104 44 169 241 223 8 108 43 101 20 233 248 82 32
112 34 140 173 40 9 64 8 111 164 162 169 195 226 128 86 200 196 110 8 12 67 207 16 144 242 167 57 0 136 90 4
96 32 1 141 75 13 160 72 38 160 240 10 134 192 64 150 104 204 234 0 9 115 219 80 29 0 11 56 65 40 42 162
14 172 140 27 153 215 50 168 190 189 4 17 232 242 79 157 145 107 224 16 54 64 187 55 47 87 85 111 146 116 143 198
17 32 15 5 8 10 32 64 236 160 226 66 208 130 144 114 104 196 106 136 1 209 133 64 148 34 163 0 41 32 99 32
53 190 207 126 186 2 70 184 210 242 118 236 115 225 137 59 27 238 100 42 233 243 175 47 120 239 101 148 237 248 98 49
32 32 20 137 79 31 160 72 22 176 240 10 196 192 96 196 120 136 234 0 6 115 219 17 29 128 7 63 81 8 41 132
117 182 206 85 142 26 70 184 118 226 246 230 83 224 215 171 123 236 108 46 173 242 207 10 58 239 101 132 237 248 122 21
81 34 31 133 12 8 96 80 108 224 242 236 221 130 144 242 106 196 110 136 9 211 197 64 148 32 171 8 8 128 35 32
120 32 80 161 44 9 72 0 105 164 178 41 143 10 66 146 202 197 108 4 12 98 192 128 134 209 33 49 64 136 70 0
101 180 204 95 168 17 140 188 214 115 164 252 241 97 218 231 27 70 106 142 251 75 207 53 14 59 245 252 222 240 202 16
97 2 133 221 8 4 0 72 230 136 226 204 211 224 128 246 72 228 110 136 139 67 207 17 148 50 227 24 24 168 34 48
114 32 3 169 12 72 65 64 109 32 162 42 134 146 0 80 232 148 110 129 8 195 193 192 149 176 139 51 64 8 71 38
232 218 19 186 105 217 20 254 31 95 208 125 174 150 234 213 205 203 166 66 239 94 250 183 190 211 126 239 26 28 173 219
0 48 142 29 8 15 32 72 54 184 194 0 64 208 32 64 89 76 106 0 32 209 203 28 28 2 5 6 8 8 40 130
32 34 23 157 95 195 160 72 22 176 112 66 228 192 32 196 89 104 34 40 6 243 91 157 21 18 3 47 81 12 37 164
70 168 158 22 202 202 183 192 186 182 194 9 196 242 76 82 145 127 107 17 36 83 138 42 93 38 77 63 128 112 7 130
86 150 150 30 169 23 148 168 158 254 130 13 204 234 15 207 149 103 232 35 100 65 219 236 185 50 79 31 138 116 13 87
81 2 71 189 4 130 96 72 55 128 226 199 67 227 160 192 120 236 42 140 8 210 5 204 148 162 195 0 41 128 96 128
97 32 134 29 74 19 32 88 118 224 198 236 96 224 160 114 80 76 106 12 129 210 239 17 92 34 101 40 88 160 34 144
25 48 6 1 10 15 33 88 102 160 194 110 83 128 160 64 104 12 106 8 1 243 135 24 84 129 35 16 97 8 51 160
100 162 204 31 138 11 132 168 166 182 130 169 227 96 201 74 75 230 108 163 8 67 207 57 204 34 237 61 245 112 30 2
87 39 225 90 154 36 78 136 240 18 137 214 81 98 221 254 53 194 88 239 249 69 142 122 184 14 205 60 173 247 178 4
168 250 154 56 105 217 86 246 55 79 244 125 46 151 226 156 221 234 166 64 207 190 226 179 70 247 52 171 90 157 238 219
0 32 134 29 24 139 32 72 246 176 194 8 64 224 32 64 89 108 106 0 0 209 219 28 28 2 5 52 24 8 8 128
124 162 196 53 206 11 160 200 50 180 130 170 193 225 201 90 59 196 106 145 8 242 207 0 92 34 229 61 229 232 82 0
119 50 132 133 138 43 4 136 122 178 130 236 199 98 197 62 23 196 124 24 137 80 223 128 140 146 207 254 140 121 19 4
76 160 150 22 201 87 52 232 146 190 70 8 196 243 73 142 145 126 232 2 0 83 155 56 29 50 77 127 130 100 31 134
151 236 133 151 130 54 46 184 242 242 1 214 209 98 153 239 49 102 48 238 237 212 62 42 168 2 207 4 174 117 177 52
134 4 180 215 105 54 184 138 63 191 67 49 204 127 13 79 135 87 179 129 32 212 75 194 13 54 219 135 130 117 5 167
130 204 140 159 232 226 182 174 154 150 66 145 228 102 7 11 129 103 225 3 100 220 75 111 44 50 223 3 128 113 133 202
131 142 148 31 219 151 182 174 254 31 66 29 236 248 46 197 149 99 224 7 118 216 11 127 44 54 93 67 208 116 137 15
119 50 196 133 169 8 68 8 43 178 130 204 207 32 65 158 3 196 124 19 9 65 223 128 156 242 77 62 140 116 19 52
153 221 51 251 13 212 37 255 94 91 222 86 252 247 42 229 245 27 190 0 243 159 59 247 241 251 122 202 26 12 165 123
162 205 133 55 195 98 188 175 16 179 8 153 160 45 64 3 137 87 147 163 116 92 217 47 109 6 220 167 133 120 150 154
20 172 156 95 152 203 67 232 86 157 228 8 114 240 104 48 17 202 98 56 42 195 75 63 121 174 181 125 209 32 82 170
168 220 61 255 45 237 213 254 158 63 180 25 190 189 32 1 201 58 199 10 106 110 122 183 231 211 112 57 82 88 197 235
32 164 131 31 89 199 99 200 86 188 64 13 228 225 104 20 25 110 66 188 34 210 222 63 173 6 5 44 48 32 6 194
64 48 150 77 11 74 0 72 246 180 130 40 198 241 64 198 209 116 234 0 8 99 219 25 156 34 71 63 0 32 15 34
7 172 143 95 156 131 135 168 222 178 70 66 240 224 180 101 17 110 40 168 33 216 175 127 40 46 197 4 148 96 81 44
112 34 0 36 40 9 64 8 111 172 178 41 131 2 208 86 200 196 108 0 8 99 195 64 144 240 163 57 64 136 86 4
174 173 133 183 197 106 166 175 16 243 73 217 196 36 88 135 153 71 145 35 113 220 217 39 45 6 220 100 136 92 155 186
151 204 135 86 143 50 78 168 210 178 130 18 65 226 249 239 113 230 56 175 104 197 143 42 168 78 207 20 167 247 176 36
104 34 132 45 40 9 64 8 39 188 162 169 199 0 192 86 200 196 108 0 14 66 203 17 136 242 1 61 16 168 86 4
41 254 250 127 112 189 182 222 55 79 124 229 187 191 163 24 223 122 150 6 175 190 232 187 70 223 52 171 94 221 110 219
97 34 0 173 44 13 64 8 79 56 176 76 199 66 208 118 201 196 110 13 11 99 203 145 144 240 161 60 24 8 26 21
100 162 196 28 168 11 4 168 130 182 128 169 227 225 201 222 73 198 236 145 10 67 207 17 156 50 205 61 196 228 6 0
179 255 115 62 99 140 191 245 249 94 112 245 110 252 189 49 174 107 119 71 230 126 190 251 119 122 94 170 71 124 199 223
43 244 80 187 107 93 52 190 31 83 116 189 239 223 234 245 215 91 166 70 231 94 254 183 174 211 84 238 30 220 142 221
101 178 140 1 168 11 141 184 206 251 132 252 242 96 222 114 197 70 108 28 143 65 239 21 204 26 237 252 216 160 154 0
88 32 24 165 36 9 72 0 41 36 162 137 143 3 2 210 202 197 236 4 12 98 193 0 212 241 32 49 64 128 74 0
81 34 10 129 12 13 97 64 108 96 178 76 147 130 18 112 104 132 110 140 9 99 213 64 212 176 163 24 72 128 107 0
101 178 238 61 140 7 105 184 246 248 150 236 243 225 210 98 85 228 108 156 143 227 239 9 76 43 101 156 237 232 114 81
107 29 78 158 221 214 222 119 205 202 254 6 123 252 54 229 200 230 190 75 253 171 118 175 55 127 198 155 95 126 248 93
27 222 23 27 187 254 62 190 253 90 182 116 238 110 167 221 167 99 236 68 229 205 59 255 170 255 86 210 218 213 41 93
81 2 143 141 78 6 33 88 118 8 194 102 209 163 160 64 120 204 106 140 9 211 199 16 84 163 226 0 56 168 96 160
32 32 30 137 73 95 176 72 134 180 198 11 196 192 98 4 233 8 234 0 4 115 91 16 29 0 7 63 80 8 45 134
117 6 207 125 170 2 71 120 86 202 118 228 115 225 145 123 23 236 100 46 169 243 175 15 106 175 101 128 237 240 114 49
14 160 172 27 153 215 48 200 190 253 68 1 236 246 107 24 145 79 234 17 38 81 187 125 79 19 77 111 146 4 15 214
117 176 207 117 142 2 69 248 86 242 198 230 83 225 208 34 25 108 104 44 169 243 239 8 88 171 101 132 237 232 114 97
78 176 148 29 233 87 52 232 154 190 68 8 204 242 74 134 145 93 232 48 6 83 155 17 15 115 77 127 130 100 15 135
47 53 83 67 243 255 114 89 59 233 121 252 94 247 204 180 55 14 214 52 177 146 56 198 62 28 37 230 203 198 130 213
6 176 188 27 153 215 48 200 190 181 68 1 236 246 107 156 145 95 235 48 34 81 155 125 15 18 69 111 146 36 15 214
113 6 239 93 10 18 71 120 82 202 102 229 99 225 151 91 25 236 100 46 168 243 175 15 42 47 101 128 229 248 114 96
47 52 211 18 243 255 186 81 59 201 121 252 76 254 238 180 191 43 214 62 181 242 60 214 62 94 5 198 203 198 227 213
