32 0 7 137 77 75 160 72 134 8 194 70 192 192 32 64 104 12 106 1 1 243 211 16 20 34 130 24 24 8 48 146
80 18 134 45 10 6 32 88 118 232 194 100 67 224 96 82 113 204 104 128 9 211 155 0 24 162 101 0 104 32 32 16
24 34 135 5 74 75 161 72 246 164 226 0 67 192 64 2 56 108 106 0 0 243 167 16 84 32 35 1 97 32 39 128
96 32 12 129 76 75 96 64 198 32 194 10 130 128 64 64 104 132 106 12 9 211 197 16 149 32 131 16 16 8 24 128
48 32 14 9 72 67 33 72 54 36 226 128 64 130 66 80 120 140 106 128 8 211 199 16 20 2 131 1 97 0 38 128
16 34 14 5 74 11 161 72 116 4 226 6 64 192 0 2 56 76 106 0 0 243 135 0 20 32 2 8 97 8 35 128
104 34 208 100 33 29 88 16 41 172 182 41 207 11 192 22 134 196 237 12 8 98 193 128 214 249 37 51 66 164 70 19
80 0 10 137 12 9 0 72 118 36 194 138 195 128 2 192 120 196 106 8 8 243 199 16 148 33 131 57 48 8 24 64
96 32 5 129 8 75 33 64 198 160 194 75 192 128 0 64 104 132 106 0 9 83 197 16 148 34 131 16 16 8 48 128
80 0 18 129 74 8 32 64 100 32 194 2 214 130 32 66 96 204 106 136 0 209 129 64 148 32 130 0 32 0 35 128
68 233 204 150 244 137 103 161 59 17 176 137 254 226 73 146 187 203 70 83 66 106 78 97 188 18 87 112 192 58 75 136
32 32 6 9 73 11 161 72 230 160 224 8 192 192 66 210 105 76 106 0 0 211 239 16 28 2 7 56 64 0 106 132
118 36 132 133 138 10 68 40 171 178 130 139 198 98 65 223 33 197 108 163 108 67 207 200 156 34 205 54 164 112 26 4
254 251 58 42 121 221 18 208 171 105 181 45 46 220 110 180 200 219 215 83 143 43 248 183 251 213 32 251 82 15 46 247
88 32 135 37 75 10 32 72 54 160 194 200 67 160 0 146 120 204 234 128 9 211 215 0 20 35 1 32 105 0 42 128
32 34 0 129 76 9 160 64 102 32 226 10 128 128 96 192 104 12 106 0 0 115 193 16 20 0 131 56 81 8 90 128
16 2 6 137 8 2 160 64 36 0 194 2 209 130 32 64 104 140 106 136 8 145 193 64 148 160 138 0 33 8 32 0
16 32 0 137 13 1 160 72 70 36 242 2 128 128 32 196 104 140 74 129 8 163 203 80 148 0 139 56 81 8 57 132
32 0 7 153 10 11 32 72 134 32 194 66 192 192 32 194 72 76 106 0 0 195 207 20 20 34 131 24 16 8 48 128
88 0 134 28 11 18 32 104 118 160 198 0 67 224 34 214 113 236 232 136 8 211 143 8 24 227 69 5 106 164 40 0
0 162 132 29 73 27 160 200 214 188 68 13 196 224 194 6 25 76 234 16 6 83 235 17 12 3 69 125 82 40 14 198
125 32 191 60 139 252 89 67 167 211 160 26 95 255 112 123 233 229 121 24 28 195 178 0 219 235 85 89 225 96 38 98
16 0 6 137 75 67 32 72 230 164 194 2 192 192 34 68 104 12 106 8 0 211 79 28 20 34 3 17 16 8 60 68
80 0 18 129 74 8 32 64 100 32 194 66 215 130 0 66 96 204 106 136 0 209 129 64 148 160 130 0 32 0 33 0
32 32 6 9 72 11 160 72 118 160 224 8 64 192 64 80 121 76 106 0 0 211 207 16 28 2 5 56 64 0 114 128
80 32 134 36 75 74 32 72 54 228 194 136 67 160 2 18 120 204 106 0 0 211 215 0 21 35 1 33 96 0 38 210
32 32 0 129 77 73 161 64 198 32 226 10 128 128 64 64 104 140 106 0 0 115 209 16 21 0 131 57 81 8 86 162
16 0 6 137 8 3 160 64 36 0 194 66 193 130 32 64 104 140 106 136 8 145 193 64 148 160 138 0 33 8 33 128
17 32 0 137 77 69 160 72 70 32 242 2 128 144 32 68 104 140 74 128 13 163 219 16 149 0 139 56 81 8 49 164
65 130 156 31 44 130 5 168 246 18 226 100 242 224 168 66 89 102 106 14 40 99 207 61 148 34 103 28 24 104 33 33
32 32 6 153 74 11 32 72 134 32 194 66 192 192 32 66 72 76 106 0 2 211 207 21 20 34 131 24 16 8 48 128
186 1 102 127 211 187 80 7 53 37 243 153 67 44 20 25 220 222 229 65 60 250 69 173 151 251 80 83 231 141 214 30
4 176 157 186 219 195 48 200 150 177 224 40 228 246 105 8 153 91 226 16 50 83 90 55 157 134 79 127 144 8 5 162
80 0 134 28 10 2 32 104 118 160 226 0 67 224 32 66 113 236 104 128 8 211 143 8 24 162 69 4 97 32 96 0
0 160 132 29 72 15 160 200 214 184 64 40 192 241 192 2 29 92 106 16 2 83 203 17 13 2 69 126 80 40 2 130
181 78 206 62 174 43 79 252 80 166 120 254 115 225 153 27 27 230 100 110 232 230 79 43 240 235 101 148 229 251 82 105
81 34 143 133 10 14 41 72 236 160 194 68 221 226 208 114 97 197 110 156 0 209 215 64 156 34 239 0 32 32 35 32
50 34 205 140 79 75 129 72 154 180 240 139 2 205 68 2 249 221 227 17 10 115 202 80 29 0 15 63 65 40 86 130
6 188 159 115 179 236 55 142 190 147 75 16 252 247 73 120 151 91 160 18 51 216 186 119 237 150 95 70 128 83 165 51
17 0 6 136 10 7 32 72 102 168 194 66 192 192 32 96 104 12 106 8 12 211 79 28 21 34 3 0 16 8 48 6
59 61 3 3 83 91 39 96 53 76 255 164 10 132 163 180 120 204 206 110 77 179 53 236 178 116 2 131 107 55 46 245
140 207 118 123 165 248 118 148 231 31 127 48 235 201 255 231 99 106 174 90 254 176 47 177 110 217 102 65 242 215 236 192
80 0 18 129 74 8 32 64 100 32 194 2 199 130 0 66 96 204 106 136 0 209 129 64 148 160 130 0 32 0 33 0
124 38 207 119 132 42 103 184 114 190 194 214 83 97 145 11 121 230 108 62 184 240 239 42 120 239 229 4 229 249 240 32
29 77 74 235 29 17 103 240 68 4 207 6 147 129 187 228 120 128 170 238 73 146 117 166 246 237 162 1 59 159 120 160
32 32 6 9 72 11 160 72 118 160 224 72 64 192 64 80 121 76 106 0 0 211 207 16 28 2 5 56 64 0 114 128
70 252 141 146 171 224 63 140 154 247 0 177 196 247 107 74 151 127 249 19 114 68 138 114 173 22 223 239 144 117 165 243
80 32 134 37 74 10 33 72 54 160 194 200 83 160 64 82 120 196 106 0 0 209 199 0 20 34 1 0 97 0 34 160
252 232 158 54 1 65 80 192 168 29 242 41 38 154 42 82 232 195 236 81 76 239 130 98 209 225 116 153 193 2 46 11
32 32 0 129 76 9 160 64 198 32 226 74 128 128 64 64 104 140 106 0 0 115 193 16 20 0 131 56 81 8 82 130
80 0 6 137 12 3 160 64 36 0 194 2 193 130 32 64 104 140 106 136 8 145 193 64 148 160 138 0 49 8 33 128
17 32 0 137 12 5 160 72 70 32 242 2 128 128 32 0 104 140 74 128 8 163 203 80 149 0 139 56 81 8 49 132
32 0 7 153 10 11 32 72 134 32 194 130 192 192 32 66 72 76 106 0 0 195 207 28 20 34 131 24 16 8 48 128
252 118 87 50 193 78 84 212 49 11 242 89 67 115 9 29 153 214 196 34 104 246 209 2 179 243 68 3 234 116 198 147
80 0 134 28 10 2 32 104 118 160 226 0 83 224 32 66 113 236 104 128 8 211 143 8 24 34 69 0 97 32 96 0
0 160 156 29 72 75 160 200 214 176 64 8 196 224 64 130 217 76 106 16 3 83 203 17 12 2 69 125 88 40 10 128
204 236 149 247 177 254 54 175 186 147 70 16 236 119 72 239 135 115 160 2 51 216 235 243 111 215 93 7 130 117 141 35
16 0 6 136 74 7 33 72 230 160 194 2 192 192 32 64 104 12 106 8 8 211 79 28 20 34 3 16 16 8 48 0
32 32 6 1 74 11 32 72 118 160 226 136 64 128 64 80 121 204 106 0 0 211 207 16 28 0 5 56 65 0 114 128
80 32 143 4 74 74 32 72 230 160 194 136 194 160 64 146 104 204 106 0 0 211 199 64 20 32 3 32 64 0 43 0
164 140 23 62 152 131 6 168 214 10 96 72 114 224 40 81 17 110 32 34 105 250 11 63 40 166 101 16 88 120 64 10
117 255 89 78 174 3 199 248 194 242 189 238 83 241 237 39 63 214 68 106 233 99 174 56 56 136 101 188 125 251 226 49
28 140 150 30 155 154 6 172 118 3 68 16 102 226 42 212 145 74 160 34 54 200 27 63 170 230 21 79 210 98 168 14
81 32 134 133 10 10 104 64 172 160 194 2 196 130 64 86 96 197 106 140 5 209 133 64 156 32 143 0 40 0 35 4
81 0 134 157 12 2 160 104 246 128 194 2 208 224 32 102 120 228 106 136 0 209 131 72 21 34 199 0 17 104 120 36
161 220 156 31 200 155 6 174 214 210 96 56 226 240 130 49 17 98 96 34 101 236 90 63 44 34 85 10 80 112 202 142
22 228 128 19 155 51 7 200 22 183 8 146 65 227 105 204 49 78 160 178 58 209 15 62 168 6 205 117 179 119 180 32
20 160 150 145 221 135 160 200 86 176 226 2 244 194 104 228 121 72 98 152 3 243 91 21 157 130 135 108 248 8 41 130
65 0 151 93 12 6 164 104 246 130 226 64 80 240 160 102 112 100 106 168 41 241 251 13 21 162 231 0 24 120 112 32
32 32 193 228 76 65 224 72 14 160 240 10 144 147 68 2 104 221 66 129 8 115 219 80 29 0 143 56 101 40 114 162
165 236 197 94 192 171 70 190 210 210 96 88 115 97 145 55 25 98 96 110 225 244 78 63 32 170 117 32 123 243 194 40
81 32 134 133 10 14 40 64 236 160 194 66 220 130 80 118 96 197 106 140 1 209 149 64 156 34 143 0 40 0 35 4
100 160 149 156 203 75 133 232 146 178 224 10 212 243 96 66 89 220 234 0 11 83 203 17 157 162 207 61 144 120 39 162
101 46 135 23 204 54 70 184 210 242 66 86 83 224 217 143 89 102 96 62 185 243 207 42 40 42 229 4 239 253 240 36
114 34 141 172 79 75 128 104 174 164 162 11 70 168 64 82 104 213 106 33 8 99 203 84 157 34 71 25 97 40 86 2
204 220 151 83 131 236 54 174 190 19 67 16 204 243 73 221 151 91 160 18 115 220 155 115 169 246 85 70 202 115 129 39
198 189 151 150 137 98 63 232 190 183 0 177 204 247 105 11 149 87 235 242 114 65 139 124 237 2 207 111 128 113 167 178
32 34 192 133 78 9 224 72 46 164 224 139 130 128 64 18 104 204 66 5 8 115 207 80 28 0 135 57 65 40 82 130
212 140 148 30 147 198 22 172 118 83 105 16 98 242 42 80 17 74 32 34 126 201 11 63 169 166 21 87 176 115 170 2
36 160 4 137 202 67 160 200 22 176 192 10 212 192 96 64 121 152 98 16 2 83 75 17 29 130 143 125 49 8 33 130
20 228 128 22 155 103 22 200 22 183 72 17 68 230 105 72 17 95 160 50 50 80 139 58 169 6 77 47 144 115 165 66
96 32 132 165 74 75 160 72 62 180 224 139 194 224 64 2 121 204 98 17 10 115 207 16 28 0 15 61 97 40 86 130
37 78 135 22 140 34 135 184 210 178 66 212 112 224 249 43 89 102 32 46 249 243 143 42 40 38 101 0 201 249 208 32
52 160 20 153 219 195 160 200 22 176 192 10 196 210 104 64 121 88 98 16 2 83 91 21 157 130 15 125 176 8 33 130
148 156 146 30 153 206 7 172 118 3 105 16 118 240 40 80 145 74 40 34 114 201 27 63 233 166 21 86 208 114 128 10
81 32 135 5 8 10 33 72 236 160 194 66 212 226 80 114 97 196 106 140 0 209 135 64 156 34 207 0 8 32 35 4
161 204 140 31 200 171 7 190 210 146 96 252 243 225 129 51 17 98 32 110 225 252 78 63 100 42 117 32 120 248 194 137
20 172 132 31 153 203 6 172 118 55 66 17 99 224 42 84 17 78 32 48 62 88 27 63 169 166 21 85 240 97 212 70
20 160 20 185 205 139 32 200 86 177 64 10 199 192 104 132 57 76 98 28 2 112 11 21 157 130 5 108 144 8 9 128
164 206 215 94 152 131 6 184 214 130 98 232 115 224 169 113 17 102 32 42 105 210 11 63 42 166 101 16 120 240 64 41
80 0 159 221 12 2 160 104 246 128 194 66 80 224 160 226 120 100 106 168 33 209 131 76 21 162 231 0 16 104 112 32
165 221 212 127 162 139 70 190 114 154 104 252 115 96 136 49 19 98 32 110 97 92 78 63 44 142 117 32 120 240 194 9
98 32 195 140 74 1 160 72 170 160 224 10 144 242 68 18 104 205 106 128 8 83 219 64 29 32 207 57 65 32 99 130
4 252 150 31 153 62 22 140 182 159 64 17 230 224 107 206 145 126 160 18 54 196 186 43 41 182 85 15 194 117 143 78
165 206 197 63 194 171 7 190 82 178 96 252 113 96 145 59 21 106 32 78 224 124 14 63 36 10 117 32 113 249 194 137
81 32 142 133 10 10 32 64 236 160 194 66 212 162 80 114 96 197 106 140 1 209 133 64 156 34 207 0 8 32 43 4
100 160 150 156 203 2 4 232 146 182 130 10 100 242 105 219 81 94 234 34 0 67 219 17 29 34 79 61 144 120 63 130
37 110 135 22 140 34 134 184 210 178 66 84 113 225 249 11 89 102 96 46 248 243 143 42 104 38 101 0 201 249 240 128
82 32 132 156 15 11 4 40 166 178 130 139 194 96 4 66 105 196 106 33 40 227 75 92 153 34 77 23 97 40 60 2
198 174 148 19 153 188 180 135 190 183 2 145 236 38 74 207 133 83 235 21 50 205 75 98 45 18 94 71 128 85 141 79
134 252 148 151 185 169 182 174 190 215 0 53 236 242 75 139 129 115 234 83 118 73 90 127 44 18 95 115 136 117 137 159
165 206 31 30 216 131 6 190 214 18 98 120 115 224 160 113 17 98 32 42 105 206 11 63 104 166 101 0 80 240 194 40
64 0 159 29 12 2 164 104 246 130 194 66 112 224 32 98 120 100 106 168 33 241 139 13 21 34 199 0 24 104 112 32
215 207 237 94 234 16 175 252 198 218 28 230 113 228 251 103 54 96 62 238 193 69 174 120 54 8 239 172 61 243 177 125
149 0 72 153 198 176 105 82 86 81 86 214 145 2 242 109 121 138 30 157 191 210 101 177 132 40 186 192 189 201 56 196
33 21 8 11 220 205 135 204 22 32 237 14 146 1 10 160 88 34 74 74 121 34 88 50 229 4 2 56 89 90 202 144
40 95 43 206 253 87 151 254 140 204 220 166 254 245 163 228 92 122 150 106 201 171 58 175 243 85 174 155 18 126 53 253
171 100 17 170 233 189 190 78 159 99 89 221 141 142 242 132 223 11 146 79 183 39 94 179 38 92 27 62 94 223 137 220
58 68 248 172 31 3 214 111 17 163 241 59 107 56 6 144 223 245 213 33 56 255 65 142 185 215 93 51 245 110 218 138
96 48 149 141 75 75 160 72 150 176 160 42 68 243 64 146 121 220 234 0 1 83 219 17 157 160 79 61 17 40 39 162
40 32 6 1 72 11 160 72 118 160 226 8 64 192 64 80 56 76 106 0 0 243 139 16 20 0 7 8 64 0 51 128
80 32 6 12 75 14 32 72 118 160 194 9 66 196 0 82 120 204 106 128 0 211 215 0 21 32 3 32 32 0 34 130
48 0 6 137 12 11 160 72 134 32 194 2 210 128 32 64 104 4 106 0 8 163 203 16 148 32 139 24 17 8 49 128
88 0 134 12 74 2 32 72 118 128 194 0 66 224 96 210 112 76 106 136 8 211 195 0 20 34 65 0 32 32 34 128
32 32 4 5 73 11 32 72 246 176 194 8 196 208 96 128 25 76 234 0 0 211 203 24 12 2 5 62 80 8 8 128
32 32 6 1 72 9 160 72 118 160 226 8 16 128 96 80 120 76 106 0 0 243 135 16 20 0 3 8 65 0 99 128
64 32 7 5 74 11 33 72 102 164 226 136 65 131 64 210 104 204 106 128 0 211 197 0 20 32 3 32 97 0 34 160
48 0 4 137 14 11 160 72 134 32 194 130 194 128 0 64 104 140 106 8 8 131 199 16 148 32 130 16 49 8 48 128
108 172 143 22 140 6 5 184 210 182 66 68 112 225 105 75 17 102 96 62 48 209 155 40 105 35 101 0 193 249 112 240
20 164 132 27 155 19 6 232 22 183 64 0 68 226 73 138 17 78 160 176 58 80 139 59 169 6 205 111 176 112 44 132
97 130 157 157 44 9 1 168 206 180 162 236 242 224 140 86 201 198 110 13 10 99 207 25 152 50 99 60 16 40 1 36
36 140 158 30 152 211 6 168 214 18 96 8 114 224 168 241 17 110 224 34 101 208 43 63 40 167 101 1 80 112 70 128
28 172 148 30 155 194 22 168 118 23 64 17 102 240 42 80 17 110 32 32 58 65 27 63 169 166 5 79 240 96 132 66
6 164 140 23 139 71 22 200 22 183 64 1 68 228 73 10 145 94 225 51 98 81 155 58 41 6 77 47 128 112 23 194
32 32 132 141 79 75 160 72 54 160 224 11 130 128 64 2 120 204 98 1 8 115 203 16 28 0 15 57 65 40 22 130
101 134 205 127 138 42 199 188 214 183 130 248 241 225 152 75 19 70 104 14 99 97 207 57 108 43 117 188 245 240 208 168
83 34 143 132 8 2 105 0 237 136 178 76 215 130 192 82 104 197 110 140 9 195 199 64 148 176 175 152 0 0 35 36
50 34 73 173 79 73 160 72 170 164 176 139 2 140 68 18 232 221 235 129 8 99 203 208 29 0 133 59 65 8 86 162
76 188 151 115 179 232 55 172 190 147 99 16 220 247 73 252 151 91 176 18 51 88 187 119 173 214 87 110 130 81 129 35
92 165 150 30 145 202 23 168 115 19 9 16 110 241 40 20 145 70 160 50 114 73 10 63 169 54 5 70 210 119 135 38
52 160 132 185 203 203 32 200 22 176 192 10 196 194 96 0 89 92 98 16 2 83 91 29 157 130 13 125 48 8 37 130
28 172 150 30 155 199 7 168 118 51 64 16 102 242 40 212 145 110 32 48 50 80 27 63 169 166 5 78 210 100 129 38
81 32 143 133 10 10 33 64 236 128 194 66 208 130 80 82 104 196 106 136 1 211 135 64 156 34 143 0 40 32 35 36
64 2 143 93 12 2 33 104 246 128 226 66 82 224 128 66 112 100 106 40 9 243 143 8 92 34 231 0 41 104 112 32
165 204 205 126 144 163 70 190 210 146 104 216 115 97 137 51 17 110 32 106 233 196 14 63 104 174 101 56 120 240 194 40
37 140 143 94 152 3 7 184 214 130 98 64 115 225 168 115 81 102 96 42 105 241 43 63 104 166 101 0 120 240 64 32
78 172 148 30 155 83 182 232 158 243 0 17 228 230 75 135 145 71 234 51 54 65 155 63 44 6 95 127 136 116 139 150
114 32 134 156 75 75 128 104 166 176 130 11 70 224 64 194 233 228 234 33 40 99 219 29 157 34 77 31 64 40 24 2
117 166 135 21 140 2 38 248 118 186 66 70 82 225 209 11 89 100 104 62 185 211 143 10 40 38 229 68 233 248 112 32
96 32 150 157 75 1 36 104 146 182 192 10 100 242 64 210 113 92 234 0 0 67 203 17 29 34 79 63 16 40 47 130
81 32 142 5 12 10 32 64 116 160 194 66 208 160 144 114 121 196 106 136 1 211 135 64 156 34 199 0 41 32 115 4
70 168 159 158 201 225 61 200 158 183 0 145 196 247 73 10 149 127 251 146 50 65 138 112 77 18 223 239 128 117 133 242
181 222 198 62 170 35 71 184 82 130 104 236 115 224 185 59 21 102 36 110 233 228 14 47 40 174 101 56 125 243 66 57
68 170 150 30 153 28 22 200 182 159 64 1 228 226 75 218 145 126 232 18 118 65 139 51 41 6 85 111 128 116 15 198
112 32 146 141 75 75 160 72 162 160 160 10 4 226 64 146 104 205 106 128 8 115 203 80 29 32 143 57 65 32 43 130
80 2 143 205 12 2 32 104 246 128 194 66 208 224 160 66 120 228 106 168 9 211 131 76 20 34 231 0 41 40 112 32
181 206 206 94 154 35 71 184 82 202 104 236 115 224 169 49 21 102 100 110 233 192 14 63 104 174 101 24 120 242 66 25
4 160 22 153 201 203 32 200 150 180 192 10 230 192 96 0 57 44 106 24 2 243 139 25 29 130 5 101 144 8 45 130
36 172 134 31 153 207 6 168 182 63 66 25 226 240 106 80 145 110 224 16 58 208 11 63 41 38 85 119 208 36 148 6
78 172 151 22 137 195 60 168 150 178 0 161 196 247 73 143 145 119 235 178 112 65 139 59 45 18 79 111 130 116 37 50
68 252 148 83 131 244 22 172 190 147 66 48 204 242 105 222 147 127 160 18 115 84 155 115 43 150 87 79 146 117 137 6
112 34 133 173 75 75 160 72 166 164 162 11 70 160 64 210 104 220 234 1 8 99 203 80 157 34 77 57 65 40 22 162
117 36 134 87 140 22 38 248 82 242 66 70 83 224 149 175 89 102 96 62 185 243 143 42 40 110 101 4 237 248 120 4
81 32 135 133 14 10 96 64 108 128 194 66 208 130 16 242 104 196 106 136 1 211 151 64 156 34 143 0 40 32 99 4
48 32 23 141 79 75 160 72 30 160 224 10 16 146 64 130 120 220 98 128 9 115 219 80 29 128 143 57 81 40 118 162
181 204 199 94 170 43 70 184 82 162 98 232 115 241 185 59 25 102 100 42 233 226 47 47 32 174 101 16 253 241 66 40
80 0 135 93 8 74 33 104 118 128 226 66 82 224 160 98 120 100 106 40 9 243 171 12 28 34 231 0 41 104 112 32
32 32 22 137 77 7 160 72 86 176 224 2 212 210 96 128 121 140 98 136 2 243 91 209 29 128 135 44 25 8 41 128
13 160 22 25 221 151 32 200 86 184 224 0 226 224 106 196 217 108 106 60 38 243 27 31 29 134 71 109 218 40 120 134
56 0 6 137 9 11 160 72 134 32 194 2 194 128 32 192 104 4 106 0 8 195 207 16 148 35 131 24 16 8 56 128
109 87 32 138 213 22 39 240 68 76 205 78 202 37 43 228 88 138 142 238 205 178 125 174 247 229 134 25 26 62 188 241
72 0 134 28 75 210 32 72 246 132 198 8 64 224 98 86 112 108 234 8 8 195 239 16 84 35 67 9 114 36 42 192
32 48 6 13 10 139 32 88 214 252 194 36 192 192 226 6 89 108 106 0 4 209 203 28 12 2 5 54 112 8 20 213
80 2 6 137 74 67 32 72 102 32 194 2 194 128 32 64 72 140 106 128 12 211 207 16 148 34 3 17 16 8 52 4
245 107 66 74 206 1 70 216 194 144 161 206 83 192 249 159 56 192 64 254 206 103 142 56 56 136 229 60 125 187 122 132
80 0 14 137 14 7 32 72 102 32 194 2 210 2 0 64 104 140 106 128 8 147 199 16 148 32 130 16 16 8 56 130
175 156 67 187 253 187 190 247 157 99 89 215 205 238 59 205 223 75 31 63 183 39 93 191 38 94 62 250 158 221 153 213
56 88 216 238 215 99 87 111 19 231 245 27 107 61 6 16 218 255 165 1 60 255 121 190 251 239 149 51 229 251 222 219
33 32 4 13 73 91 160 72 214 176 194 12 212 192 98 0 88 76 106 0 1 243 251 16 28 0 1 61 88 8 9 128
65 0 6 137 77 3 33 72 230 4 194 6 194 128 34 192 104 140 106 128 8 131 211 16 148 32 138 24 24 8 56 4
62 203 110 127 165 187 212 132 61 23 123 153 75 109 31 217 249 255 229 83 94 240 77 165 150 251 84 67 231 223 222 74
183 125 98 14 251 87 150 108 189 76 252 173 74 244 167 180 252 237 214 102 205 147 52 238 50 52 0 155 91 127 174 215
156 134 118 121 165 152 118 184 127 22 118 1 235 235 127 193 243 106 174 86 206 240 15 177 46 251 71 71 243 142 108 198
125 166 207 117 182 34 71 184 82 182 242 250 83 225 145 11 93 236 100 46 185 242 237 10 120 239 229 148 229 249 240 32
134 205 132 19 137 176 54 175 190 151 3 17 236 226 75 207 129 99 161 87 118 92 139 119 46 18 95 71 130 117 137 70
195 214 156 157 106 164 53 53 174 94 159 247 228 194 238 70 103 100 238 0 135 7 255 211 28 32 235 142 28 169 169 85
12 125 83 115 199 234 231 214 117 70 124 7 139 45 23 156 43 234 198 74 85 176 61 163 39 207 36 1 111 247 198 250
158 68 20 191 13 63 148 170 188 18 131 17 207 90 15 207 225 193 236 35 108 197 91 175 129 242 90 23 24 125 9 6
244 50 213 101 233 79 84 177 49 90 240 125 70 55 9 29 221 212 68 34 169 246 209 2 182 242 100 150 232 112 194 151
163 181 124 90 236 237 149 107 207 123 185 29 82 252 30 43 141 147 127 1 191 111 126 119 91 26 85 126 221 72 214 87
187 159 50 236 61 55 158 254 21 202 252 226 127 244 162 229 222 250 151 35 232 171 100 175 243 247 174 154 22 252 52 253
180 205 66 26 213 225 198 230 209 6 232 27 98 104 63 129 89 226 128 99 126 111 28 63 59 6 197 27 245 127 254 14
13 187 190 83 184 223 177 208 124 72 244 76 222 89 146 48 154 104 78 89 147 235 240 104 253 159 46 216 202 48 99 179
63 221 32 70 99 29 183 244 33 234 252 174 106 117 131 181 92 250 214 110 237 58 104 175 119 221 101 178 107 191 106 253
167 254 59 82 224 189 191 243 185 30 124 248 220 244 237 52 191 123 215 62 227 55 170 122 60 28 47 174 192 243 35 229
216 87 75 178 197 232 103 151 181 70 254 150 171 198 42 213 107 235 174 146 127 26 124 230 245 241 166 1 44 216 236 118
44 22 191 226 245 127 81 219 95 255 255 28 94 117 171 250 217 214 174 56 57 243 41 140 219 191 117 213 202 234 204 115
28 150 90 192 214 72 55 242 100 6 126 230 29 129 226 64 59 138 134 170 18 187 132 99 118 133 34 97 45 139 237 163
232 17 14 156 93 209 129 73 136 68 228 7 160 192 39 85 72 32 130 96 18 2 114 157 117 49 130 59 18 14 118 246
188 86 123 79 85 127 199 120 85 174 255 118 91 117 191 148 121 236 135 170 232 182 121 158 119 239 161 132 115 251 116 243
137 191 114 199 237 94 239 247 97 200 124 70 185 59 146 167 126 126 214 234 209 250 244 236 103 217 166 128 111 246 235 189
19 131 195 33 146 130 107 83 53 73 238 199 75 134 246 212 124 139 174 220 223 155 37 96 144 196 178 192 107 135 236 84
13 224 234 95 100 216 107 184 118 84 85 128 241 229 219 96 115 104 55 205 130 48 174 113 111 77 231 173 54 167 119 240
149 89 2 180 69 199 180 97 148 218 81 55 150 212 98 1 252 40 146 70 101 183 2 128 145 16 67 10 8 44 51 211
76 149 146 178 239 89 182 237 158 51 1 26 239 242 105 175 179 83 202 51 118 67 26 243 189 215 95 127 150 126 137 134
162 59 42 30 73 213 145 96 212 204 84 32 176 212 35 33 220 58 130 67 210 62 242 41 145 16 66 171 80 10 38 247
24 104 192 83 70 141 229 87 124 147 116 18 155 129 208 157 105 40 2 8 66 248 198 224 70 201 246 32 99 208 210 168
49 54 43 97 176 79 103 115 116 46 251 98 147 20 160 96 88 30 14 42 249 185 101 14 244 132 162 128 96 202 244 225
24 16 4 147 13 162 96 68 228 25 195 50 162 18 40 235 104 146 170 128 26 152 75 241 148 128 210 0 50 73 240 138
79 168 149 27 155 253 54 140 255 147 0 16 236 242 77 188 147 91 234 16 51 88 154 243 15 22 87 111 146 85 139 166
98 34 1 172 79 77 161 72 46 164 240 139 134 213 64 22 233 221 235 1 8 115 203 208 29 0 15 59 65 8 38 178
191 92 98 30 251 83 151 254 157 78 244 189 74 252 175 181 223 251 151 103 237 167 54 238 178 126 14 139 95 124 174 215
175 214 33 138 253 95 95 253 87 110 253 62 78 100 186 244 221 202 150 46 237 38 105 254 179 94 4 254 26 255 156 245
143 93 103 155 235 126 62 158 174 82 95 247 221 246 235 239 103 79 190 78 245 208 255 242 230 105 111 132 62 223 137 213
61 253 231 115 215 254 119 246 117 78 126 167 251 124 135 180 63 250 214 66 253 184 61 170 47 223 39 131 235 255 230 255
125 159 107 179 213 252 119 247 53 95 254 183 27 118 234 117 125 218 182 130 251 158 124 227 255 247 182 195 163 220 228 255
101 162 207 85 172 3 69 184 246 178 134 232 211 225 209 42 81 228 104 28 169 195 239 8 78 171 229 156 231 248 114 32
14 168 149 191 153 199 61 200 186 183 0 16 204 247 73 142 149 95 235 146 50 65 154 241 205 18 207 111 146 116 135 162
220 127 154 187 168 60 55 221 191 94 253 245 206 230 203 219 231 219 206 215 251 67 234 98 180 211 126 170 170 87 175 245
191 223 98 95 241 157 95 240 113 236 252 172 106 125 151 181 222 242 215 110 236 179 124 175 242 255 101 179 79 255 110 253
140 20 148 93 169 62 52 143 191 59 71 16 204 51 64 207 133 87 170 16 48 220 83 226 7 115 86 7 146 117 141 175
33 118 221 37 224 110 85 182 59 90 124 252 158 54 134 56 151 223 212 0 233 210 241 106 172 150 117 134 200 112 198 241
20 15 190 175 180 107 183 236 140 140 186 33 247 113 35 2 200 115 77 99 32 161 73 44 225 165 47 144 209 123 101 235
172 254 240 119 41 249 115 178 119 124 191 61 255 253 202 179 143 94 237 90 234 244 235 163 238 249 37 181 102 205 78 243
198 20 180 87 169 126 180 11 191 255 131 53 204 126 15 207 135 87 235 0 180 229 123 192 7 122 91 151 194 101 13 215
29 82 226 203 53 30 115 220 87 77 247 118 75 85 186 228 119 204 190 126 187 181 45 255 242 255 179 212 127 159 248 117
189 113 252 107 161 55 95 216 87 232 245 116 219 215 250 172 93 200 150 254 141 242 107 178 206 223 167 196 219 191 232 241
245 159 95 102 190 2 79 248 194 226 188 238 83 96 185 50 23 230 92 238 249 163 45 46 248 239 37 188 109 242 114 49
141 49 189 123 184 157 241 89 126 200 244 124 255 95 3 32 222 58 222 24 163 239 250 78 207 217 39 152 74 130 67 249
169 54 232 111 241 54 127 59 117 202 255 212 219 111 146 240 93 198 223 174 172 214 125 142 239 255 167 129 226 228 238 241
233 86 44 253 100 63 121 62 92 122 222 92 223 85 178 249 245 204 191 44 169 87 113 143 215 251 227 148 30 252 80 113
33 32 22 25 77 159 32 72 86 188 224 10 230 208 98 196 249 8 106 24 6 243 219 17 29 130 7 47 82 8 57 134
16 34 135 77 12 2 32 72 246 160 226 98 209 227 160 230 120 196 106 136 1 209 167 12 20 34 226 0 40 168 112 32
32 48 18 137 79 77 160 72 6 160 240 10 150 144 64 128 104 140 106 128 9 243 219 208 21 128 131 59 73 8 58 130
53 134 215 94 186 10 70 248 82 130 114 232 115 224 137 191 27 238 100 42 233 243 175 47 48 174 101 148 237 248 98 37
81 32 143 133 12 10 32 64 108 160 194 66 209 130 144 242 104 196 106 136 1 209 133 64 148 34 163 0 41 32 99 32
96 48 148 141 75 73 32 72 54 176 224 42 196 242 64 150 121 220 234 0 0 83 203 16 29 128 79 63 0 40 47 130
53 164 206 53 156 2 70 248 210 242 66 98 83 224 145 43 25 236 96 46 173 243 207 10 40 239 101 20 237 248 88 0
70 172 148 27 139 242 54 168 190 179 2 16 204 242 77 223 145 127 232 18 118 64 155 115 47 86 85 111 146 117 143 6
96 34 5 140 75 73 32 72 38 164 226 139 198 230 64 210 105 212 234 0 8 83 203 16 157 34 79 57 1 8 38 50
78 168 151 22 139 83 28 168 150 178 2 16 196 247 73 207 145 127 232 178 112 65 139 113 9 18 79 111 130 116 173 6
57 9 96 129 133 187 96 87 71 97 222 2 19 0 179 236 120 138 174 156 143 184 101 128 222 77 182 1 191 222 120 252
171 29 48 30 121 157 145 107 158 92 80 40 172 220 161 161 206 59 146 67 230 42 234 61 245 17 74 170 82 12 39 175
57 15 98 41 145 50 107 215 37 68 254 199 9 134 227 208 124 138 134 156 155 154 101 202 186 197 166 196 51 198 104 252
162 31 52 156 89 221 147 106 138 28 124 43 164 212 34 51 204 58 130 32 162 42 98 189 53 48 10 186 80 12 7 255
24 159 90 225 150 50 110 247 100 76 254 230 25 35 162 192 126 154 134 168 223 185 37 206 254 197 34 65 63 194 44 209
0 32 22 24 73 75 32 72 22 180 192 10 198 208 64 0 121 72 106 16 2 115 203 17 29 130 7 47 80 8 45 130
80 2 135 93 8 2 32 88 246 168 226 68 81 225 160 66 120 228 106 8 9 241 139 12 20 162 227 0 8 168 96 32
96 32 150 140 75 75 160 72 54 164 224 10 196 210 64 18 121 204 106 128 0 115 203 16 29 128 15 59 64 8 47 130
53 158 198 126 186 34 71 184 210 242 100 236 115 225 185 51 21 230 100 46 233 242 14 63 96 174 101 148 249 240 66 17
96 32 134 140 73 15 160 72 182 164 194 8 68 226 64 210 249 212 234 0 8 83 203 16 29 34 79 59 0 40 47 130
37 162 143 21 156 10 36 248 246 186 194 100 83 225 208 66 89 100 104 44 169 241 143 8 28 34 229 4 225 232 114 32
198 140 132 23 137 176 54 172 190 151 2 21 236 226 75 79 145 103 169 19 118 88 155 115 45 18 95 79 128 117 141 70
121 140 199 126 24 2 71 184 210 178 98 200 115 225 185 49 17 230 96 46 233 242 15 63 96 174 101 20 120 240 66 32
4 160 150 27 153 159 2 232 54 177 64 0 102 242 105 220 145 106 224 48 54 208 155 63 41 86 69 111 210 36 13 6
8 48 182 21 11 203 32 88 246 240 194 0 66 208 0 34 57 124 234 0 128 209 95 28 29 2 5 52 64 8 0 134
104 48 134 29 75 2 32 72 246 132 194 12 64 224 98 210 80 108 234 8 8 211 219 24 28 35 69 8 90 32 58 144
120 32 6 13 73 66 32 72 182 168 198 0 64 194 32 86 120 76 106 136 0 211 203 0 21 35 35 41 0 0 54 146
8 32 6 1 11 11 160 72 230 160 194 8 64 128 98 194 40 76 106 8 0 243 139 28 20 3 5 16 97 0 59 128
142 4 156 149 169 127 188 11 188 183 135 16 204 102 15 207 131 23 234 34 52 69 123 194 7 83 91 23 130 117 141 70
141 52 62 250 173 189 245 85 127 218 245 24 223 223 10 169 237 250 223 10 225 229 107 254 247 219 119 146 66 217 203 35
62 50 80 106 233 107 214 216 17 108 241 45 75 41 13 156 222 220 199 98 25 163 73 136 54 254 4 191 243 255 106 199
53 6 207 94 162 2 70 248 80 130 114 236 115 96 149 59 31 230 100 46 233 243 175 46 40 174 101 144 237 248 114 33
6 188 150 31 153 215 22 136 255 183 64 17 236 242 79 159 145 79 232 17 54 80 155 119 41 22 69 111 154 116 143 6
117 162 206 53 142 11 101 184 118 242 194 238 83 225 208 66 25 76 104 45 169 240 207 8 92 235 101 4 237 232 114 1
78 164 132 148 137 87 52 232 150 182 130 9 204 230 72 199 145 85 233 176 32 67 203 28 29 50 205 127 130 100 15 198
25 31 98 131 21 185 98 83 101 105 95 102 43 0 242 228 120 170 150 157 159 184 101 162 254 77 162 193 191 206 248 221
