48 34 6 1 74 131 160 72 230 0 226 64 192 194 64 64 104 44 106 128 0 195 207 16 20 2 3 1 105 0 43 132
32 32 71 141 78 11 160 72 190 32 242 66 148 130 64 80 120 140 106 0 1 241 193 208 20 32 3 32 105 8 99 128
80 32 30 133 75 9 224 64 127 32 242 10 78 130 0 80 122 205 110 128 12 243 203 208 148 32 131 41 65 0 107 130
114 162 128 161 44 11 64 136 43 188 176 169 199 0 64 150 137 197 108 4 14 99 203 145 156 208 5 127 80 172 94 4
32 34 7 141 78 11 160 72 22 160 226 66 208 192 96 64 120 12 106 4 3 243 203 153 28 34 39 48 25 8 112 128
16 32 134 157 9 6 32 72 246 160 194 2 192 195 32 70 248 228 106 136 0 211 155 220 149 34 135 18 0 40 32 2
120 34 16 225 45 13 80 16 107 172 178 9 207 11 64 146 132 197 108 12 12 98 193 144 222 217 37 49 66 140 74 1
33 32 71 133 78 11 160 72 62 160 114 66 151 194 64 64 120 204 106 12 4 241 193 64 212 160 35 32 97 8 99 128
16 32 22 133 8 74 160 64 238 160 226 2 206 130 64 82 104 196 110 128 12 211 137 192 149 32 139 49 64 0 103 6
16 32 6 13 75 10 160 72 118 0 226 2 64 128 32 210 120 76 106 136 0 243 199 16 20 32 2 8 97 8 43 128
64 0 6 129 75 11 33 64 102 164 194 2 194 130 98 208 104 140 106 0 8 211 197 16 20 34 131 49 48 8 88 0
96 34 65 133 76 9 224 72 46 160 242 74 195 128 64 146 104 204 106 136 8 242 199 64 149 160 3 40 97 8 98 160
16 32 22 133 9 74 160 72 238 160 226 2 206 130 64 82 104 196 110 128 12 211 201 64 149 32 131 49 65 0 43 2
32 32 6 137 78 11 160 72 22 160 242 74 211 192 64 192 120 140 106 0 8 242 207 144 28 128 167 40 49 8 120 128
16 32 151 141 13 10 32 72 238 164 194 2 196 195 32 198 232 196 106 128 8 211 195 192 149 34 138 18 0 40 53 2
36 160 148 184 207 207 176 200 22 180 224 11 196 208 72 132 249 88 226 16 6 114 219 149 29 130 7 127 208 8 13 134
81 2 143 221 12 10 101 120 244 130 226 70 81 227 160 66 112 228 106 168 41 209 143 73 92 162 231 0 41 240 96 32
96 32 192 196 77 73 224 72 47 164 240 139 130 136 84 146 104 205 194 1 0 114 219 208 29 16 7 57 65 40 78 130
48 32 15 1 74 139 161 72 102 148 226 4 64 194 64 66 104 108 106 128 1 211 223 16 20 2 7 12 105 0 35 180
16 32 6 13 72 67 32 72 118 132 194 0 64 128 98 86 120 76 106 128 4 243 215 16 20 32 67 1 65 8 39 128
83 32 223 133 10 10 105 64 236 160 242 66 223 130 64 114 98 197 110 136 1 209 133 192 156 162 175 0 32 0 35 36
33 32 14 1 72 11 33 72 102 160 194 8 208 192 64 82 105 76 106 8 0 211 207 16 29 2 135 16 65 0 114 160
80 32 134 13 72 11 32 72 38 160 194 202 210 224 64 82 104 196 106 0 0 211 215 0 21 34 3 40 9 8 34 130
20 160 148 184 203 207 160 200 22 180 224 10 198 210 72 132 121 88 226 16 2 82 219 21 157 130 7 127 208 8 13 130
65 2 143 93 8 10 101 120 244 130 226 66 81 225 160 98 112 100 106 168 41 241 143 9 92 162 231 0 9 248 96 32
96 32 192 172 77 73 224 72 46 164 240 139 130 128 68 2 104 204 66 1 0 114 219 80 29 0 7 57 65 40 70 130
80 32 142 5 72 10 32 72 118 160 194 8 82 128 96 82 112 204 106 8 0 211 141 16 85 32 7 1 0 0 115 160
96 32 6 5 73 13 32 72 182 160 226 74 80 192 64 144 120 204 106 0 0 211 203 16 29 2 7 40 0 8 18 162
81 32 159 133 10 10 105 64 236 160 226 66 222 130 208 114 98 197 110 140 9 209 133 64 156 34 143 0 40 0 35 36
88 18 134 29 73 2 32 72 246 128 194 100 66 224 32 66 113 100 106 0 8 211 207 16 28 162 101 8 72 32 112 2
33 160 148 29 10 15 33 200 86 176 192 8 192 224 192 134 89 108 106 16 10 211 203 17 28 2 5 53 16 40 42 128
20 160 148 185 219 203 32 200 86 180 224 10 198 210 104 4 121 88 226 16 2 82 203 21 157 130 5 127 208 8 13 130
65 0 159 93 8 2 100 104 244 130 226 64 80 224 160 98 112 100 106 40 41 243 139 9 20 162 231 0 9 120 96 32
96 32 200 164 76 9 160 72 46 160 240 139 130 128 68 2 104 204 66 1 0 114 219 80 29 0 7 57 65 40 70 130
97 32 7 9 72 11 160 72 118 160 226 76 194 194 64 16 120 140 106 0 13 83 195 16 20 2 131 56 73 0 51 128
64 32 6 13 72 74 32 72 164 36 226 10 195 128 0 82 104 204 106 128 12 243 135 0 148 32 2 1 96 32 35 128
81 32 159 133 10 10 104 64 236 160 226 66 222 130 80 114 96 197 106 136 1 209 133 64 156 34 143 0 32 0 35 4
80 0 3 136 74 8 33 64 102 32 226 10 130 130 32 86 104 204 106 136 9 211 133 80 148 32 10 8 33 0 35 0
32 32 2 129 76 73 160 64 62 32 224 10 128 128 96 0 120 140 106 0 0 242 193 80 148 0 131 49 81 8 86 128
20 160 20 185 219 207 32 200 86 176 224 10 230 210 104 196 121 88 226 16 2 82 91 21 157 130 5 127 208 8 44 130
64 2 151 93 8 2 101 104 244 130 226 64 80 225 32 66 112 100 106 40 41 241 139 13 84 162 231 0 16 120 96 32
96 32 192 172 76 73 160 72 42 164 240 139 130 160 68 18 104 204 66 1 0 114 203 80 29 0 7 57 65 40 70 130
80 0 142 29 72 2 33 72 246 128 194 0 208 226 32 64 120 100 106 136 8 211 199 16 84 162 195 8 64 32 32 32
32 32 20 13 11 75 160 72 86 176 224 10 194 128 64 2 89 76 106 0 8 243 219 16 29 0 3 52 81 8 36 134
81 32 159 133 10 10 96 64 236 160 226 74 222 130 80 114 99 197 106 140 1 209 133 64 156 34 143 0 32 0 35 4
72 128 142 28 8 82 161 200 246 160 198 0 82 224 160 114 81 100 106 8 0 243 175 16 88 34 101 8 64 96 96 32
36 160 28 185 207 75 160 200 86 176 224 10 212 208 96 64 121 152 98 16 2 114 75 17 29 130 135 125 81 8 44 130
80 0 159 221 12 2 96 104 244 128 226 66 208 226 32 226 120 228 106 136 1 209 131 72 21 162 199 0 16 104 96 32
96 32 192 172 76 9 160 72 46 164 240 139 130 128 68 18 104 204 66 1 0 114 219 80 29 0 7 57 65 40 70 130
44 176 134 29 153 7 2 200 22 184 192 8 64 246 64 16 25 124 234 16 10 210 203 31 29 6 5 54 16 32 2 130
96 34 6 9 72 11 160 72 118 160 226 72 194 192 64 16 121 204 106 8 0 211 203 16 28 2 167 56 65 0 51 128
81 32 158 133 10 10 32 64 236 160 226 66 222 130 80 114 98 197 106 136 1 209 133 64 156 34 143 0 40 0 35 4
64 32 142 5 74 11 32 72 164 160 194 10 82 160 0 210 104 204 106 128 0 211 135 0 148 34 35 0 96 32 43 128
80 34 134 133 72 8 32 72 102 32 194 74 66 130 32 82 104 204 106 136 8 243 141 80 20 32 3 0 9 0 35 0
52 160 20 153 219 195 32 200 86 176 224 10 230 210 104 192 89 88 226 16 2 210 75 21 157 130 5 125 240 8 41 130
64 2 159 93 8 10 36 104 246 130 226 64 80 225 160 66 112 100 106 40 33 241 139 13 21 162 103 0 16 120 104 32
81 32 158 133 10 10 32 64 236 128 226 66 220 130 64 114 96 197 106 136 1 209 133 64 157 34 143 0 32 0 35 36
96 32 192 172 76 9 160 72 42 164 224 139 130 160 68 18 104 204 66 1 0 114 219 80 29 0 7 57 65 40 70 130
32 32 2 129 73 9 161 72 54 160 226 10 192 194 96 16 120 140 106 0 0 243 201 16 28 0 3 56 65 8 3 160
80 16 135 29 72 2 33 72 246 128 194 100 66 224 160 66 113 100 106 0 9 211 207 16 28 162 103 8 72 32 112 16
32 160 148 13 11 75 33 200 86 180 192 8 192 224 194 134 89 108 106 16 2 211 235 16 28 2 5 52 16 40 38 164
49 0 143 61 74 11 33 72 118 160 194 134 210 193 32 66 120 76 106 36 3 211 207 29 20 34 67 16 48 8 32 208
65 0 15 25 8 75 32 72 86 240 194 2 64 192 34 192 89 4 106 0 7 195 79 29 28 34 7 29 16 8 56 196
97 32 6 9 72 11 161 72 102 160 226 8 194 130 64 16 104 140 106 128 13 115 211 16 20 2 131 56 65 8 35 160
80 32 142 13 72 10 33 72 118 160 198 8 82 192 32 82 112 204 106 8 0 211 141 16 85 32 7 40 0 0 99 160
96 32 3 17 72 75 32 72 54 160 194 74 64 193 96 16 120 204 106 0 0 211 203 16 29 2 5 49 0 8 22 130
72 0 134 28 73 3 160 72 246 168 198 0 98 225 32 82 81 100 106 8 0 211 143 20 93 35 101 9 66 96 96 2
44 178 134 29 153 139 0 200 22 184 64 104 80 240 64 144 89 124 234 16 10 210 203 29 29 2 101 38 48 32 2 162
96 34 6 9 74 11 160 72 54 160 226 78 195 192 64 144 121 204 106 128 8 83 199 16 20 2 131 57 105 0 34 128
64 34 6 5 72 11 160 72 164 160 194 2 194 160 0 210 104 204 106 136 0 211 199 64 148 34 3 0 64 32 43 128
64 34 2 129 76 9 96 64 110 32 226 74 194 130 0 82 104 196 106 136 8 83 199 64 148 32 131 56 8 8 50 0
96 32 0 133 78 11 160 72 174 164 226 10 198 128 64 80 104 140 106 0 12 243 197 16 148 0 11 48 96 8 27 128
64 32 135 13 8 11 33 72 246 160 194 68 194 224 64 66 121 196 106 8 9 81 195 16 28 34 199 16 64 32 48 0
98 34 0 169 44 9 64 72 15 188 176 41 231 202 196 212 201 140 238 0 14 99 203 145 156 240 135 63 80 8 94 132
80 0 6 137 79 11 32 72 246 160 194 2 64 192 32 64 120 140 106 136 0 211 223 24 21 34 131 8 48 8 48 128
64 0 7 129 74 75 32 8 230 164 194 6 194 130 32 84 104 140 106 0 12 211 223 20 149 34 131 48 16 8 20 6
32 32 3 129 76 73 160 64 46 32 224 10 130 128 96 0 104 140 106 0 0 242 192 80 148 0 131 49 81 8 86 128
80 0 26 137 78 9 97 64 100 32 226 10 134 130 32 86 104 204 106 136 8 211 133 64 149 32 2 8 33 0 35 32
32 32 14 137 76 11 160 72 22 160 242 138 209 192 96 192 120 140 106 136 9 242 207 208 20 128 131 40 53 8 116 160
97 0 14 137 74 11 33 72 102 32 194 138 210 192 32 66 104 204 106 12 9 115 207 16 148 32 3 56 49 8 50 128
48 32 6 137 78 11 160 72 230 32 194 3 192 192 32 66 104 204 106 0 0 211 203 20 21 34 131 49 49 8 48 130
112 2 1 137 74 11 32 72 246 36 194 78 130 192 0 194 120 204 106 8 8 115 203 16 148 32 131 56 56 8 50 128
48 34 6 137 78 11 160 72 230 32 194 199 192 192 32 194 104 204 106 0 0 195 195 16 148 34 130 49 57 8 48 128
81 0 6 137 78 11 32 72 102 32 194 2 192 192 32 192 104 132 106 136 0 211 75 80 148 34 131 8 48 8 57 128
81 0 6 137 79 11 32 72 118 32 194 2 80 192 32 192 120 140 106 136 0 211 95 88 20 34 131 8 56 8 48 160
120 4 6 29 25 23 32 104 246 184 194 0 96 224 32 193 113 108 106 32 32 211 143 29 25 35 69 4 80 44 56 128
0 0 14 129 76 8 161 64 164 0 194 2 208 131 32 64 104 132 106 128 8 147 199 192 148 160 138 24 33 8 33 160
48 32 20 137 14 75 160 72 70 32 240 2 130 0 0 0 104 136 106 128 12 163 89 208 149 0 139 48 81 8 48 134
48 32 14 137 74 11 161 72 230 32 194 3 208 192 32 66 104 204 106 8 2 211 203 21 20 34 163 48 49 8 48 128
24 162 134 29 90 131 32 216 150 184 194 96 116 224 40 66 17 110 106 32 34 67 203 29 92 35 101 60 56 40 32 128
16 32 22 141 12 2 160 72 174 36 210 2 196 131 32 70 104 196 106 128 8 211 131 208 148 34 138 17 16 40 53 128
17 164 142 31 26 131 1 232 22 240 198 128 115 224 42 113 17 110 106 44 42 211 239 61 41 35 69 52 48 96 0 224
101 46 142 23 140 34 71 184 210 242 66 124 83 225 219 11 25 102 96 63 184 243 143 42 104 39 101 4 233 249 240 0
125 132 134 29 155 147 1 232 86 180 70 136 98 224 98 197 17 108 232 56 36 208 207 29 8 35 69 53 178 36 24 0
165 206 204 62 200 35 6 190 210 218 96 252 115 224 129 59 17 102 96 46 237 230 78 43 96 47 101 24 249 241 194 8
109 132 134 31 153 151 6 168 214 190 70 0 96 224 42 85 17 110 104 40 32 209 171 63 40 39 69 12 18 40 56 68
16 182 134 31 26 131 0 232 22 184 66 101 96 224 40 81 17 110 106 32 35 209 139 61 40 162 69 54 56 96 0 146
64 146 133 29 24 3 2 232 150 188 194 108 96 224 224 210 145 110 104 0 40 81 203 27 28 38 69 62 88 104 16 22
113 148 135 31 24 67 32 232 246 240 66 69 112 224 32 99 81 108 104 32 37 211 191 63 25 38 69 4 80 44 112 212
86 172 132 23 155 39 22 200 54 179 64 21 68 226 75 218 145 78 168 18 54 80 155 51 169 134 205 111 130 117 139 134
17 180 135 31 26 131 1 232 22 240 66 229 99 228 40 85 17 110 106 36 43 209 203 61 40 162 69 52 48 96 0 208
22 164 132 23 155 39 22 200 22 179 70 17 68 226 75 30 17 78 160 18 54 80 155 50 169 134 77 111 162 117 138 6
0 0 14 137 76 8 160 64 164 0 194 2 208 131 32 64 104 132 106 128 8 147 197 192 148 160 138 24 33 8 33 128
96 144 134 29 75 143 32 168 246 184 194 65 80 240 32 66 209 108 106 48 32 211 223 28 29 34 69 52 24 40 16 50
101 44 142 22 140 34 6 184 210 178 66 84 96 224 249 11 17 102 96 62 248 243 143 42 40 38 101 0 193 249 240 128
89 128 142 29 10 27 33 232 150 176 198 138 112 224 98 98 113 108 106 12 8 83 207 25 93 35 101 61 112 40 16 160
48 32 20 137 14 73 160 72 70 32 240 2 130 0 0 0 104 136 106 129 8 163 89 208 149 0 139 48 81 8 49 134
220 164 144 18 145 182 22 172 50 151 43 17 110 230 75 216 145 79 160 50 54 193 155 63 41 6 5 71 144 119 175 86
101 164 134 21 140 10 103 248 242 178 194 84 80 224 209 15 17 100 104 58 56 241 207 8 108 34 101 4 201 120 240 0
48 34 7 133 72 11 224 72 54 160 242 74 194 128 64 144 120 204 110 0 8 243 195 80 148 32 3 40 105 8 67 128
64 162 134 29 72 15 32 200 22 248 194 76 64 224 192 82 81 76 106 8 2 83 207 25 92 35 229 61 24 40 50 0
120 0 134 29 11 11 32 104 246 180 194 8 64 240 0 70 81 92 234 32 8 209 203 28 28 35 69 52 17 44 24 192
80 32 6 141 8 10 32 72 110 160 226 0 204 130 64 82 104 204 106 128 4 211 195 80 148 32 131 17 1 0 43 130
36 160 148 153 207 223 176 200 150 180 240 11 228 208 98 132 249 88 234 16 6 99 219 153 29 2 15 127 208 12 45 134
81 2 207 221 12 2 33 120 118 128 226 102 81 227 160 98 112 228 106 172 33 209 175 12 92 171 231 0 41 232 96 32
48 32 192 141 79 79 160 72 174 164 176 11 2 136 68 146 232 221 234 1 8 115 219 208 29 0 7 59 65 40 78 130
32 32 14 9 72 11 161 72 118 160 226 8 192 128 64 80 120 140 106 0 0 211 145 16 20 0 3 48 97 8 35 160
65 34 159 133 10 10 105 80 108 160 242 70 221 130 144 114 98 197 110 136 1 209 135 64 156 34 175 0 40 32 35 32
32 32 20 137 79 79 176 72 150 180 224 10 68 208 96 128 249 156 234 16 2 115 219 145 29 128 15 63 81 8 45 130
80 2 143 205 12 2 33 88 118 128 194 66 209 227 160 66 120 196 106 136 1 209 131 204 84 162 231 0 40 40 97 32
48 32 64 141 79 73 160 72 46 164 176 11 2 136 68 144 104 157 202 1 8 115 209 208 21 0 3 49 65 8 86 130
96 32 6 9 72 73 32 72 182 32 226 10 64 192 32 80 120 204 106 136 0 211 219 0 20 34 2 9 96 8 39 128
16 0 6 137 10 11 160 72 102 32 194 194 210 128 32 66 104 196 106 0 8 211 207 16 148 34 163 16 48 8 48 128
65 34 31 133 14 8 105 64 108 160 242 66 220 130 144 114 98 197 110 136 1 209 133 192 148 32 171 0 40 0 35 32
112 0 6 137 13 11 32 72 102 32 194 2 194 128 32 192 104 132 106 128 8 211 207 16 149 34 131 8 16 8 56 128
32 34 7 9 72 11 160 72 118 160 194 76 192 128 0 64 120 76 106 0 1 211 205 16 20 2 39 32 104 8 58 128
32 32 20 137 75 79 160 72 22 180 224 10 70 192 96 132 121 220 234 16 2 115 91 17 29 128 15 61 80 8 45 130
80 2 143 77 72 10 32 72 118 128 226 66 208 226 160 82 112 196 106 136 1 209 131 68 20 34 231 0 40 40 97 32
48 32 64 141 79 9 160 72 46 164 176 11 2 128 64 146 104 220 106 1 8 115 209 80 149 0 3 57 65 8 78 130
24 178 134 29 8 131 0 216 54 188 194 100 66 225 0 66 81 76 106 32 8 211 207 29 12 35 101 52 56 40 32 144
64 0 134 29 9 19 32 104 246 188 198 0 64 224 34 70 81 68 234 8 0 211 235 29 28 35 69 15 16 44 56 196
65 32 30 133 10 8 97 64 108 160 226 74 220 130 80 114 98 197 106 136 1 209 133 64 148 32 139 0 40 0 35 32
96 32 14 29 72 11 32 72 54 164 194 8 64 192 34 80 120 204 106 136 0 211 203 0 20 34 131 9 0 8 58 128
33 32 10 9 72 11 161 72 118 160 226 10 208 130 64 80 120 140 106 8 0 243 129 16 21 0 3 32 97 8 35 160
32 160 20 153 75 207 32 200 22 176 224 10 70 208 96 128 89 92 226 16 2 83 91 17 29 128 15 125 80 8 45 130
80 2 143 77 72 2 33 104 118 128 226 66 208 225 160 82 112 68 106 40 1 211 131 12 20 34 231 0 40 40 96 32
48 32 0 141 79 73 160 72 46 164 176 11 2 128 64 146 104 220 106 1 8 115 219 80 29 0 15 57 65 40 70 130
112 32 6 9 72 9 32 72 36 32 226 78 0 194 32 82 104 204 106 128 0 211 211 64 20 32 130 8 105 8 39 128
96 32 7 9 72 11 160 72 38 160 226 77 192 128 64 0 104 140 106 128 1 211 195 16 20 0 11 56 89 8 34 128
65 32 159 133 10 10 97 64 108 160 226 66 212 130 16 114 96 196 106 136 1 209 133 64 148 34 139 0 40 32 35 32
81 34 6 5 73 11 32 72 54 36 194 2 192 128 2 80 120 204 106 136 12 211 199 0 148 34 131 1 0 32 33 0
6 164 132 23 155 71 22 200 150 191 0 1 228 242 75 139 145 78 232 18 38 83 155 59 41 6 77 111 128 116 11 134
36 160 22 185 203 207 32 200 22 180 224 10 198 192 96 0 89 92 226 16 2 83 91 29 157 130 13 125 80 8 37 130
80 0 143 93 8 2 32 104 118 128 226 68 82 225 160 82 112 100 106 40 9 211 139 12 20 34 231 0 40 104 96 0
24 34 6 1 10 27 32 72 246 160 194 78 194 128 192 194 120 76 106 8 0 209 207 16 92 2 103 1 105 0 114 128
165 206 206 62 152 38 71 184 82 194 98 76 115 224 153 59 29 102 96 46 233 224 143 46 96 175 101 16 233 241 66 8
32 32 6 137 76 11 224 72 22 160 242 74 195 136 96 0 120 140 110 8 8 243 195 208 20 128 163 40 117 8 112 128
80 32 22 141 13 10 40 72 174 32 210 2 204 131 32 70 104 204 106 128 0 211 211 192 148 32 138 18 16 8 49 130
96 32 134 13 75 15 32 72 166 188 194 8 68 128 64 86 104 204 234 128 0 67 203 16 20 32 3 60 0 8 58 128
165 78 196 62 136 35 71 184 210 146 96 232 115 225 137 59 21 102 96 42 224 224 206 43 104 162 101 16 233 241 66 9
16 0 7 137 12 11 160 72 102 32 194 134 210 128 0 64 104 132 106 128 9 243 197 16 148 34 162 16 113 8 49 128
112 0 6 137 12 9 32 72 102 36 194 2 194 130 32 64 104 132 106 128 12 211 203 80 149 34 130 8 16 8 49 128
25 160 142 29 24 147 1 232 22 240 198 0 115 224 8 115 17 108 106 40 40 211 239 29 73 35 69 52 48 32 0 164
88 2 134 29 74 2 32 72 118 168 198 64 80 224 32 82 112 108 106 8 0 211 207 17 92 34 101 9 96 32 50 0
48 0 14 9 10 11 33 72 102 32 194 131 210 193 2 66 104 68 106 4 9 211 207 21 21 34 67 16 48 8 32 224
113 0 135 29 74 2 33 72 118 192 194 136 82 228 32 114 81 108 106 12 9 211 239 25 28 34 69 8 96 32 114 96
0 176 151 29 26 75 32 200 182 240 194 12 64 228 96 0 89 108 106 16 2 209 255 28 29 2 5 54 16 32 4 244
48 0 7 9 8 75 32 72 118 240 194 6 194 192 32 64 88 132 106 0 15 211 223 17 20 34 3 12 16 8 52 198
16 2 6 137 10 11 160 72 102 32 194 198 194 129 32 64 104 132 106 0 8 211 71 16 212 34 162 17 57 8 49 128
88 2 134 29 75 2 32 72 118 160 194 68 64 225 32 82 112 108 106 0 0 211 207 16 84 34 99 9 106 32 34 2
48 0 6 137 13 15 161 72 102 32 194 2 194 128 32 192 104 132 106 128 8 211 207 80 148 34 130 24 16 8 57 132
8 162 134 29 24 27 32 200 86 188 198 32 64 240 226 68 81 108 234 16 2 209 235 29 28 3 69 55 18 32 8 132
6 160 148 23 139 83 20 200 150 183 0 9 228 246 75 142 145 94 232 18 54 83 155 56 9 2 77 127 128 116 15 134
14 172 132 18 153 183 22 172 54 183 10 17 108 226 75 216 145 79 160 50 54 192 27 63 41 23 77 103 146 119 143 2
181 78 207 126 136 34 71 184 82 226 98 236 115 225 153 59 25 102 96 46 233 242 175 46 104 174 101 16 233 241 66 32
117 38 207 55 136 2 71 184 82 178 98 204 83 225 145 43 25 102 96 62 185 243 143 42 104 175 101 4 233 248 80 32
117 38 207 119 136 42 7 184 82 178 98 236 83 225 145 43 25 102 96 62 185 243 143 42 104 174 101 20 233 249 80 0
117 166 135 23 140 2 7 248 82 178 194 126 83 225 217 11 25 102 96 62 184 243 207 42 104 46 101 68 235 248 208 32
86 172 148 18 177 183 22 172 54 191 10 16 108 230 77 216 145 95 160 50 54 192 27 63 169 70 85 71 128 119 131 6
217 88 6 159 7 22 100 52 84 80 198 50 97 18 162 109 96 228 170 194 76 158 103 225 145 227 210 0 51 24 112 94
41 149 20 169 156 163 131 203 6 97 249 50 144 24 34 0 200 10 130 20 26 168 75 150 108 133 35 116 209 10 209 240
113 0 142 29 90 2 33 88 118 128 198 128 64 229 34 82 81 108 106 12 9 211 203 25 24 162 101 8 96 160 114 112
0 176 158 29 26 219 32 200 182 240 194 12 64 224 98 16 17 108 106 0 2 209 251 29 28 2 5 55 16 32 4 196
70 172 148 27 153 245 54 200 190 183 64 17 204 246 79 157 145 91 235 17 54 80 155 119 45 22 95 111 146 117 143 134
6 172 148 27 153 245 22 168 190 183 64 17 236 246 111 156 145 91 225 16 54 80 155 119 41 22 93 111 146 117 141 70
125 14 239 126 152 34 71 184 82 226 98 236 115 225 185 123 29 230 100 46 233 243 175 46 96 174 101 16 233 240 66 33
64 128 134 28 89 83 32 232 246 244 70 1 96 224 170 66 145 100 106 44 38 211 171 29 29 34 69 15 18 36 52 214
4 164 180 29 248 211 18 168 86 244 70 33 64 224 170 81 145 100 96 48 38 208 171 31 42 6 69 71 18 164 4 86
113 144 135 62 10 131 7 168 22 242 66 165 96 228 40 83 17 102 96 38 33 209 139 63 8 102 69 30 176 96 0 81
49 176 135 61 26 131 1 232 22 240 194 165 99 228 8 81 17 108 106 52 41 210 207 29 12 98 197 52 48 32 32 208
70 160 148 22 137 81 22 200 154 183 0 1 204 246 75 142 145 95 233 18 118 65 139 50 9 22 79 111 130 116 15 198
117 166 199 117 156 2 71 248 82 242 242 246 83 225 145 43 89 228 96 46 185 243 173 10 104 238 101 4 237 248 208 32
6 172 148 18 153 227 22 168 182 183 0 17 236 246 75 29 145 95 225 16 54 80 155 63 41 22 85 111 146 117 143 70
53 14 207 126 136 34 71 184 82 162 98 236 115 225 153 59 25 102 100 46 233 242 143 46 104 174 101 16 233 241 82 0
6 164 148 23 153 87 22 200 182 183 0 1 228 246 75 206 145 79 233 18 54 65 155 59 41 22 79 111 130 116 15 198
116 154 135 62 138 2 6 184 18 182 66 100 97 224 169 83 21 102 224 34 160 209 171 63 40 102 69 28 240 240 64 80
4 166 140 31 248 147 22 168 22 183 68 12 64 224 11 21 145 100 32 48 38 208 139 63 42 70 69 71 144 96 10 4
72 110 210 22 66 28 110 100 169 138 98 72 44 162 161 82 34 237 66 202 65 155 128 104 52 160 102 0 105 112 35 138
89 48 134 29 9 7 0 104 246 248 194 65 112 244 32 226 81 100 232 0 1 211 219 29 29 34 101 12 56 36 48 144
1 160 142 29 24 147 1 200 54 184 198 8 82 224 64 96 81 76 106 40 40 211 239 29 93 35 101 53 48 40 0 160
14 172 148 18 153 247 22 172 54 183 0 17 204 242 75 220 145 95 160 48 54 80 27 63 41 22 93 111 146 117 143 6
36 64 146 220 29 214 66 8 199 133 203 2 66 208 37 64 216 172 170 16 12 163 114 136 3 182 1 27 144 43 124 6
83 33 2 128 81 6 96 64 41 4 130 8 6 2 34 212 248 137 78 225 12 19 145 68 177 148 138 87 0 6 43 6
252 3 1 136 204 33 0 216 4 26 193 114 133 86 232 75 88 136 42 250 26 7 235 144 144 33 226 124 144 43 176 96
20 41 19 52 64 208 102 66 116 200 233 69 40 194 97 144 120 232 130 194 77 186 162 104 144 132 131 8 97 37 39 212
69 32 210 58 202 56 56 26 122 23 45 140 141 162 67 88 51 71 104 28 6 67 190 64 148 244 90 44 162 242 35 133
37 48 200 1 64 41 225 66 43 35 121 60 2 32 79 26 41 202 194 16 3 54 208 2 20 12 20 34 225 105 66 160
82 4 2 136 29 20 34 67 108 4 130 2 134 130 104 196 248 140 10 177 8 3 145 192 177 52 138 31 0 8 49 6
212 68 22 136 60 2 6 72 68 4 131 22 214 82 42 67 208 4 14 226 104 135 73 204 240 32 171 29 16 59 49 96
50 32 20 137 15 95 144 72 30 180 240 11 198 208 102 196 249 156 234 0 14 243 91 209 153 208 15 55 19 12 61 134
50 32 64 129 77 77 224 72 47 164 240 11 138 152 68 148 232 157 206 129 8 243 211 208 149 144 131 59 69 8 94 134
117 6 207 127 138 2 79 248 82 226 246 230 115 225 153 123 95 238 100 46 233 243 239 47 248 175 101 128 237 248 114 49
32 48 22 152 79 223 176 72 150 180 240 11 196 208 98 196 249 56 234 16 6 115 219 145 29 130 7 63 80 8 45 134
81 34 143 205 14 2 97 88 246 160 230 102 209 227 160 98 120 236 106 136 9 209 175 12 84 163 227 0 41 160 96 160
14 188 150 27 153 215 50 232 190 181 0 17 204 246 111 159 145 123 235 16 54 65 155 119 47 22 77 111 146 116 141 198
117 6 207 127 138 2 71 248 82 226 246 228 115 225 153 123 93 238 100 46 233 243 239 47 248 175 101 132 237 248 114 49
70 160 150 22 201 215 52 232 190 182 0 9 204 246 75 142 145 127 235 18 38 67 155 112 13 18 79 127 130 116 15 198
117 166 207 117 142 10 71 248 86 242 242 230 83 225 209 43 25 236 108 46 169 242 239 10 120 175 101 4 237 248 114 33
6 172 148 19 153 215 22 168 190 183 64 1 236 246 79 156 145 123 225 16 54 80 155 127 41 22 77 111 146 116 15 6
53 166 207 126 186 2 71 184 82 226 98 236 115 225 153 59 29 238 100 46 169 243 175 47 104 175 101 148 237 248 98 33
96 32 0 141 75 77 160 72 38 164 240 11 134 144 64 150 104 204 234 0 8 115 211 16 21 0 11 59 65 8 46 130
17 32 15 5 8 10 33 64 236 160 226 70 209 130 208 114 104 196 106 136 1 209 133 64 212 32 163 0 41 0 99 32
86 160 148 23 139 87 20 200 22 190 64 9 68 246 75 142 145 94 233 18 6 83 155 57 25 2 77 111 130 116 15 134
37 166 207 117 152 10 101 248 214 178 194 228 83 225 145 43 17 100 104 44 185 241 143 8 104 43 101 4 232 248 80 32
80 129 18 174 76 0 12 237 4 26 198 2 97 194 168 69 64 134 42 10 88 11 195 145 176 224 234 8 16 10 176 9
36 52 194 3 80 41 162 192 42 163 121 12 0 128 77 16 57 138 66 16 2 178 152 66 28 12 20 36 193 115 98 128
100 96 194 2 64 0 100 72 49 10 225 24 64 226 108 26 249 204 102 162 8 87 138 66 20 42 100 12 65 242 98 129
68 80 14 129 13 14 100 40 204 58 7 34 193 210 106 75 97 4 234 162 64 213 11 192 133 163 207 5 48 123 93 2
148 24 14 145 4 155 100 96 236 186 87 50 78 208 32 203 96 36 170 98 96 245 8 136 132 131 195 5 32 43 121 18
136 57 2 31 33 144 34 66 52 200 116 129 170 198 33 133 200 122 130 194 42 154 66 105 160 113 2 8 82 21 42 216
44 9 144 159 29 205 18 0 94 64 201 2 166 192 35 224 208 58 138 66 78 32 90 187 163 244 2 27 18 47 84 6
101 80 25 136 76 3 6 218 6 176 208 106 20 18 225 107 88 196 10 114 1 19 227 144 116 0 239 60 144 57 16 128
149 160 130 57 72 0 41 216 118 89 245 86 17 195 232 89 121 8 2 250 11 214 47 65 208 128 226 76 185 1 34 128
17 138 138 187 0 139 97 85 54 105 71 118 147 129 224 72 120 14 6 28 11 156 69 50 196 165 178 64 56 136 112 152
144 170 131 41 0 2 97 83 118 17 226 112 19 131 160 72 104 8 6 152 11 188 101 1 128 193 178 0 96 128 224 160
114 0 2 136 25 82 18 72 236 4 192 8 134 144 38 84 208 140 202 113 12 131 160 64 177 52 10 63 0 14 63 6
241 158 73 109 150 98 66 183 84 67 234 118 83 33 128 112 121 134 12 184 185 158 101 62 248 175 52 68 185 200 240 56
21 140 203 91 146 130 97 150 118 1 230 86 83 35 128 121 113 142 44 152 59 216 77 127 216 174 182 68 169 128 240 8
24 128 134 161 131 8 100 199 45 17 106 17 143 2 64 218 225 135 206 145 94 152 1 192 156 209 30 71 224 68 171 12
129 138 66 57 36 136 96 130 125 17 114 240 143 128 176 25 130 10 78 12 2 184 6 97 132 176 18 8 68 128 67 12
86 1 150 128 133 38 36 69 105 19 227 18 78 34 108 206 249 133 14 177 28 147 17 192 153 176 222 6 128 124 161 4
160 10 74 147 36 137 96 0 125 2 114 249 163 64 180 88 74 170 14 12 14 180 68 226 134 52 16 16 68 136 80 0
113 128 142 62 10 3 7 232 22 242 70 136 113 228 138 113 21 110 96 44 161 209 175 63 40 38 69 30 240 96 0 117
29 164 134 95 155 151 6 168 150 178 70 0 64 240 106 149 21 118 224 32 160 209 139 63 43 111 69 84 147 32 8 0
88 178 134 94 25 131 4 184 22 186 70 100 96 225 200 211 17 110 225 40 160 208 139 63 40 102 101 172 186 112 64 17
41 32 6 9 73 13 32 72 54 40 194 72 80 193 96 208 120 204 234 0 0 211 203 16 20 34 35 40 0 8 58 128
16 32 6 41 72 27 160 72 118 168 194 64 194 128 0 64 120 76 106 0 4 211 69 16 84 35 35 1 96 8 50 128
56 48 134 13 11 11 32 72 246 176 194 8 80 224 96 224 113 108 234 0 32 209 155 29 28 34 69 36 112 44 0 128
96 32 166 29 74 3 0 72 118 168 194 0 96 224 96 246 81 108 106 8 0 195 203 17 29 34 101 60 48 32 34 160
112 0 2 137 76 9 32 72 230 32 194 78 194 128 32 80 104 132 106 128 13 147 221 80 148 32 130 32 24 8 49 128
16 0 6 137 72 9 33 72 102 32 194 130 210 129 2 64 104 132 106 8 8 147 69 16 149 32 130 16 48 8 49 160
20 164 166 29 154 131 2 168 150 176 66 13 64 224 100 81 145 108 104 32 44 209 139 29 40 34 69 116 56 32 0 82
64 160 135 31 24 131 5 168 22 182 66 128 96 228 72 82 17 110 104 36 32 209 175 63 9 38 69 44 16 224 4 112
48 32 7 9 72 75 32 72 54 36 194 2 64 192 32 80 120 204 106 136 0 211 203 16 84 32 131 8 64 8 54 192
16 32 6 9 72 11 160 72 102 160 194 0 208 128 0 64 104 12 106 0 1 211 71 16 20 32 3 0 96 8 43 128
16 32 134 13 10 11 32 72 246 176 194 8 64 224 98 68 121 108 106 0 32 211 203 28 92 34 5 39 112 40 0 134
96 32 135 29 74 131 32 72 118 160 194 0 96 224 96 82 81 108 106 0 0 211 203 17 20 34 69 56 48 32 34 128
114 48 2 129 77 93 176 72 47 164 242 11 142 156 70 148 232 157 238 129 12 115 211 192 149 16 11 59 67 12 79 134
65 34 79 133 74 10 105 80 108 224 242 230 221 131 208 114 106 205 110 140 129 211 229 64 212 161 171 128 44 128 35 160
40 176 22 153 73 223 176 200 150 180 194 11 196 214 98 132 249 25 234 0 6 243 219 145 29 18 7 63 82 12 45 198
81 2 207 109 78 2 97 120 118 192 230 230 81 227 160 98 120 204 106 140 137 243 231 12 84 171 227 0 57 168 96 160
6 168 148 27 153 221 50 200 191 181 64 17 236 246 79 140 145 91 235 17 54 64 155 115 45 22 95 111 146 116 143 198
117 6 207 126 170 2 71 248 114 226 242 236 115 225 145 123 95 228 116 46 233 243 175 46 248 175 101 128 237 248 114 33
6 164 148 27 153 215 50 200 190 181 64 1 236 246 111 157 145 95 235 49 38 80 155 127 41 22 77 111 146 36 15 134
113 6 207 126 26 2 71 248 114 194 98 236 115 225 177 123 85 230 100 46 169 243 175 46 232 175 101 144 237 240 114 33
224 131 16 138 236 0 0 248 68 56 192 98 5 2 168 81 64 142 42 226 120 26 75 149 52 224 234 108 16 42 48 129
92 8 146 132 7 186 116 192 254 174 95 2 76 162 98 72 115 100 170 162 4 145 171 192 146 231 67 5 35 127 105 64
152 96 198 63 64 0 100 113 116 26 240 32 41 195 168 25 120 73 2 194 104 215 130 96 144 225 230 8 99 48 99 136
168 221 16 159 93 221 22 234 94 72 85 10 166 208 35 197 200 106 130 66 98 58 90 187 165 113 16 59 18 29 29 139
189 72 141 145 68 43 97 210 22 242 64 66 17 3 225 105 88 204 34 90 41 208 229 144 92 137 247 52 176 249 16 168
52 64 2 160 65 70 82 228 161 12 235 1 6 131 34 144 248 133 198 98 12 179 0 110 177 212 2 7 96 23 110 194
114 80 18 136 25 86 22 76 232 12 193 9 134 144 34 84 208 140 142 99 12 131 80 196 177 48 10 63 16 31 175 6
121 140 193 123 146 170 67 182 86 99 226 210 243 32 128 121 89 134 46 156 187 252 109 63 140 231 180 80 249 136 80 56
157 57 6 1 48 159 179 80 164 233 253 36 154 148 130 33 108 44 198 242 171 241 56 72 236 1 39 4 195 39 34 209
152 240 194 62 32 0 101 89 52 78 240 52 35 193 170 73 124 74 38 130 233 243 163 65 210 225 114 136 107 240 226 209
188 147 9 171 236 40 36 249 20 122 85 102 65 6 168 193 125 136 166 34 89 18 235 149 180 227 227 228 20 10 152 209
76 24 186 150 69 240 114 64 244 204 79 7 172 230 99 196 112 236 170 130 4 147 186 224 83 229 131 9 130 111 45 82
10 216 20 159 61 217 18 234 31 30 84 2 174 208 35 193 201 122 130 66 102 158 122 189 135 115 80 51 18 29 5 207
188 106 234 225 132 251 103 84 119 234 86 114 51 128 161 104 113 174 6 24 137 149 37 138 220 207 181 128 168 217 80 177
164 81 82 168 201 70 86 228 177 140 240 41 70 210 39 144 216 244 198 98 108 167 0 206 179 52 4 31 65 63 238 194
189 30 102 169 236 63 54 115 20 122 220 254 19 164 162 97 109 12 166 46 249 147 36 148 182 201 225 236 62 237 144 241
141 61 34 17 161 255 231 113 189 204 119 52 136 222 162 169 108 56 134 210 181 241 56 68 62 89 7 71 75 37 235 215
140 57 162 158 245 244 54 82 117 196 78 3 168 247 103 196 196 122 130 210 160 138 162 232 227 113 130 11 130 125 45 211
185 147 232 191 160 34 197 93 20 74 253 246 81 231 170 72 92 202 166 162 249 146 237 195 214 229 246 128 123 242 224 209
152 51 235 242 180 187 102 87 117 202 222 246 59 228 224 96 127 234 14 24 217 177 37 170 250 205 54 128 164 218 240 121
8 88 52 159 45 253 22 226 159 12 92 3 174 220 39 204 200 123 162 66 6 184 122 189 135 86 64 51 18 125 13 223
15 61 106 210 224 213 183 115 181 206 126 38 40 253 183 172 238 170 151 130 209 186 54 238 122 95 54 200 202 253 168 251
157 151 235 141 162 50 95 251 22 78 252 246 19 239 178 96 95 216 22 174 185 191 101 154 242 239 39 132 127 240 160 241
29 157 106 153 228 159 118 247 31 234 95 230 25 174 178 96 127 108 150 14 209 152 60 210 174 239 167 196 55 254 177 245
25 150 235 239 182 34 111 221 53 75 255 230 91 101 170 96 127 202 30 172 155 177 45 206 242 207 38 132 38 218 228 241
10 221 48 159 45 253 180 238 31 93 92 3 172 188 39 196 207 91 163 64 6 56 114 243 39 117 16 43 82 92 13 223
11 125 114 152 177 213 247 246 61 204 124 6 168 252 182 228 254 123 151 193 215 184 50 239 111 93 54 138 74 220 168 253
29 157 234 205 180 154 127 246 53 109 254 230 27 47 178 96 127 238 159 174 217 153 37 174 246 239 166 132 63 254 184 81
25 222 226 213 180 151 127 246 151 204 94 230 41 175 178 228 111 238 151 140 197 185 32 238 250 127 166 129 6 252 244 217
10 221 176 159 117 221 181 239 31 109 92 11 172 252 46 196 223 123 151 1 194 58 122 247 103 117 30 171 22 92 141 223
