81 32 151 133 10 10 32 64 236 160 226 66 222 130 80 246 97 197 106 140 1 209 133 64 156 34 143 0 32 0 35 4
96 32 132 164 74 75 160 72 54 180 224 139 130 224 64 18 57 204 98 17 10 115 219 16 29 0 15 61 65 40 86 130
81 32 135 5 8 10 97 72 236 160 194 66 208 162 80 114 97 196 106 140 1 209 135 64 157 34 207 0 0 32 99 4
52 160 20 153 219 195 160 200 22 176 192 10 196 210 104 64 121 88 226 16 2 83 75 21 157 130 7 125 176 8 37 130
64 0 158 93 12 2 37 104 244 130 194 2 80 224 160 66 120 100 106 168 40 241 139 13 21 162 199 0 16 104 112 32
81 32 135 133 8 10 32 72 236 160 194 66 212 162 80 114 96 196 106 136 1 209 135 64 157 34 207 0 0 32 35 4
64 2 159 29 12 2 164 104 244 130 194 66 80 224 160 98 112 100 106 168 33 209 139 9 29 34 231 0 16 104 112 32
96 32 196 172 74 75 160 72 62 176 224 139 130 224 64 146 57 204 98 17 10 115 203 16 29 0 15 61 65 40 70 130
28 160 156 59 219 135 34 232 86 181 192 10 102 242 104 0 89 74 226 16 34 83 91 55 189 135 5 127 152 40 9 130
32 32 128 164 78 73 160 72 14 176 240 139 130 192 64 2 105 220 66 1 10 115 203 17 29 128 7 61 65 40 70 130
81 32 151 5 10 10 96 64 236 160 194 66 210 162 80 114 97 196 106 140 1 209 133 64 156 34 207 0 0 32 35 4
20 160 148 155 219 199 32 200 86 177 224 10 102 210 104 192 89 90 226 16 2 83 219 53 157 130 5 127 240 8 13 130
64 0 151 221 28 2 96 104 244 128 226 66 80 227 32 98 120 100 106 168 41 209 131 76 21 162 231 0 9 104 96 32
96 32 200 172 78 73 160 72 46 164 240 139 130 160 68 18 104 204 66 1 8 115 219 80 29 0 7 57 65 40 70 130
64 2 151 93 8 2 101 104 244 130 226 64 82 225 160 198 112 100 106 40 41 241 139 13 20 162 103 0 24 120 96 32
20 160 28 185 219 135 33 200 86 180 224 10 230 211 104 0 89 88 226 16 2 83 75 21 157 130 5 127 208 8 37 162
81 32 223 133 10 10 104 64 236 160 226 66 222 130 208 114 98 197 110 140 1 209 133 64 156 34 143 0 40 0 35 4
96 32 192 165 77 9 224 72 46 160 240 139 130 128 68 146 104 204 66 1 8 115 219 80 29 0 7 57 65 40 70 130
80 2 135 221 12 2 97 120 244 128 194 66 209 227 160 194 120 228 106 136 9 209 131 200 20 162 231 0 41 104 113 32
36 160 20 184 207 75 160 200 86 176 224 10 196 208 96 132 121 152 98 16 2 115 75 145 29 130 135 127 17 8 41 130
40 32 193 133 77 9 225 72 47 160 240 139 138 137 84 134 104 220 194 1 8 115 219 208 29 16 135 56 65 40 86 162
83 32 159 133 10 14 105 64 172 160 226 2 221 130 196 118 98 197 110 136 1 209 165 192 157 170 175 0 32 0 35 36
88 2 158 221 12 66 101 120 244 142 230 34 81 227 162 66 112 228 106 168 40 209 171 13 86 163 231 1 18 248 100 34
16 2 6 157 30 210 40 104 182 132 194 162 97 226 160 196 120 236 170 160 40 209 15 221 20 34 195 1 55 168 124 132
49 142 10 158 28 151 66 248 86 8 212 70 243 224 184 228 89 106 34 44 175 242 78 191 168 166 167 8 56 168 120 132
32 164 3 184 93 195 162 232 22 128 240 2 98 193 32 4 121 40 34 40 42 243 10 159 184 134 131 40 80 8 112 162
65 18 142 28 8 2 33 88 246 144 198 100 82 241 160 82 81 100 106 8 8 211 207 28 92 162 101 12 64 32 120 0
48 176 148 29 26 79 0 200 22 184 192 72 194 240 64 48 89 124 106 0 10 209 219 29 13 2 69 54 16 32 6 150
112 0 4 13 74 75 33 72 86 32 194 10 210 192 32 70 120 204 106 8 9 83 195 16 148 32 35 56 48 8 50 160
32 32 2 129 74 9 160 64 110 32 226 10 128 130 64 80 104 140 106 0 0 243 197 80 20 0 3 32 65 8 83 160
32 32 7 1 72 11 161 72 102 160 226 72 192 194 0 80 104 12 106 0 0 211 207 16 21 0 3 16 65 0 115 160
80 32 10 128 72 8 32 64 230 32 194 10 18 130 32 82 96 204 106 128 0 211 133 64 148 32 3 8 1 0 35 0
40 176 148 29 75 219 1 200 214 176 196 12 194 224 66 132 89 108 234 16 11 211 251 29 12 3 69 53 16 32 10 208
80 0 142 29 10 2 32 72 246 128 194 0 82 224 32 66 113 100 106 0 8 211 207 16 20 163 103 8 96 32 112 128
80 32 14 5 72 75 32 72 36 164 194 138 67 160 2 82 104 196 106 128 0 211 199 0 148 34 3 1 32 8 39 128
48 0 6 157 74 3 32 72 70 32 194 131 64 192 32 66 104 76 106 0 0 211 207 21 20 34 67 24 48 8 32 128
96 32 6 1 75 73 32 72 38 160 226 14 64 193 64 18 104 204 106 0 0 211 223 16 29 0 3 32 1 8 22 130
32 32 6 9 73 15 160 72 118 168 192 8 192 192 64 82 121 76 106 0 0 211 203 16 29 2 135 56 64 0 50 134
32 160 149 29 75 203 32 200 86 184 192 64 194 240 64 130 89 108 234 16 11 209 219 16 29 0 5 52 80 40 6 162
0 32 6 29 74 138 161 72 246 4 226 2 64 128 34 80 120 108 106 128 4 243 135 16 20 32 2 0 97 8 35 128
80 16 134 29 11 82 32 72 246 128 194 0 66 240 32 82 81 100 234 0 8 211 255 28 29 162 69 9 96 32 112 18
36 160 149 152 203 219 160 200 94 176 224 74 196 208 104 164 249 88 226 16 7 115 255 149 31 194 7 127 211 12 41 132
96 32 2 137 73 73 32 72 238 160 194 72 194 128 0 214 104 204 106 128 9 67 199 16 148 32 3 57 0 0 42 0
32 34 2 129 75 13 160 72 102 164 226 10 192 128 64 18 104 204 106 0 0 211 205 16 20 0 3 33 65 8 18 130
64 32 135 29 9 91 33 72 246 164 194 64 194 224 64 210 81 68 106 8 9 67 235 16 29 34 199 25 96 32 48 32
40 160 149 29 75 203 32 200 214 180 192 8 194 192 64 128 89 108 106 16 2 211 203 16 93 0 5 52 16 40 6 160
80 32 134 13 72 11 33 72 246 164 194 0 66 192 32 66 112 76 106 8 0 209 139 16 20 34 67 0 32 0 33 128
80 32 14 5 74 11 161 72 228 36 226 10 130 128 2 82 104 204 106 128 4 243 151 64 148 32 2 0 64 0 35 128
64 176 142 28 25 135 33 232 246 148 66 4 84 224 34 82 81 108 106 32 32 211 155 29 72 35 69 8 88 32 40 146
96 34 3 137 76 75 160 64 172 164 226 10 198 128 64 80 104 140 106 0 8 243 197 0 148 0 11 48 96 8 19 128
96 32 6 9 74 11 160 72 118 160 224 12 194 192 64 80 120 140 106 128 8 195 223 16 20 0 131 56 105 0 50 128
96 32 4 13 75 75 0 72 6 176 192 8 196 128 64 146 105 196 234 0 9 83 203 16 157 2 7 61 48 8 2 128
32 32 10 136 93 67 194 72 22 164 240 11 2 208 98 4 216 136 130 1 42 114 218 155 213 5 139 59 81 8 126 130
84 0 135 157 140 14 32 40 244 160 194 67 194 98 0 226 112 244 104 160 13 209 131 204 156 34 207 18 8 96 49 4
16 32 30 173 14 6 48 72 166 32 194 3 212 147 32 66 104 212 110 128 12 211 147 208 213 163 138 17 32 8 49 130
0 0 31 157 76 199 33 72 22 160 194 2 208 211 32 96 120 124 106 128 2 211 219 157 85 163 131 0 16 8 52 162
32 2 15 137 72 11 32 72 70 40 194 70 208 192 32 66 104 76 106 0 2 243 203 21 20 34 35 24 16 8 48 160
32 50 81 233 90 75 163 72 22 160 240 106 87 209 64 16 120 220 98 8 3 114 203 19 124 134 37 40 81 8 102 161
24 12 134 159 85 146 34 96 246 0 198 2 225 226 34 196 121 110 162 136 46 147 14 255 165 230 130 1 50 44 56 132
17 0 6 137 76 11 32 72 118 160 194 66 83 192 32 64 120 132 106 8 14 211 95 17 21 34 131 0 48 8 48 128
49 48 15 17 74 135 32 72 246 128 194 76 80 194 96 64 120 108 106 0 4 211 159 16 28 2 39 8 104 0 34 144
8 134 134 61 24 139 32 200 22 184 66 228 226 224 168 65 17 108 106 36 43 211 203 29 8 162 101 20 88 40 16 176
56 4 134 28 24 135 0 104 86 184 66 65 114 240 32 112 81 108 40 36 40 211 139 29 24 34 101 4 48 40 48 0
16 32 134 29 74 138 32 72 246 160 194 192 80 192 32 80 120 108 106 128 0 243 207 0 20 32 35 0 96 0 34 160
64 32 14 129 8 11 32 72 230 160 194 10 192 144 96 192 104 4 106 0 0 211 207 24 20 34 131 16 16 8 24 4
32 32 6 169 76 75 160 72 22 160 210 170 194 209 224 196 120 140 234 128 8 242 67 208 148 128 139 43 53 8 120 130
17 34 6 1 74 11 33 72 246 160 198 132 81 192 194 82 121 76 106 8 0 211 207 12 92 3 33 0 104 0 50 144
112 2 143 29 26 11 0 120 22 176 198 104 113 225 224 98 81 76 106 8 10 209 239 25 24 34 101 52 113 168 84 64
97 160 140 29 24 147 32 232 214 176 194 40 68 224 98 82 81 100 106 48 32 211 203 29 12 34 69 61 16 40 8 0
89 32 134 12 74 14 33 72 166 164 194 8 194 224 66 82 104 204 106 0 8 211 207 0 20 34 99 40 1 32 50 128
81 128 133 61 26 19 0 248 86 240 194 72 113 224 192 242 17 78 106 136 11 80 239 25 24 34 65 60 115 104 16 0
80 0 6 137 77 11 32 72 116 32 194 6 192 192 34 192 120 132 106 136 8 211 215 8 20 34 131 1 16 8 56 128
112 6 142 29 8 22 32 104 246 244 194 5 96 224 34 65 81 108 106 40 44 211 191 29 24 34 69 5 48 40 116 198
80 0 2 128 74 72 32 64 100 32 226 10 6 130 32 86 104 204 106 128 0 211 149 64 148 32 10 9 33 0 35 0
8 12 134 159 81 210 34 64 246 132 198 1 232 227 34 196 120 110 170 128 36 219 154 255 21 230 199 3 34 36 45 198
48 34 152 172 94 139 162 72 22 160 240 106 131 193 64 0 121 252 98 0 10 114 203 31 28 134 39 44 113 8 34 128
20 164 132 23 155 39 6 200 22 179 64 16 68 226 73 10 17 94 104 178 50 80 155 50 169 134 77 111 176 113 169 0
16 2 134 159 24 130 104 104 246 132 226 163 105 226 162 68 120 238 42 140 44 209 143 237 20 162 227 1 35 160 100 4
0 160 134 31 26 131 0 232 150 176 194 64 96 224 40 81 17 110 106 32 34 211 203 61 8 34 69 60 48 40 0 128
80 0 6 137 77 11 32 72 118 32 194 66 192 194 32 196 120 132 106 0 9 211 87 16 20 34 131 0 24 8 56 128
96 34 88 160 78 11 224 72 31 160 240 111 130 128 68 16 120 140 102 128 8 114 193 208 20 128 163 40 117 8 114 130
16 0 6 137 12 64 160 64 164 4 194 2 192 130 32 64 104 140 106 136 8 131 197 192 148 160 138 25 33 8 33 128
48 2 6 137 74 75 160 72 70 36 192 131 192 193 32 66 104 204 106 0 0 211 207 20 21 34 131 57 48 8 52 128
117 132 134 30 152 151 2 168 86 189 66 0 98 224 170 113 17 110 32 32 45 211 171 63 40 38 69 6 16 32 24 4
80 0 6 129 9 75 32 64 238 160 194 10 198 130 96 192 104 132 106 0 8 211 199 16 149 34 131 17 16 8 21 38
33 32 2 9 74 11 160 72 118 160 224 140 192 192 66 80 121 204 106 0 0 211 223 16 20 2 131 57 105 8 58 128
80 32 14 12 74 10 32 72 102 160 194 138 194 160 0 82 104 204 106 128 4 211 215 0 148 32 3 41 9 8 43 2
40 52 19 217 92 203 162 88 22 160 240 74 242 209 160 132 89 104 34 56 35 242 91 31 60 134 39 44 89 8 98 160
8 40 22 153 79 219 160 64 254 36 246 2 204 194 34 196 122 237 170 136 0 243 146 196 149 162 11 1 3 0 45 130
16 32 151 157 11 218 32 64 254 164 226 2 76 194 36 214 114 228 234 0 4 241 143 76 28 34 71 1 34 36 45 4
32 34 82 169 92 3 162 72 86 0 240 106 80 216 32 0 120 136 2 129 8 242 75 218 84 164 163 41 85 8 114 130
8 8 22 191 87 130 168 64 188 4 210 2 77 195 34 196 122 233 42 136 0 211 2 232 148 227 138 1 35 8 41 128
64 0 14 25 9 75 32 72 118 176 194 2 64 192 32 196 120 4 106 0 3 211 223 29 28 34 3 21 24 8 56 128
8 56 150 159 73 223 176 64 246 180 230 3 200 226 34 196 249 126 234 0 4 219 187 253 29 51 71 11 2 12 45 214
33 148 142 31 25 151 0 232 214 176 70 0 96 240 42 113 81 100 106 32 36 209 155 61 40 34 69 7 24 32 56 6
101 44 143 23 140 34 71 168 210 178 198 16 80 224 217 43 89 102 104 58 184 243 191 42 40 39 101 4 193 121 240 160
16 150 134 31 26 135 0 248 22 184 66 33 98 228 40 81 17 126 226 32 42 209 143 61 40 34 69 63 48 100 4 16
86 180 132 55 155 35 23 200 22 183 64 49 68 246 73 142 17 78 233 19 50 81 139 51 169 6 77 111 128 117 135 242
181 78 197 30 136 35 71 184 210 226 96 220 115 225 153 59 25 102 32 110 233 230 14 43 40 174 101 24 249 251 210 184
96 0 8 137 78 9 32 72 70 32 194 202 146 128 0 66 104 204 106 12 9 99 199 16 148 32 130 56 56 8 58 128
100 180 132 31 153 211 160 168 150 176 66 8 100 240 96 246 17 116 234 48 32 193 203 61 45 34 69 63 144 36 8 6
212 188 144 18 177 190 22 172 114 159 43 49 110 246 76 156 145 95 224 50 50 73 155 63 171 214 21 71 146 119 175 87
117 38 135 85 140 2 102 248 242 178 194 86 83 224 209 139 89 100 104 58 249 243 143 10 44 34 101 4 233 248 240 32
86 184 132 22 139 67 22 200 150 183 64 25 68 242 75 14 145 94 232 18 114 83 155 51 153 6 205 47 128 113 143 146
24 166 135 31 26 211 3 232 22 252 66 96 96 228 232 197 17 110 234 32 35 209 171 63 40 39 77 63 50 36 4 228
94 172 133 22 155 119 22 200 150 179 64 24 68 242 73 142 177 94 232 18 55 83 155 51 185 6 205 111 136 117 139 134
86 160 140 54 155 23 54 200 146 179 64 9 68 242 75 138 145 95 232 18 118 83 155 50 152 7 205 111 136 116 11 134
101 166 134 21 204 10 102 248 242 178 194 84 80 224 213 43 89 100 104 58 189 241 143 8 40 34 101 4 201 121 248 4
36 108 134 22 140 50 70 184 210 242 70 240 81 225 249 43 25 102 96 58 121 243 175 42 40 38 101 4 197 249 240 160
48 32 6 1 10 11 161 72 230 160 194 8 210 128 64 66 104 76 106 8 1 243 143 16 20 2 35 16 97 0 115 160
65 32 135 29 72 91 32 72 86 176 194 8 208 224 192 98 81 108 106 8 9 211 255 17 28 35 197 60 80 40 48 160
32 48 22 29 75 219 32 72 246 240 198 8 64 224 66 38 89 108 234 0 4 211 255 28 29 2 5 53 16 8 4 212
48 0 6 137 13 75 32 72 102 36 194 6 194 128 34 64 104 132 106 128 12 211 223 16 148 34 130 25 16 8 53 128
80 32 142 29 74 130 32 72 118 128 194 8 80 192 96 82 112 108 106 0 8 211 207 16 84 35 99 8 64 0 50 128
80 0 134 29 9 7 32 104 118 240 194 5 66 228 34 82 81 68 234 0 8 211 219 29 29 34 69 12 16 44 48 214
0 34 6 13 73 75 32 72 54 160 194 12 65 192 32 80 120 204 106 128 0 211 207 0 21 34 131 9 32 8 38 144
48 32 2 9 73 15 160 72 102 160 226 9 64 128 64 80 104 140 106 0 0 243 149 16 21 0 3 32 65 8 99 130
8 160 134 29 8 131 0 200 150 176 194 72 96 224 64 192 17 76 106 32 9 211 203 29 28 34 77 52 24 40 8 128
56 48 134 29 25 15 0 72 118 184 194 32 66 240 96 0 89 76 234 16 10 209 203 28 29 2 5 54 18 44 0 128
96 0 6 137 74 15 32 72 118 184 194 2 64 192 32 80 88 12 106 0 0 211 203 20 21 34 3 60 16 8 48 134
16 32 6 13 73 11 160 72 230 36 226 2 192 194 32 198 104 76 106 128 0 241 199 80 20 32 2 0 65 8 32 130
88 18 222 253 72 14 97 120 118 140 230 103 83 227 162 82 112 100 106 40 8 209 139 12 86 171 231 0 42 232 100 34
33 32 28 137 79 87 176 72 158 176 240 11 68 216 98 128 249 137 234 17 6 99 219 145 29 1 15 63 89 8 57 134
16 2 6 137 75 11 32 72 102 36 194 134 195 128 32 66 104 196 106 0 8 241 223 16 148 162 131 17 49 8 52 128
80 48 134 28 74 66 32 72 118 128 194 40 64 240 96 82 81 108 106 0 8 211 207 25 28 34 69 9 64 32 50 130
81 34 31 197 10 72 105 64 108 132 242 66 220 130 208 118 98 197 110 136 1 211 165 192 149 160 171 0 0 0 39 32
50 32 65 205 77 93 224 72 47 160 176 10 10 136 68 150 232 221 206 1 9 115 209 208 21 16 131 59 65 8 90 164
7 188 156 27 153 245 178 168 254 249 0 17 204 254 111 169 145 123 234 17 55 72 186 119 47 87 95 111 144 117 141 134
112 160 142 29 72 130 32 232 246 152 70 0 96 224 34 208 209 108 232 0 1 211 139 29 24 35 69 45 16 32 56 128
80 0 6 129 75 11 32 64 230 32 194 10 194 128 0 208 104 140 106 0 0 209 197 16 148 32 3 49 0 8 57 0
97 32 6 9 73 11 160 72 38 228 226 13 192 128 66 2 104 76 106 0 4 83 219 16 20 2 3 57 89 8 34 130
48 48 134 29 11 15 32 72 22 244 194 5 65 228 0 66 81 108 234 32 8 211 223 29 29 162 197 20 112 44 52 210
112 0 142 29 74 155 32 8 246 176 198 0 66 224 2 194 81 108 234 0 12 211 207 28 28 34 69 55 16 40 24 4
64 32 6 13 73 3 32 72 38 132 194 9 68 130 66 82 104 204 234 128 4 83 203 16 20 32 3 56 0 8 34 130
112 0 6 136 78 73 32 72 102 32 194 10 192 130 32 80 104 140 106 128 12 131 215 80 148 32 139 57 25 8 56 4
96 50 134 13 73 31 32 72 246 164 198 12 64 224 96 86 81 108 234 16 5 211 235 16 29 34 69 19 0 32 22 52
0 178 150 29 11 203 32 200 246 176 198 8 64 228 32 2 17 124 234 16 2 209 219 28 29 2 5 55 16 32 4 132
80 32 6 13 73 11 32 72 164 36 194 6 194 128 0 82 104 204 106 136 8 211 215 0 149 34 130 0 96 0 35 128
96 34 15 137 74 75 160 72 38 32 194 66 196 192 32 194 104 76 106 0 1 19 203 16 20 34 35 57 48 8 41 128
56 0 134 29 27 67 33 104 118 228 198 33 114 224 34 86 81 108 234 32 44 211 207 29 72 34 69 0 106 36 100 210
72 162 134 29 26 147 0 200 22 180 198 160 100 228 226 224 17 108 234 0 34 83 171 29 156 35 101 47 16 44 37 228
20 188 157 26 147 167 22 172 54 179 0 16 102 246 105 112 145 95 160 48 54 65 59 63 169 6 21 111 144 113 140 6
164 92 142 126 136 35 6 184 210 146 96 104 115 225 137 11 17 118 96 34 97 240 138 43 106 239 101 16 233 249 66 1
20 188 148 30 177 207 22 172 118 243 64 16 102 240 42 116 145 127 32 48 58 73 27 63 169 38 21 94 216 97 128 6
116 38 198 87 136 2 7 184 82 178 66 224 83 224 145 43 25 102 96 58 184 243 143 42 104 38 101 4 229 248 80 0
37 14 206 94 136 34 70 184 210 130 98 236 115 225 185 11 17 102 96 46 232 240 143 47 106 47 101 16 233 249 66 0
6 164 148 23 153 83 22 200 150 179 0 1 228 242 75 202 145 79 232 18 54 65 155 59 41 70 79 111 128 116 9 134
80 2 134 77 12 2 33 72 118 128 226 66 208 224 160 66 120 68 106 136 9 211 131 68 20 34 231 0 32 40 112 32
14 172 148 58 153 183 22 168 182 179 0 17 204 242 107 217 145 79 160 52 54 80 155 63 41 87 93 111 144 117 137 6
32 32 28 137 75 15 160 72 22 180 224 10 68 208 96 0 121 28 234 16 2 83 91 17 93 128 15 61 16 8 45 130
6 180 148 23 155 87 22 200 150 187 0 1 228 246 75 206 145 95 233 18 50 67 155 59 41 6 77 111 130 116 11 150
117 166 207 23 156 2 7 248 82 242 226 92 83 224 145 43 25 100 96 62 185 243 175 42 40 46 101 4 233 248 208 48
70 188 148 18 145 183 22 172 62 183 10 17 108 242 79 216 145 95 160 50 54 192 27 63 171 86 29 103 128 119 143 70
48 32 132 141 75 75 160 72 182 164 160 11 6 128 64 146 120 220 234 0 8 115 219 16 157 0 15 57 65 40 15 130
65 34 135 5 8 10 32 64 100 160 194 72 208 130 144 114 96 196 106 136 1 209 135 64 156 34 167 0 41 32 99 32
181 76 207 94 136 43 71 184 82 226 100 204 115 225 185 59 25 102 100 46 233 226 62 46 104 174 101 24 233 249 82 56
32 48 22 137 79 79 160 72 22 176 224 10 196 208 96 0 121 156 98 16 2 115 91 17 29 128 15 61 17 8 45 130
32 160 20 153 75 207 160 200 150 188 224 10 68 192 96 132 121 92 234 16 2 83 91 17 29 0 15 63 80 8 45 134
81 2 143 77 12 2 33 120 118 128 230 70 81 226 128 98 112 196 106 168 33 209 167 12 84 163 231 0 41 160 96 32
48 32 64 141 79 9 160 72 46 160 176 11 2 128 64 146 104 204 106 1 8 115 219 80 157 0 7 57 65 40 78 130
6 174 140 19 185 243 54 172 190 191 0 49 236 230 77 152 145 95 160 16 54 80 139 127 43 23 93 239 144 117 143 7
253 108 239 126 154 50 71 248 82 162 230 200 115 225 185 59 25 230 96 46 233 243 173 46 122 239 101 20 229 249 82 32
65 34 159 133 10 10 105 64 108 160 226 74 221 130 144 114 98 196 106 136 1 209 133 64 148 34 171 0 40 32 35 32
80 0 135 93 8 2 33 120 118 128 226 68 83 225 160 66 112 100 106 40 9 241 139 12 20 162 231 0 56 104 96 32
117 166 198 23 140 2 39 248 82 178 66 238 83 224 209 11 25 102 104 63 185 243 143 42 40 38 101 68 237 248 112 128
70 164 156 55 139 85 22 200 146 178 0 9 228 242 75 138 145 79 233 19 54 67 155 58 41 7 79 111 136 116 11 134
81 34 151 133 14 10 96 64 108 128 226 66 212 130 144 246 104 196 106 136 1 211 135 64 148 34 139 0 40 32 35 32
181 206 206 94 138 34 70 184 82 170 98 232 115 224 185 59 17 102 100 46 233 226 143 47 32 46 101 144 237 241 74 9
14 172 132 50 153 167 23 172 190 183 4 21 236 227 75 88 145 79 161 54 54 80 27 63 107 23 93 103 146 119 143 82
48 32 12 141 79 11 160 72 30 164 176 11 2 128 64 16 120 220 106 1 8 115 219 80 29 0 15 57 65 8 70 130
80 2 135 93 72 2 32 120 118 128 226 70 80 225 160 70 112 100 106 40 1 209 139 12 20 34 231 0 40 40 96 32
44 160 20 153 203 143 33 200 22 180 224 10 68 194 96 0 89 28 234 16 2 83 91 29 29 130 15 127 16 8 37 162
125 38 239 117 158 34 71 248 82 242 230 218 83 225 145 43 29 228 96 46 185 243 173 10 122 239 101 4 237 249 240 32
78 168 151 86 201 209 52 200 155 183 0 8 204 246 77 142 145 126 234 18 114 67 186 242 15 86 71 111 130 116 7 230
51 23 31 140 104 47 150 106 56 202 248 108 222 178 170 49 222 79 86 47 253 163 0 78 176 50 106 158 72 108 43 213
153 140 78 89 17 242 104 70 119 71 102 144 105 130 166 252 113 170 174 156 62 157 53 119 154 235 146 67 42 133 105 84
183 68 98 200 245 55 118 200 85 66 234 50 67 245 191 116 125 204 26 110 236 183 45 158 115 254 133 22 183 255 112 6
24 136 2 216 21 246 112 6 87 13 198 18 42 192 38 236 81 42 174 28 62 157 35 183 139 255 146 67 178 141 124 76
154 87 103 235 18 198 43 84 164 72 91 246 125 215 168 112 102 185 63 194 193 149 43 238 246 233 170 128 56 147 37 121
53 166 255 117 156 3 70 248 86 187 242 122 83 249 221 43 93 212 124 42 185 243 237 26 46 175 229 52 237 248 208 33
173 71 10 136 232 27 175 253 156 226 180 237 214 166 163 9 222 64 206 110 225 39 100 138 180 23 111 188 24 250 137 217
14 174 149 23 153 55 22 200 150 191 0 17 236 242 73 206 145 78 233 22 54 65 139 59 41 22 93 239 130 117 143 199
202 142 156 247 209 166 63 167 58 55 78 145 236 103 8 83 133 127 161 128 114 216 251 255 109 183 223 67 128 84 133 106
184 121 127 164 162 203 23 212 160 200 242 169 183 151 129 113 42 241 205 67 73 191 36 40 240 129 102 147 109 49 167 251
137 99 6 89 225 157 104 215 239 89 118 212 138 128 178 188 32 42 206 28 151 184 39 208 6 89 16 192 202 148 250 253
194 250 190 187 173 244 57 151 158 95 214 23 173 142 98 73 229 43 175 149 167 204 251 241 203 243 190 203 152 84 173 95
150 154 190 187 163 231 25 195 191 95 135 21 175 199 34 89 183 43 237 144 62 205 43 247 219 215 123 195 176 64 165 83
196 252 59 242 205 236 119 149 254 94 135 20 212 247 107 107 225 114 122 90 243 101 186 226 245 155 215 44 152 89 229 114
13 189 111 91 128 237 103 144 238 83 110 4 251 247 91 120 51 74 122 218 147 144 63 115 239 157 7 68 202 211 197 114
141 130 28 219 164 184 104 159 239 27 103 84 219 195 248 222 99 10 46 28 19 148 11 213 206 219 242 68 154 192 201 0
242 208 43 218 75 85 23 212 191 95 149 31 46 222 46 113 237 155 159 194 238 7 58 243 243 17 154 251 26 31 165 127
253 23 195 210 222 34 134 217 146 130 153 250 81 245 233 175 95 210 84 186 57 71 156 186 56 134 237 252 191 251 176 49
131 92 43 146 65 237 179 214 184 74 244 93 60 222 37 56 237 187 223 3 163 47 50 111 213 87 58 170 64 85 39 255
24 218 38 243 133 242 112 215 52 121 214 103 43 7 234 232 105 158 174 152 138 152 105 163 223 231 182 65 179 156 252 219
200 89 67 251 129 220 103 150 53 72 230 68 155 151 97 252 68 222 188 210 235 20 249 226 231 241 148 8 58 213 236 122
57 157 102 235 149 254 82 183 85 65 238 6 75 49 178 228 121 166 158 56 187 184 113 191 255 255 130 83 187 142 248 124
45 122 114 83 213 188 102 144 117 74 118 76 75 89 159 188 63 218 198 218 155 180 60 255 39 223 36 2 235 151 234 181
181 77 115 105 143 23 86 121 85 174 253 98 83 21 161 36 124 252 6 234 232 183 109 138 243 205 39 149 115 254 100 233
56 184 153 121 129 253 117 211 54 99 116 24 155 149 66 184 217 26 150 0 27 254 240 51 199 205 49 41 234 76 142 242
78 140 132 191 153 135 63 175 191 159 7 21 236 231 10 87 145 115 233 22 114 201 91 255 109 118 223 83 146 116 141 90
78 156 186 186 145 231 91 83 191 79 207 21 252 247 42 88 247 179 255 149 187 141 58 251 219 215 155 195 152 69 165 83
24 50 223 205 78 2 97 88 246 172 230 102 81 163 160 66 120 196 110 136 0 209 135 204 86 163 226 0 43 168 112 49
32 32 30 152 77 223 176 72 142 244 148 11 198 216 98 0 233 169 234 17 14 99 219 209 221 17 15 63 88 12 41 134
13 189 161 123 145 253 103 191 254 218 110 68 219 247 89 240 53 122 255 58 179 24 59 114 239 205 39 68 250 119 197 114
76 188 187 242 141 236 119 255 254 218 30 20 222 247 105 107 241 122 127 34 243 69 186 226 255 223 119 46 154 120 229 243
40 145 243 91 247 250 115 223 127 77 127 116 126 247 172 252 243 58 134 24 51 248 57 245 79 254 50 67 210 198 229 251
16 34 95 197 14 74 105 80 108 172 242 66 221 130 128 114 106 197 110 136 1 209 165 192 212 160 170 0 33 0 39 32
14 184 188 59 153 253 182 204 190 243 0 17 236 248 75 136 145 75 251 17 54 88 154 115 77 87 95 111 152 85 139 134
98 32 72 136 77 93 240 72 175 160 240 11 138 152 68 144 232 141 234 129 12 115 211 208 21 17 3 59 65 12 122 134
21 209 103 254 23 198 90 248 21 73 211 103 113 223 40 101 124 241 63 226 173 131 27 253 243 234 234 130 63 159 180 19
158 116 179 251 139 244 183 214 188 75 221 112 252 255 41 248 253 123 223 131 163 135 250 243 245 215 58 170 138 87 39 243
222 212 43 218 203 229 55 220 191 90 149 255 124 255 109 121 253 211 159 227 227 71 186 243 243 19 255 255 16 93 165 243
41 199 158 132 236 27 175 253 12 170 182 237 207 38 162 198 222 196 206 110 72 163 65 200 240 151 238 148 22 254 169 201
41 7 22 140 248 31 190 127 60 232 252 108 222 178 160 176 222 69 94 109 177 171 0 206 176 59 110 158 90 236 171 165
189 223 243 83 229 28 247 247 117 78 254 102 59 121 215 53 125 234 134 222 254 254 108 234 126 223 116 129 227 246 226 253
229 149 90 251 229 124 118 183 61 91 125 20 247 247 106 117 215 218 31 74 249 88 186 227 239 217 198 11 186 254 200 59
117 166 221 117 172 11 71 184 86 187 242 106 83 241 217 43 89 204 108 42 169 240 239 26 124 175 229 164 237 248 80 33
50 30 171 136 59 98 145 66 29 75 220 187 62 157 34 8 254 155 223 145 153 175 97 198 209 54 186 155 148 76 53 123
200 126 119 246 32 200 63 214 172 206 114 229 175 135 161 95 102 113 207 194 225 213 34 234 244 243 110 136 6 245 39 249
35 158 106 155 79 248 177 82 220 79 245 183 160 140 182 72 111 171 143 133 182 187 100 195 86 119 186 211 85 76 117 223
131 190 42 26 101 157 250 84 253 95 117 244 168 202 246 189 237 162 206 30 183 63 62 227 30 89 146 203 218 142 104 221
77 202 181 187 168 160 123 152 239 29 27 117 205 226 251 206 231 67 174 95 146 1 171 241 200 253 43 204 146 215 33 101
157 91 42 172 237 28 118 220 237 216 252 103 74 218 239 211 252 224 174 102 205 99 158 232 178 249 231 142 43 126 233 215
246 222 57 234 248 237 95 242 41 77 252 125 22 151 162 80 237 251 95 210 153 11 120 118 253 21 170 218 152 19 166 115
57 156 114 233 149 255 82 19 87 77 254 22 43 29 162 228 125 186 158 24 191 188 113 191 235 223 148 67 187 140 248 127
32 32 20 152 75 207 176 72 22 188 192 11 228 210 98 68 217 8 234 16 6 115 203 17 29 2 7 63 16 12 45 134
89 0 207 109 26 18 97 120 118 128 230 226 83 227 128 114 120 204 42 172 41 240 239 12 86 171 231 0 105 160 96 160
96 32 0 137 79 77 160 72 38 164 240 10 134 208 64 134 104 204 234 0 8 115 219 80 21 0 11 59 65 8 42 130
14 172 148 19 185 211 50 168 190 177 4 177 236 230 79 157 145 123 233 17 54 64 139 119 46 22 93 111 146 116 141 135
61 4 238 126 138 2 71 248 82 162 230 138 115 225 153 59 25 238 100 46 104 243 175 47 250 239 101 16 229 248 114 32
81 34 15 133 10 10 105 80 236 160 230 70 209 162 144 114 104 204 106 136 129 209 165 64 212 34 171 0 40 128 99 160
29 181 86 123 147 253 99 216 127 81 111 20 255 242 42 244 115 74 250 122 147 161 59 181 171 217 3 78 250 7 233 244
130 30 58 216 181 245 80 95 95 79 214 119 42 198 166 204 209 42 174 16 174 141 99 255 138 119 178 203 146 76 252 79
147 140 46 25 145 242 125 71 119 79 230 17 40 230 54 121 241 171 174 148 62 157 37 255 251 63 186 195 146 68 237 78
13 128 156 219 172 189 96 155 239 51 39 16 219 194 254 250 227 2 110 28 150 69 11 211 206 223 151 69 152 192 233 0
9 132 156 251 168 180 120 159 238 27 54 84 188 210 234 122 199 3 126 28 150 73 107 243 79 253 62 200 152 192 169 9
9 223 62 123 170 141 53 246 238 29 116 68 188 210 98 97 167 123 110 64 182 121 42 113 239 217 118 106 88 16 169 203
40 34 20 137 75 79 49 72 22 180 224 10 196 192 96 196 121 24 234 16 2 115 219 17 29 130 7 63 82 8 37 166
17 34 143 93 8 2 32 88 246 168 226 102 81 227 160 66 120 228 106 8 9 209 139 12 20 162 227 0 8 168 96 32
32 32 0 137 79 9 160 72 38 164 240 10 134 128 64 0 104 140 234 128 8 243 211 80 21 0 3 57 65 8 94 130
14 172 134 27 153 215 23 168 190 183 68 1 204 231 107 156 145 123 225 20 50 80 187 63 41 86 69 111 146 116 7 118
117 174 207 95 186 2 71 184 210 186 98 224 115 224 185 123 21 230 96 46 169 243 143 47 104 46 101 132 225 240 98 1
81 34 14 133 14 10 96 64 236 160 226 66 212 130 128 114 104 196 106 136 1 209 133 64 148 32 171 0 41 0 35 0
78 160 134 22 139 215 54 200 150 246 68 9 196 242 75 10 145 111 232 18 38 83 155 58 73 7 77 111 130 116 15 198
37 164 199 21 152 2 37 248 214 178 194 228 83 224 209 11 17 100 104 44 169 241 143 8 44 42 101 20 237 248 80 0
72 60 187 114 232 196 61 23 234 91 37 16 188 151 64 121 165 59 76 136 19 79 178 96 207 217 50 40 130 192 167 41
48 176 22 25 75 207 48 200 22 180 224 8 230 208 98 196 89 12 234 16 2 211 219 25 29 130 5 127 112 8 37 134
117 44 207 94 152 34 71 184 210 242 102 200 115 225 153 59 17 230 96 46 169 242 143 46 104 174 101 20 233 240 66 48
117 164 135 85 156 10 103 248 246 242 194 68 83 224 209 43 17 100 104 44 169 241 159 8 44 42 101 4 233 248 114 48
94 160 132 23 155 83 20 200 22 186 64 9 68 246 75 138 145 94 249 18 6 83 203 56 29 2 77 127 128 116 15 134
122 62 105 36 81 218 209 99 49 239 242 157 43 44 22 16 168 173 197 133 172 190 229 143 83 119 176 147 103 4 86 223
0 48 6 13 75 143 32 72 246 180 194 13 192 196 96 2 208 108 234 0 0 195 219 29 29 2 69 62 0 8 53 146
96 50 134 29 73 159 32 72 246 224 194 8 64 192 96 114 81 108 234 0 4 211 187 16 21 34 5 42 0 0 54 148
96 32 6 13 75 75 32 72 118 228 194 0 192 130 66 82 120 76 234 0 0 211 203 16 20 32 3 57 8 8 54 210
32 32 14 9 72 75 160 72 102 232 194 9 194 128 2 64 104 12 106 0 8 210 203 16 20 2 3 49 96 8 50 194
80 0 6 129 75 9 32 64 228 32 194 10 194 130 34 208 104 140 106 0 4 211 197 64 148 32 2 33 0 8 57 0
16 32 6 13 73 23 33 72 230 40 198 0 192 192 34 70 104 76 234 0 8 211 207 16 20 32 3 16 0 12 56 132
40 48 135 29 75 131 160 72 118 160 194 96 64 208 32 210 113 108 106 0 1 211 203 20 20 34 5 42 66 4 42 128
112 0 10 137 74 13 160 72 102 32 194 138 194 128 0 64 104 132 106 0 8 211 213 16 149 32 130 56 49 8 52 146
24 48 22 29 75 155 48 72 214 176 194 40 66 240 32 192 89 124 234 0 8 211 203 28 28 3 5 54 18 12 0 128
114 32 26 129 77 93 240 64 47 36 176 11 138 152 6 144 232 149 238 1 12 99 209 208 149 177 3 59 65 12 79 134
132 93 59 103 240 78 175 248 124 200 123 65 212 119 9 49 180 125 19 107 97 176 57 126 109 12 47 4 72 115 103 250
9 30 22 164 249 31 184 115 44 104 255 76 220 162 34 180 238 5 222 13 213 187 16 206 189 127 46 210 74 14 171 157
215 21 103 239 162 98 126 153 61 218 219 247 197 127 141 127 119 215 61 162 253 213 157 202 245 186 239 134 45 242 161 23
70 176 150 30 201 213 180 232 186 190 128 9 236 254 78 146 145 127 234 17 6 67 154 241 31 115 79 127 128 100 15 198
202 126 231 247 160 172 111 150 189 206 94 228 239 231 225 223 39 123 255 14 225 212 178 234 164 242 126 136 6 244 37 121
117 166 207 101 188 11 101 248 118 186 242 234 83 225 152 99 61 196 108 44 169 241 237 12 252 171 229 132 237 232 80 33
167 251 106 26 236 189 254 220 255 89 253 253 200 204 190 185 221 202 223 94 246 103 110 243 126 91 246 248 90 223 250 213
121 223 98 172 239 54 182 254 125 202 252 103 120 254 231 243 252 255 182 230 237 115 187 232 242 201 231 142 59 124 232 223
59 156 252 91 181 191 82 214 95 109 246 86 42 29 54 252 221 170 159 28 191 190 113 255 31 95 16 210 251 141 248 95
32 32 22 137 73 79 176 72 134 188 210 43 196 208 98 132 233 152 234 0 4 115 75 144 29 0 7 63 81 12 45 134
89 2 206 237 78 2 97 88 116 128 230 226 209 163 160 98 120 204 106 140 8 211 199 64 84 227 226 0 49 168 112 32
6 160 148 27 185 211 48 200 190 181 68 1 236 226 111 140 145 95 235 17 38 81 155 117 13 18 77 111 146 100 15 134
124 6 206 125 138 2 70 120 115 162 242 226 83 225 145 91 89 228 100 42 40 243 143 14 250 239 101 128 237 248 114 0
154 30 122 155 190 183 20 159 95 79 214 119 104 186 166 201 245 170 175 16 182 205 107 247 122 87 182 195 186 92 252 95
78 160 148 29 201 23 52 232 186 190 64 9 204 242 74 134 145 77 234 21 6 83 155 81 15 50 77 127 130 100 11 134
82 158 174 24 144 230 125 199 127 95 246 49 40 174 38 121 225 167 175 145 190 207 33 247 251 55 254 195 144 80 228 79
6 160 181 27 153 215 48 200 190 181 64 1 236 246 109 156 145 95 234 48 38 81 187 125 15 82 77 111 146 36 15 198
117 22 207 125 170 2 71 120 114 170 118 228 115 224 145 123 31 108 100 46 169 243 175 15 104 175 101 128 237 248 114 113
27 120 250 22 3 144 180 71 252 131 122 34 44 152 166 168 162 43 146 1 196 189 166 226 50 69 30 131 77 84 235 143
15 150 244 155 223 183 182 159 30 95 214 247 232 126 46 200 215 211 191 151 183 220 125 247 110 95 190 194 159 93 185 95
