32 34 14 1 72 11 161 72 102 164 226 76 194 128 192 80 104 12 106 8 0 243 223 16 20 0 35 24 73 0 115 160
80 0 11 129 74 0 32 64 230 32 194 74 150 130 32 194 96 204 106 136 9 211 133 64 148 160 35 0 41 0 43 128
32 34 19 129 72 9 160 64 110 32 226 78 128 128 96 84 104 12 106 0 1 243 193 16 20 0 3 48 81 8 82 128
89 0 135 12 10 194 32 72 246 144 194 0 82 224 32 242 112 108 106 128 13 211 239 0 28 34 103 12 96 32 32 96
56 34 14 16 74 131 32 72 118 176 192 205 64 192 96 144 57 108 226 4 5 211 139 28 24 3 33 36 104 0 42 144
80 32 134 37 11 10 96 72 54 160 194 72 67 224 0 82 112 204 106 136 8 211 135 8 148 226 97 1 97 32 34 128
16 32 26 185 74 130 40 72 182 4 226 3 73 195 32 80 120 173 106 128 0 211 131 80 213 160 131 1 33 0 37 130
32 32 18 1 75 9 161 64 238 160 226 10 128 128 96 148 104 12 106 0 0 243 209 16 21 0 3 56 65 8 82 160
81 0 150 5 10 14 96 32 108 160 162 64 223 50 0 246 33 197 108 136 9 209 217 76 157 162 75 0 40 32 41 32
16 156 3 159 95 195 163 232 22 68 72 135 244 228 42 64 121 122 162 1 35 179 31 191 180 38 139 9 24 14 53 240
32 32 7 1 72 15 161 72 102 160 226 8 208 128 64 86 105 76 106 4 0 211 207 16 21 2 3 16 65 0 114 160
80 34 14 1 74 10 32 64 230 160 194 10 82 128 32 82 96 204 106 136 0 211 141 80 84 32 35 9 32 0 39 128
80 34 134 5 72 10 32 72 54 224 194 140 67 228 64 150 120 204 234 0 1 211 199 8 148 34 1 0 40 32 34 176
16 8 6 157 12 131 96 72 182 128 194 3 96 194 32 192 248 108 42 132 12 211 11 159 144 166 203 3 24 8 120 132
16 0 14 169 78 11 96 72 118 164 194 3 193 195 34 64 120 140 106 136 14 243 95 209 212 162 131 1 49 8 112 134
16 0 151 157 24 134 32 104 182 136 194 64 212 243 32 195 240 116 106 176 33 195 211 204 145 162 199 16 0 32 41 160
33 32 6 1 72 11 32 72 118 160 226 8 18 128 0 84 120 12 106 0 1 211 207 16 20 0 3 16 65 0 114 160
80 0 2 129 74 10 33 64 118 32 194 2 211 130 32 210 112 204 106 136 0 209 197 64 212 32 3 0 32 0 35 160
88 2 134 12 11 18 32 88 118 160 198 64 67 225 96 210 113 204 104 136 8 211 143 0 88 227 97 1 99 160 40 0
16 32 139 37 74 203 160 72 118 128 226 3 81 211 96 96 120 252 106 128 0 243 159 80 85 160 3 8 97 8 101 162
72 32 15 5 74 74 33 64 102 160 230 0 208 130 192 242 104 204 106 136 1 211 237 80 212 32 131 1 97 0 103 160
112 50 1 165 75 75 0 72 47 160 162 77 198 130 64 82 232 205 110 1 9 227 209 64 148 160 3 50 72 40 3 6
80 32 134 5 9 74 32 72 54 160 194 8 67 224 0 210 120 196 106 128 13 211 207 8 148 34 67 1 40 32 42 132
32 32 2 129 73 9 161 64 110 164 226 10 2 128 96 80 104 12 106 0 0 115 211 16 21 0 3 56 65 8 66 130
32 34 7 9 74 11 160 72 118 160 224 200 192 192 0 80 120 140 106 0 0 210 207 16 20 0 3 56 65 0 98 132
96 32 2 137 73 13 97 72 110 32 194 72 130 130 0 86 104 204 106 128 8 67 211 0 149 32 3 56 0 0 34 0
49 32 15 185 76 143 33 72 86 160 66 66 211 209 32 96 120 172 42 12 1 240 91 16 157 162 131 32 49 8 112 160
88 32 134 173 78 2 33 72 118 4 194 130 193 163 34 66 120 204 106 140 8 211 199 16 212 163 130 1 48 168 52 224
64 32 142 13 8 11 33 72 118 160 194 0 210 224 64 82 81 196 106 0 8 209 203 16 28 34 69 16 0 32 24 0
114 34 66 129 73 73 96 64 63 164 242 137 134 130 70 212 248 141 110 132 12 115 199 208 148 16 3 59 65 4 110 196
80 32 134 13 75 10 33 72 54 164 194 12 67 160 2 86 120 196 106 136 0 211 215 0 213 34 3 0 32 0 35 192
36 204 151 94 216 135 7 184 214 18 98 76 98 225 32 213 17 98 32 46 105 250 91 63 40 38 69 16 82 120 64 40
20 142 146 62 154 138 7 184 118 31 104 16 102 226 40 80 17 74 32 34 50 193 11 63 232 166 21 92 176 98 164 0
81 2 18 129 12 28 96 64 108 40 242 70 206 130 162 230 232 197 110 136 4 241 197 192 148 32 138 1 0 0 41 4
32 34 129 133 78 9 160 72 14 164 240 139 130 128 68 2 104 204 66 5 8 115 223 16 28 0 135 56 97 40 86 130
36 160 4 153 203 11 160 200 22 176 192 74 196 192 64 128 121 216 226 16 2 83 203 16 29 130 143 125 177 8 41 130
37 46 134 22 140 34 135 184 210 182 66 112 97 224 249 175 89 102 96 46 121 243 143 42 40 38 229 0 203 249 240 132
28 164 150 30 155 211 22 168 118 83 64 49 102 226 40 212 145 74 160 34 55 200 11 63 168 166 5 79 210 102 173 6
81 32 135 133 10 10 40 64 236 160 194 66 208 130 80 114 96 197 106 140 1 209 133 64 156 34 143 0 32 0 35 4
64 0 151 157 12 2 96 104 244 128 194 66 80 224 32 98 120 100 106 136 1 241 135 72 21 34 195 0 1 104 112 32
48 34 2 185 93 131 160 72 22 136 224 67 96 195 32 192 248 172 34 128 10 243 74 153 21 160 131 45 25 8 120 130
81 0 220 165 36 10 120 48 44 128 130 129 215 35 2 83 226 197 109 37 44 193 193 12 198 227 106 17 36 160 9 2
72 50 152 100 32 12 81 16 41 172 54 44 223 51 66 18 134 213 109 8 8 64 193 0 195 249 97 176 72 160 74 35
37 206 31 30 152 131 6 184 212 130 98 108 115 225 169 209 17 102 32 42 105 242 11 63 40 167 101 16 88 248 74 160
1 2 150 13 40 31 160 72 230 164 230 68 192 226 166 230 104 76 106 140 132 241 167 64 20 34 67 0 74 164 41 4
20 164 128 23 155 35 7 200 22 187 64 49 68 242 75 12 17 78 160 48 50 81 139 58 169 6 77 46 176 113 165 98
9 16 22 205 72 135 32 88 182 8 198 66 208 211 160 228 120 108 106 8 1 211 19 156 20 162 227 0 58 168 40 161
32 32 192 165 78 9 224 72 14 164 240 139 130 128 68 2 104 204 66 5 8 115 203 80 28 0 135 57 97 40 86 130
81 32 135 133 10 10 40 64 236 160 194 66 214 130 80 114 96 197 106 140 1 209 133 64 156 34 143 0 32 0 35 4
36 160 13 153 202 11 160 200 22 176 192 10 196 192 64 0 121 152 98 16 2 83 219 17 29 130 143 124 49 8 33 130
105 50 16 96 33 13 80 16 107 168 178 108 159 27 64 146 134 197 76 12 141 96 192 0 202 249 37 176 74 128 74 3
28 164 144 62 155 203 6 232 118 19 104 16 102 226 40 208 17 74 32 34 55 208 11 63 169 166 85 77 240 98 172 0
64 0 150 29 28 2 101 104 244 130 226 2 80 224 32 98 120 100 106 40 40 241 139 13 85 34 199 0 80 120 112 32
81 32 142 5 8 10 33 72 236 160 194 2 208 162 80 114 97 196 106 156 5 209 135 64 156 34 207 0 8 32 99 4
64 2 158 29 12 18 100 104 244 130 226 66 80 224 160 98 120 100 106 168 41 241 143 13 20 34 231 0 16 120 120 32
20 160 20 185 219 199 32 200 22 176 192 10 212 210 104 64 121 88 98 16 2 83 75 21 157 130 7 125 176 8 37 130
81 32 143 5 8 10 32 72 236 160 194 66 212 162 80 114 97 196 106 140 1 209 135 64 156 34 207 0 0 32 35 4
64 2 150 29 12 2 165 104 244 130 194 66 80 224 160 102 120 100 106 168 32 241 139 13 21 34 231 0 24 104 112 32
32 32 132 133 74 75 160 72 22 176 240 139 194 192 64 2 121 220 98 17 8 115 219 16 29 0 7 61 113 40 86 130
52 160 28 153 219 195 160 200 22 176 224 10 212 210 96 64 121 216 106 16 2 83 75 23 157 134 7 125 177 8 9 130
81 32 135 133 10 10 33 64 236 160 194 66 208 162 84 114 96 196 106 136 1 209 149 64 157 34 207 0 0 32 35 36
64 0 151 221 28 66 33 104 244 128 194 2 80 243 32 66 120 100 106 168 32 209 147 76 85 162 231 0 16 104 100 32
32 32 136 165 78 73 160 72 14 176 240 139 130 192 64 2 105 220 66 1 10 115 203 17 29 128 7 61 113 40 70 130
60 160 156 187 219 199 33 200 86 181 224 10 102 211 104 64 89 90 234 16 34 83 75 55 221 135 5 125 176 8 13 130
81 32 222 133 10 10 41 64 236 160 226 66 222 130 208 114 98 197 110 140 1 209 149 64 156 34 143 0 40 0 43 4
81 0 142 93 4 18 100 56 244 130 226 102 81 224 160 99 112 228 106 168 45 241 159 8 20 171 231 0 41 248 120 0
32 32 192 172 77 73 160 72 14 164 240 11 130 128 68 2 104 220 66 1 8 115 219 80 29 0 7 59 65 40 86 130
36 160 148 153 219 207 160 200 86 184 224 10 228 210 104 132 217 88 234 16 2 83 219 21 157 130 7 127 146 8 13 134
32 162 72 153 94 203 163 200 22 244 240 171 225 192 242 0 91 136 34 133 6 114 207 31 28 6 47 45 85 10 119 196
96 34 133 172 72 73 32 72 46 164 224 79 198 128 64 22 104 204 106 0 9 115 219 16 156 130 7 58 89 8 2 134
20 172 132 54 155 35 22 200 22 183 64 17 68 226 75 10 17 94 224 18 50 81 139 51 169 6 205 111 128 113 143 130
101 46 134 23 140 34 166 168 210 178 194 80 80 224 217 43 89 102 104 58 189 241 143 42 104 38 229 4 193 121 240 128
0 30 146 158 113 133 34 96 190 136 96 100 228 243 32 196 248 107 34 0 34 155 138 127 180 182 27 10 24 0 41 139
4 160 156 29 200 139 176 200 214 180 64 45 196 224 66 2 145 108 106 20 6 83 203 17 12 2 69 125 80 32 11 128
92 164 132 55 155 39 6 200 22 183 64 25 68 226 75 142 17 78 232 18 50 83 155 51 185 7 77 111 160 113 139 130
165 124 134 87 140 38 70 184 210 186 98 88 115 241 249 171 25 102 96 42 249 243 159 42 40 174 101 4 201 249 216 160
17 16 22 137 77 30 160 64 172 8 214 70 220 146 160 228 104 12 106 136 1 145 145 192 148 32 138 0 10 8 41 36
165 204 213 94 200 111 70 190 146 146 96 88 115 241 129 63 21 118 96 106 105 230 26 47 34 174 101 24 250 243 202 56
32 34 134 29 72 143 32 72 86 176 224 76 208 128 96 4 89 108 106 0 1 211 203 16 12 0 69 52 88 8 10 148
220 174 148 50 147 166 22 172 115 31 43 17 110 226 10 212 145 83 232 50 54 73 11 63 169 198 21 95 146 119 175 6
81 0 1 137 78 9 32 72 102 32 194 202 195 192 0 66 104 204 106 8 9 115 199 0 148 32 131 56 56 8 16 0
100 46 135 87 140 34 134 168 210 178 66 80 80 225 249 43 89 102 96 58 121 243 175 42 40 39 229 4 193 249 240 160
32 48 8 129 72 9 160 64 238 160 226 74 128 144 96 64 104 12 106 0 0 115 193 16 20 0 131 57 89 8 74 130
88 16 134 12 10 2 32 120 118 160 194 164 66 224 160 82 113 76 232 128 9 209 219 8 24 35 97 4 105 32 40 16
49 34 23 157 80 131 161 72 86 128 242 98 114 192 168 228 121 104 2 8 11 243 11 29 28 130 131 8 81 8 96 160
32 34 1 173 77 75 160 72 86 176 240 79 194 192 64 128 249 204 98 0 11 115 219 17 28 128 135 62 89 8 98 134
49 32 4 141 72 27 160 72 86 176 242 42 195 192 192 4 121 204 106 128 12 115 207 16 156 0 131 61 121 8 72 132
32 32 12 13 72 155 160 72 86 180 228 8 196 208 96 36 89 108 106 8 0 115 203 16 13 0 5 61 80 8 6 160
36 92 167 30 140 98 135 184 210 246 66 101 114 225 185 11 25 102 32 46 233 242 175 42 104 38 101 0 229 249 84 240
92 143 146 58 147 182 22 172 51 151 43 17 74 226 46 80 145 71 160 50 126 73 11 63 171 199 5 95 146 119 174 6
81 0 15 9 12 3 33 72 118 32 194 2 80 192 32 64 120 132 106 140 12 211 239 28 20 34 131 0 49 8 48 192
48 2 6 137 78 11 32 72 6 36 194 198 193 192 32 66 104 76 106 0 0 211 199 16 20 34 130 24 17 8 48 128
212 164 147 30 145 203 6 172 118 23 105 16 102 240 40 208 145 74 168 50 114 73 27 63 169 166 21 87 208 115 135 34
25 148 135 63 25 131 0 232 22 240 66 132 113 224 40 65 17 110 106 32 43 209 219 61 8 227 69 20 56 44 16 208
80 0 14 137 13 67 32 72 118 32 194 2 64 194 32 192 120 4 106 128 12 211 71 16 148 34 131 1 16 8 56 128
32 0 6 137 78 11 160 72 198 32 194 2 192 192 32 64 104 12 106 1 0 243 199 16 20 34 130 16 25 8 48 128
16 0 6 141 10 10 32 64 36 0 194 2 209 131 0 66 104 204 106 136 8 209 193 0 212 160 163 0 32 0 32 0
165 204 205 31 138 171 6 190 210 146 104 220 241 97 137 19 17 98 32 110 225 244 78 63 38 43 117 0 112 241 194 40
16 2 7 136 73 3 33 72 230 172 194 2 192 192 32 68 104 12 106 0 10 195 75 29 21 34 3 16 16 8 52 34
86 168 132 54 155 39 54 200 146 183 64 25 68 226 73 138 145 95 232 18 54 83 154 50 153 6 205 111 128 117 143 134
16 0 7 137 8 64 160 64 164 0 194 2 208 130 32 192 104 132 106 128 9 195 195 64 148 160 138 24 0 0 49 128
164 204 212 62 200 139 6 190 214 146 96 25 115 225 32 17 17 98 96 46 104 204 10 63 104 166 69 24 120 240 194 8
164 206 92 94 152 147 7 184 214 6 100 252 99 228 170 113 17 102 32 42 104 222 47 63 42 166 101 17 112 240 206 168
117 38 231 55 132 34 71 248 82 230 66 215 67 97 147 15 89 102 96 63 248 243 175 42 120 46 101 4 239 253 240 112
181 76 238 62 130 35 71 232 80 230 104 13 115 232 187 59 25 230 96 111 236 231 62 46 112 111 101 16 229 255 82 76
32 0 7 137 76 11 161 72 198 36 192 2 132 192 32 64 104 12 106 1 0 179 195 16 20 32 138 56 16 8 53 162
70 176 239 149 206 66 182 168 146 246 194 171 96 236 95 74 19 126 249 49 36 65 223 26 12 38 205 63 132 120 21 86
48 34 0 137 12 3 160 72 70 40 194 74 134 128 32 64 72 140 74 128 8 99 203 16 148 0 131 56 89 8 49 128
80 0 6 137 15 11 32 72 100 32 194 2 192 130 32 64 104 132 106 136 8 147 71 64 148 34 130 0 48 8 49 128
97 32 3 137 74 9 32 72 134 32 194 74 130 128 32 64 104 140 106 8 9 115 207 16 148 32 161 56 48 8 18 128
16 32 14 1 10 11 161 72 100 32 230 66 211 128 64 64 104 12 106 8 0 241 229 0 212 0 3 0 97 0 115 160
32 34 150 93 10 139 32 72 214 184 194 64 64 192 32 2 89 108 106 0 0 209 203 28 76 2 37 52 80 8 16 130
89 0 6 137 13 3 32 72 102 32 194 2 210 130 32 192 104 132 106 128 8 211 207 16 149 34 131 16 16 8 48 160
60 190 146 63 155 195 2 232 118 140 230 32 99 241 96 20 81 238 224 176 40 211 139 63 248 231 101 19 227 96 38 2
120 176 134 125 75 82 52 232 118 186 230 32 67 241 0 242 81 124 232 32 44 243 203 24 31 99 69 7 99 100 46 134
42 178 22 152 77 131 160 200 151 184 240 111 96 192 96 132 217 40 234 0 2 115 74 157 20 16 3 62 91 12 120 135
88 0 220 165 32 10 124 48 104 162 130 129 223 35 2 210 166 197 236 44 12 192 193 0 194 227 99 17 36 160 11 1
72 50 152 100 32 12 81 16 41 168 54 109 159 19 66 18 134 85 109 12 8 96 192 0 195 249 37 176 74 160 75 3
48 0 7 137 8 75 32 72 6 32 194 130 194 128 32 194 104 68 106 0 8 211 207 16 148 35 131 24 16 8 48 192
1 0 22 205 72 151 32 88 230 8 230 66 208 242 166 230 104 108 106 8 5 211 131 212 22 42 195 2 26 168 40 132
88 48 143 13 74 130 32 88 246 128 194 204 80 225 96 82 112 108 106 128 1 211 223 8 92 35 101 8 104 32 42 144
64 32 142 12 74 11 32 72 182 160 198 136 65 192 66 150 120 76 234 128 0 211 207 0 20 34 3 41 1 0 42 128
89 50 16 96 32 12 80 16 105 168 50 108 159 27 192 210 134 213 108 0 141 64 192 0 202 249 33 178 106 128 11 3
37 2 238 31 216 139 228 40 254 182 98 133 224 232 182 66 81 108 106 45 36 241 239 45 12 42 69 5 69 116 114 68
70 184 151 159 203 199 183 168 158 179 64 171 244 246 73 74 21 127 115 145 51 82 219 243 45 38 207 46 128 120 21 162
32 32 6 1 72 11 161 72 118 172 194 8 64 192 194 64 121 76 106 8 0 243 143 16 20 2 33 0 65 8 50 128
32 32 6 29 11 139 49 72 214 180 194 9 196 192 98 2 89 108 234 4 4 211 203 24 76 2 5 52 80 8 5 194
80 0 5 137 75 67 32 72 230 36 194 2 194 0 32 196 72 12 106 128 8 211 203 16 149 34 3 48 16 8 52 34
56 0 4 137 10 75 32 72 70 32 194 134 195 128 0 66 104 204 106 12 9 209 215 16 148 32 130 16 56 8 48 128
80 50 142 13 74 150 32 88 118 132 194 68 66 224 64 210 112 108 234 128 9 211 207 8 30 35 101 12 105 0 42 144
64 32 6 12 75 11 32 72 230 160 194 8 64 194 0 210 104 204 234 128 4 211 215 0 20 34 3 41 8 0 42 130
96 32 7 9 72 75 160 72 166 168 226 8 192 128 64 0 72 12 106 0 5 67 203 16 21 0 35 56 81 8 39 128
32 34 12 13 73 31 160 72 246 188 194 8 196 192 98 130 25 76 234 0 0 211 203 16 29 2 5 63 80 8 13 144
80 0 4 137 13 75 32 72 102 36 194 2 194 0 34 64 72 140 106 128 12 211 207 16 148 32 131 17 16 8 60 2
12 188 148 26 155 211 22 168 54 115 64 49 102 224 42 212 145 110 160 48 54 64 27 63 40 118 69 111 218 100 137 22
101 162 204 5 172 27 104 136 106 181 134 153 199 32 222 158 3 68 108 28 158 96 207 16 140 26 101 245 198 236 219 4
57 140 198 62 24 3 6 184 86 194 98 76 115 225 168 81 17 102 32 46 105 210 31 63 40 239 101 16 122 240 2 32
116 36 135 87 140 2 7 184 82 178 66 66 83 225 145 11 89 102 96 58 57 243 175 42 40 38 101 4 225 248 112 32
32 32 132 173 78 75 160 72 54 160 224 11 130 128 64 0 120 204 98 1 8 115 203 16 28 0 15 57 65 40 22 130
81 32 143 5 12 10 33 64 100 160 194 66 208 130 16 114 96 196 106 136 0 211 135 64 148 34 143 0 32 32 99 32
48 32 20 137 75 75 160 72 22 176 192 10 196 192 96 0 121 156 98 16 2 83 75 16 156 128 15 61 17 8 37 130
20 172 148 26 155 195 6 168 118 51 64 16 102 242 40 208 145 110 160 48 50 80 11 63 169 166 5 111 240 96 133 2
64 0 134 93 8 2 33 104 118 128 226 2 82 224 160 66 112 100 106 40 8 243 139 12 92 34 231 0 97 104 112 32
36 140 142 30 152 131 7 184 214 130 98 9 115 225 40 83 81 102 96 46 104 209 11 63 104 166 101 0 112 112 66 0
116 180 143 85 140 66 38 248 82 242 66 102 83 225 209 139 89 100 104 58 185 211 143 10 40 38 229 68 237 120 112 48
81 32 143 133 78 10 97 64 108 160 194 66 212 130 16 114 96 196 106 136 1 211 133 64 148 34 139 0 32 32 35 0
6 160 148 23 155 67 20 200 150 183 0 1 228 226 73 10 145 94 233 18 50 67 139 57 9 2 79 127 128 116 7 130
48 176 20 129 11 11 160 200 22 180 194 42 198 208 64 132 121 76 234 16 10 243 219 152 157 194 7 55 83 8 13 134
80 2 143 77 76 2 33 104 118 128 226 66 208 224 160 66 112 68 106 40 0 241 135 12 84 34 231 0 33 40 112 0
181 206 229 62 152 35 71 184 18 198 104 237 115 229 153 49 21 102 36 110 232 198 46 63 96 174 101 184 113 242 70 120
48 32 0 141 79 73 160 72 174 164 160 11 2 128 64 18 104 204 106 1 8 115 203 80 29 0 15 57 65 40 86 130
48 32 64 141 79 73 160 72 174 164 176 11 2 128 68 150 104 220 234 1 8 115 203 208 157 128 7 59 65 40 70 130
6 172 148 19 153 247 55 172 191 183 4 17 236 230 79 223 145 95 233 16 54 65 155 127 41 22 93 127 146 117 141 94
49 134 206 95 24 3 71 184 86 134 102 196 115 225 162 81 81 102 32 46 104 211 47 63 96 174 101 0 112 240 64 96
81 34 206 77 28 10 32 120 118 160 230 98 81 226 144 98 112 196 106 168 33 209 135 12 84 163 231 0 41 160 120 0
181 76 238 62 178 34 71 248 82 230 254 170 115 104 155 51 27 238 100 47 236 243 173 47 112 47 101 21 229 251 114 64
70 168 150 18 137 245 54 136 190 183 4 17 204 226 75 142 145 127 232 18 54 64 154 115 13 22 95 111 130 117 143 198
65 34 150 133 10 10 105 64 108 160 226 70 221 130 144 82 98 196 106 136 1 209 133 64 148 34 171 0 40 32 35 0
117 36 239 23 220 34 71 232 18 246 194 155 83 229 149 11 89 100 113 62 184 243 191 42 104 46 101 4 229 248 240 112
76 172 148 26 145 235 22 172 63 23 11 16 238 240 8 84 145 94 160 50 50 72 27 63 169 118 21 87 210 119 143 6
32 160 20 185 75 203 32 200 22 176 192 10 196 210 96 0 89 92 226 16 2 83 75 17 157 128 15 125 16 8 37 130
100 38 134 55 136 2 7 184 82 178 66 100 83 224 145 43 89 102 96 62 184 241 143 42 104 38 101 4 225 248 112 0
165 204 205 126 136 35 70 184 210 146 96 204 115 224 153 27 17 102 32 46 225 224 78 47 104 171 101 24 241 241 66 8
80 2 142 77 12 2 32 72 118 128 226 66 208 224 160 66 120 196 106 136 9 211 147 68 20 34 199 0 41 40 112 32
181 206 199 30 154 35 70 184 18 202 96 232 115 224 185 49 17 102 100 46 233 192 14 63 42 47 101 24 120 240 66 40
14 164 148 23 153 87 22 200 150 183 0 1 228 226 75 139 145 94 232 50 54 83 155 59 41 71 77 111 130 116 45 134
94 172 150 50 145 246 22 172 51 183 10 17 110 226 107 208 145 95 161 50 54 193 155 63 171 86 21 71 146 119 140 6
32 32 140 141 75 75 160 72 54 164 224 11 130 128 64 128 120 204 98 1 8 115 219 16 29 128 15 57 65 40 15 130
44 160 28 153 203 207 49 200 22 180 224 10 68 211 96 128 89 28 226 16 2 83 75 29 93 131 13 125 16 8 45 130
48 32 140 173 79 79 160 72 54 164 224 11 130 129 64 0 120 204 226 1 8 115 219 16 29 0 15 57 65 40 14 130
78 174 148 50 177 183 22 172 55 191 2 17 238 226 75 220 145 95 160 50 54 80 27 63 171 215 93 111 146 119 141 6
80 0 135 93 8 66 33 104 118 128 226 64 82 225 160 66 112 100 106 40 9 243 139 12 29 34 231 0 32 104 96 32
14 164 148 55 153 23 22 200 150 191 0 1 228 242 75 138 145 95 232 18 54 67 155 59 169 199 77 111 128 116 11 134
165 92 223 94 168 103 70 184 82 202 98 104 115 241 169 59 17 110 100 42 105 224 186 46 40 174 101 16 233 241 66 40
81 32 135 133 78 74 32 64 100 160 226 66 208 130 16 242 96 196 106 136 1 211 151 64 149 34 143 0 40 32 99 32
117 52 142 87 136 6 6 248 82 242 98 68 83 240 145 43 89 102 96 58 185 243 159 42 40 174 101 4 233 248 112 16
32 32 4 137 75 75 161 72 22 176 224 10 196 192 96 0 89 220 226 16 2 83 75 17 157 131 7 61 49 8 45 130
236 230 174 20 137 58 84 168 241 182 166 9 194 232 87 155 145 100 232 34 100 227 207 8 106 51 69 31 194 116 94 70
125 239 232 78 158 35 71 248 83 234 188 238 83 97 191 52 31 198 84 110 233 99 173 62 122 142 229 188 255 251 210 33
6 172 188 251 155 99 151 201 22 183 69 18 80 253 72 10 89 95 177 144 50 80 235 179 105 7 221 111 177 115 164 162
105 53 26 74 249 253 82 73 169 11 125 56 126 243 140 176 159 179 198 42 3 3 122 95 119 221 0 123 210 198 202 163
7 176 133 31 186 159 2 216 126 241 64 204 244 240 200 180 21 110 122 60 163 80 255 63 136 6 45 252 154 100 3 181
174 110 156 183 203 33 150 166 154 190 0 187 236 111 67 139 133 83 163 83 100 84 75 234 111 83 93 35 128 125 143 139
0 27 59 185 32 192 51 82 60 76 70 102 189 215 161 72 230 59 46 82 195 152 162 227 192 244 50 200 16 153 37 249
220 219 151 255 139 112 126 148 53 23 227 183 109 103 40 223 231 215 173 194 57 217 187 225 155 243 86 67 162 215 165 50
36 124 47 179 236 237 191 210 150 254 184 239 244 237 99 9 205 123 215 167 160 103 122 184 71 3 239 188 217 123 21 243
118 98 132 165 172 42 68 136 107 182 130 201 199 40 81 26 131 197 108 23 12 65 205 0 156 242 205 54 164 113 22 4
13 59 27 49 32 130 163 210 244 72 126 100 149 147 161 0 104 40 6 202 1 188 32 98 196 133 34 0 104 161 35 177
174 237 137 182 215 99 151 230 16 182 8 155 96 36 72 131 89 94 145 35 112 126 232 174 45 7 221 55 133 125 150 234
60 55 243 76 227 248 118 67 245 143 253 32 74 247 171 148 248 248 198 32 24 179 162 136 179 245 5 139 227 247 238 199
254 237 104 6 203 49 134 231 16 167 140 155 1 168 91 3 9 206 193 231 124 42 220 34 120 5 140 127 231 127 154 142
39 53 170 193 221 255 247 85 197 237 253 14 66 252 126 36 216 236 146 124 157 179 116 140 127 93 133 115 219 110 252 246
34 60 254 94 205 255 244 115 249 206 252 31 106 232 55 27 169 230 199 39 228 227 22 234 118 63 117 155 219 124 250 223
167 126 126 86 106 63 124 208 57 186 116 124 90 24 151 59 175 253 87 110 229 246 160 104 22 203 117 162 77 241 74 137
60 6 188 187 164 47 217 90 86 191 121 115 223 105 187 73 223 75 23 55 188 244 73 156 204 207 115 212 211 239 69 195
53 10 3 161 52 11 99 82 20 42 219 102 19 129 160 96 120 140 14 106 73 183 37 10 240 132 32 4 32 139 80 160
202 173 180 85 147 178 188 175 58 183 10 145 236 42 6 143 49 95 161 145 118 216 149 239 45 54 223 71 131 84 141 14
73 213 59 108 168 76 61 191 236 90 46 68 221 247 136 114 167 87 124 136 193 9 187 67 233 255 126 204 8 240 161 121
85 111 207 58 170 160 206 220 130 156 153 237 97 235 249 27 23 99 109 255 202 67 142 49 240 233 239 188 189 243 171 81
220 252 248 90 75 240 50 216 243 218 117 40 125 215 203 190 55 249 246 218 131 70 186 243 95 207 99 107 107 247 47 179
116 160 236 5 172 27 96 136 107 181 134 185 195 40 222 30 3 196 108 29 30 97 207 16 156 146 69 117 198 236 218 4
182 236 172 183 215 179 150 230 18 182 76 155 97 100 10 3 25 122 129 131 120 252 90 47 237 71 221 35 165 127 150 234
139 182 152 155 251 181 184 95 31 93 85 247 172 206 254 68 223 11 151 21 182 14 126 215 14 93 58 239 158 140 137 221
29 19 180 179 183 47 117 153 87 187 127 119 207 121 139 205 255 207 55 61 184 240 73 140 204 223 117 198 254 239 136 129
31 60 222 119 226 47 190 208 60 234 123 126 223 122 133 185 191 127 151 51 165 240 25 104 212 207 123 134 233 115 11 147
167 181 42 200 253 223 247 117 205 204 254 39 82 252 62 32 216 106 95 113 244 163 48 174 123 29 37 219 201 42 244 215
46 63 243 92 251 249 22 91 167 204 252 233 42 253 167 180 222 250 198 0 158 186 230 233 55 244 36 171 243 246 230 215
238 237 192 22 209 56 134 167 16 179 8 155 225 104 91 133 25 78 129 199 124 126 220 47 110 102 93 127 231 124 154 142
170 191 186 122 251 249 181 231 191 63 188 57 46 191 102 154 175 91 207 16 50 107 10 243 251 215 118 251 210 80 175 171
11 23 158 174 239 191 54 119 13 103 221 143 239 232 34 196 222 227 239 5 149 155 82 184 182 215 94 59 158 94 137 223
88 36 4 45 27 91 0 40 22 180 130 139 195 112 2 193 89 212 238 32 44 193 93 29 137 195 71 23 112 44 12 6
111 117 247 0 232 127 111 144 171 255 187 60 94 228 207 62 183 69 126 126 149 97 186 96 63 26 69 246 194 247 198 117
214 164 148 31 155 87 150 168 182 182 134 9 78 98 15 215 145 87 232 34 124 193 91 63 187 98 77 87 211 100 13 70
47 148 151 186 237 125 158 205 143 83 249 95 238 248 58 136 223 131 254 35 159 163 90 247 144 247 90 26 217 79 139 150
44 55 184 88 237 253 149 89 218 95 189 58 220 253 191 42 153 123 199 43 176 99 122 210 85 31 99 191 211 123 199 227
1 2 206 93 8 2 33 88 246 168 230 226 81 226 176 98 120 228 106 140 141 241 239 12 84 170 227 0 33 168 112 33
48 32 132 165 15 11 160 72 46 164 226 139 135 128 64 130 104 220 234 0 8 242 219 16 149 192 3 51 65 8 15 134
52 6 239 126 198 66 71 248 80 166 242 234 115 105 145 27 91 230 100 47 232 243 175 46 120 174 101 128 229 248 118 96
70 184 150 22 137 215 54 200 190 255 132 1 204 246 79 14 145 127 233 18 54 65 155 123 137 22 79 127 130 116 47 214
17 32 15 133 10 10 233 64 238 160 226 102 209 130 208 114 106 196 110 140 1 209 133 64 148 32 171 0 40 128 99 128
125 160 239 117 142 74 101 168 118 242 194 226 83 229 208 66 121 204 104 44 41 240 239 8 92 171 229 4 229 232 114 240
78 188 148 158 233 212 180 168 154 255 4 25 236 246 75 207 145 119 235 19 54 65 154 241 13 50 95 63 130 116 141 87
93 149 124 239 175 46 125 57 108 26 255 112 223 119 136 114 119 151 253 168 185 16 59 198 237 239 103 196 186 226 229 49
58 183 224 187 183 191 91 95 31 109 221 183 143 204 190 132 223 155 143 21 158 184 109 151 238 213 191 211 182 142 148 213
222 226 174 186 170 96 125 216 182 94 215 179 93 199 106 90 119 221 237 150 8 199 171 98 211 227 255 141 160 243 37 115
43 255 67 69 117 157 238 254 105 232 124 204 170 37 149 182 14 106 214 78 195 248 180 239 46 94 36 170 79 221 91 189
78 172 164 31 153 214 150 166 219 215 66 17 236 252 23 229 145 127 177 3 118 216 251 255 45 54 221 3 146 116 157 78
245 167 233 78 190 19 79 248 82 234 188 238 83 96 189 48 29 198 124 110 169 227 45 63 56 46 165 180 245 250 82 97
43 149 66 72 241 159 254 247 117 72 124 236 75 229 182 180 94 170 150 108 213 186 116 159 62 93 4 192 79 142 234 221
40 32 28 153 75 79 161 72 22 188 228 10 196 211 96 68 121 24 234 16 2 115 219 17 93 130 7 63 80 8 45 162
96 32 8 137 79 13 161 72 38 164 240 10 134 128 64 16 104 140 106 128 8 115 211 80 85 0 3 57 65 8 126 130
14 172 148 51 185 183 54 168 191 159 2 17 204 226 75 221 145 123 225 18 54 88 155 55 47 87 85 111 130 117 143 6
16 34 135 77 8 66 33 88 246 160 226 66 81 163 160 82 120 196 106 136 9 241 167 8 20 162 230 0 32 168 96 32
12 176 150 54 169 215 52 200 150 190 64 9 196 242 75 138 145 111 232 16 38 83 155 59 9 87 77 111 130 116 15 131
53 182 223 94 170 34 71 248 82 234 114 104 115 240 137 59 25 238 100 42 233 243 175 47 56 174 101 148 233 249 66 33
81 32 15 133 14 74 104 64 108 160 226 66 212 130 16 114 104 196 106 136 1 209 149 64 148 32 171 0 41 0 99 32
78 176 150 150 169 87 20 168 146 186 2 9 196 242 75 142 145 127 232 18 100 65 155 48 13 114 77 127 130 116 15 135
101 180 143 117 222 14 102 248 214 250 226 102 83 240 145 43 17 108 104 44 169 243 159 8 108 43 101 4 233 248 112 0
40 32 20 137 75 79 32 72 22 180 224 10 196 208 96 128 121 28 234 0 2 243 219 17 93 128 7 61 49 8 45 130
14 188 148 30 153 151 22 168 63 183 68 17 110 243 105 212 145 90 224 48 54 192 155 63 43 86 85 111 210 36 141 6
32 32 0 141 75 79 160 72 38 164 240 10 134 128 64 2 104 204 234 0 8 243 219 16 93 0 15 57 97 8 14 130
78 172 148 58 153 151 22 168 62 191 0 17 76 242 105 220 145 91 161 16 54 64 155 63 43 86 85 111 146 116 141 6
10 24 170 155 53 213 146 82 30 78 84 39 172 220 35 128 218 59 151 67 134 184 106 187 135 85 186 131 20 15 61 223
117 142 199 62 154 2 70 184 210 178 98 236 115 225 185 123 17 102 96 46 233 242 143 63 96 174 101 16 249 240 66 1
80 34 134 13 8 2 33 72 246 160 226 70 80 226 160 66 120 196 106 136 1 209 135 12 20 34 227 0 8 40 112 0
94 160 132 22 137 87 20 232 22 190 64 9 68 242 75 138 145 126 233 18 6 83 219 56 25 66 77 127 130 116 31 134
16 89 179 185 48 196 59 82 30 204 94 102 188 151 161 64 230 59 31 208 139 136 34 232 193 244 186 130 16 129 37 251
81 34 135 5 8 10 33 64 108 160 194 66 208 130 144 114 104 196 106 136 0 209 135 64 148 34 163 0 9 32 115 32
101 166 134 21 152 2 36 248 246 178 194 96 83 225 209 75 81 100 104 60 169 241 143 8 56 34 101 68 224 248 112 32
29 29 87 97 48 174 99 82 244 72 126 100 155 147 161 96 102 168 14 92 139 185 16 110 226 237 34 0 106 241 96 49
149 15 91 97 52 175 99 82 116 8 254 102 147 1 161 96 114 172 14 126 169 176 37 12 230 173 35 0 104 137 112 49
4 172 156 27 153 223 22 168 54 183 64 0 102 242 107 212 145 122 224 16 54 80 27 63 43 22 69 111 208 32 13 2
49 142 231 62 24 2 71 184 214 246 98 204 115 225 185 81 21 102 96 46 169 242 47 63 96 174 101 20 249 240 66 112
94 160 132 22 139 195 22 200 150 182 64 1 68 226 75 142 145 126 233 18 34 81 155 59 137 70 77 111 130 116 15 130
37 180 199 85 156 2 4 184 210 243 66 244 81 240 217 43 81 100 120 40 169 243 143 8 40 42 229 132 173 248 240 17
113 32 135 29 74 134 33 88 118 200 194 8 80 228 224 114 81 108 106 12 15 211 239 21 29 34 101 8 80 0 50 208
32 48 6 9 75 75 32 72 230 32 226 2 64 130 2 210 104 204 234 128 0 211 211 80 21 32 2 40 0 8 35 130
16 32 38 21 9 75 32 72 118 180 194 1 66 197 34 4 57 76 234 0 0 209 207 28 29 2 5 55 19 12 4 194
127 149 194 174 221 61 127 221 31 69 253 143 111 239 42 212 253 202 247 14 30 3 122 227 255 245 6 91 187 207 248 214
126 132 196 37 139 95 148 168 39 182 134 137 203 124 14 215 41 213 237 163 108 193 223 29 187 227 205 23 99 116 14 70
111 61 243 18 233 251 239 211 251 242 59 232 94 252 213 191 167 247 246 30 245 99 190 226 63 90 69 238 198 247 199 245
97 2 143 156 40 129 1 88 198 156 176 232 243 224 160 98 72 228 110 12 8 99 239 17 144 50 99 24 16 168 114 160
100 158 237 127 232 131 205 184 214 210 160 236 243 229 153 123 31 102 104 142 171 106 239 61 108 186 117 188 253 240 84 56
16 32 12 165 9 95 224 64 46 164 226 139 199 2 66 130 40 204 238 128 12 243 213 0 149 193 43 49 96 8 15 130
238 87 103 223 229 90 109 185 29 206 119 230 202 109 189 237 95 252 191 106 233 244 127 200 38 122 199 134 31 254 252 117
158 183 104 187 181 191 91 223 31 109 223 151 207 77 190 0 223 155 159 149 190 184 125 183 239 221 173 247 182 207 156 119
92 118 235 227 163 96 95 152 55 207 223 163 77 231 203 88 119 223 253 146 10 210 235 242 219 231 191 141 167 247 36 115
111 231 241 71 241 92 111 189 123 75 127 112 72 119 158 244 119 206 246 174 243 82 237 215 62 127 39 238 111 246 234 229
139 247 124 95 246 29 254 253 251 78 124 236 235 104 159 164 63 194 214 110 231 104 188 255 54 127 54 131 79 222 203 221
40 160 20 153 73 223 176 200 150 188 198 8 196 210 98 132 217 28 234 0 2 83 91 17 29 2 7 63 82 12 45 134
6 168 148 91 153 157 50 136 190 181 68 17 236 227 79 140 145 91 225 16 54 88 155 119 15 22 85 111 146 100 143 134
80 18 207 109 74 2 97 120 118 128 226 230 83 227 160 114 120 204 106 136 9 211 231 12 84 162 227 0 33 168 116 32
117 22 207 124 146 2 71 248 82 162 230 236 115 101 129 49 31 252 100 42 233 243 173 14 248 175 101 148 237 240 98 49
78 176 148 53 201 87 52 200 182 178 192 9 204 242 66 134 145 93 235 16 4 83 219 16 29 115 77 63 130 100 15 134
117 176 143 53 142 10 101 248 118 250 226 102 83 241 208 98 25 108 104 44 169 243 207 8 92 171 101 4 233 232 114 33
6 172 148 27 153 215 18 168 191 189 64 17 236 242 110 157 145 95 233 16 54 80 155 127 43 22 69 111 146 36 143 6
30 91 170 187 54 209 147 90 158 77 92 167 172 220 167 192 254 59 159 1 135 168 50 187 226 69 170 131 188 15 61 83
49 134 199 94 26 2 70 248 82 194 98 236 115 224 185 49 21 238 100 46 233 243 175 63 40 174 101 148 249 248 82 49
157 31 87 98 48 142 106 48 229 72 247 100 95 215 161 113 102 180 14 218 233 157 33 110 178 235 34 192 42 131 97 49
238 54 225 235 185 98 95 152 55 239 255 245 201 231 203 212 95 221 189 178 171 150 249 226 239 245 143 143 166 247 38 115
139 245 124 79 190 90 254 253 127 127 189 188 249 124 158 51 191 199 222 238 245 97 173 255 62 127 103 135 79 214 235 213
31 92 111 250 46 211 31 112 133 204 222 167 125 223 163 225 110 177 159 227 229 131 55 252 243 227 170 128 62 159 52 115
239 31 111 223 172 114 126 48 157 74 215 246 249 255 183 233 94 247 191 234 177 135 107 239 227 251 234 152 30 253 56 121
