182 211 105 75 204 73 86 220 71 112 253 207 66 77 93 67 89 216 203 114 219 34 127 241 63 24 133 127 125 223 212 246
174 223 51 234 237 85 22 253 199 120 252 109 78 253 237 103 221 91 223 114 214 43 106 176 123 217 37 255 18 254 164 255
77 174 230 115 197 156 102 182 245 154 118 64 171 41 213 219 41 234 78 26 238 248 205 170 46 223 246 129 231 208 90 139
18 76 106 167 182 34 127 230 61 2 82 131 61 47 17 81 183 223 21 167 120 152 1 238 179 254 158 128 165 213 177 73
125 125 227 38 217 91 118 240 97 230 172 141 67 45 83 18 24 228 202 118 61 243 252 42 254 213 69 57 235 247 70 214
98 58 131 146 228 228 165 87 56 143 242 124 166 130 228 88 248 175 70 129 187 219 160 106 144 182 186 136 136 80 167 211
254 116 104 115 203 121 183 214 161 119 236 185 139 92 11 59 61 218 202 50 126 54 252 34 119 195 20 111 227 213 142 214
184 23 236 109 29 123 81 58 83 228 255 159 107 13 18 20 88 174 229 4 172 182 117 143 211 241 193 17 103 239 94 214
217 233 201 33 33 217 96 21 246 76 246 188 187 195 194 210 42 168 236 216 111 156 231 19 190 193 162 193 42 132 203 89
126 183 178 108 219 125 150 251 33 239 188 237 74 125 79 22 253 215 223 177 189 11 240 138 127 245 45 255 235 110 174 215
155 176 119 83 3 252 49 87 63 91 103 212 61 151 196 252 39 58 158 152 131 156 183 195 7 253 18 194 170 132 37 253
8 16 233 219 77 193 177 16 198 117 199 151 177 149 122 107 72 48 187 154 146 28 127 176 79 1 186 121 182 143 20 242
168 105 106 82 195 217 247 212 224 85 244 143 9 143 23 27 42 194 195 222 6 63 190 96 119 73 114 105 231 151 239 250
21 154 31 51 48 198 49 240 54 93 87 228 116 214 170 229 247 27 182 80 163 218 59 117 152 178 114 194 8 2 37 253
13 3 134 43 149 190 170 156 111 73 123 213 201 200 27 204 119 74 238 95 150 176 15 243 76 127 26 192 206 151 217 5
198 220 132 150 233 36 181 174 154 151 3 21 236 226 75 79 129 103 235 71 114 69 154 241 109 50 95 63 130 117 133 86
141 110 140 137 172 53 166 206 238 27 184 244 152 194 255 106 237 74 78 30 246 39 207 114 166 28 119 173 152 121 235 133
222 127 247 113 170 172 60 159 175 27 90 241 221 255 205 203 167 95 253 211 162 212 139 98 231 224 111 142 164 241 165 35
127 119 225 75 142 81 79 184 67 242 185 238 211 108 221 183 95 192 84 238 207 98 255 48 46 73 229 188 127 255 214 116
72 82 132 125 9 140 96 25 236 136 211 100 227 195 128 194 228 36 110 8 128 68 195 65 134 225 226 128 42 32 72 19
231 6 8 152 236 59 68 223 93 186 188 252 130 32 215 191 91 198 78 46 236 103 77 222 182 16 71 191 218 248 202 133
181 38 64 167 60 43 78 59 89 170 177 248 207 34 149 149 155 196 68 46 233 246 77 142 176 222 101 180 90 237 74 37
173 125 35 72 201 217 54 214 225 90 204 40 136 246 225 182 104 248 202 122 69 19 166 160 55 113 7 175 146 116 166 245
232 32 96 65 75 25 160 72 226 56 180 152 129 129 80 57 40 140 106 44 22 87 230 17 95 73 33 253 99 132 90 132
245 223 228 22 150 50 71 188 83 238 157 254 67 100 159 37 63 198 164 238 249 98 125 63 58 6 229 188 255 255 240 117
200 180 115 69 50 62 121 50 125 138 126 112 157 55 144 117 54 60 21 168 161 220 177 206 71 251 114 128 38 160 3 185
156 222 34 147 141 181 55 208 132 94 223 183 137 199 235 68 109 202 142 94 234 55 127 179 247 65 166 201 50 223 52 243
88 251 103 113 1 154 108 23 101 81 102 245 187 135 212 216 34 158 253 144 203 152 199 65 198 233 50 192 103 132 230 122
157 28 43 19 194 249 39 211 116 94 255 48 58 214 203 253 105 186 142 146 47 150 45 99 247 1 178 129 225 85 175 247
137 90 46 155 36 182 123 144 103 93 95 245 171 134 178 236 102 106 190 222 143 156 111 177 198 121 178 192 30 159 120 125
217 147 102 59 135 218 120 148 119 69 118 183 219 15 186 252 118 142 191 212 222 188 53 178 206 251 54 193 47 132 124 90
45 158 154 22 241 29 183 240 121 151 164 12 110 96 139 159 249 226 194 46 116 99 120 175 62 95 85 63 202 124 43 132
92 94 110 3 162 248 115 20 228 79 127 181 201 134 134 84 103 174 238 146 151 148 47 98 102 33 162 193 47 215 229 119
153 186 97 83 67 217 100 176 117 94 118 246 171 22 194 253 52 152 134 138 207 220 231 177 134 193 114 131 107 132 78 253
45 179 106 91 161 249 115 241 117 77 125 148 235 197 186 181 120 138 134 126 159 176 126 181 70 89 32 65 107 135 206 214
68 175 215 91 236 200 239 168 238 20 106 196 229 226 221 82 19 98 106 74 67 96 190 113 44 56 71 76 204 242 71 192
44 40 234 121 242 185 250 82 26 137 124 232 29 215 241 56 30 121 151 159 130 146 230 42 71 205 37 168 247 251 3 163
20 2 234 133 135 114 101 67 111 231 127 7 72 168 55 72 113 174 170 132 148 177 37 192 21 47 210 5 161 127 253 70
141 225 114 65 96 25 110 216 237 16 117 0 25 219 221 116 126 25 87 254 195 150 46 192 62 217 7 100 103 179 99 164
185 78 42 26 1 182 86 98 245 206 228 52 34 208 167 253 216 168 142 194 236 135 98 47 18 123 130 11 90 69 104 70
35 9 236 94 202 189 180 66 203 31 185 157 32 232 55 58 201 227 106 7 134 107 222 113 19 58 82 59 217 73 75 158
121 86 239 86 2 18 108 55 240 194 239 196 115 97 154 247 54 230 124 46 237 255 181 14 114 239 116 128 111 246 234 89
39 122 235 176 100 132 190 194 200 194 80 231 16 200 117 10 204 105 19 215 197 246 214 232 36 8 175 170 77 125 115 211
103 123 234 84 108 144 190 194 232 198 112 110 0 216 247 59 232 237 83 193 197 251 182 232 54 24 207 170 77 117 118 149
184 76 2 222 13 213 66 96 85 10 197 82 34 210 37 229 88 168 130 74 109 135 114 191 147 241 130 27 26 13 124 134
145 162 66 89 194 153 96 83 117 17 101 240 131 195 216 253 120 138 6 152 218 158 196 1 134 200 18 96 107 128 234 164
13 158 169 147 188 216 39 179 244 95 214 230 241 118 235 103 109 98 174 144 183 56 111 226 110 199 246 129 178 252 116 121
173 30 160 179 237 61 244 246 213 106 144 125 163 60 163 47 205 98 222 6 165 111 117 170 31 95 244 186 218 253 208 223
8 249 1 51 49 217 16 174 63 249 36 41 190 213 66 148 145 58 237 80 91 88 107 53 141 215 21 115 74 4 135 123
201 14 76 177 141 184 101 23 228 86 70 150 187 131 243 203 105 34 170 12 46 60 103 160 198 225 242 1 182 220 248 72
29 155 135 19 209 220 37 242 120 95 244 100 88 102 138 151 109 202 198 192 247 218 56 97 28 3 247 196 139 100 47 243
41 148 151 18 227 95 181 247 56 123 180 92 222 54 138 189 63 151 198 12 117 251 112 101 253 243 118 80 202 68 135 245
136 170 218 123 130 248 105 150 126 23 100 144 159 163 210 217 35 10 134 152 19 220 174 96 206 193 118 101 162 209 239 224
9 139 70 91 181 216 100 151 231 81 110 196 235 193 178 230 65 42 174 28 155 184 127 177 174 253 150 65 190 158 216 44
250 166 98 34 91 217 115 100 161 68 245 155 42 44 6 148 168 225 207 213 46 59 228 238 63 85 20 43 227 6 110 206
173 4 99 184 85 164 235 98 216 10 81 18 80 216 53 105 249 168 19 43 160 119 16 206 117 58 154 8 213 121 112 162
200 100 106 115 237 248 119 23 244 87 103 16 155 149 82 123 33 34 202 10 114 36 186 35 103 201 50 9 66 209 206 242
236 98 236 99 108 35 203 152 66 178 181 238 83 73 217 27 89 196 100 254 168 102 205 16 94 137 229 252 247 251 90 128
30 81 81 234 202 67 30 216 15 56 25 226 93 223 41 200 247 217 151 243 67 3 10 240 243 193 175 174 180 243 37 163
96 248 24 58 75 205 48 204 170 21 104 8 172 210 66 146 129 59 194 80 70 11 218 113 29 145 3 107 16 2 11 139
41 40 72 119 84 139 98 17 116 32 107 8 179 1 16 16 8 174 70 12 8 184 69 46 230 221 48 0 97 138 82 136
32 7 108 229 20 11 227 52 84 164 118 138 211 9 144 0 88 172 6 108 40 184 69 14 230 175 160 16 101 138 80 168
216 80 50 200 9 84 18 80 116 72 150 126 138 23 170 116 120 148 142 96 40 7 113 130 211 113 162 159 26 28 36 115
86 126 227 83 195 108 54 214 237 91 34 113 136 55 69 123 39 211 207 208 178 88 158 98 63 6 86 139 225 81 167 159
73 21 36 177 133 124 180 55 28 95 159 183 128 45 34 73 77 130 143 37 188 72 112 140 231 67 254 145 150 76 149 82
129 136 66 185 140 136 104 130 236 17 82 146 181 194 112 74 99 42 42 156 18 28 134 225 132 176 186 64 180 128 161 136
36 160 16 155 219 131 162 200 22 177 192 10 100 194 104 128 121 90 98 144 34 82 91 63 29 134 143 124 145 8 5 162
84 141 22 30 147 134 6 175 118 19 107 16 98 226 46 212 145 110 160 34 122 201 27 63 41 38 5 71 146 87 139 14
96 32 192 5 76 11 224 72 58 180 224 139 130 232 84 18 121 204 66 17 8 114 207 80 28 0 5 61 65 40 82 130
20 172 132 51 155 227 6 200 22 179 73 16 64 243 105 140 17 78 160 178 62 208 155 54 169 6 13 103 176 115 188 2
160 206 20 95 248 139 6 174 214 18 104 184 224 96 128 17 1 98 96 74 114 124 79 63 44 34 117 64 80 240 130 136
136 89 18 187 237 228 177 214 132 8 212 98 188 147 97 104 236 58 27 144 3 151 2 224 213 209 174 170 26 88 49 171
72 92 73 201 164 72 103 17 204 64 222 226 145 3 240 96 106 32 46 154 75 56 101 194 228 161 162 0 52 202 244 112
4 142 148 31 153 141 39 174 182 23 65 20 228 226 40 84 145 106 32 8 50 88 26 55 109 166 85 104 144 64 129 40
0 0 6 137 72 3 32 72 246 128 194 2 192 128 32 64 120 12 106 8 0 243 199 24 20 34 131 0 16 8 112 0
48 0 4 137 74 11 32 72 22 0 192 130 64 192 32 64 88 76 42 136 8 210 219 16 20 32 131 8 48 8 48 128
48 32 6 29 72 11 32 72 118 32 226 2 67 192 32 64 120 76 106 0 8 243 207 16 20 2 3 32 113 8 96 128
0 32 6 56 73 131 32 72 182 128 194 0 64 194 32 64 120 44 106 128 0 211 131 16 20 160 3 8 0 0 35 130
96 32 4 169 76 9 32 72 38 32 224 10 147 1 0 80 72 132 106 128 8 51 201 16 148 0 131 32 112 8 48 160
80 0 14 129 8 9 160 64 108 0 194 0 214 130 0 64 104 4 106 8 0 129 193 0 212 160 10 16 0 8 35 32
96 32 0 129 72 9 32 0 110 32 226 10 198 0 64 80 72 140 106 0 8 241 197 16 148 128 3 48 64 8 16 130
80 0 2 129 8 9 33 64 102 32 194 8 146 130 0 68 104 140 106 136 8 67 197 80 212 160 2 24 32 0 35 32
80 32 2 5 74 9 32 64 108 32 226 11 134 128 0 82 40 204 106 0 0 227 199 64 148 32 2 16 64 8 35 0
33 32 0 1 74 27 97 64 100 32 230 8 131 2 192 244 104 140 106 12 1 210 229 64 20 0 3 32 97 0 98 164
40 0 12 41 74 3 32 72 22 4 196 163 208 198 34 64 88 76 234 4 0 210 207 24 84 35 163 8 48 8 52 208
32 32 0 137 76 1 160 72 70 32 224 2 128 128 0 0 104 140 74 128 0 51 203 16 20 0 131 56 81 8 34 132
24 2 14 137 8 67 33 64 164 4 198 134 208 131 32 64 104 132 106 128 8 147 193 64 212 35 162 1 33 0 37 160
96 32 0 137 76 9 160 72 206 32 224 10 128 128 64 16 104 140 106 0 0 115 65 16 20 0 131 56 81 8 66 128
80 32 19 137 74 73 33 64 100 32 194 2 210 146 0 86 96 196 106 8 1 211 181 64 213 32 34 0 32 0 37 32
80 32 2 129 74 9 32 64 108 32 226 10 134 128 0 80 104 132 74 0 0 243 193 64 148 32 2 0 96 8 3 160
97 32 1 129 72 13 96 64 104 40 224 76 150 2 0 208 104 140 106 8 1 195 209 64 148 0 3 56 72 0 98 164
1 34 6 137 8 7 32 72 214 136 194 2 64 192 32 64 120 12 106 8 0 227 203 24 20 34 131 24 16 8 48 128
32 18 14 137 74 131 33 72 22 4 196 167 208 198 162 64 88 108 106 4 0 195 203 16 84 34 163 24 48 8 54 240
80 48 6 5 75 78 32 64 230 224 194 197 210 132 0 82 104 204 234 0 8 211 215 0 149 32 3 0 32 0 38 18
97 50 6 1 72 15 33 72 98 168 224 76 144 192 192 214 104 76 106 8 1 195 203 16 20 0 33 56 72 0 122 144
64 32 3 129 74 73 32 64 108 36 226 14 134 128 0 80 104 140 106 0 0 179 209 0 149 160 2 0 97 8 7 2
96 34 1 129 72 13 96 64 104 32 224 76 134 2 0 208 104 140 106 8 1 18 209 64 148 0 3 56 72 0 98 132
140 122 99 115 72 233 224 86 230 63 243 124 139 129 209 153 41 12 78 74 166 124 205 50 6 240 50 233 107 145 215 151
245 191 236 87 146 50 207 184 82 226 188 255 83 108 159 49 127 198 52 238 253 246 125 62 250 143 229 180 237 251 210 117
137 36 122 103 96 62 123 54 125 138 127 48 249 59 148 112 183 255 117 168 160 188 161 207 70 255 48 128 110 193 106 169
158 158 34 251 169 189 62 218 53 30 214 215 139 229 121 205 253 26 143 46 174 22 107 179 247 75 246 143 178 221 52 247
28 54 174 83 162 248 52 215 116 91 255 177 218 255 171 121 253 154 223 144 190 209 43 98 247 111 118 131 227 208 174 147
200 232 98 123 33 152 106 148 117 17 119 177 171 135 220 245 119 250 191 202 250 28 207 241 198 249 22 193 102 151 234 56
219 19 108 211 7 222 121 16 53 93 215 183 75 93 222 125 124 140 191 222 142 144 111 192 206 121 192 195 47 142 124 87
60 218 184 22 65 221 145 248 123 221 180 13 110 236 75 28 221 226 230 84 142 103 126 171 219 215 117 179 202 109 102 223
155 178 105 83 34 88 121 81 117 94 119 182 43 158 222 249 126 152 182 134 207 148 175 209 151 201 242 135 103 132 110 253
47 63 106 72 241 253 247 216 229 92 252 173 90 221 191 52 93 218 215 126 159 179 126 244 119 25 37 207 219 255 246 247
60 126 194 125 50 187 122 210 22 137 124 230 187 203 241 128 62 121 151 216 138 190 68 42 226 205 165 160 255 249 107 137
72 191 67 92 124 201 235 184 238 208 120 204 249 238 221 210 51 233 110 168 163 96 190 223 45 52 39 168 92 162 71 241
30 27 171 132 213 226 179 64 166 205 223 35 10 236 103 64 248 238 131 209 25 187 178 192 81 37 130 3 129 111 116 242
157 100 115 65 75 66 234 200 252 146 240 18 25 203 253 240 123 201 86 250 96 183 46 218 127 201 167 164 103 177 99 128
29 140 103 249 150 243 75 176 84 85 199 130 215 71 184 101 83 160 62 254 57 145 125 190 234 239 227 196 182 139 48 96
41 194 135 57 224 115 164 206 94 215 120 240 137 232 248 168 219 75 162 85 151 248 38 34 44 239 126 64 213 92 163 205
121 133 231 78 2 86 111 49 113 67 235 196 115 103 154 119 118 198 124 174 237 243 181 15 50 239 242 0 111 230 226 124
35 122 235 81 100 194 169 66 120 236 112 102 56 156 247 40 238 125 19 209 129 254 164 232 68 9 190 128 205 113 119 249
41 94 28 223 109 189 16 122 85 14 228 14 162 208 39 237 201 58 130 2 238 238 106 191 7 115 80 59 26 93 88 159
137 165 78 91 129 249 101 71 117 87 101 180 139 130 246 221 105 138 134 156 63 156 110 17 142 217 210 69 255 196 234 212
139 252 16 19 57 221 48 239 63 241 12 28 174 151 78 180 135 27 218 92 119 92 250 247 175 89 21 127 74 4 139 254
25 184 172 21 96 158 49 115 118 216 116 229 248 118 130 117 247 186 222 132 167 216 63 93 94 75 103 194 139 164 111 247
9 144 183 80 97 31 176 241 121 123 176 120 222 54 136 189 175 145 94 12 183 251 32 65 31 218 118 214 194 4 3 167
12 175 238 115 129 250 120 150 119 87 110 145 139 167 210 124 35 234 166 158 30 216 47 240 206 221 22 65 226 213 238 214
134 142 140 211 193 120 188 167 190 55 6 145 236 46 76 203 135 87 177 144 54 220 75 227 47 51 223 71 128 84 141 30
186 113 111 74 235 83 22 69 137 92 253 185 42 157 38 148 236 211 215 66 93 175 104 234 51 17 4 219 67 159 238 215
22 91 19 232 170 131 14 218 15 168 152 234 29 215 233 200 126 253 159 243 73 19 0 216 176 196 175 244 188 177 33 33
72 223 106 18 209 148 119 247 228 76 238 165 169 206 146 84 104 226 206 204 238 27 244 255 254 101 166 203 43 150 238 94
141 183 67 13 117 223 166 249 254 200 124 229 233 236 183 164 63 104 198 103 229 176 62 223 46 93 39 140 95 110 75 213
204 188 122 114 201 252 118 183 252 87 103 21 155 255 107 91 35 82 203 10 50 101 186 50 103 203 118 73 234 209 239 242
125 117 105 110 142 83 70 248 64 226 184 110 83 120 249 51 89 212 76 234 205 99 191 42 250 201 229 60 125 251 242 32
44 20 54 252 213 102 181 99 88 19 112 10 24 185 53 41 217 187 130 33 32 242 16 204 85 154 210 11 213 120 101 130
13 71 90 115 116 138 98 240 252 9 115 64 255 193 184 16 178 40 70 110 32 164 8 111 230 237 34 0 96 131 203 129
168 68 74 115 52 139 99 52 252 4 119 8 243 73 184 65 16 36 6 110 96 180 68 46 230 191 32 64 68 139 80 168
38 118 35 81 225 44 180 87 112 27 240 117 8 56 133 57 253 26 87 0 165 247 16 206 22 94 242 130 201 85 227 151
194 156 148 211 201 114 180 143 190 115 70 16 140 54 76 239 161 87 251 144 55 220 179 226 15 50 222 71 130 84 141 174
186 158 116 92 47 217 81 254 215 87 180 186 43 156 190 191 47 210 236 66 238 111 38 179 83 251 80 187 119 157 78 79
94 249 182 114 211 140 55 198 175 29 162 32 168 190 69 218 167 211 255 208 130 89 138 96 188 222 86 74 225 84 35 11
13 237 234 11 162 250 111 150 126 70 126 164 155 166 147 120 55 202 150 222 215 156 45 114 230 77 54 132 231 215 169 248
4 172 148 27 153 223 54 172 182 23 64 17 230 226 42 213 145 106 160 18 54 88 26 63 41 54 85 111 210 85 141 14
137 16 18 185 45 133 48 82 132 26 148 118 188 215 96 79 204 18 158 128 67 11 82 192 213 208 186 186 26 72 49 131
73 142 33 217 100 168 105 19 204 17 88 212 181 2 176 96 75 34 14 12 145 24 102 181 196 187 242 72 60 201 209 168
48 32 150 29 8 131 0 72 246 176 194 0 98 192 32 0 89 76 106 0 2 211 207 29 8 2 5 36 112 8 50 128
16 18 134 61 10 131 32 104 182 140 194 68 64 224 32 82 112 108 106 32 32 211 139 28 24 162 101 2 104 0 42 132
96 32 2 137 74 9 32 72 102 32 226 10 66 128 64 80 72 140 106 0 8 115 203 16 20 0 3 56 112 8 16 128
64 32 6 161 74 11 32 64 102 32 194 138 198 128 64 80 104 140 106 0 0 241 197 16 148 0 3 48 96 8 18 130
80 32 6 1 74 10 32 64 100 32 194 130 194 130 0 82 104 204 106 0 0 209 197 64 148 32 2 0 96 8 35 128
97 32 2 0 73 25 160 64 230 160 224 8 2 128 64 240 104 140 106 0 12 115 199 16 21 0 3 57 65 8 114 164
0 32 6 137 72 3 32 72 198 0 194 3 192 192 32 64 104 132 106 4 8 195 207 16 148 34 131 24 16 8 48 0
56 0 4 169 10 11 160 72 6 32 194 131 193 193 32 64 104 12 106 4 8 209 199 16 213 33 131 16 48 8 16 128
156 102 115 121 239 115 255 90 245 206 247 50 73 207 243 237 123 129 206 170 101 231 45 218 86 207 183 133 103 117 109 243
43 125 171 142 117 228 147 86 26 193 220 167 184 252 103 224 220 251 147 65 139 170 242 235 113 53 138 10 156 95 52 251
42 91 177 47 105 249 149 238 79 79 124 161 174 237 39 212 222 59 163 5 134 42 99 177 71 119 80 187 210 94 4 255
207 150 108 85 139 30 180 184 229 222 183 55 201 125 155 207 109 100 238 230 228 101 111 220 78 123 247 151 107 180 76 87
93 11 111 241 182 243 107 178 213 236 222 98 81 39 179 100 99 164 62 248 153 145 37 188 202 207 227 196 182 169 116 97
81 133 239 110 18 70 107 57 113 73 255 196 115 110 158 114 50 196 124 238 189 243 173 77 114 238 226 128 109 162 98 117
41 27 184 143 109 253 145 78 79 77 124 7 170 232 39 76 204 42 162 0 134 42 122 177 71 119 80 59 210 95 92 223
159 189 110 27 137 249 117 215 247 95 247 181 139 230 246 255 105 170 206 158 191 220 111 179 239 219 246 195 251 213 236 247
67 162 151 82 104 91 56 117 249 25 241 104 204 218 140 191 175 21 94 16 129 83 138 196 30 250 122 234 202 130 43 133
26 59 103 241 23 215 187 82 252 204 126 103 25 159 55 128 62 57 151 209 164 185 52 238 107 207 190 193 231 21 103 219
43 244 56 18 217 157 48 239 191 127 20 29 140 154 78 189 133 11 214 20 246 94 250 213 255 83 21 255 74 4 139 223
27 240 238 117 34 218 49 126 247 213 247 180 185 246 134 239 111 120 255 204 149 216 63 249 206 75 115 131 110 165 45 253
6 189 238 83 129 249 119 215 239 85 126 132 171 231 222 54 105 250 134 152 159 184 126 243 175 28 151 67 234 198 230 254
146 91 3 225 114 3 45 214 28 160 82 230 157 135 225 196 102 189 31 220 65 157 0 222 188 132 175 164 60 184 1 177
42 252 21 58 121 221 176 239 187 123 36 9 174 215 74 157 169 27 194 0 99 126 58 117 29 211 85 111 82 4 143 255
157 198 90 41 50 10 98 248 125 0 115 100 95 67 139 16 50 65 78 110 229 165 5 79 240 239 34 68 104 177 107 129
140 70 94 100 116 42 99 184 124 14 119 80 215 97 185 65 50 64 6 110 32 180 9 111 198 251 96 4 70 187 81 32
15 62 183 81 161 61 181 214 254 95 250 116 152 62 135 175 239 91 222 145 177 248 121 240 44 95 126 198 203 85 167 253
74 251 160 119 121 156 63 149 171 157 180 164 233 230 198 214 237 243 239 144 194 72 234 243 172 221 191 171 2 22 39 255
161 129 73 211 212 153 106 180 84 64 214 234 179 101 176 116 120 250 14 232 187 184 100 175 238 207 166 128 182 200 80 176
223 31 46 241 54 222 123 50 157 236 94 230 29 151 179 228 38 61 191 78 225 153 33 252 246 105 171 192 54 141 29 113
104 154 248 222 101 157 211 206 95 45 244 14 42 216 126 196 217 154 167 1 142 58 250 179 23 125 16 59 87 8 92 79
42 184 20 18 233 221 48 238 171 123 45 9 140 214 74 188 141 27 194 16 87 78 186 245 31 83 95 111 82 6 143 223
157 94 95 41 50 58 123 250 125 66 246 196 31 2 147 113 54 141 78 238 225 180 53 79 240 171 98 4 105 177 43 113
157 14 93 101 38 42 97 218 125 22 118 118 31 33 145 75 35 68 46 44 161 244 37 78 214 235 99 4 238 249 97 33
10 247 179 183 105 220 191 189 175 92 61 101 237 222 206 150 205 107 255 150 199 72 234 243 175 213 175 170 74 22 39 255
