117 44 199 87 196 34 103 248 82 242 198 86 83 97 153 47 121 110 96 58 185 243 255 42 124 46 229 4 231 249 240 32
16 34 10 5 66 195 32 72 118 160 198 40 80 192 128 16 121 108 106 136 8 211 143 14 92 38 33 9 97 0 46 160
0 32 134 29 74 139 160 72 246 160 66 64 80 224 96 2 56 108 98 0 3 211 138 17 20 34 33 32 72 32 35 160
17 48 7 1 66 3 32 72 230 224 226 96 64 144 192 150 104 76 106 128 1 211 143 16 28 34 33 0 97 0 42 128
32 32 14 25 72 27 160 72 226 176 192 8 208 192 192 114 41 76 106 0 2 211 239 17 92 2 5 61 64 0 2 132
80 34 6 5 75 11 32 72 102 164 194 141 194 160 2 82 104 204 234 0 4 211 215 0 21 32 1 1 96 0 38 210
96 32 6 1 74 11 32 72 102 160 226 8 66 128 64 80 104 140 106 8 0 243 223 16 20 0 3 56 97 0 98 132
96 32 7 1 72 79 33 72 114 168 226 12 0 192 64 80 121 76 106 0 1 211 207 16 28 0 5 56 72 0 118 144
64 32 134 5 74 10 32 72 230 160 194 136 194 128 0 82 104 76 106 0 0 211 135 64 20 32 3 48 64 0 35 0
69 44 143 23 148 138 100 96 244 162 66 64 113 224 17 107 113 102 104 140 33 217 133 40 44 34 231 0 161 240 114 32
121 34 16 160 41 29 64 16 107 172 178 76 223 3 66 146 133 197 108 12 140 98 201 16 218 217 37 48 74 128 66 1
64 136 143 223 12 0 101 172 118 19 194 66 241 224 184 99 113 98 42 136 34 217 15 45 20 34 214 8 48 104 113 40
177 199 31 62 146 11 71 253 84 3 239 124 115 97 168 81 25 198 32 42 121 247 13 63 240 166 117 20 121 250 226 8
52 160 4 185 202 195 160 200 22 176 192 11 212 194 96 64 121 152 106 144 2 83 75 17 93 130 143 124 49 8 5 130
20 140 146 30 155 130 7 172 118 7 66 16 102 243 40 212 17 74 32 42 50 200 11 63 169 166 85 78 178 98 161 40
181 167 15 58 144 163 71 249 54 35 235 92 83 96 168 81 81 206 0 110 123 215 9 63 184 167 37 84 120 35 162 0
52 164 198 161 214 11 224 200 22 176 96 66 81 131 96 0 121 204 66 184 50 242 9 28 124 130 167 100 241 104 82 130
53 38 131 37 144 42 7 200 118 162 202 74 83 224 65 8 121 236 40 58 41 210 205 10 184 166 165 36 160 123 50 128
100 46 143 23 204 50 166 168 210 146 66 66 112 224 241 75 89 102 104 62 225 225 175 42 40 38 229 12 128 121 112 32
83 32 135 133 10 10 104 64 172 160 226 66 204 130 80 86 32 197 106 140 1 209 133 64 156 32 143 0 40 0 35 4
64 0 142 29 12 2 164 104 246 130 194 66 112 224 32 102 120 100 42 168 41 241 139 13 21 34 199 0 17 120 112 32
20 164 128 151 155 39 6 200 22 183 64 17 68 226 75 10 17 78 161 178 50 80 155 58 41 6 77 47 160 113 181 130
165 206 30 94 248 131 6 190 214 18 96 88 114 224 160 49 17 106 32 42 105 238 74 63 40 167 101 16 120 240 194 8
32 34 192 5 76 9 224 72 42 164 240 139 130 136 84 18 104 204 66 5 8 115 207 80 28 0 135 57 65 40 82 130
52 160 20 153 219 195 160 200 22 176 192 10 244 210 96 64 121 88 106 16 2 83 75 23 157 134 143 125 176 8 5 130
148 140 146 30 145 202 6 172 118 3 107 16 102 240 40 208 145 74 32 34 114 201 11 63 169 166 21 87 208 114 165 42
100 108 142 23 204 34 166 168 210 146 66 66 112 224 241 11 89 102 104 59 96 225 207 42 104 38 229 28 192 121 112 0
81 32 134 133 10 10 104 64 236 160 194 66 212 162 80 118 97 197 106 140 5 209 133 64 156 34 207 0 8 32 43 4
20 164 128 23 155 39 22 200 22 179 64 17 68 226 75 8 17 78 160 182 54 80 155 58 41 6 93 111 160 117 169 2
64 4 150 93 12 134 164 104 246 154 226 66 96 224 32 103 120 100 42 42 40 225 139 13 53 34 195 0 80 120 112 164
160 207 148 95 200 139 6 190 214 50 96 92 226 225 0 17 17 98 96 110 112 220 74 63 44 54 85 64 88 112 194 152
32 32 192 133 78 9 224 72 14 180 240 139 130 192 64 2 105 204 66 17 8 115 203 80 28 0 7 61 65 40 86 130
116 141 18 30 147 74 22 173 178 6 171 25 102 224 10 16 149 70 232 102 122 9 8 63 185 166 5 95 80 118 142 2
52 162 16 155 219 131 32 200 22 181 192 10 228 210 104 64 89 90 106 16 34 83 203 63 157 134 69 125 176 8 1 162
20 142 144 30 155 131 22 172 118 23 104 16 102 224 40 84 145 74 160 34 50 201 11 63 168 166 21 95 240 98 133 6
20 164 132 183 155 103 7 200 22 243 64 25 68 230 75 10 21 94 233 22 115 83 155 50 169 6 77 110 168 113 135 210
81 32 135 5 10 10 97 72 236 160 194 64 208 162 80 118 97 196 106 156 1 209 135 64 156 34 207 0 40 32 35 36
32 34 140 165 74 11 160 72 50 180 224 139 194 224 64 18 57 204 98 17 8 115 203 16 29 0 15 61 97 40 70 130
189 92 239 126 138 35 71 188 208 194 108 252 115 241 137 51 25 254 100 106 233 230 62 47 96 239 101 56 105 243 66 56
92 181 147 62 155 102 23 173 50 211 171 157 94 246 40 144 21 215 232 98 123 9 57 63 185 230 5 94 184 115 166 112
80 6 159 95 24 66 101 104 244 130 226 0 115 225 161 107 121 100 106 42 41 241 139 45 116 163 101 0 97 248 96 32
28 180 154 187 154 195 34 232 86 177 96 10 102 243 105 72 89 90 162 48 50 82 75 63 253 135 37 125 176 40 5 162
66 172 180 31 137 236 190 166 191 155 66 17 236 254 69 111 129 119 249 135 38 216 155 251 47 126 95 11 130 85 131 206
96 2 2 137 72 13 0 72 102 36 194 78 194 130 32 82 72 196 106 8 8 211 195 0 212 32 163 25 24 8 48 0
96 32 6 137 12 11 0 72 134 160 194 66 194 128 32 192 72 140 106 0 8 209 65 16 148 34 131 48 16 8 16 4
64 0 2 137 76 9 33 72 100 36 194 14 211 128 34 64 104 140 106 1 8 179 199 0 148 32 138 24 48 8 16 32
89 34 142 37 74 26 33 72 118 164 198 136 67 160 2 210 120 196 234 128 12 209 199 0 212 35 35 1 97 0 42 128
32 32 0 129 76 73 161 64 102 36 226 10 128 128 64 80 104 140 106 0 0 115 193 16 20 0 131 56 81 8 82 128
32 32 1 137 76 65 161 72 70 36 242 2 128 128 32 128 104 140 74 128 9 163 203 16 148 0 139 56 81 8 57 128
88 32 18 1 74 8 32 64 100 32 194 2 71 130 0 66 96 204 106 136 0 211 129 64 212 32 35 0 32 0 33 0
168 18 93 97 20 239 97 23 116 45 247 84 83 17 152 121 88 142 110 24 187 180 97 28 71 169 48 208 107 136 210 161
214 84 166 31 9 118 156 34 189 150 163 21 238 30 15 223 133 69 237 39 108 197 19 206 131 242 90 19 2 117 45 86
164 6 121 65 204 109 225 86 100 11 127 80 146 17 212 61 73 26 78 24 177 182 97 2 69 136 34 64 192 217 210 161
40 160 132 29 73 91 161 200 86 244 68 8 64 244 66 166 25 92 226 24 3 82 239 17 77 3 69 125 82 44 6 244
245 215 232 166 158 3 70 248 82 234 152 239 83 104 155 18 93 198 93 103 237 99 141 46 248 207 229 188 109 251 218 81
17 0 6 137 11 83 32 72 102 96 198 6 192 194 34 196 104 12 106 136 13 211 87 20 20 34 131 1 56 8 60 68
24 0 6 137 10 2 160 64 36 0 194 130 193 130 32 66 104 196 106 136 8 209 193 0 212 161 163 0 49 0 32 0
77 178 155 58 137 221 49 216 238 95 101 92 158 214 74 184 181 9 204 12 147 69 186 51 223 221 39 110 202 6 135 243
32 0 6 137 78 11 160 72 134 0 192 3 192 192 32 64 104 12 106 0 0 227 199 16 20 32 138 24 17 8 48 128
80 0 134 13 8 2 32 88 118 160 194 0 67 161 96 70 112 196 106 128 8 211 143 0 24 162 69 0 99 160 96 0
252 115 217 110 202 3 79 216 3 180 181 238 83 71 233 27 126 212 69 250 200 99 239 56 242 136 229 188 119 251 102 177
212 93 28 174 58 74 23 40 164 180 143 41 247 87 11 67 134 117 77 99 104 65 9 44 241 161 47 17 32 51 5 3
96 32 0 128 77 73 160 64 206 36 224 10 128 128 4 0 104 140 74 0 0 115 209 16 21 0 131 57 81 8 86 130
16 32 0 137 77 69 160 72 70 32 242 2 128 128 0 64 104 140 74 129 8 163 211 208 149 32 139 57 81 8 53 134
32 176 132 29 105 207 144 200 214 184 64 41 192 244 64 2 217 124 226 16 2 83 219 17 13 2 5 62 80 40 2 147
243 128 104 154 79 209 88 111 143 29 213 187 46 202 166 212 234 171 143 133 94 15 98 213 146 240 154 251 53 12 188 78
16 16 6 137 75 7 32 72 230 8 194 2 192 192 32 64 104 12 106 128 0 195 83 28 21 34 131 24 16 8 52 2
178 120 123 222 90 205 208 103 137 77 240 73 50 223 36 16 236 187 87 1 75 47 18 125 113 24 24 187 81 8 102 251
16 32 22 137 75 11 160 64 230 32 226 2 68 130 32 64 104 12 106 128 0 243 129 80 20 34 2 1 1 8 35 128
80 0 134 13 9 11 32 72 118 168 194 8 194 224 0 66 113 196 106 0 8 211 207 16 29 34 197 17 0 32 112 2
74 174 132 147 201 168 188 167 190 59 2 149 172 163 66 203 133 71 235 149 54 88 139 227 45 55 95 195 128 84 141 27
80 32 134 37 75 10 32 72 54 160 194 0 67 160 0 82 112 204 106 0 8 211 199 0 149 34 3 0 33 0 34 128
96 32 0 128 76 9 160 64 206 32 226 10 128 128 68 16 104 140 106 8 0 115 193 16 20 0 131 56 81 8 82 128
32 32 2 137 73 131 160 72 36 32 226 2 64 194 32 64 104 172 106 128 8 147 195 64 21 32 138 9 1 0 34 128
32 32 0 137 76 1 160 72 70 32 240 2 128 128 0 64 104 140 74 136 8 35 203 16 20 0 139 56 81 8 51 128
48 2 6 153 75 11 32 72 22 32 192 78 64 192 32 64 88 76 106 0 9 211 207 24 20 34 131 24 57 8 48 128
190 84 132 151 139 119 150 232 147 254 134 183 72 124 79 143 93 69 249 231 108 199 207 170 186 66 205 183 167 125 190 86
32 160 132 29 72 139 160 200 214 176 64 8 192 224 64 2 17 108 98 16 2 82 203 17 12 2 69 124 80 32 2 128
16 0 6 137 78 3 32 72 230 32 194 2 192 192 32 64 104 12 106 136 0 211 71 28 20 34 131 16 48 8 48 0
87 246 165 31 138 42 133 168 218 243 128 252 242 96 221 111 23 198 124 39 233 67 239 113 184 50 79 190 140 121 147 53
129 222 132 31 200 162 165 190 210 154 66 116 240 224 193 207 1 102 96 12 161 108 207 42 44 34 245 8 152 120 145 137
171 89 51 188 125 205 159 124 141 200 220 237 190 222 163 228 222 121 151 97 193 3 114 175 241 85 42 186 30 190 53 249
17 21 127 123 179 182 125 23 61 71 111 149 207 39 42 124 55 155 171 156 183 152 53 215 199 255 82 67 170 212 165 118
161 180 39 88 221 237 193 107 210 115 161 24 18 209 124 61 137 170 82 156 59 111 186 23 25 154 209 124 216 72 226 178
0 56 191 211 228 238 109 22 62 57 122 69 180 151 80 24 181 63 23 24 19 248 19 97 69 140 50 192 200 211 199 187
117 101 101 70 158 83 198 248 65 242 152 106 83 120 249 167 88 212 92 235 237 99 175 44 184 136 229 60 127 251 242 36
224 144 121 191 108 44 120 25 175 83 99 113 215 95 72 91 199 23 123 4 170 116 219 51 196 178 82 76 104 193 64 18
112 198 13 29 10 43 7 232 116 162 202 206 115 96 129 89 121 76 106 106 105 214 207 31 116 162 101 4 121 122 48 160
102 162 132 31 168 17 136 136 130 189 144 253 225 232 223 142 77 198 239 149 158 99 207 49 14 18 237 253 198 236 222 21
9 171 140 83 180 216 105 182 254 93 126 20 185 163 210 96 65 106 110 28 211 248 123 113 206 223 246 193 138 192 249 217
118 133 18 14 155 22 22 173 178 135 137 9 64 98 42 144 145 199 200 102 126 3 153 63 57 38 5 95 113 119 162 70
196 224 137 179 196 76 225 212 82 27 80 82 16 131 96 73 121 136 34 152 11 118 210 224 221 129 246 108 168 25 176 162
102 162 196 23 172 27 140 172 130 183 151 253 195 108 223 142 73 198 237 191 30 67 207 176 142 18 253 253 207 253 216 84
9 159 223 251 183 216 117 183 126 95 126 116 143 53 170 255 99 78 174 24 183 248 107 163 238 239 118 193 170 212 205 249
17 178 131 97 16 167 227 86 118 3 114 86 17 3 232 40 121 10 2 152 27 156 1 115 204 132 178 64 233 129 226 168
83 5 109 71 82 126 107 36 125 224 111 130 89 46 30 116 54 199 122 174 53 152 61 111 119 47 2 0 103 230 35 124
144 27 2 147 204 144 36 69 4 30 211 55 0 130 226 79 232 10 138 66 70 114 35 160 148 0 218 11 16 28 188 206
199 127 83 2 176 10 63 244 185 196 243 253 198 134 163 85 158 237 206 118 237 151 172 110 176 48 38 134 76 183 171 93
253 254 172 54 57 31 87 248 112 238 181 44 255 52 130 51 61 196 222 110 236 79 233 46 251 199 103 181 98 247 46 121
103 39 161 68 236 125 253 95 107 254 185 252 131 172 222 63 13 198 110 14 213 114 238 128 126 88 101 190 194 254 214 213
178 209 122 90 217 221 151 101 141 69 253 15 106 220 46 148 200 179 194 66 95 43 122 247 51 21 0 123 91 14 206 222
61 182 168 103 201 127 119 248 83 238 253 175 83 117 203 52 93 236 198 46 200 50 238 154 255 207 101 173 242 254 86 241
161 164 169 219 221 45 201 31 86 83 165 28 242 69 88 47 221 138 82 156 187 110 123 51 77 153 208 120 216 200 208 248
201 241 16 90 217 189 96 221 239 89 164 92 174 208 66 245 197 2 202 28 183 47 250 83 191 24 20 122 90 12 202 188
17 2 2 169 20 171 96 86 22 41 194 118 19 129 168 72 120 136 6 28 27 188 5 22 144 134 178 68 184 136 48 40
7 221 41 203 180 205 238 164 76 72 91 96 244 220 188 96 198 123 63 71 211 152 93 119 173 60 174 192 28 155 145 61
165 172 137 82 221 165 201 183 214 209 165 28 146 64 84 45 201 170 74 156 187 110 254 55 13 154 149 120 216 8 218 180
16 29 191 167 176 110 167 55 44 200 74 64 247 55 1 64 144 119 61 41 1 152 81 42 233 166 46 0 128 114 133 59
74 185 148 179 173 253 53 199 143 127 222 59 142 190 98 206 205 83 255 17 22 122 227 160 223 211 254 255 130 92 189 207
16 80 57 165 18 78 87 56 52 172 70 1 247 23 1 64 52 93 13 106 72 148 81 14 225 231 42 0 32 178 37 235
129 159 190 127 52 204 113 190 255 93 54 117 247 255 162 113 131 98 108 12 230 233 59 127 239 186 51 131 24 128 101 95
93 118 172 55 113 31 115 240 113 238 247 45 127 119 139 60 61 244 255 110 172 214 105 175 223 239 101 145 98 191 14 211
168 31 120 236 253 217 95 255 133 78 252 239 139 239 163 144 94 250 135 234 252 42 98 186 230 205 165 185 255 255 204 219
6 251 185 147 164 201 55 212 31 125 91 103 244 190 204 72 231 123 47 83 210 216 235 99 236 148 190 226 144 90 133 123
246 70 196 151 139 51 156 168 131 246 130 187 194 108 95 143 79 213 249 179 44 71 207 168 154 66 205 55 167 125 156 70
144 158 30 127 32 46 101 115 253 94 119 116 238 115 170 95 165 118 110 10 225 253 43 109 164 179 114 130 72 240 199 187
40 159 242 172 249 63 94 254 189 79 124 109 174 191 167 148 135 67 215 37 181 43 0 239 254 255 54 155 218 92 203 219
22 243 222 155 194 74 190 216 62 87 66 215 117 238 46 72 55 91 35 243 247 208 63 115 63 6 95 71 189 243 173 220
4 207 45 171 244 207 175 184 28 104 90 64 213 68 177 97 92 40 19 125 225 176 73 31 109 6 175 196 20 26 81 249
147 155 39 155 22 166 176 80 61 72 211 119 126 222 38 65 244 171 159 199 239 157 19 255 145 50 154 130 25 5 33 95
167 240 33 203 207 93 131 216 7 113 253 190 144 212 236 44 93 152 146 118 155 54 126 177 31 24 133 126 255 143 148 244
170 93 146 188 123 225 158 78 158 8 216 123 172 215 161 192 222 59 151 65 32 15 2 250 177 148 42 171 144 88 165 139
46 219 183 154 189 213 151 252 158 93 220 111 222 252 106 224 221 91 191 83 219 43 106 241 249 21 62 255 210 30 165 251
47 148 236 235 141 53 77 25 7 87 173 157 195 111 30 223 93 146 249 174 255 98 127 145 135 219 213 124 155 206 248 84
167 162 225 7 228 73 238 249 123 235 113 253 147 44 220 48 221 204 87 5 181 126 236 66 31 28 101 238 197 170 214 213
25 5 78 167 148 58 71 100 53 164 222 130 243 34 59 208 120 198 44 239 40 145 101 174 176 231 142 1 36 251 124 104
248 158 228 119 13 63 84 54 81 254 246 93 235 61 6 187 205 246 236 34 188 252 113 173 199 251 241 19 107 236 222 91
173 22 60 115 164 191 113 23 116 63 247 116 211 21 130 121 77 6 108 26 187 252 97 38 71 235 48 208 226 217 214 241
103 167 32 26 249 189 84 203 235 121 189 93 142 192 222 189 141 130 94 28 191 107 122 241 158 24 21 254 218 204 202 85
110 152 158 182 233 253 87 129 171 215 175 29 238 246 79 158 131 231 236 22 29 227 250 226 155 247 85 91 202 127 206 86
253 247 234 166 158 3 79 248 82 226 152 239 83 105 155 50 63 198 93 239 233 227 205 46 248 143 229 188 109 251 242 81
187 30 114 94 53 247 210 114 213 78 244 119 107 236 55 164 221 186 151 32 188 175 116 174 51 255 0 139 127 204 124 223
93 186 186 106 177 157 123 216 127 73 109 76 158 215 66 180 181 73 220 30 135 48 187 19 219 221 37 110 106 135 11 115
188 176 24 186 57 221 87 201 159 111 229 25 238 214 106 148 217 187 198 34 126 39 122 179 147 213 1 59 82 79 142 247
233 244 40 58 25 180 77 159 151 87 236 29 178 198 26 116 205 130 89 140 239 14 242 183 227 253 146 56 90 84 250 92
245 255 219 70 190 19 198 248 82 170 184 234 83 224 237 178 63 214 76 234 233 99 173 46 186 143 37 188 125 251 226 37
173 126 82 94 89 253 82 114 213 44 252 12 43 201 163 149 72 232 206 106 172 163 118 188 114 249 32 187 123 253 74 207
194 187 153 153 186 137 184 223 174 21 8 245 141 134 192 64 39 27 207 81 146 8 198 113 172 132 62 254 140 128 135 145
238 244 18 168 233 125 147 200 186 212 165 9 206 214 107 157 159 209 198 115 46 103 250 215 153 209 79 127 210 119 15 214
242 139 107 154 238 193 89 111 143 85 177 187 38 142 38 81 235 171 7 133 30 15 102 117 211 16 154 251 53 8 246 215
0 104 43 189 106 224 169 70 60 77 88 243 181 143 32 0 234 59 3 129 3 154 66 45 69 164 186 136 0 16 39 251
74 190 132 183 139 180 60 174 190 251 2 245 172 226 66 207 133 99 177 21 54 88 219 243 44 118 95 195 138 84 137 31
44 82 210 10 233 22 150 88 16 72 241 237 74 104 142 144 220 205 134 227 141 50 218 130 30 117 35 142 219 63 234 151
62 30 154 154 177 250 83 66 189 143 253 57 206 246 162 80 249 187 206 16 56 135 34 110 209 247 38 203 192 102 46 67
145 253 19 37 34 77 167 246 56 76 120 108 190 118 131 53 182 105 92 111 225 184 180 127 177 240 111 130 104 52 7 125
52 178 29 153 202 203 33 200 22 176 224 10 214 211 64 0 89 92 98 16 10 82 91 29 221 130 5 125 184 8 36 162
80 2 143 93 8 2 97 120 118 136 230 66 83 225 160 66 112 100 106 40 9 241 143 12 84 162 231 0 33 232 112 32
32 32 204 173 78 75 160 72 54 164 224 139 130 128 64 2 120 204 98 1 0 114 219 16 29 0 15 57 65 40 71 130
29 172 151 50 145 247 31 168 54 243 10 16 127 246 105 248 145 95 48 54 59 64 187 63 233 199 21 108 144 115 128 98
245 92 239 126 250 34 71 184 83 226 228 236 115 245 169 59 25 246 36 42 233 243 46 46 114 175 101 16 227 249 66 49
65 32 135 133 78 10 97 64 100 160 194 66 208 130 144 118 96 196 106 136 1 209 135 64 156 34 143 0 40 32 99 32
14 164 133 55 153 71 23 200 22 243 64 1 84 247 73 26 145 94 121 52 51 81 187 59 169 7 77 111 128 112 7 242
117 52 239 87 220 10 71 248 82 242 230 118 83 225 145 47 89 236 96 58 185 243 191 46 106 174 101 4 235 248 240 160
45 142 193 187 132 187 96 146 86 67 91 246 147 0 176 104 121 138 6 156 159 184 77 182 204 140 182 192 191 200 80 144
117 221 197 14 158 83 199 248 194 224 184 110 83 120 249 179 89 198 92 107 205 99 175 60 186 14 229 60 125 251 210 69
52 160 20 153 203 139 160 200 22 180 192 10 196 194 64 128 121 28 98 16 10 82 219 17 157 130 7 125 48 8 36 130
84 164 150 30 145 206 22 168 58 19 11 17 102 228 42 20 145 95 160 50 50 73 27 63 169 118 5 71 208 119 143 6
37 140 159 30 155 203 6 168 214 82 96 12 114 240 40 81 17 102 96 42 97 208 27 63 40 166 69 16 112 112 66 130
32 32 192 141 79 9 160 72 14 164 240 11 130 128 64 2 72 204 66 1 8 115 219 16 29 0 15 57 65 8 87 130
86 172 134 18 145 230 22 172 58 151 11 17 110 230 105 84 145 95 161 50 54 201 155 63 169 118 21 71 128 119 141 70
64 0 142 93 12 2 32 104 246 128 226 66 80 224 36 66 120 100 106 8 0 243 147 8 21 34 199 0 9 40 112 32
6 172 148 19 153 103 22 200 150 183 0 17 196 242 107 202 145 79 232 48 54 81 139 59 41 6 93 111 144 117 141 198
81 32 142 133 12 10 32 64 236 128 194 66 208 130 80 114 104 196 106 140 13 211 133 64 156 34 139 0 0 0 35 4
100 166 143 21 140 2 39 184 210 178 194 68 80 224 209 11 81 100 104 58 176 211 143 8 108 35 229 4 225 120 112 32
128 131 2 138 207 1 176 192 20 23 211 151 4 166 106 207 108 26 138 66 52 211 4 224 148 32 218 47 18 77 52 212
39 86 155 136 120 15 154 88 156 234 184 106 222 182 40 176 223 145 159 49 145 135 0 202 177 23 47 190 152 122 33 177
166 80 179 148 67 198 149 65 184 198 241 189 92 190 39 24 252 181 211 33 33 167 48 202 113 54 78 27 201 60 167 243
176 104 139 161 100 72 33 213 22 35 116 18 145 147 225 72 121 8 34 24 11 150 192 2 220 133 182 96 144 152 244 168
40 1 17 129 93 125 162 84 5 41 244 10 10 49 33 134 104 2 194 40 33 187 64 142 55 213 0 115 211 77 120 172
25 224 147 33 16 135 99 214 118 73 242 86 19 129 224 104 121 8 6 156 155 189 37 38 136 134 178 68 233 137 96 176
40 100 16 160 81 107 181 70 32 35 249 10 30 16 8 16 232 144 194 32 8 179 81 0 117 197 0 20 67 88 166 130
25 158 7 179 20 171 98 82 116 73 194 86 115 1 176 225 113 138 14 60 187 185 5 63 188 238 50 64 186 137 112 32
37 68 2 136 77 23 162 104 140 2 241 10 68 192 45 196 88 160 74 110 100 167 2 142 48 16 2 30 80 59 56 132
38 103 42 18 194 33 175 237 120 6 177 168 80 108 153 25 63 195 83 231 240 99 174 96 112 6 127 168 197 113 227 224
26 40 97 44 31 15 155 40 23 234 144 9 24 61 21 0 40 181 85 165 32 25 25 223 81 78 137 176 123 36 82 82
152 64 2 161 71 10 33 76 164 36 98 2 3 131 41 64 120 140 2 96 0 183 0 64 245 128 2 4 33 26 117 138
24 65 2 40 73 134 32 69 164 136 195 0 64 194 104 193 248 172 42 160 76 147 0 0 145 160 130 12 0 2 160 130
36 17 6 140 13 195 0 65 196 128 193 18 132 208 40 78 216 40 10 32 88 131 18 128 129 176 130 11 16 40 176 134
20 172 150 30 155 203 22 168 118 27 64 16 102 240 40 84 145 110 32 48 50 64 11 63 169 166 5 79 208 96 137 7
45 142 135 30 152 135 70 184 214 154 98 76 115 225 168 81 17 110 96 46 97 208 107 63 40 163 101 16 120 240 66 16
98 249 108 90 123 148 154 176 203 112 148 139 24 29 85 51 135 241 223 199 198 75 252 241 127 24 141 191 119 151 66 95
109 46 134 30 140 2 4 184 210 178 70 228 112 225 249 207 81 102 96 62 176 241 143 40 40 34 229 4 207 249 112 176
80 32 6 137 8 3 32 72 70 0 194 10 196 194 96 64 104 132 106 128 8 195 195 16 148 34 131 24 16 8 48 0
0 32 132 21 72 11 160 72 214 176 194 8 192 192 64 2 25 108 106 0 0 209 203 16 28 2 5 60 80 40 2 128
17 18 134 29 10 131 33 120 246 136 194 100 64 224 160 82 112 108 106 160 45 195 139 28 24 162 101 0 104 32 32 144
96 50 7 136 72 15 160 72 86 40 192 78 196 192 32 64 88 140 106 0 0 211 203 16 20 32 163 56 24 8 50 144
80 32 6 5 74 142 32 72 246 168 194 8 64 192 32 82 120 236 106 128 0 211 131 0 20 34 3 32 32 0 34 128
96 2 134 5 74 10 32 8 246 168 194 76 66 224 64 210 113 76 106 0 8 209 203 24 28 34 101 25 104 32 114 2
80 2 22 129 10 11 32 64 102 32 194 66 198 130 0 66 96 204 106 8 0 209 197 80 148 32 34 1 41 0 41 128
80 16 6 137 75 7 32 72 230 168 194 2 194 144 32 64 72 12 106 128 8 195 219 16 149 34 131 24 16 8 48 2
32 48 134 21 74 11 176 72 214 184 194 40 64 244 64 2 157 124 234 0 0 209 203 16 12 2 5 62 80 40 6 147
96 32 2 129 73 8 32 64 102 32 194 8 2 130 0 82 96 204 106 0 0 211 197 16 21 32 3 24 0 0 114 128
96 32 2 8 72 9 160 72 102 160 224 9 130 128 0 16 104 140 106 0 12 99 195 16 21 0 3 57 65 0 34 128
64 0 134 28 74 130 32 72 118 144 194 0 64 224 96 82 80 108 106 128 8 195 203 16 28 34 69 12 112 32 32 0
48 0 6 137 10 11 160 72 134 32 194 10 194 128 32 64 104 12 106 0 8 227 79 16 148 34 131 16 49 8 48 128
64 50 22 9 75 73 32 72 230 36 226 143 64 130 34 82 104 204 234 128 0 210 215 64 21 32 2 1 97 8 39 210
13 158 126 115 161 191 117 147 236 91 126 116 223 127 138 251 165 22 236 16 182 244 123 53 207 251 118 210 234 208 201 19
59 28 115 126 181 255 222 127 93 78 241 119 107 124 55 233 223 187 151 39 173 175 124 191 51 255 80 155 255 204 252 223
13 121 186 74 97 157 123 216 123 76 124 12 190 215 219 180 182 104 213 78 135 18 186 243 255 221 5 44 202 183 107 245
189 114 197 74 138 19 79 216 83 242 177 238 83 65 221 191 127 196 108 254 171 103 239 48 184 202 229 188 255 187 98 177
169 63 36 62 41 253 212 246 213 126 188 125 170 252 135 155 204 227 206 6 172 99 98 191 242 123 112 187 219 253 78 223
139 255 125 185 187 217 63 183 174 93 30 181 173 135 194 196 39 51 238 76 199 12 63 247 238 213 62 193 38 148 141 121
117 231 222 102 190 3 79 248 82 234 184 234 83 104 153 50 31 214 76 234 237 99 45 62 248 143 229 188 109 251 234 33
32 202 107 184 236 137 189 198 30 93 80 191 181 142 126 64 207 11 3 133 198 26 102 49 100 132 186 236 20 24 149 219
218 92 181 159 11 118 189 34 188 86 130 176 236 62 7 207 167 117 253 163 96 197 35 195 129 242 218 147 2 117 37 127
43 179 90 154 242 155 186 222 31 68 124 237 172 202 166 148 222 187 135 21 134 186 70 253 62 21 46 235 94 142 43 221
79 30 130 186 57 181 58 210 158 78 217 247 172 238 163 192 231 107 143 133 167 7 90 251 150 119 170 186 154 111 41 215
75 188 132 159 139 152 52 166 158 211 66 149 236 234 66 207 135 111 241 5 119 88 219 251 44 118 93 43 154 84 153 30
32 48 20 137 75 79 161 72 22 176 224 10 196 210 96 4 121 152 106 16 3 243 219 17 29 2 7 62 24 8 33 166
17 34 143 93 8 2 97 88 246 168 230 70 81 227 160 82 120 228 106 136 9 241 175 12 84 162 231 0 33 168 112 32
4 172 140 83 217 231 55 168 190 155 68 16 244 243 74 121 145 74 96 24 50 88 187 119 111 30 85 109 144 113 139 2
61 14 207 126 170 34 71 248 19 202 246 236 115 229 185 51 29 254 100 42 233 243 175 47 240 239 101 144 111 249 82 49
32 32 9 141 79 77 160 72 38 160 240 11 146 128 64 18 104 204 106 129 8 243 211 80 21 32 3 57 65 8 86 130
17 32 15 133 14 10 233 64 236 160 226 66 213 130 208 114 104 196 106 136 1 209 165 64 148 32 171 0 41 0 99 32
76 160 159 22 137 199 55 200 150 190 64 8 212 247 73 170 145 126 232 18 34 83 187 59 73 7 77 111 128 112 7 226
125 180 239 85 142 2 71 248 86 234 230 230 83 225 145 43 89 236 96 42 169 242 239 10 122 239 101 4 237 248 112 48
14 172 132 26 153 215 22 168 62 179 64 17 238 246 107 216 145 91 160 48 54 192 155 63 41 22 85 111 208 100 141 6
49 156 223 62 26 67 23 184 210 218 98 232 115 240 169 49 19 102 36 34 105 208 47 63 96 167 101 152 120 112 66 115
70 160 150 22 139 83 20 232 146 182 64 9 196 242 75 142 145 126 232 19 6 83 139 48 9 2 77 127 128 116 23 134
109 164 143 53 140 6 37 248 214 242 194 68 83 225 81 75 81 100 104 60 185 209 155 8 73 35 229 68 224 248 112 48
166 72 134 144 77 48 176 196 128 28 208 187 4 164 99 207 232 204 130 213 36 115 2 224 28 0 202 175 133 61 60 214
51 84 147 128 119 47 147 242 8 233 184 78 94 54 33 96 252 213 159 48 137 163 48 204 153 149 170 214 136 107 33 179
60 240 155 227 36 78 99 81 22 105 119 18 147 147 224 104 121 24 6 24 75 148 176 2 197 133 54 36 160 136 116 169
21 64 87 67 16 135 97 214 117 73 242 70 19 19 161 236 121 136 14 188 171 184 101 31 148 207 50 64 250 136 96 56
40 17 19 131 83 123 162 84 33 45 189 42 8 49 8 148 120 150 194 32 0 179 0 192 55 84 2 7 195 94 166 247
17 202 71 227 20 159 96 208 116 89 226 70 83 0 161 232 120 136 14 220 139 180 37 28 158 207 178 68 186 138 120 40
169 80 2 136 13 83 132 108 196 70 208 2 194 144 43 228 216 4 202 96 108 163 16 138 48 20 10 23 26 62 120 134
75 65 169 34 200 224 79 151 39 73 10 8 156 190 80 48 48 211 127 193 28 9 167 113 117 20 140 137 166 86 150 66
172 65 2 56 73 150 4 65 164 136 195 17 192 194 32 193 216 40 130 32 76 147 82 0 177 209 2 73 82 46 168 130
44 81 18 24 137 149 0 65 204 128 65 16 134 210 32 196 216 40 170 32 88 146 82 0 129 112 2 74 18 46 176 134
239 95 246 62 169 253 214 182 253 222 244 253 174 252 7 187 207 115 255 71 253 111 114 170 174 251 116 155 218 125 206 95
150 210 63 223 40 82 156 40 188 94 151 48 199 94 142 107 231 85 253 163 237 197 107 157 131 243 250 215 0 32 37 119
70 148 142 149 201 116 188 135 187 159 6 17 204 190 78 207 133 87 251 145 54 201 147 192 15 115 222 199 128 84 173 214
75 172 132 159 139 220 60 175 191 119 66 17 236 238 78 207 129 111 249 5 38 88 219 251 45 118 95 35 146 84 141 78
26 92 123 94 98 218 127 246 253 78 246 170 127 246 163 52 38 243 95 202 225 143 44 239 241 46 102 138 103 183 39 125
6 168 181 91 217 205 161 136 254 189 4 16 236 242 77 174 145 107 234 16 50 72 186 117 13 18 95 111 146 84 135 230
188 72 2 153 170 81 48 196 20 30 208 179 1 166 227 73 251 8 166 0 12 215 34 192 156 195 254 143 148 60 60 199
65 84 19 160 113 167 187 214 140 237 186 74 220 183 41 96 254 245 94 120 161 3 48 204 185 152 42 190 128 91 33 121
28 120 219 227 52 71 99 80 54 41 119 66 19 151 232 96 120 24 6 88 11 149 57 107 201 205 50 0 160 153 228 177
17 66 79 235 20 158 98 20 119 72 239 70 83 2 177 112 112 136 46 220 143 176 109 95 150 239 162 64 57 139 120 56
90 93 123 94 114 212 255 252 253 78 254 42 121 247 183 116 126 251 247 234 225 155 42 239 115 255 38 137 103 179 103 251
109 87 51 196 252 167 63 213 141 204 252 110 220 215 161 126 238 177 94 60 129 3 48 204 53 218 46 174 130 90 37 249
