52 160 20 153 203 203 160 200 86 180 224 10 198 208 104 132 121 92 226 16 2 114 75 29 157 130 7 127 144 8 44 130
52 162 20 153 218 139 32 200 86 176 226 74 198 208 104 64 121 76 98 16 2 242 75 21 156 130 7 124 240 8 32 128
2 2 6 153 94 131 160 104 150 132 210 231 196 198 34 64 124 109 43 133 4 211 142 222 20 38 203 130 29 12 49 212
16 32 7 13 74 75 161 72 118 4 226 2 66 128 32 80 120 76 106 128 1 243 215 16 21 32 2 8 97 8 39 160
96 50 75 133 78 11 225 72 62 224 242 207 83 193 68 80 120 204 102 4 9 242 211 80 92 10 37 32 105 40 66 176
64 0 135 93 12 2 101 120 244 130 226 66 80 227 160 70 120 100 106 168 41 211 139 12 84 162 231 0 41 104 96 32
32 50 89 237 78 11 161 88 86 184 240 238 81 201 212 0 121 220 98 129 1 242 203 144 92 138 163 36 93 8 114 176
64 0 150 29 8 2 37 104 244 130 226 0 80 227 32 66 112 100 106 40 41 211 139 13 20 162 231 0 9 104 96 32
32 34 123 201 78 9 224 64 127 164 112 206 16 137 116 16 122 140 103 128 0 242 197 208 22 152 163 32 93 136 86 128
105 50 16 224 45 29 80 16 111 40 182 76 159 19 2 212 132 132 236 12 136 34 208 144 195 217 33 48 74 140 74 3
49 134 159 191 60 131 99 248 86 137 82 98 113 227 168 100 89 238 46 188 43 211 11 191 248 166 167 8 52 168 48 161
81 34 159 133 10 10 97 72 236 160 194 64 216 162 208 114 107 196 110 156 9 211 135 64 156 34 239 0 32 32 35 32
96 34 89 229 108 9 225 64 107 164 240 168 139 8 84 18 200 221 110 1 8 115 192 192 148 152 3 48 69 8 71 160
96 34 142 13 72 11 33 72 102 176 194 8 194 128 0 82 104 204 106 136 8 83 207 16 20 32 7 60 8 8 50 160
65 34 150 149 75 139 232 64 254 160 242 2 204 226 96 246 122 237 106 136 4 209 135 204 156 50 143 1 0 0 41 132
96 34 132 165 74 11 160 72 54 176 224 139 194 224 64 2 121 204 98 16 2 114 219 16 28 128 15 60 105 40 3 130
96 34 196 173 75 11 160 72 62 180 224 139 130 224 64 130 121 204 226 17 2 114 203 16 29 0 15 61 65 40 71 130
36 160 157 169 206 75 161 200 86 176 208 170 215 193 192 96 91 220 106 24 10 115 79 153 220 131 39 52 117 8 17 160
17 34 23 157 78 143 161 72 254 0 242 70 249 194 160 96 120 236 106 140 3 243 143 197 20 162 130 0 105 160 99 132
73 12 134 223 69 158 98 96 246 128 70 2 224 227 160 198 112 110 106 136 32 209 27 239 20 166 199 8 10 104 105 128
112 2 6 141 74 9 32 72 102 164 194 206 194 192 32 198 104 204 106 8 9 83 207 16 20 32 131 56 56 8 58 128
9 140 23 191 29 135 38 248 86 26 98 66 244 243 40 225 249 122 34 138 43 211 11 255 161 230 195 8 18 40 32 128
48 34 7 173 75 11 160 72 118 128 242 66 205 194 64 132 120 204 234 128 0 243 203 208 20 160 131 10 97 8 103 130
112 34 202 1 76 73 224 72 59 172 240 43 2 136 68 16 249 204 102 1 12 243 203 80 29 0 7 57 65 8 94 194
48 180 23 187 93 199 163 232 22 56 208 2 116 211 40 64 217 122 2 32 34 83 91 191 189 134 143 110 16 8 37 162
121 34 16 33 41 29 80 16 107 172 182 77 207 3 66 146 133 196 236 28 12 96 201 0 202 249 37 177 66 164 74 1
32 32 30 153 77 203 160 72 158 160 242 2 64 195 32 64 120 172 106 0 4 243 75 208 20 161 131 33 57 8 120 130
96 32 6 132 73 73 32 72 182 160 226 10 64 192 96 16 120 204 106 0 0 211 219 16 29 2 7 57 0 8 10 130
105 34 144 108 45 29 80 24 107 188 176 77 143 1 66 214 129 196 108 12 142 98 201 145 147 249 5 62 66 140 74 5
81 2 142 221 12 6 101 120 246 130 226 70 81 227 160 66 120 100 106 168 40 211 139 13 84 171 231 0 41 248 120 0
32 162 21 152 74 195 161 200 22 180 208 171 229 199 232 64 91 216 234 129 2 115 207 149 156 130 175 189 21 8 53 177
98 34 0 40 108 13 200 8 171 188 176 205 130 200 86 18 201 196 110 5 142 99 202 17 156 184 5 188 65 136 82 133
81 32 151 5 10 10 96 72 236 160 194 64 208 162 208 242 105 196 106 152 9 211 135 64 156 34 207 0 40 32 99 36
81 32 135 5 8 10 33 72 236 160 194 64 210 162 80 114 105 196 106 136 9 211 135 64 156 34 199 0 0 32 99 36
65 0 134 93 8 2 100 120 246 130 226 68 80 241 160 194 112 100 106 40 41 211 139 8 20 162 231 0 41 104 104 0
81 32 222 133 10 10 104 64 236 160 226 66 222 130 64 118 106 197 110 140 8 211 149 64 156 34 139 0 8 0 43 4
17 0 7 157 12 159 160 72 254 160 210 70 208 194 160 228 120 108 106 136 1 241 27 220 148 34 203 16 24 8 121 164
20 160 148 185 203 139 33 200 86 176 224 10 198 208 104 4 121 92 98 16 2 82 75 21 156 130 7 124 216 8 41 130
64 2 159 93 8 6 36 104 246 130 226 64 80 224 32 66 112 100 106 40 40 211 139 9 93 162 231 0 16 104 96 32
32 34 197 173 78 11 160 72 30 176 224 203 130 192 64 2 121 220 98 1 2 114 203 17 29 128 7 60 65 40 7 130
52 160 148 185 219 207 32 200 86 176 224 10 198 209 72 192 121 92 226 16 2 82 219 21 157 130 5 125 208 8 32 130
81 32 151 133 8 10 97 72 236 128 194 66 208 162 80 114 104 196 106 136 8 211 135 64 156 34 207 0 0 32 99 36
96 32 200 173 76 73 224 72 46 160 240 139 130 128 68 2 104 204 66 1 0 114 203 80 29 0 7 57 65 40 71 130
88 32 135 29 8 203 33 72 230 164 194 0 66 193 32 66 104 108 106 40 0 209 139 12 20 34 103 0 32 0 97 128
52 160 148 153 219 203 32 200 22 176 226 10 198 194 72 4 121 92 226 16 10 210 219 21 157 130 5 125 176 8 40 130
113 32 200 133 76 73 96 72 111 180 162 11 199 130 70 82 43 204 110 12 12 115 205 80 148 32 3 61 0 0 75 132
64 2 150 29 24 2 33 104 244 128 226 64 80 224 32 98 112 100 106 40 32 211 139 9 29 34 231 0 16 104 112 32
32 32 132 165 78 75 160 72 54 176 224 139 130 192 64 130 121 204 98 1 2 114 203 17 29 0 7 61 97 40 71 130
83 32 18 161 13 28 104 64 239 32 162 0 143 130 20 244 226 133 110 13 4 209 213 208 149 240 11 50 64 0 67 4
33 142 6 159 29 147 102 232 214 14 194 6 96 226 42 197 89 106 42 40 46 211 11 191 160 166 195 3 26 40 120 132
81 32 142 133 10 26 104 8 239 164 162 10 207 162 64 246 106 197 110 136 12 193 199 64 156 162 199 17 32 0 43 4
81 32 135 5 8 10 32 72 236 160 194 66 210 162 84 114 104 196 106 136 9 211 135 64 156 34 207 0 0 32 99 36
64 32 4 129 78 9 160 64 172 164 226 10 198 128 64 80 104 140 106 0 12 243 197 64 148 0 11 49 96 8 17 2
49 32 6 29 89 139 34 72 22 160 198 0 98 192 32 196 121 108 106 8 11 211 91 29 28 130 1 32 120 40 40 128
80 16 134 29 72 6 32 72 246 128 194 4 66 224 32 66 120 100 106 0 9 211 223 16 21 162 71 8 104 32 96 16
96 32 5 13 74 75 32 72 134 176 192 10 198 128 64 82 105 204 106 0 8 83 207 16 157 2 7 60 80 40 6 128
96 32 2 9 72 11 160 72 118 160 226 8 194 128 64 208 120 204 106 8 0 211 203 16 20 2 131 57 65 0 51 130
17 8 143 159 13 214 97 72 246 192 198 2 112 242 32 100 120 236 42 136 9 211 191 239 213 166 194 0 32 40 112 166
80 2 6 137 74 8 32 64 102 32 194 74 66 130 32 82 104 204 106 136 8 211 149 64 20 32 3 8 33 0 35 0
80 0 134 221 29 26 32 104 246 176 198 2 194 226 34 198 120 228 106 168 40 193 203 29 148 34 199 17 10 40 120 132
17 142 14 191 20 131 102 232 22 6 194 231 227 227 34 64 89 106 42 4 46 219 30 191 160 166 211 0 56 40 56 216
56 134 30 189 93 131 98 232 22 140 116 35 99 225 40 64 121 42 130 32 42 243 11 159 248 231 167 15 50 40 124 131
89 34 24 100 33 12 88 16 33 168 166 77 159 11 66 210 134 197 236 12 12 96 209 0 219 249 37 49 106 160 74 3
32 32 6 9 72 11 160 72 54 160 226 10 192 193 96 16 120 140 106 8 0 211 223 16 28 2 7 32 97 8 18 128
32 32 2 137 77 11 160 72 22 160 224 2 192 195 96 208 120 140 106 136 3 243 219 17 21 128 3 40 89 8 34 160
96 34 193 5 104 9 224 72 59 176 176 233 130 128 68 18 57 204 110 0 10 114 207 81 28 16 5 60 65 168 66 128
24 142 14 191 28 131 98 248 22 0 82 102 241 227 160 64 89 106 34 8 42 218 10 191 224 231 179 0 56 168 48 136
64 32 14 5 74 11 160 72 172 32 226 10 192 130 0 82 104 204 106 136 4 243 199 64 148 32 2 1 64 32 43 132
112 32 88 165 104 89 224 64 106 160 242 137 223 10 66 146 234 205 238 129 12 242 213 0 212 225 43 49 96 0 75 130
112 34 65 161 44 9 64 8 47 160 178 205 199 0 64 146 202 196 110 4 9 99 195 80 148 176 1 56 72 136 74 0
32 32 7 17 75 195 161 72 230 128 226 8 208 194 96 64 104 44 106 0 0 195 207 16 21 2 3 24 97 0 39 130
64 18 6 129 74 11 32 8 102 164 194 46 192 128 32 80 104 140 106 0 4 209 205 28 28 34 3 49 24 8 52 4
33 32 88 169 108 9 225 72 111 164 178 141 143 10 86 16 202 132 78 12 12 99 199 208 148 184 3 57 68 8 66 132
32 32 14 1 72 3 160 72 118 128 226 8 64 130 96 80 120 140 106 128 8 211 223 16 20 128 131 8 65 0 34 128
114 0 134 140 79 82 64 72 173 132 226 10 202 178 4 214 232 197 238 128 12 67 195 192 149 50 202 27 34 36 46 6
98 34 64 173 44 9 72 64 45 32 242 233 135 2 132 86 202 197 110 132 12 243 197 192 148 240 2 17 72 8 74 4
65 2 6 29 76 139 32 72 118 164 194 2 194 192 34 68 120 44 106 40 4 211 79 29 20 34 67 0 16 8 56 132
65 2 6 129 74 75 33 72 230 160 194 10 210 128 32 64 104 140 106 0 1 210 77 28 20 34 35 48 32 8 16 32
16 34 14 13 74 11 161 72 118 132 194 198 210 128 32 70 120 76 106 136 0 243 215 0 20 33 35 0 97 8 34 160
32 40 7 137 77 203 224 64 254 164 242 11 192 194 32 80 232 172 106 128 0 243 155 80 149 2 11 33 65 8 103 166
32 32 20 29 10 139 160 72 86 176 192 72 192 192 64 134 89 108 106 0 9 211 203 16 28 0 7 52 88 8 40 132
48 34 6 9 75 195 160 72 230 132 226 4 192 194 64 66 104 108 106 128 4 195 207 16 20 2 7 9 97 0 46 132
80 0 134 29 8 2 32 72 246 128 194 68 194 224 32 194 120 100 106 0 9 211 207 16 20 162 231 8 104 32 120 128
48 32 7 141 74 75 32 72 118 32 194 131 194 192 32 66 120 76 106 0 9 210 207 21 20 34 67 48 48 8 32 128
96 0 197 141 12 75 97 8 46 32 210 170 211 194 128 70 104 196 110 8 8 243 199 208 148 48 131 48 20 136 54 160
80 34 135 5 72 11 32 72 166 160 194 11 194 224 64 210 104 236 234 128 8 211 143 0 148 34 3 1 96 32 39 160
48 34 31 189 74 195 161 88 54 132 116 98 113 225 160 64 121 120 34 136 3 242 107 93 85 162 99 8 113 8 39 160
8 0 6 157 77 139 160 104 214 32 226 66 196 227 32 196 120 108 234 40 32 241 11 29 28 34 199 5 90 40 56 130
97 32 14 9 74 11 161 72 54 160 194 200 211 192 64 82 121 204 106 0 12 83 199 16 28 2 135 56 97 0 34 160
16 0 151 157 13 215 32 104 190 64 194 2 198 246 32 228 248 100 234 0 13 211 19 220 145 50 203 3 26 12 61 150
83 32 88 160 46 9 104 0 111 32 178 10 143 2 4 84 170 133 110 12 8 115 197 208 150 184 3 50 44 136 11 4
32 160 134 29 9 11 32 200 22 176 192 0 64 224 64 0 89 108 106 0 10 211 203 17 29 2 69 52 48 40 2 128
48 32 154 157 79 133 162 72 22 168 226 2 116 210 32 64 248 236 106 1 3 83 219 159 149 38 11 62 16 8 35 130
81 32 79 165 10 74 105 72 63 96 242 207 223 34 2 80 122 205 110 133 13 242 215 192 148 178 163 0 40 160 33 20
96 34 212 165 45 11 64 72 111 164 178 137 135 130 64 150 130 197 238 0 12 113 193 208 148 176 3 51 64 40 79 4
32 32 3 129 77 9 160 64 62 160 224 74 128 128 96 128 120 140 106 0 0 242 193 80 148 0 131 48 81 8 82 128
64 32 135 13 8 11 32 72 246 160 194 64 82 224 64 194 113 68 106 8 9 211 195 16 92 34 199 16 64 32 48 0
80 0 6 137 78 11 32 72 118 160 194 2 192 192 32 64 120 140 106 136 0 211 79 24 20 34 131 8 48 8 48 128
97 34 1 141 74 15 160 72 46 160 242 206 198 130 68 242 104 204 106 4 13 243 215 80 148 32 3 48 73 40 67 164
17 2 215 93 18 130 170 104 254 128 226 70 77 226 164 196 114 237 106 172 33 209 141 95 148 46 107 4 9 32 41 132
112 34 72 161 44 73 96 8 111 180 178 169 199 130 70 82 106 197 110 0 12 99 207 208 148 208 131 61 64 0 78 4
112 0 2 137 74 9 32 72 102 160 194 138 146 192 32 82 104 204 106 0 8 115 199 16 148 32 131 56 49 8 50 128
89 32 71 5 75 90 32 64 238 224 226 66 203 130 64 246 105 196 238 136 13 211 221 64 148 32 131 48 107 4 43 4
16 32 150 223 11 202 32 64 238 168 226 2 76 210 36 118 96 100 106 136 0 209 131 96 20 34 7 1 0 32 101 6
64 164 150 31 24 131 33 232 246 148 66 0 98 240 32 114 81 108 106 40 32 211 139 61 41 34 69 0 80 96 36 160
113 146 142 29 26 139 33 184 118 184 66 40 80 224 162 101 81 108 106 56 161 211 239 28 28 34 101 52 48 40 20 68
81 146 134 29 10 19 32 248 22 240 198 174 96 224 226 86 81 108 234 12 13 83 239 25 28 34 69 61 122 44 56 84
40 176 148 29 11 11 33 200 22 180 192 8 192 240 66 4 89 108 234 16 2 211 219 17 29 2 5 54 16 40 38 130
65 0 142 29 72 131 33 72 118 176 198 0 82 224 162 114 113 100 106 8 1 211 239 20 92 34 101 12 64 32 96 32
33 134 223 157 126 131 99 248 86 128 198 198 113 225 160 96 91 236 42 60 168 243 111 159 108 166 231 28 52 168 112 160
96 34 73 165 108 9 225 64 46 160 178 200 155 136 84 18 202 204 110 9 8 99 193 208 212 152 35 56 69 8 66 160
17 34 150 149 9 159 168 72 254 132 242 2 204 226 50 230 114 237 238 140 4 209 135 204 156 50 3 1 2 4 43 132
56 32 6 25 75 3 32 72 118 128 226 8 64 194 32 64 120 12 106 0 0 211 215 16 84 128 3 8 73 8 34 128
97 32 93 137 78 11 225 72 70 176 240 202 211 128 192 114 73 204 106 8 0 115 207 144 220 0 167 60 85 8 16 160
16 34 6 1 10 9 160 64 102 164 226 74 194 128 64 64 104 140 106 8 0 241 197 80 148 0 3 16 97 0 115 128
112 32 7 9 72 11 32 72 164 32 226 74 0 194 32 82 104 204 106 136 0 211 131 64 20 32 130 8 96 0 35 128
1 32 7 137 76 3 161 72 246 0 242 66 208 194 160 224 120 204 106 140 3 243 239 217 20 162 162 0 105 8 97 164
9 8 134 159 93 146 96 104 246 128 226 66 224 226 36 196 241 110 234 136 38 211 11 237 22 178 199 3 10 36 104 132
17 2 14 177 78 139 160 64 126 32 210 198 213 194 160 64 122 172 106 4 5 240 135 208 148 34 171 0 44 8 121 128
32 34 7 173 79 3 160 72 54 36 240 67 128 130 0 196 120 204 234 128 0 242 203 208 20 160 138 8 113 8 103 128
32 50 74 169 76 75 224 72 59 172 240 43 6 140 68 16 248 205 66 1 0 242 137 208 93 0 7 43 65 8 119 130
32 176 23 185 92 135 161 232 22 176 240 106 228 209 96 4 217 88 2 0 3 243 75 157 29 130 79 46 81 8 37 163
81 0 142 29 74 2 32 72 118 128 198 0 80 224 160 82 112 108 106 8 4 211 207 16 20 34 99 8 104 32 58 128
1 160 142 29 24 27 32 200 118 180 198 8 64 224 96 32 17 108 106 16 6 209 235 29 28 2 5 53 16 32 8 132
32 32 30 189 77 203 48 72 150 160 226 3 64 195 34 64 248 44 106 0 4 243 75 156 92 163 7 3 24 8 56 130
113 32 15 133 78 31 160 72 46 224 242 70 214 130 64 242 104 204 110 4 13 243 213 64 149 33 11 48 73 8 99 164
16 0 151 157 15 211 48 104 190 64 194 34 198 246 36 230 248 116 234 0 13 195 35 220 149 50 203 19 16 8 37 102
40 34 14 169 78 11 97 72 22 160 242 207 215 192 64 80 120 140 106 12 0 242 203 144 92 1 163 40 57 8 48 128
73 32 67 137 73 89 96 64 109 32 242 200 139 130 128 244 106 140 238 128 13 99 215 192 148 48 131 56 73 12 107 132
80 32 6 5 73 75 33 72 182 160 194 0 192 224 2 82 120 204 106 128 8 211 199 0 21 34 131 1 0 32 51 130
83 34 6 133 9 13 104 0 172 96 162 77 206 2 2 212 98 133 110 140 13 195 213 192 148 178 139 16 8 4 43 4
112 34 88 165 46 9 112 64 109 36 242 205 143 2 6 82 162 197 110 4 4 113 197 192 148 240 2 19 96 8 79 4
112 32 65 137 13 89 97 8 47 32 242 136 195 130 128 246 72 196 238 8 9 67 255 208 148 176 131 56 22 12 86 164
48 34 6 9 73 11 160 72 118 160 226 72 194 128 64 80 120 140 106 0 0 211 193 16 20 0 3 32 97 8 51 128
117 180 143 85 140 2 37 248 118 187 194 108 83 225 209 11 25 100 104 56 185 243 223 8 72 34 101 68 233 120 112 0
112 32 81 161 44 73 225 72 111 164 178 137 207 10 80 20 106 132 110 13 8 99 199 208 212 144 3 48 100 8 67 32
77 176 140 21 203 87 21 200 146 246 4 0 244 246 75 42 17 94 249 18 38 67 187 24 77 35 77 125 128 116 23 210
37 158 206 62 152 34 70 184 82 202 98 236 115 225 137 59 17 102 96 42 233 241 143 47 42 174 101 16 233 241 66 16
81 32 74 133 12 8 104 64 237 164 178 10 207 130 66 82 106 197 110 136 12 67 197 192 148 176 131 17 32 0 107 4
81 32 23 133 15 75 160 64 238 160 162 0 206 130 20 214 34 69 110 8 0 241 149 64 149 178 3 19 96 0 1 4
114 34 0 165 40 9 64 8 47 160 178 201 199 2 64 208 200 133 108 133 12 99 199 64 148 176 129 56 72 136 66 4
4 172 188 90 153 247 22 184 54 251 4 16 244 247 75 60 149 94 160 56 50 208 59 63 107 7 69 103 210 245 135 112
80 2 143 205 8 2 32 72 118 128 226 66 208 227 160 82 120 196 106 136 9 211 131 68 84 34 231 0 32 40 96 32
17 14 14 191 20 131 98 104 150 64 210 199 115 224 162 193 121 234 42 44 45 241 15 255 160 166 195 0 60 168 120 128
16 0 134 205 13 26 96 104 238 160 194 2 192 226 34 70 104 68 106 40 12 209 211 204 148 34 195 17 24 40 121 6
32 48 21 137 75 75 160 72 150 176 224 14 196 192 96 132 121 12 106 16 3 83 91 17 28 128 15 60 88 8 33 128
65 34 135 5 8 10 32 64 100 160 226 66 208 130 16 114 96 196 106 136 1 209 135 64 156 34 135 0 41 32 99 32
61 28 206 30 136 34 7 184 82 226 102 204 115 225 137 11 25 102 96 46 233 242 159 46 40 111 101 16 233 241 66 48
20 172 132 18 153 231 6 232 118 179 64 17 64 242 73 24 177 78 32 48 54 80 27 63 169 134 5 109 144 113 138 2
32 32 140 141 75 11 160 72 54 160 224 10 130 128 64 130 120 204 98 0 9 115 219 16 28 0 15 56 73 40 10 128
80 0 134 77 72 10 33 72 118 128 226 66 208 226 128 82 112 196 106 136 1 211 131 68 20 34 199 0 40 32 97 32
112 2 76 140 76 24 64 8 46 36 226 43 195 146 6 210 232 197 238 128 12 67 195 80 151 225 170 25 16 8 126 2
88 32 28 165 32 91 112 0 46 164 178 137 215 10 66 82 162 205 108 129 12 240 197 0 196 225 43 17 96 0 47 2
88 0 28 165 44 11 80 16 108 40 182 41 223 3 2 80 130 133 108 13 12 160 193 0 194 243 33 17 32 136 9 3
32 32 156 137 75 11 160 72 86 176 224 10 198 192 64 0 89 220 98 16 2 115 91 17 157 130 7 60 113 8 41 128
25 142 15 191 20 135 98 248 150 128 198 70 115 225 32 193 121 106 42 44 41 241 27 191 34 231 227 0 56 168 120 144
1 32 7 29 65 142 160 64 254 192 226 69 76 194 32 212 248 237 234 132 5 211 151 72 21 32 139 2 8 4 35 212
120 34 16 100 33 12 80 16 33 168 182 77 159 19 66 146 136 196 108 12 12 98 209 0 195 249 33 49 106 132 74 3
32 40 26 152 93 207 177 72 150 48 208 10 212 210 96 0 249 248 98 0 2 115 218 145 149 34 11 47 17 8 35 130
56 162 14 185 30 131 50 248 22 164 244 231 99 225 32 64 89 104 162 32 42 243 75 159 218 199 101 47 114 136 124 131
0 0 143 222 77 210 35 72 246 136 198 2 112 242 32 100 120 110 42 136 10 211 171 255 81 38 131 11 16 40 116 166
0 32 6 146 77 207 160 64 190 132 226 11 68 192 96 64 120 44 234 0 0 243 154 114 21 6 11 1 65 8 39 130
48 32 4 141 79 75 160 72 38 160 160 10 6 128 64 146 104 220 106 0 8 115 219 16 29 0 15 57 65 40 6 130
65 34 142 5 8 10 97 64 100 164 194 78 208 130 208 82 96 196 106 136 1 209 135 64 156 34 167 0 40 32 107 0
96 34 65 5 104 9 96 72 43 160 224 205 195 3 68 146 106 196 110 4 8 114 197 64 148 184 1 56 109 136 66 0
36 160 20 153 203 207 32 200 22 180 224 10 70 210 96 128 89 76 226 16 2 83 91 29 29 130 5 127 80 8 13 130
81 2 150 205 12 2 32 72 118 128 194 70 208 226 160 194 120 196 106 136 1 209 131 64 20 162 227 0 40 40 105 0
65 34 143 133 14 10 104 64 108 160 226 66 212 130 144 242 96 196 106 136 1 209 135 64 148 34 167 0 41 32 107 32
48 32 0 141 79 75 161 72 46 164 176 11 6 128 64 146 104 220 234 0 8 115 203 80 29 0 7 49 65 40 78 130
81 2 135 93 8 2 33 120 118 136 230 70 81 227 160 246 112 100 106 168 41 209 175 12 20 162 231 0 41 232 96 32
44 176 21 153 203 219 48 200 150 180 224 10 100 208 98 132 217 88 234 16 2 99 251 25 29 130 7 127 208 8 45 134
48 130 22 159 15 147 2 232 86 28 192 103 102 224 42 196 217 106 42 4 6 211 75 191 152 166 67 11 16 44 56 133
65 34 158 133 14 2 105 64 108 160 242 70 221 130 144 114 98 196 110 136 1 209 135 64 212 34 171 0 41 32 35 32
105 34 16 96 41 29 80 16 107 172 182 77 207 3 66 144 132 132 108 12 12 96 193 128 195 249 37 49 98 132 74 3
81 2 206 221 12 2 33 120 118 128 230 102 81 227 160 66 120 228 106 168 33 209 207 12 84 171 231 0 41 232 120 0
98 34 1 40 108 13 72 72 11 188 176 201 130 76 84 18 200 196 110 5 10 99 203 145 156 152 5 190 80 136 86 133
96 162 5 152 108 193 128 200 150 176 176 170 197 198 232 0 91 249 234 128 10 67 207 145 156 18 175 189 84 8 4 160
25 32 6 1 10 27 33 72 246 224 194 8 210 128 194 230 120 76 106 12 1 209 239 16 28 3 71 16 97 0 114 196
88 160 134 29 75 79 32 200 182 176 64 8 68 224 64 212 113 124 234 16 2 211 155 16 29 2 5 47 48 40 14 160
120 32 134 29 8 67 32 104 246 184 194 0 112 224 32 194 81 76 106 8 0 211 203 29 24 35 101 4 112 40 48 128
64 160 135 29 72 67 160 200 54 240 194 40 64 228 192 66 81 76 106 0 0 211 207 17 28 34 197 61 80 40 54 0
96 32 6 9 72 11 161 72 38 160 226 76 210 128 64 0 104 140 106 0 1 83 215 16 20 0 11 56 121 8 34 160
96 34 14 29 72 11 32 72 182 32 194 8 64 192 32 208 120 204 106 136 0 211 203 0 20 34 130 9 0 8 46 128
56 162 134 29 26 19 0 248 22 176 198 196 67 224 136 213 17 108 106 40 41 210 239 29 8 35 229 52 114 168 48 160
64 128 134 29 25 67 1 232 214 244 66 5 96 224 42 70 81 100 104 36 32 211 235 29 8 34 69 31 16 36 52 68
0 32 134 29 9 11 32 72 182 180 194 8 64 240 98 4 89 76 234 16 0 211 219 28 29 2 5 54 24 8 2 134
112 0 14 137 13 75 160 72 102 32 194 2 194 130 32 192 104 132 106 0 12 211 203 80 149 34 139 25 16 8 56 134
64 32 142 28 9 67 32 72 246 176 194 1 192 224 34 66 209 68 106 0 6 195 203 21 29 34 69 31 16 40 56 134
0 34 23 217 78 3 161 88 54 0 246 226 208 193 160 100 121 28 106 136 3 242 107 209 20 162 35 8 81 136 33 160
112 0 6 9 74 11 32 72 102 48 194 2 210 192 32 64 104 140 106 0 8 211 203 16 148 34 3 12 48 8 48 128
37 12 199 30 136 38 71 184 82 194 98 204 115 225 137 27 17 102 96 46 233 240 159 46 40 174 101 16 233 241 66 48
30 188 148 18 153 167 22 168 54 191 0 17 76 242 73 216 145 95 160 48 54 64 11 63 169 22 5 111 146 117 141 3
0 162 134 29 88 11 32 200 54 188 194 8 64 224 96 16 25 108 106 16 2 209 203 28 28 2 37 52 16 32 2 130
117 166 142 119 136 6 7 184 82 178 66 76 83 224 145 171 25 102 96 62 185 243 143 42 40 47 101 4 233 248 80 32
81 32 87 161 42 8 105 0 109 32 162 72 207 130 0 80 162 133 110 12 5 209 197 192 148 176 11 16 0 0 3 5
16 0 14 137 14 11 160 72 102 32 194 2 210 129 32 64 104 132 106 8 0 241 129 16 212 163 34 16 49 8 49 160
96 34 64 233 108 9 64 72 43 32 240 205 131 9 4 144 200 132 110 4 13 114 193 208 150 184 1 56 72 136 90 128
96 32 2 137 72 75 32 72 118 32 194 138 130 128 0 80 120 204 106 0 8 115 207 16 20 32 131 57 16 8 50 128
96 34 134 13 74 11 32 72 230 160 194 72 192 160 0 82 104 204 106 128 8 211 207 16 20 32 3 56 0 8 54 128
32 160 23 185 77 3 160 200 150 176 242 66 196 209 32 132 249 28 42 0 1 243 75 157 20 146 203 38 85 8 49 160
112 32 6 9 73 73 32 72 166 40 194 8 194 192 32 210 104 196 234 0 8 211 203 0 149 34 3 41 0 8 50 130
32 32 7 169 76 143 161 72 62 160 112 11 84 197 32 0 249 252 98 1 0 243 155 92 93 146 15 40 65 8 39 162
45 162 142 21 152 10 37 248 246 242 198 68 83 224 208 34 17 100 104 44 169 241 175 8 76 43 101 52 232 232 80 32
105 32 11 165 78 11 224 72 46 32 242 74 151 130 0 112 104 141 110 141 13 243 215 208 212 161 35 32 105 8 35 128
80 0 151 156 75 211 176 72 190 32 194 10 198 214 32 114 248 245 234 0 12 195 195 208 149 50 203 27 16 8 37 6
32 34 79 169 78 15 161 88 54 160 246 206 209 193 64 80 120 140 106 140 0 242 195 144 84 129 163 40 57 136 114 160
97 32 64 136 75 25 96 72 111 32 242 139 138 216 70 240 104 140 238 133 12 115 215 208 20 16 131 59 89 12 106 6
1 2 7 205 14 11 161 88 54 0 246 226 208 193 160 100 120 156 106 136 1 243 111 208 20 34 35 0 113 136 96 164
81 0 7 141 14 27 160 72 236 64 194 98 208 146 164 228 104 140 106 136 5 241 231 200 148 34 139 16 8 8 113 36
67 32 7 133 10 26 40 64 236 96 194 69 204 130 144 242 98 196 110 141 141 209 197 192 148 50 138 16 8 4 41 68
80 34 88 133 42 9 104 64 45 36 178 205 207 2 0 82 42 197 110 4 12 227 197 64 148 176 34 48 72 8 75 0
96 32 65 129 109 89 64 8 47 160 178 200 135 130 196 246 106 196 238 0 9 99 207 208 148 176 131 56 54 12 82 164
88 34 65 129 13 9 225 72 47 160 178 136 207 128 80 214 106 196 110 8 8 99 197 208 148 176 3 48 98 12 87 32
84 160 132 20 139 71 20 232 22 190 64 8 68 242 64 2 145 92 232 18 6 83 203 24 25 2 77 127 128 96 7 130
125 172 206 30 154 2 71 184 146 242 102 200 115 225 155 59 17 102 96 46 57 242 175 47 106 239 101 16 233 240 66 32
64 34 142 133 72 9 96 72 110 164 242 11 198 130 64 82 104 204 110 128 12 243 197 192 213 176 131 1 1 0 99 130
80 34 23 129 10 74 32 64 236 32 226 98 204 130 132 212 98 133 110 128 0 241 135 192 148 32 11 1 32 0 37 4
114 32 8 165 44 9 64 0 45 32 178 205 135 2 0 208 200 133 110 5 12 99 209 64 148 240 1 56 72 8 74 4
80 32 134 141 76 11 96 72 238 160 194 71 192 226 32 82 232 236 106 128 12 209 131 192 148 34 195 1 8 32 121 134
17 8 135 190 20 131 98 104 86 0 210 67 115 224 48 96 121 234 42 12 44 243 15 191 144 166 227 0 48 168 112 128
12 164 148 58 153 199 22 168 54 187 0 1 100 242 73 152 145 78 160 48 50 208 155 63 41 22 69 111 210 116 15 2
14 160 150 22 137 211 20 200 182 182 0 9 196 246 75 138 145 126 232 18 38 67 155 58 13 22 77 127 130 116 15 134
117 166 207 53 156 2 198 248 22 242 194 199 83 225 145 11 29 108 96 45 169 242 223 10 120 46 101 4 237 248 112 16
81 34 87 133 10 74 97 0 239 224 226 72 207 130 192 246 34 197 110 12 1 209 165 64 148 162 35 16 96 0 3 36
97 32 65 33 104 73 96 72 43 224 240 205 135 128 68 146 234 204 110 4 5 114 205 80 20 17 33 56 72 8 74 144
80 2 28 173 44 26 96 0 44 36 242 133 215 2 2 210 226 197 238 0 12 208 193 0 212 225 170 17 0 8 13 2
88 34 28 165 40 26 88 16 100 172 162 1 215 11 2 82 130 197 108 1 12 208 193 0 198 227 35 17 32 128 15 2
14 188 150 19 153 215 22 168 190 191 64 1 204 242 75 152 145 127 224 16 54 80 155 63 43 87 69 111 130 116 15 6
96 32 0 129 79 73 160 72 38 164 240 138 134 128 64 144 104 140 234 128 8 115 211 64 21 0 3 57 65 8 110 130
32 40 23 185 77 207 161 64 182 32 242 2 212 210 32 68 248 188 98 1 0 178 90 220 21 32 139 35 16 8 55 130
57 4 79 191 29 215 102 104 20 194 198 2 115 225 34 97 120 108 42 44 45 209 59 191 103 231 195 0 58 168 112 80
56 178 28 153 78 131 176 216 22 60 212 231 194 193 160 64 89 24 170 0 10 242 75 157 86 131 35 37 123 136 60 147
0 2 6 156 76 211 33 72 214 8 214 34 96 210 160 100 120 108 170 128 10 211 171 217 21 34 171 11 16 8 52 167
1 32 7 29 81 206 32 72 246 200 194 2 72 210 32 100 248 108 106 164 37 209 51 204 21 34 195 2 3 4 33 198
120 34 144 96 41 13 80 16 33 168 182 73 143 19 66 146 132 196 108 12 8 98 192 128 195 249 33 49 66 132 74 3
17 32 14 133 12 10 232 64 236 160 226 70 212 130 144 114 104 196 106 136 1 209 133 64 148 32 171 0 41 0 99 4
96 32 65 5 108 9 224 64 43 160 176 205 139 10 4 146 106 196 110 4 1 114 197 64 148 184 1 56 73 8 74 128
53 36 207 63 220 10 71 248 82 226 114 236 115 232 153 59 25 238 100 47 169 243 143 46 104 46 101 20 237 248 114 16
12 188 148 27 153 223 22 232 62 191 64 1 110 242 107 92 145 122 224 16 54 80 155 63 107 87 69 111 146 36 13 6
40 32 20 137 75 79 48 72 22 180 224 10 196 210 64 128 121 8 234 16 2 115 219 16 29 130 5 63 112 8 45 130
16 162 20 155 91 147 0 200 150 52 192 103 100 192 42 196 217 76 170 4 6 83 75 183 28 38 7 63 18 44 40 132
17 32 135 93 8 18 32 88 246 232 226 68 81 226 160 114 120 228 106 8 141 241 175 8 20 34 231 0 9 168 96 132
113 140 239 95 24 2 71 184 82 242 98 224 115 224 189 115 17 238 100 46 169 243 175 63 32 174 101 20 249 240 98 33
117 164 231 117 158 10 103 248 118 242 198 230 83 224 209 43 121 236 104 45 169 240 239 10 124 46 101 4 237 248 114 112
96 32 20 152 108 201 128 72 142 184 176 170 231 194 224 16 73 153 238 128 10 99 79 145 156 16 171 189 85 8 2 128
98 162 64 41 108 13 72 200 11 188 176 9 131 8 84 146 137 196 237 4 10 98 202 145 159 216 5 191 64 140 86 132
70 176 166 22 201 215 53 200 182 190 128 41 196 246 75 14 145 127 235 18 6 67 187 48 95 18 77 255 130 116 7 247
81 2 207 125 8 2 33 88 118 224 230 230 211 225 144 82 120 228 106 12 137 211 239 4 84 43 231 8 37 168 112 32
17 34 143 133 8 10 32 80 238 160 226 70 209 162 144 114 104 196 106 136 133 209 165 64 148 34 163 0 40 32 99 164
105 34 16 100 33 29 80 16 105 172 182 73 143 11 66 146 132 196 108 12 12 96 193 128 195 249 37 49 66 132 74 67
96 32 0 140 75 73 161 72 38 164 240 11 134 196 66 150 233 220 234 0 0 115 219 80 29 0 15 59 65 8 46 194
17 34 15 133 10 10 233 80 238 164 230 102 221 131 208 114 106 196 110 140 129 209 229 64 212 32 171 0 40 128 99 160
6 188 181 91 185 199 50 168 191 185 64 48 236 246 108 61 145 123 243 17 50 72 139 119 45 22 93 111 144 100 133 39
81 2 143 77 26 2 101 120 246 170 230 98 81 227 160 114 120 236 106 172 169 241 175 28 86 163 227 0 33 168 96 160
32 176 23 24 73 223 176 200 150 248 192 41 196 214 98 164 217 56 234 16 7 115 123 17 29 146 7 127 82 12 37 214
116 174 239 126 186 66 71 184 210 242 242 226 115 229 153 123 91 230 100 46 169 243 239 47 248 239 101 148 229 248 118 96
100 38 134 61 200 11 164 168 182 190 194 73 102 224 1 75 209 108 104 39 36 211 203 28 28 34 109 28 192 120 58 128
118 32 132 165 168 75 68 136 43 182 130 169 199 34 85 158 1 213 237 17 8 67 207 128 156 210 205 127 132 124 22 4
48 32 2 137 72 9 32 72 54 32 226 2 192 194 32 208 120 140 234 128 1 211 219 80 20 32 130 40 8 8 42 128
6 190 181 83 185 231 55 168 191 183 0 17 204 246 77 31 149 95 225 145 50 64 187 119 45 22 95 111 128 113 135 103
53 38 239 126 170 2 199 248 82 226 242 232 115 225 153 59 27 238 100 46 233 243 175 47 120 175 101 148 229 248 114 97
96 34 2 137 78 9 160 72 102 32 194 206 194 128 32 192 104 140 106 136 9 163 195 16 148 32 130 56 113 8 49 128
96 2 2 137 77 9 160 72 230 36 194 10 194 130 32 208 104 132 106 0 12 147 197 80 148 32 138 48 16 8 48 194
88 34 28 165 36 13 88 16 45 40 182 9 223 3 2 208 134 133 236 12 12 224 193 0 195 251 33 17 34 128 11 3
96 32 6 12 73 73 32 72 182 32 194 8 192 198 34 80 120 76 234 0 4 211 219 16 20 34 3 41 0 8 62 134
0 32 26 152 77 195 160 64 254 4 242 3 108 210 32 64 248 169 162 128 0 243 146 210 21 4 139 11 81 0 39 130
101 160 133 21 202 19 36 200 50 178 130 202 208 224 217 190 121 204 122 152 5 83 207 0 28 34 205 60 169 112 26 164
32 34 14 137 72 11 161 72 102 32 194 66 211 128 0 64 104 140 106 8 8 211 195 16 84 162 162 48 48 8 48 128
0 34 14 157 78 147 160 72 246 36 242 199 193 194 32 192 120 236 234 132 0 211 207 216 20 162 139 0 121 8 41 132
112 50 142 29 10 131 1 120 246 168 198 100 114 225 160 82 81 108 106 8 0 195 203 29 92 163 101 24 56 32 32 49
48 34 14 173 78 203 160 72 246 160 242 35 65 194 32 64 120 236 106 128 6 243 67 213 212 162 35 1 113 8 45 130
96 0 2 137 79 75 160 72 230 36 194 10 194 128 32 80 104 140 106 128 12 211 217 80 149 32 130 57 16 8 53 130
32 32 6 1 72 11 161 72 102 160 194 196 211 128 64 192 104 140 106 12 1 211 199 16 20 2 163 48 105 8 50 128
103 160 148 30 203 83 160 200 114 176 192 10 104 232 84 246 217 207 106 145 6 99 207 49 28 34 79 63 209 36 59 134
80 34 80 129 13 9 224 64 111 160 178 72 207 2 16 212 104 132 110 8 8 99 197 208 148 240 3 48 98 4 71 36
80 34 18 161 15 9 104 64 109 32 242 71 205 130 16 86 106 197 110 136 0 241 197 192 148 176 139 16 32 0 99 130
80 2 87 129 2 10 40 0 109 32 242 194 207 130 132 212 38 133 110 136 0 241 133 192 148 178 11 0 32 0 33 36
96 32 88 161 108 9 96 0 45 32 178 73 159 10 0 208 202 133 110 4 13 98 193 192 148 240 1 25 72 136 74 0
81 0 22 141 77 15 96 72 238 0 242 67 196 130 32 82 232 204 106 128 4 227 147 192 148 32 130 8 9 8 41 130
17 0 135 191 92 131 98 104 86 0 194 66 115 224 32 64 120 110 42 172 41 211 15 191 52 166 227 0 48 40 112 128
36 134 23 95 184 139 67 232 86 128 80 100 243 224 168 64 89 106 34 40 43 240 79 63 168 166 37 92 88 40 112 160
80 12 198 29 88 130 38 104 52 130 226 192 97 227 160 87 120 108 106 172 41 209 15 76 60 34 199 0 105 32 96 0
65 34 23 132 66 10 105 80 124 160 226 78 221 130 208 116 114 205 106 140 129 211 181 64 148 32 3 0 41 0 39 36
65 34 87 1 66 11 225 80 46 224 114 206 223 130 192 182 42 204 110 12 5 243 165 64 148 32 35 32 97 0 67 228
33 32 65 161 108 9 224 88 46 224 240 239 151 128 192 144 106 12 98 4 5 242 205 80 20 24 35 32 105 8 75 192
88 0 29 165 36 26 112 0 44 0 210 133 223 10 0 194 226 205 236 5 12 208 209 0 196 225 42 17 8 0 9 18
88 34 28 165 32 10 120 16 109 168 134 65 223 3 0 210 194 197 236 8 12 192 193 0 198 243 34 17 42 128 9 2
88 2 24 229 32 13 88 16 37 40 182 73 223 3 0 208 132 132 108 12 12 32 193 0 195 251 32 49 34 128 74 3
37 14 134 30 200 130 102 232 180 138 226 68 96 225 161 87 89 230 104 174 105 219 15 46 40 34 229 128 233 240 122 128
17 0 15 189 28 198 96 104 214 64 194 66 81 243 32 97 120 236 42 172 45 241 27 157 85 170 195 0 48 168 112 130
19 32 7 153 9 210 160 72 238 8 210 35 72 210 36 228 232 173 234 128 4 211 3 220 148 50 139 3 3 4 37 198
0 32 23 155 85 207 161 64 190 8 66 2 228 211 32 192 248 124 42 0 32 209 26 252 149 162 3 3 16 8 37 162
1 60 150 31 25 151 36 104 254 146 194 0 240 240 36 224 209 108 106 32 39 201 91 61 13 50 71 26 24 32 41 132
81 0 206 93 8 6 100 120 244 130 226 64 113 227 32 82 120 236 106 172 41 209 151 76 95 170 199 0 105 160 96 16
41 160 4 41 74 11 160 200 22 240 240 171 209 193 192 128 89 204 106 140 14 115 207 17 28 2 5 60 121 140 10 128
32 160 28 221 78 131 176 200 22 176 208 143 224 193 96 64 93 88 234 4 2 114 75 145 94 2 3 60 121 136 40 128
32 2 54 221 126 131 48 72 214 148 194 162 96 194 164 68 120 124 170 0 2 211 207 221 20 50 131 11 16 8 52 164
120 34 152 96 41 13 80 16 41 168 178 73 159 25 68 146 128 196 108 4 12 98 208 0 195 249 37 49 66 128 66 3
96 32 64 1 108 9 224 64 41 32 176 201 138 8 84 148 106 133 110 4 9 99 197 192 148 152 3 56 77 8 75 132
0 32 30 154 89 193 179 72 182 132 224 1 228 210 32 64 248 57 34 128 2 243 154 125 213 162 11 11 80 8 39 130
48 140 55 126 26 203 7 232 86 130 224 64 99 240 44 81 17 254 34 34 42 211 11 63 169 166 69 86 112 40 68 34
85 162 231 85 208 11 97 248 118 176 66 200 67 224 212 54 53 252 106 185 168 211 143 8 28 42 197 100 165 160 82 164
32 34 18 153 79 145 144 72 22 180 208 203 100 194 98 192 217 232 234 4 6 99 203 145 28 2 139 63 16 12 57 134
119 160 134 21 203 27 32 232 114 176 130 14 64 226 64 182 121 76 106 152 7 83 223 9 28 2 205 62 169 96 26 132
23 162 132 25 203 19 32 232 86 240 128 77 64 224 94 134 25 78 106 189 134 67 223 27 28 6 77 126 154 100 11 132
97 2 141 157 44 13 65 72 206 184 178 72 210 192 192 114 73 196 110 12 11 99 239 145 213 176 163 56 24 136 114 32
98 34 16 41 44 13 64 8 11 184 176 9 143 9 84 16 137 132 77 0 12 98 200 144 159 216 1 55 80 136 86 5
96 160 64 136 108 9 128 200 14 184 176 168 166 192 200 144 201 145 238 0 10 99 207 145 156 144 141 61 80 8 10 0
218 215 118 222 175 155 20 189 157 22 95 246 110 127 174 229 118 51 191 98 245 9 47 221 178 243 71 151 62 254 141 53
101 170 205 127 172 3 69 184 86 219 192 236 243 225 217 122 17 198 108 140 171 98 207 57 92 171 101 188 249 248 82 49
68 160 220 27 139 129 48 168 150 53 128 24 228 226 74 66 19 74 106 144 6 66 207 53 12 2 95 127 180 0 171 142
104 34 16 100 33 28 80 16 105 12 182 9 207 27 2 210 132 197 236 12 12 64 193 128 195 249 32 17 98 132 78 3
65 34 75 129 8 8 233 80 110 96 246 228 159 130 144 112 106 140 110 140 137 211 229 80 212 48 171 48 72 128 99 160
118 32 128 164 169 9 68 8 43 182 162 137 199 34 65 158 137 213 237 17 12 67 221 0 152 208 205 63 132 100 94 6
117 160 207 117 142 2 101 248 118 242 246 230 83 225 208 98 123 236 124 44 169 242 239 8 92 171 229 132 237 232 114 49
6 160 149 27 185 199 49 200 190 181 64 0 236 246 109 28 147 95 235 49 34 81 155 125 13 18 77 111 144 36 7 166
114 176 134 29 27 23 48 232 150 248 70 13 96 244 98 199 149 108 232 37 32 209 155 29 9 34 69 39 82 36 8 215
8 48 6 29 9 79 32 72 182 240 194 41 64 212 98 64 88 68 234 0 2 211 219 17 28 2 5 6 0 12 32 210
25 50 134 13 72 155 33 88 118 168 198 100 82 193 128 214 112 108 106 8 137 211 235 20 20 35 101 16 42 0 50 176
0 32 23 153 77 207 160 72 254 0 194 2 228 210 32 196 248 56 234 128 1 209 19 221 21 162 67 11 16 8 37 162
48 0 199 253 28 67 96 104 86 128 194 66 83 243 32 224 120 252 42 40 41 243 75 157 149 162 195 4 48 40 112 32
34 32 20 137 79 11 160 72 22 48 208 131 192 192 36 68 88 140 106 12 2 243 207 209 20 50 131 63 17 8 56 132
0 32 23 186 73 195 177 72 182 148 240 35 228 215 32 64 249 57 162 128 2 243 139 253 213 34 11 11 17 8 39 162
81 32 134 93 88 2 100 104 118 130 226 64 113 243 48 80 120 236 106 140 41 211 155 77 24 170 199 0 105 32 120 0
18 34 6 61 25 3 160 104 118 160 194 130 203 226 36 68 248 116 234 161 40 209 15 156 144 242 203 19 2 36 53 132
113 32 64 129 73 9 224 72 43 160 240 137 130 136 68 150 104 204 238 5 13 115 223 192 148 16 131 59 73 12 74 132
32 162 24 136 74 129 176 200 150 52 240 139 132 194 98 64 249 136 234 0 6 99 203 145 28 0 143 63 17 8 63 134
21 34 134 85 208 143 104 104 118 164 194 76 99 225 116 20 57 236 106 188 40 211 159 14 24 174 197 0 161 160 114 160
98 160 0 169 41 9 192 200 15 180 176 169 135 0 68 20 201 149 110 0 14 99 203 145 156 144 141 63 80 8 78 132
219 151 118 222 235 18 60 189 157 86 87 183 77 238 174 117 119 247 191 162 244 89 47 215 178 251 71 143 63 254 173 85
223 151 246 254 235 86 127 253 31 127 215 183 73 238 190 81 247 255 191 167 244 95 175 247 126 255 239 205 63 174 165 213
