60 17 243 73 141 127 86 89 69 224 239 4 91 181 117 236 88 220 191 122 217 179 123 136 235 217 133 23 242 255 212 114
152 94 23 59 112 219 97 114 117 94 114 116 43 81 160 221 124 168 134 74 235 188 113 61 132 226 112 130 58 9 96 223
58 22 255 124 233 111 85 95 17 255 245 125 78 63 37 27 221 215 213 16 184 239 113 128 219 223 116 179 242 252 230 115
104 60 59 124 105 207 23 122 176 198 172 9 127 247 34 51 145 121 195 34 97 39 186 31 243 199 97 57 82 99 39 250
184 26 198 87 5 62 96 50 229 90 247 116 98 96 135 255 104 228 238 10 173 244 71 204 6 251 240 131 107 125 120 23
136 222 21 187 116 193 226 246 22 28 112 118 173 83 160 129 104 235 6 202 99 190 10 255 116 128 170 161 57 25 41 155
184 86 252 189 235 127 85 63 17 127 246 189 207 63 11 27 199 151 229 36 188 214 115 140 195 243 112 147 186 253 142 83
159 12 99 136 3 115 11 66 61 238 223 159 77 198 183 245 55 175 156 175 237 215 52 206 147 91 11 135 39 101 47 85
120 65 50 110 25 30 23 96 181 8 229 8 219 117 32 212 124 244 223 106 40 131 96 175 243 239 64 16 114 191 170 35
194 182 148 81 235 188 180 151 170 191 154 117 140 187 196 202 165 87 255 145 150 77 211 226 14 116 127 238 138 84 139 159
63 157 247 88 251 123 145 207 27 245 240 60 78 188 166 188 191 215 214 17 181 235 48 206 59 54 87 94 219 108 167 255
155 75 254 71 7 22 127 85 117 164 103 130 105 11 151 229 54 253 186 234 64 244 37 232 247 235 70 1 103 182 165 44
221 6 198 21 141 56 100 23 239 155 151 210 203 168 87 239 97 230 238 156 12 229 135 192 143 120 214 135 167 244 216 4
171 51 115 68 113 31 250 81 121 168 243 124 78 25 132 180 190 157 215 96 161 183 129 206 18 251 33 130 79 134 99 129
235 116 174 82 241 63 181 86 252 235 231 56 158 148 166 189 157 126 218 63 181 223 160 106 179 123 90 210 194 85 171 245
245 215 225 70 150 55 71 248 81 226 187 94 83 96 221 183 89 196 4 110 249 247 125 14 58 14 229 52 237 251 208 36
245 230 199 21 212 63 102 188 82 251 67 94 83 97 217 175 121 196 112 174 189 240 205 10 58 46 229 132 175 249 216 36
122 22 34 224 141 118 84 214 37 174 222 43 11 61 97 223 232 214 255 98 108 143 193 128 243 233 244 159 162 220 60 31
61 200 6 105 149 159 98 208 119 33 110 20 75 1 50 244 112 8 138 94 219 188 49 186 147 255 146 69 58 143 216 36
73 159 17 174 176 174 27 178 26 201 153 229 255 102 131 213 214 123 132 85 191 154 121 191 168 244 47 210 28 142 1 93
180 86 63 170 168 119 23 223 156 78 220 61 150 180 163 105 205 83 206 35 249 143 122 50 241 23 62 191 144 95 165 123
214 132 149 145 169 126 180 135 191 187 130 81 206 58 68 207 129 71 236 17 53 205 195 226 141 114 94 87 130 84 137 15
231 59 185 86 232 237 153 19 234 255 177 125 180 252 215 59 135 243 127 21 150 111 234 96 95 24 127 250 196 97 135 119
60 45 106 64 193 125 126 209 113 63 246 8 25 61 255 184 105 154 211 154 148 51 189 162 119 77 36 37 195 213 238 227
24 120 18 121 9 255 80 94 118 24 108 0 62 211 97 189 176 42 226 24 3 248 187 17 195 201 17 47 122 20 43 170
199 235 240 26 248 153 110 204 251 55 33 157 143 138 222 156 135 75 204 94 182 79 206 243 190 221 22 255 142 215 139 204
253 223 95 54 232 88 86 245 176 218 179 237 247 102 130 19 207 242 236 102 237 207 78 45 250 195 101 146 108 178 170 25
175 125 99 74 251 217 191 208 169 76 253 171 41 220 191 180 62 241 215 231 229 135 108 238 119 125 44 155 103 247 39 247
54 95 91 26 250 107 151 239 25 103 253 253 70 36 142 25 223 223 198 35 185 251 120 42 176 54 124 182 221 89 143 245
207 93 106 3 162 56 47 182 60 66 158 180 158 54 147 229 39 71 222 111 245 141 101 106 228 61 62 144 142 213 137 125
181 231 204 63 154 50 78 188 82 242 185 223 115 96 159 51 125 206 36 238 253 214 205 63 58 175 229 180 253 243 218 20
93 112 111 99 66 204 59 16 164 76 87 165 145 215 195 114 38 189 127 206 129 144 181 96 247 41 38 128 37 178 39 241
31 189 97 33 210 30 126 191 117 106 94 199 153 47 218 117 55 206 23 238 247 152 253 110 239 77 39 164 111 246 195 253
172 142 106 251 124 233 243 240 212 30 117 177 227 233 186 73 217 42 135 34 46 182 74 191 70 223 240 73 215 205 124 195
38 50 176 120 105 249 18 72 223 15 81 125 140 216 109 72 144 57 135 17 134 54 210 146 7 244 49 171 216 47 13 151
62 58 128 9 3 175 0 82 39 47 234 101 2 0 7 216 253 138 166 17 143 190 81 32 20 7 112 194 249 79 26 147
29 112 46 9 10 114 107 80 228 68 207 134 17 134 187 98 120 44 186 239 141 151 53 64 83 41 162 5 61 167 44 240
184 96 2 40 25 151 66 72 87 0 228 24 74 129 34 156 88 140 206 88 46 167 65 31 147 247 16 31 123 12 122 132
207 117 51 26 249 221 23 216 233 76 157 125 94 214 175 244 180 57 206 115 181 7 186 250 179 80 43 251 154 55 167 119
172 96 186 152 77 245 176 72 218 143 117 27 20 220 107 168 216 56 130 17 4 38 226 130 87 21 50 41 211 61 62 199
25 64 66 225 5 63 96 80 85 0 86 2 3 129 177 237 120 136 38 202 9 180 5 128 146 201 194 1 47 141 120 164
102 129 73 250 200 225 87 231 153 59 177 27 82 247 44 89 217 179 95 162 56 11 90 243 85 150 216 123 145 73 132 50
20 4 46 185 24 231 187 80 156 13 223 18 213 214 168 96 88 57 31 188 50 133 98 30 201 133 42 201 208 11 37 227
184 96 131 105 1 150 98 64 117 32 226 82 3 3 32 220 120 136 130 216 10 182 81 18 149 229 146 1 115 12 106 160
44 225 227 56 237 105 85 216 163 119 176 9 135 253 75 27 217 217 213 115 10 99 218 145 203 211 69 63 227 253 86 242
92 251 190 182 16 86 119 240 178 204 150 37 103 231 227 82 249 228 236 226 76 211 168 9 251 199 111 133 32 34 46 83
89 132 31 168 18 238 35 51 148 65 207 130 215 182 168 96 118 148 62 44 57 153 53 31 241 231 42 68 176 138 165 112
184 64 3 161 69 201 96 68 116 0 99 2 19 145 96 217 120 168 2 72 72 190 80 0 213 128 194 96 51 8 80 138
215 118 3 2 19 47 38 96 61 226 195 220 223 66 9 181 254 205 76 239 233 151 157 78 176 48 2 62 8 117 35 21
249 105 231 101 32 30 103 53 97 226 230 200 115 55 129 179 52 228 124 110 205 210 245 8 242 235 100 0 106 246 98 121
178 148 16 170 29 103 81 226 21 111 240 27 6 18 46 133 201 131 142 0 47 47 113 183 145 210 16 123 80 12 44 198
73 105 43 67 224 157 110 85 228 64 231 8 185 67 145 245 36 36 90 238 197 19 172 124 118 105 34 0 66 147 235 164
182 178 146 0 99 73 145 194 57 45 240 57 6 16 64 156 249 153 198 17 42 183 192 66 152 16 20 243 193 12 46 135
112 80 16 168 73 77 0 79 138 37 168 9 134 146 108 208 200 145 202 0 14 11 82 17 145 148 24 123 16 8 142 10
217 123 95 101 0 14 103 53 112 234 118 108 115 33 129 19 52 228 108 106 233 252 177 10 246 169 100 0 107 178 194 56
214 56 146 144 9 237 16 66 171 132 136 9 174 214 67 158 160 57 205 81 14 71 146 120 145 16 11 59 0 37 15 86
243 181 9 18 153 221 23 180 169 104 153 125 150 244 10 53 140 242 220 67 253 67 242 33 177 48 44 186 72 95 130 87
58 145 48 168 61 205 80 232 79 61 184 11 14 24 44 133 200 145 205 65 14 35 90 181 145 208 9 127 82 15 28 7
60 117 120 96 235 93 86 93 97 172 180 41 11 157 71 178 142 216 196 114 76 99 240 2 123 205 37 63 227 246 206 135
36 89 19 136 104 7 150 220 12 168 240 74 20 144 41 48 220 208 66 98 65 35 88 168 113 16 5 62 88 59 32 187
116 205 11 6 192 75 150 228 32 228 168 169 66 52 2 16 248 214 198 99 76 179 97 44 241 32 4 19 65 122 166 218
1 150 27 168 116 164 177 86 12 73 216 118 148 148 160 64 205 27 14 21 147 155 96 230 148 53 58 234 152 8 49 249
129 31 27 33 48 2 161 115 52 65 242 244 180 151 160 65 110 10 78 8 57 155 1 79 240 160 42 128 72 128 163 249
20 157 29 239 48 198 67 184 36 8 139 96 247 119 40 96 86 54 29 106 25 137 89 63 225 165 35 80 48 163 5 49
160 173 61 122 141 197 85 167 199 20 172 8 178 209 97 35 201 122 74 72 74 43 122 49 235 153 212 59 80 88 212 234
148 142 154 30 146 130 23 172 118 23 109 48 230 226 168 84 17 74 32 34 114 200 11 63 232 166 21 78 144 114 165 11
32 34 192 5 76 11 224 72 122 180 240 139 130 136 84 18 121 205 98 1 8 114 207 80 28 0 133 61 69 8 86 130
161 221 28 95 216 155 6 190 214 18 108 252 112 97 128 17 17 98 96 74 115 252 14 63 44 47 117 96 88 248 202 185
21 165 128 35 147 39 14 232 22 227 139 151 67 98 73 68 53 206 40 182 63 210 93 62 185 198 141 116 185 115 176 20
165 78 165 31 204 162 167 166 218 214 64 240 240 224 177 75 5 102 34 79 225 236 239 43 44 34 125 8 144 121 145 232
45 5 104 201 213 253 98 194 196 65 222 2 145 145 106 228 104 138 146 152 159 186 116 161 175 205 130 96 187 140 248 132
4 172 148 27 153 141 38 175 190 23 65 16 228 242 104 85 145 74 42 16 50 88 26 55 45 22 87 111 144 64 133 130
6 236 148 147 201 228 180 142 190 155 1 17 236 246 73 75 129 123 234 19 50 92 154 99 13 22 95 111 128 113 141 130
1 0 7 8 72 67 33 64 182 128 194 0 80 130 32 64 120 12 106 128 1 211 163 16 21 32 3 8 0 0 35 160
32 32 6 8 72 11 32 72 102 32 224 10 65 193 96 80 104 140 98 8 0 243 199 16 20 160 3 40 113 8 114 128
1 32 7 129 72 11 32 64 230 32 194 68 80 194 32 194 96 76 106 0 5 211 145 16 20 34 3 0 8 8 35 128
96 32 16 168 72 9 32 72 102 32 226 10 130 2 0 80 72 140 106 128 8 179 193 16 148 0 131 32 113 8 32 128
80 2 6 129 8 9 160 64 108 0 194 70 134 2 0 64 104 4 106 0 0 131 193 0 148 128 10 16 8 8 43 0
96 32 2 129 72 9 32 0 110 32 226 72 134 130 0 80 72 140 106 0 8 243 193 16 148 128 131 48 64 8 16 2
80 2 2 129 8 9 32 64 102 32 194 72 134 130 0 64 104 132 106 128 8 83 197 80 148 160 2 24 40 0 35 0
0 32 6 137 8 7 32 72 214 136 194 66 80 208 32 64 120 12 106 0 0 227 203 24 21 34 131 24 16 8 48 130
32 0 6 137 75 131 32 72 6 0 192 3 192 194 32 66 72 108 106 4 4 195 219 16 21 34 131 24 48 8 50 128
80 48 6 5 75 74 32 72 102 228 194 1 66 132 66 82 96 204 234 0 8 211 151 16 149 32 3 1 32 4 39 82
96 32 6 1 72 11 32 72 226 160 224 8 130 192 64 80 104 12 106 0 8 195 203 16 20 0 1 56 64 0 82 128
80 32 2 129 75 73 96 64 108 36 226 10 134 128 0 80 104 132 74 0 0 179 213 64 149 160 2 1 96 8 7 0
96 32 0 129 72 9 96 64 104 32 160 8 134 2 0 80 104 136 106 8 0 35 193 64 148 0 3 56 64 0 98 132
0 34 6 137 13 83 32 72 118 76 198 6 192 192 98 68 120 12 106 8 4 243 231 16 20 32 131 1 16 8 60 198
32 0 6 137 74 3 32 72 22 0 192 2 64 194 32 64 120 76 42 128 8 210 203 16 20 32 130 8 48 8 48 128
57 34 6 9 73 91 160 88 118 36 230 6 3 192 34 196 120 12 106 8 13 241 127 16 20 3 3 33 123 8 120 132
57 32 6 9 73 89 33 72 118 32 228 6 65 193 226 212 120 140 98 8 13 210 215 16 20 129 3 41 123 8 122 144
0 32 6 137 72 11 160 72 230 32 194 0 68 192 32 66 104 76 106 0 0 211 129 16 20 34 3 0 0 8 35 130
104 32 1 137 76 73 33 72 38 36 226 10 131 2 0 208 72 132 106 128 8 179 197 16 148 0 131 48 112 8 52 160
80 32 6 129 8 9 160 72 108 0 194 2 134 130 0 64 104 4 106 0 0 131 193 0 148 160 10 16 0 8 35 0
96 32 0 161 8 9 33 0 110 36 226 10 150 0 0 80 104 140 106 0 8 241 197 16 148 128 3 48 64 8 82 128
80 32 2 128 72 9 32 64 102 32 194 8 134 130 0 80 104 132 106 136 8 83 197 16 148 32 2 24 0 8 35 0
64 32 26 129 74 9 161 64 108 32 226 10 134 128 0 80 104 140 106 0 0 243 197 64 148 32 2 17 96 8 43 0
96 32 2 129 74 9 32 64 96 32 224 8 130 130 0 80 104 140 106 8 8 195 197 64 20 0 131 56 97 0 98 132
70 252 148 151 169 252 183 175 186 187 3 16 236 242 76 175 131 119 234 3 115 77 155 243 45 50 95 63 138 117 133 47
60 187 250 66 241 84 246 243 97 188 254 101 9 57 246 48 237 214 223 146 156 187 137 232 123 205 166 135 203 230 238 147
9 191 16 122 233 221 53 221 230 95 109 60 174 211 202 182 129 26 206 10 87 42 234 51 231 221 49 47 82 198 175 235
205 235 232 50 249 153 126 196 251 53 52 141 175 138 83 153 163 203 204 95 118 79 174 113 190 217 117 253 166 151 75 204
158 124 99 126 147 127 190 240 189 202 241 187 223 252 181 33 191 249 215 231 236 231 44 174 243 201 111 155 103 255 39 247
61 159 252 31 250 27 151 240 24 119 244 189 254 36 142 57 223 215 198 71 253 250 125 98 252 23 127 211 213 125 143 241
38 114 211 121 114 237 147 90 31 71 88 237 172 220 175 0 150 57 135 17 135 182 118 147 4 148 41 170 220 79 5 215
35 114 90 8 106 93 25 92 31 103 116 189 134 132 238 24 222 9 166 21 133 23 247 18 16 20 80 190 212 158 14 221
156 17 103 97 1 118 120 80 117 84 231 151 89 143 55 89 120 140 187 215 159 176 53 128 87 233 194 69 239 133 116 86
205 113 107 99 112 68 59 24 164 204 215 176 153 215 219 115 110 217 95 238 225 20 252 74 229 201 171 136 38 167 39 241
184 99 56 24 9 155 81 72 151 36 228 9 42 192 34 21 152 168 198 66 78 167 106 25 194 209 1 63 82 44 78 198
198 246 39 88 170 243 151 216 185 90 148 253 220 222 173 61 247 113 223 99 225 71 170 254 50 16 111 190 14 245 39 247
40 114 178 169 111 241 176 90 218 79 112 103 132 217 233 8 219 56 131 49 133 182 210 130 70 85 50 175 222 94 63 147
25 64 103 201 5 82 101 64 69 198 223 2 3 141 247 108 120 136 34 234 76 183 37 128 179 233 130 5 103 255 124 198
228 208 219 218 233 101 145 204 154 57 185 26 82 247 44 184 217 147 246 176 27 11 90 211 217 158 197 123 209 122 198 35
91 223 252 189 58 16 20 63 23 204 158 167 239 126 134 98 247 247 189 101 204 78 229 173 186 231 239 147 54 172 61 95
24 22 46 232 56 167 146 82 148 9 222 103 209 211 168 64 220 48 31 56 186 129 1 142 234 199 170 213 144 11 53 3
184 64 26 105 77 23 69 68 85 44 247 0 2 129 34 213 216 168 134 74 76 182 64 128 211 241 64 3 115 157 106 134
182 179 221 234 137 111 87 216 27 190 177 57 199 61 73 26 157 221 213 114 40 102 219 18 203 210 69 191 240 251 86 179
88 255 238 52 48 54 95 246 160 204 142 165 123 111 3 83 244 245 237 230 204 195 235 41 251 227 231 137 32 241 38 91
217 133 62 224 144 70 99 113 100 8 207 66 87 55 168 97 116 150 60 232 56 153 33 159 249 231 162 196 50 138 165 33
184 121 19 168 77 221 64 98 69 24 224 72 46 145 96 149 200 168 130 66 72 186 82 160 181 209 0 43 114 13 234 130
66 188 180 147 169 228 188 143 190 63 2 177 172 190 70 79 135 87 251 145 54 72 203 225 13 50 222 239 130 84 133 95
104 113 17 168 89 205 0 79 133 9 232 73 174 146 32 144 200 154 202 64 10 43 80 21 181 209 0 123 82 28 166 138
178 148 63 168 41 123 17 107 21 127 244 57 6 158 170 125 201 147 142 0 44 39 113 151 145 211 120 243 80 76 4 119
178 54 154 32 97 121 145 86 57 62 245 189 14 4 198 29 237 153 198 17 46 255 32 66 152 209 58 179 67 76 46 253
141 13 59 74 160 112 239 227 108 66 172 0 252 114 187 112 122 98 94 238 245 11 60 110 243 41 38 9 0 243 239 96
217 124 223 103 32 30 103 52 113 194 110 100 243 55 128 51 54 228 108 238 233 244 181 106 230 233 96 0 107 178 98 120
48 132 24 168 85 73 80 71 9 5 185 25 38 2 36 80 232 131 6 0 74 43 80 147 177 212 22 59 81 8 206 138
82 60 18 152 9 237 16 66 173 132 136 13 174 214 99 152 132 185 205 17 14 11 146 120 145 148 10 59 0 68 15 86
39 180 15 26 248 109 85 234 185 90 249 125 246 244 14 23 221 219 87 39 173 102 122 39 180 18 68 186 200 76 2 119
60 197 84 168 189 223 82 220 135 52 184 11 15 25 43 144 200 145 199 115 14 35 88 180 243 213 1 127 115 159 92 2
60 33 114 96 235 95 86 125 32 172 176 9 11 191 74 144 190 217 197 98 92 115 144 128 115 205 36 61 99 182 206 130
221 94 3 130 229 112 102 208 101 78 223 118 73 195 235 197 121 204 14 254 239 23 173 226 50 248 163 140 10 247 120 21
173 93 17 174 205 71 135 252 4 238 184 14 86 16 33 160 220 80 66 106 225 39 121 170 49 128 39 60 88 123 33 249
176 157 91 4 82 75 215 230 17 238 250 137 82 53 4 16 248 215 71 34 105 187 81 46 113 38 36 18 65 120 102 251
129 158 27 185 240 164 57 87 60 73 212 246 180 22 160 97 239 26 30 28 179 155 97 119 196 129 186 192 152 136 161 249
129 158 31 185 176 132 57 119 36 90 214 244 181 7 162 97 236 50 78 140 243 156 97 79 244 131 178 192 24 128 161 121
194 156 148 211 201 114 181 135 190 115 70 16 140 54 78 239 129 87 186 144 54 220 179 226 15 50 94 71 130 84 173 142
253 97 197 97 142 19 70 216 67 242 177 238 83 72 217 187 88 196 124 255 205 103 237 24 176 201 229 188 125 251 114 4
20 158 151 31 147 138 6 172 118 19 72 84 102 224 40 212 145 74 160 2 50 72 15 63 169 166 21 78 210 118 133 36
21 164 140 23 155 103 6 200 22 243 64 17 84 226 105 8 17 78 32 156 55 208 155 50 233 6 77 108 184 113 160 2
80 32 6 1 74 10 32 64 228 32 194 66 208 130 0 82 104 204 106 128 0 211 197 64 148 32 34 16 32 0 35 128
96 34 2 1 72 9 160 72 230 164 224 104 2 128 64 80 104 140 106 0 0 115 199 16 20 0 3 56 65 8 118 128
80 48 2 1 75 74 32 64 36 72 226 47 70 146 2 82 104 196 234 128 0 211 195 0 149 32 2 3 96 0 39 210
96 32 6 1 72 11 160 72 102 32 224 8 194 128 64 80 104 140 106 8 0 115 195 16 20 0 3 48 65 8 114 128
208 158 62 237 48 6 107 112 53 8 215 102 91 51 160 81 116 148 45 234 248 159 9 255 243 235 226 192 56 131 44 51
141 157 106 78 244 113 119 243 124 78 253 44 251 127 186 113 123 226 94 106 253 43 60 111 127 47 166 137 247 242 255 123
217 52 255 103 2 46 109 51 121 10 127 64 127 115 137 115 50 245 108 170 225 212 165 75 215 235 98 128 96 224 99 41
40 144 19 168 93 205 80 97 137 1 177 27 14 19 32 144 232 145 134 0 42 47 80 159 149 213 18 115 83 12 102 130
90 48 19 186 25 237 16 64 184 8 128 13 174 214 96 152 136 177 206 17 12 11 210 80 145 148 26 122 136 5 7 23
188 92 80 170 125 93 82 248 135 44 185 11 15 29 35 144 203 145 199 114 44 39 88 158 243 193 33 61 115 143 76 27
184 116 122 100 99 123 82 124 48 172 184 57 11 159 10 144 186 221 197 227 108 247 128 138 243 233 37 189 99 244 110 211
188 55 18 162 185 123 86 106 49 238 185 189 15 30 11 145 191 211 197 163 172 231 8 138 178 213 41 183 99 85 46 211
