112 34 134 29 74 3 32 72 22 48 194 71 100 192 32 192 88 76 106 0 2 83 203 29 148 34 35 61 24 8 32 146
32 32 2 129 73 9 161 72 54 160 226 10 192 193 96 148 120 140 106 0 0 211 203 16 28 2 7 49 97 8 10 128
80 34 134 13 72 11 32 72 118 160 194 74 66 128 32 82 120 204 106 136 0 211 141 16 20 32 7 32 40 0 99 128
32 32 2 129 77 9 160 72 62 160 226 74 194 192 96 144 120 140 106 0 0 243 201 16 21 0 3 32 65 8 83 160
80 32 10 141 74 9 33 64 102 32 194 10 80 130 32 82 104 204 106 136 0 211 133 64 149 32 3 8 33 0 35 32
65 0 7 129 78 11 224 72 238 160 210 74 213 130 32 80 104 140 106 8 0 243 77 212 148 130 171 48 56 8 17 0
32 32 135 157 72 11 33 72 118 32 194 1 210 192 32 66 120 76 106 36 1 211 203 29 20 34 67 48 16 8 32 192
80 0 7 41 72 75 32 72 86 244 194 2 67 192 32 64 120 132 106 8 14 211 207 29 29 34 3 12 16 8 52 192
65 2 6 29 89 139 32 72 86 160 198 2 66 192 34 196 112 44 106 40 32 211 79 29 28 34 67 0 16 8 56 0
32 32 4 13 8 75 160 72 22 180 224 10 192 128 64 0 89 76 106 0 12 243 203 16 28 2 3 53 80 8 38 128
80 0 135 29 74 2 32 72 118 128 194 100 194 227 32 64 120 196 106 128 9 211 199 0 20 34 67 8 104 32 96 0
64 0 6 137 75 143 160 8 230 160 194 74 192 192 32 208 104 44 106 0 0 209 205 28 28 34 3 48 16 8 48 4
112 0 142 141 74 9 32 72 54 32 194 138 194 192 32 82 120 204 106 12 8 83 207 16 84 32 163 57 48 8 58 128
32 34 7 137 76 11 225 72 22 164 242 78 195 192 96 68 120 140 106 8 8 242 251 144 20 128 131 40 49 8 116 164
97 0 142 157 73 9 32 72 182 176 194 10 66 242 96 66 121 204 106 0 12 83 219 17 148 34 195 61 24 8 58 130
112 0 14 141 77 9 32 72 46 160 194 10 70 194 32 66 104 204 106 8 12 83 203 208 149 32 139 57 16 8 122 130
49 32 6 137 73 11 160 72 110 160 226 72 192 2 0 80 104 140 106 136 0 243 199 80 148 0 3 48 65 0 115 128
112 32 6 141 74 11 32 72 36 32 226 74 134 130 0 146 104 196 106 128 0 243 199 64 148 32 2 8 97 8 43 128
104 50 24 100 32 12 81 16 105 172 182 73 159 19 66 18 132 212 108 12 8 96 193 0 195 249 37 49 64 160 74 3
99 34 128 156 44 141 72 8 143 184 176 204 230 194 144 86 204 228 110 12 10 67 203 17 148 176 163 188 16 136 24 4
113 34 6 9 74 11 160 72 118 160 226 140 194 192 64 18 121 204 106 128 5 83 199 16 28 2 15 56 105 8 50 132
80 32 142 5 74 11 160 72 180 164 194 14 192 160 2 86 120 236 106 128 4 211 199 64 148 34 3 1 64 32 43 132
96 32 6 9 74 11 160 72 46 160 226 206 194 130 64 16 104 140 74 128 5 115 199 80 20 0 3 40 105 8 98 128
80 34 6 133 74 11 160 72 44 36 226 10 198 130 0 86 104 204 106 136 4 243 199 64 148 32 2 1 64 32 43 132
81 32 151 5 10 10 97 72 236 160 194 2 210 162 80 118 105 196 106 136 9 211 135 64 156 34 207 0 8 32 99 36
48 130 7 157 76 131 160 200 214 0 242 66 241 192 160 64 121 104 106 168 10 243 79 157 28 162 231 4 113 8 112 160
96 32 196 173 74 75 160 72 62 176 224 139 130 224 64 2 121 204 98 0 2 114 203 17 29 128 7 61 65 40 71 130
64 32 23 133 78 11 160 64 110 32 242 66 148 130 68 2 42 204 106 8 0 241 197 208 148 176 11 16 64 8 99 128
112 160 134 157 79 195 160 200 22 48 194 3 100 194 32 192 121 108 106 128 2 83 219 157 149 34 139 63 17 8 57 130
96 32 5 141 76 11 96 72 70 160 194 74 214 192 64 66 104 196 106 12 8 115 207 144 156 34 135 56 48 8 48 128
96 32 6 137 77 75 224 72 126 160 242 10 194 130 68 208 248 204 106 128 4 115 211 208 21 2 3 41 65 8 98 134
1 32 22 141 78 11 160 72 126 128 242 194 219 130 32 18 120 204 106 136 8 243 199 64 148 160 163 0 105 8 35 160
64 0 158 93 24 66 32 104 244 128 226 66 80 227 32 66 120 100 106 168 41 211 139 13 21 162 231 0 24 104 96 32
52 160 21 185 219 139 160 200 86 176 224 10 230 208 104 192 121 92 98 16 2 114 91 21 157 130 7 125 240 8 32 130
81 32 158 133 8 14 32 72 236 160 226 66 208 162 80 114 104 196 106 136 9 211 135 64 156 34 207 0 0 32 99 36
121 34 152 37 44 29 80 16 107 168 176 73 159 27 64 146 132 197 76 12 140 98 192 0 203 249 37 48 66 128 74 1
32 32 132 165 78 11 160 72 30 176 240 139 130 192 64 2 121 220 98 1 2 114 219 17 29 128 7 61 65 40 71 130
64 2 158 93 8 14 36 104 246 130 226 64 80 226 160 98 112 100 106 40 33 211 139 9 29 162 231 0 24 104 104 32
96 32 8 161 78 9 224 72 38 160 242 10 147 128 64 16 104 140 106 136 1 242 195 64 212 160 35 40 105 8 106 128
48 34 6 145 75 135 160 72 230 132 242 10 194 194 96 66 104 236 106 128 8 227 223 80 149 2 11 24 65 0 103 132
48 32 14 141 76 11 32 72 22 160 242 74 195 192 64 192 120 140 106 8 10 242 203 17 28 131 5 40 120 8 120 128
52 160 148 185 219 203 32 200 86 176 224 10 198 209 104 64 121 92 226 16 10 114 219 21 157 131 5 125 240 8 44 130
81 32 159 5 10 10 97 72 236 160 226 66 210 162 80 114 105 196 106 136 9 211 135 64 156 34 207 0 0 32 99 36
96 0 134 157 73 73 32 72 182 176 194 11 66 194 32 210 121 204 106 0 12 83 219 208 148 34 131 61 24 8 50 130
32 32 197 173 78 75 160 72 62 176 224 139 130 224 64 130 121 220 98 16 2 114 219 16 29 128 7 61 65 40 71 130
52 160 20 185 203 203 160 200 86 180 224 10 198 208 104 132 121 92 226 16 2 114 219 29 157 130 7 127 209 8 36 130
64 0 159 221 12 2 101 120 244 130 226 66 80 227 160 66 112 100 106 168 41 211 139 13 20 162 231 0 8 120 96 32
64 2 159 221 12 66 37 104 244 130 226 66 80 227 32 66 120 100 106 168 41 211 139 13 85 162 231 0 0 104 96 32
81 32 159 5 10 10 97 72 236 160 226 64 210 162 80 114 105 196 106 136 9 211 135 64 156 34 207 0 0 32 99 36
96 32 196 173 79 75 160 72 62 176 224 139 130 224 64 130 121 220 98 17 2 114 219 16 29 128 7 61 65 40 71 130
48 32 6 129 75 3 160 72 230 128 242 10 194 194 96 192 104 141 106 128 12 227 223 80 149 130 139 17 97 0 107 134
64 2 159 221 8 2 101 104 246 130 226 66 80 227 160 66 112 100 106 168 41 211 139 9 84 162 231 0 8 104 96 32
32 34 6 137 78 11 32 72 22 160 242 79 194 192 192 64 120 204 106 12 0 242 203 16 28 2 5 40 113 8 112 128
48 32 134 157 73 139 160 72 182 164 194 3 224 226 32 70 248 108 106 160 8 211 219 157 149 34 203 49 16 8 52 130
52 160 20 185 219 207 160 200 86 176 224 10 198 208 104 132 121 76 98 16 2 114 91 21 157 130 7 127 144 8 44 130
33 34 14 137 76 15 32 72 22 164 210 75 194 192 96 64 121 140 106 12 4 242 203 144 28 0 135 40 17 8 112 128
32 32 22 136 75 11 160 72 118 160 240 10 64 194 32 80 120 141 106 128 8 243 223 80 21 2 11 41 65 8 107 130
96 32 80 161 76 9 224 64 44 32 242 78 151 8 0 16 104 140 106 136 0 242 193 192 20 160 3 40 105 8 99 128
81 32 159 5 10 10 96 72 236 160 226 66 218 162 208 114 107 196 106 152 9 211 135 64 156 34 207 0 8 32 99 36
96 0 134 157 73 9 32 72 54 160 194 11 66 195 96 210 120 204 106 0 8 83 203 208 21 32 131 57 16 8 58 130
96 32 196 173 79 75 160 72 62 180 240 139 130 224 64 18 57 220 226 17 2 114 219 16 29 0 7 61 65 40 79 130
48 32 14 1 74 131 161 72 246 144 226 0 208 194 64 98 120 108 106 128 0 195 223 16 84 2 7 4 97 0 35 164
33 32 14 145 78 203 160 72 86 160 242 66 208 192 224 96 120 108 106 8 5 243 207 144 28 34 167 16 57 8 121 132
96 32 83 129 76 9 224 72 46 32 242 74 150 128 64 208 104 140 106 128 1 114 195 80 20 160 3 40 97 8 99 128
16 34 131 13 72 3 161 72 118 128 242 66 65 227 96 70 120 204 106 136 2 243 207 81 20 160 131 8 97 40 35 160
48 32 6 137 73 11 160 72 110 160 226 8 194 192 0 82 233 204 106 128 0 243 223 84 157 2 7 48 65 8 115 134
88 130 134 29 74 3 32 248 22 176 198 74 96 225 96 82 81 108 106 8 8 83 207 25 92 35 229 61 50 40 48 0
96 0 134 141 79 9 32 72 62 32 210 138 198 194 32 86 120 204 106 128 10 115 207 145 148 32 139 57 49 8 50 128
64 32 135 133 74 11 160 64 126 160 242 66 196 226 64 134 56 204 106 8 0 241 199 64 148 32 3 16 64 40 35 160
32 160 2 13 73 3 32 200 150 176 224 74 212 193 96 80 120 12 106 8 3 211 219 17 29 2 7 44 88 8 34 160
17 34 131 141 72 2 160 72 118 128 242 66 81 194 96 64 120 204 106 136 0 243 207 80 20 160 163 8 97 40 99 128
64 32 7 13 72 75 32 72 164 160 194 66 211 160 0 82 104 236 106 136 8 211 215 0 149 34 3 0 96 32 39 128
96 34 66 128 72 9 224 64 106 40 242 232 11 130 196 80 106 140 110 128 8 243 197 80 148 0 163 168 65 128 98 5
80 0 150 156 74 131 32 72 182 32 194 139 68 194 32 64 120 236 106 128 8 211 195 208 149 32 139 40 16 8 33 0
0 32 22 1 73 11 160 72 246 160 226 0 196 194 96 70 249 76 106 0 0 243 139 76 28 2 3 2 64 0 35 134
97 32 14 9 72 11 161 72 62 160 226 8 210 192 64 16 121 204 106 0 1 83 195 16 21 2 135 40 65 0 35 160
96 0 134 141 77 9 32 72 190 160 194 11 70 194 32 66 120 204 106 8 12 115 203 208 149 32 139 57 16 8 122 130
48 32 6 1 11 139 160 72 246 144 226 10 192 192 64 196 120 236 106 128 0 227 207 92 157 2 7 5 97 0 43 166
96 160 134 159 73 131 162 232 22 180 194 3 100 242 40 196 249 238 234 128 6 211 219 189 21 34 143 47 16 8 33 134
16 32 134 13 75 11 160 72 118 128 226 2 64 192 96 18 120 76 106 128 0 243 215 16 21 32 67 8 97 8 39 132
1 2 7 149 14 139 161 72 254 180 210 202 192 224 160 66 121 236 106 44 0 241 205 220 156 2 111 52 16 8 17 0
112 34 87 173 78 10 96 72 45 32 242 202 223 130 0 82 106 197 110 136 9 243 199 192 148 160 170 8 105 8 35 128
112 0 6 157 74 9 32 72 38 160 194 138 82 194 32 66 104 204 106 12 8 83 207 16 20 32 131 56 49 8 50 128
80 32 142 13 8 11 33 72 230 160 194 2 210 144 32 66 104 76 106 8 0 209 139 12 21 163 103 0 32 0 97 160
96 32 70 137 79 11 224 72 126 160 242 10 202 194 68 144 120 140 110 128 8 115 215 208 21 128 131 57 97 8 98 132
64 16 135 29 72 3 32 72 118 160 194 4 66 225 32 66 113 100 106 0 9 211 95 20 28 34 71 8 104 32 96 16
81 2 7 145 14 11 161 72 238 160 210 74 214 192 160 66 104 204 106 0 1 241 77 220 156 2 175 48 88 8 17 32
32 160 132 13 8 203 32 200 22 180 192 0 192 224 66 0 89 108 106 16 14 211 235 17 28 2 5 53 80 8 38 134
48 32 6 141 77 11 160 72 190 32 210 3 196 194 32 194 248 204 106 128 0 211 203 149 149 34 203 49 17 8 57 130
0 32 7 145 76 11 160 72 86 160 242 66 208 194 96 192 120 140 106 140 0 241 79 144 20 34 131 16 49 8 113 128
112 32 134 157 77 131 160 72 22 180 226 2 100 210 32 196 120 236 106 128 10 83 219 157 149 34 139 63 17 8 49 130
113 2 7 169 76 11 96 72 118 176 210 66 211 194 32 64 120 140 106 140 11 243 207 221 156 34 171 12 49 8 113 160
32 32 82 133 78 73 160 64 44 32 114 66 134 130 128 4 104 140 106 0 1 241 193 192 20 160 2 32 105 8 99 160
97 32 131 5 72 11 32 72 102 160 226 12 194 192 0 86 104 204 106 136 9 83 215 64 20 32 7 56 8 8 50 132
16 32 6 13 74 75 160 72 116 32 226 2 128 130 32 0 120 204 106 136 0 243 215 64 21 32 2 0 65 8 39 128
32 32 14 128 72 3 161 64 118 128 226 8 64 130 32 80 120 140 106 128 0 243 207 16 20 0 3 8 65 0 35 160
80 32 6 133 74 75 160 64 174 164 162 10 198 128 64 80 104 140 106 0 4 211 215 16 156 2 11 49 96 8 5 2
32 32 20 13 11 15 160 72 86 184 192 10 192 192 64 130 89 76 106 0 2 243 203 17 28 2 3 52 80 8 40 128
88 2 134 29 74 2 32 72 118 128 194 64 195 227 32 64 120 228 106 128 8 211 199 16 84 162 231 9 104 32 32 0
96 128 134 29 91 143 160 168 214 184 194 8 64 240 0 195 81 108 234 32 32 211 203 29 28 35 69 52 24 44 24 0
64 34 158 29 88 131 32 72 118 136 194 96 194 224 32 80 81 124 106 32 32 211 139 28 120 35 103 9 80 32 40 162
80 32 215 173 74 10 96 72 46 160 242 234 223 226 64 210 106 197 110 128 9 243 207 64 148 34 171 8 97 8 35 160
65 32 142 13 8 75 33 72 246 160 194 0 210 224 64 66 113 68 106 8 8 211 195 0 29 34 71 16 64 40 48 32
96 32 70 137 79 11 160 72 126 176 242 11 194 194 68 146 121 204 106 128 12 115 223 208 29 2 135 61 65 8 110 134
32 32 22 144 75 143 160 72 118 128 242 10 64 194 96 208 121 236 106 128 0 243 219 84 29 2 7 9 65 8 35 130
96 176 133 13 75 75 32 200 150 176 194 8 196 160 64 80 89 236 106 0 10 83 223 21 157 2 5 60 80 40 38 130
41 160 134 31 89 143 34 200 22 168 198 64 114 224 32 196 89 108 106 8 10 211 91 63 24 167 33 32 80 40 40 128
64 0 14 137 76 75 32 72 246 164 194 2 194 192 34 64 120 140 106 136 6 211 207 89 20 34 131 9 16 8 53 132
17 32 142 157 74 11 160 72 118 160 242 198 209 226 160 64 120 236 106 136 3 241 223 65 20 34 163 0 105 40 99 128
80 2 143 205 12 2 33 72 118 128 226 66 208 227 160 66 120 196 106 136 1 211 131 68 20 34 227 0 32 40 97 32
32 32 14 169 74 11 160 72 118 160 224 74 192 194 32 80 120 140 106 128 0 243 199 16 21 0 131 8 97 8 35 160
81 2 86 137 14 11 225 64 110 32 210 66 223 130 160 64 106 132 110 137 1 241 199 208 148 162 43 0 44 8 113 160
32 32 66 137 77 73 224 72 111 160 242 10 206 138 4 144 104 141 110 129 0 243 209 208 149 144 131 41 65 8 106 134
97 34 143 173 72 11 96 72 54 160 242 202 211 162 192 80 120 204 106 136 13 211 207 80 148 162 163 40 96 8 34 128
0 2 7 137 76 139 160 72 214 48 210 66 209 192 160 64 121 140 106 136 10 243 79 221 20 162 163 4 121 8 112 160
17 34 31 133 78 11 224 64 108 32 242 194 223 130 0 66 106 76 110 136 0 243 199 192 148 160 42 16 97 8 97 160
32 32 6 137 77 203 160 72 150 32 242 11 196 194 32 68 120 236 106 129 2 179 203 209 149 32 139 59 17 8 61 130
96 32 5 129 76 9 96 64 79 160 242 74 212 130 64 80 104 140 110 140 0 115 197 208 148 48 139 56 20 8 113 128
96 32 6 137 77 75 160 72 254 160 242 3 70 144 96 192 248 204 106 0 4 243 211 208 21 2 3 43 65 8 111 134
1 32 7 141 72 11 160 72 118 160 242 66 211 130 0 66 120 204 110 136 8 243 207 84 148 162 163 16 105 8 33 160
81 0 15 133 78 11 32 72 126 160 194 202 211 192 32 80 120 204 106 8 9 242 207 220 148 162 35 32 41 8 49 160
32 34 7 141 76 3 160 72 118 160 242 66 209 194 64 66 120 204 106 136 0 243 207 208 20 32 131 8 113 8 99 128
16 0 6 137 77 11 160 72 190 36 210 2 198 194 32 68 120 196 106 0 12 243 219 212 149 34 203 17 17 8 53 130
16 32 6 9 9 11 160 72 246 32 226 2 128 194 32 192 120 140 106 128 0 241 215 64 20 32 130 0 65 8 40 128
17 34 14 129 78 11 160 72 246 160 242 66 209 194 32 64 120 12 106 140 1 243 207 216 148 34 163 16 49 8 49 128
0 32 6 153 75 139 160 72 118 160 240 11 228 194 32 68 121 108 106 128 0 243 91 81 29 2 79 43 65 8 43 134
16 34 135 133 74 11 160 72 254 160 226 194 207 194 64 66 120 204 106 136 0 243 199 80 148 34 3 16 97 40 33 128
96 32 134 141 73 203 32 72 54 176 224 11 194 194 0 214 121 236 106 128 10 82 207 145 149 32 131 61 17 8 54 134
96 32 4 165 78 11 96 72 70 160 226 10 215 128 64 82 104 204 106 8 8 114 207 144 220 34 135 56 56 8 50 128
16 32 6 129 73 11 160 72 126 164 242 10 198 128 64 64 121 196 106 1 0 243 223 80 149 2 7 17 65 8 99 128
32 34 143 141 72 3 160 72 118 176 240 66 128 195 64 66 120 204 106 140 10 243 207 81 20 32 131 12 81 8 98 160
96 34 2 137 72 9 160 72 102 32 194 206 130 128 0 84 104 140 106 128 8 82 199 16 148 32 130 57 25 8 50 128
80 0 6 129 15 11 161 64 110 32 194 10 194 128 32 192 104 132 106 128 0 209 197 80 148 34 3 1 32 8 57 128
17 32 15 129 14 11 160 72 118 160 242 66 211 192 32 96 120 12 106 8 4 243 207 152 212 162 163 16 113 8 49 128
48 32 70 141 78 11 160 64 60 32 114 66 149 130 128 96 120 140 106 128 1 243 199 192 20 160 2 32 105 8 99 132
16 0 6 137 77 11 160 72 190 32 210 2 198 130 32 64 120 204 106 129 8 243 155 212 149 162 203 17 17 8 49 130
16 32 7 1 8 11 160 72 102 160 226 76 194 128 64 64 104 132 106 8 5 241 205 16 20 2 35 16 73 8 115 128
96 32 15 137 78 11 160 72 22 160 242 75 208 128 96 64 120 140 106 140 0 243 67 208 20 0 163 40 17 8 112 128
32 32 2 137 77 143 160 72 118 160 240 2 192 194 32 64 248 172 106 129 8 243 195 208 149 0 139 9 65 8 107 130
96 32 82 137 76 9 224 64 44 32 242 74 142 137 0 0 104 140 106 136 0 114 193 192 20 48 3 40 73 8 67 128
96 32 134 141 75 11 32 72 182 160 226 11 64 194 32 192 120 204 106 0 4 211 203 216 21 32 131 59 17 8 126 130
96 32 6 140 75 73 32 72 38 36 194 10 192 130 2 82 104 204 106 128 0 83 203 80 20 32 3 41 1 8 38 128
48 32 14 137 8 11 161 72 102 32 194 131 210 128 0 66 104 196 106 0 8 195 207 16 148 34 195 48 48 8 48 160
32 32 14 137 78 11 160 72 22 160 242 138 194 192 96 64 121 140 106 12 0 243 207 144 28 0 7 40 81 8 112 128
48 32 6 137 9 15 160 72 230 128 242 10 194 194 96 192 104 140 106 128 12 227 219 80 149 130 139 25 97 0 43 134
96 32 66 129 78 9 160 64 44 32 242 74 147 128 0 208 104 140 106 136 1 242 193 64 20 160 3 40 105 8 107 128
96 32 6 137 79 75 32 72 174 160 226 11 134 130 32 194 104 204 106 0 4 243 219 208 148 32 139 51 17 8 118 134
96 0 6 137 77 75 32 72 102 48 194 2 194 128 32 64 104 132 106 0 8 211 219 16 149 34 131 13 16 8 52 128
32 32 6 9 72 11 160 72 118 160 194 0 208 128 96 64 120 76 106 8 0 211 203 16 20 2 35 32 96 8 51 128
32 32 6 137 9 15 160 72 230 132 242 10 194 130 96 64 104 141 110 128 8 227 211 208 149 128 139 24 65 8 99 134
32 32 2 137 76 9 225 64 44 32 242 10 135 129 0 20 104 140 110 8 8 243 193 192 20 160 3 40 105 8 67 128
24 32 134 29 8 147 0 104 54 176 198 0 83 224 0 98 81 76 106 40 10 211 235 29 92 35 101 52 48 40 0 128
32 34 7 137 76 11 160 72 22 160 242 74 195 128 96 64 120 140 106 136 8 243 67 208 21 128 131 40 113 8 112 128
96 32 134 141 75 11 32 72 166 176 194 10 198 208 32 66 104 204 234 0 4 211 219 152 21 32 131 55 16 8 58 134
16 32 6 137 9 139 160 72 246 128 226 10 194 194 96 192 120 236 234 128 8 227 203 80 149 2 7 25 97 0 43 132
104 50 24 100 32 12 80 16 41 168 182 9 159 19 66 18 132 212 108 12 8 96 193 0 195 249 33 49 74 160 74 3
96 32 6 141 75 11 32 72 190 160 226 11 192 146 32 196 120 204 106 0 4 211 203 208 21 32 131 49 17 8 58 130
64 144 134 13 9 7 0 232 214 184 194 0 192 240 32 194 81 76 234 0 0 211 203 29 29 34 69 14 16 44 48 130
112 32 6 13 73 15 32 72 182 160 194 10 64 192 32 210 120 204 234 128 8 211 139 0 21 34 131 8 32 32 34 128
32 32 6 137 9 11 160 72 230 128 242 10 194 194 32 192 104 140 106 128 8 227 211 80 149 128 139 25 65 8 35 134
96 0 6 137 77 11 32 72 174 32 242 11 134 128 32 66 104 204 106 0 4 243 155 208 149 32 3 57 17 8 122 130
97 32 6 9 72 11 160 72 54 176 194 8 208 192 64 2 121 76 106 4 0 211 207 16 28 2 47 60 65 8 50 132
37 12 207 30 168 34 71 184 82 226 98 236 115 225 137 27 17 102 96 42 233 240 143 46 40 46 101 24 233 241 66 33
96 32 6 136 77 11 32 72 6 32 242 10 192 194 32 70 104 204 106 128 8 243 195 192 21 32 139 41 16 8 50 130
16 32 22 25 75 11 160 72 246 160 226 0 196 194 96 66 120 76 106 128 0 243 195 64 157 34 3 3 64 0 33 134
22 172 148 18 153 243 22 168 54 183 0 17 108 242 75 220 145 79 160 48 50 64 11 63 169 86 5 103 146 117 135 70
96 34 2 152 104 129 160 72 238 136 240 232 130 194 196 86 72 236 110 128 8 99 207 80 148 16 163 185 65 136 98 132
113 162 0 168 44 13 72 136 15 60 176 73 134 64 68 22 201 196 108 12 10 99 203 145 145 208 1 188 16 8 90 5
80 2 142 77 8 2 33 72 118 128 226 66 208 224 128 82 120 196 106 136 9 211 131 68 84 34 231 0 40 40 96 0
121 34 152 32 40 13 80 16 107 172 176 77 159 11 64 146 128 197 76 12 140 96 192 0 203 249 37 48 66 128 74 3
32 32 20 137 75 79 160 72 22 180 224 10 70 192 96 0 121 92 226 16 2 83 91 17 29 128 15 61 80 8 45 130
65 32 143 5 8 10 33 64 100 160 226 64 208 130 144 114 96 196 106 136 1 209 135 64 156 34 135 0 40 32 99 32
36 176 20 153 203 223 48 200 150 180 224 10 198 208 96 132 217 28 234 16 2 83 91 29 29 130 7 127 208 8 45 130
80 2 143 93 8 2 33 120 118 128 226 70 81 225 160 66 112 100 106 40 33 209 139 12 84 163 231 0 40 104 96 32
48 32 4 141 79 79 160 72 46 164 176 10 2 128 64 146 104 220 234 1 8 115 219 80 29 0 7 49 65 8 78 130
48 32 133 141 75 75 160 72 182 164 160 10 2 128 64 146 120 220 234 0 8 115 219 16 29 0 15 57 65 40 6 130
32 32 20 137 79 79 160 72 22 176 224 10 196 208 96 128 121 140 98 16 2 115 91 17 29 128 7 61 81 8 44 130
65 34 159 133 14 10 105 64 108 160 226 66 220 130 144 114 96 196 106 136 1 209 135 64 148 34 175 0 40 32 35 32
65 34 142 133 10 10 33 64 100 160 226 66 208 130 144 114 96 196 106 136 1 209 135 64 148 34 175 0 40 32 99 32
48 32 4 141 79 75 160 72 46 164 176 10 6 128 64 146 104 220 234 0 8 115 219 80 29 0 15 57 65 40 14 130
36 160 22 153 203 207 48 200 150 180 224 10 198 208 96 132 89 28 234 16 2 83 91 29 29 130 5 127 208 8 45 134
80 2 143 93 8 2 33 120 118 128 230 96 83 225 160 82 112 100 106 40 9 209 139 12 84 162 231 0 40 104 96 32
17 32 15 153 12 11 160 72 254 32 242 194 217 194 160 64 120 204 106 136 1 241 207 208 212 34 162 0 105 8 33 160
16 48 135 29 26 3 32 120 246 160 194 101 99 225 32 82 80 108 106 32 41 195 203 29 28 162 101 8 42 32 32 144
65 32 134 28 72 131 33 72 246 136 194 128 114 228 96 82 81 108 106 4 0 195 239 17 28 34 101 24 64 32 34 64
24 160 134 29 27 11 32 200 54 240 194 9 64 228 64 192 89 108 234 0 43 209 207 29 157 2 5 36 56 40 0 176
48 32 6 137 79 139 160 72 22 52 242 3 196 210 32 196 120 236 106 0 2 243 219 217 149 34 139 63 17 8 57 134
97 0 142 29 74 131 33 72 118 160 198 128 80 224 130 114 112 108 106 8 0 210 239 17 28 34 69 8 32 32 34 100
32 48 134 29 9 203 32 72 182 176 194 8 64 192 96 0 89 108 234 16 0 209 219 20 29 2 5 53 16 8 4 210
16 0 6 137 74 11 32 72 118 32 194 130 194 193 0 64 120 196 106 0 9 210 207 20 20 34 195 16 48 8 48 128
112 0 7 137 8 11 32 72 86 180 194 2 194 192 32 64 88 132 106 0 12 211 203 16 148 34 3 30 16 8 48 196
80 32 134 5 72 11 32 72 54 224 194 1 192 224 0 82 120 204 106 136 13 211 207 4 21 34 67 0 0 32 49 128
45 14 198 62 136 34 71 184 82 130 98 204 115 225 153 11 17 102 96 46 233 240 143 46 104 110 101 16 233 241 66 32
6 172 148 18 185 183 22 168 54 191 64 17 196 242 75 88 145 79 160 48 54 80 27 63 41 22 77 103 144 117 139 6
17 0 6 137 72 11 33 72 54 32 194 0 210 129 32 64 120 68 106 4 0 209 203 20 20 162 99 16 16 8 48 128
117 38 230 119 136 2 7 184 82 178 66 108 83 225 145 11 25 102 96 62 185 243 143 42 104 110 101 4 237 248 80 32
96 0 22 136 75 11 32 72 70 176 194 10 194 192 32 208 72 140 106 0 11 211 203 17 21 34 3 44 24 8 48 162
104 32 134 28 73 3 33 72 246 184 198 0 98 241 32 212 81 110 234 0 10 211 203 29 24 35 101 44 18 44 56 128
64 32 134 29 8 3 32 104 246 176 194 1 192 228 32 66 81 100 106 0 1 195 203 29 29 34 69 28 24 40 48 176
17 34 143 205 8 2 33 88 246 160 226 102 209 163 160 98 120 196 106 136 1 209 167 76 84 163 226 0 41 168 96 32
17 32 15 133 78 11 160 72 126 160 242 66 217 130 96 82 122 205 110 136 1 243 135 208 212 32 163 0 105 8 33 128
64 32 6 141 77 79 160 72 182 180 226 3 196 210 32 198 248 92 234 128 4 211 203 216 149 34 139 55 16 8 45 134
17 34 7 133 78 11 161 72 126 160 242 74 215 130 192 80 120 204 106 8 0 242 207 208 212 34 163 48 40 8 17 160
64 32 6 152 77 15 160 72 190 160 242 11 204 210 96 128 248 204 106 128 4 243 211 208 21 32 11 43 65 8 43 134
17 34 13 141 76 11 224 72 118 160 242 74 211 194 192 64 120 204 110 136 9 242 207 208 148 160 163 24 113 8 32 160
17 32 2 141 76 11 96 72 118 160 242 74 81 194 224 64 120 204 106 8 1 242 207 144 84 162 163 56 49 8 113 128
16 32 6 41 72 11 160 72 102 160 194 0 210 192 0 66 104 76 106 0 0 211 79 16 84 3 35 0 96 8 50 128
32 32 6 13 72 15 32 72 54 32 192 8 64 192 96 80 120 204 106 0 0 211 203 16 21 34 131 40 0 8 50 130
6 164 148 27 153 215 22 168 62 179 64 1 108 242 79 156 145 91 224 48 54 80 155 63 41 22 69 111 210 116 15 70
48 32 6 137 73 11 160 72 118 160 240 3 196 194 0 68 120 204 106 128 14 243 219 209 149 34 139 59 81 8 35 134
16 34 6 133 74 11 96 72 102 160 242 202 223 130 64 66 104 204 110 136 0 243 199 192 148 162 163 0 97 8 35 128
96 32 14 141 73 11 160 72 126 160 226 11 192 194 64 86 249 204 106 0 0 211 219 144 21 32 139 59 81 8 59 134
17 34 15 133 14 10 233 64 236 160 226 66 212 130 144 114 104 196 106 136 1 209 133 64 212 32 171 0 41 0 99 32
80 32 6 137 73 11 96 72 110 164 242 10 206 194 0 82 104 204 106 128 8 243 215 208 149 34 3 25 65 8 35 134
32 32 5 141 76 11 160 72 86 160 242 66 209 194 0 66 120 204 106 136 10 243 207 209 20 162 163 16 81 8 99 128
17 32 7 173 76 11 160 72 86 160 194 66 211 193 32 96 120 204 106 8 8 243 207 144 148 34 163 0 49 8 49 128
96 32 0 129 79 73 160 72 38 164 240 138 134 144 64 144 104 140 234 128 8 115 211 64 21 0 3 59 65 8 110 130
1 34 6 141 78 11 160 72 54 160 242 66 81 194 96 64 120 140 106 128 0 243 199 80 20 32 3 0 105 8 35 128
53 174 207 127 154 2 71 248 82 242 98 228 115 225 153 123 29 238 100 46 169 243 143 47 120 239 101 20 233 248 98 32
96 0 6 136 77 73 160 72 46 32 242 10 6 194 32 84 104 141 106 128 12 243 211 208 21 32 10 57 17 8 99 130
0 32 6 137 73 11 160 72 246 160 242 3 192 194 32 64 248 76 106 128 4 243 219 212 149 34 139 11 81 8 35 130
33 32 3 133 74 9 160 72 38 160 242 74 144 192 64 80 104 140 106 140 0 243 199 64 20 32 3 40 97 8 99 128
96 32 10 137 76 9 160 72 46 32 242 74 146 128 0 64 104 136 106 136 8 243 199 208 212 0 163 24 17 8 113 128
6 172 150 27 153 215 22 168 190 183 64 1 204 246 111 156 145 123 224 16 54 80 155 63 43 22 69 111 146 116 13 198
96 32 6 137 73 11 160 72 166 160 242 11 194 210 96 64 232 140 106 128 12 243 219 80 149 34 139 26 81 8 35 134
1 32 15 133 74 11 160 64 52 32 242 74 211 192 0 112 120 140 106 136 1 243 199 64 20 160 35 0 105 8 99 128
17 34 143 93 8 10 33 88 246 160 226 96 81 227 160 114 120 228 106 8 9 241 143 8 84 35 231 0 41 168 96 32
32 32 20 152 75 95 176 72 22 180 224 10 196 210 64 132 121 88 234 16 6 115 219 16 29 130 5 63 80 8 45 130
112 32 22 137 79 11 160 72 174 32 242 10 134 130 32 64 104 140 110 0 12 227 219 208 149 32 139 49 17 8 107 134
96 32 6 137 73 11 160 72 230 160 242 11 194 194 96 194 104 204 106 0 8 243 219 80 149 32 139 27 81 8 47 134
16 34 7 133 72 11 160 72 38 160 242 74 194 129 64 22 104 204 106 8 8 243 203 16 148 32 3 56 97 8 67 128
48 32 7 137 76 11 160 72 38 32 242 10 194 128 96 64 104 140 106 8 8 243 75 208 148 0 131 40 113 8 113 128
112 32 6 137 79 11 160 72 166 32 242 10 134 130 32 196 104 140 110 128 8 227 211 208 149 32 139 49 17 8 115 134
104 50 24 96 32 13 80 16 105 168 52 77 159 19 2 18 132 196 76 12 8 96 208 0 195 249 33 49 72 128 74 3
17 34 143 133 8 10 97 80 236 160 226 66 209 130 144 114 104 196 106 136 1 209 133 64 212 34 163 0 41 32 99 32
96 32 0 137 79 77 160 72 46 164 240 11 134 208 64 134 105 220 234 0 8 115 219 80 29 0 15 59 65 8 46 130
32 48 20 152 79 95 176 72 22 180 240 10 196 208 64 132 249 152 234 0 6 115 219 145 29 128 7 63 81 8 45 130
48 32 6 137 78 11 160 72 46 32 210 130 192 130 32 82 104 204 106 128 8 243 195 208 148 34 139 35 48 8 56 130
80 32 22 140 75 139 32 72 118 132 226 1 196 194 96 64 248 236 106 128 4 243 219 80 149 34 7 11 80 0 35 134
102 162 132 31 232 137 136 136 142 189 144 169 227 224 200 150 73 206 238 145 14 67 207 49 156 48 175 189 84 132 14 132
105 34 24 32 33 13 80 16 105 172 180 77 159 27 64 146 132 197 76 12 12 96 192 0 195 249 37 49 66 128 74 3
1 0 6 157 78 139 160 72 118 176 210 194 209 192 160 64 121 236 106 136 8 242 79 221 84 162 227 4 121 8 112 160
98 34 0 136 44 13 200 72 111 40 176 73 130 202 20 16 204 128 78 4 12 35 203 208 145 216 163 57 80 8 74 4
64 160 134 29 9 139 32 232 182 176 194 9 224 240 104 66 209 108 106 48 36 211 219 29 29 50 69 31 80 32 58 134
36 180 166 31 153 195 18 168 150 240 66 1 96 228 36 17 145 102 224 32 40 209 155 47 41 38 69 7 128 100 52 82
125 34 133 165 172 26 68 24 43 186 130 237 207 42 81 154 129 197 236 21 13 64 201 0 140 243 109 180 136 244 18 0
96 34 64 168 45 13 64 24 11 60 176 73 143 9 84 148 200 132 76 12 14 98 200 145 151 217 33 191 82 140 90 5
14 172 148 27 153 215 50 168 191 181 0 17 236 242 79 157 145 123 234 16 54 72 155 119 47 22 93 111 146 116 141 6
96 32 6 153 73 9 160 72 246 160 226 9 194 192 96 192 248 204 106 0 12 243 219 80 149 34 3 27 81 8 42 130
112 32 22 137 79 11 160 72 110 32 242 2 198 130 32 68 104 140 106 0 0 243 219 208 149 32 131 33 17 8 111 130
96 32 10 137 72 9 161 72 102 32 194 2 210 128 0 64 104 140 106 8 8 211 193 16 212 32 130 48 48 8 49 160
96 0 6 137 79 9 32 72 102 32 194 10 194 128 32 80 104 132 106 128 8 211 221 16 149 34 131 40 48 8 49 128
4 172 150 31 153 131 130 232 190 176 64 1 228 224 40 69 145 111 106 48 38 211 219 63 41 54 77 47 208 96 43 134
32 34 7 137 76 11 224 64 46 32 242 78 194 128 32 64 104 140 106 8 8 243 65 208 148 0 131 32 113 8 113 128
112 32 6 137 79 11 160 72 174 32 242 10 198 130 32 64 104 140 110 128 12 243 203 208 149 32 139 59 17 8 127 134
1 32 7 137 78 11 160 72 174 32 242 66 212 130 32 64 104 12 106 12 0 243 69 208 148 32 163 16 49 8 113 128
16 0 6 137 77 11 160 72 110 32 210 3 198 130 32 192 232 132 106 128 8 243 193 208 149 34 139 25 81 8 49 130
96 32 5 133 78 11 96 72 126 160 226 74 212 195 64 80 120 204 106 8 0 242 207 144 28 34 163 48 56 8 51 160
70 160 150 22 201 215 52 200 150 182 0 9 196 246 75 142 145 127 232 18 38 67 155 58 13 22 77 127 130 116 15 198
117 166 207 117 158 10 71 248 86 242 226 230 83 225 209 43 25 108 96 44 169 242 207 10 120 175 101 4 237 248 112 32
80 34 6 141 76 11 160 72 86 160 194 66 209 192 160 96 120 204 106 136 0 243 207 212 148 34 131 16 49 8 49 128
86 160 132 20 139 67 20 232 18 182 66 9 68 246 64 198 145 92 233 2 0 83 219 24 25 34 77 63 130 100 23 134
37 160 143 85 156 11 101 248 246 179 194 76 83 225 216 34 17 100 104 44 169 241 207 24 12 42 101 52 233 232 80 32
17 32 6 141 72 11 160 72 118 160 242 194 209 130 160 80 120 204 106 136 8 242 207 24 20 162 163 0 105 136 96 160
16 0 7 157 73 203 160 72 54 164 194 3 196 226 32 196 121 236 234 0 0 211 203 144 149 34 67 11 16 12 37 134
96 32 2 137 74 11 160 72 102 32 194 2 194 128 32 64 104 140 106 128 8 67 195 16 20 32 163 56 49 8 48 128
64 0 6 137 78 11 32 72 230 32 194 10 194 128 32 64 104 140 106 128 8 211 199 80 148 34 131 48 16 8 49 128
32 34 6 1 72 11 160 72 102 160 194 64 195 128 0 66 104 76 106 12 0 211 195 16 20 34 35 48 97 8 51 128
64 32 6 9 73 11 32 72 166 160 194 11 194 192 96 210 104 204 234 128 8 211 143 0 20 34 131 40 0 8 43 128
21 164 174 31 154 131 1 248 22 240 68 128 113 228 202 99 21 110 96 60 170 208 175 63 40 175 101 44 176 96 2 96
117 166 207 85 158 10 103 248 118 242 194 230 83 225 209 43 57 204 104 44 169 240 239 10 124 175 101 4 237 248 114 32
72 160 134 95 24 3 4 184 150 178 66 8 96 225 104 82 17 110 104 32 32 193 139 59 106 47 101 60 146 224 0 0
78 176 150 22 201 87 52 232 182 182 128 9 196 246 73 142 145 127 235 18 6 67 219 56 29 50 77 127 130 116 15 134
116 164 134 31 154 7 18 168 150 184 66 8 64 224 96 1 149 108 104 32 32 209 139 61 40 34 69 118 240 32 0 1
48 32 6 137 77 11 160 72 110 36 242 3 196 130 0 196 232 140 234 129 8 243 211 208 149 34 139 59 81 8 51 134
96 32 6 156 77 203 160 72 182 160 194 11 198 226 96 196 248 236 234 128 8 195 203 208 21 34 67 59 16 12 45 134
17 34 7 141 76 11 32 72 118 160 194 194 209 194 224 64 120 204 106 136 8 243 199 216 148 34 227 16 49 136 49 160
0 34 7 137 78 10 104 64 238 32 242 66 221 130 0 64 104 140 110 140 0 211 197 208 148 32 170 0 97 8 97 128
48 32 2 137 77 11 160 72 238 32 242 11 132 130 32 80 232 140 106 128 0 243 217 208 149 32 139 59 65 8 123 134
96 32 15 129 78 11 160 64 110 32 242 74 213 131 64 64 106 140 106 136 0 243 199 208 20 32 163 32 49 8 99 128
80 32 2 137 77 73 224 72 111 160 242 11 206 130 0 212 232 140 234 128 8 243 211 208 149 32 3 43 65 8 43 134
32 32 4 141 76 11 160 72 102 32 242 66 209 130 192 66 104 204 106 140 0 243 207 208 148 160 163 16 113 8 99 128
64 32 15 173 76 11 32 72 86 160 194 66 209 195 128 64 120 204 106 136 8 242 207 208 148 162 163 8 48 136 49 128
64 0 6 137 77 11 160 72 174 36 210 10 196 194 32 68 104 140 106 128 12 243 195 208 149 32 139 27 17 8 39 130
33 32 6 141 76 11 160 72 118 32 242 66 209 194 160 64 120 204 106 136 0 242 79 80 20 162 35 0 105 8 99 128
16 34 7 137 14 11 160 72 44 32 242 66 213 131 160 64 104 140 110 140 0 241 71 192 148 32 162 0 53 8 113 128
16 32 6 137 77 11 160 72 238 32 242 3 196 194 32 68 104 140 106 129 12 243 211 208 149 34 139 27 17 8 43 130
0 32 75 129 78 11 160 64 44 0 242 74 157 130 0 64 104 140 106 140 0 243 199 192 20 32 3 0 97 8 99 128
32 32 6 137 77 11 160 72 46 32 242 11 0 194 32 196 232 140 234 128 4 243 219 208 21 32 139 27 17 8 43 130
0 32 7 137 76 11 160 72 46 32 210 74 209 130 64 64 104 140 106 8 8 243 199 208 148 32 163 16 48 8 49 128
96 32 6 136 73 9 160 72 190 160 242 11 70 146 32 212 248 140 106 128 4 243 219 208 149 32 11 27 81 8 35 134
65 32 7 137 78 11 160 64 52 32 242 74 219 194 128 64 120 140 106 136 1 243 199 192 20 160 3 8 97 8 99 128
112 32 6 137 73 11 160 72 174 160 242 10 194 146 96 66 232 204 106 128 8 243 219 208 149 32 11 27 17 8 39 134
17 32 7 137 76 11 160 72 54 160 242 74 195 128 32 64 120 140 106 12 0 243 199 208 20 130 3 32 97 8 113 128
112 32 6 137 79 11 160 64 174 32 242 11 134 130 32 192 104 141 110 128 12 227 195 208 149 32 139 25 17 8 43 134
96 32 6 137 75 11 160 72 174 160 226 11 198 194 96 66 232 204 106 0 4 243 219 80 149 32 3 27 17 8 43 134
0 32 7 129 72 11 160 72 46 160 242 202 194 129 64 0 104 140 106 8 0 243 207 80 148 0 3 48 97 8 3 128
0 32 7 137 76 11 160 72 46 32 242 74 195 128 96 64 104 140 106 8 8 243 207 144 148 0 131 48 97 8 49 128
112 32 6 137 79 75 160 72 166 160 242 11 198 130 32 192 104 140 106 128 12 243 195 208 149 32 139 27 17 8 43 134
96 32 6 137 77 9 160 72 166 160 242 10 194 130 32 212 104 140 106 128 8 227 219 208 149 32 139 27 17 8 59 134
104 50 24 96 32 13 80 16 41 168 52 77 159 19 64 18 132 196 76 12 8 96 208 0 195 249 33 49 74 128 74 3
96 32 6 137 73 75 160 72 238 32 242 11 198 128 96 196 232 140 106 0 4 243 219 208 149 32 131 27 81 8 59 134
112 32 22 137 73 75 160 72 254 0 226 11 198 194 96 192 248 204 106 0 4 227 203 208 149 32 3 27 16 8 47 134
96 32 6 136 78 11 160 72 166 32 240 171 135 130 160 64 106 140 110 128 12 99 199 208 148 48 171 59 21 8 58 134
96 32 23 140 75 11 32 72 118 164 226 3 196 194 96 198 248 204 106 128 0 211 195 64 21 32 3 3 16 0 39 134
64 160 134 29 73 203 32 232 182 176 194 9 192 240 96 66 249 108 106 16 36 211 219 29 29 34 69 23 80 40 59 134
114 34 0 168 108 13 72 72 47 44 176 73 135 72 84 148 200 129 206 1 14 99 203 145 148 208 161 185 80 8 94 132
120 34 16 96 45 13 64 24 43 172 176 73 139 9 196 148 137 132 76 4 12 98 200 144 143 217 33 51 66 140 94 5
105 34 144 32 32 29 88 16 105 172 178 41 143 3 194 146 134 197 108 12 12 96 192 128 194 249 37 51 98 132 74 1
14 176 150 27 153 215 48 232 191 180 130 9 236 246 111 156 145 127 234 48 38 193 155 125 11 18 77 127 146 36 13 198
113 6 207 125 10 2 71 120 118 194 230 228 115 225 177 123 95 236 100 46 169 243 239 15 248 175 101 128 237 240 114 33
78 176 148 21 201 87 52 232 190 182 192 9 204 246 74 134 145 93 235 49 4 83 219 88 29 50 77 63 130 100 15 198
117 162 207 117 142 11 101 248 118 242 226 238 83 225 208 34 25 108 108 44 169 243 239 8 92 171 101 132 237 232 114 49
157 89 41 186 180 147 71 209 151 192 213 162 123 212 163 104 86 106 158 86 234 128 105 191 224 207 173 144 52 250 16 113
56 69 2 0 209 50 167 192 32 0 190 2 6 2 42 144 120 132 206 226 8 147 1 66 176 37 142 5 65 95 171 128
236 1 18 128 229 2 38 64 68 40 199 26 70 130 40 208 248 132 138 98 72 151 0 194 176 37 6 20 0 126 168 128
160 93 16 142 89 217 150 104 12 0 252 8 166 84 33 148 72 160 202 66 0 35 90 62 53 52 2 59 80 62 14 150
50 165 80 40 123 137 72 238 59 5 56 136 174 2 12 16 187 131 70 0 10 43 2 117 184 148 16 123 80 0 135 142
86 0 128 144 141 120 128 2 62 167 130 26 198 32 67 74 225 198 238 17 30 9 161 194 152 38 26 19 128 109 21 70
73 176 80 33 178 2 40 148 112 64 34 76 27 18 144 112 23 5 84 24 165 208 213 64 76 105 52 196 236 128 43 9
32 32 6 137 77 11 160 72 174 32 242 10 4 210 32 212 232 140 106 129 4 243 211 208 149 32 139 27 17 8 35 134
32 32 6 137 73 11 160 72 190 160 240 11 196 210 32 68 248 140 106 128 4 243 219 208 149 34 11 59 17 8 43 134
80 34 7 141 78 11 32 72 38 32 210 74 209 130 96 64 104 140 106 8 0 243 199 208 148 34 131 0 33 8 49 128
0 32 3 137 78 9 224 64 44 32 242 74 139 130 32 64 104 141 110 136 8 243 195 192 20 160 131 40 97 8 97 128
96 32 6 136 77 9 160 72 174 32 242 11 6 130 32 212 232 140 106 128 0 243 211 208 149 32 11 27 17 8 35 134
17 32 7 137 76 11 160 72 174 32 242 74 195 128 96 64 104 140 106 12 0 243 135 208 148 0 3 32 97 8 113 128
112 32 2 137 79 9 160 64 174 32 242 11 134 130 32 192 104 141 110 128 12 163 195 208 149 32 138 27 17 8 43 134
112 32 6 137 75 9 160 72 174 160 242 11 198 130 96 194 232 204 106 128 8 243 219 208 149 32 11 27 17 8 43 134
16 32 6 29 72 139 32 72 118 160 194 74 67 192 96 0 121 236 106 8 8 211 143 80 28 34 7 40 96 8 32 128
32 32 4 129 76 11 160 64 46 32 242 202 131 130 0 0 104 140 106 12 0 243 197 208 20 32 3 48 113 8 67 128
32 32 5 137 76 11 224 64 14 32 242 74 194 128 32 64 104 140 106 8 0 243 69 208 20 0 131 48 117 8 115 128
96 32 6 137 73 11 160 72 166 160 242 11 198 194 32 192 232 140 106 128 12 227 219 208 149 32 139 27 17 8 59 134
96 32 6 157 73 139 160 72 166 160 194 9 192 194 96 210 232 236 106 0 4 195 203 80 21 34 3 27 16 8 47 134
112 32 22 137 75 67 160 72 182 0 242 171 196 194 224 192 120 204 234 128 4 227 199 208 148 32 131 27 49 8 47 134
64 32 22 13 73 203 160 72 182 176 194 9 196 208 96 194 248 108 234 0 6 195 155 25 29 34 7 31 80 8 59 134
98 34 0 168 44 13 64 72 15 60 176 41 131 8 212 148 200 128 238 1 14 98 75 145 148 216 129 63 80 140 94 4
96 32 0 152 104 201 128 72 174 36 176 169 198 194 128 214 72 233 238 128 14 67 207 209 148 48 11 59 80 12 38 134
156 29 97 222 180 211 30 49 150 172 223 230 107 236 177 96 87 234 31 74 232 128 108 158 242 79 37 144 22 254 20 97
48 165 80 10 113 201 72 236 59 37 184 8 78 2 14 144 187 139 198 0 10 42 8 85 184 144 0 103 64 6 198 142
1 52 80 33 50 9 126 57 113 112 48 204 159 16 144 49 23 29 84 41 163 112 157 29 36 218 33 164 108 128 131 17
50 180 80 2 113 141 201 192 59 41 249 8 78 82 14 148 185 139 198 160 10 50 72 85 185 212 0 34 113 6 206 150
54 164 0 35 113 207 240 105 57 108 249 10 78 90 14 16 189 153 198 160 14 178 72 215 184 16 7 99 65 6 70 199
