112 32 205 165 13 75 224 72 43 164 176 137 143 8 68 150 72 205 238 1 8 227 201 208 157 208 7 51 96 40 79 134
52 176 21 153 219 199 33 200 86 180 224 10 230 210 104 192 89 88 226 16 3 210 91 21 157 130 5 124 176 8 36 130
96 32 192 164 78 73 160 72 46 164 224 139 130 128 68 18 104 204 66 1 0 114 219 80 28 0 7 57 65 40 71 130
40 50 193 237 76 11 225 88 54 168 240 110 147 129 192 16 89 220 102 136 11 242 203 145 92 201 163 44 125 168 114 176
81 32 159 133 10 10 105 64 236 160 226 66 222 130 64 114 98 197 110 136 1 209 213 64 156 34 143 0 32 0 35 36
64 34 86 208 106 136 232 64 254 132 98 128 236 194 96 86 50 109 106 140 4 209 142 192 156 50 15 1 0 0 103 132
81 32 151 133 10 10 32 64 236 160 226 66 222 130 80 114 96 197 106 136 1 209 133 64 156 34 143 0 32 0 35 4
61 182 211 217 214 131 66 216 87 232 242 102 115 193 232 228 121 202 38 56 171 242 79 159 190 206 37 36 127 136 112 161
116 128 140 173 140 91 16 168 110 176 130 136 211 116 0 226 201 212 238 32 12 97 207 21 155 227 239 117 16 40 13 2
64 2 151 93 8 66 36 104 244 130 226 64 82 224 160 66 112 100 106 40 41 241 139 13 20 162 103 0 80 120 112 32
96 32 192 172 76 9 160 72 46 164 240 139 130 128 68 18 104 204 66 1 0 114 203 80 29 0 7 57 65 40 70 130
64 24 159 223 12 130 37 104 246 50 194 102 242 243 160 66 89 230 106 40 9 227 219 125 208 34 227 24 24 104 96 34
96 34 249 100 108 73 225 8 107 180 240 169 131 201 212 18 203 204 102 17 136 114 207 80 30 24 5 61 69 136 86 130
81 138 158 158 84 130 98 224 254 132 66 71 109 226 34 66 113 238 42 140 36 217 142 235 30 38 199 1 168 224 105 132
80 0 159 221 12 2 33 104 244 128 194 66 208 226 32 98 120 228 106 136 1 209 147 72 21 162 199 0 16 104 96 32
89 34 214 229 40 14 120 16 47 164 166 13 207 35 66 214 162 196 108 12 12 193 193 192 158 251 7 17 34 160 73 1
60 164 21 187 223 195 129 232 22 49 240 26 244 209 104 197 89 218 2 184 43 114 91 189 189 130 223 110 179 8 176 168
81 32 151 133 10 10 96 64 236 160 194 66 220 130 80 114 96 197 106 136 1 209 133 64 156 34 143 0 32 0 35 36
20 160 20 184 219 131 32 200 86 176 192 10 230 210 104 0 89 88 98 16 2 82 75 21 157 130 5 127 152 8 45 130
64 0 150 93 8 2 37 104 246 130 226 0 82 225 160 66 112 100 106 40 32 241 139 13 85 162 103 0 88 120 112 32
115 34 66 165 12 9 224 64 107 164 178 205 207 2 70 22 106 197 110 133 12 115 205 192 148 240 11 50 105 0 107 132
89 34 24 165 32 13 120 16 103 168 178 72 223 3 64 242 166 197 108 12 12 65 193 0 206 241 39 145 40 128 11 1
96 32 192 172 78 9 160 72 46 164 224 139 130 128 68 18 104 204 66 1 0 114 219 80 29 0 7 57 65 40 86 130
80 32 6 132 72 8 32 64 230 32 194 10 66 128 32 86 96 204 106 136 0 243 141 80 20 32 3 8 0 0 35 0
32 32 2 129 72 9 160 72 54 160 226 10 192 128 64 16 120 140 106 0 0 211 201 16 20 0 3 48 65 8 18 160
17 4 150 173 39 26 96 40 255 160 194 2 207 226 34 198 178 101 108 45 36 209 141 204 152 242 71 3 32 100 9 4
48 158 134 159 25 218 48 194 190 140 198 33 230 242 34 197 241 124 234 0 34 195 138 63 185 182 67 11 0 44 53 166
105 34 16 36 44 13 64 24 43 168 176 109 206 147 64 18 137 196 108 12 9 99 201 0 147 249 33 58 72 8 66 3
81 32 151 133 10 14 32 64 236 160 194 66 214 130 80 242 96 197 106 140 1 209 133 64 156 34 143 0 0 0 35 4
89 34 148 165 40 12 80 24 107 168 178 72 223 19 64 82 134 197 108 12 141 96 201 16 198 249 37 50 40 128 67 1
16 0 6 133 9 90 96 104 253 164 194 2 207 34 0 230 120 197 236 160 44 209 19 76 157 242 207 17 32 32 45 6
36 160 20 185 207 11 160 200 86 176 224 10 196 208 96 128 121 152 226 16 2 114 75 17 29 130 135 125 17 8 44 130
0 12 22 223 9 147 166 96 244 130 194 66 232 226 32 229 121 106 42 138 32 209 26 255 41 182 199 11 18 32 41 132
32 32 10 9 74 75 161 72 22 164 224 10 212 192 96 80 120 12 106 0 3 243 203 17 20 128 3 40 113 8 34 160
81 0 196 173 13 90 68 8 111 246 162 9 207 34 18 214 34 196 108 12 12 65 221 200 144 242 71 21 32 100 75 4
81 34 81 161 40 9 104 0 111 160 178 72 143 2 192 18 138 197 108 12 8 67 193 192 144 248 7 56 64 128 67 4
104 34 208 100 33 29 80 16 41 172 182 45 143 3 194 22 130 212 236 12 8 96 192 128 214 249 37 51 98 164 78 3
32 140 147 190 93 135 162 232 150 0 80 2 244 225 32 64 217 106 34 8 34 186 90 191 173 182 135 40 16 8 48 130
96 32 14 5 74 73 160 72 38 164 194 10 64 192 64 18 104 204 106 0 0 211 203 16 29 0 7 41 1 8 22 130
81 34 134 5 74 10 33 72 118 164 198 10 82 128 224 86 112 204 106 8 1 211 141 24 20 32 39 0 41 0 115 160
20 160 148 185 219 143 32 200 22 180 224 10 198 210 72 132 121 88 226 16 2 82 219 21 157 130 5 127 208 8 5 130
96 34 80 100 108 13 112 16 107 168 178 77 207 9 84 18 130 196 108 12 136 98 193 208 214 248 33 50 74 128 66 1
56 48 135 29 24 203 33 72 150 176 198 4 114 224 160 64 81 108 106 8 11 211 255 31 89 135 5 36 80 40 38 176
65 0 150 29 9 22 37 104 244 138 230 68 64 241 160 198 112 100 106 40 40 241 155 9 28 162 199 0 26 120 104 36
96 34 12 13 74 11 33 72 6 180 192 10 212 128 66 18 73 204 106 0 8 83 203 16 156 2 3 60 80 8 14 128
80 2 135 29 10 2 33 72 246 128 194 70 66 226 32 64 120 236 106 136 9 211 199 16 20 162 195 24 96 32 116 160
33 32 21 13 75 139 160 72 86 176 192 66 194 144 0 130 89 108 106 0 8 243 203 16 28 0 3 52 81 8 32 132
81 32 158 141 14 10 96 8 110 160 130 10 223 34 0 82 34 196 108 12 0 209 205 192 148 186 71 16 40 32 65 0
128 14 150 159 24 131 34 98 182 128 66 66 231 227 160 197 81 110 42 8 34 216 10 191 160 166 119 0 24 104 33 136
97 34 144 36 40 9 72 0 107 164 178 13 143 11 208 18 139 197 108 28 12 99 201 64 158 216 5 58 64 128 74 4
40 32 2 197 75 27 160 72 174 160 246 2 138 131 64 118 104 204 106 8 0 243 193 64 85 32 3 33 99 136 103 162
88 0 134 29 8 2 32 72 246 128 194 0 192 226 32 66 120 100 106 0 8 211 199 16 20 162 195 24 64 32 112 128
100 162 193 129 236 9 225 200 26 176 176 236 147 201 196 144 89 204 98 28 11 114 207 144 28 16 165 124 205 168 82 176
96 32 192 164 76 73 160 72 46 164 240 139 130 128 68 2 104 204 66 1 0 114 203 80 29 0 7 57 65 40 70 130
81 32 159 133 10 14 104 64 236 160 226 66 222 130 80 246 96 197 106 140 1 209 149 64 156 34 143 0 32 0 43 36
32 32 7 157 77 207 161 72 214 160 226 67 192 192 96 68 248 108 106 0 5 241 75 28 28 34 135 2 24 8 48 132
0 24 158 158 91 207 49 72 190 132 66 1 228 247 34 64 193 122 170 0 6 219 154 127 69 54 83 11 16 8 37 218
49 32 67 93 92 143 99 88 86 224 102 66 83 192 160 100 120 108 34 12 169 178 109 30 60 174 39 32 123 138 112 164
32 32 192 164 76 9 160 72 14 160 240 139 130 128 68 2 104 220 66 1 0 114 203 80 29 0 135 57 65 40 86 130
64 0 151 93 8 2 101 104 244 130 226 64 80 225 160 66 112 100 106 40 40 241 139 13 84 162 231 0 16 120 96 32
17 142 7 190 20 131 102 232 22 70 66 119 99 224 170 193 121 106 2 44 46 219 11 191 176 166 179 0 48 8 176 200
81 32 151 133 10 10 105 64 236 160 226 66 220 130 80 114 98 197 106 136 1 209 133 64 156 34 143 0 32 0 35 36
20 160 148 185 219 203 32 200 86 180 224 10 230 210 104 196 121 88 226 16 2 82 91 21 157 130 5 127 240 8 44 130
17 12 22 159 8 130 36 96 244 130 226 66 196 226 32 195 105 101 106 170 32 209 3 108 152 162 199 0 0 32 41 0
16 32 15 141 74 66 161 72 118 4 242 226 65 194 0 66 120 204 106 128 0 243 207 80 20 160 130 8 97 8 103 132
53 182 64 155 222 145 130 200 22 49 240 238 243 192 232 4 89 10 2 24 63 114 79 191 60 134 39 108 253 8 112 144
97 34 76 137 76 11 0 72 134 160 194 239 195 128 194 64 72 132 110 133 8 83 79 16 156 32 143 48 28 8 24 0
97 34 64 133 44 9 224 72 110 224 176 205 199 8 214 146 170 204 110 13 13 112 205 80 148 176 35 48 72 8 91 148
24 32 79 237 66 74 97 88 118 36 118 194 211 195 128 96 120 204 106 136 1 242 231 66 212 167 162 0 97 136 102 160
80 32 134 5 74 11 32 72 164 164 194 136 66 224 66 82 104 196 106 128 0 211 199 0 148 34 3 9 32 8 51 128
89 0 142 29 10 2 32 120 246 128 198 0 82 224 160 114 112 108 106 8 8 211 239 28 92 163 101 8 96 32 112 0
32 160 149 29 75 203 32 200 86 176 192 8 194 224 64 2 89 108 106 16 10 211 219 17 29 0 5 52 16 40 38 130
48 34 6 1 74 131 160 72 230 0 226 0 192 194 64 64 104 44 106 128 0 195 207 80 20 2 3 8 64 0 35 128
8 26 22 190 73 135 178 98 158 12 68 37 228 227 34 196 216 106 170 0 6 219 90 63 125 54 86 11 90 40 45 138
81 0 15 189 12 143 96 72 214 172 194 2 211 192 32 64 120 172 106 168 46 243 207 157 220 227 167 4 49 8 112 128
32 32 2 129 76 9 160 64 62 32 224 10 128 128 96 0 120 140 106 0 0 243 197 80 148 0 131 48 81 8 82 162
96 32 10 137 76 9 225 64 172 32 224 10 134 130 64 80 104 140 106 0 8 179 197 64 148 0 139 48 113 8 19 128
96 32 14 9 72 11 160 72 118 160 226 8 194 192 64 16 120 140 106 0 8 211 203 16 20 2 131 48 65 8 51 128
64 32 14 13 72 10 160 72 164 32 194 10 194 128 0 210 104 204 106 128 0 243 135 64 148 32 2 0 72 32 43 128
16 32 6 13 72 2 32 72 118 0 226 66 64 128 32 80 120 76 106 128 0 243 199 16 20 32 2 0 65 8 35 128
33 34 7 9 72 11 160 72 118 164 226 76 194 192 192 80 121 204 106 8 4 210 239 16 28 2 135 32 64 0 114 164
48 32 142 189 74 3 160 72 118 136 246 34 65 243 192 192 120 220 234 128 2 243 207 83 20 165 163 11 97 40 47 163
44 160 135 29 155 3 1 200 22 176 192 64 66 224 64 144 17 108 106 16 11 211 203 31 12 6 69 52 24 32 2 128
112 146 135 20 8 66 34 216 246 136 194 96 82 244 160 210 81 100 234 0 9 211 143 25 24 34 101 8 64 96 112 48
49 32 10 185 92 203 35 72 22 164 242 10 115 208 98 96 248 168 34 8 8 243 219 154 253 133 135 41 49 8 112 162
81 2 134 157 76 26 96 64 236 160 194 70 192 226 128 246 96 228 110 140 5 211 199 204 148 34 231 16 8 32 105 4
80 2 3 128 74 72 32 64 102 32 194 74 130 130 32 86 104 204 106 128 0 211 133 80 148 32 10 9 33 0 35 0
98 34 12 129 12 11 96 8 47 164 146 169 198 64 196 84 75 132 110 5 8 98 207 208 156 16 15 51 84 8 21 36
96 32 6 9 74 11 160 72 54 160 194 8 192 192 64 18 121 204 106 0 8 83 207 16 28 2 135 56 97 0 34 132
80 32 87 140 72 74 97 72 175 32 242 170 206 130 0 86 104 205 110 128 9 227 199 192 148 176 138 56 65 8 35 36
97 34 137 36 104 13 73 88 43 188 176 76 146 128 212 18 205 196 110 12 11 99 203 17 156 152 165 188 88 136 66 49
33 32 6 1 72 11 32 72 102 160 226 8 192 192 0 82 105 76 106 0 0 211 207 16 20 2 135 48 65 0 114 128
112 32 132 157 79 141 128 72 30 48 240 11 230 210 96 208 249 216 234 1 14 99 219 145 149 34 139 63 17 12 30 146
32 160 148 29 10 11 32 200 86 184 192 8 194 224 64 6 89 108 106 16 10 211 203 16 28 0 5 52 16 40 34 132
80 0 134 28 72 2 32 72 246 128 194 0 82 224 32 66 113 100 106 0 8 211 207 16 28 34 101 8 64 32 112 0
104 48 82 172 77 15 240 72 59 172 240 15 70 216 100 144 248 220 230 0 12 115 218 208 85 177 3 59 89 8 110 131
32 32 90 56 121 203 178 72 158 128 112 40 100 216 100 16 217 121 98 1 2 243 138 27 61 150 3 43 81 10 103 130
80 32 6 12 72 11 32 72 38 160 194 138 194 160 0 82 104 196 106 0 0 211 199 0 148 34 3 40 65 8 34 130
96 32 6 9 73 15 160 72 118 160 226 72 194 192 64 16 120 140 106 0 12 211 203 16 21 2 131 48 73 8 51 130
81 32 23 5 9 10 96 0 111 160 162 8 206 130 64 246 98 197 110 12 13 65 221 64 149 176 3 48 0 0 67 4
97 32 64 13 76 9 192 72 107 160 176 205 195 192 84 146 72 204 110 5 12 99 207 16 148 176 3 56 73 8 82 132
65 32 87 133 74 30 104 64 239 224 226 204 222 130 128 246 98 197 110 140 5 209 183 64 148 34 3 0 40 0 35 52
64 32 6 5 72 10 32 72 228 32 194 10 194 128 0 82 104 204 106 140 0 243 135 64 148 32 2 0 97 32 35 128
64 0 6 129 74 11 32 0 230 32 194 2 194 130 32 84 104 140 106 0 8 211 197 16 148 34 131 48 16 8 16 4
97 32 23 133 78 75 161 72 174 160 226 10 214 192 64 214 104 204 110 8 9 243 215 80 157 2 7 48 64 8 3 164
65 32 149 165 40 14 104 16 105 168 162 73 207 35 64 82 130 197 108 12 13 192 193 192 150 251 71 16 72 160 67 1
32 162 72 137 108 73 192 200 31 180 176 171 163 200 196 16 91 200 198 0 10 114 207 145 156 16 133 61 85 136 86 132
59 32 6 169 13 31 160 72 94 224 194 2 203 128 38 224 248 140 234 133 12 241 111 144 149 225 139 51 17 12 121 196
112 0 2 137 74 9 32 72 70 32 194 138 130 192 32 66 104 204 106 8 8 115 207 16 148 32 3 56 49 8 50 128
96 32 241 65 108 75 225 72 107 164 176 137 138 137 84 18 75 220 110 0 138 99 207 81 28 24 5 57 69 136 86 130
32 34 30 185 108 143 176 72 150 180 240 3 212 193 32 64 217 120 106 0 2 243 75 157 93 146 7 61 80 8 52 130
16 0 135 205 28 66 97 72 118 128 194 66 208 243 32 98 120 220 106 136 8 211 203 221 213 162 227 8 48 40 52 160
96 34 68 137 108 11 96 8 15 160 242 239 195 192 192 208 72 140 238 4 8 98 207 208 148 16 171 56 28 12 120 128
83 34 222 165 42 10 120 16 45 164 162 9 207 19 66 82 166 197 110 12 12 209 129 192 150 250 67 18 34 128 107 7
36 160 149 153 207 219 160 232 22 176 240 10 192 208 104 166 89 88 234 24 43 99 123 157 29 130 207 127 177 8 20 164
48 34 90 173 78 3 176 72 54 36 240 34 1 194 160 64 120 156 106 128 8 243 203 208 84 161 35 41 113 8 111 130
16 32 6 9 72 11 160 72 118 168 226 8 192 128 0 80 120 140 106 0 0 211 141 16 20 0 35 32 105 8 35 130
96 32 7 9 72 9 32 72 118 32 226 10 64 192 32 80 120 204 106 136 0 211 199 0 20 32 130 8 64 8 35 128
48 32 10 184 69 203 161 72 22 164 114 10 83 209 32 64 120 168 34 8 0 242 19 156 213 131 131 41 112 8 116 162
81 34 6 133 14 26 160 80 236 224 226 198 220 130 144 242 98 204 106 140 133 209 151 196 148 34 2 0 8 0 107 132
81 34 14 133 10 11 224 64 110 160 178 205 206 130 210 18 42 204 110 12 4 241 205 64 148 48 43 16 72 0 75 132
114 34 76 137 44 9 97 8 47 164 178 233 207 0 192 80 234 133 110 5 8 99 199 208 148 144 11 57 20 8 21 4
96 32 83 140 108 73 65 72 111 36 242 168 142 130 4 86 200 205 110 128 9 99 199 208 148 176 138 57 65 8 38 36
81 0 158 141 11 26 104 104 253 128 194 2 206 226 38 199 178 229 110 168 44 209 135 204 144 162 79 19 40 32 41 4
0 0 6 137 74 11 33 72 102 32 194 198 210 128 32 64 104 132 106 0 9 243 207 16 20 34 163 16 57 8 48 144
17 4 150 157 25 146 174 104 244 130 194 64 232 226 36 197 248 109 106 168 44 193 27 223 160 54 203 3 24 96 41 4
113 34 142 29 74 2 32 72 118 128 194 104 80 224 224 82 81 108 234 16 9 211 207 24 28 34 101 8 64 32 58 160
97 34 80 161 40 9 105 0 111 160 178 72 143 2 80 86 162 197 110 12 8 98 205 80 132 216 7 56 64 128 67 36
40 140 23 159 93 199 34 232 158 0 64 66 228 243 32 196 217 106 2 0 35 216 90 191 45 182 135 42 26 8 49 130
32 32 135 29 24 219 32 72 182 248 194 8 64 224 96 4 89 108 106 16 1 209 207 28 28 2 5 54 24 8 2 148
48 0 6 137 13 11 32 72 102 32 194 2 194 128 34 192 104 132 106 0 12 211 207 16 148 34 131 9 16 8 56 128
49 32 15 1 72 11 32 72 118 224 194 72 82 128 192 112 120 76 106 0 1 211 205 20 20 2 39 0 97 8 50 160
96 32 209 69 108 9 96 0 107 160 178 77 206 9 84 18 138 204 110 12 9 114 217 64 158 184 5 48 74 160 66 128
96 32 7 29 72 11 32 72 54 164 194 8 64 192 32 80 120 204 106 128 0 211 203 0 20 34 3 9 0 8 54 128
8 160 150 29 11 139 32 200 246 184 194 8 64 240 96 134 89 124 234 16 2 209 203 28 29 2 5 54 18 36 0 160
81 32 87 129 106 202 96 64 239 32 162 8 206 130 4 244 34 165 110 8 0 209 149 80 148 176 3 16 0 0 3 36
113 32 72 169 44 9 64 72 111 32 176 9 135 0 18 16 200 132 110 5 12 99 199 16 148 240 3 56 72 8 74 132
81 34 158 133 10 10 96 0 238 160 162 2 223 162 128 82 34 228 110 136 0 209 141 64 220 162 103 17 32 32 41 0
32 32 2 9 72 11 161 72 118 160 226 8 208 128 64 80 120 140 106 0 0 211 197 16 20 0 35 48 97 8 35 128
80 32 6 5 73 11 160 72 164 32 194 2 192 128 2 82 104 204 106 136 4 211 199 64 148 32 130 1 0 0 43 128
80 2 14 173 76 11 96 72 118 40 210 2 211 195 160 64 120 140 110 136 8 242 207 150 212 231 163 0 48 8 112 128
37 162 196 1 206 11 160 200 30 176 176 206 147 200 68 18 89 204 98 20 11 114 207 16 28 8 165 124 217 40 82 144
96 32 76 137 76 11 97 8 7 164 178 143 195 128 66 80 72 132 110 133 8 99 199 208 148 16 131 56 28 8 112 132
17 32 75 201 84 3 227 88 118 0 118 2 81 195 160 116 120 204 34 136 1 242 183 218 84 172 162 0 105 136 97 160
32 34 79 141 78 67 161 72 118 4 240 226 128 130 0 68 120 204 106 128 1 243 207 208 20 32 2 10 113 8 103 164
81 10 150 149 8 130 100 96 244 130 194 64 201 226 160 194 96 228 106 168 36 209 3 76 156 163 231 1 8 224 41 0
80 0 134 29 74 2 32 72 118 160 194 0 64 224 32 82 112 76 106 0 0 211 207 17 20 34 67 24 112 32 32 0
80 32 134 29 74 130 32 72 118 128 194 8 64 224 32 82 113 108 106 0 0 211 207 25 20 34 101 8 64 32 50 128
88 160 134 29 74 67 32 200 22 176 64 9 80 229 64 80 81 108 106 0 2 211 203 17 221 3 69 45 48 40 6 130
49 32 3 217 86 159 162 88 86 224 114 78 83 192 160 228 120 168 2 140 5 242 53 222 20 142 131 40 121 136 112 164
0 0 30 154 91 195 176 72 190 4 210 163 228 215 34 64 248 121 170 128 38 211 2 233 85 34 139 3 16 8 37 131
49 142 14 191 28 131 98 248 22 17 194 231 99 226 168 193 121 234 42 44 46 211 15 191 168 231 227 4 48 168 56 128
16 32 7 129 78 75 160 64 206 160 210 67 196 194 32 64 104 140 106 128 1 241 199 208 148 162 139 18 57 8 49 132
97 32 80 96 108 9 104 16 107 164 178 9 143 11 86 22 138 197 110 12 12 114 216 208 150 216 1 59 102 128 66 4
17 14 22 159 16 134 38 112 244 130 194 68 225 227 160 197 112 110 42 174 41 217 11 175 164 162 199 0 8 32 104 128
0 160 134 93 25 135 0 216 214 176 68 0 112 241 104 116 81 124 106 8 34 211 219 29 73 2 5 44 18 40 32 162
117 166 134 21 140 3 37 248 118 242 194 76 82 224 209 11 57 100 104 56 41 211 207 8 28 34 229 68 233 120 114 0
12 164 156 23 155 67 22 200 150 183 4 0 228 242 73 10 145 94 233 146 50 67 155 59 105 7 77 111 128 112 47 130
50 34 6 77 75 27 160 72 191 172 246 42 72 194 68 212 120 140 234 128 0 243 195 192 22 48 3 35 67 12 107 134
32 160 73 128 76 73 225 200 27 180 240 139 2 204 76 16 89 216 98 17 10 114 222 145 29 0 133 60 85 8 86 144
80 2 135 93 8 2 32 104 118 128 226 66 82 225 160 66 112 100 106 40 9 241 139 12 20 34 231 0 40 40 96 32
76 172 158 82 145 247 22 172 54 183 14 16 236 243 73 88 145 94 161 50 50 192 11 63 107 215 69 103 146 115 143 2
28 172 188 90 145 175 22 172 118 183 78 24 102 241 72 20 145 126 224 50 50 72 27 63 235 231 5 119 210 115 135 34
52 160 159 153 203 207 33 200 22 176 224 10 84 210 96 0 89 92 98 16 3 83 91 29 157 130 13 124 80 8 37 162
24 0 38 165 13 27 96 72 126 164 194 2 203 8 16 228 248 204 236 33 12 241 205 156 149 227 203 19 96 12 93 6
117 166 143 85 140 2 39 248 82 186 66 104 83 224 145 43 25 100 104 62 185 243 175 10 40 46 101 4 225 248 112 32
80 32 148 165 9 74 96 0 107 164 162 9 207 34 18 86 162 197 108 0 12 65 221 192 145 242 71 17 32 36 77 6
70 160 132 23 139 83 20 200 146 186 0 9 228 242 75 142 145 78 232 18 54 83 139 56 9 2 77 127 130 116 11 135
81 32 135 133 74 10 96 64 108 160 226 74 212 130 16 242 96 196 106 136 1 211 149 64 148 34 139 0 40 32 35 32
104 34 208 101 104 9 120 16 43 172 178 237 143 15 70 18 166 197 237 4 12 98 192 192 150 249 37 51 66 164 66 19
80 0 134 132 9 90 100 104 237 174 130 3 198 34 6 214 224 228 236 160 44 193 3 204 157 242 199 19 32 32 109 6
165 78 206 94 168 34 70 184 210 178 98 72 115 225 153 43 17 102 96 46 224 240 142 43 104 46 101 16 225 241 66 32
97 34 17 100 44 13 80 16 43 168 176 73 143 27 68 22 136 196 108 12 9 98 200 16 131 248 1 58 66 136 66 3
16 26 150 159 25 214 48 96 254 140 198 33 230 242 34 199 232 116 234 32 44 193 27 109 145 50 67 19 16 44 45 6
6 172 132 18 185 179 22 172 190 191 0 17 204 226 79 220 145 79 161 48 54 80 11 127 42 22 93 111 144 117 139 6
48 32 0 141 79 9 160 72 174 164 160 11 2 128 64 146 104 204 106 0 8 115 219 80 157 0 15 57 65 40 78 130
89 34 153 165 33 13 72 16 111 168 178 72 223 3 64 210 132 197 108 12 12 64 193 0 203 249 35 17 2 128 67 1
81 0 135 77 8 14 33 104 246 128 226 64 208 224 128 86 112 100 106 40 9 211 147 12 28 34 231 0 40 32 96 32
57 36 67 233 94 131 162 88 86 32 216 234 115 193 160 228 123 168 34 12 11 178 79 159 180 206 163 44 127 138 120 160
0 28 3 159 83 215 34 98 246 68 64 5 230 226 34 196 217 106 162 0 39 154 58 191 165 182 26 3 16 12 37 222
32 160 148 153 75 143 32 200 22 180 224 10 70 192 96 132 89 92 226 16 2 83 91 17 29 128 13 125 80 8 13 130
117 36 238 119 136 2 7 184 82 242 98 12 83 224 145 11 25 102 96 58 185 243 207 42 104 175 101 4 233 248 80 16
65 32 31 133 74 8 97 64 108 160 226 66 220 130 80 242 96 196 106 136 1 209 133 64 148 32 139 0 32 0 35 32
97 34 158 158 40 0 0 72 230 152 226 224 246 242 128 246 73 230 110 8 8 67 207 113 148 50 103 24 16 104 42 1
88 0 141 173 40 75 64 40 46 180 130 169 215 32 64 82 195 213 236 0 12 193 207 20 204 227 107 21 32 40 12 0
37 14 206 30 136 106 71 184 82 194 102 104 115 225 171 27 17 102 96 42 105 240 175 46 106 175 101 16 233 241 66 16
48 32 64 141 79 73 160 72 46 164 240 11 2 128 64 130 104 204 66 1 8 115 193 80 149 0 3 57 65 8 78 130
81 32 158 133 8 10 96 72 236 168 242 64 222 210 192 114 104 196 110 136 9 211 199 64 156 32 175 0 9 0 107 32
80 32 140 161 12 91 192 72 46 164 178 137 215 0 64 18 202 213 110 1 12 227 213 0 221 195 39 49 96 8 15 2
80 0 135 77 72 2 33 72 118 128 226 66 208 225 160 66 112 68 106 136 0 211 131 68 84 34 231 0 32 40 96 32
48 32 20 169 75 75 160 72 22 180 224 10 198 192 96 128 121 28 226 16 2 83 91 17 157 128 15 61 80 8 37 130
81 34 142 5 8 14 33 64 228 164 194 0 208 130 82 114 104 196 106 137 4 211 167 64 156 34 135 0 0 32 99 4
48 32 132 141 75 79 160 72 54 164 160 11 2 128 64 146 120 220 234 0 8 115 219 16 157 0 15 57 65 40 14 130
80 2 158 205 12 2 32 72 118 128 198 66 208 227 160 70 120 196 106 136 1 211 131 68 20 34 195 1 40 40 105 32
32 32 20 137 79 79 160 72 22 176 224 10 196 208 96 128 121 156 226 16 2 115 91 145 29 128 15 61 17 8 45 130
16 2 15 9 8 11 160 72 102 32 194 66 194 193 0 66 104 204 106 0 8 211 207 16 20 34 67 48 48 8 40 128
68 188 148 26 145 175 7 172 54 243 74 21 102 240 10 208 145 110 32 54 51 72 27 63 169 54 21 102 208 119 131 67
165 206 206 94 152 39 71 184 82 130 100 204 115 224 185 59 21 102 96 42 236 224 46 47 104 175 101 24 225 241 66 8
6 172 148 26 153 231 22 168 54 179 0 16 102 246 73 88 145 95 168 48 50 64 11 63 41 22 77 111 144 117 135 6
65 4 134 156 25 150 36 104 254 130 226 68 192 226 36 199 240 228 106 160 45 195 27 221 48 50 203 19 24 100 105 6
113 34 134 29 74 19 32 72 118 168 194 192 112 224 192 114 80 108 106 4 132 211 239 17 84 34 101 56 48 32 34 128
17 48 6 13 11 91 32 72 246 248 198 76 80 208 96 192 121 108 234 0 169 209 207 28 29 2 5 38 112 44 8 148
81 34 80 161 40 9 105 64 111 164 178 72 143 2 192 84 162 133 110 12 0 97 193 208 148 216 3 50 98 128 67 37
32 34 19 184 90 203 179 72 30 4 112 42 244 216 32 0 250 57 2 33 34 242 10 223 117 150 11 42 81 8 39 163
1 12 23 159 29 195 34 104 222 128 192 66 228 242 32 197 217 104 42 32 35 193 91 255 37 54 75 26 26 40 121 164
17 32 6 1 72 11 32 64 102 160 194 64 210 128 128 96 104 12 106 0 1 243 197 16 84 2 35 0 105 8 115 128
97 32 81 69 108 13 96 72 107 160 176 76 138 9 84 146 202 196 110 12 13 114 208 64 23 184 1 48 73 136 74 132
81 2 158 197 34 8 104 64 236 160 226 66 221 131 160 82 38 197 110 136 0 209 133 192 212 160 42 0 32 128 43 1
112 34 7 9 72 9 33 72 54 40 194 70 64 194 32 80 120 204 106 128 0 211 195 16 21 32 130 40 0 8 54 128
81 32 94 193 2 90 184 64 236 36 246 0 207 130 128 240 34 133 110 8 0 209 135 64 148 162 35 1 64 0 43 37
97 32 72 169 44 73 225 72 47 32 176 137 150 8 18 16 200 132 110 5 4 97 193 208 148 144 3 49 72 8 91 128
56 34 10 189 68 139 99 88 118 164 210 98 83 193 160 64 120 172 46 136 8 178 207 150 212 231 163 5 49 136 48 128
33 162 132 129 76 15 160 200 78 176 176 78 211 200 192 130 105 204 106 29 7 243 223 145 28 2 135 52 89 8 90 128
96 32 73 137 76 9 225 72 47 164 178 142 194 128 64 20 72 132 110 12 8 99 223 144 149 16 131 56 81 8 86 228
116 34 198 5 204 10 225 200 226 180 162 169 194 225 209 94 33 196 106 16 8 243 207 0 92 34 69 53 227 232 86 32
17 32 75 221 80 195 99 88 118 0 246 2 81 211 160 100 120 236 34 136 41 178 175 26 85 174 163 8 113 136 96 160
25 130 4 187 30 3 0 216 22 16 208 231 227 227 168 64 89 74 42 12 14 194 79 189 156 163 227 76 63 168 56 144
32 34 79 141 74 75 161 72 166 36 240 194 144 134 64 100 104 140 106 128 9 243 255 80 148 32 139 48 113 8 38 164
81 2 142 181 8 146 100 96 244 130 226 68 65 226 160 210 112 228 106 172 36 209 135 76 148 163 199 0 40 224 105 4
96 16 135 29 74 67 33 88 118 224 194 76 82 225 128 82 80 108 106 8 9 210 223 17 20 34 101 40 56 160 34 176
0 32 6 29 9 203 32 72 182 188 194 40 64 208 224 192 89 116 234 0 5 209 203 28 28 2 5 55 16 8 44 128
49 32 3 218 84 159 162 72 118 224 114 66 99 192 164 228 120 40 34 12 175 178 55 191 53 14 3 40 121 10 112 164
16 6 30 157 26 194 49 104 182 4 194 163 196 231 34 65 124 125 234 160 32 209 9 221 241 34 234 19 16 40 37 131
37 162 132 25 216 143 160 216 86 241 208 206 209 192 89 172 89 76 106 188 171 242 95 29 28 2 5 116 217 232 10 132
17 2 150 159 24 150 100 104 244 146 194 70 97 226 160 197 112 100 42 174 45 209 31 189 144 162 199 0 24 160 104 132
112 32 6 9 75 15 32 72 102 36 194 10 194 128 32 80 104 132 106 0 8 211 203 16 148 34 131 56 24 8 56 130
16 32 14 41 72 11 161 72 102 160 194 0 194 192 0 64 104 12 106 0 0 243 199 16 20 33 35 0 96 8 51 128
112 34 6 9 73 15 32 72 164 36 194 10 194 192 32 80 104 140 106 128 8 211 195 64 149 32 130 40 32 8 51 128
37 166 135 53 152 2 101 184 214 178 194 192 83 225 209 11 17 100 104 44 184 241 143 8 104 42 101 20 225 248 80 32
18 34 6 133 15 27 160 64 124 32 242 71 203 130 4 196 248 204 238 128 12 241 195 192 148 242 130 19 107 12 107 134
96 32 89 65 77 73 97 72 107 164 176 9 138 8 68 18 169 196 110 0 12 99 208 64 31 152 5 59 97 136 70 134
32 160 69 129 77 79 161 200 30 176 176 11 146 220 68 16 217 217 66 0 10 115 219 209 29 8 5 62 81 8 70 130
56 172 203 94 16 195 67 248 86 136 238 0 115 241 168 112 89 238 38 56 11 179 187 63 123 175 37 9 115 226 102 162
86 176 132 23 155 87 20 200 22 250 64 41 68 242 75 138 145 79 233 18 6 83 139 57 26 2 77 239 138 116 11 151
101 38 206 127 136 2 6 184 210 178 98 64 115 225 145 123 17 102 96 46 168 242 143 47 104 175 101 0 224 240 66 0
24 160 175 93 26 71 3 216 86 180 196 130 112 229 136 114 53 124 106 184 163 211 111 31 89 47 101 20 49 224 39 224
80 2 20 165 13 11 96 32 109 164 146 69 207 40 4 198 226 197 236 1 44 241 69 140 144 242 75 19 40 44 89 6
80 32 218 164 11 72 104 64 105 164 162 9 207 2 2 82 162 197 110 128 12 83 209 192 151 240 7 51 32 0 79 6
117 78 198 62 136 154 70 160 240 130 226 197 99 224 55 211 81 230 104 38 236 243 143 47 160 34 69 0 105 244 122 4
6 176 132 27 153 195 18 232 62 189 64 5 108 226 79 24 145 75 225 48 54 80 155 63 41 22 69 111 144 116 15 22
37 176 134 85 156 10 37 248 246 242 198 108 83 225 208 2 17 100 104 44 169 241 207 8 76 42 101 52 233 232 80 48
19 54 134 5 25 11 162 104 63 168 226 229 66 224 6 198 248 77 236 36 45 241 203 28 152 178 71 18 73 44 41 21
82 2 158 132 9 94 96 64 237 164 130 3 206 242 34 82 224 197 238 128 12 193 145 192 145 242 203 19 0 32 45 6
118 34 132 165 137 10 4 8 43 182 130 205 195 34 65 158 73 196 108 147 8 67 207 128 152 242 207 63 128 116 27 4
97 34 17 96 45 13 64 24 107 168 160 72 143 9 68 22 132 196 108 12 8 98 208 192 151 217 1 58 66 128 66 34
64 24 22 156 25 150 52 96 252 138 194 69 204 242 38 194 224 116 234 162 36 193 19 204 145 50 71 3 8 36 45 22
86 160 134 20 139 3 52 232 150 182 64 9 196 226 64 134 145 124 233 18 2 83 139 24 25 34 77 127 128 100 15 134
17 32 14 5 8 10 32 64 236 160 226 66 208 130 208 114 104 196 106 136 1 209 133 64 148 32 163 0 9 0 99 0
88 34 25 165 41 12 88 16 37 168 182 72 223 3 64 210 192 197 108 12 8 64 193 0 195 249 37 17 2 128 66 3
41 160 64 184 76 145 128 200 86 0 240 234 243 192 248 180 91 136 34 140 11 114 206 147 28 5 163 44 93 8 122 128
0 12 7 158 19 195 35 96 150 68 64 131 228 230 34 68 120 106 2 128 46 155 46 255 161 38 138 3 48 12 37 236
70 14 158 30 169 14 180 170 190 158 130 173 236 232 7 75 135 103 233 39 100 193 203 109 60 50 77 27 200 112 11 3
97 162 156 141 40 9 64 136 207 48 176 232 231 98 196 86 207 196 108 0 10 67 207 145 156 178 3 62 16 40 10 4
117 190 239 62 154 2 70 184 210 250 98 236 115 228 153 59 21 230 96 42 169 242 175 47 104 175 101 148 225 240 66 49
70 172 148 27 153 131 22 168 190 183 0 0 76 242 73 28 145 123 161 16 50 80 139 63 41 22 77 111 128 112 15 6
32 32 0 173 75 77 160 72 38 164 240 11 134 128 64 146 104 204 234 0 8 243 211 16 21 0 11 57 97 8 46 130
68 162 204 19 138 75 133 168 254 183 130 184 226 98 206 83 19 70 104 186 62 65 207 117 204 2 101 125 244 96 135 4
16 34 143 77 8 10 32 72 230 160 230 66 81 195 160 66 104 196 106 136 1 209 131 0 84 34 162 0 32 40 96 0
88 2 28 165 44 11 64 24 46 164 162 41 215 35 64 82 194 197 108 0 12 224 201 16 206 227 99 17 32 160 13 0
68 166 205 63 138 106 5 172 246 247 128 249 241 224 217 75 19 70 104 10 34 97 207 49 108 34 117 60 245 240 214 88
113 34 142 148 40 12 65 72 230 136 178 104 210 194 192 82 200 196 110 136 8 67 195 64 152 176 167 24 0 0 106 4
124 164 133 37 168 42 68 168 35 178 130 233 195 96 193 223 129 212 236 35 44 65 207 8 136 242 237 21 164 240 26 4
121 142 199 126 26 2 71 184 210 254 98 236 115 224 169 51 21 238 96 46 169 243 175 63 48 239 101 20 241 240 66 113
80 32 140 165 44 75 96 0 46 164 162 137 215 2 66 82 194 197 108 1 12 225 197 0 204 227 43 49 0 8 15 2
6 172 148 27 153 203 22 168 190 183 64 0 100 242 109 92 145 123 224 16 50 80 139 63 41 22 69 111 144 36 5 6
32 32 20 137 75 79 160 72 22 160 240 10 196 208 64 4 120 152 234 0 0 243 219 16 29 128 7 59 112 8 45 134
124 182 143 117 142 14 71 248 118 234 198 230 83 229 145 43 93 108 108 46 169 240 235 14 248 231 101 4 225 248 112 49
17 32 15 133 14 10 105 64 236 164 226 66 213 130 0 114 104 196 106 136 0 209 149 64 212 32 170 0 41 0 99 0
60 22 239 63 138 6 71 248 82 238 98 196 115 229 137 27 29 238 100 46 233 243 159 47 248 239 101 20 233 248 114 113
6 172 150 27 153 199 18 168 190 181 0 17 204 246 79 29 145 123 234 16 54 65 155 63 45 22 77 111 144 116 133 70
96 32 0 137 79 77 160 72 38 164 240 10 134 136 64 128 104 140 234 129 8 115 211 208 21 0 3 57 65 8 126 130
17 50 143 93 74 2 33 88 246 160 226 102 81 226 160 66 120 228 106 128 13 241 191 12 84 34 227 0 41 168 96 0
121 150 239 63 26 2 7 248 118 194 226 229 115 245 169 81 87 238 36 46 233 243 191 63 112 175 101 20 249 240 98 113
32 32 20 153 75 95 48 72 22 180 224 10 196 210 98 196 121 24 234 16 6 115 219 17 29 130 7 63 16 8 45 130
198 220 133 151 131 100 38 142 26 179 74 16 236 246 69 239 17 123 176 195 99 220 219 235 45 22 223 2 154 117 129 62
184 159 124 254 175 159 214 249 223 14 221 231 106 233 182 192 254 115 175 99 228 41 75 255 118 123 97 159 127 254 220 91
49 32 3 154 84 151 162 72 86 192 80 71 98 200 48 224 248 42 34 13 175 242 30 191 176 6 131 40 89 12 48 196
16 6 14 189 26 130 42 120 180 132 194 231 65 227 32 65 124 100 107 164 40 209 13 222 244 166 235 1 56 168 32 18
37 160 132 57 201 15 160 200 86 176 128 8 208 192 88 38 217 76 106 29 7 243 223 17 29 2 77 124 216 108 26 132
80 130 199 29 10 2 32 232 182 144 226 225 97 226 164 210 112 100 106 164 44 195 143 77 30 98 231 8 99 164 96 4
115 32 7 141 79 75 33 72 55 224 194 66 194 210 160 228 120 140 106 132 11 211 111 209 148 32 11 2 57 12 48 164
19 34 20 161 13 14 232 0 109 32 242 70 207 10 4 196 232 141 110 128 13 177 85 192 148 242 138 18 104 12 41 150
32 32 81 65 77 77 224 64 107 164 240 11 10 24 84 16 168 141 70 0 0 115 192 208 23 152 3 51 65 8 70 130
32 32 1 137 77 79 160 72 14 176 240 10 146 216 68 132 233 152 66 1 3 114 203 145 21 16 139 63 81 8 82 162
17 0 151 159 13 151 0 104 86 48 194 6 228 226 32 228 249 102 42 44 15 195 95 189 149 162 195 24 56 40 40 132
143 78 134 23 225 62 188 134 58 31 74 17 204 42 15 207 129 79 160 23 52 220 3 226 46 118 94 71 128 117 169 142
221 82 54 254 173 159 93 53 221 234 215 86 222 249 187 237 245 36 190 47 249 117 123 210 179 251 127 146 58 254 153 117
88 2 84 165 45 10 72 0 109 32 178 77 207 10 0 208 226 133 236 1 12 161 197 132 144 243 98 17 46 140 9 2
82 32 90 160 75 72 120 64 169 36 226 9 142 130 38 82 234 197 110 128 12 83 145 192 149 184 2 3 32 0 103 6
132 94 63 239 108 79 191 188 28 78 82 231 245 68 41 64 212 117 43 99 192 180 107 47 101 162 111 128 16 59 37 219
104 34 16 97 32 13 88 16 41 168 178 73 159 11 80 146 142 197 76 4 12 96 192 0 194 217 37 48 66 128 74 1
80 16 158 148 75 14 112 64 237 128 194 7 206 226 38 82 226 229 238 128 12 211 147 192 149 34 75 3 8 32 41 18
96 34 16 96 109 13 64 88 107 168 176 72 143 9 84 22 136 196 110 8 8 98 216 16 151 216 5 58 66 136 66 5
66 24 135 159 11 214 36 96 188 194 194 67 100 246 36 194 240 101 234 160 37 193 19 236 21 34 203 3 8 36 41 22
218 94 247 254 35 226 63 214 189 206 246 181 239 231 165 255 238 247 237 194 41 207 178 234 243 247 254 131 166 245 39 123
104 34 17 224 41 12 80 16 97 40 182 72 159 19 64 210 128 197 108 12 8 96 209 0 195 249 33 17 66 128 66 3
33 160 72 152 76 153 128 200 86 52 240 170 35 200 246 20 89 136 66 141 14 114 206 145 28 0 161 61 85 8 90 132
2 12 7 159 27 195 33 104 244 64 194 131 104 246 32 197 120 122 170 160 33 209 15 253 33 34 203 2 16 44 36 118
113 162 152 173 40 9 65 136 111 60 176 232 199 2 192 86 201 196 108 12 10 98 207 17 140 208 1 60 16 136 66 4
3 156 23 31 91 214 182 162 190 146 66 0 236 240 36 247 193 119 250 3 101 217 27 127 45 50 95 2 24 116 33 44
88 34 156 165 40 15 64 16 47 168 166 73 223 35 0 210 128 196 236 12 8 64 193 0 195 241 33 17 34 160 6 1
100 162 140 4 168 13 76 136 235 186 160 168 195 224 199 158 137 196 236 17 28 67 203 0 156 178 229 253 200 240 90 4
88 32 156 165 40 75 121 16 44 164 162 137 215 3 2 82 194 69 108 5 12 224 193 0 196 227 43 17 0 128 15 2
12 149 216 171 188 249 82 154 7 125 157 181 222 123 202 64 215 90 191 18 158 8 75 179 206 213 163 245 190 203 136 83
191 157 243 220 251 123 87 238 93 230 236 56 94 245 175 180 223 222 146 34 121 246 120 142 187 222 5 126 250 125 198 246
188 159 251 244 243 235 87 242 25 238 254 184 94 247 167 52 95 254 135 50 185 242 104 174 251 215 37 215 231 253 198 243
63 24 166 158 197 183 175 192 212 231 207 6 89 236 55 236 109 237 186 175 181 179 60 206 185 47 207 4 203 255 185 244
32 160 22 153 73 207 176 200 150 180 226 11 196 210 96 132 217 56 234 0 6 243 219 17 29 2 7 63 80 12 37 134
81 18 207 45 74 2 97 120 118 192 226 230 81 226 160 98 120 204 106 136 9 243 231 12 84 163 231 0 57 168 96 112
6 172 148 27 153 199 50 200 190 181 64 17 236 242 108 157 145 95 235 17 50 80 155 127 41 22 77 111 144 36 135 134
125 20 239 125 146 2 71 248 114 226 230 238 115 101 145 113 95 236 116 174 233 243 221 14 248 239 101 148 237 240 114 48
6 164 148 27 153 131 50 200 190 181 64 1 236 226 79 29 145 95 232 48 34 80 139 127 41 22 77 111 144 100 15 134
125 22 239 126 154 2 70 248 82 202 98 236 115 229 185 59 21 230 100 46 169 243 175 47 120 175 101 144 233 248 114 113
18 0 7 158 31 211 160 104 182 0 194 131 96 230 32 196 248 112 170 160 35 131 75 253 17 34 203 11 16 12 53 36
66 0 135 158 75 210 32 104 180 192 194 131 100 242 32 226 240 117 234 129 37 211 151 237 17 34 203 3 24 36 41 6
34 162 64 153 108 137 129 200 86 180 176 171 160 192 206 4 89 202 74 17 14 99 79 145 28 16 13 127 85 12 86 230
