104 48 112 96 101 29 81 16 105 8 52 8 30 19 4 180 132 148 196 8 137 96 240 192 199 249 32 18 66 128 66 35
130 141 6 158 20 131 174 226 148 0 90 2 96 232 48 65 89 106 19 227 34 184 10 255 32 38 138 0 20 8 48 136
104 48 56 96 32 12 81 16 97 136 52 8 31 23 0 48 132 20 93 8 136 96 176 0 195 249 32 16 66 128 66 35
2 205 2 158 20 131 170 226 22 0 90 2 96 234 49 64 88 106 19 195 98 136 10 255 32 38 138 136 20 11 48 136
1 140 3 155 20 131 138 236 86 1 88 70 112 232 188 224 89 106 18 137 163 170 79 255 40 46 187 136 28 10 48 140
97 32 112 64 108 25 248 80 105 104 180 72 139 8 148 180 234 132 86 8 141 98 228 192 22 248 0 48 79 140 66 165
38 162 0 153 204 147 136 200 86 176 208 139 64 200 122 192 89 8 163 149 6 114 79 145 28 2 143 125 213 12 56 132
18 221 8 140 138 64 7 167 128 132 136 131 49 52 35 64 65 242 25 195 92 11 20 57 185 0 140 16 53 112 180 90
104 48 56 96 33 77 81 16 105 136 52 8 159 23 0 48 132 20 93 8 136 96 176 0 195 249 32 16 66 128 66 35
2 141 2 158 21 199 170 230 22 1 88 2 96 232 48 64 89 106 19 129 34 184 24 255 33 38 138 8 20 14 48 138
37 52 121 101 116 14 115 16 112 168 127 72 211 17 137 48 20 92 70 106 129 176 105 14 103 189 33 132 64 171 66 161
2 206 2 158 21 195 146 230 22 4 88 34 32 200 33 64 88 122 131 195 98 170 10 255 32 38 138 11 20 25 52 138
3 143 3 158 20 131 170 230 86 0 90 70 96 226 180 228 89 106 2 140 135 152 12 255 32 46 138 128 28 10 120 140
104 48 112 96 33 29 81 16 105 136 52 8 31 17 132 52 132 148 212 8 136 96 176 192 195 217 32 18 66 128 66 35
104 157 60 110 57 239 87 63 229 8 252 8 127 119 0 112 148 242 93 104 218 43 121 63 243 255 32 16 82 194 194 43
2 141 128 156 147 176 182 167 30 3 72 147 172 42 38 192 129 67 131 129 118 8 0 255 40 22 158 67 24 84 185 14
57 141 67 254 20 131 75 252 87 0 218 70 115 227 184 100 89 234 30 136 171 171 14 191 240 238 162 128 63 138 112 168
104 48 56 96 33 77 81 16 105 136 52 8 159 23 0 48 132 21 93 8 136 96 176 0 195 217 32 16 66 128 66 35
40 249 58 126 96 204 119 246 189 76 124 9 191 191 2 16 164 122 213 74 194 41 50 33 227 249 48 9 66 209 70 251
33 33 97 65 116 27 235 80 109 96 122 66 81 0 148 164 122 204 22 40 129 176 101 206 36 30 160 0 111 138 82 164
50 201 16 168 95 193 150 229 140 12 208 2 44 156 48 64 200 59 147 193 74 43 16 189 177 209 142 75 85 24 181 138
17 133 67 237 148 128 109 119 68 8 90 66 49 3 176 96 104 162 31 200 217 152 37 221 224 168 170 128 52 136 241 40
2 184 51 90 229 141 176 199 251 25 112 80 188 154 100 36 165 59 2 17 147 120 146 241 13 24 26 106 208 0 195 175
34 170 0 153 205 147 168 79 86 181 208 147 128 136 114 192 73 138 163 149 6 250 71 145 28 2 159 109 213 12 184 140
104 48 48 96 33 29 81 16 105 136 52 8 31 23 4 52 132 148 220 8 136 96 176 192 195 217 32 18 66 128 66 35
3 142 2 158 20 131 138 236 86 1 88 70 113 234 184 224 89 106 18 141 167 168 14 255 40 38 171 136 28 10 56 140
97 32 112 64 108 25 248 80 105 96 176 74 138 8 148 176 202 133 87 9 133 98 228 192 22 88 2 48 79 140 90 133
38 160 4 153 205 131 168 200 22 180 208 139 224 200 114 192 89 168 163 145 6 114 79 145 28 0 143 109 85 12 56 130
18 221 8 172 147 68 23 167 4 198 140 131 52 54 34 64 37 115 153 192 120 9 48 47 249 38 158 147 48 84 181 123
16 181 24 171 144 239 51 5 38 5 107 1 183 23 8 64 144 27 5 16 26 152 81 63 233 133 42 64 176 66 133 202
130 133 130 158 147 176 182 167 30 7 9 145 236 106 42 192 145 67 131 7 118 72 8 247 45 54 30 67 144 86 141 78
112 64 96 69 68 26 198 96 97 32 242 11 67 8 149 18 120 196 70 106 204 178 197 204 54 232 0 17 101 187 90 12
181 65 113 67 52 75 103 56 108 168 119 104 211 21 152 49 58 148 68 106 233 176 109 12 229 136 33 20 97 170 70 161
35 170 80 27 125 185 232 207 255 21 113 25 172 200 254 156 203 43 230 21 182 126 74 247 14 30 18 107 215 140 203 140
3 163 36 153 253 153 168 239 206 81 88 214 172 136 254 164 239 11 218 149 215 43 78 213 12 92 158 239 156 12 153 157
41 142 66 223 53 187 98 247 87 1 90 70 235 64 176 228 89 42 142 12 187 184 69 191 164 255 130 64 158 142 248 140
194 184 150 152 137 237 48 71 175 29 160 25 172 158 98 27 193 51 235 16 50 75 210 241 157 144 26 123 144 68 135 74
37 61 83 65 85 95 226 112 109 224 123 72 82 16 149 180 88 236 82 122 137 178 125 12 39 156 1 4 75 171 82 164
80 105 27 252 50 192 53 103 188 4 234 161 189 135 32 80 102 187 239 128 66 155 162 111 241 229 58 11 32 16 167 107
33 125 27 109 85 143 103 114 102 232 104 76 146 145 49 48 216 108 18 110 201 186 112 62 229 157 1 48 88 59 82 168
101 81 123 103 100 14 111 48 104 136 127 72 215 51 153 51 150 116 68 106 193 176 161 8 231 185 96 128 64 243 66 161
245 67 79 239 22 2 111 120 100 192 211 230 83 65 185 97 126 196 62 238 233 179 109 140 240 235 231 132 45 187 112 33
56 205 106 238 20 131 79 247 213 0 222 2 115 227 177 100 120 170 31 232 202 139 44 191 242 239 166 128 55 138 112 40
80 177 19 250 11 204 21 103 185 81 225 56 190 215 40 112 162 187 202 0 83 11 146 117 209 241 18 75 64 0 167 58
160 225 113 65 116 75 103 189 117 44 116 24 211 21 140 53 26 24 70 104 115 180 105 31 109 152 37 68 99 138 198 160
3 141 3 158 20 131 170 230 86 0 90 70 112 226 176 228 89 106 18 137 163 152 14 255 32 38 138 128 28 10 48 140
104 48 56 96 33 77 81 16 105 136 52 8 159 23 0 48 132 21 93 8 128 96 176 0 195 217 32 17 66 128 70 35
38 160 4 153 205 3 168 200 22 180 208 139 192 200 114 192 89 136 163 145 6 114 79 145 28 0 143 125 213 12 56 134
165 69 113 69 116 74 103 56 116 224 119 96 211 17 157 116 122 220 102 106 233 176 109 14 101 174 33 4 103 171 68 161
97 32 112 64 108 25 248 80 105 96 176 74 138 8 148 176 202 133 87 9 132 98 228 192 22 88 2 48 79 140 90 133
182 48 96 16 79 219 208 72 95 245 160 159 2 140 87 156 217 137 227 145 14 102 223 208 30 18 149 127 245 12 94 214
3 142 10 158 20 131 138 236 86 1 88 70 113 234 184 224 89 106 18 141 167 168 14 255 40 38 187 136 28 10 56 140
104 48 112 96 33 29 81 16 105 136 52 8 31 17 132 52 132 148 220 8 136 96 176 192 195 217 32 18 66 128 66 35
38 162 0 153 204 147 136 200 86 180 208 131 64 200 122 128 89 8 163 149 6 114 79 145 28 2 143 109 213 12 56 132
97 32 113 64 108 25 248 80 105 104 180 72 139 8 148 180 202 133 86 8 141 98 228 192 22 248 0 48 79 140 66 165
37 162 0 169 204 11 232 216 86 176 208 74 209 193 240 0 89 136 50 157 10 242 79 153 156 130 175 44 253 136 24 128
96 32 121 65 108 9 232 64 105 32 240 74 154 8 20 50 202 197 87 1 129 114 196 192 22 152 34 48 77 136 66 161
2 143 2 158 21 195 186 230 22 4 90 163 96 234 48 64 89 122 131 129 2 184 10 255 32 38 138 131 20 14 60 138
2 135 146 156 147 176 180 167 30 7 72 17 172 42 34 192 129 83 131 1 116 72 0 215 45 54 94 67 144 84 173 78
86 103 90 172 26 67 191 104 172 132 251 171 77 206 43 80 254 221 207 226 72 131 139 220 241 165 175 191 53 51 39 195
3 141 3 158 20 131 170 230 86 0 90 70 96 226 180 228 89 106 18 137 135 152 12 255 32 46 138 128 28 10 56 140
3 143 2 158 20 131 170 230 86 0 90 70 96 226 180 228 89 106 18 141 167 152 14 255 32 46 138 128 28 14 56 140
72 48 56 96 33 93 81 16 105 136 52 8 159 23 0 48 132 21 221 8 136 96 176 0 195 249 32 16 66 128 66 35
105 48 113 64 101 29 121 16 105 8 180 72 11 27 148 54 134 212 70 8 137 96 224 192 71 217 0 146 66 128 66 37
2 12 6 158 28 194 174 96 148 2 210 2 104 234 48 65 104 103 59 163 96 201 11 253 48 34 202 129 20 104 48 128
17 143 3 158 20 131 234 242 86 0 218 70 113 226 176 224 88 106 6 204 173 152 12 191 160 174 170 128 61 138 120 140
97 32 96 69 108 9 232 64 105 32 240 74 155 8 148 18 74 205 70 9 136 114 196 192 20 24 162 48 77 136 66 160
33 32 68 137 76 11 224 72 86 176 208 138 193 128 240 0 89 136 98 152 8 242 79 144 156 128 175 52 117 136 88 128
1 134 8 187 92 131 138 232 86 17 88 82 113 200 184 64 89 10 2 173 38 50 79 191 44 134 187 236 29 10 184 136
97 32 112 69 108 25 232 64 105 32 240 72 139 9 148 178 202 197 86 9 140 114 196 192 22 88 2 48 79 140 74 133
1 142 8 187 28 131 138 236 86 1 88 86 113 200 186 64 89 10 2 173 166 58 79 191 44 6 187 236 60 10 184 136
38 162 0 137 205 3 160 200 22 180 240 139 192 200 114 64 121 136 234 145 6 115 79 145 28 0 143 63 149 12 92 134
72 48 56 96 33 93 81 16 105 136 52 8 159 23 0 50 132 84 221 8 136 96 176 0 195 249 32 16 66 128 66 35
105 48 113 68 101 29 113 16 105 168 180 72 26 25 212 54 140 212 78 8 137 98 224 192 71 217 33 178 66 136 66 37
176 201 28 184 30 193 150 229 148 12 208 34 53 29 32 65 200 59 151 193 106 43 0 189 241 193 174 219 53 24 180 139
35 37 99 65 84 31 226 80 111 96 122 70 200 136 148 164 122 140 18 109 133 176 101 222 38 28 131 128 79 142 89 164
105 48 121 100 101 28 81 16 105 8 52 40 30 31 132 182 132 212 94 8 137 96 176 192 199 249 32 130 66 128 66 33
38 160 4 137 205 3 184 200 22 180 208 139 192 200 114 64 89 136 226 145 6 114 79 145 28 0 143 63 213 12 28 134
3 143 3 158 20 131 170 246 86 1 88 70 96 224 180 228 89 106 2 206 163 184 12 255 40 46 138 128 28 138 112 172
57 134 65 223 20 147 202 248 87 1 220 86 115 193 184 228 89 138 22 172 171 178 79 191 186 238 187 204 63 142 240 172
104 48 56 96 32 77 81 16 105 136 52 8 159 23 0 48 132 20 93 8 136 96 176 0 195 249 32 16 64 128 70 51
2 15 2 158 21 131 146 226 22 4 88 163 32 232 35 64 88 123 131 195 34 168 2 255 32 38 138 139 20 27 60 138
37 20 121 69 116 14 107 48 104 168 127 72 211 19 153 48 30 76 70 106 137 176 105 12 103 189 33 132 66 171 66 161
145 193 7 252 20 132 109 53 196 8 210 66 177 3 176 97 104 162 31 200 249 137 51 221 225 232 234 128 60 136 240 40
3 184 19 218 245 141 176 215 254 25 112 80 188 154 100 164 165 59 2 17 147 120 18 243 13 28 30 74 216 0 163 175
34 170 8 153 221 155 160 71 22 53 208 147 160 138 114 64 73 174 163 149 22 250 71 151 28 6 158 99 85 12 184 142
2 157 2 158 21 199 190 230 22 8 90 2 224 250 48 64 217 106 19 195 34 184 26 255 33 54 138 3 16 14 52 138
84 107 27 172 26 67 31 232 164 172 218 163 221 199 33 80 126 253 239 226 72 131 137 92 241 229 47 189 49 179 39 99
33 134 8 187 220 131 138 236 86 1 88 86 113 200 184 64 89 10 2 189 182 50 79 191 60 6 191 204 61 10 184 136
99 34 112 65 108 25 232 64 105 32 240 74 139 8 148 178 238 197 87 1 140 114 196 192 22 88 130 49 79 140 90 132
1 120 115 82 101 172 113 214 233 25 116 88 158 155 197 63 134 120 102 88 131 109 162 224 71 248 80 202 194 145 66 171
38 162 0 137 205 3 160 200 22 180 240 139 192 200 114 64 121 200 235 149 6 115 207 145 28 0 143 63 149 12 88 134
114 221 108 174 154 192 23 231 132 68 140 171 115 101 35 66 104 242 153 195 76 11 62 63 243 37 140 25 53 122 188 90
201 221 144 85 176 46 108 183 120 11 78 116 189 50 144 240 39 70 20 12 241 152 37 110 44 175 52 192 200 208 139 57
2 143 2 158 23 131 182 230 22 4 90 163 96 234 34 64 89 123 131 193 34 184 10 255 32 38 138 3 20 14 60 138
0 136 138 185 18 225 57 199 22 5 68 147 181 199 34 72 121 59 11 144 50 156 35 63 201 135 186 65 144 8 189 218
33 125 83 77 85 223 226 114 77 232 250 72 178 152 149 180 216 108 82 106 197 187 85 60 55 28 1 16 91 59 74 140
80 239 27 238 82 192 63 103 38 5 238 161 45 135 32 80 118 187 143 128 74 155 162 127 241 229 58 137 48 146 167 235
104 125 83 92 81 204 103 119 57 5 234 8 62 151 0 244 112 186 75 8 67 154 242 111 55 188 20 10 2 144 166 232
49 125 27 109 85 207 103 118 108 224 106 8 54 145 33 48 184 110 82 104 65 185 48 60 241 173 1 48 104 26 67 170
101 113 123 103 228 14 103 176 104 136 127 72 215 113 137 51 20 84 68 106 193 240 169 8 231 185 100 128 64 243 66 161
104 157 124 110 121 239 83 190 109 8 252 8 122 127 4 48 149 242 95 40 178 42 121 127 247 255 32 80 82 130 194 43
49 83 67 77 20 6 110 120 100 200 242 70 83 0 177 96 120 228 22 238 201 178 5 12 52 168 163 128 109 186 112 0
49 141 107 206 20 130 79 119 197 0 254 66 115 227 176 100 88 162 30 168 249 139 44 191 242 238 162 136 55 138 240 40
117 64 105 69 36 74 99 16 97 228 246 204 211 5 145 119 90 196 76 106 201 176 245 8 198 233 97 4 103 187 86 112
80 177 27 122 202 204 16 107 250 81 225 24 54 211 40 48 179 187 74 0 19 11 154 87 211 173 18 106 88 0 167 50
160 228 117 65 64 79 101 253 117 52 103 24 83 21 140 53 56 28 66 106 96 180 57 31 101 154 5 68 99 130 198 160
3 143 3 158 20 131 174 230 86 0 90 70 96 226 180 228 89 106 18 204 231 152 12 255 40 46 138 128 28 10 112 140
104 48 56 96 32 77 81 16 105 136 52 8 159 23 0 48 132 20 221 8 136 96 176 0 195 249 32 16 64 128 66 35
35 245 50 14 93 159 182 105 223 96 249 12 206 216 62 164 248 169 218 103 197 35 222 223 54 60 11 63 91 46 219 134
3 143 3 222 20 147 174 242 86 0 88 70 96 226 180 228 88 106 2 206 167 186 12 255 32 46 139 128 29 138 120 140
72 48 56 96 33 93 81 16 105 136 52 8 159 23 0 48 132 20 221 8 136 96 176 0 195 217 32 16 66 128 70 51
36 96 241 69 102 106 99 16 113 162 115 104 211 53 141 188 58 220 102 106 129 244 237 8 5 170 97 4 227 251 70 161
37 70 113 69 116 75 99 48 117 168 119 96 211 53 157 52 62 220 102 106 233 176 109 14 100 174 33 132 103 187 86 161
97 34 112 193 108 25 232 64 105 32 240 74 139 9 148 146 234 197 87 1 140 114 196 192 22 88 130 49 79 140 90 132
72 48 56 96 33 93 81 16 105 136 52 8 159 23 0 48 132 21 221 8 136 96 176 0 195 249 32 16 66 128 70 51
2 149 136 156 147 240 180 167 30 7 72 17 172 62 38 64 129 83 131 129 118 72 16 255 41 54 30 67 144 68 173 95
38 160 64 137 205 11 160 200 22 180 208 139 192 200 114 0 89 136 227 145 14 115 79 145 28 0 143 61 213 12 88 134
134 133 134 190 147 160 182 175 62 23 73 145 236 226 42 64 145 67 163 23 118 72 10 119 45 54 31 67 144 70 141 2
232 176 190 120 75 237 81 83 171 95 165 25 30 159 106 27 165 147 247 16 18 111 178 209 219 217 80 107 210 0 167 243
105 48 113 64 101 29 113 16 105 8 180 8 26 31 132 182 132 212 86 8 137 96 240 192 199 249 32 146 66 136 66 35
38 160 66 137 205 11 168 200 22 180 208 139 64 200 114 64 121 136 227 145 14 115 79 209 28 0 143 61 213 12 92 134
199 82 149 149 41 14 176 8 174 250 131 85 204 54 13 207 135 85 249 7 37 197 211 192 133 50 90 151 8 53 9 87
99 32 96 65 108 25 232 64 105 32 240 74 139 9 148 178 202 197 87 13 132 114 196 192 22 88 130 49 79 140 90 133
123 207 69 140 155 144 6 167 129 0 136 235 33 32 53 198 105 227 136 199 109 11 4 191 184 102 140 27 63 116 184 12
49 141 123 237 116 167 207 127 85 8 254 70 115 113 176 96 88 170 22 104 249 170 117 159 126 172 160 200 127 138 240 169
2 205 2 158 20 131 170 230 22 0 88 2 32 232 49 64 89 106 2 195 66 184 10 255 32 38 138 136 20 11 48 136
77 16 121 99 52 46 99 24 117 168 119 16 219 81 152 56 20 20 76 58 185 180 105 14 199 255 33 68 194 171 66 33
220 48 190 112 41 124 80 18 169 223 167 25 31 159 66 27 165 149 253 16 28 71 178 0 211 217 112 127 194 0 110 83
104 48 56 96 33 77 81 16 105 168 52 8 159 23 0 48 132 149 93 8 136 96 240 0 195 217 32 48 66 128 66 35
90 48 144 240 43 237 16 66 171 55 161 57 142 159 64 26 135 17 217 16 18 71 210 208 155 209 26 127 194 65 7 18
253 71 79 237 54 2 79 248 68 200 218 230 83 35 177 97 126 196 62 238 233 147 101 140 240 235 231 132 45 187 112 33
2 205 8 156 147 144 182 167 30 3 72 147 164 40 38 64 129 99 131 129 118 8 0 255 40 54 158 3 16 84 169 14
240 75 127 109 80 14 79 52 33 132 230 136 115 7 129 85 124 244 108 234 104 150 113 44 245 170 96 0 35 179 102 104
50 48 224 0 79 85 144 74 11 184 176 175 2 156 87 25 140 153 243 145 142 103 210 208 27 16 205 191 109 12 94 151
6 133 135 158 146 224 182 175 30 23 73 21 228 226 40 64 145 67 35 23 50 72 26 119 45 54 31 71 144 115 133 82
252 112 186 112 9 109 89 88 163 179 165 24 31 159 73 26 168 153 217 154 10 71 178 128 211 201 81 61 227 1 70 18
2 14 6 158 28 131 172 104 148 6 210 66 96 234 48 65 121 102 59 163 96 233 11 253 52 34 203 129 21 104 56 128
104 48 56 96 33 93 81 16 105 168 52 8 159 23 0 50 132 212 93 8 136 96 240 0 195 249 33 48 66 128 66 35
52 162 8 185 220 131 138 200 86 49 208 211 241 200 248 64 89 10 34 189 50 114 79 151 60 134 175 108 61 136 240 128
99 34 112 65 109 25 232 64 105 32 240 11 139 8 22 146 170 197 198 5 140 115 196 192 22 88 130 49 71 140 74 132
34 32 68 137 77 11 240 72 31 180 240 139 192 200 118 0 121 136 235 133 14 115 75 209 29 16 143 63 21 12 124 130
2 143 10 158 22 131 190 230 22 5 90 163 96 234 34 64 121 123 131 193 38 152 10 255 32 38 154 11 20 10 60 138
104 48 248 96 33 29 81 16 105 168 180 8 159 21 192 54 132 212 92 8 136 96 240 192 195 249 37 50 66 128 66 35
2 157 10 158 21 199 190 230 30 9 90 2 228 250 48 64 217 122 147 129 34 184 26 255 33 54 154 11 16 10 52 138
45 33 121 101 116 14 107 56 105 168 127 72 219 17 145 52 30 204 70 106 137 176 97 12 103 253 33 132 98 171 66 161
55 181 58 140 221 159 150 233 254 100 217 13 206 248 62 0 248 233 223 103 214 35 154 223 176 21 11 63 92 47 155 71
3 143 67 158 20 147 170 238 86 1 88 198 97 224 188 228 89 106 18 173 167 186 14 255 40 46 142 72 29 138 248 140
97 48 121 64 100 29 249 16 105 72 244 72 154 25 148 54 142 212 86 8 133 114 244 192 71 216 0 18 67 136 66 229
35 142 2 158 84 147 170 236 86 1 88 70 96 232 188 228 121 106 2 141 167 186 14 255 32 46 154 8 29 14 120 140
104 48 56 96 33 93 81 16 105 136 52 8 159 23 128 52 132 148 221 8 136 96 176 192 195 249 32 146 66 128 70 51
61 134 64 219 156 147 74 248 87 1 212 210 99 234 188 228 89 202 134 172 190 50 79 191 186 207 135 109 63 142 248 132
104 48 57 96 32 77 81 16 105 168 48 72 159 31 0 16 132 21 93 8 9 96 240 0 195 249 33 48 64 128 70 51
35 36 74 8 93 151 226 72 95 104 248 78 3 200 182 164 216 168 22 13 141 178 220 218 54 93 131 168 93 142 122 132
184 203 28 186 29 197 151 229 148 4 197 3 231 93 56 65 200 179 131 195 106 47 90 189 241 195 158 91 85 26 180 202
3 186 19 155 245 141 176 199 254 25 112 116 172 154 164 228 167 43 2 29 183 184 2 247 45 30 30 74 216 0 169 141
2 170 12 153 244 137 168 7 30 53 82 147 164 136 50 64 203 42 2 21 22 248 70 247 12 54 158 65 156 8 217 142
105 48 113 64 101 29 248 16 105 72 244 72 138 27 148 182 142 212 86 8 133 114 240 192 71 217 0 18 66 136 66 165
17 143 67 190 20 131 234 254 86 1 216 198 115 224 184 228 89 234 2 172 175 187 13 191 184 174 162 8 61 138 112 140
53 134 8 187 220 131 202 232 86 53 80 211 193 224 184 64 89 74 2 189 58 50 79 191 188 6 175 108 181 136 184 128
98 32 112 205 109 25 248 72 111 32 240 11 138 8 86 130 234 205 198 5 4 114 197 208 22 24 3 57 69 140 91 132
33 34 80 197 108 9 232 64 109 32 242 202 155 8 20 2 106 204 70 13 0 242 197 192 20 24 130 48 69 136 83 128
34 160 68 153 77 139 176 200 30 180 240 11 192 200 98 0 217 140 227 145 14 115 75 209 28 18 143 63 21 12 124 134
109 80 113 97 53 63 107 24 117 160 103 8 219 81 153 60 30 132 72 122 169 180 121 142 199 255 1 84 226 171 66 32
32 34 69 137 78 75 224 72 86 180 242 138 193 192 112 64 121 140 106 156 8 242 79 144 28 130 135 61 53 136 80 128
41 143 97 201 116 175 203 63 85 9 254 86 179 57 180 96 92 170 22 44 187 186 101 159 110 174 178 192 255 136 240 169
243 207 68 30 155 144 134 231 129 128 136 203 32 160 180 199 104 226 200 199 109 11 142 175 48 36 204 155 63 126 184 12
34 34 96 193 109 25 232 64 79 160 240 139 139 8 86 130 234 205 199 5 12 115 197 208 22 88 131 57 71 140 90 134
38 160 76 152 207 3 176 200 23 180 240 139 192 200 102 0 249 137 235 149 14 115 75 209 29 2 143 127 21 12 124 134
194 184 150 152 203 233 48 71 175 31 128 25 172 150 98 91 163 51 235 17 50 79 146 241 157 18 90 123 144 68 135 203
33 125 58 77 85 159 226 102 109 224 250 12 178 152 23 180 152 42 82 105 197 187 84 60 38 29 4 50 73 26 90 142
16 239 91 109 18 192 63 119 38 5 236 160 37 199 160 80 118 187 143 192 74 155 32 125 241 165 34 137 48 130 166 235
104 176 191 248 105 237 113 82 171 95 117 25 30 159 68 27 165 27 247 16 18 111 146 81 95 217 80 107 194 1 103 243
17 93 95 108 18 203 55 102 100 64 238 40 55 17 160 48 50 186 70 104 65 185 49 45 241 173 32 2 105 146 99 171
37 162 8 187 220 131 171 200 22 53 208 211 241 200 248 64 89 10 19 157 50 114 79 183 60 6 175 108 53 136 176 128
32 32 112 205 109 25 232 72 111 160 240 11 138 8 86 130 234 205 198 5 4 114 197 208 22 24 3 57 69 12 91 134
49 83 67 77 20 6 111 112 100 72 250 102 83 0 177 96 120 196 22 238 201 178 5 12 52 168 162 128 109 186 112 49
117 80 105 101 36 74 67 16 97 224 247 204 83 5 149 51 58 228 76 106 201 180 245 8 199 169 96 0 101 179 86 112
34 32 68 137 77 11 160 72 31 180 240 139 128 200 86 0 121 140 227 129 6 114 79 209 28 16 143 63 21 12 125 134
104 48 48 96 33 93 81 16 105 136 52 8 159 23 0 52 132 20 221 8 137 96 176 192 195 249 32 18 66 128 70 51
3 143 3 158 20 131 174 230 86 0 90 70 96 226 180 228 89 106 2 204 231 184 12 255 40 46 138 0 29 10 112 140
72 48 56 96 33 77 81 16 105 168 52 40 159 23 0 48 132 149 221 8 136 96 240 0 195 249 33 176 66 128 66 35
3 143 3 158 20 147 174 238 86 1 90 70 96 234 188 228 121 106 18 205 167 184 14 255 40 38 158 200 28 14 248 140
116 107 27 172 24 67 31 248 164 140 200 161 215 199 33 80 92 253 239 226 72 131 203 60 241 229 175 185 48 179 38 98
40 253 83 77 81 220 38 103 123 9 104 72 58 151 132 180 192 58 194 8 67 154 240 127 39 188 16 42 82 0 198 172
2 207 2 158 20 129 178 224 22 4 88 231 96 232 35 192 88 107 131 195 102 136 10 255 32 38 138 139 28 15 56 154
44 70 123 69 116 10 111 48 117 172 127 228 219 97 149 52 62 252 70 106 201 176 109 14 102 239 33 132 103 187 70 177
108 74 247 69 64 78 103 112 97 134 226 72 83 7 133 182 60 244 98 234 201 182 245 104 53 170 65 0 99 243 102 160
109 0 113 71 37 30 107 16 97 224 103 72 219 3 145 180 22 228 64 106 137 176 249 168 199 253 0 0 103 171 66 32
130 157 8 158 146 192 182 167 30 7 72 179 36 60 38 65 161 115 19 129 118 136 0 127 40 38 158 195 16 80 189 94
16 133 24 171 146 66 19 61 36 5 207 33 247 87 8 64 182 27 13 240 90 144 9 31 233 165 42 85 48 2 167 75
216 48 182 48 41 252 81 82 171 159 180 57 158 159 66 155 167 145 253 16 30 79 178 192 219 209 112 255 194 4 135 83
138 148 188 85 145 126 53 39 58 63 78 49 140 63 2 203 129 31 161 16 50 220 49 66 79 119 94 67 130 68 133 107
242 221 103 190 154 192 87 237 128 196 136 171 115 231 57 83 120 242 121 227 104 11 190 47 241 166 141 152 53 250 180 122
240 5 67 4 69 107 198 99 49 102 250 11 66 40 21 16 120 134 70 35 105 183 81 14 176 164 128 17 109 120 86 146
1 181 25 120 210 200 51 107 114 65 105 56 183 215 8 112 179 27 66 0 83 26 186 23 213 165 50 108 88 0 163 178
34 32 96 17 77 217 240 71 233 65 224 157 162 8 22 26 202 160 194 4 156 62 212 192 6 88 80 59 69 12 94 222
5 113 123 103 228 14 103 184 104 128 111 0 215 113 137 51 22 92 64 106 193 240 185 8 231 185 101 4 64 243 66 160
24 140 42 185 23 243 25 71 23 77 94 179 175 135 162 64 81 42 143 144 62 152 101 159 234 199 186 193 182 140 189 91
52 134 12 185 220 3 226 200 22 180 208 195 195 193 120 64 89 136 42 188 58 242 79 151 188 134 175 116 53 136 112 128
34 32 64 129 109 25 232 64 207 164 240 11 138 136 86 130 234 205 206 5 4 114 196 208 22 24 131 59 69 12 91 134
50 32 12 169 77 11 176 72 30 180 240 139 193 200 86 0 249 141 235 133 14 115 75 145 157 195 143 63 53 12 125 130
131 134 14 159 92 147 170 236 86 1 216 215 96 232 62 193 121 106 10 165 166 163 79 255 44 38 155 12 29 8 184 140
105 48 113 64 101 93 121 16 105 104 180 40 26 29 212 52 142 148 86 8 137 98 240 192 71 217 33 178 66 128 66 39
104 48 113 64 101 93 121 16 105 40 180 40 30 31 132 52 166 149 95 8 137 96 240 192 87 248 1 50 98 128 70 39
57 134 4 187 28 151 74 252 86 1 200 198 99 224 56 197 89 170 2 173 175 186 79 191 168 230 143 76 61 142 120 140
17 134 14 159 28 131 170 236 86 1 216 215 225 234 56 193 121 42 10 165 166 171 79 255 172 38 155 8 61 10 184 140
105 32 115 65 101 29 249 80 105 64 244 8 154 27 148 178 238 221 86 8 129 114 240 192 87 120 0 16 79 136 66 165
32 34 82 197 76 141 232 64 237 32 242 10 139 136 20 2 106 236 66 13 0 242 212 192 21 24 130 32 69 136 83 128
32 32 69 137 76 75 224 72 86 164 240 78 195 128 112 0 88 140 98 136 9 242 95 144 29 130 135 33 125 8 116 128
63 162 64 217 221 147 202 200 87 176 212 2 67 200 126 196 89 136 130 189 62 114 95 151 190 207 135 125 255 140 120 132
72 48 49 96 33 77 81 16 41 136 32 72 158 23 0 176 128 21 93 0 9 96 144 0 193 249 0 16 66 0 7 51
35 162 104 26 124 145 203 216 87 108 248 143 35 200 254 0 221 170 7 5 142 50 206 179 94 29 169 189 85 142 122 196
29 180 17 251 156 231 195 217 86 115 153 82 215 89 120 40 89 26 22 57 187 164 121 151 237 207 179 116 245 203 209 160
176 217 21 254 12 197 71 189 197 16 213 18 113 87 40 97 72 210 63 202 123 11 123 189 241 170 246 24 50 154 244 41
1 158 27 155 242 141 186 230 254 25 120 116 188 218 164 224 167 59 2 21 183 184 10 247 45 30 62 74 88 0 169 143
0 142 14 187 180 137 168 167 190 21 82 209 165 162 48 64 195 43 42 5 50 248 71 255 172 54 62 64 28 8 145 136
97 32 121 69 108 29 248 64 105 160 240 72 154 26 84 178 234 204 70 8 133 114 212 192 23 152 1 50 79 168 74 132
52 134 13 185 156 131 203 232 22 53 208 147 225 226 184 65 89 202 42 188 58 242 79 159 172 134 175 116 53 136 240 128
50 32 96 205 77 9 248 72 111 164 240 11 139 136 86 0 234 141 238 1 12 115 197 208 150 88 131 51 101 12 90 134
34 32 76 169 77 11 176 72 30 180 240 11 193 200 86 0 217 205 235 129 14 114 75 145 157 210 143 63 85 8 117 134
99 32 121 64 108 29 248 80 105 32 244 72 138 25 148 48 238 148 86 8 133 114 244 192 23 216 1 50 79 136 74 133
60 160 5 185 220 195 171 200 22 244 208 131 209 201 122 64 89 138 42 157 42 114 127 159 221 135 143 124 53 8 116 224
34 34 114 201 109 153 248 64 237 36 240 11 141 136 22 128 234 173 207 5 4 114 192 192 22 88 10 33 69 12 123 134
42 32 76 169 77 75 176 72 30 164 240 139 141 136 86 0 120 140 239 129 4 242 75 144 157 209 143 49 21 12 125 194
105 48 113 64 101 93 121 16 105 72 52 40 26 29 148 180 142 148 86 8 137 96 240 192 71 217 32 146 66 128 66 39
3 134 6 155 93 151 170 236 86 17 216 83 224 232 60 197 121 42 27 173 166 163 79 255 44 38 155 12 29 12 184 140
57 141 79 252 92 134 203 117 212 0 234 2 113 235 52 97 120 170 26 232 123 187 52 191 113 175 130 64 61 138 240 40
100 50 249 101 100 106 99 16 96 232 119 108 211 5 153 58 18 148 116 106 137 176 225 8 198 233 97 132 236 171 70 49
169 129 69 217 116 143 232 55 85 1 118 86 243 9 180 101 88 42 6 28 187 184 117 157 110 251 178 80 223 136 208 168
25 91 67 197 54 6 111 48 100 200 114 102 81 0 145 228 126 228 22 238 201 176 101 76 36 168 162 128 111 178 112 53
243 207 68 30 223 144 134 239 145 130 200 207 96 232 182 197 88 226 232 199 236 11 142 191 56 38 204 155 61 126 184 12
33 173 58 44 29 159 214 103 238 1 232 8 182 152 54 32 136 42 66 13 78 171 80 61 224 221 4 26 81 8 203 142
44 184 187 120 105 237 241 210 171 89 116 24 28 159 100 56 173 59 119 24 19 58 146 240 95 217 114 106 210 1 103 179
53 57 58 172 125 143 146 232 223 236 248 9 222 216 54 0 248 233 94 99 92 43 90 253 240 85 11 59 89 43 43 67
66 184 150 152 235 233 48 71 175 31 0 57 172 150 96 90 163 59 235 17 18 79 146 243 157 18 90 107 144 4 167 155
45 1 113 69 116 30 107 26 125 232 126 72 219 17 149 180 30 204 86 106 137 176 101 142 102 253 33 132 111 184 66 161
144 207 15 190 154 192 134 167 148 82 72 243 117 102 32 65 97 99 57 195 105 205 14 63 224 34 254 128 53 120 181 24
2 223 2 158 22 129 146 232 22 4 89 231 104 200 43 64 94 107 131 199 70 162 10 255 32 38 138 139 28 15 56 153
61 97 115 69 5 94 98 8 101 224 238 10 91 81 21 188 120 204 112 106 73 176 245 136 215 249 1 4 107 255 66 36
194 205 54 30 147 192 20 167 185 151 8 177 44 174 38 19 129 115 161 1 118 205 130 111 43 54 94 11 0 84 175 94
40 88 247 77 65 78 225 82 225 142 98 64 114 183 37 246 104 188 98 40 73 182 176 8 7 186 64 0 67 240 102 168
254 149 101 62 155 195 70 253 19 75 201 251 115 117 56 197 93 210 93 226 123 75 95 63 185 230 165 220 63 254 180 58
113 89 79 229 36 142 103 52 100 192 234 70 115 49 177 97 112 228 62 110 201 185 49 172 240 235 226 0 109 186 112 40
18 135 46 187 53 211 89 23 23 13 215 179 164 207 178 68 90 42 143 148 190 153 37 255 234 87 186 195 182 140 188 79
125 0 115 71 5 94 106 128 97 192 111 8 91 81 29 244 120 196 80 106 137 176 117 168 71 253 0 0 99 191 66 36
240 23 67 133 212 106 229 99 56 78 242 119 2 36 128 17 104 166 78 33 121 190 117 78 20 34 242 128 73 104 214 241
114 32 96 104 77 61 208 67 65 37 161 11 2 24 22 28 204 149 193 1 12 43 193 144 147 216 16 59 115 12 94 14
14 172 132 155 155 177 182 172 158 159 13 177 236 226 107 205 147 91 171 19 54 73 139 247 232 23 95 239 146 87 141 67
8 185 25 105 146 194 51 123 118 1 104 32 151 151 32 112 17 27 2 0 19 154 80 23 237 133 34 68 112 2 167 162
97 161 113 67 221 203 115 207 107 33 104 8 115 91 28 52 179 154 66 24 19 58 249 253 63 222 21 98 211 138 194 174
98 32 115 65 102 73 248 64 105 32 116 40 30 27 132 52 166 149 87 8 128 113 160 192 23 184 1 34 103 128 71 167
57 134 4 187 29 151 66 232 86 49 192 86 227 192 56 197 89 138 34 172 46 114 79 191 172 198 211 117 59 12 248 132
97 32 122 69 111 29 233 64 105 160 240 10 154 152 84 50 234 205 70 8 132 115 240 192 23 24 3 51 101 136 75 134
5 132 12 187 156 135 202 232 214 17 192 87 225 104 56 65 89 10 42 189 46 227 79 191 172 6 223 84 28 8 184 136
41 32 115 193 103 89 248 64 125 0 112 10 156 154 20 180 186 77 70 9 129 242 148 192 23 216 2 2 79 136 99 167
105 32 113 65 101 93 120 80 105 40 244 40 10 29 148 182 174 212 86 8 129 114 240 192 23 216 1 50 103 140 70 165
23 132 4 155 157 151 138 232 86 49 208 83 224 104 60 197 217 74 122 165 46 227 79 253 172 178 207 84 28 12 184 132
73 48 17 96 33 92 80 16 105 168 38 72 158 19 0 246 132 84 220 8 9 64 208 128 131 249 1 50 74 0 75 51
34 162 97 155 76 201 203 200 31 125 240 239 32 205 94 0 93 138 211 133 142 114 110 179 30 20 173 253 85 140 86 240
61 132 89 235 156 39 74 219 86 51 157 18 211 115 248 104 89 138 30 62 59 32 95 183 236 207 183 116 190 203 248 32
97 32 122 193 110 137 232 64 233 160 112 74 154 136 84 50 234 237 70 9 132 240 212 192 23 24 3 32 77 136 91 132
105 32 113 64 103 89 120 80 105 32 244 8 10 25 212 182 174 212 86 8 129 114 224 192 23 216 1 50 103 136 66 165
147 159 23 218 250 129 186 254 30 9 88 242 124 247 168 228 119 123 150 192 163 136 10 255 40 134 62 202 25 2 161 185
52 134 5 185 220 75 99 200 22 180 210 131 195 193 120 192 89 140 106 188 43 242 79 157 253 130 239 116 49 8 52 224
125 55 234 98 178 55 87 216 227 253 189 236 91 229 251 182 63 218 196 122 154 35 174 32 250 205 37 253 239 247 202 113
247 141 132 94 152 51 6 173 23 19 201 120 99 113 168 245 85 214 48 234 123 75 11 63 184 238 205 94 59 243 184 4
185 207 14 190 140 18 78 188 20 194 198 214 115 96 185 195 89 230 40 239 233 197 15 63 240 227 253 144 63 253 184 56
66 185 147 152 235 205 48 71 191 29 96 57 172 158 96 24 167 59 235 16 18 75 146 241 157 20 26 107 144 4 167 155
144 203 71 111 16 134 110 117 180 0 226 197 115 67 32 209 100 176 15 238 105 156 17 127 181 170 162 0 56 146 32 40
81 73 95 237 38 74 100 53 228 192 242 98 115 49 177 115 98 228 62 106 65 177 5 204 240 171 98 0 109 186 113 41
185 201 71 252 93 199 233 100 212 0 210 2 113 195 48 97 104 160 58 232 105 175 23 189 241 234 130 64 53 136 112 168
92 18 251 229 34 46 123 16 40 236 119 228 93 23 129 122 54 181 21 106 129 148 33 72 214 169 34 128 37 163 37 113
92 50 250 97 32 42 121 17 104 169 63 108 159 23 195 56 54 28 100 60 145 176 161 0 198 237 32 196 236 163 75 49
137 158 22 191 52 142 182 246 252 26 82 100 252 242 160 193 231 99 46 15 162 201 10 255 228 243 122 130 24 0 41 139
185 1 112 69 116 27 233 59 125 232 118 78 155 9 149 180 58 140 86 40 233 176 101 142 102 253 33 4 111 172 90 173
44 160 8 185 221 151 240 200 86 180 212 11 65 200 118 0 217 136 227 145 14 115 79 151 95 71 135 125 213 12 120 130
1 40 83 181 69 207 225 64 252 36 114 2 157 201 48 0 120 109 98 9 0 241 148 192 85 144 130 32 96 8 67 162
24 2 14 161 45 75 240 8 30 172 210 131 207 8 18 64 250 13 239 1 12 241 73 156 205 211 171 145 116 12 21 194
246 243 232 34 138 19 86 217 3 245 181 255 67 237 223 26 63 199 237 119 222 99 175 48 186 201 101 255 237 247 238 83
32 40 7 153 77 207 225 88 86 224 224 78 210 128 96 32 120 236 98 136 9 243 123 144 29 130 135 32 57 8 112 240
3 34 94 176 103 157 248 64 237 12 114 71 12 202 54 132 234 173 238 1 4 241 130 192 150 248 138 43 77 12 107 135
44 176 5 185 221 207 227 200 22 244 214 6 211 197 120 228 89 136 106 189 43 99 123 157 253 131 207 116 211 8 20 240
14 174 132 155 187 179 22 168 159 191 140 177 236 234 75 199 151 71 235 183 54 193 139 255 234 87 207 247 150 117 141 7
40 104 155 120 233 237 249 214 235 25 116 24 190 155 101 58 171 59 86 24 3 62 146 240 79 221 50 106 210 144 67 171
54 211 10 138 94 129 158 232 22 20 217 167 97 200 58 64 93 91 135 227 74 35 74 189 48 69 171 189 21 59 60 145
26 34 4 161 13 11 224 72 31 164 210 131 207 136 66 192 248 141 239 1 8 241 203 152 156 211 143 51 117 12 29 2
218 207 130 158 219 208 150 231 152 14 200 191 108 238 46 130 149 99 225 131 100 79 138 239 56 38 222 155 16 118 175 95
50 34 96 169 13 9 248 64 109 36 240 11 143 8 22 16 232 141 206 1 4 243 197 192 150 217 131 51 69 12 91 134
227 159 4 158 217 148 134 173 146 70 201 223 96 232 190 197 217 226 232 231 255 15 94 191 56 38 157 155 31 94 184 92
0 63 94 161 242 202 117 55 56 165 106 161 157 51 130 80 34 63 5 16 48 152 5 78 236 167 54 65 36 192 135 235
197 206 215 54 226 32 143 174 122 146 32 120 116 224 89 27 183 99 33 111 96 68 138 107 40 14 125 12 205 113 195 9
48 76 151 84 1 239 100 98 180 138 98 24 54 179 32 25 169 52 96 8 73 247 18 10 17 142 80 2 64 112 70 42
84 46 194 34 242 32 6 218 178 138 57 253 67 224 201 26 55 206 68 118 188 67 140 34 184 6 37 172 229 243 2 1
130 147 110 154 182 163 89 83 31 77 211 183 96 207 190 64 215 163 15 20 182 137 47 247 94 22 178 195 148 136 180 95
52 130 4 185 221 147 64 200 22 52 208 7 194 192 58 196 217 138 170 172 46 114 75 151 156 71 143 125 59 12 120 134
37 132 4 185 156 15 192 232 30 48 210 11 210 64 56 65 217 128 106 189 46 115 75 157 156 2 207 116 24 8 88 2
10 32 115 208 71 217 184 64 125 0 114 2 13 218 52 180 122 253 194 129 0 243 134 192 23 248 2 11 103 0 107 133
16 32 91 183 71 203 225 64 252 4 114 2 109 211 32 64 122 107 34 136 0 241 182 238 85 166 2 1 97 0 103 162
44 168 10 187 221 143 242 200 86 180 80 11 195 200 114 0 217 172 163 21 46 250 91 191 95 199 175 37 81 12 92 130
105 48 16 64 97 29 112 16 105 232 52 76 158 19 134 180 132 132 92 8 141 96 240 192 199 217 1 50 74 128 74 7
38 178 97 129 236 13 233 216 27 253 176 239 128 205 220 0 221 221 215 149 147 114 222 145 29 24 173 252 221 140 86 241
53 36 137 251 140 39 71 216 86 179 29 18 83 225 89 44 89 202 50 158 59 118 251 178 221 207 223 108 182 251 240 160
147 151 93 219 186 147 190 252 86 19 92 246 253 226 168 101 127 91 30 176 163 202 47 255 168 134 63 204 189 128 169 173
1 142 30 190 54 128 55 250 252 10 82 102 236 243 170 65 247 107 46 14 229 137 11 255 176 182 114 138 24 226 33 9
1 40 90 241 100 139 168 64 252 0 114 0 157 218 116 32 170 109 66 9 1 241 134 192 20 152 3 0 77 8 107 129
41 56 7 157 77 159 160 72 22 224 98 6 192 210 32 228 248 172 162 140 1 248 91 156 29 34 135 32 27 12 112 148
50 34 68 165 13 11 160 72 47 164 242 231 143 138 70 144 232 141 238 5 4 241 193 208 148 241 3 51 73 12 75 134
82 2 12 173 13 27 80 8 175 180 150 171 206 3 2 214 200 196 239 0 12 195 203 220 158 179 207 55 50 12 28 2
48 32 115 225 79 77 225 64 109 164 242 10 154 24 84 16 234 141 78 9 0 243 243 192 85 24 3 59 69 8 119 226
39 176 5 201 205 223 225 200 151 240 212 2 210 215 96 100 249 188 122 184 11 115 123 149 29 18 143 62 26 8 20 246
19 50 26 185 6 143 184 72 252 68 242 71 205 202 54 64 250 45 110 133 132 241 151 192 144 224 10 3 109 0 43 135
106 32 113 64 101 89 248 80 105 0 244 40 15 26 148 182 174 213 214 8 133 114 244 192 23 248 2 147 71 140 71 165
176 200 71 221 29 195 65 108 197 0 226 2 226 209 48 101 72 160 42 232 104 175 67 189 145 186 210 25 49 8 116 42
91 51 211 225 162 56 56 19 41 105 62 228 143 31 196 254 166 157 221 16 151 152 129 192 158 253 34 198 174 134 171 21
239 151 4 158 185 151 158 175 158 123 137 253 236 108 62 196 213 67 185 167 247 74 95 191 44 118 221 254 158 78 152 93
81 76 7 173 0 38 111 54 52 130 98 64 117 51 161 85 114 228 126 238 33 149 17 110 180 174 226 0 40 241 35 40
90 50 243 160 163 52 57 19 169 89 26 231 141 143 226 222 166 21 189 149 147 9 162 192 218 212 186 202 142 132 165 117
8 104 147 120 237 205 241 71 235 25 52 0 190 155 100 190 170 59 70 88 66 43 130 241 87 216 18 107 210 144 227 171
98 185 19 248 123 205 176 67 43 25 96 9 172 159 100 16 174 57 131 16 22 26 146 209 29 212 26 107 216 0 7 139
193 128 23 217 45 141 224 2 207 25 179 16 182 152 52 111 193 34 126 12 19 109 67 209 7 186 82 82 16 136 81 36
229 236 113 67 236 45 70 152 75 251 53 88 147 25 221 176 141 138 84 30 235 118 233 50 47 216 37 252 218 219 210 161
78 182 140 150 187 19 158 168 159 190 130 245 204 234 79 203 151 71 235 183 54 65 207 255 58 87 207 215 158 116 137 7
20 199 10 170 30 131 159 232 150 4 201 131 119 207 43 64 95 217 11 231 74 35 10 191 248 133 143 61 53 187 36 144
209 67 95 236 38 2 108 53 236 128 242 98 125 147 160 115 102 245 62 234 193 177 5 200 241 233 98 0 36 178 161 41
87 127 19 20 34 154 62 82 173 192 74 229 172 150 165 212 166 117 249 67 197 129 144 232 176 48 11 2 12 117 41 29
1 215 41 171 244 134 191 191 20 77 91 103 245 108 58 64 245 11 51 165 211 154 89 63 109 39 170 204 28 10 177 219
248 238 209 60 162 34 143 239 50 162 104 248 117 163 193 154 55 207 32 173 97 222 135 43 56 166 125 4 237 240 163 9
73 4 158 181 136 44 37 19 162 147 78 16 213 179 65 90 161 55 104 8 17 80 147 0 197 231 90 0 128 96 163 32
100 110 202 22 226 32 46 156 50 131 75 245 113 224 201 24 55 110 32 182 160 212 142 42 104 38 117 132 237 243 162 25
92 18 229 101 162 102 93 56 49 247 71 181 83 55 136 95 55 212 125 42 56 212 185 6 203 231 113 196 162 225 134 115
24 40 14 179 85 203 242 64 23 164 82 3 231 201 34 64 249 44 6 1 12 240 25 190 221 199 135 33 117 8 121 130
97 50 112 68 101 29 113 16 105 236 180 77 138 9 214 54 142 196 78 12 140 98 240 192 6 216 5 50 74 132 66 85
39 162 229 129 236 15 136 200 26 240 176 207 145 12 84 130 157 205 215 21 131 114 223 144 12 24 141 252 221 12 82 240
53 100 137 211 204 103 71 216 86 187 16 90 83 225 217 42 89 78 34 58 43 118 235 178 95 142 231 44 176 249 208 160
149 134 125 155 154 131 79 252 86 83 193 214 249 98 184 97 119 203 46 190 179 64 111 119 236 142 255 196 189 128 161 32
81 154 219 190 122 128 62 252 126 67 66 230 124 226 168 64 247 107 46 12 35 201 143 255 176 174 114 136 28 160 33 137
162 169 18 186 121 141 56 68 171 17 97 9 172 154 100 144 172 59 66 16 22 58 146 81 29 216 18 106 24 0 11 138
253 100 236 69 196 59 196 25 113 226 55 92 83 40 221 191 57 196 100 62 189 246 237 10 126 75 229 180 239 242 218 164
221 39 215 101 226 26 109 49 113 138 103 240 91 51 136 127 54 180 124 40 249 212 165 74 230 235 100 132 162 226 226 33
69 24 215 197 50 98 43 18 44 128 122 226 221 51 161 94 118 117 60 184 1 208 129 72 132 174 170 128 168 225 33 49
82 185 163 162 171 228 59 212 171 93 153 135 172 159 102 6 166 179 221 213 151 11 186 240 153 80 142 250 142 7 167 127
32 74 28 221 12 131 224 34 205 4 226 2 160 3 36 77 72 32 42 8 72 165 67 221 132 178 210 17 20 8 116 40
83 177 83 160 50 136 56 7 169 81 58 236 159 158 196 114 166 17 221 213 151 25 132 192 152 220 10 198 12 130 163 29
72 161 146 49 145 232 100 7 50 145 79 16 156 179 64 126 33 30 104 24 18 216 131 64 237 245 22 65 130 64 171 34
253 240 172 54 137 92 20 173 186 214 128 29 174 252 74 155 129 69 249 7 108 71 218 34 219 227 95 63 0 52 143 78
82 18 87 165 46 15 105 48 173 44 146 207 206 163 0 86 230 197 111 36 1 241 209 196 148 178 67 146 44 136 33 113
17 16 30 173 31 15 169 88 126 192 226 7 223 218 34 96 252 205 126 133 175 225 83 205 213 162 139 0 9 32 33 210
34 32 47 216 77 95 225 72 31 240 212 10 86 212 100 228 249 156 251 17 1 243 251 208 157 18 143 47 80 8 117 230
128 104 23 219 41 141 184 68 239 25 176 16 174 147 100 142 170 59 78 24 66 47 130 241 131 216 18 59 82 0 103 175
48 32 115 225 77 73 241 72 109 36 240 10 138 153 22 4 234 157 207 129 8 243 225 192 213 216 10 59 69 8 71 226
114 34 76 161 77 27 81 72 47 164 182 171 202 3 70 80 232 133 239 128 12 67 203 208 214 179 131 59 48 12 92 66
65 136 23 217 45 173 160 2 238 27 178 80 142 144 100 239 225 33 106 24 18 45 3 209 5 186 82 82 208 8 65 39
