17 132 5 191 28 135 74 248 86 17 192 70 241 98 56 97 89 74 58 173 171 176 95 63 236 166 235 4 60 136 48 136
33 32 82 193 109 153 232 64 237 32 112 74 142 136 20 150 234 109 82 1 132 115 148 192 22 24 2 34 77 12 91 132
54 160 4 169 141 11 144 200 22 180 192 139 195 200 98 192 217 140 235 145 14 243 79 145 152 193 143 55 209 12 60 134
16 193 11 171 28 135 139 248 6 0 216 66 113 195 184 64 88 8 18 235 75 163 91 61 248 132 175 124 61 138 176 168
104 48 56 96 33 93 81 16 105 136 52 40 159 31 128 16 134 21 221 8 0 96 160 128 195 249 32 147 98 128 70 35
41 32 115 225 100 137 233 80 233 40 112 74 157 137 148 50 234 237 87 9 129 113 160 192 84 25 34 32 69 136 67 161
0 140 26 152 29 229 144 103 150 13 72 19 164 232 32 64 201 59 131 1 50 170 82 31 73 22 154 75 16 8 180 138
129 13 7 222 20 135 175 104 212 2 66 66 112 226 180 101 120 106 18 238 97 184 29 255 32 46 194 0 29 168 112 164
17 134 4 185 28 151 138 248 86 17 208 86 241 96 184 225 89 10 58 173 167 178 79 159 172 46 171 140 60 136 184 132
129 13 7 222 20 134 174 96 212 2 66 66 112 226 52 229 121 110 26 234 97 153 29 255 32 42 203 0 25 168 112 164
97 33 123 193 116 141 234 64 105 32 120 10 157 152 20 48 250 173 66 73 1 49 144 192 53 60 2 32 77 138 67 160
88 48 120 96 34 76 81 16 41 140 52 40 159 31 0 16 166 149 221 0 0 64 160 0 195 249 32 131 98 128 7 3
52 161 0 168 220 7 227 200 70 160 248 10 17 192 112 128 120 136 66 220 10 50 77 153 61 133 135 124 81 10 120 128
0 142 26 185 21 193 176 103 30 5 72 51 164 186 34 64 217 59 131 1 34 184 66 255 109 182 154 11 16 8 181 138
82 32 90 160 74 0 120 64 61 128 226 11 14 139 32 80 248 133 95 128 8 83 129 192 213 160 139 1 33 0 35 2
64 0 150 188 77 130 160 72 174 0 194 67 196 226 32 194 232 101 106 1 12 195 147 208 144 50 202 27 24 40 49 2
209 73 79 252 4 130 109 118 229 0 194 66 49 131 177 97 98 164 63 200 105 157 36 237 240 235 226 0 37 184 112 40
34 161 25 137 117 205 178 239 30 33 121 10 132 152 104 0 217 27 19 17 18 58 88 215 45 148 26 111 144 10 149 138
113 13 71 206 20 135 79 120 196 0 234 66 115 99 176 116 120 228 26 234 73 179 61 61 177 172 163 0 61 186 112 32
97 32 112 65 109 29 232 64 105 32 240 10 139 8 20 18 234 197 95 1 140 114 212 192 150 88 130 49 77 136 90 134
52 162 12 169 140 11 160 200 22 180 208 131 195 192 112 64 89 140 107 149 10 243 79 145 156 2 143 52 85 8 48 128
50 32 12 169 12 11 224 72 30 180 208 139 195 8 114 64 121 140 107 145 12 241 79 208 156 130 143 53 85 8 24 130
33 32 122 193 108 13 248 64 233 32 240 10 158 152 20 50 234 197 82 129 132 115 212 192 21 24 2 34 77 8 75 132
33 32 83 225 108 13 232 64 108 32 112 74 149 9 16 0 106 9 82 9 1 240 212 192 84 152 34 32 77 136 83 160
72 48 56 96 32 76 81 16 41 136 52 40 159 31 128 16 134 21 221 0 0 64 160 0 195 249 32 145 98 128 71 35
49 0 69 233 76 11 97 88 86 176 64 194 211 1 240 96 89 140 34 152 9 240 77 144 140 136 167 36 61 136 112 160
33 34 97 193 84 13 234 64 120 32 240 74 147 8 20 16 122 200 86 9 168 114 212 194 20 28 162 32 77 136 82 160
82 32 90 177 3 136 120 64 173 128 162 9 143 131 64 80 162 181 127 128 8 67 128 192 149 240 139 129 33 0 43 2
105 32 113 64 101 93 113 16 105 8 180 8 10 25 148 54 140 212 70 8 137 96 224 192 71 217 0 19 66 136 70 37
3 132 5 155 29 151 138 232 86 17 192 70 224 232 60 229 217 10 58 173 39 162 95 255 45 54 155 20 24 12 56 140
104 48 56 96 32 77 81 16 105 136 52 40 159 31 128 16 134 21 221 8 128 96 176 0 195 217 32 145 98 128 70 51
50 162 12 169 13 27 168 200 22 180 208 3 195 200 114 192 89 140 235 133 14 243 79 153 140 211 143 53 53 12 24 134
33 32 114 65 109 29 248 64 105 32 240 10 142 8 20 160 234 133 87 1 132 114 212 192 22 88 2 32 77 140 75 132
2 184 26 250 107 193 51 192 191 12 112 35 60 223 100 16 183 187 135 128 2 59 154 243 91 181 42 171 80 2 39 147
33 32 101 77 100 27 224 80 93 96 118 66 216 8 148 164 122 12 50 140 133 240 101 192 6 26 131 0 79 142 88 164
144 205 25 170 149 205 215 229 22 9 93 18 246 217 40 0 217 26 19 83 122 45 24 183 233 197 6 113 80 10 149 170
129 205 27 255 4 132 111 55 84 10 106 64 113 51 48 113 64 98 18 202 233 142 48 47 225 175 182 0 48 210 240 40
128 142 14 190 29 131 144 232 150 21 194 3 226 234 40 67 201 99 235 129 46 137 11 61 240 35 219 27 16 8 60 10
130 140 28 155 95 193 177 239 158 23 64 51 228 218 40 73 219 59 131 1 98 126 74 247 5 22 154 43 16 8 37 138
5 77 149 135 20 14 175 180 124 66 90 70 213 34 145 96 114 76 58 238 225 144 85 110 164 174 234 0 12 243 161 160
1 32 73 241 36 185 97 83 86 113 87 18 179 129 240 109 72 42 54 24 147 248 119 144 198 217 176 96 182 136 80 232
129 156 27 117 48 110 107 55 116 67 71 80 245 55 128 96 55 62 48 40 177 156 49 15 237 175 50 64 160 160 161 40
210 221 109 158 155 64 30 167 144 198 128 183 96 63 34 67 103 243 185 195 105 79 26 191 187 38 220 155 61 116 180 123
82 7 66 229 214 2 110 111 37 165 250 163 73 43 56 80 122 197 63 224 88 155 1 204 250 236 174 197 39 162 228 8
97 32 112 65 77 29 232 64 105 32 240 10 139 8 20 146 234 197 78 1 140 114 212 192 151 88 130 51 79 140 90 134
54 160 4 169 205 11 160 200 22 180 192 11 195 200 98 192 217 140 234 145 14 243 75 145 156 193 143 53 81 12 56 134
188 36 51 96 197 102 65 67 241 142 234 24 11 155 32 25 248 156 68 176 40 183 0 14 211 195 208 69 227 96 102 162
88 43 74 124 81 132 121 55 49 4 110 133 43 135 3 80 118 190 197 140 74 154 144 77 246 237 160 137 34 132 46 218
33 32 82 193 77 13 232 64 237 32 240 10 139 136 20 18 234 205 78 1 12 115 208 192 22 24 2 49 77 8 75 132
37 177 17 65 221 255 192 185 79 241 41 72 210 17 76 180 153 24 82 56 147 48 121 20 15 220 5 116 218 11 208 164
40 45 115 65 118 219 163 98 125 232 126 42 58 148 133 52 58 184 198 72 193 184 36 108 55 8 32 3 99 136 71 173
36 162 12 169 140 15 168 200 30 176 192 67 211 192 112 64 121 12 106 157 10 243 91 153 141 130 143 52 145 8 16 128
74 120 146 240 107 233 16 198 171 189 168 41 174 159 101 26 167 57 239 16 2 75 130 240 155 209 94 123 194 85 15 11
177 67 109 77 52 27 239 125 84 64 246 66 243 8 157 37 122 132 86 238 237 180 101 13 38 171 224 20 101 184 82 172
89 176 152 96 169 125 112 31 235 57 53 56 158 153 74 186 167 19 236 16 22 107 146 16 219 217 112 123 194 64 203 11
189 204 79 252 20 166 75 248 212 2 198 18 115 227 57 97 121 228 26 234 57 247 60 191 251 235 195 68 49 187 112 32
56 181 113 104 245 221 85 223 89 8 188 10 58 157 108 180 190 154 149 120 219 43 48 223 251 221 4 127 115 136 198 187
6 182 156 179 176 96 176 11 190 31 3 49 196 254 74 75 133 23 233 17 54 204 139 67 205 167 127 71 128 64 141 67
9 169 155 123 65 237 113 199 126 17 100 0 190 147 96 56 168 59 2 24 19 58 146 113 207 221 18 104 208 2 227 170
33 173 113 75 252 201 123 239 107 33 120 40 186 185 212 52 155 154 70 24 18 58 234 245 127 220 21 122 215 138 194 174
172 99 120 101 224 75 127 232 115 170 117 40 223 113 201 49 50 220 84 106 104 240 233 8 247 201 101 53 98 179 70 163
194 6 134 149 129 54 160 3 60 155 195 112 196 34 128 239 225 7 234 160 176 221 5 74 4 38 218 131 128 100 169 5
88 177 145 248 43 205 17 95 171 89 176 104 62 159 64 62 162 147 236 16 27 11 146 209 219 209 114 251 218 0 167 59
204 32 123 101 36 110 123 16 97 136 119 16 211 19 137 56 50 148 76 58 8 180 233 8 199 233 33 5 224 163 70 32
253 100 237 100 12 39 201 88 64 226 160 78 83 9 149 187 88 196 88 238 169 103 117 10 145 203 193 60 109 249 114 32
163 236 119 90 236 201 253 239 251 19 112 56 170 217 220 63 171 154 70 8 115 109 170 243 63 218 84 106 71 216 194 174
70 172 148 149 137 128 172 174 190 147 2 17 236 226 64 207 129 103 232 145 50 88 203 243 173 54 95 67 128 116 129 12
20 21 31 173 52 98 167 121 148 134 203 3 213 247 41 65 92 53 43 98 40 145 17 12 225 167 235 0 52 123 53 50
117 101 105 68 220 19 71 248 81 226 188 206 83 97 157 54 89 196 84 238 233 35 253 14 122 206 165 52 109 250 114 32
177 36 210 69 93 15 224 107 251 162 226 26 2 168 84 16 185 173 98 33 44 251 208 222 31 158 151 53 97 40 90 140
134 158 132 155 153 228 54 175 158 31 11 53 204 118 74 75 129 83 233 18 54 72 27 119 45 54 95 67 144 69 141 83
78 172 148 151 139 192 182 174 190 151 2 17 236 246 72 207 129 119 232 147 50 88 139 243 173 54 95 67 130 116 133 14
192 94 156 181 40 106 52 34 188 158 134 181 213 46 3 75 135 85 233 35 100 197 67 0 192 35 122 145 0 113 13 91
246 91 106 76 77 223 214 244 137 236 177 15 66 221 55 16 220 245 215 103 204 35 88 236 51 121 37 187 75 63 118 87
209 93 125 229 50 10 127 54 60 224 122 164 223 55 129 113 182 85 125 100 97 152 241 78 228 239 98 132 108 160 3 121
70 180 188 177 168 100 176 143 190 63 66 177 132 190 74 75 135 87 169 17 54 92 203 99 205 151 94 71 128 80 133 83
130 4 150 21 137 58 180 143 191 179 66 17 204 34 12 207 129 71 232 17 52 220 147 226 141 50 94 71 130 116 169 6
252 36 252 101 36 107 115 8 113 162 119 8 223 17 137 59 26 212 68 106 40 244 233 10 199 219 97 20 98 227 66 32
6 172 156 179 177 224 184 143 190 23 3 17 204 238 74 75 135 91 169 17 54 200 139 247 141 119 94 71 128 69 141 67
237 128 69 79 108 12 79 185 83 50 163 88 211 67 216 255 89 196 120 106 121 70 251 19 135 186 193 124 18 171 210 32
153 205 4 190 137 0 134 167 212 146 192 147 225 96 49 195 73 98 40 199 108 205 30 47 161 34 222 16 48 124 176 8
245 100 125 71 78 75 239 104 121 226 103 26 83 113 93 57 122 204 98 106 97 246 253 42 119 138 69 36 101 251 66 160
213 143 133 62 154 34 7 173 146 19 201 208 113 98 168 193 17 194 40 238 123 73 15 63 168 166 237 84 184 243 160 32
130 143 4 156 155 144 180 167 158 19 136 243 172 40 38 199 129 99 235 133 118 73 6 255 40 50 222 211 16 84 185 14
3 165 107 1 214 243 175 239 126 97 94 146 89 46 190 228 63 14 18 189 183 152 53 223 44 15 158 196 175 196 249 252
148 81 90 172 50 79 87 120 36 140 249 41 87 87 41 16 190 189 69 226 72 179 16 14 241 165 34 1 32 35 38 3
4 157 25 235 240 175 163 248 54 8 121 96 245 119 168 64 21 122 19 106 51 144 89 63 109 134 43 192 16 131 5 161
19 205 12 159 29 151 142 236 214 16 200 2 224 224 63 197 216 106 42 239 230 235 95 191 164 46 207 25 24 63 184 140
72 149 28 111 176 142 118 188 124 41 127 72 247 115 8 112 149 86 124 42 241 184 217 63 239 255 36 64 72 130 203 43
220 80 255 228 34 98 89 17 32 186 55 178 93 23 201 123 54 21 253 176 41 197 177 0 211 233 99 135 166 224 39 51
97 0 138 188 76 2 96 72 118 0 194 67 211 226 48 64 120 236 42 141 8 195 211 18 212 39 234 24 56 40 48 2
24 32 4 161 29 27 224 72 31 164 146 3 207 8 18 192 249 140 238 5 12 225 77 156 156 211 143 49 52 12 25 2
88 50 88 224 35 9 80 16 41 40 52 104 159 31 64 16 166 149 221 0 0 96 128 192 210 217 34 179 98 128 15 19
104 50 120 96 96 93 89 16 105 140 52 40 159 31 128 52 166 149 223 8 8 96 160 192 215 249 32 147 98 128 70 35
51 132 4 137 29 23 136 168 214 49 144 66 226 104 60 197 217 132 122 165 47 35 95 221 173 242 203 22 24 12 56 132
0 56 123 241 102 139 249 80 253 0 118 98 157 219 180 36 254 125 86 9 129 241 162 192 84 121 42 130 69 136 99 161
177 66 108 69 36 27 237 57 108 38 246 2 211 8 151 33 122 132 78 42 232 180 101 13 70 171 98 20 101 168 82 168
33 40 111 209 108 203 232 74 94 224 82 10 209 200 240 32 121 236 115 29 5 242 109 208 30 154 143 36 117 136 80 132
97 32 113 64 100 93 248 16 105 40 176 72 139 11 148 182 206 197 78 8 141 98 240 192 7 248 0 50 79 136 66 165
1 12 7 222 28 134 174 104 212 2 194 66 240 226 52 103 120 102 42 174 97 233 31 253 48 42 203 0 25 40 112 164
88 50 88 224 34 9 88 16 41 12 52 104 159 31 64 16 166 149 221 0 0 96 128 192 210 249 34 131 34 128 15 19
5 134 12 185 156 3 226 232 86 61 208 86 195 64 186 193 89 128 110 189 174 114 79 157 172 2 239 116 60 136 216 132
1 26 135 159 13 134 33 64 252 200 194 70 228 226 42 198 112 102 42 128 5 209 147 237 148 50 206 2 8 44 57 164
48 41 82 226 87 203 226 64 104 0 120 10 61 217 52 128 122 171 2 201 1 187 144 236 53 172 2 40 109 10 99 162
40 36 10 152 92 211 227 104 22 164 244 10 81 193 34 0 89 168 2 184 42 242 110 159 124 135 167 45 113 8 124 128
32 175 10 136 92 143 226 194 6 172 248 10 50 128 96 0 216 234 2 88 10 187 200 191 125 133 165 45 81 10 114 136
0 143 26 191 149 131 178 103 30 5 72 19 164 171 32 64 201 59 131 1 50 152 64 191 229 183 26 67 16 8 189 138
131 12 7 158 29 134 174 104 212 2 194 66 112 226 52 229 120 102 58 234 97 201 31 255 49 42 202 0 25 104 112 164
88 50 88 96 34 12 80 16 41 172 54 104 159 31 192 18 166 213 253 0 8 64 128 192 210 249 37 179 98 128 15 3
105 32 113 64 101 93 248 16 105 72 180 8 138 24 148 182 202 212 214 8 141 98 228 192 7 216 0 19 67 140 70 164
114 32 90 168 72 0 104 64 61 128 226 11 4 131 32 80 248 141 75 128 8 211 145 192 213 160 138 9 1 0 99 130
70 48 132 177 137 36 188 11 186 191 3 149 140 170 75 75 129 15 249 149 22 69 154 192 204 18 223 175 140 116 155 214
1 32 105 251 36 233 105 64 86 113 67 18 179 145 240 105 90 170 18 28 27 184 119 48 199 136 146 96 60 136 80 164
66 34 18 177 3 136 40 64 173 0 226 66 140 195 32 208 162 165 107 128 0 81 130 192 148 176 139 1 8 0 43 2
32 32 72 233 68 11 224 64 89 32 240 74 19 8 20 144 120 140 66 137 8 242 196 192 20 8 161 40 101 136 90 128
3 12 7 159 12 134 174 96 244 2 194 66 112 226 52 229 120 102 58 174 97 209 31 253 49 42 203 0 29 120 112 36
49 141 3 190 29 199 66 226 212 0 202 2 115 242 48 224 88 234 10 202 41 171 24 191 177 174 130 16 16 10 112 40
112 32 88 225 77 29 224 64 109 32 240 11 139 8 22 130 232 197 206 5 12 115 208 192 151 217 130 49 101 8 91 130
41 32 7 201 76 143 97 88 86 160 66 66 211 128 176 228 120 172 34 140 9 242 95 144 140 136 135 32 121 136 80 160
56 32 12 169 13 31 192 72 22 180 130 11 199 8 82 192 217 140 239 133 12 227 75 152 153 195 143 53 48 12 29 130
80 0 151 172 78 2 32 72 60 0 194 227 196 194 32 66 248 205 42 129 8 211 131 192 148 160 170 2 24 8 49 130
7 174 168 83 246 170 167 134 122 191 94 240 176 160 213 44 7 110 34 28 178 248 173 98 108 30 62 194 197 81 209 173
33 32 91 225 70 9 225 64 124 32 114 10 149 193 48 32 122 12 66 140 1 240 149 192 84 136 2 32 109 136 67 160
0 34 4 161 28 139 224 72 158 176 194 67 199 129 0 64 121 172 106 29 8 241 77 156 156 130 175 52 48 8 25 128
88 50 120 96 32 29 81 16 41 140 52 40 159 23 128 16 166 149 221 0 128 96 160 0 195 249 32 131 98 128 7 35
160 104 123 243 108 233 233 64 236 17 101 26 181 145 216 46 42 40 66 24 3 54 230 225 69 217 18 105 196 139 71 160
1 32 90 129 70 9 160 64 252 32 242 66 140 136 20 16 250 77 74 1 4 241 135 192 20 8 10 32 77 8 107 128
1 144 19 219 48 206 41 16 54 73 67 84 245 151 136 108 54 58 50 24 147 156 49 119 133 174 50 64 152 128 161 177
1 32 13 161 28 15 225 72 14 160 194 2 214 1 16 64 105 132 106 13 0 241 91 156 157 162 143 48 48 8 17 32
1 32 90 161 70 9 160 64 236 32 240 2 158 152 20 16 234 141 74 1 4 243 147 192 21 152 10 32 77 8 67 130
189 45 91 83 242 251 230 199 126 169 56 120 22 144 229 176 179 122 2 88 51 184 40 62 47 141 37 98 209 89 195 161
48 34 4 169 12 11 224 72 142 164 194 3 198 0 112 64 104 132 106 5 8 241 73 208 156 130 143 49 80 8 25 128
34 171 115 92 91 209 185 115 225 12 244 168 40 134 132 52 46 186 194 136 130 187 166 93 87 188 16 11 67 128 102 237
16 0 12 161 29 11 104 72 15 164 146 3 199 10 18 64 233 132 110 5 44 241 89 156 141 242 139 49 52 8 24 6
17 32 82 225 103 153 184 64 253 32 114 2 140 138 52 128 250 45 74 1 5 177 144 192 148 217 10 35 77 8 107 132
1 128 12 185 28 7 192 200 86 48 208 2 209 192 48 65 89 128 42 173 42 97 91 157 188 130 207 124 25 8 24 128
34 32 115 64 102 89 248 64 105 0 112 106 12 155 132 52 174 157 70 8 128 115 160 192 22 56 2 130 71 128 103 165
36 97 249 66 221 205 227 201 74 181 57 10 18 152 93 56 152 136 19 89 2 50 250 144 95 157 5 125 209 27 214 162
209 12 79 254 4 130 105 52 244 2 226 66 113 3 177 113 112 164 58 168 105 157 5 15 209 171 242 0 37 168 112 40
80 72 151 252 4 134 104 115 164 130 226 66 61 163 49 210 96 165 59 136 72 143 16 200 209 170 210 8 40 224 33 40
49 32 90 161 79 9 224 64 252 32 242 11 142 200 52 0 250 13 74 133 4 241 145 192 148 144 10 33 77 8 75 128
36 161 120 225 84 141 242 200 78 33 113 10 22 153 112 0 216 25 19 81 18 58 88 149 77 141 1 109 209 11 86 130
1 140 13 191 28 135 132 174 214 51 194 2 241 34 16 67 201 230 106 141 47 201 95 125 180 34 218 16 24 40 120 12
49 13 71 206 20 135 70 112 196 0 234 66 115 243 176 244 120 230 10 234 73 163 28 63 177 172 129 16 57 170 112 32
33 32 109 69 68 91 226 72 78 224 126 2 192 136 150 164 122 204 114 13 133 176 109 222 22 14 131 1 85 142 91 228
96 32 80 225 77 13 224 64 109 32 240 11 139 8 20 2 232 197 78 5 12 115 208 192 149 152 130 48 69 8 83 130
57 205 31 254 148 228 71 183 212 2 79 2 115 115 40 96 209 114 18 106 105 136 88 191 225 239 230 0 48 250 240 42
18 62 90 250 82 193 186 88 190 8 120 227 60 223 36 80 255 187 151 128 34 147 10 255 119 135 43 171 61 2 39 147
48 34 4 169 12 15 160 72 22 180 130 75 198 1 64 64 89 140 106 145 8 225 75 144 157 2 143 52 80 8 16 130
37 44 170 33 20 63 195 210 70 164 40 76 147 136 83 40 24 104 66 93 140 240 84 10 204 29 5 52 200 249 90 140
48 77 117 78 44 73 199 172 204 14 189 40 242 81 141 54 200 112 108 106 72 39 107 61 225 186 96 26 80 59 84 43
88 157 126 102 50 70 87 55 33 140 174 8 127 119 0 112 50 246 253 98 88 137 49 47 243 239 32 17 34 226 164 43
128 132 30 187 79 225 176 234 158 23 65 19 236 211 40 73 249 27 163 1 34 124 26 247 21 166 91 47 16 8 37 170
6 186 154 144 210 129 177 67 174 181 66 181 140 150 98 72 167 59 235 145 18 217 146 116 220 20 27 235 136 1 173 147
204 237 18 185 136 169 111 134 174 22 8 16 189 131 97 210 35 43 74 218 114 13 138 51 164 193 46 104 48 81 137 128
162 181 17 224 250 77 33 79 43 41 184 104 150 215 204 52 182 153 95 48 83 35 80 83 185 152 7 254 88 0 135 185
120 15 76 173 60 131 78 47 22 4 250 231 227 105 178 192 88 166 174 164 108 171 71 31 178 231 226 153 53 142 248 8
126 93 239 190 142 64 142 236 128 198 156 171 97 237 187 130 95 242 189 227 105 3 222 175 242 103 237 185 53 255 188 120
149 253 109 115 178 235 79 189 82 243 45 252 83 101 155 49 23 66 84 126 249 108 124 63 232 143 101 116 237 243 194 240
94 221 222 254 139 68 31 230 128 210 140 167 124 255 99 99 111 243 185 195 105 67 186 235 243 231 207 187 61 115 173 27
109 57 88 82 109 157 82 80 235 184 181 72 94 217 77 191 140 176 86 26 129 98 218 224 23 217 97 62 74 163 74 131
188 76 7 252 29 231 71 232 213 146 230 18 115 243 33 233 121 228 42 234 40 231 26 188 251 235 195 85 51 57 116 34
90 179 145 232 42 205 25 89 171 89 180 108 190 151 192 182 134 153 252 16 155 11 226 209 154 213 50 254 90 0 167 59
84 50 147 96 50 75 178 72 172 168 51 224 76 222 233 114 182 125 238 115 1 209 138 72 152 160 43 167 128 35 39 131
88 176 216 224 171 56 16 23 171 61 188 184 143 159 68 154 167 147 237 16 22 107 130 192 219 217 50 255 194 192 143 3
17 32 7 209 69 223 97 72 118 160 102 66 195 192 48 228 120 172 34 8 9 240 125 144 157 136 135 32 123 8 112 164
97 32 113 65 100 29 248 16 105 40 240 72 155 27 148 176 206 149 70 9 133 114 192 192 6 216 34 50 77 138 75 133
83 0 133 159 13 6 172 40 198 18 194 66 224 226 60 231 201 230 106 171 45 227 95 253 144 58 203 26 24 40 112 4
90 50 80 224 98 9 120 80 45 128 48 237 143 31 64 144 166 149 223 128 140 65 128 192 214 241 42 130 46 128 11 19
33 130 12 169 76 11 105 200 70 52 216 143 195 96 186 64 89 204 106 189 14 50 79 149 220 6 239 125 53 142 88 192
109 42 88 102 108 189 218 144 233 168 60 76 171 9 213 146 142 224 70 78 140 34 216 232 70 221 33 56 74 171 74 129
48 185 26 174 85 197 226 196 68 8 120 74 50 216 36 16 248 170 2 193 10 187 24 253 113 141 35 43 65 10 114 138
1 140 23 222 29 199 167 232 212 18 194 2 96 242 36 229 89 102 42 170 97 225 91 253 49 34 195 16 16 104 112 36
32 173 10 138 116 139 163 230 6 136 120 10 48 192 32 0 216 106 2 88 2 186 72 191 124 21 167 40 81 10 114 168
8 143 18 191 149 129 22 231 30 9 72 67 167 163 32 192 209 43 131 0 50 152 65 191 236 247 62 67 24 8 169 138
126 213 204 238 155 96 31 237 18 194 141 171 113 255 41 98 95 215 185 227 107 67 191 191 249 39 237 159 61 122 180 122
132 144 150 186 79 197 176 200 158 23 65 18 236 215 104 73 249 25 163 2 34 87 26 241 157 130 91 111 144 9 37 130
90 50 90 224 98 12 120 16 41 136 242 237 143 27 64 210 166 213 253 128 12 83 129 192 214 249 34 131 42 128 11 1
115 128 4 173 29 27 64 168 79 48 130 10 199 120 0 199 201 196 110 33 46 99 91 157 140 242 207 95 24 12 56 6
80 187 144 176 186 169 24 199 171 57 184 249 142 155 64 154 167 155 204 16 22 11 130 241 152 208 26 123 216 0 139 11
49 141 19 190 29 199 66 238 214 0 200 2 242 240 40 224 217 234 10 40 11 171 90 191 177 246 130 26 16 10 112 10
112 32 88 161 13 25 240 64 108 36 240 11 151 24 22 130 232 205 206 1 12 115 209 128 215 193 34 49 97 8 75 130
87 165 172 186 159 118 158 171 22 245 141 151 73 110 126 67 221 199 185 181 190 75 191 215 250 79 207 253 189 111 184 86
80 32 12 169 13 27 80 8 14 164 130 11 199 8 66 192 200 133 239 1 12 225 81 152 203 195 47 49 112 8 89 2
86 180 174 178 130 32 58 200 190 147 11 179 93 255 107 75 55 85 189 183 50 69 143 210 216 71 239 207 164 119 165 83
81 16 135 156 77 150 33 72 244 192 194 6 224 242 162 102 240 108 42 132 5 211 179 193 29 34 206 10 8 32 33 116
40 34 140 169 92 75 161 88 22 172 116 171 67 193 226 0 89 200 130 40 46 242 78 29 92 131 165 37 115 136 86 160
88 50 120 224 32 12 88 16 41 140 182 8 159 27 2 80 166 149 237 8 136 66 128 128 195 249 32 129 98 128 15 3
31 22 172 181 164 62 156 154 24 255 155 215 193 108 159 11 157 71 189 167 189 240 125 170 194 127 255 148 237 125 217 86
167 133 236 79 220 55 203 239 83 229 125 27 80 108 222 36 217 206 19 189 182 122 125 223 111 30 133 237 213 238 208 236
104 32 113 64 101 89 248 0 105 32 240 8 139 24 20 178 202 212 206 0 140 114 228 128 23 217 0 51 71 136 90 134
83 34 18 161 67 4 40 64 172 0 194 71 140 194 32 212 226 141 106 128 5 209 147 192 148 32 139 11 8 0 43 134
134 233 19 186 105 205 162 200 158 56 161 89 236 222 109 137 201 57 75 83 99 71 26 245 189 144 15 126 16 27 5 162
32 34 78 1 76 11 225 64 122 44 240 74 2 136 144 16 120 140 66 9 0 242 192 16 84 1 35 33 65 8 90 128
17 32 83 233 78 73 225 72 124 0 242 2 157 211 176 36 122 140 66 136 1 242 151 192 84 128 2 0 101 136 99 160
49 13 3 78 20 135 70 96 196 0 234 66 115 240 176 116 88 226 10 106 105 171 60 63 176 174 128 24 57 170 112 36
48 32 16 161 13 9 224 64 109 32 240 75 134 8 20 2 232 205 78 1 8 115 193 192 149 144 2 50 65 8 83 130
169 223 4 94 29 157 70 63 205 72 232 76 178 224 52 181 200 34 66 110 237 42 114 63 35 248 0 56 90 138 218 12
48 34 4 129 77 11 192 72 14 160 130 75 198 128 96 196 232 132 106 0 8 227 203 208 156 0 143 50 81 8 16 34
80 2 14 173 76 139 96 72 22 164 66 71 199 131 32 64 121 172 106 44 0 208 75 156 220 163 227 33 56 8 56 128
16 32 22 161 15 11 224 64 236 32 242 3 206 202 32 64 106 141 106 129 4 241 131 192 148 0 10 1 105 8 107 130
34 171 127 88 120 209 169 65 236 77 240 96 48 156 164 180 238 185 194 128 131 171 102 93 23 56 18 75 81 128 103 237
17 32 22 165 78 11 160 72 124 160 242 70 223 192 80 128 122 204 106 137 5 243 135 64 148 0 3 32 109 8 107 128
112 2 14 153 13 139 96 72 142 164 194 11 198 193 98 64 104 164 106 132 8 243 201 220 156 34 143 49 16 8 29 2
156 253 119 115 146 219 183 246 118 162 50 104 123 117 229 161 59 122 134 114 115 252 41 62 169 207 37 96 227 152 197 169
1 128 12 185 92 139 96 232 86 176 194 2 210 192 96 65 121 164 42 60 42 240 75 29 156 130 199 116 48 8 80 130
51 32 107 8 84 219 227 72 94 228 250 2 82 200 182 32 120 236 50 137 140 179 189 218 53 14 131 33 85 10 117 196
60 205 29 238 156 199 87 172 198 16 233 2 119 243 40 96 81 82 10 106 90 41 26 61 233 239 37 84 48 123 192 42
146 190 27 186 82 135 186 216 22 136 120 231 125 215 32 65 127 251 151 160 35 146 24 255 248 167 171 136 57 128 35 145
252 12 22 252 13 247 96 106 213 150 230 2 66 243 33 207 249 244 170 34 40 231 19 156 211 227 211 3 179 105 124 42
0 42 83 81 102 139 168 64 248 128 240 194 13 202 52 16 58 189 66 128 0 243 134 64 20 40 2 8 69 0 103 160
202 179 113 233 58 153 25 81 171 121 180 236 191 151 196 246 134 25 221 80 131 11 226 209 142 208 42 250 30 132 15 125
16 32 95 161 14 75 161 72 108 32 242 2 159 10 0 0 106 141 74 129 0 227 199 192 148 128 10 33 101 8 99 130
252 215 117 78 47 75 71 248 205 38 185 40 79 81 172 100 50 208 76 98 104 33 41 191 177 254 5 22 115 251 196 45
65 140 135 191 44 138 100 162 222 2 66 64 245 226 176 225 65 102 42 11 97 248 79 63 140 182 250 0 16 40 81 40
81 32 7 129 13 11 225 64 14 160 194 10 214 129 32 64 104 132 106 9 1 241 83 212 157 34 3 48 112 8 113 32
117 221 225 110 188 47 71 188 83 226 74 236 115 229 153 48 21 230 52 110 233 35 255 63 248 238 101 28 252 251 208 120
117 204 109 118 184 3 79 188 210 226 173 136 83 101 152 48 23 214 93 110 233 101 45 63 233 142 101 180 101 243 210 96
195 72 5 157 13 138 128 32 141 18 130 71 228 194 53 207 192 33 106 199 77 5 67 253 128 50 202 26 24 13 49 12
117 141 99 69 212 78 199 242 81 226 250 74 83 113 148 180 121 228 84 46 233 187 125 46 61 174 165 20 111 250 82 36
89 35 76 37 16 26 74 35 100 160 234 192 227 2 148 208 120 164 236 172 12 154 197 12 182 237 162 17 97 130 74 12
94 249 167 54 139 81 150 232 134 222 152 47 110 252 79 139 217 211 237 243 93 99 255 40 185 71 111 191 225 119 55 119
86 50 23 160 50 6 168 88 172 136 210 228 205 134 161 194 54 149 110 176 129 131 133 76 144 160 43 140 1 162 35 49
2 134 18 187 19 163 176 35 30 5 75 183 172 130 42 64 211 59 131 17 22 152 65 223 140 54 26 67 144 12 173 138
189 72 79 204 29 215 66 96 196 0 224 2 115 192 53 229 88 160 10 238 73 167 22 189 179 169 130 24 57 43 120 32
128 136 23 219 50 203 35 184 62 29 71 48 244 211 168 68 17 30 42 90 51 156 43 119 205 166 35 68 16 131 133 161
95 127 151 86 155 166 23 254 162 202 136 78 124 247 33 54 183 119 84 226 225 75 186 110 249 174 45 186 163 115 163 43
15 246 165 19 155 117 143 190 31 247 141 245 232 102 207 175 23 83 249 151 183 72 127 243 47 86 95 222 142 214 133 125
71 149 173 21 174 78 181 175 202 254 154 27 208 60 94 43 139 71 123 39 245 105 255 192 109 26 95 150 197 124 213 127
82 34 90 160 66 8 120 64 57 160 242 207 15 139 68 80 62 205 103 132 4 82 132 192 22 184 7 32 109 128 107 128
100 163 65 169 220 73 67 200 6 228 216 143 195 196 242 80 88 140 106 212 14 50 205 149 188 4 175 125 53 142 116 208
103 229 169 162 172 117 95 137 3 246 137 139 209 236 91 11 221 199 125 247 222 67 239 144 251 89 207 253 148 247 148 86
49 13 23 94 28 199 71 98 212 8 234 66 115 240 160 244 88 226 10 106 105 171 60 63 176 174 161 16 57 42 112 36
120 32 88 225 36 89 240 0 105 32 176 8 159 26 20 146 202 213 206 1 12 226 208 128 151 217 34 49 69 136 75 130
113 128 132 173 13 27 68 168 79 50 130 9 199 56 0 194 193 196 108 1 12 99 219 149 152 242 207 63 48 40 24 6
24 143 18 185 176 129 22 239 20 9 90 99 165 99 32 192 209 43 143 0 22 152 65 191 168 247 62 67 24 8 169 11
114 34 90 64 104 8 120 80 41 164 242 137 11 139 68 18 46 205 110 132 12 83 192 192 222 248 1 41 99 128 106 130
0 42 87 241 78 139 168 64 252 128 114 194 141 202 52 0 122 185 66 137 0 242 134 192 20 152 10 0 69 0 99 160
1 14 146 255 54 138 38 112 254 2 90 98 247 226 160 96 114 110 46 10 0 184 14 127 164 166 35 0 20 234 97 33
19 156 7 187 18 135 46 248 22 2 218 198 117 231 32 64 125 251 19 170 105 147 26 255 225 166 171 128 57 130 33 176
56 132 18 190 29 199 66 236 87 9 200 2 102 240 40 192 217 170 14 32 46 171 91 191 185 247 155 27 16 10 248 10
60 141 29 238 156 195 71 188 198 0 236 2 119 243 41 96 81 114 42 106 91 41 27 63 233 231 37 92 48 250 228 34
49 36 43 184 92 195 163 72 86 228 240 11 82 220 118 32 249 236 18 1 174 179 188 155 53 36 131 45 85 8 118 230
88 34 24 96 33 13 88 16 41 172 182 9 159 3 66 146 166 213 237 8 8 98 192 0 195 249 37 49 98 128 74 3
83 0 133 157 13 18 68 40 207 50 130 66 226 242 12 230 201 198 110 171 13 227 223 221 144 50 203 30 24 104 120 4
32 173 27 155 116 201 163 231 14 1 120 2 176 200 36 0 216 106 2 64 3 186 72 191 44 20 174 40 81 10 209 168
3 16 15 141 12 198 33 72 230 192 194 2 64 210 162 102 104 100 106 136 5 211 191 208 21 34 138 2 16 0 33 230
40 34 14 137 76 75 161 72 22 164 244 162 192 193 160 4 88 8 226 8 0 243 111 144 84 3 163 41 81 8 116 160
83 34 19 136 75 4 40 72 172 4 194 71 12 130 32 208 234 133 106 128 5 3 147 192 148 32 10 11 9 0 41 6
40 34 88 201 76 11 224 80 108 44 112 110 16 9 20 16 104 140 66 1 0 178 193 192 84 41 162 32 93 8 90 128
88 34 14 165 78 11 96 80 22 164 242 70 199 195 32 80 120 140 106 140 0 243 199 144 212 195 163 32 60 8 57 128
64 32 23 137 79 75 225 72 109 36 242 10 150 146 0 80 104 132 110 129 8 227 195 192 149 0 130 1 97 8 103 162
98 32 4 128 77 11 32 72 15 160 226 11 198 130 68 212 232 132 234 0 8 67 203 208 156 18 143 59 16 8 58 132
112 34 16 129 13 13 224 64 109 32 178 75 134 0 0 134 232 204 78 1 8 227 193 192 149 144 2 50 97 8 67 134
32 191 26 202 116 133 178 232 70 8 248 106 48 217 44 16 248 186 2 97 2 51 10 255 121 44 35 42 81 10 242 131
96 32 7 137 77 79 97 72 190 160 226 10 210 208 96 212 120 140 106 8 1 243 155 208 29 34 7 32 16 8 81 162
216 70 84 188 35 10 86 47 49 6 226 188 111 35 128 213 214 215 172 34 108 222 69 143 178 246 80 19 42 244 140 13
67 187 17 179 170 141 56 135 170 25 160 93 172 130 64 24 167 59 78 21 19 9 154 113 140 144 26 122 152 0 131 9
198 140 148 30 217 239 22 170 30 51 74 24 70 240 40 84 145 126 32 2 114 88 26 55 45 54 85 111 144 113 152 6
65 2 143 157 44 42 161 19 236 91 67 80 212 162 177 107 96 36 106 12 145 213 167 64 68 34 250 0 140 96 113 33
88 0 12 165 44 11 80 0 38 36 166 9 199 35 2 210 192 196 237 0 12 192 209 16 210 243 99 17 48 136 94 2
182 48 129 10 203 103 147 200 130 232 161 79 82 220 109 46 157 220 209 115 13 103 154 24 25 0 13 126 249 47 22 214
12 22 28 169 26 107 33 90 14 37 78 130 213 19 35 76 119 24 43 56 2 144 81 92 197 166 43 68 144 75 37 162
32 43 59 88 72 197 169 66 236 72 240 64 176 158 36 32 204 57 74 193 131 43 102 85 21 56 26 121 81 0 103 252
16 32 28 161 44 75 112 0 108 36 182 9 151 9 2 18 202 205 236 1 12 224 193 0 197 193 42 49 97 8 15 2
40 32 83 201 78 65 225 72 102 0 240 2 137 131 160 180 104 140 66 136 1 242 199 208 20 160 130 40 115 136 103 160
112 8 158 220 13 246 112 3 199 149 227 2 66 251 37 74 232 244 234 0 12 227 211 200 19 178 210 11 145 40 124 14
120 35 74 45 26 83 66 96 52 36 234 171 67 2 2 208 120 132 236 160 12 187 197 15 210 229 160 17 97 130 110 72
67 176 121 192 42 153 56 17 171 113 180 168 173 158 198 52 166 145 221 16 151 9 240 209 150 216 26 250 22 128 11 117
36 242 158 184 79 69 176 200 142 60 193 11 132 214 105 75 233 25 234 83 2 99 154 209 85 145 75 63 16 57 37 131
127 215 241 238 154 2 31 253 18 107 221 238 112 247 168 100 95 215 189 163 219 67 175 191 248 231 237 254 63 115 160 51
28 222 55 115 147 223 70 191 117 166 114 64 235 113 129 165 63 250 132 112 105 248 57 190 171 207 117 65 227 152 68 40
49 32 6 153 69 159 224 72 86 224 242 70 65 194 114 228 120 172 34 140 13 242 63 144 21 32 131 0 57 12 120 132
61 13 99 70 212 95 231 242 81 226 254 74 115 113 149 180 120 230 68 106 233 187 189 46 123 174 165 16 103 250 118 228
253 104 207 102 4 14 103 216 224 162 167 78 83 193 249 59 57 228 108 126 201 231 188 40 219 203 229 36 233 187 114 32
119 172 174 54 153 135 71 172 22 166 198 9 99 232 59 9 17 238 121 63 120 195 59 63 249 103 77 28 129 125 16 110
65 51 23 129 72 6 41 16 36 168 194 196 149 6 192 242 102 157 106 252 129 146 245 64 148 32 42 132 8 128 33 176
126 243 167 36 139 83 151 233 66 228 136 175 103 236 67 162 220 213 253 227 205 99 255 10 187 71 205 191 37 54 54 127
119 177 229 23 187 91 139 168 31 253 23 175 104 108 223 174 23 70 253 61 135 64 255 221 15 78 237 182 175 230 84 119
177 72 6 188 13 213 66 96 197 72 224 6 51 208 49 97 72 160 14 106 109 167 82 189 177 232 128 24 121 59 120 14
33 157 25 171 20 203 135 231 14 73 88 70 180 240 32 0 72 42 2 65 83 184 88 191 172 4 46 80 89 10 145 184
25 143 5 173 176 131 6 175 6 9 202 227 167 98 160 192 215 35 142 4 95 136 65 191 168 246 54 194 24 140 169 9
49 13 23 94 60 210 71 112 212 72 234 96 114 240 160 244 89 230 14 106 109 171 108 63 176 174 33 16 88 106 112 36
127 151 241 206 186 19 30 252 3 97 157 230 73 247 140 228 127 223 189 238 219 3 175 189 58 46 175 254 191 247 160 53
65 32 22 149 67 138 160 64 252 32 98 130 204 130 32 84 114 45 106 8 0 241 149 64 148 32 10 0 104 0 35 128
78 172 134 63 139 129 54 168 158 151 66 17 236 224 74 75 145 111 233 55 38 193 139 63 40 86 93 47 128 116 153 14
56 140 24 190 61 215 82 232 86 9 200 2 103 241 42 208 217 202 174 32 46 163 89 191 251 231 163 95 50 10 248 10
24 34 24 161 44 91 112 80 108 36 178 33 151 11 2 16 234 141 236 1 12 225 193 0 212 225 34 17 96 8 15 2
255 251 212 62 105 157 94 252 139 154 176 237 111 205 203 147 158 241 197 71 236 103 202 57 242 217 101 186 91 183 10 155
88 32 24 164 44 8 80 16 39 44 166 9 223 3 2 210 192 196 237 12 12 64 193 16 210 241 97 17 32 168 94 2
112 32 0 129 77 29 32 72 14 160 162 11 198 130 64 208 232 140 234 0 12 67 203 208 149 144 139 59 16 8 105 134
125 13 103 70 215 218 231 242 209 226 254 10 115 252 181 164 120 230 68 106 233 187 60 174 59 238 37 16 103 250 118 236
120 34 24 96 33 13 88 16 97 172 180 9 159 3 2 144 132 133 205 12 8 98 192 0 195 249 37 49 98 128 74 3
8 34 55 121 105 217 169 81 228 29 112 160 189 159 160 160 74 57 166 8 2 184 99 21 69 225 58 200 87 0 37 185
96 32 23 137 77 73 225 72 175 36 242 10 134 131 0 196 104 156 234 128 8 243 201 208 149 160 138 1 81 8 39 162
96 32 19 137 79 75 160 72 246 160 226 10 82 210 96 240 120 140 106 128 5 243 203 208 149 162 3 43 49 8 127 166
97 32 14 173 77 79 224 72 238 32 240 2 211 130 34 80 104 140 106 137 13 243 215 208 149 161 131 32 121 8 107 128
56 34 67 169 78 11 97 88 54 164 226 134 67 195 96 84 120 140 98 136 8 210 223 144 212 162 131 32 51 136 116 224
48 34 23 221 79 219 161 72 118 32 246 34 0 194 160 228 120 236 226 136 9 242 239 208 20 160 131 33 115 136 100 164
253 104 195 102 4 70 67 216 225 194 163 74 83 209 121 59 120 228 100 126 73 231 184 40 249 200 101 28 233 251 114 32
32 34 90 137 76 9 161 80 76 36 240 110 0 136 182 0 104 140 98 13 0 178 193 192 84 33 34 40 85 8 123 128
19 32 19 169 75 68 169 64 44 96 194 71 140 130 32 208 106 141 106 128 5 147 149 192 149 160 138 0 41 0 33 196
120 32 88 225 37 89 80 16 108 8 178 8 159 11 16 146 202 213 204 1 12 224 209 128 198 217 34 17 98 8 75 2
32 2 14 205 108 75 161 88 22 164 214 226 208 197 162 64 88 92 106 8 0 243 111 144 84 3 163 17 20 136 60 161
48 36 43 185 84 195 163 72 86 64 208 10 83 220 48 32 248 184 19 33 169 178 62 158 117 38 139 40 117 10 116 226
84 157 25 238 156 199 71 184 214 0 236 2 119 243 40 96 81 122 10 106 107 41 25 63 235 167 37 124 56 250 192 34
73 130 222 219 174 184 33 23 238 17 71 244 221 163 234 110 99 38 42 24 147 216 231 64 78 41 242 192 142 192 169 41
0 16 47 141 76 66 33 72 86 132 194 34 208 210 162 96 120 92 42 128 8 211 239 208 84 34 171 0 16 8 52 226
120 0 88 165 45 73 80 16 111 160 146 9 199 9 66 80 201 132 108 1 12 34 217 144 158 240 129 51 48 136 88 2
19 4 3 237 16 135 110 120 22 128 202 70 113 243 32 224 124 121 59 174 41 147 25 223 176 174 171 128 56 162 32 160
17 14 210 254 54 130 98 112 126 128 74 226 125 227 160 96 114 108 38 40 160 177 12 255 176 174 35 0 44 226 97 129
100 115 154 168 75 5 144 88 142 188 176 111 132 215 97 10 236 25 234 114 66 3 154 145 85 129 107 191 16 59 37 131
7 233 27 147 170 140 41 150 174 89 4 116 188 210 200 126 35 43 126 220 19 73 170 113 140 16 62 232 136 1 163 41
67 33 120 192 106 141 56 64 169 17 176 136 157 158 86 48 166 145 95 148 22 9 182 209 215 152 26 250 16 128 3 4
114 5 104 100 21 90 210 99 105 36 190 11 75 41 22 16 248 132 205 161 108 163 85 206 179 252 128 19 101 44 86 78
96 8 159 220 13 197 48 0 207 133 163 3 224 219 100 74 200 52 106 16 12 163 211 192 147 180 210 27 144 10 116 2
22 255 152 178 145 229 23 206 186 159 9 37 230 247 75 0 145 123 141 82 122 72 154 63 233 134 15 255 128 115 135 115
12 1 28 137 155 75 105 17 36 53 199 130 221 39 3 206 98 22 235 216 16 152 81 28 228 129 162 85 178 138 141 162
120 175 196 31 158 186 6 230 82 162 202 235 99 96 129 208 81 230 200 99 104 251 205 47 56 39 165 19 229 254 94 8
14 130 4 171 23 163 56 200 30 21 75 183 141 199 42 192 215 11 139 149 22 128 73 213 140 197 154 199 144 15 61 82
79 145 126 72 27 254 35 154 239 28 174 4 72 215 175 246 48 20 234 40 3 129 59 93 19 63 65 87 146 231 109 116
20 44 151 21 217 202 39 226 246 190 66 32 112 240 33 3 177 110 104 0 32 217 155 46 125 38 69 3 128 112 6 2
9 17 14 65 1 22 105 16 36 109 102 4 153 2 146 252 100 12 122 140 133 152 245 64 70 233 178 128 10 128 41 252
56 54 66 8 89 67 83 88 53 100 230 173 2 5 2 84 88 140 199 160 41 183 81 30 210 228 128 19 123 13 102 83
88 34 28 161 40 11 80 16 44 36 182 141 215 11 2 80 162 133 236 1 12 224 193 0 210 227 34 17 96 128 13 66
120 2 24 164 44 12 80 16 36 44 182 41 223 3 2 82 192 197 109 0 12 64 193 0 194 225 96 17 32 128 78 3
96 32 26 169 77 75 224 72 228 36 242 10 130 146 32 112 104 140 106 128 12 243 195 192 149 161 131 43 97 8 111 130
57 32 2 169 77 77 225 72 100 36 242 10 23 147 34 0 104 140 106 140 8 243 211 192 213 128 130 41 113 8 115 130
48 32 3 137 77 79 97 72 54 164 228 10 66 199 96 212 120 140 106 140 8 243 219 208 21 128 131 40 115 8 116 226
33 34 78 137 76 15 160 88 38 100 244 207 80 129 162 0 104 140 106 12 5 243 215 80 84 33 35 40 89 136 107 208
0 2 14 205 78 11 161 88 22 164 214 231 209 197 162 64 124 92 106 8 128 243 111 144 84 34 163 16 20 136 52 177
20 157 27 254 156 199 71 248 214 168 236 72 115 243 40 96 81 254 14 106 107 171 24 63 249 166 37 120 56 234 0 35
112 34 6 137 77 73 160 72 174 36 226 10 70 194 32 212 104 148 234 128 8 243 203 208 149 160 131 43 81 8 39 162
77 195 254 211 172 152 57 159 238 85 70 244 217 195 250 110 71 70 42 152 146 80 191 225 78 249 182 76 142 144 169 0
70 186 132 28 137 31 176 232 190 176 192 13 236 232 74 194 129 77 234 49 38 65 219 25 29 50 77 127 152 100 11 134
20 191 157 162 186 231 23 252 182 141 136 165 247 247 73 16 149 123 77 114 122 9 26 63 233 134 45 254 176 115 135 115
48 32 2 217 79 219 160 72 118 0 242 2 64 194 100 228 120 236 162 128 13 243 255 144 23 32 131 3 121 8 104 148
49 48 38 153 77 151 160 72 86 196 194 7 64 208 34 196 248 44 162 5 142 243 27 209 20 34 131 3 17 12 120 198
102 168 166 30 153 199 87 168 151 183 64 9 230 241 106 84 145 110 105 16 42 211 251 63 233 22 69 63 146 100 84 98
38 172 147 94 153 215 18 232 22 193 224 8 96 244 108 180 145 126 240 144 39 195 155 63 43 62 69 123 211 100 46 134
164 115 27 168 104 5 150 89 142 188 184 111 20 151 225 2 204 29 110 98 64 3 194 16 208 144 43 190 16 58 33 179
69 234 26 154 40 157 41 216 238 93 148 100 188 210 234 116 167 11 78 220 195 9 170 113 156 16 43 232 24 1 35 229
253 105 206 94 140 12 70 252 192 138 180 76 115 193 217 183 88 224 108 110 233 227 218 40 242 233 229 24 107 251 122 40
114 18 104 228 87 79 81 99 113 44 178 15 2 61 20 16 248 148 207 161 168 187 81 206 147 182 128 19 101 40 118 26
137 86 23 95 97 62 105 178 253 90 119 84 254 115 141 255 167 103 110 46 225 244 51 207 6 186 82 2 74 241 99 173
125 79 71 38 148 10 78 244 224 192 250 204 115 224 145 179 24 230 108 238 205 227 142 45 48 40 229 152 109 251 122 8
86 50 140 164 138 26 28 168 170 182 130 173 199 106 67 219 135 197 237 167 108 67 203 0 152 227 109 191 168 112 9 23
82 32 57 192 104 205 185 64 174 17 176 8 158 155 84 24 170 153 95 137 2 11 146 81 213 144 26 120 16 0 7 170
78 182 132 191 153 141 20 168 159 183 2 85 236 226 74 207 145 79 233 23 38 65 139 255 44 118 77 63 146 116 141 71
78 174 150 30 139 147 20 168 190 191 66 161 236 230 76 215 145 127 233 2 54 65 139 61 47 114 93 175 146 116 15 15
49 13 119 86 212 214 198 230 209 170 250 74 115 248 181 36 88 246 70 106 233 187 60 47 59 174 5 16 101 250 114 172
170 134 168 190 60 167 203 175 18 103 209 159 225 237 58 1 217 206 147 37 184 78 78 191 224 55 217 189 157 76 212 90
100 33 27 202 13 204 145 64 172 4 131 1 150 219 108 66 200 180 106 16 10 35 210 192 209 176 130 91 16 11 116 2
154 158 209 222 91 224 25 239 19 3 197 178 124 247 40 237 119 251 179 128 34 79 42 255 185 166 222 139 179 64 165 187
86 182 142 165 155 30 28 168 182 182 130 197 199 106 18 195 183 197 237 167 172 193 207 12 184 227 239 151 172 116 25 83
220 241 21 126 138 68 23 188 162 26 161 105 119 215 73 19 21 209 125 226 107 71 154 53 249 227 101 252 48 179 166 51
13 0 44 123 136 191 104 154 230 115 230 20 241 3 26 104 105 134 42 142 157 180 119 53 71 235 208 0 251 193 104 208
84 184 145 112 153 205 84 135 187 179 160 8 175 246 73 59 161 59 76 16 78 73 152 24 185 212 85 63 224 48 7 10
79 172 150 30 173 146 150 168 219 218 66 96 232 248 223 239 145 111 248 3 165 200 142 235 46 127 223 139 142 116 25 13
142 156 159 243 195 98 61 135 187 151 71 177 204 55 72 75 231 95 179 146 48 220 43 226 109 179 222 71 130 113 165 242
40 48 6 189 77 151 48 72 150 132 194 7 64 210 34 192 248 44 234 133 6 211 27 157 21 99 139 3 16 12 56 198
33 34 14 137 76 15 161 88 46 96 246 207 208 137 178 0 104 140 106 140 1 243 215 208 84 32 163 32 89 8 113 208
91 48 7 137 75 82 40 72 37 96 242 98 204 146 160 244 104 141 238 128 13 211 199 192 150 97 138 131 35 4 41 132
38 172 151 94 217 215 18 232 158 161 64 8 224 244 108 244 145 126 234 16 38 211 250 63 43 22 69 127 208 36 6 166
8 2 7 141 79 11 161 88 22 36 210 230 201 197 160 68 124 156 106 12 128 243 239 144 148 34 139 16 30 140 53 244
33 160 175 61 92 143 96 216 118 240 64 76 243 240 208 48 89 108 122 61 175 211 255 29 78 43 101 44 108 160 122 208
24 51 17 161 42 5 52 83 6 168 248 111 158 147 193 0 252 29 78 36 73 19 193 24 212 129 43 190 24 40 35 185
242 18 106 164 87 239 208 83 57 73 242 127 18 29 4 16 236 181 207 161 169 191 81 206 209 36 48 147 105 8 118 27
77 233 187 209 172 156 41 159 238 85 6 4 157 131 114 98 71 14 106 156 215 73 255 81 111 185 135 76 154 144 161 80
46 138 128 223 201 163 27 171 23 55 213 179 224 231 40 204 93 251 179 128 58 94 203 183 141 246 223 255 150 76 132 50
189 207 109 58 154 201 70 208 214 82 165 232 83 192 227 57 25 224 68 106 239 103 110 63 248 195 101 125 117 187 86 116
18 251 18 186 11 141 144 204 174 61 128 173 172 198 106 18 166 49 203 81 70 11 10 117 185 16 15 127 16 22 47 143
82 176 151 48 3 205 81 79 251 185 32 8 46 211 64 61 179 185 108 16 10 106 18 81 153 210 85 59 98 0 6 46
51 16 157 220 13 110 129 102 217 219 161 24 22 56 4 63 201 130 104 24 33 107 82 204 153 154 82 94 209 8 115 174
108 33 26 168 25 200 144 64 172 12 163 0 150 211 96 210 192 52 234 16 10 3 194 64 209 177 2 89 16 10 47 34
69 9 175 121 141 237 101 151 230 115 142 17 208 177 113 106 201 6 122 156 6 33 123 16 71 59 210 20 210 217 208 106
88 96 27 224 77 205 233 67 172 1 168 8 158 147 96 144 170 145 79 137 10 15 16 80 209 145 154 121 16 0 39 170
65 33 151 173 104 3 40 107 206 176 8 64 157 194 209 35 134 109 122 125 195 75 143 80 140 24 111 44 4 160 35 169
14 170 174 31 217 143 189 232 191 183 132 141 204 239 78 2 149 111 235 133 34 75 170 249 79 51 77 255 146 100 7 194
6 190 173 243 201 224 63 167 187 151 70 145 204 247 64 79 197 95 243 146 50 216 251 226 109 54 223 199 128 113 165 250
134 20 151 221 227 102 53 31 253 27 98 112 252 119 13 127 167 95 58 128 49 220 51 226 5 182 86 2 130 113 167 167
232 34 104 48 60 217 216 17 82 238 181 157 131 12 214 25 137 172 205 21 172 102 228 158 202 65 161 253 103 140 94 68
185 5 229 245 86 38 233 115 80 184 246 82 25 59 148 175 122 157 23 173 161 250 65 204 119 233 234 128 175 232 112 168
50 169 132 189 29 7 64 107 19 177 224 11 98 105 20 151 217 229 101 37 8 250 219 157 153 242 213 23 97 40 82 14
183 4 99 208 213 98 236 71 117 2 234 18 10 40 53 237 121 142 18 171 57 246 20 206 53 122 210 2 167 125 240 164
227 57 32 24 141 189 212 194 205 83 164 29 170 152 54 175 200 34 250 79 191 47 246 243 3 120 80 123 90 77 218 134
137 93 18 157 197 174 231 71 252 10 250 22 150 160 35 80 232 110 66 10 113 191 16 110 52 167 54 0 73 88 227 168
69 205 33 195 213 94 110 184 84 106 202 66 211 54 49 228 121 198 58 238 185 48 121 254 189 255 199 84 147 123 208 116
13 4 70 245 199 54 236 103 52 19 75 147 89 42 61 203 233 135 147 165 53 243 21 140 54 235 254 5 239 124 248 132
118 250 106 24 155 213 81 206 235 93 160 29 10 206 118 60 229 153 221 17 158 15 182 209 155 84 26 123 177 4 230 87
38 187 158 154 233 245 148 205 134 159 157 45 100 240 111 15 205 123 234 18 87 67 138 241 59 18 93 255 152 122 173 215
