32 0 6 153 10 3 32 72 134 32 192 130 64 192 32 66 72 76 106 0 0 195 207 28 20 34 131 24 48 8 48 128
16 16 6 137 75 67 32 72 230 128 194 2 80 208 32 64 104 12 106 0 0 195 211 28 21 34 131 24 16 8 48 2
96 32 2 1 72 9 32 64 110 160 226 8 2 130 64 80 104 132 106 0 0 211 199 80 20 0 3 56 65 0 98 128
71 180 158 209 201 126 176 11 191 243 7 16 204 254 78 239 161 23 251 16 55 217 179 194 15 50 95 71 138 68 141 151
64 34 22 5 74 11 32 64 100 32 226 10 134 130 0 82 104 204 106 0 0 243 197 64 148 32 2 0 96 8 35 128
80 0 18 129 74 8 32 64 100 32 194 2 199 130 0 66 96 204 106 136 0 211 149 64 149 32 2 0 32 0 33 0
96 32 0 129 72 9 160 64 206 160 224 10 128 128 64 80 104 140 106 8 0 115 193 16 20 0 3 56 81 8 66 128
32 32 1 137 76 1 160 72 70 32 226 66 128 128 0 64 104 140 74 136 8 163 207 16 20 0 131 56 81 8 35 132
32 0 6 137 77 75 160 72 134 4 192 2 128 192 32 64 104 12 106 0 8 163 199 16 21 32 138 25 17 8 52 128
80 0 134 13 9 75 32 72 118 160 194 0 66 160 96 66 112 196 106 0 8 211 143 0 17 34 65 0 97 32 96 2
32 32 5 29 72 11 160 72 86 176 192 72 208 192 64 2 89 76 98 0 2 82 207 17 28 0 5 60 80 8 2 128
16 0 7 137 78 3 32 72 230 32 194 66 192 130 32 192 104 140 106 136 9 147 71 80 148 32 130 16 48 8 48 32
96 34 6 1 72 9 160 64 102 160 224 104 2 128 64 84 104 140 106 0 0 243 207 16 20 0 3 57 65 0 106 128
72 32 30 5 75 11 32 64 100 32 226 138 134 128 0 146 104 204 106 0 0 243 197 64 148 33 2 33 97 8 43 128
245 239 234 6 174 3 79 252 194 234 153 239 83 232 255 18 30 228 124 111 205 103 174 42 120 8 229 188 125 191 210 69
36 178 30 186 203 135 144 200 150 181 224 14 228 194 104 128 217 123 226 16 6 83 90 53 29 131 15 127 144 8 41 130
96 32 0 129 77 73 161 64 206 164 224 10 128 128 64 132 104 140 106 8 0 115 193 16 20 0 131 57 81 8 78 128
32 32 0 137 77 81 160 72 70 36 224 2 128 128 34 68 104 140 74 128 12 35 239 16 149 0 131 57 81 8 55 134
32 0 7 137 78 75 161 72 198 0 192 10 80 128 32 64 104 12 106 0 1 179 199 16 20 32 138 24 17 8 54 128
81 0 135 13 10 3 32 72 118 224 194 198 83 160 160 198 112 196 106 140 9 211 159 0 20 34 65 0 105 32 104 20
89 6 143 221 28 2 103 120 244 134 226 66 81 225 180 195 120 228 42 170 40 241 143 13 52 171 231 0 33 248 112 32
32 32 12 13 73 219 160 72 214 180 196 8 192 192 66 6 217 108 234 0 6 83 235 17 29 0 5 63 80 8 6 198
16 0 7 137 79 67 32 72 230 68 194 2 192 130 34 64 104 140 106 128 13 147 87 80 149 32 138 17 48 8 52 70
96 32 14 1 72 9 32 72 102 160 224 8 18 130 64 80 104 140 106 8 0 243 203 16 84 0 3 57 65 0 106 130
64 48 30 5 74 75 32 64 228 32 194 206 214 130 0 82 104 204 106 0 9 211 213 64 149 32 2 0 104 8 39 50
96 32 192 132 77 73 224 72 43 176 240 139 130 224 68 146 105 204 194 17 10 115 219 80 29 0 7 63 105 40 94 130
6 172 172 19 145 252 54 143 190 95 71 21 204 242 94 219 145 75 177 21 54 216 155 103 47 87 95 71 136 85 157 70
80 0 18 1 75 9 32 64 100 32 194 2 71 130 0 210 96 204 106 136 4 211 133 64 148 160 35 0 32 0 33 0
96 32 1 128 73 13 160 64 206 168 224 74 144 144 64 16 104 140 106 0 1 115 193 16 20 0 35 56 81 8 2 130
16 0 6 137 11 3 160 64 36 0 194 130 193 130 32 70 104 204 106 136 8 211 193 64 148 32 130 0 33 0 32 0
32 32 0 137 77 5 160 72 70 40 226 66 128 128 64 196 72 12 74 8 9 99 203 16 20 0 131 56 89 8 43 128
81 32 223 133 10 10 41 64 236 160 194 194 221 162 208 114 99 197 110 140 1 209 133 64 156 34 239 0 44 160 43 0
201 79 217 251 176 170 78 151 118 9 242 116 215 3 161 112 214 78 44 92 171 152 65 42 224 253 48 192 152 217 128 41
79 236 148 18 203 113 54 204 154 243 4 24 236 242 75 174 145 95 250 19 55 65 138 115 45 22 95 111 130 117 139 135
32 0 6 137 79 11 160 72 134 0 192 2 192 192 32 64 104 12 106 0 8 131 215 16 21 32 138 24 49 8 50 128
40 32 132 13 73 139 161 72 86 184 224 8 128 192 192 134 89 108 106 8 2 115 203 17 28 0 37 60 82 8 2 128
17 0 6 137 78 7 32 72 230 0 194 66 192 128 32 196 104 140 106 136 12 211 71 16 148 32 131 17 56 8 56 4
96 32 6 1 74 73 160 72 102 160 224 136 2 128 64 80 104 140 106 8 0 243 207 16 20 0 3 57 97 0 118 128
252 100 238 119 134 106 71 248 80 226 230 186 83 105 147 43 121 230 96 50 124 242 191 42 250 231 101 5 229 249 252 0
80 34 14 5 74 10 32 72 228 36 194 137 194 130 2 82 104 204 106 0 4 211 197 64 148 32 2 1 97 0 39 64
81 0 142 157 12 2 100 104 244 130 194 2 80 224 48 98 120 228 42 168 41 209 151 12 21 34 195 0 17 104 120 32
164 156 22 30 152 131 70 168 212 2 104 12 114 240 40 81 17 102 32 34 104 242 91 63 40 166 69 16 88 120 64 128
4 140 157 59 153 201 54 174 190 19 65 16 228 226 40 80 145 106 32 0 50 88 10 55 109 167 85 111 144 1 141 130
157 204 31 115 176 134 111 180 116 26 118 116 209 83 137 121 117 236 20 254 233 212 9 63 239 235 231 192 169 211 224 33
83 32 135 133 10 10 40 64 172 160 226 194 204 130 64 214 96 197 106 140 1 209 133 64 156 32 143 0 40 0 35 4
32 32 128 5 74 11 160 72 54 180 224 139 194 224 64 2 121 204 98 17 8 114 223 16 28 0 15 60 97 40 82 128
81 0 135 157 12 2 160 104 246 128 194 66 208 226 48 102 120 228 106 136 1 209 135 72 21 34 207 0 17 104 112 36
164 206 22 62 216 135 7 190 214 30 96 88 114 225 160 17 17 106 32 42 104 238 74 63 105 134 101 24 88 120 192 40
20 140 146 30 147 202 6 172 118 3 75 16 102 225 42 80 17 106 160 34 118 200 27 63 169 166 21 75 114 114 168 10
101 78 135 31 140 34 134 184 210 146 66 242 112 224 225 43 89 102 96 58 233 243 143 42 40 38 229 4 229 121 240 0
22 164 132 151 155 99 23 200 22 179 64 16 68 242 105 142 145 78 160 18 50 81 139 50 169 6 93 111 146 117 133 166
81 32 135 133 10 10 104 64 236 160 194 194 212 162 80 114 96 197 106 140 1 209 133 64 156 34 207 0 32 32 35 4
32 32 129 133 78 73 160 72 14 180 224 139 130 192 68 130 105 204 66 21 8 115 223 16 29 0 135 61 65 40 86 130
17 2 135 157 12 2 100 104 244 130 194 66 80 224 48 98 120 228 42 168 32 241 135 76 21 34 227 0 17 104 112 32
165 206 14 30 152 131 71 184 212 130 106 204 115 225 169 81 17 102 32 110 105 246 15 63 104 174 101 16 121 248 66 0
21 172 158 62 153 159 22 172 118 19 65 21 102 226 42 208 145 74 168 0 54 72 27 63 169 167 21 79 208 98 137 6
36 78 199 22 140 50 134 184 208 190 66 242 65 225 249 143 89 102 160 50 248 243 175 42 40 38 229 4 231 249 244 224
28 238 140 55 155 55 22 216 22 183 72 86 65 230 107 74 21 78 160 178 54 208 159 58 233 199 93 37 160 115 188 64
81 34 134 5 8 10 97 72 236 160 194 66 212 226 80 114 97 196 106 156 0 209 135 64 156 34 207 0 1 32 35 4
32 34 136 133 74 11 160 72 50 180 224 203 194 224 64 18 57 204 106 17 8 115 207 16 28 0 15 60 97 40 82 130
189 78 196 62 168 35 71 188 210 134 96 221 99 224 187 23 29 102 4 110 232 230 14 47 96 238 101 152 127 255 210 136
92 135 130 62 155 98 86 189 51 199 139 249 74 231 42 148 49 198 168 226 122 9 13 63 122 38 5 95 178 247 166 71
65 2 150 29 12 2 100 104 244 130 194 70 80 224 160 98 120 100 106 168 41 241 143 13 20 34 231 0 25 120 112 32
36 160 16 153 219 131 33 200 22 176 192 10 228 210 96 68 121 88 106 16 34 83 75 31 28 134 79 124 177 8 1 160
165 220 78 30 152 131 70 184 212 66 108 76 115 224 170 113 17 230 32 110 109 214 95 63 40 175 101 16 120 240 74 24
12 188 151 30 155 219 6 172 118 31 77 20 102 224 168 212 17 74 160 10 114 216 59 63 43 54 21 79 210 118 140 108
81 133 86 39 18 10 102 53 105 0 107 68 255 96 136 209 50 230 108 110 241 184 5 109 164 235 96 0 109 162 195 8
53 150 31 233 56 35 67 24 84 77 207 230 211 97 168 64 85 132 46 60 185 129 93 30 232 166 32 84 184 139 48 49
124 103 109 102 206 3 79 248 65 166 189 238 83 101 217 51 94 212 125 238 200 99 237 40 250 201 229 188 119 251 246 240
160 105 83 196 70 200 164 103 168 130 114 130 20 135 101 19 110 189 34 128 65 254 144 192 52 32 118 8 73 56 98 152
21 114 31 57 26 143 3 88 22 200 85 228 215 193 169 8 28 40 6 126 139 180 78 30 200 135 33 212 248 155 1 145
161 105 219 28 74 205 164 66 152 202 112 78 21 146 97 153 106 105 2 76 69 254 146 8 21 32 103 40 89 56 99 144
170 204 33 187 85 193 211 206 30 71 80 147 168 141 54 192 217 43 131 197 106 174 112 191 101 85 154 9 22 28 116 250
193 105 139 28 66 201 45 86 50 206 84 40 21 150 225 120 50 253 54 200 65 222 166 0 213 33 120 169 32 48 39 233
27 88 179 221 7 166 58 86 61 74 90 98 60 150 165 236 247 123 191 128 129 156 19 234 129 46 186 130 154 85 33 63
61 32 184 223 79 149 179 64 222 173 245 26 40 219 110 168 248 185 202 130 20 35 234 242 95 221 147 59 211 47 106 195
105 177 202 0 125 89 240 115 104 100 164 141 10 32 3 144 104 128 194 44 12 43 244 8 94 69 0 61 203 44 110 222
238 113 250 218 77 217 247 216 139 144 181 26 90 221 109 190 88 240 243 194 8 103 218 224 23 217 195 123 87 59 250 166
9 188 19 89 240 172 50 214 254 195 106 84 188 147 224 240 167 59 2 24 35 156 18 127 237 157 22 2 154 64 33 185
129 170 147 25 112 175 162 86 254 11 112 84 172 130 160 36 163 42 66 28 163 188 0 127 12 150 54 96 216 128 3 173
141 85 108 201 172 90 111 153 246 82 150 212 217 215 251 239 83 68 190 126 231 5 127 146 231 217 167 149 190 253 253 241
138 140 102 249 35 252 56 6 191 91 82 147 189 143 48 97 230 59 191 5 230 220 6 181 199 251 122 193 54 132 37 203
16 0 6 137 10 66 160 64 164 0 194 2 193 130 32 64 104 132 106 136 8 145 193 64 149 160 138 1 49 0 32 0
179 116 105 37 18 47 114 80 113 235 126 81 83 29 158 48 61 140 85 60 189 180 245 14 231 239 33 130 233 212 210 215
239 20 37 217 73 52 49 90 4 91 199 20 152 23 234 239 77 22 187 30 187 86 243 145 71 123 114 206 154 205 36 245
209 23 71 71 0 10 103 53 96 8 235 100 115 99 152 119 112 230 108 234 249 249 165 13 48 170 224 0 105 162 226 40
172 146 42 137 93 93 183 121 70 108 244 175 19 149 42 32 88 152 195 0 252 55 100 18 127 5 167 57 83 44 116 243
127 95 165 58 157 253 86 216 199 94 188 79 235 252 111 106 221 226 207 118 191 35 126 162 191 221 133 255 186 255 124 215
73 7 26 165 52 40 106 146 108 1 126 228 223 131 177 80 114 78 44 92 2 184 133 96 228 245 162 0 132 195 97 40
8 158 149 255 51 236 32 183 190 25 115 116 253 243 192 197 39 59 175 128 35 92 11 255 140 215 126 202 58 6 41 187
141 89 253 255 170 46 63 152 254 146 119 100 223 115 169 123 23 85 60 122 161 240 59 104 239 251 103 4 216 243 33 33
184 135 86 229 151 10 126 33 101 0 106 131 111 107 40 208 122 197 138 102 92 184 65 143 182 233 2 1 103 170 200 0
5 47 90 97 244 138 111 49 108 0 127 160 147 3 144 16 42 138 70 234 89 152 164 78 228 209 162 64 36 130 195 160
173 221 145 86 233 221 182 242 249 222 188 44 238 244 195 191 137 114 238 74 229 103 250 170 175 215 69 59 90 126 15 255
45 250 178 26 229 249 231 196 255 95 125 45 238 232 255 28 145 106 198 87 134 237 42 243 76 28 20 171 210 95 71 223
199 181 254 90 168 120 127 152 239 95 39 180 223 230 255 127 51 66 236 126 183 65 190 113 250 187 99 205 154 211 173 117
154 122 230 96 67 83 57 84 97 150 116 183 9 142 231 26 174 153 199 212 228 151 164 194 83 193 6 163 103 148 39 223
227 28 59 152 250 173 189 87 185 75 176 125 188 255 37 59 143 51 95 5 179 15 18 243 117 30 62 170 152 80 163 185
77 240 189 97 169 108 101 152 230 122 54 68 220 243 201 122 161 69 124 62 131 69 187 81 77 239 103 196 202 115 161 115
41 2 106 47 96 203 97 113 120 68 117 152 247 165 146 16 2 40 70 14 20 185 44 15 198 189 50 1 64 130 111 232
73 159 199 191 180 158 102 183 119 73 123 244 243 55 160 240 85 230 172 16 223 184 73 191 230 247 182 192 190 222 240 25
25 18 167 91 131 244 48 87 119 91 103 116 184 246 234 255 101 154 186 144 151 216 183 193 71 235 242 131 171 196 175 247
1 66 7 57 32 171 104 28 236 17 122 228 213 226 184 112 114 32 46 44 133 144 7 93 132 254 226 192 24 146 225 1
137 240 21 73 1 223 99 216 119 81 102 20 154 209 8 244 48 8 74 90 203 180 57 117 203 216 5 70 122 5 226 118
173 253 41 87 228 125 231 255 248 74 188 108 240 117 203 50 221 114 222 110 227 54 248 43 101 31 166 168 72 242 118 251
118 230 106 8 249 25 86 236 161 30 188 169 66 224 175 20 217 192 206 102 124 35 110 78 250 84 37 255 67 126 110 199
248 28 254 117 50 170 120 51 53 163 230 177 255 63 1 121 151 54 189 8 168 212 81 142 199 255 113 130 230 225 66 43
56 57 50 73 201 209 117 95 87 101 236 20 139 133 226 237 88 170 130 24 26 186 246 144 199 209 16 107 115 140 238 254
115 220 71 104 117 251 66 54 101 74 126 108 107 57 148 245 123 164 212 40 173 190 117 159 182 255 32 195 111 142 122 29
14 190 164 19 185 188 183 142 190 159 7 21 236 254 75 207 129 107 251 21 54 88 154 243 109 22 95 111 130 85 141 215
154 50 238 49 3 247 185 82 53 118 246 183 11 140 55 153 255 185 135 149 170 244 49 192 211 67 218 131 239 68 46 219
180 78 207 126 170 98 70 232 16 162 248 235 115 100 185 19 25 230 100 98 236 231 13 47 240 231 229 145 101 251 118 0
50 32 136 141 75 75 160 72 170 176 176 11 6 240 64 146 233 221 234 17 10 99 219 80 29 0 15 63 73 40 10 130
65 34 142 5 14 10 105 80 124 160 198 66 209 162 144 114 113 196 106 136 0 209 135 72 220 35 231 0 33 160 99 32
141 249 99 89 177 217 127 156 126 80 70 148 219 221 219 100 23 88 95 124 247 180 127 179 239 93 39 196 238 181 211 240
30 16 247 217 235 121 49 210 7 123 86 50 24 189 229 111 103 30 191 24 147 213 35 144 31 251 112 135 182 205 52 247
221 223 27 251 176 142 78 149 124 74 114 68 255 83 169 241 215 127 28 126 235 148 89 47 232 255 38 144 24 216 161 57
70 184 158 150 203 241 52 200 218 247 4 49 204 242 79 174 145 127 234 18 118 65 154 113 15 19 95 111 138 117 175 135
159 116 102 99 19 46 115 212 125 75 119 19 90 125 30 184 189 220 223 62 173 180 125 238 247 111 20 198 235 215 74 243
255 151 98 6 241 126 114 48 169 204 255 253 106 102 142 246 124 246 236 162 189 163 252 238 159 117 34 131 235 103 110 119
221 94 30 127 128 46 103 184 113 26 247 92 223 115 25 255 53 196 108 110 185 244 9 111 227 251 101 4 234 243 74 33
124 36 238 117 134 98 71 248 82 162 230 186 83 97 209 27 121 236 100 42 120 242 205 10 248 239 229 20 229 249 244 32
221 89 107 83 195 86 119 180 117 202 247 50 91 22 160 121 125 216 190 226 189 214 125 234 247 233 246 135 51 179 228 119
56 221 40 235 157 47 183 246 5 38 253 131 131 29 34 4 77 90 203 34 200 186 89 189 231 213 135 55 115 255 212 210
173 94 67 190 53 122 67 152 63 78 247 245 223 231 171 252 87 192 142 110 175 133 125 191 234 247 163 148 158 191 92 117
27 177 165 121 129 180 56 23 231 89 210 85 153 191 78 122 229 27 255 144 159 216 247 209 207 249 118 194 235 196 160 215
168 117 122 14 217 63 212 87 120 231 253 29 26 44 6 17 73 134 198 4 60 239 117 66 127 13 52 25 75 92 238 218
1 22 31 169 44 174 107 30 238 73 127 68 213 226 186 96 215 36 46 46 133 144 63 80 132 191 34 132 152 210 233 113
182 151 58 154 203 101 150 236 157 42 176 127 110 252 109 19 221 219 215 99 104 35 90 250 177 18 109 191 89 127 174 159
162 124 59 254 122 197 185 78 152 76 112 187 60 221 37 1 206 59 211 1 35 15 178 235 117 48 26 170 20 88 55 251
206 220 149 215 139 112 188 174 158 151 7 177 236 230 109 207 149 119 163 130 118 68 186 243 47 82 95 47 146 117 141 214
158 68 38 183 41 122 156 34 188 86 131 177 207 46 19 203 163 69 237 167 44 197 63 138 129 243 90 19 166 117 45 214
54 223 98 10 248 123 214 238 25 238 184 237 74 108 167 149 219 199 198 103 44 99 108 254 186 22 101 255 245 127 230 199
5 39 27 163 180 42 106 123 108 8 122 100 191 131 177 80 246 14 46 60 147 153 129 110 238 253 34 128 136 194 225 137
205 17 181 103 170 6 63 152 239 186 39 68 223 119 1 123 199 117 124 122 193 245 123 136 207 251 103 68 138 243 33 49
27 18 103 193 3 214 49 87 117 76 86 231 57 158 166 228 124 188 182 132 141 184 53 192 87 237 178 131 163 140 36 255
59 144 46 153 45 215 81 95 85 78 213 55 11 156 182 101 220 168 151 4 204 191 118 132 211 217 242 131 50 140 124 223
205 220 186 251 164 180 61 158 54 91 87 86 153 159 232 233 93 91 190 154 187 116 251 242 79 233 246 236 154 217 160 177
5 175 94 225 240 138 111 119 108 8 122 100 151 3 144 112 34 46 78 110 208 152 133 76 230 249 38 192 0 130 227 161
107 210 110 24 108 153 214 236 207 95 252 237 106 236 190 208 207 161 206 199 206 35 110 241 54 25 224 187 93 222 216 85
93 240 177 69 171 124 119 153 103 250 127 100 222 51 201 246 181 92 124 58 131 80 251 211 239 253 39 134 234 246 99 51
187 115 35 0 97 95 134 113 113 236 252 110 10 20 131 180 124 156 214 45 137 182 112 138 146 85 0 130 107 46 110 245
25 50 42 1 19 94 49 82 108 76 214 103 156 22 130 228 100 12 222 148 133 153 53 204 223 69 34 135 42 4 45 247
139 248 234 83 225 156 58 212 127 89 119 181 157 158 214 252 167 75 183 93 151 88 174 227 78 95 62 202 142 133 233 221
13 188 248 91 178 191 127 214 126 75 95 116 253 243 154 248 55 123 159 154 179 216 57 127 238 15 54 192 186 211 169 241
140 66 59 127 52 222 127 85 252 77 119 17 223 197 186 48 56 104 78 78 176 181 56 39 227 247 32 65 66 147 231 240
15 253 49 73 141 157 100 253 239 88 164 76 142 208 71 181 133 8 222 124 247 41 123 212 47 88 5 126 90 156 202 245
89 159 78 174 180 158 75 180 45 73 126 228 255 100 174 240 214 246 188 108 249 168 109 191 168 255 38 208 186 142 216 125
141 110 97 65 164 59 111 152 119 242 127 244 155 195 217 237 91 200 22 238 201 244 109 192 132 216 231 132 14 247 114 244
253 197 225 102 158 3 79 248 83 162 188 202 83 97 217 182 127 214 92 234 233 99 253 62 250 207 229 60 127 251 242 32
9 156 22 91 179 191 50 87 237 1 110 4 188 211 34 244 167 43 202 28 151 153 16 255 111 207 18 66 218 70 169 137
132 236 234 27 192 249 183 199 254 87 100 48 173 230 254 88 99 74 194 16 114 252 174 115 110 23 54 97 208 80 199 238
27 74 147 223 37 244 123 198 111 77 222 34 172 186 183 228 246 43 190 140 135 152 35 227 130 125 154 138 18 214 41 77
42 236 97 187 87 217 178 206 31 71 92 131 175 205 56 132 91 11 131 5 66 188 76 191 39 87 26 115 23 30 221 254
13 164 236 83 208 48 105 250 246 151 110 16 249 99 74 118 105 194 234 184 34 92 123 127 111 207 215 69 227 224 110 232
77 123 79 1 176 10 111 148 108 196 254 228 159 6 147 81 6 108 108 126 193 144 253 104 228 185 39 128 204 243 67 121
21 90 15 41 48 239 67 82 84 232 222 102 211 149 163 96 92 40 94 124 137 149 97 30 224 143 37 148 248 185 0 113
9 106 218 181 118 202 173 87 56 142 124 226 189 135 227 224 110 43 134 140 64 156 36 234 228 197 62 160 71 208 39 233
178 46 78 20 66 58 96 98 53 31 242 251 67 34 132 153 107 164 238 160 44 214 69 78 150 34 240 135 161 225 102 5
13 157 42 9 232 127 62 251 228 74 188 61 153 182 179 176 127 67 222 190 245 131 116 78 118 77 39 221 90 246 171 209
85 86 31 201 180 47 67 154 84 104 222 230 211 1 161 96 85 132 46 124 169 145 101 30 248 174 33 212 184 153 48 113
25 54 234 19 162 186 109 215 117 71 126 180 25 162 242 124 127 10 150 156 150 156 37 98 70 77 54 128 238 196 231 221
241 115 231 71 0 74 103 53 112 206 243 228 115 101 152 115 60 196 108 238 233 246 245 10 52 170 228 0 105 242 242 113
209 163 223 39 2 10 102 48 105 74 115 76 255 96 152 51 50 196 108 110 225 244 133 109 132 235 96 0 105 162 67 8
57 156 198 126 24 15 70 184 86 202 98 76 115 224 168 113 81 102 32 46 109 211 95 63 32 174 101 16 120 240 72 0
36 160 21 153 203 211 32 200 22 176 192 10 68 194 96 132 89 92 226 16 3 83 75 29 157 130 7 127 48 8 45 164
81 0 134 93 12 2 32 120 118 128 226 70 82 224 160 66 112 100 42 40 9 243 155 12 84 34 231 0 41 104 112 0
14 174 148 90 145 243 54 172 63 187 14 209 108 230 109 220 149 94 160 50 54 72 11 127 43 86 85 111 146 119 141 5
181 206 198 30 136 39 70 184 83 130 96 204 115 225 187 159 29 102 36 46 233 226 94 47 32 110 101 144 255 253 82 8
96 32 132 141 75 11 161 72 54 160 224 11 130 128 64 2 88 204 98 1 8 114 219 16 29 0 143 56 65 40 23 130
81 34 134 5 10 10 33 64 100 160 194 68 192 130 208 210 104 196 106 136 0 211 135 64 156 34 143 0 40 32 99 4
92 176 132 21 137 7 6 216 22 182 64 13 68 224 75 142 145 76 232 53 34 83 219 26 217 6 77 60 130 116 19 194
116 162 143 21 204 18 36 248 118 182 198 102 65 224 209 75 121 100 104 60 184 209 175 8 28 35 229 68 229 248 120 0
4 172 158 62 153 143 22 172 182 19 68 21 230 224 42 81 145 110 160 52 54 88 27 63 233 54 85 79 216 36 137 10
177 142 207 62 24 7 71 184 86 226 102 76 115 225 169 113 17 102 32 46 233 210 15 63 96 174 101 16 120 240 66 0
48 160 30 185 75 199 32 200 22 176 192 10 196 194 96 0 89 28 226 16 2 83 91 17 157 128 15 125 24 8 41 130
80 2 134 77 12 2 33 104 118 128 194 70 208 224 176 66 120 68 42 40 9 243 135 12 20 34 231 0 41 40 112 32
96 32 128 141 79 73 160 72 42 160 224 11 130 128 64 130 104 204 98 1 8 115 219 80 28 0 15 57 65 40 86 130
81 34 135 5 10 10 32 64 108 160 194 72 192 130 80 82 104 196 106 141 1 211 133 64 156 34 143 0 32 32 35 4
6 160 149 23 139 87 20 200 146 182 0 0 228 244 73 142 145 94 232 19 34 67 139 56 9 2 77 127 128 116 23 166
101 166 135 21 140 2 38 248 82 178 66 230 80 224 145 107 89 100 96 58 185 211 175 10 44 38 229 4 229 248 112 0
20 140 150 30 155 194 22 168 118 19 64 16 102 226 40 80 17 126 32 32 58 65 27 63 169 166 5 79 240 96 132 2
36 140 134 30 152 131 7 184 214 154 96 12 114 225 40 81 17 102 96 42 96 240 11 63 40 162 101 16 120 120 64 32
20 166 132 23 154 3 22 200 22 183 64 35 68 224 73 10 17 78 160 50 126 208 139 58 169 6 77 111 176 112 20 6
109 174 142 22 140 2 4 184 210 178 66 80 80 224 249 107 81 102 96 58 53 209 143 40 104 35 229 0 193 121 248 128
48 0 4 137 15 75 160 72 70 32 194 2 194 128 32 68 104 140 106 8 8 161 199 16 149 32 130 16 48 8 50 128
72 48 2 1 73 13 32 72 100 32 226 76 80 146 32 210 104 204 234 0 0 211 147 0 85 32 34 40 73 8 35 178
112 32 14 1 74 11 32 72 118 32 226 8 18 128 64 80 120 140 106 8 0 243 193 80 84 0 3 1 97 0 107 130
16 48 7 137 13 67 32 72 70 64 194 10 196 144 34 64 104 132 106 128 9 3 215 16 149 32 138 25 16 8 52 70
49 0 5 137 14 11 161 72 70 32 194 66 210 128 32 224 104 140 106 8 9 161 199 16 149 32 130 16 48 8 52 160
64 34 10 5 75 25 32 72 102 36 230 2 64 130 34 82 104 204 234 128 4 211 131 16 20 33 2 41 97 8 42 194
32 34 6 1 74 15 160 72 230 36 226 76 64 128 96 208 104 12 106 0 4 243 197 16 20 0 3 0 105 0 99 144
175 191 97 135 250 123 191 244 56 238 188 237 204 108 151 149 223 103 207 103 229 115 237 254 60 19 111 190 79 255 143 253
73 21 63 171 176 94 111 57 108 76 127 68 223 134 186 240 246 15 46 62 215 145 185 204 238 249 34 128 10 198 225 113
77 24 245 103 169 30 127 16 239 170 127 68 223 115 1 254 167 117 124 90 193 241 187 234 207 251 103 4 234 243 105 35
39 246 108 92 110 189 88 250 155 126 245 191 98 205 190 61 63 168 215 174 166 103 46 221 22 27 81 191 253 233 74 213
155 124 110 99 51 254 51 214 109 72 223 247 31 31 134 96 230 243 223 214 165 157 61 238 247 73 34 194 47 215 45 127
29 188 180 91 181 191 126 185 127 73 223 100 255 127 155 228 119 251 222 154 183 128 61 255 239 223 39 196 190 215 169 117
156 217 43 122 189 222 119 216 253 76 245 21 223 221 185 112 240 120 207 122 250 165 58 54 243 249 39 76 90 183 230 243
137 151 21 231 160 30 111 181 108 76 126 68 223 99 128 208 182 75 46 110 193 152 41 111 230 201 38 128 10 242 233 241
239 167 32 75 237 29 94 125 111 248 189 93 202 72 222 180 149 128 222 126 215 35 107 222 62 91 37 254 90 142 218 85
77 53 177 67 171 63 51 24 111 232 175 76 222 51 204 246 182 92 252 106 129 82 249 248 143 220 7 62 202 231 3 53
93 151 114 238 183 158 91 185 255 77 127 100 255 102 186 244 119 227 188 44 191 161 45 255 234 255 37 213 62 142 201 117
253 173 201 102 158 51 70 184 83 162 188 74 83 105 153 48 123 198 100 234 249 98 253 62 250 207 229 52 253 251 250 32
11 158 58 91 145 61 123 95 127 77 126 84 172 110 190 196 181 3 206 28 183 169 51 255 59 95 18 203 218 198 173 93
9 151 118 127 48 146 107 188 117 76 126 228 251 99 186 212 86 170 140 172 171 152 45 255 226 255 163 128 62 134 104 89
19 95 103 17 48 238 123 86 189 204 254 229 43 15 183 85 102 162 205 212 173 153 52 238 187 254 162 130 174 148 100 125
27 212 186 203 53 212 95 207 95 77 220 6 172 206 190 100 223 11 158 140 207 136 51 243 227 253 154 139 18 222 173 125
33 157 67 159 208 198 111 183 53 66 234 68 241 119 8 117 125 242 30 164 249 154 120 111 173 190 135 64 41 96 226 240
249 31 110 101 50 190 115 50 116 104 254 239 83 61 179 113 102 244 254 104 189 184 101 28 250 235 97 212 127 169 76 83
9 22 202 37 176 58 110 51 120 71 127 245 203 32 146 212 23 110 132 44 189 152 165 14 230 247 183 128 142 228 219 212
141 156 110 97 248 123 126 247 228 194 190 177 153 191 178 176 111 98 223 173 180 139 116 78 110 95 167 205 166 244 235 219
81 95 110 97 54 206 97 182 100 108 254 102 19 21 163 113 100 164 46 124 169 185 101 28 252 175 33 196 184 136 116 121
245 147 111 109 0 78 103 186 112 74 242 228 83 37 152 115 124 196 108 238 249 242 229 13 244 171 226 196 97 161 118 113
213 146 93 45 2 10 98 186 112 72 242 228 219 66 144 113 58 196 108 238 233 180 133 79 212 235 98 4 105 161 98 16
49 156 199 94 24 14 70 184 214 250 98 100 115 240 185 245 81 230 96 46 173 243 95 63 32 174 101 20 123 240 72 5
32 34 28 137 75 87 160 72 22 184 192 10 196 194 98 128 121 152 234 16 6 211 219 17 29 131 15 63 16 8 45 134
6 190 188 27 153 183 54 168 254 151 64 17 236 226 79 88 149 123 224 19 182 88 143 63 47 23 93 111 152 101 141 6
81 32 142 29 8 6 32 88 246 168 226 70 81 225 160 226 120 228 106 136 9 241 159 12 20 34 231 0 40 168 112 0
53 142 206 30 152 38 70 184 210 250 98 204 115 224 187 51 17 238 52 46 237 242 79 63 34 111 101 148 253 249 90 1
32 32 0 141 79 13 160 72 38 164 240 11 130 128 64 146 104 204 234 129 8 243 211 80 21 0 11 57 65 8 94 128
81 34 14 133 12 10 96 64 236 160 194 70 212 130 208 82 104 196 106 136 1 209 133 64 148 32 171 0 41 0 99 32
14 176 134 22 137 151 52 200 150 246 68 13 196 242 73 142 145 110 234 30 38 81 155 59 11 22 77 111 130 116 11 214
4 160 132 27 153 143 18 232 54 53 64 5 230 243 106 80 145 106 224 20 50 80 27 63 41 166 69 111 216 4 9 2
49 134 207 125 24 6 71 184 214 250 102 68 115 225 160 113 81 228 96 46 169 243 15 31 96 174 101 4 121 240 96 32
70 160 149 22 139 215 20 200 150 182 64 8 196 246 73 142 145 126 232 18 6 83 187 48 25 2 77 111 128 116 7 134
53 166 143 85 152 2 36 248 214 178 194 230 83 224 209 107 81 228 104 60 185 241 143 8 40 35 229 68 229 248 112 32
210 31 111 82 48 134 123 54 189 76 242 229 120 30 183 113 230 179 63 229 249 153 49 239 249 58 178 192 4 132 101 121
11 149 58 219 53 214 91 223 95 77 221 23 188 222 62 96 220 27 159 133 175 137 56 255 227 61 170 131 24 78 165 95
30 152 59 218 181 213 187 251 31 109 221 22 140 220 110 164 221 27 151 16 151 59 58 243 219 93 155 255 146 14 181 247
219 223 103 117 34 78 118 50 241 106 114 237 95 61 176 115 166 245 253 99 237 189 4 206 180 250 96 130 111 164 83 93
137 156 234 116 252 121 254 247 244 207 254 189 189 189 50 96 111 242 223 173 180 189 166 110 111 239 182 201 196 224 237 219
200 158 119 117 38 218 124 51 253 74 118 229 223 47 178 113 38 116 172 34 229 188 36 206 199 251 98 129 62 164 69 91
201 62 237 109 32 110 105 51 112 74 118 212 155 39 145 242 46 132 108 172 169 180 229 78 196 235 98 132 107 224 71 113
14 184 164 27 153 141 48 136 190 181 0 21 236 234 75 206 149 123 233 17 54 72 154 117 13 18 93 111 146 84 141 198
201 62 254 87 160 250 125 55 121 79 127 116 220 191 150 127 166 103 124 14 177 221 177 98 199 251 114 131 74 230 231 119
