2 143 2 158 23 131 186 230 22 4 90 163 96 234 50 64 89 107 131 129 34 184 10 255 32 38 138 3 20 14 60 138
193 193 15 254 12 132 77 53 196 8 210 66 241 67 56 97 72 162 63 170 235 139 115 221 225 171 250 8 48 136 240 40
97 32 112 65 108 25 232 64 105 32 240 72 139 9 148 50 234 197 70 1 140 114 196 192 22 88 2 49 79 136 74 132
160 145 28 171 189 203 149 109 30 49 81 50 182 93 40 1 216 27 147 33 114 168 89 149 233 209 138 119 85 10 149 138
2 141 2 158 20 195 170 226 22 0 88 2 96 232 48 64 89 106 19 195 34 184 8 255 32 38 138 1 20 10 48 138
3 143 67 222 20 131 174 242 84 0 90 70 112 226 180 228 88 106 18 206 167 184 12 255 32 46 138 128 29 138 120 172
3 143 2 158 20 131 170 230 86 0 90 70 96 226 180 228 89 106 2 140 167 152 12 255 32 46 138 128 29 10 120 140
104 48 56 96 33 77 81 16 105 136 52 8 159 23 0 48 132 21 93 8 136 96 176 0 195 217 32 17 66 128 66 35
17 141 11 158 20 131 170 242 86 0 88 70 113 226 176 224 88 106 18 200 161 184 12 191 160 174 170 128 60 10 48 168
38 160 4 153 205 131 168 200 22 180 208 139 224 200 114 64 89 136 163 145 6 114 79 145 28 0 143 125 85 12 60 130
97 32 112 69 108 25 232 64 105 32 240 74 139 9 148 178 234 197 87 1 140 114 196 192 22 88 130 48 79 140 74 132
105 48 121 64 101 29 113 16 105 8 180 8 26 25 148 180 142 148 70 8 129 96 224 192 71 217 32 146 66 136 66 37
105 48 113 64 101 29 113 16 105 8 52 8 26 25 148 180 140 148 70 8 137 96 240 192 199 217 32 18 66 128 66 39
105 48 112 64 101 29 113 16 105 8 180 8 10 25 148 54 140 212 70 8 137 96 224 192 71 217 0 18 66 136 66 37
3 134 0 155 28 147 138 232 86 1 88 86 96 200 184 196 89 10 2 173 167 50 79 191 44 6 155 236 28 10 184 140
105 48 113 96 37 28 81 16 105 8 180 8 26 27 132 52 134 148 68 8 137 96 240 192 195 249 32 146 66 128 66 35
3 142 2 158 20 145 138 236 86 1 88 86 96 234 184 192 89 42 2 141 166 170 15 191 40 38 155 200 28 10 184 140
105 48 113 64 101 29 113 16 105 8 180 72 10 25 148 180 142 148 70 8 129 96 224 192 71 217 0 146 66 136 66 37
1 134 8 187 28 131 138 232 86 1 88 86 113 200 184 64 89 10 18 165 167 50 79 191 44 6 187 236 28 10 184 136
97 32 112 65 108 25 232 64 105 32 240 74 138 9 148 176 202 129 87 1 140 114 196 192 22 24 130 48 79 140 74 132
38 162 0 137 205 3 168 200 22 180 208 139 192 200 114 64 121 136 227 145 6 114 79 145 28 0 143 61 85 12 24 130
17 142 11 187 28 129 138 252 86 1 88 82 113 232 184 96 89 42 18 141 163 178 79 191 172 142 187 136 60 10 176 136
3 143 3 158 20 131 170 230 86 0 90 70 96 234 180 228 89 106 18 141 167 184 12 255 32 46 138 128 28 10 56 140
3 141 3 158 20 131 170 230 86 0 90 70 96 234 180 228 89 106 18 137 167 184 12 255 32 46 138 128 28 10 48 172
3 143 3 158 20 131 170 230 86 1 88 70 96 234 180 228 89 106 18 141 167 184 12 255 32 46 138 128 28 10 56 140
3 143 3 158 20 131 170 230 86 0 90 70 96 226 180 228 89 106 18 141 167 152 14 255 32 46 138 128 28 10 56 140
3 143 67 222 20 131 174 242 84 0 90 70 112 226 180 228 88 106 2 206 167 184 12 255 32 46 130 128 28 138 120 172
104 48 56 96 32 12 81 16 97 8 52 8 159 23 0 48 132 20 93 8 136 96 176 0 195 249 32 16 64 128 66 35
82 18 150 156 45 66 176 72 174 12 210 35 204 254 34 66 232 245 239 129 8 195 131 192 145 50 202 155 16 44 53 83
66 0 166 157 13 66 168 72 230 4 210 2 72 234 48 66 104 101 123 129 0 211 147 196 21 34 202 1 4 104 53 2
130 173 6 147 147 198 190 167 62 55 74 19 236 62 16 65 227 79 179 209 114 220 25 255 45 54 222 199 132 84 181 74
0 205 11 191 148 131 143 254 22 1 88 2 113 224 49 64 89 106 19 195 99 186 75 191 108 167 191 136 20 91 48 168
134 21 146 157 149 102 182 7 28 143 75 19 204 254 41 72 217 63 131 33 48 176 81 206 37 54 154 3 144 104 181 130
82 32 90 160 3 64 120 64 45 4 178 139 15 30 0 80 166 149 255 128 8 67 145 192 151 216 10 131 33 4 39 66
105 48 113 64 101 29 113 16 105 8 180 8 26 27 132 182 132 212 70 8 137 96 224 192 199 249 32 146 66 128 66 33
3 143 67 222 20 131 174 242 86 0 90 70 112 226 180 228 88 106 18 206 167 184 12 255 32 46 130 128 29 138 120 172
104 48 56 96 32 76 81 16 105 8 52 40 159 23 0 48 132 20 221 8 136 96 176 0 195 249 32 144 66 128 66 35
3 134 2 155 28 147 138 236 86 1 88 86 96 200 184 196 89 10 2 165 39 58 79 191 40 6 155 236 29 14 184 140
104 48 56 96 32 77 81 16 105 136 52 8 159 23 0 48 132 20 93 8 136 96 176 0 195 249 32 16 64 128 66 35
105 48 113 64 101 29 81 16 105 8 52 8 26 25 148 180 140 148 68 8 137 96 240 192 199 217 32 18 66 128 66 39
128 193 28 171 157 199 148 237 28 21 208 2 183 29 40 65 200 19 2 33 122 40 91 149 237 211 158 85 16 8 149 138
224 149 225 69 213 106 229 55 121 111 250 95 115 45 22 48 91 134 70 33 249 186 117 206 55 62 54 128 237 236 214 248
56 148 123 200 31 247 83 95 87 73 253 2 122 119 172 100 125 154 158 56 187 171 121 223 123 255 2 90 243 138 228 63
3 142 2 158 20 145 138 236 86 1 88 86 96 234 190 196 89 10 2 141 166 162 15 191 40 46 155 200 28 14 184 140
3 161 81 155 252 153 236 239 207 113 89 222 140 136 252 164 207 11 94 157 215 58 78 213 44 28 158 236 158 140 217 157
82 32 82 161 35 8 120 64 45 0 178 137 143 14 68 208 166 149 255 132 8 67 129 192 151 248 139 131 37 132 43 3
104 48 56 96 33 77 81 16 105 136 52 8 159 23 0 48 132 21 93 8 136 96 176 0 195 217 32 16 66 128 66 35
104 48 56 96 33 77 81 16 105 136 52 8 159 23 0 48 132 20 93 8 136 96 176 0 195 217 32 16 66 128 66 35
217 193 71 254 12 132 77 53 133 0 214 66 113 195 168 101 104 162 62 234 105 143 115 205 241 170 242 8 54 144 240 40
48 235 83 72 114 193 103 247 37 4 110 160 57 135 160 84 118 186 7 200 90 154 32 125 119 164 36 72 50 130 166 233
18 156 58 250 23 247 19 119 151 73 220 2 124 255 32 100 255 59 147 144 51 139 48 255 251 255 146 75 178 10 165 187
120 120 146 250 11 205 80 206 187 155 164 24 62 223 97 26 161 187 221 16 10 71 154 179 219 213 23 59 242 80 39 27
41 221 50 13 85 159 230 119 77 96 122 76 178 152 54 164 152 106 18 109 197 184 20 63 38 60 0 0 91 30 218 140
83 0 135 141 13 2 168 104 174 128 210 66 196 226 32 194 232 229 106 129 13 195 147 200 148 50 202 2 28 104 49 4
38 160 0 137 204 11 160 200 22 180 208 139 192 200 112 0 121 136 98 145 6 242 79 144 28 0 143 61 213 8 16 130
33 220 123 69 118 15 111 244 124 0 126 2 115 17 148 48 62 92 6 106 225 180 53 127 103 175 32 0 101 187 66 169
72 48 56 96 33 77 81 16 105 136 52 8 159 23 0 48 132 21 221 8 136 96 176 0 195 249 32 16 66 128 67 35
38 162 0 137 205 3 160 200 22 180 208 139 192 200 114 0 121 136 227 145 6 114 79 144 28 0 143 63 85 12 24 134
97 32 112 65 108 25 232 64 105 32 240 74 139 9 148 176 234 133 87 1 140 114 196 192 22 88 130 49 79 140 74 132
104 48 56 96 33 77 81 16 105 136 52 8 159 23 0 48 132 20 93 8 136 96 48 0 195 217 32 16 66 128 66 35
2 221 18 187 53 133 190 230 30 1 88 34 172 222 32 64 199 123 147 65 98 184 67 255 165 247 26 2 20 24 33 155
105 48 113 64 101 29 113 16 105 8 52 8 26 25 148 180 140 148 68 8 137 96 240 192 199 217 32 18 66 128 66 39
3 142 2 154 28 145 138 236 86 1 88 70 96 232 188 196 89 10 2 141 166 170 15 191 40 14 155 200 28 14 184 140
2 157 128 190 147 100 182 167 28 79 72 179 164 62 34 64 133 83 147 129 116 8 24 127 41 6 158 195 16 86 189 91
65 128 151 145 134 162 168 19 126 81 82 86 221 34 208 106 99 7 58 156 147 216 199 192 12 42 250 192 140 192 161 0
105 48 113 64 101 29 81 16 105 8 52 8 26 25 132 180 140 148 68 8 137 96 240 192 199 217 32 18 66 128 66 39
104 48 56 96 33 92 81 16 105 8 52 8 159 23 0 48 132 20 221 8 136 96 176 0 195 249 32 16 66 128 66 35
3 142 2 155 28 145 138 236 86 1 88 70 96 232 188 196 89 10 18 141 167 178 79 191 40 14 155 200 28 14 184 140
77 0 123 71 36 14 107 16 117 200 119 64 211 65 153 120 22 108 76 106 137 180 101 40 198 233 32 0 102 163 66 33
67 248 171 18 24 212 171 128 174 209 135 136 180 214 210 102 0 101 121 221 131 73 190 113 153 52 143 122 0 3 53 124
162 32 224 17 69 219 224 3 87 229 177 155 131 12 87 156 72 172 195 21 12 254 197 144 6 16 145 51 229 12 94 214
2 149 144 156 147 180 188 167 30 15 72 49 172 62 38 192 133 19 147 129 118 72 16 223 45 54 30 195 144 68 173 31
38 160 0 137 205 3 160 200 22 180 208 139 192 200 114 0 121 136 226 145 6 242 79 145 28 0 143 61 213 12 24 134
44 118 120 101 116 47 119 56 120 174 127 108 211 17 137 49 23 28 70 42 224 180 97 14 70 159 48 132 64 251 70 161
130 93 2 158 21 199 138 226 22 8 88 2 160 216 49 64 216 106 19 195 98 174 26 255 33 54 154 10 16 25 48 138
94 120 146 248 11 237 80 198 171 146 160 9 47 223 97 26 163 241 205 16 10 103 154 176 219 213 23 59 146 81 39 27
97 32 112 64 108 25 248 80 105 32 180 74 138 8 148 176 202 129 87 9 132 98 196 192 22 88 2 48 79 140 90 133
1 130 201 249 52 171 105 27 22 33 83 210 243 195 168 104 89 10 6 156 59 156 101 31 196 174 178 64 184 136 48 160
38 160 0 137 204 11 160 200 22 180 208 139 192 200 112 0 121 136 99 145 2 242 79 145 28 0 143 61 213 8 16 130
97 32 112 69 108 25 232 64 105 32 240 74 139 9 148 50 234 197 87 1 140 114 196 192 22 88 130 49 79 140 74 132
130 220 18 155 117 133 182 230 30 11 80 50 172 222 32 64 223 123 147 65 98 156 82 255 37 54 26 138 16 24 33 139
160 184 249 88 104 141 113 91 251 59 176 24 18 155 68 29 141 154 70 24 146 111 250 81 95 152 113 126 208 128 194 171
2 141 128 156 147 176 182 167 30 3 72 147 172 42 38 196 129 67 131 129 118 8 0 255 40 54 158 195 152 68 185 14
120 221 108 46 138 64 71 182 128 196 140 171 51 37 163 82 96 242 89 194 72 11 62 41 240 129 165 25 53 251 180 88
134 141 128 158 147 224 182 167 30 7 73 149 228 98 42 64 145 67 131 163 118 72 24 119 45 54 31 67 144 86 173 90
129 22 129 21 160 46 45 55 112 235 74 244 149 34 144 105 55 6 16 172 241 220 5 78 36 38 126 128 136 224 129 17
2 143 6 158 156 162 166 226 132 4 218 163 96 234 32 193 105 99 170 162 36 137 10 253 32 38 203 1 20 110 60 138
2 141 0 190 147 128 182 167 28 3 72 147 172 42 34 192 129 67 131 133 116 8 0 255 40 38 158 3 144 84 169 14
2 143 128 156 147 176 180 167 30 7 72 147 172 42 38 196 129 67 131 133 118 72 0 255 40 54 158 67 24 84 169 14
134 157 144 151 147 164 54 167 62 15 75 17 236 126 42 64 149 83 131 19 118 72 8 247 45 54 31 195 128 86 141 87
72 48 120 224 33 76 81 16 41 8 52 40 159 23 0 112 134 21 221 0 136 96 176 0 195 249 32 147 98 128 71 51
96 32 112 197 108 9 232 64 105 32 240 11 138 8 20 18 234 197 70 5 132 114 196 192 22 24 130 49 69 136 91 132
128 193 60 187 28 207 213 237 140 53 212 18 183 29 56 65 200 19 27 33 122 45 91 149 229 211 222 85 20 8 149 42
32 32 4 169 76 75 160 72 22 180 240 139 192 192 80 0 121 140 106 149 2 114 91 145 28 0 143 61 21 8 116 130
225 209 29 238 12 196 77 61 68 0 197 66 241 83 56 97 80 2 58 170 123 142 115 157 225 171 250 72 16 138 240 40
217 208 87 222 12 196 77 61 133 2 212 66 121 83 184 101 72 160 63 202 105 143 115 221 241 186 250 136 54 152 240 40
144 145 29 235 190 203 213 109 14 49 21 50 215 93 40 1 219 19 23 113 114 56 89 149 237 195 35 119 116 10 149 163
96 32 112 197 109 25 232 64 109 32 240 11 138 8 22 130 234 197 198 5 132 114 196 192 22 24 130 49 69 140 91 132
34 32 12 137 77 11 176 72 22 180 240 139 128 200 66 0 121 140 235 149 6 114 75 145 28 0 143 63 21 12 60 134
105 48 113 64 101 29 121 16 105 8 52 72 10 27 148 182 134 212 94 8 137 96 176 192 71 249 32 146 66 128 66 37
105 48 113 64 101 29 120 16 105 8 180 104 138 25 148 182 142 196 70 8 141 96 240 192 71 216 0 146 67 136 66 165
39 134 12 155 220 131 138 200 22 17 208 211 96 200 56 64 89 10 2 133 54 50 79 183 60 6 143 109 29 8 184 132
97 32 113 68 108 29 248 16 105 232 180 72 138 25 212 182 202 196 78 8 133 98 240 192 23 216 1 50 75 136 66 165
96 32 112 193 109 25 232 64 109 32 240 11 138 8 22 130 234 197 199 5 132 114 196 192 22 24 130 49 69 140 91 132
34 32 68 137 77 11 176 72 22 180 240 139 128 200 114 0 121 140 235 149 6 115 75 145 28 64 143 63 21 12 124 134
104 48 56 96 32 76 81 16 105 136 52 40 159 23 128 48 134 20 93 8 136 96 176 0 195 249 32 16 66 128 66 35
130 143 14 158 20 131 166 234 148 4 90 34 96 232 56 65 89 106 3 195 34 186 10 255 32 38 139 1 21 10 52 136
72 48 56 96 32 77 81 16 105 136 52 40 159 23 0 48 132 21 221 8 136 96 176 0 195 249 32 144 66 128 67 35
82 48 26 160 10 68 120 66 44 12 178 3 149 158 68 82 234 213 127 128 8 67 129 192 209 225 171 129 32 0 39 67
104 48 56 96 33 93 81 16 105 136 52 40 158 23 0 48 134 20 93 8 136 96 176 192 195 249 32 18 66 128 66 35
3 143 2 158 20 131 170 238 86 1 88 70 96 224 188 228 89 106 2 141 167 186 14 255 32 46 138 8 29 10 120 140
82 26 190 156 40 198 176 98 174 204 210 167 132 254 34 66 236 117 239 1 8 203 131 216 145 51 235 155 16 40 37 83
104 48 184 96 33 93 81 16 105 168 180 8 159 23 192 54 134 212 92 8 136 96 240 192 195 249 37 50 66 128 66 35
33 34 112 193 109 25 232 64 105 32 240 10 139 8 22 146 234 197 71 1 140 114 196 192 22 88 130 49 71 140 90 132
54 162 4 137 207 3 176 200 22 180 240 139 192 200 98 64 249 137 235 149 6 115 75 145 29 2 143 127 149 12 60 198
97 32 121 64 108 29 249 16 105 168 244 72 154 24 212 52 142 128 86 8 133 114 244 192 23 152 1 50 79 136 66 165
82 32 90 224 2 76 120 64 45 0 178 11 159 30 68 80 238 149 127 128 8 67 145 192 215 201 171 129 33 0 39 2
105 32 113 64 109 29 248 16 105 104 180 72 138 27 148 182 206 196 70 8 141 98 240 192 23 216 1 50 66 136 66 165
105 48 113 64 101 29 120 16 105 72 180 72 138 27 148 182 206 212 86 8 133 98 240 192 71 249 0 18 66 136 66 37
53 135 64 139 220 147 74 216 86 33 216 194 67 192 184 196 89 138 6 188 142 178 79 183 188 142 167 124 191 138 248 132
131 143 2 158 20 147 170 230 214 0 90 70 96 234 180 228 120 106 18 141 167 186 12 255 32 46 138 128 29 14 56 140
105 32 113 68 109 29 120 16 105 168 180 72 138 27 212 182 142 196 78 8 141 98 240 192 87 216 1 50 66 136 66 165
82 26 150 140 13 2 176 74 172 136 210 35 204 250 32 66 232 245 235 129 0 219 131 192 149 50 202 3 16 44 61 2
39 162 8 155 220 147 138 200 86 49 208 211 224 200 248 192 89 10 2 181 54 114 79 183 60 6 143 109 29 8 184 132
38 134 12 155 220 131 138 200 22 21 208 211 96 202 58 64 89 10 34 133 54 50 79 255 60 6 159 237 29 8 184 140
105 48 113 64 101 29 120 16 105 8 180 104 138 27 148 182 142 196 78 8 141 96 240 192 71 216 0 146 66 136 66 165
39 134 12 155 220 147 138 200 22 49 80 211 96 200 58 192 89 10 2 133 54 50 79 247 60 6 143 109 29 12 184 132
105 48 113 64 109 29 120 16 105 168 180 72 138 25 212 54 142 196 70 8 141 114 244 192 87 216 1 50 67 136 66 165
17 134 9 187 92 131 203 232 86 17 80 210 113 225 184 64 89 74 2 173 42 178 79 191 252 134 191 108 61 138 176 128
96 32 112 197 109 25 232 64 107 160 240 11 138 8 86 146 234 205 198 5 132 114 197 208 22 24 131 57 69 140 91 132
1 143 67 222 20 131 174 246 86 0 88 70 112 224 180 228 89 106 2 206 163 186 28 255 40 46 130 8 29 138 112 172
104 48 56 96 32 77 81 16 105 168 52 40 159 23 64 50 134 212 93 8 136 96 240 0 195 249 33 176 64 128 66 35
104 48 56 96 37 77 81 16 97 168 52 8 159 31 64 48 132 148 93 8 136 96 240 0 195 217 33 49 66 136 70 51
82 32 82 161 67 8 120 64 45 0 242 131 143 10 68 208 238 133 127 128 8 83 129 192 148 248 139 130 41 0 35 6
3 143 3 158 20 131 174 230 86 0 90 198 96 226 180 228 89 106 2 205 231 184 12 255 40 46 138 0 29 14 120 140
83 0 143 141 13 66 161 72 172 196 194 2 204 226 34 70 104 197 106 133 9 211 179 192 149 34 206 0 16 40 49 68
9 128 221 145 164 168 105 19 110 81 86 86 157 130 208 234 99 15 58 156 147 216 231 209 12 43 250 192 140 128 161 160
130 220 10 159 21 197 146 230 30 10 80 2 164 250 49 64 216 106 19 193 98 174 90 191 37 54 154 11 16 24 48 139
104 48 56 96 33 77 81 16 105 168 36 8 159 23 0 48 132 148 93 8 136 96 240 0 195 217 32 48 66 128 66 35
51 143 71 206 92 146 78 240 197 0 250 70 113 226 180 228 120 226 30 238 205 171 44 253 50 46 130 0 63 170 120 12
97 42 214 80 101 188 96 2 233 25 50 88 10 136 149 191 130 164 110 28 133 45 128 192 22 56 82 10 202 133 75 5
104 48 56 96 33 77 81 16 105 168 52 40 159 23 64 48 132 148 93 8 136 96 240 0 195 249 33 176 66 128 66 35
1 130 201 249 52 171 105 27 86 33 82 210 147 131 160 104 89 8 6 24 155 152 101 17 204 143 178 68 188 136 80 160
39 134 4 155 220 147 138 200 86 53 80 147 96 200 58 192 89 10 130 149 54 50 79 183 60 6 143 109 157 12 184 132
3 143 2 158 20 131 174 230 86 0 90 70 97 226 180 224 121 106 2 207 231 184 12 255 32 46 170 0 29 10 120 140
101 98 102 24 101 216 224 192 233 85 112 137 139 136 215 159 138 168 194 92 134 101 166 192 6 120 80 9 66 157 94 196
38 134 8 155 220 147 138 232 86 53 80 147 96 232 58 64 89 74 34 181 54 114 79 183 60 6 159 109 21 8 184 132
105 48 113 64 101 29 120 16 105 72 180 104 138 27 148 182 142 196 86 8 141 96 240 192 71 216 0 146 66 140 66 165
33 221 82 15 87 159 246 103 125 64 126 12 62 184 182 164 186 42 18 73 213 185 20 127 38 60 0 2 91 10 203 143
130 157 4 156 147 160 182 167 158 31 72 179 164 62 38 193 133 83 147 129 118 72 0 255 41 54 158 195 144 84 169 30
216 176 151 242 139 252 16 67 171 27 161 24 158 151 72 191 163 147 236 16 27 111 178 193 155 209 82 123 202 0 167 51
41 175 42 21 117 157 228 103 93 5 110 13 170 168 22 132 152 42 66 13 214 184 36 191 38 95 20 33 66 140 219 204
56 207 115 79 114 131 111 119 37 4 124 160 41 135 164 84 118 186 7 200 74 154 32 125 117 172 38 128 51 146 230 249
63 144 241 201 61 119 89 88 87 105 245 82 90 221 188 236 223 152 22 56 159 54 123 215 27 222 131 246 247 142 116 245
83 97 11 136 152 233 5 77 168 64 128 136 150 134 34 121 176 169 74 165 25 3 180 92 177 0 10 58 16 16 167 116
8 49 186 101 37 30 117 17 97 128 103 0 223 19 128 55 150 28 68 40 89 240 177 136 199 249 64 0 66 226 66 162
50 253 4 158 219 209 150 231 130 80 136 171 32 190 36 131 237 243 179 195 94 75 154 255 57 36 222 187 53 124 189 222
8 157 83 92 83 208 54 103 125 65 104 32 56 182 164 244 178 59 130 128 83 154 48 127 55 252 18 11 91 0 175 191
33 34 25 177 108 173 169 83 78 177 113 88 149 137 208 11 138 41 2 29 3 126 210 208 68 152 122 104 216 136 3 161
50 48 224 145 79 213 144 64 3 233 145 175 32 28 70 139 204 189 211 129 140 127 213 128 23 0 217 187 109 13 30 223
90 184 157 248 169 237 17 71 171 31 160 24 190 151 64 27 129 147 237 16 26 75 210 209 219 211 90 123 144 64 135 59
10 221 18 191 23 197 190 230 30 1 74 2 236 222 33 64 254 59 155 65 66 152 26 255 165 247 26 2 20 26 33 154
160 141 9 191 20 131 239 255 22 0 88 66 241 225 48 64 89 106 19 137 107 186 123 191 229 135 190 0 53 216 176 168
82 120 158 250 11 237 80 70 171 158 160 41 46 223 97 26 163 179 205 16 10 79 146 241 219 209 31 59 144 80 39 91
3 167 72 171 252 153 232 111 79 113 249 215 141 136 254 160 255 139 23 21 215 56 79 215 44 29 191 236 29 14 217 133
9 137 58 26 83 189 176 103 255 1 109 0 46 248 38 180 179 43 66 28 22 58 50 117 31 253 18 75 211 4 235 142
75 167 16 153 242 169 169 87 62 65 88 196 172 130 226 196 55 139 22 156 147 24 134 211 156 28 58 232 156 132 137 133
48 34 4 129 76 11 160 72 30 160 242 203 211 128 80 64 120 204 106 133 8 243 207 208 156 128 143 56 117 8 113 128
0 156 26 159 52 229 146 111 30 10 88 34 244 248 33 64 217 59 19 1 98 172 90 191 101 55 186 11 16 72 53 139
34 34 82 197 109 25 232 64 237 32 242 11 138 136 22 2 234 205 78 5 4 243 197 192 22 24 130 49 69 12 123 134
50 32 4 161 77 11 160 72 30 164 242 139 195 136 86 64 248 140 235 133 12 115 75 144 157 208 143 59 117 8 117 130
99 32 113 64 101 29 248 80 105 72 180 72 138 24 148 182 238 213 86 8 133 98 244 192 23 88 0 18 79 140 67 165
97 32 115 65 101 29 248 80 105 64 244 8 10 25 148 180 238 133 70 8 133 115 244 192 23 88 0 18 79 136 74 133
53 162 12 137 156 3 138 200 22 48 208 195 195 200 120 64 217 8 43 181 46 114 79 151 172 6 143 117 29 8 56 128
99 32 123 65 100 29 248 80 105 72 244 72 154 26 148 54 238 213 86 8 133 115 244 192 23 120 0 18 79 136 67 165
52 134 5 185 156 131 203 232 22 49 208 210 241 227 184 64 89 202 42 188 59 242 79 159 236 134 175 116 61 136 176 160
32 34 66 133 109 153 232 64 239 164 242 11 138 136 86 130 234 237 202 5 4 243 196 208 20 24 131 59 69 12 123 134
56 34 12 161 13 11 176 72 30 180 242 139 195 200 66 64 249 205 235 133 12 243 207 144 157 195 143 63 53 12 125 194
88 48 56 96 33 77 81 16 41 168 52 40 159 31 192 16 134 149 221 0 8 96 224 128 195 249 33 179 98 128 70 35
129 141 70 158 20 151 174 230 212 2 74 70 96 224 180 229 121 106 2 239 231 184 30 255 40 46 131 0 29 10 120 140
131 141 7 158 20 135 174 226 212 2 74 66 96 226 52 229 88 106 2 239 229 185 30 255 32 46 139 0 29 10 112 140
104 48 56 96 32 77 81 16 105 168 52 40 159 31 64 48 134 21 221 8 136 96 240 0 195 217 33 177 98 128 70 35
80 58 30 181 10 206 185 82 172 44 214 39 149 151 2 80 234 181 111 129 8 217 145 0 213 225 171 129 32 0 39 211
104 48 56 96 33 77 81 16 97 136 164 8 31 23 0 48 128 148 92 8 8 96 240 0 195 249 32 16 66 128 70 35
49 207 67 206 84 151 78 242 199 0 234 70 99 232 180 224 120 234 10 206 205 171 60 255 50 44 130 8 61 138 120 12
16 26 158 189 44 198 176 66 190 236 210 39 181 158 34 66 228 119 239 133 4 217 131 172 213 227 250 131 0 40 53 91
104 48 113 64 101 93 121 16 105 168 52 40 30 25 132 52 134 148 86 8 128 96 240 192 87 216 1 50 66 128 70 39
144 204 190 181 132 194 183 166 54 190 74 19 245 126 2 65 225 119 41 195 112 220 75 63 233 167 255 1 128 112 165 74
35 134 6 155 28 151 138 236 86 17 216 70 96 232 60 229 89 106 10 173 167 171 95 255 36 38 155 8 29 12 120 140
104 48 113 64 99 93 121 16 105 136 52 40 30 23 132 52 166 148 215 8 128 96 160 192 87 249 32 146 98 128 70 35
88 176 156 242 171 253 16 71 235 25 181 56 190 158 76 190 163 147 236 16 23 107 178 209 155 209 82 123 194 0 143 15
145 141 14 158 20 134 238 242 212 2 90 198 113 226 176 97 121 106 10 239 237 185 30 191 160 42 170 0 61 40 120 140
97 32 243 65 109 29 248 64 105 160 112 72 10 27 84 182 234 205 70 8 133 114 208 192 23 216 3 34 79 136 75 132
125 36 115 101 5 126 99 96 105 128 235 8 91 51 21 180 58 140 72 42 9 176 241 200 199 252 0 16 98 171 66 166
54 166 12 155 220 131 162 200 22 181 208 131 192 200 122 64 217 10 42 181 62 243 79 183 188 6 143 117 149 8 56 132
97 32 113 65 109 29 248 80 105 224 244 8 138 24 212 182 238 197 86 8 133 114 244 192 23 88 1 50 79 140 66 165
130 223 4 158 155 192 182 167 156 23 200 183 228 62 34 195 197 115 251 193 118 73 14 255 40 34 222 131 20 84 189 94
54 166 13 153 156 131 138 200 22 49 208 195 193 72 56 64 89 10 43 165 62 114 79 159 172 6 143 116 21 8 48 128
98 32 243 69 109 29 248 80 105 160 112 72 14 154 212 182 170 205 70 8 129 115 180 192 23 152 3 34 79 136 67 165
50 34 0 136 79 1 144 72 142 172 152 171 12 136 99 136 216 25 203 177 4 35 202 144 152 4 139 191 85 47 61 131
54 130 4 153 157 211 138 200 22 53 208 147 224 200 58 192 217 10 171 181 62 242 95 223 172 22 143 119 21 12 252 134
97 106 210 88 108 188 248 70 233 25 112 108 140 136 245 190 166 33 70 28 135 47 130 224 20 56 82 74 200 129 107 141
145 142 14 191 28 135 79 252 86 1 202 70 115 226 56 97 121 202 10 238 171 168 95 191 240 175 139 8 57 138 120 136
1 128 157 233 52 175 105 19 86 49 71 80 147 131 176 104 72 42 10 28 19 184 117 21 197 157 50 64 184 136 80 160
131 143 7 158 21 151 174 226 212 2 90 70 96 226 180 229 120 106 2 239 229 153 30 255 32 46 202 0 29 12 120 140
33 34 82 197 77 153 232 64 239 160 242 11 138 136 86 18 234 237 78 1 4 242 196 192 150 24 131 35 77 12 91 134
1 40 25 177 108 173 169 82 110 49 113 8 149 131 81 40 202 40 66 28 3 60 210 16 69 145 114 40 200 136 67 160
104 48 56 96 32 77 81 16 105 168 52 40 159 31 128 48 134 21 221 8 136 96 224 0 195 249 33 177 98 128 70 51
24 34 12 169 13 11 176 72 30 164 210 139 203 200 98 64 248 141 239 129 12 243 203 152 220 195 143 51 53 8 93 194
34 34 82 161 109 153 232 64 239 36 240 11 136 136 22 130 234 237 206 5 4 114 196 208 20 217 139 51 69 12 123 134
53 162 13 185 220 135 203 232 86 49 208 18 241 225 120 64 89 202 42 188 59 114 95 151 236 134 143 116 181 136 240 160
50 34 4 161 77 11 176 72 30 180 210 139 195 200 118 0 249 205 107 129 12 243 203 144 156 208 143 63 117 8 85 130
97 32 115 65 100 29 248 64 121 32 240 72 26 27 148 176 254 157 86 8 129 114 240 192 23 120 0 50 79 136 66 165
99 32 121 65 100 93 248 80 105 0 116 8 154 27 148 54 174 213 86 8 133 114 240 192 23 184 0 2 75 136 67 165
54 162 12 153 157 131 138 200 86 53 208 147 224 200 122 64 217 10 42 181 62 115 79 223 172 6 143 117 21 8 248 132
24 40 90 161 34 136 184 80 44 32 242 131 157 27 0 80 230 181 127 128 0 209 129 192 213 225 170 161 32 0 39 131
97 32 113 65 109 29 248 64 105 160 112 8 138 24 212 182 170 197 86 8 133 114 244 192 23 216 1 50 79 140 67 133
52 134 12 185 156 131 130 232 86 53 208 211 227 232 58 65 89 74 42 181 62 242 79 159 172 6 143 117 21 8 184 128
24 42 150 191 13 134 168 66 172 160 194 99 205 202 32 194 226 117 111 129 0 217 129 224 148 227 170 2 12 32 49 2
52 166 72 137 220 131 226 200 86 164 216 10 67 200 122 64 89 136 2 156 62 50 79 151 188 134 135 125 245 138 120 132
105 32 112 64 109 29 216 80 105 40 180 72 139 25 148 180 200 132 86 8 141 98 244 192 23 217 0 50 75 140 74 135
242 49 104 4 79 157 148 64 129 108 184 171 2 28 23 26 236 177 215 65 204 35 208 128 19 88 128 51 101 92 94 215
18 253 16 158 203 193 158 231 134 4 200 163 44 190 34 195 110 251 147 195 70 11 14 253 48 0 206 187 53 124 189 222
130 157 119 217 114 195 163 119 28 9 122 114 244 247 36 97 222 59 23 160 51 154 97 127 109 38 170 192 16 8 165 251
191 52 241 201 45 55 216 90 95 226 249 82 74 92 245 236 223 152 146 60 175 54 125 210 31 222 129 118 247 237 96 164
88 97 34 40 137 89 23 204 164 68 132 8 159 150 34 244 112 24 216 106 92 3 180 52 241 193 14 57 18 23 175 98
74 184 145 248 105 205 17 71 175 25 176 40 190 151 64 94 135 179 237 16 18 75 242 241 217 208 90 251 210 0 135 59
232 16 117 85 100 90 237 50 121 238 246 184 155 61 149 191 110 244 247 105 225 246 229 200 87 249 96 144 71 252 86 241
49 32 114 65 109 25 248 64 105 160 240 74 10 154 84 178 234 205 70 1 133 115 212 192 23 88 3 34 79 136 91 133
52 166 12 169 156 3 138 200 30 48 144 67 195 72 24 64 89 132 106 165 42 227 75 157 172 2 143 116 61 8 24 128
35 32 115 193 102 25 248 64 233 0 112 10 12 154 20 178 170 205 70 1 133 115 148 192 23 24 2 2 77 136 107 135
52 164 12 169 156 15 202 200 30 48 144 3 211 72 16 64 89 132 106 173 42 227 91 157 172 130 143 116 61 8 16 0
33 32 123 193 102 9 184 64 109 0 112 74 156 154 20 50 170 77 86 1 129 243 132 192 22 24 2 2 77 136 99 129
37 130 5 169 156 11 105 216 22 176 210 66 211 67 112 68 89 140 106 188 43 243 79 157 140 130 239 116 53 136 48 160
24 34 86 177 47 155 248 64 252 36 242 3 143 202 118 128 250 45 238 133 4 241 129 192 148 209 11 3 68 12 73 134
88 2 12 173 61 11 88 8 14 164 146 131 207 11 2 64 234 133 237 161 44 129 73 156 196 227 235 17 52 8 29 2
72 50 120 96 97 92 89 16 105 140 180 40 159 31 128 52 166 149 221 8 136 96 160 192 199 249 32 147 66 128 71 35
145 140 14 159 28 134 174 232 212 18 194 70 113 226 60 225 121 98 42 239 109 233 31 191 32 42 203 0 25 104 120 140
131 140 7 159 29 135 166 232 214 18 210 66 224 224 60 229 217 98 42 175 35 171 95 255 41 58 203 2 25 8 112 140
88 50 120 96 34 77 80 16 41 172 54 40 159 31 192 18 166 213 237 0 8 96 128 192 211 249 37 179 98 128 7 3
88 26 30 181 32 202 57 18 172 4 214 133 223 135 34 64 166 61 125 129 0 145 145 64 193 225 42 129 0 0 5 83
104 48 56 96 33 77 81 16 97 140 36 8 31 17 0 48 128 148 84 8 8 96 240 0 195 217 32 17 66 128 70 35
26 28 174 181 19 158 182 34 188 194 194 163 239 190 34 65 230 127 191 129 36 217 17 238 233 231 126 3 0 36 45 90
98 32 115 65 99 73 249 64 233 160 112 40 14 153 132 52 162 149 86 8 0 115 160 192 23 216 1 34 103 128 71 167
51 132 4 155 29 151 130 232 214 17 192 71 226 104 62 193 217 10 106 165 46 35 95 253 172 34 203 28 24 12 56 132
98 32 115 65 102 89 248 80 105 128 116 40 30 29 132 52 166 149 87 8 128 113 160 192 23 248 0 3 103 128 71 167
57 132 12 187 28 135 203 232 86 17 192 18 243 97 56 65 89 138 42 172 42 242 95 189 253 139 203 68 56 8 240 128
3 40 90 177 102 139 184 64 252 32 114 3 140 136 54 0 234 45 74 5 4 241 129 192 148 152 10 3 76 8 75 135
145 12 14 190 20 135 239 120 212 74 218 70 113 226 176 97 120 226 46 239 237 185 15 191 176 174 226 0 57 170 112 132
35 32 114 193 103 153 248 64 253 32 112 10 140 154 52 180 186 109 70 1 133 243 148 192 23 24 2 34 77 8 107 135
18 34 12 169 12 11 192 72 143 164 210 131 199 136 80 64 106 141 111 133 8 241 73 216 156 210 143 17 84 8 21 130
52 132 4 185 157 11 130 168 22 176 146 67 194 96 48 193 217 196 110 181 46 241 75 157 172 130 143 85 25 8 24 2
33 32 115 193 103 217 248 64 105 160 112 10 140 154 84 50 170 237 70 1 132 243 148 192 23 24 3 34 77 8 75 135
53 132 5 169 157 15 138 232 22 48 144 67 211 96 24 193 121 196 106 189 43 225 91 157 173 146 143 116 153 8 24 128
35 32 114 64 103 25 248 64 233 32 112 74 8 152 212 182 170 205 86 1 132 115 148 192 22 88 3 34 79 140 107 133
97 32 115 64 71 29 232 64 121 32 112 10 26 152 20 176 250 141 86 8 129 242 148 192 23 24 2 40 109 136 75 132
54 132 12 169 157 83 138 200 30 52 144 3 195 72 58 192 217 132 235 165 46 227 91 157 169 211 143 119 53 12 29 198
26 32 23 161 35 138 120 16 173 32 82 65 207 131 0 196 166 53 125 0 1 209 145 192 132 242 11 130 42 128 1 1
97 34 248 101 109 29 208 64 107 168 176 9 139 9 214 178 136 196 78 13 140 99 192 208 22 217 33 57 71 136 90 134
36 172 8 185 221 135 226 200 86 164 208 11 97 192 114 0 217 200 2 176 46 114 90 159 125 7 135 125 209 8 84 130
131 12 7 159 21 135 174 104 212 2 210 66 112 226 52 229 120 106 58 239 101 249 31 255 52 42 203 0 29 40 120 132
17 0 151 183 22 142 169 64 188 128 66 66 253 226 32 68 114 109 46 137 33 209 19 236 133 162 74 0 8 32 33 160
48 130 12 169 60 11 200 136 6 180 146 195 195 200 50 64 201 132 111 181 42 99 75 157 140 146 175 117 20 8 88 0
99 32 115 64 103 89 248 64 233 0 112 10 12 154 20 182 170 221 86 1 133 115 148 192 23 24 2 2 77 136 107 135
104 48 56 96 33 93 81 16 105 140 52 40 159 31 0 48 134 149 221 8 136 96 224 0 195 249 32 145 66 128 70 35
88 2 12 165 60 11 80 40 46 164 146 131 207 34 2 194 232 197 237 37 44 193 69 156 232 227 239 17 48 40 29 2
52 160 4 169 157 15 130 200 30 176 144 3 194 200 114 64 217 140 110 181 46 242 91 157 173 18 143 117 17 8 25 130
45 128 5 185 157 71 99 200 22 180 212 2 211 193 120 64 89 136 106 156 43 115 123 157 221 131 135 116 49 8 116 224
33 32 123 193 110 73 248 64 105 160 112 10 152 152 84 50 170 205 66 1 129 243 148 192 23 24 3 34 77 8 67 131
11 34 86 177 103 155 248 64 253 0 114 67 140 202 54 128 250 45 238 133 4 177 131 192 148 241 10 3 76 12 75 133
9 106 211 11 102 152 168 70 232 65 120 228 172 136 245 158 170 43 66 29 135 56 134 224 4 60 58 104 205 20 195 141
26 34 8 169 31 19 144 74 6 173 156 163 143 3 98 192 238 153 207 145 30 11 65 144 146 197 171 255 62 12 41 3
144 207 67 77 18 131 238 118 36 0 250 230 33 2 164 212 126 185 6 234 233 184 5 127 52 172 34 128 121 128 98 188
74 178 146 216 43 244 48 67 171 25 161 120 172 158 76 254 167 27 239 16 22 75 130 209 155 208 90 127 130 4 175 151
253 78 135 190 140 22 79 180 148 194 194 199 115 100 179 235 89 230 61 239 237 199 46 47 240 231 237 144 47 255 112 88
129 128 30 251 60 143 105 17 238 25 71 16 151 19 42 105 192 2 126 28 51 188 115 85 207 155 50 64 152 136 193 33
114 48 98 36 73 93 208 96 33 38 176 9 11 28 30 16 220 149 213 33 44 167 208 136 147 253 8 59 69 12 94 214
146 206 134 158 141 2 142 172 148 198 194 215 225 228 59 79 89 230 185 231 237 197 47 175 160 34 223 144 61 127 180 92
216 141 22 189 157 230 30 174 188 166 138 1 239 106 33 67 161 103 109 99 108 205 25 175 225 227 207 21 32 113 37 10
16 93 11 175 20 70 126 54 52 74 90 71 247 63 32 64 240 111 21 231 108 152 17 47 225 167 170 128 48 114 53 155
117 134 12 169 156 11 64 168 14 180 146 79 198 97 16 66 105 196 110 45 40 241 75 157 220 2 239 116 24 8 24 0
16 32 126 225 102 75 184 64 124 160 242 2 157 218 116 32 186 205 78 1 0 243 133 192 148 136 11 2 69 8 107 129
69 128 5 169 220 143 96 168 158 176 210 74 214 97 48 64 121 196 106 45 40 241 91 157 221 2 207 116 24 8 16 0
1 32 95 225 102 11 169 64 124 128 114 66 157 219 112 32 58 77 74 9 1 243 135 192 84 136 35 0 109 8 99 129
1 0 5 137 76 139 225 88 22 176 210 66 210 129 176 68 121 172 106 140 33 240 79 156 28 2 143 20 53 136 80 160
88 2 14 165 44 11 112 32 173 164 146 135 207 42 2 66 226 197 108 37 44 209 69 220 152 243 75 17 36 12 9 2
104 32 112 64 101 89 121 16 105 12 244 40 15 11 132 52 46 149 87 8 8 114 224 192 87 248 0 19 99 128 70 37
125 78 231 62 141 54 79 190 145 202 206 207 115 229 179 230 89 230 125 238 237 195 190 175 178 239 229 152 175 255 112 124
19 132 5 159 29 135 132 232 222 18 194 66 224 114 60 229 217 66 106 43 47 227 91 253 185 50 211 30 24 40 112 12
90 50 90 224 98 8 120 16 57 160 242 233 143 31 64 80 182 221 255 0 0 81 129 192 214 249 35 163 46 128 11 19
88 18 30 165 34 202 56 16 173 68 146 161 223 159 34 80 166 53 253 33 36 129 1 204 210 243 106 147 38 4 45 83
104 48 49 96 37 93 81 16 97 12 180 8 26 21 0 52 128 148 196 8 136 96 240 128 195 217 32 19 66 128 70 35
113 132 4 189 29 15 68 168 198 50 130 71 226 96 58 195 201 198 106 173 46 99 95 157 156 34 203 28 24 44 56 6
90 178 146 176 107 157 24 67 171 25 160 121 142 158 100 222 167 153 206 16 22 11 130 209 155 208 26 111 194 4 171 7
212 77 151 183 139 106 55 160 188 178 130 2 254 114 1 75 225 245 109 227 104 197 153 104 241 162 79 19 0 112 37 34
32 34 123 65 98 73 184 64 121 160 112 170 28 153 244 48 58 157 70 0 0 243 132 192 22 152 35 35 101 128 103 161
139 155 6 145 45 153 40 0 173 113 146 247 143 2 166 207 198 33 238 85 151 141 71 245 134 80 154 211 30 13 153 21
17 14 15 190 28 135 239 120 86 10 218 70 241 226 184 96 89 234 46 175 233 187 15 191 240 174 227 8 56 170 112 128
2 32 87 193 102 203 184 64 252 0 114 226 140 154 36 160 190 61 106 129 1 241 133 192 20 56 10 2 69 0 35 133
80 4 12 169 28 15 96 40 142 176 146 67 198 32 16 66 233 196 110 37 40 241 75 220 156 18 207 84 24 8 25 2
18 32 119 225 102 75 184 64 124 0 242 74 13 154 84 178 186 221 78 1 0 243 135 192 148 152 11 2 69 8 99 133
195 220 133 158 141 86 6 172 150 218 192 213 224 228 187 207 209 102 185 199 109 71 223 191 160 54 221 154 26 126 176 92
11 107 19 27 228 184 168 215 236 81 120 196 173 136 245 172 38 43 66 157 131 184 134 224 4 24 26 106 206 148 163 157
65 0 4 169 29 27 96 104 15 176 146 74 198 49 16 199 105 196 106 57 45 225 75 156 156 146 207 117 24 40 24 0
41 128 13 153 93 199 97 200 86 61 208 2 210 193 56 68 89 136 42 172 42 115 91 149 93 2 199 124 16 8 112 162
73 128 62 249 228 205 97 23 254 31 103 16 188 211 106 121 195 10 42 24 146 28 51 113 71 187 114 72 16 136 193 97
80 2 6 165 13 139 96 64 175 164 210 15 206 131 32 208 96 164 110 36 32 209 65 220 156 178 203 17 48 8 25 2
32 32 126 72 71 75 224 72 121 32 240 10 8 152 20 176 122 205 70 129 4 242 214 192 23 8 130 41 101 8 106 130
145 75 71 79 34 6 111 112 52 138 115 196 113 67 161 85 126 164 22 238 97 148 37 79 36 170 226 128 107 178 98 169
40 34 48 225 109 13 208 80 105 40 240 73 143 25 22 18 200 197 76 1 140 114 192 128 198 217 34 49 79 136 90 131
88 2 30 165 45 10 120 32 45 36 146 5 207 42 2 194 226 69 237 37 44 193 193 140 214 243 107 17 36 172 9 3
25 34 86 161 7 27 184 64 124 0 242 199 205 202 54 192 254 141 238 133 4 177 23 200 148 227 10 3 45 12 41 133
45 128 5 137 221 207 97 200 86 244 214 10 210 193 112 100 121 172 106 152 43 242 123 157 93 2 135 52 18 8 84 226
36 160 10 187 213 199 226 232 22 172 112 11 96 192 98 0 217 170 2 20 42 242 90 191 125 135 135 109 209 8 116 130
98 162 4 169 44 11 64 136 7 180 146 207 198 1 64 84 201 132 110 133 10 99 75 157 156 178 207 53 20 8 20 0
32 32 122 225 70 73 185 64 124 128 112 10 29 218 84 50 58 205 66 1 0 243 135 192 85 137 3 33 69 8 103 130
12 132 4 169 157 143 96 232 142 176 210 3 198 224 48 194 233 196 234 37 44 241 91 157 157 18 207 85 24 12 25 2
50 32 82 225 71 75 184 64 124 128 242 2 13 218 84 160 122 205 66 129 4 243 135 192 148 216 11 3 69 8 107 132
130 149 156 151 195 100 188 175 24 119 67 177 204 62 78 75 135 87 179 129 116 220 219 226 13 50 222 199 144 100 141 223
74 184 51 218 107 221 57 70 171 93 164 44 172 151 100 180 166 57 223 16 3 11 178 241 159 208 26 250 26 4 7 127
125 63 250 114 242 34 95 210 243 206 61 237 81 237 247 24 55 254 5 126 176 114 172 42 122 143 37 236 229 243 102 241
188 16 106 104 69 79 80 64 17 4 241 25 75 29 30 17 216 157 213 35 12 182 80 140 211 249 64 23 99 47 94 210
215 135 205 159 138 35 15 188 22 247 131 247 81 102 216 75 23 70 121 255 251 64 79 55 124 2 237 252 188 241 144 112
183 38 96 65 108 59 73 89 83 186 181 220 67 9 221 61 62 140 86 174 168 118 109 26 22 202 225 180 127 235 82 165
0 32 83 169 78 3 233 72 108 0 240 74 157 203 20 34 106 205 110 137 1 242 199 192 84 136 170 0 101 136 99 160
1 0 71 149 76 139 160 72 94 160 82 66 192 193 240 100 121 172 42 12 1 243 45 212 28 34 135 32 55 8 113 164
16 34 90 225 74 11 168 64 124 132 240 130 13 202 52 16 122 157 70 128 0 242 134 192 20 169 2 9 101 0 103 160
32 128 3 153 77 207 225 200 214 188 212 10 192 209 96 68 249 172 42 8 2 243 123 149 29 2 199 127 18 8 84 162
113 128 149 157 13 11 132 168 78 18 146 66 226 112 44 231 201 198 110 35 43 97 79 157 140 50 203 22 24 40 17 4
18 50 122 97 98 9 120 80 57 160 116 235 31 159 132 16 54 157 7 128 128 242 128 194 86 253 32 160 103 128 42 129
34 132 14 155 221 135 194 236 222 25 217 19 224 232 62 193 217 42 131 5 54 170 90 191 45 22 159 75 17 14 248 142
90 18 223 164 34 72 60 48 173 6 130 163 207 183 2 82 166 213 253 129 4 65 129 192 210 243 74 147 36 160 37 83
105 48 113 96 37 93 81 16 105 12 180 40 26 31 132 182 134 212 196 8 137 96 240 192 195 217 32 19 66 136 70 39
210 14 46 190 2 2 172 96 188 134 194 131 237 238 54 67 118 231 123 167 96 193 7 236 241 34 207 129 5 96 37 64
17 32 22 157 27 195 168 72 228 64 242 134 237 194 32 194 104 239 106 140 39 243 23 205 145 34 138 0 57 0 43 132
64 2 66 149 71 139 96 64 191 164 98 207 206 194 34 212 112 172 106 4 0 211 129 210 148 38 203 33 48 8 109 128
32 32 94 205 79 71 240 72 95 12 240 11 8 216 52 0 248 205 194 129 4 242 219 208 21 9 130 43 85 8 126 130
120 34 112 225 45 13 216 16 105 44 178 77 143 9 20 18 206 69 76 1 140 98 193 128 198 217 34 50 74 140 67 131
40 32 14 187 125 207 163 72 150 172 112 3 240 193 32 0 217 42 34 48 34 243 26 191 93 135 167 33 81 8 116 130
33 130 13 190 108 133 67 252 86 81 208 70 243 225 184 64 89 74 42 13 43 34 91 183 212 166 179 40 28 136 112 168
16 34 87 145 82 130 169 64 188 128 114 194 221 194 160 64 126 125 74 137 33 241 5 204 20 162 42 128 109 128 35 161
65 2 14 189 78 139 96 96 190 160 82 66 214 160 32 64 121 228 106 37 37 241 141 92 156 34 107 0 12 40 25 0
16 34 87 225 111 11 232 72 109 0 242 66 207 138 16 134 106 205 110 129 0 227 135 192 148 208 11 16 101 8 99 128
99 0 6 141 77 139 96 72 175 160 210 10 70 194 96 198 105 236 106 0 12 243 79 212 156 18 143 51 24 8 88 134
82 0 151 205 30 66 105 72 252 144 198 2 220 243 32 102 114 197 110 168 41 193 123 221 149 34 202 132 37 32 33 36
98 34 68 136 44 11 64 8 15 180 176 239 198 1 64 148 201 132 110 20 8 99 203 208 156 146 5 62 92 140 80 20
10 32 86 225 15 75 168 72 109 0 242 226 207 202 20 130 106 205 238 129 12 227 199 192 148 144 139 19 69 8 107 132
72 0 6 180 79 155 96 72 191 160 210 75 78 224 32 196 121 236 238 33 12 243 27 220 156 67 207 51 58 12 57 130
40 32 90 233 79 67 233 72 236 4 244 10 157 203 118 2 106 221 206 129 8 243 231 192 85 169 3 9 101 8 103 162
0 160 39 209 77 219 161 200 223 244 214 10 198 213 96 228 121 172 234 24 2 243 43 220 31 2 135 35 19 12 116 230
19 16 30 173 27 83 168 72 237 64 210 135 207 74 18 194 106 197 238 165 173 225 87 204 144 243 138 19 41 4 41 84
90 34 18 40 121 156 88 66 171 29 176 109 143 139 102 156 166 153 205 17 30 43 130 193 154 208 18 235 194 4 35 135
134 157 156 151 227 98 188 167 30 127 67 177 204 62 74 75 215 95 179 131 116 220 219 227 109 54 222 199 132 116 133 211
71 166 197 31 202 35 47 184 22 243 2 222 80 98 221 127 21 70 123 190 179 82 223 119 60 2 237 252 189 241 144 48
19 32 134 173 30 19 168 72 110 192 210 199 207 202 54 194 234 197 110 165 44 225 71 204 128 242 139 19 41 32 41 4
82 2 94 165 46 8 120 32 173 36 130 199 207 35 2 82 226 197 111 5 12 81 193 192 150 242 75 19 36 160 9 3
131 233 7 25 44 220 168 199 237 81 18 68 164 198 244 175 166 35 90 157 135 169 54 193 140 24 26 66 78 132 43 252
67 218 22 152 44 141 184 2 175 89 18 100 132 130 246 110 231 33 126 5 135 5 39 209 132 50 90 222 152 12 25 85
199 212 133 159 173 83 6 173 31 123 65 252 228 244 190 237 149 70 189 39 255 68 239 183 168 54 221 254 158 126 153 85
212 78 158 182 138 98 53 162 180 150 194 2 108 243 33 75 97 247 104 226 96 197 139 104 241 163 207 3 32 112 37 34
82 2 86 164 110 8 120 16 45 32 242 207 207 131 0 82 98 197 111 132 12 67 133 192 150 240 66 26 44 160 34 1
98 34 81 97 109 9 232 64 105 164 176 72 143 10 84 148 202 29 206 0 0 242 193 192 150 248 3 51 71 132 71 165
97 128 149 173 12 11 4 168 94 50 146 106 231 112 0 226 217 196 110 1 13 97 207 157 156 178 195 22 24 40 16 4
50 34 82 120 66 6 104 88 49 128 240 11 9 203 4 84 122 205 7 140 8 242 130 194 86 188 131 40 99 128 98 128
32 140 14 191 29 135 150 232 222 27 208 19 224 248 62 193 217 98 171 33 38 227 75 191 40 54 203 87 29 44 249 134
82 34 218 164 98 0 57 64 169 4 194 163 77 231 0 82 38 245 255 129 0 83 135 192 149 176 74 138 36 160 39 113
114 48 115 64 99 93 112 80 105 8 52 40 14 31 132 52 166 149 198 0 129 97 160 192 151 249 0 147 67 128 71 183
82 0 142 190 14 2 108 104 164 134 194 131 237 227 48 67 98 231 127 167 104 195 147 237 209 35 207 137 36 96 37 2
48 32 14 153 93 219 179 72 222 188 214 34 64 208 98 68 249 108 42 0 0 241 169 155 93 38 199 39 19 40 85 230
81 32 7 137 77 71 232 72 214 64 210 2 200 194 50 196 120 197 106 141 15 243 91 221 149 34 138 9 25 8 41 6
84 74 142 246 194 0 37 96 176 134 198 3 101 227 33 91 113 247 104 130 96 215 138 104 213 163 207 9 160 112 37 2
82 34 66 150 71 141 162 64 62 164 98 15 108 194 98 212 120 172 162 132 4 210 146 242 21 38 139 42 9 12 111 150
40 50 90 189 77 195 176 64 118 44 240 35 72 152 54 0 248 237 130 129 4 242 202 216 85 9 163 3 65 8 111 131
97 128 5 155 76 133 193 216 86 113 208 94 241 225 120 64 89 10 106 13 3 98 219 177 28 18 235 124 28 136 208 160
17 34 31 185 74 130 168 80 188 128 210 198 221 194 176 224 126 173 42 137 33 243 7 204 148 162 170 8 109 128 33 160
1 2 82 181 70 139 169 80 254 160 82 226 221 226 160 64 114 173 42 137 1 241 133 210 84 38 107 0 44 136 33 128
48 32 30 189 28 203 177 104 22 172 246 35 246 209 32 0 248 40 106 32 34 243 75 157 221 131 167 17 81 8 52 163
82 0 143 205 28 70 105 104 238 0 198 2 216 242 32 102 104 213 106 136 9 211 255 220 149 34 202 144 20 32 53 36
83 32 215 133 74 2 40 72 108 192 226 66 221 178 4 114 102 197 110 136 5 211 183 192 148 170 202 0 41 32 35 36
65 32 81 165 45 13 120 0 111 160 178 77 142 9 82 22 166 197 110 5 5 225 209 192 148 208 3 50 110 140 3 5
99 34 69 129 109 9 64 8 15 176 178 205 207 0 68 150 203 196 238 4 13 114 203 208 156 208 5 62 92 12 82 20
18 32 55 209 79 89 161 72 95 164 246 10 110 220 100 100 248 156 234 0 0 243 43 208 159 82 135 43 21 8 117 230
48 34 54 137 77 75 233 72 111 36 244 10 136 203 118 22 104 217 206 129 10 243 227 209 85 16 131 43 87 8 103 226
40 34 22 169 13 27 192 72 231 32 240 235 207 202 0 134 200 197 238 129 12 99 207 208 148 209 139 27 93 12 106 4
120 34 70 164 79 153 112 72 191 160 210 43 78 218 98 192 250 237 234 1 4 115 203 208 158 99 7 59 47 12 123 134
3 161 63 89 44 197 169 79 239 89 144 0 180 150 246 107 226 3 122 29 199 105 51 81 197 24 90 0 80 0 33 237
195 104 59 250 105 173 56 64 173 25 161 24 190 158 36 57 166 187 95 19 7 15 18 245 145 152 26 122 80 3 35 46
197 22 247 69 226 42 124 19 121 210 123 244 93 51 141 122 55 213 116 184 177 208 133 66 78 174 101 196 239 240 227 49
134 220 180 23 251 116 183 175 250 223 89 53 236 124 15 15 151 115 179 51 182 240 58 239 44 22 95 135 201 117 141 223
166 222 252 94 242 114 182 175 91 219 124 183 104 126 207 111 183 119 177 130 247 212 46 235 46 38 119 135 207 117 205 223
1 136 123 216 236 205 161 82 239 21 36 2 132 215 228 102 99 58 2 24 19 10 182 241 31 24 18 106 144 0 101 228
