82 171 10 184 154 129 24 231 166 21 202 165 165 143 96 80 231 187 239 145 30 9 2 117 249 229 62 233 144 0 165 90
0 14 14 191 12 130 174 96 148 22 210 231 97 234 176 65 120 102 43 167 100 201 15 189 32 35 235 129 28 40 56 128
97 32 112 65 108 29 232 64 105 32 240 74 139 9 20 48 234 133 87 1 140 114 212 192 22 120 130 48 79 136 74 132
2 14 6 158 13 130 174 104 148 18 210 199 96 234 32 195 124 103 171 167 100 201 31 253 48 34 203 9 28 44 56 148
48 160 13 169 76 11 160 200 22 176 208 203 193 201 112 0 89 140 107 145 10 242 79 144 156 0 143 52 85 8 16 128
72 48 113 224 98 73 121 80 41 128 116 168 31 31 192 20 166 149 223 0 128 112 128 192 214 217 36 130 102 128 7 51
104 48 49 96 33 93 81 16 105 136 52 72 158 31 0 52 132 20 93 8 137 96 176 192 195 217 0 18 66 128 66 35
131 141 7 158 20 135 174 226 212 0 74 70 112 226 52 229 89 106 2 207 167 184 30 255 32 46 138 0 29 8 112 140
33 32 114 193 108 9 232 64 105 32 240 74 138 136 20 18 234 197 78 1 132 114 196 192 22 24 130 48 77 136 74 132
2 176 16 153 232 169 184 71 174 25 88 241 172 150 96 64 167 27 63 148 18 24 130 211 140 20 26 234 148 4 129 153
105 48 113 64 101 93 120 16 105 8 52 40 10 27 148 182 174 196 70 8 129 96 240 192 23 216 0 18 67 136 66 165
48 34 5 137 76 11 160 72 30 180 208 139 193 136 112 0 121 136 107 145 8 242 79 144 156 128 143 52 85 8 16 128
2 77 14 158 28 135 171 103 150 0 88 2 112 200 49 65 88 42 19 129 98 168 18 255 97 38 138 8 20 8 48 136
17 134 12 187 92 131 138 200 86 49 208 82 241 192 56 65 89 10 34 173 34 242 79 191 236 134 175 108 61 8 176 128
33 34 114 193 108 9 232 64 105 32 240 10 138 136 20 18 234 197 78 1 132 114 196 192 22 24 130 49 77 136 90 132
97 32 114 65 109 29 232 64 105 32 240 74 142 8 20 178 234 197 70 1 132 114 212 192 22 24 2 33 77 140 75 132
26 14 6 191 12 130 172 104 148 2 210 199 97 226 160 195 120 102 170 166 100 193 15 253 176 99 235 128 60 108 56 16
48 34 4 137 76 11 160 72 30 180 208 139 192 136 112 0 121 136 107 145 8 114 79 144 156 0 143 53 85 8 20 130
104 48 113 96 33 93 81 16 105 136 52 104 158 31 128 52 134 20 93 8 137 96 176 192 195 217 32 146 66 128 66 35
2 142 10 158 22 131 146 238 22 5 88 163 96 234 42 64 91 123 131 129 38 168 10 255 104 38 186 9 20 10 60 138
33 34 114 193 108 13 232 64 105 32 240 10 138 136 20 18 234 197 79 1 132 114 212 192 150 24 130 48 77 136 90 132
54 160 4 137 205 11 176 200 22 180 208 139 193 200 114 0 89 136 106 145 14 243 79 145 156 192 143 63 213 12 28 134
48 32 4 169 76 11 168 72 30 180 208 139 195 136 80 0 89 136 106 145 8 242 79 208 156 128 143 52 85 8 16 128
104 48 49 96 33 93 81 16 105 136 52 72 158 31 0 52 132 20 93 8 137 96 176 192 195 217 0 18 66 128 66 35
33 32 114 65 109 29 248 64 233 32 240 10 142 136 20 176 234 133 86 1 132 114 212 192 22 24 2 32 77 140 75 132
105 48 113 64 101 93 248 16 105 8 52 40 138 25 148 182 142 196 70 8 129 96 240 192 23 216 0 18 67 136 66 165
54 160 4 137 205 11 176 200 22 180 208 139 193 200 114 0 217 136 235 145 14 243 79 145 156 192 143 63 213 12 28 134
2 205 7 158 21 195 162 99 150 0 88 2 96 216 49 65 88 42 19 129 98 169 2 253 33 38 138 3 20 8 52 138
39 134 12 155 156 131 138 200 86 17 208 211 96 200 58 192 89 10 34 165 38 226 79 191 60 6 143 125 29 8 184 132
72 48 120 96 33 93 81 16 105 136 52 40 158 31 128 52 134 21 221 8 136 96 176 192 195 249 32 146 66 128 67 35
2 158 14 158 23 131 178 230 150 4 90 199 96 234 42 193 93 123 131 129 38 136 26 255 96 39 138 11 28 14 60 154
105 32 113 64 101 93 121 16 105 8 180 8 10 25 132 54 142 212 70 8 129 96 240 192 23 216 0 18 66 136 66 37
90 48 81 224 98 73 121 16 41 136 52 168 31 31 64 16 166 149 223 0 0 96 128 192 214 249 34 130 98 128 7 51
72 176 147 240 233 253 112 23 171 57 52 124 142 151 64 190 135 31 220 16 19 91 146 192 143 217 82 107 202 68 139 59
3 134 4 159 28 147 138 232 86 17 200 215 96 104 60 193 89 10 42 173 166 227 79 191 44 38 139 68 28 12 184 140
236 120 120 101 99 12 89 16 33 184 52 40 31 23 193 27 134 28 213 106 192 118 240 128 199 217 96 182 98 177 66 163
10 12 6 190 13 134 172 104 148 2 194 71 96 226 32 195 248 102 170 167 101 193 27 253 48 98 203 1 24 108 56 22
105 32 113 64 101 93 248 80 105 0 52 8 10 25 148 54 174 212 70 8 129 97 224 192 23 216 0 2 67 136 66 165
131 141 7 158 20 135 170 238 214 1 72 70 96 224 60 225 89 106 2 140 167 184 30 255 32 46 138 8 29 10 112 140
82 34 90 160 98 0 120 64 61 0 242 203 159 138 68 80 118 157 127 128 12 82 129 192 214 184 171 128 37 128 43 129
2 12 3 158 20 129 139 103 22 2 88 2 112 200 49 64 88 42 19 129 98 172 18 255 33 38 154 8 20 10 48 136
107 48 113 64 101 93 121 16 105 8 180 40 10 27 132 54 166 212 70 8 129 96 240 192 23 216 0 18 66 136 66 37
2 142 10 158 22 131 146 236 22 5 72 163 96 234 42 64 89 59 131 129 38 170 10 255 104 38 155 11 20 10 60 138
83 2 135 141 12 2 168 8 174 128 210 198 195 226 176 194 104 229 110 141 141 195 199 192 148 50 234 128 12 32 49 20
161 141 69 201 124 143 75 63 87 33 242 86 179 33 180 101 88 170 30 188 187 186 85 159 44 190 128 80 253 136 208 40
73 83 115 229 38 18 125 18 105 140 126 96 61 19 135 246 38 53 156 104 193 144 33 200 102 249 34 128 102 244 105 105
39 134 12 155 157 135 138 200 86 17 208 19 96 200 58 64 217 10 42 165 38 227 91 183 57 6 143 125 25 8 184 132
97 48 121 64 100 93 251 16 121 8 60 8 26 25 148 52 158 196 70 8 129 32 240 194 55 220 0 18 67 138 66 165
3 134 4 155 93 147 138 232 86 17 216 83 96 200 56 196 89 10 10 165 38 162 79 191 44 38 155 109 29 14 184 140
90 56 81 242 35 204 24 16 45 128 52 168 159 31 64 80 166 181 221 128 0 72 144 224 211 241 58 131 38 128 7 27
104 49 120 96 48 77 83 16 105 136 60 40 159 23 0 48 150 21 93 72 8 32 176 0 227 253 32 145 98 130 70 35
104 56 56 112 32 204 81 22 105 136 52 8 159 23 0 48 132 55 221 8 136 104 176 32 195 249 48 16 64 128 66 43
72 48 56 96 32 77 81 16 105 136 52 8 159 23 0 48 132 21 221 8 136 96 176 0 195 249 32 16 64 128 67 35
96 34 80 197 108 9 232 64 105 32 240 75 138 8 20 18 234 197 70 5 4 114 196 192 22 24 130 49 69 136 90 132
96 176 187 120 75 237 49 66 171 17 37 24 28 159 108 27 163 155 243 16 18 75 146 209 95 217 82 111 208 0 167 179
48 34 4 137 76 11 160 72 22 180 240 139 192 192 96 0 121 136 107 149 8 115 79 144 156 0 143 61 21 8 84 130
34 98 18 140 77 65 128 72 136 164 176 11 140 130 33 132 248 177 202 225 64 35 82 216 145 16 139 63 81 40 39 130
25 203 3 174 20 135 106 244 198 0 202 70 115 192 176 228 88 234 10 207 207 185 30 189 160 236 130 0 61 138 120 140
2 143 2 157 21 131 166 103 20 12 90 3 164 170 32 192 216 42 131 1 38 184 64 255 32 54 154 3 16 12 188 142
33 32 82 197 109 13 232 64 105 32 240 74 138 136 20 18 234 197 70 1 132 114 208 192 22 24 130 48 77 8 74 132
153 141 79 254 20 130 79 242 84 0 218 70 115 227 176 97 120 234 14 238 233 185 13 63 224 175 162 0 61 170 112 40
53 131 72 171 156 131 74 216 70 1 216 194 115 193 184 64 88 138 6 204 26 50 79 189 184 140 167 124 61 138 248 128
2 12 30 157 29 199 180 103 156 6 194 3 164 250 32 65 232 55 170 1 100 233 19 253 37 50 218 3 16 104 61 10
48 34 4 137 76 11 160 72 22 180 208 139 193 192 112 0 121 136 106 145 8 114 79 144 156 0 143 52 21 8 80 128
33 34 82 197 109 25 232 64 105 32 240 11 138 136 20 146 234 197 70 1 4 114 196 192 22 24 130 49 77 12 90 132
50 34 4 137 77 11 176 72 22 180 240 139 192 200 98 64 121 136 235 149 12 115 79 144 157 193 143 63 21 12 60 198
97 32 121 64 100 93 121 16 105 8 180 8 26 25 148 54 142 212 70 8 129 96 240 192 87 216 32 18 66 136 66 37
97 32 114 69 109 29 232 64 105 32 240 74 142 8 20 146 234 197 70 1 132 114 212 192 22 24 2 33 77 12 75 132
54 160 4 137 205 11 176 200 22 180 208 139 193 200 98 0 89 136 235 145 14 243 79 145 156 64 143 63 213 12 28 134
97 32 113 64 101 93 248 16 105 8 52 8 138 25 148 182 138 196 70 8 129 96 240 192 23 216 0 18 71 136 66 165
1 134 12 155 28 151 138 232 86 17 208 86 96 200 56 192 89 10 10 173 39 98 79 191 44 6 139 100 28 8 184 132
17 134 12 187 92 131 138 200 86 17 208 210 113 192 56 64 89 10 34 173 38 242 79 191 252 6 143 124 61 10 176 128
33 32 82 197 109 29 232 64 105 32 240 74 138 136 20 146 234 197 78 1 132 114 196 192 22 24 130 49 77 12 74 132
50 32 4 169 77 11 160 72 30 180 208 139 195 136 98 64 89 136 107 145 12 243 79 144 140 208 143 53 85 12 28 134
99 32 113 64 101 93 120 80 105 8 52 40 10 27 132 52 166 148 70 8 128 96 224 192 23 248 0 2 67 128 66 39
145 141 71 222 20 135 206 242 212 0 218 70 113 224 176 224 121 106 26 238 171 185 28 191 160 174 162 0 61 136 112 140
97 32 114 193 109 29 232 64 105 32 240 74 138 136 20 144 234 141 70 1 132 114 212 192 23 56 2 49 77 136 75 132
72 48 250 97 100 126 113 17 105 185 63 8 223 19 200 58 150 20 108 56 144 176 177 0 199 221 48 84 194 138 194 35
50 34 4 129 77 11 160 72 22 180 240 139 193 200 114 0 121 136 235 133 12 115 79 144 156 193 143 63 85 12 88 134
3 143 7 158 22 147 170 96 212 1 75 198 96 226 180 228 88 42 2 205 181 152 28 255 40 38 138 64 156 15 56 140
33 205 42 77 85 159 198 119 84 64 248 76 178 8 54 224 216 170 18 77 205 186 84 63 38 125 128 16 89 154 218 140
80 202 10 184 10 129 28 183 166 5 202 165 167 135 32 80 231 179 109 129 74 137 3 53 241 231 62 193 48 0 165 90
72 48 120 96 32 76 81 16 105 8 52 40 159 23 128 48 134 21 221 8 136 96 176 0 195 249 32 144 98 128 67 35
69 88 123 71 36 6 107 48 104 200 127 96 221 87 153 112 54 85 20 106 193 144 61 104 197 188 35 128 108 179 97 49
129 141 71 222 20 135 174 226 212 0 90 66 112 224 48 101 121 106 18 239 35 184 30 255 33 46 130 0 28 8 112 172
37 45 10 77 84 159 194 80 84 224 234 76 243 24 21 160 216 236 82 126 141 186 85 46 47 157 5 16 73 187 90 140
131 141 7 218 20 135 170 230 212 1 66 82 112 226 49 229 120 42 18 253 51 152 22 255 41 46 138 64 156 8 48 172
181 76 236 94 140 51 79 248 209 194 172 206 115 105 191 39 89 230 92 238 233 231 45 47 50 238 229 24 127 251 114 12
117 111 194 94 204 146 206 244 193 128 248 206 99 232 183 167 72 238 102 238 204 235 142 169 50 168 229 184 111 251 122 140
34 176 48 152 239 229 176 199 139 93 152 47 172 158 102 0 205 27 215 145 22 11 146 209 29 20 158 251 144 14 135 223
66 32 115 64 98 73 121 80 57 128 116 170 13 159 196 20 54 157 87 128 0 242 128 192 22 184 4 130 103 128 103 161
145 12 7 159 20 134 174 104 212 2 194 66 113 226 48 225 120 110 58 239 105 217 31 191 160 42 202 0 25 40 120 132
98 32 115 65 103 217 248 64 233 0 112 10 14 154 20 182 170 253 70 0 0 115 128 192 23 152 2 3 71 136 71 167
98 32 115 64 101 89 248 80 105 0 112 72 14 24 148 182 170 213 70 8 129 115 164 192 22 216 0 18 71 136 66 165
19 134 4 153 29 23 130 232 86 53 192 87 194 200 58 197 217 0 234 165 46 227 79 159 172 86 203 119 17 12 152 134
18 34 12 169 13 11 232 8 31 180 210 131 199 8 114 64 249 140 111 5 12 241 73 152 140 210 143 53 52 8 25 130
33 40 82 145 103 155 248 64 253 32 114 10 140 138 52 144 234 45 194 1 4 241 144 192 20 248 10 3 77 12 75 134
105 48 113 64 101 29 112 16 105 8 52 104 26 25 148 180 142 148 68 8 137 96 240 192 199 217 32 146 74 128 74 37
49 32 82 161 79 25 224 64 127 160 242 11 143 200 118 128 250 205 202 1 4 243 214 192 150 216 3 35 77 12 75 134
97 32 115 65 103 89 248 64 105 0 240 8 138 154 148 182 170 197 70 8 133 114 244 192 23 152 0 18 71 136 67 135
112 32 104 225 77 29 248 64 105 4 176 11 11 8 22 144 232 133 238 1 12 35 208 192 151 249 130 19 65 12 74 134
61 134 65 217 156 151 75 216 86 1 244 82 115 65 184 100 89 138 2 172 187 178 127 159 120 142 165 68 59 136 240 160
104 48 56 96 32 76 81 16 105 136 52 8 159 23 0 50 132 84 93 8 136 96 176 0 195 249 32 16 66 128 66 35
98 32 115 65 103 89 248 64 233 0 112 106 14 155 132 182 174 213 70 8 129 112 160 192 23 56 2 2 71 136 67 167
130 143 2 157 21 147 160 103 28 13 90 83 172 170 34 196 200 43 131 129 118 184 64 255 36 54 154 67 16 12 184 142
120 48 56 96 33 93 81 16 105 172 52 40 159 31 0 48 134 149 221 8 136 96 224 128 195 217 33 179 98 128 71 35
25 12 79 254 20 130 111 112 84 2 218 66 113 227 176 96 120 238 30 238 233 153 13 191 240 239 162 128 61 170 112 32
98 32 123 64 100 72 249 80 105 0 52 40 30 31 148 50 162 213 94 8 128 99 176 192 87 184 34 2 69 128 71 167
50 32 12 169 13 11 128 72 30 164 210 3 195 8 2 64 216 140 111 129 12 241 89 144 157 210 143 51 112 8 20 130
104 56 58 114 33 205 81 22 233 137 52 8 191 159 0 16 132 55 221 0 8 105 178 32 195 249 48 51 66 0 71 27
1 134 12 189 28 7 136 232 214 49 130 71 225 104 56 65 89 0 106 165 46 227 95 157 188 34 203 84 28 8 56 0
56 32 12 169 29 31 176 72 30 164 210 3 195 8 82 192 249 12 239 133 44 241 73 156 140 195 143 23 112 12 25 134
89 2 135 190 12 2 108 56 150 66 210 231 225 226 176 194 124 230 238 167 141 195 207 253 144 99 235 152 60 236 57 16
145 12 15 190 20 135 238 114 84 2 218 70 113 226 176 224 121 234 26 238 105 185 28 191 176 174 171 0 61 170 120 136
88 48 120 96 34 73 81 16 41 140 52 40 159 31 128 48 166 21 221 0 128 96 128 0 195 249 32 131 98 128 7 35
16 2 12 169 12 11 200 8 15 164 146 3 199 10 2 64 232 132 111 5 12 225 69 156 136 210 143 17 52 8 17 2
3 32 82 145 103 153 184 64 237 0 112 10 140 138 52 148 234 45 66 1 4 177 144 192 20 184 10 3 77 8 75 132
32 32 5 161 12 139 224 72 30 164 210 195 199 0 80 64 120 172 111 1 0 241 73 208 156 144 143 48 85 8 21 128
97 32 137 188 44 132 73 72 175 64 210 133 211 194 48 210 200 228 110 141 13 67 211 208 148 176 138 24 28 8 112 0
1 32 90 149 79 155 160 64 253 160 114 10 140 136 116 148 250 109 66 5 4 241 148 192 20 152 11 35 77 8 75 132
52 128 12 185 156 135 75 200 86 53 208 19 209 67 56 64 89 10 42 172 58 114 91 159 253 134 143 116 48 8 176 128
0 142 10 191 22 129 179 236 22 5 72 179 101 195 40 64 89 59 3 129 34 154 74 191 104 166 187 73 52 10 181 138
98 32 115 65 100 73 248 64 233 0 112 10 30 154 148 50 162 221 70 8 129 115 160 192 23 152 2 2 69 136 67 167
3 12 7 223 28 134 175 104 212 2 194 2 112 226 52 101 120 102 58 174 97 201 31 253 37 42 202 0 29 120 112 164
82 56 83 178 34 136 57 64 173 132 178 169 173 222 32 80 166 53 255 132 0 65 146 224 151 240 11 130 4 0 7 115
98 32 115 69 103 73 248 64 233 160 112 10 12 155 196 182 170 213 70 8 129 114 128 192 23 184 3 34 71 136 67 165
53 132 12 169 156 15 130 200 86 48 208 3 194 72 56 64 217 8 106 165 46 227 91 159 188 6 143 116 25 8 24 132
19 132 4 153 29 19 130 200 86 49 208 19 194 72 58 197 217 8 234 165 46 227 79 159 172 86 207 127 25 12 184 132
114 34 90 232 68 0 104 80 61 128 242 207 25 139 36 80 126 141 7 140 8 83 194 194 212 172 171 136 109 128 106 144
2 12 158 191 4 194 164 38 188 6 194 19 228 162 32 65 224 103 42 129 36 217 19 237 197 34 218 1 0 120 189 10
53 164 12 169 157 7 130 200 94 48 128 3 210 72 56 64 217 8 106 165 62 99 91 159 169 6 143 116 24 8 48 130
32 34 4 169 12 11 224 72 30 164 210 227 195 128 96 64 88 140 110 129 8 243 79 208 156 144 175 177 85 8 21 130
2 134 10 187 94 131 146 232 22 21 81 179 100 200 40 64 89 27 131 161 34 34 11 183 120 6 159 111 21 10 181 138
50 34 12 169 13 11 128 72 22 180 210 131 199 8 66 64 249 140 239 149 12 241 73 144 156 210 143 23 116 12 29 130
35 42 82 145 103 153 248 64 237 32 112 75 140 200 54 128 234 45 66 133 4 241 132 192 20 152 10 35 77 12 75 132
24 34 12 169 13 27 176 72 30 180 210 3 199 136 82 192 249 12 235 5 12 241 73 152 156 211 143 55 116 12 93 134
82 34 90 224 98 8 121 80 61 132 114 138 13 159 4 80 54 221 127 128 0 83 129 192 215 248 10 131 37 128 39 33
89 20 135 191 13 82 36 104 150 74 210 103 228 226 32 195 248 100 234 167 109 195 75 253 144 99 235 152 24 108 56 22
32 34 64 161 108 9 232 64 77 36 240 235 131 8 20 2 234 205 78 5 4 114 197 192 148 152 162 49 69 8 91 130
33 32 82 161 108 9 232 64 236 32 242 11 140 136 20 18 234 205 74 1 4 243 192 192 148 24 2 32 77 8 99 130
48 34 5 169 12 11 232 72 14 164 210 66 215 9 80 64 106 132 111 141 8 241 73 208 156 146 139 16 116 8 81 128
145 140 15 159 28 135 170 236 214 16 194 66 241 98 56 97 121 106 42 237 39 169 95 189 180 42 219 16 29 8 112 136
99 32 115 64 102 89 248 64 105 0 116 10 26 154 148 178 170 213 86 8 133 114 244 192 23 152 0 2 79 136 67 135
18 34 12 169 12 11 224 72 30 180 210 3 199 8 82 64 249 140 111 5 12 241 73 152 140 210 143 53 52 8 81 130
25 203 2 170 29 149 206 228 198 0 200 70 35 192 48 196 88 170 2 207 78 171 30 189 176 228 138 88 58 30 184 140
52 167 1 138 220 129 194 232 86 37 248 139 97 192 121 0 89 138 2 253 58 51 78 191 56 132 143 124 181 10 112 128
104 48 113 64 99 29 121 80 105 136 52 104 30 31 132 180 166 148 223 8 129 96 176 192 215 217 0 18 106 128 66 51
99 32 115 65 103 89 248 64 105 0 116 42 14 25 148 182 174 213 86 8 129 112 160 192 23 24 2 2 71 136 67 167
48 34 4 161 12 15 160 72 30 160 210 74 199 1 80 64 120 140 110 1 8 241 89 208 156 146 143 48 84 8 81 128
120 53 120 96 50 79 83 48 105 140 124 40 31 23 128 48 182 156 213 106 200 176 160 14 243 221 32 128 98 130 70 35
33 36 123 64 116 91 250 64 121 96 120 74 27 153 180 48 250 141 22 40 165 178 180 206 55 28 0 32 79 138 66 165
17 134 12 185 28 131 130 232 86 49 208 83 194 104 58 65 217 200 106 165 46 227 79 159 172 6 207 116 25 40 184 128
21 132 5 185 156 135 75 232 86 49 192 82 211 97 56 65 89 200 106 172 42 227 79 31 252 135 231 116 49 8 240 128
21 132 4 155 157 151 130 232 214 49 128 87 194 192 56 193 217 130 106 181 62 97 95 189 172 2 207 117 24 12 216 132
51 32 122 225 111 29 248 64 109 32 240 11 143 136 22 128 234 141 79 1 4 113 212 192 150 217 130 35 77 12 75 134
99 32 115 64 101 89 248 64 105 0 112 10 10 26 148 182 170 213 86 8 133 114 180 192 23 216 2 2 79 136 67 133
33 32 82 161 76 13 232 64 236 32 242 10 140 136 20 18 234 205 74 1 4 243 208 192 149 152 2 48 77 8 99 130
49 32 90 161 78 13 232 64 109 32 242 74 12 136 20 2 234 205 78 1 4 241 209 192 148 184 130 32 77 8 67 130
105 48 113 64 101 29 81 16 105 72 52 72 26 25 148 180 140 148 212 8 137 96 240 192 199 217 32 18 74 128 74 39
34 148 14 187 29 135 146 236 22 89 216 87 224 232 58 193 217 107 139 165 38 227 91 191 105 39 159 77 24 12 184 154
104 48 113 64 99 93 121 80 105 136 52 40 30 23 132 52 166 148 223 8 128 96 160 192 215 249 32 146 102 128 70 35
135 201 7 154 29 135 170 224 212 0 194 66 96 194 52 229 120 40 10 255 99 173 30 253 40 42 139 64 29 11 112 164
92 49 250 97 98 74 113 25 41 141 63 40 223 27 200 58 182 21 205 48 16 176 161 64 215 253 32 197 226 162 71 35
131 76 7 221 20 135 169 102 212 16 194 82 112 194 48 237 120 36 58 172 33 221 23 253 13 42 218 64 61 8 113 172
104 184 187 120 105 237 241 82 235 25 125 24 28 159 100 58 173 27 103 24 18 58 178 81 95 221 18 110 208 1 103 163
105 128 140 188 44 29 72 184 135 112 150 143 243 235 26 194 73 198 126 141 15 99 223 145 212 179 203 60 28 172 24 80
16 34 15 129 12 75 225 72 142 160 210 70 214 193 32 64 104 132 110 12 1 241 73 208 156 2 143 16 112 8 21 160
83 48 115 65 99 89 120 80 41 160 112 40 14 159 132 180 166 157 223 0 1 115 176 192 23 248 2 162 71 128 99 167
36 174 3 154 221 195 130 234 22 136 120 107 96 224 33 132 89 170 130 178 106 186 72 191 60 6 143 109 181 10 116 132
37 128 5 169 156 15 97 200 86 176 210 2 210 65 48 64 121 140 106 172 42 240 91 157 221 130 135 116 49 8 80 160
64 140 142 191 5 194 37 160 180 7 66 19 245 226 32 75 224 102 42 129 32 217 11 237 197 227 222 1 128 120 181 10
17 32 94 177 38 139 184 64 252 0 114 3 157 202 52 0 250 45 110 5 4 241 133 192 148 152 10 1 77 8 43 132
24 32 82 161 15 27 240 64 125 32 242 3 143 138 22 128 250 141 206 129 4 243 135 192 148 209 10 3 109 12 107 134
99 32 113 65 101 25 248 64 105 0 240 74 139 26 148 182 170 213 198 1 133 114 196 192 22 217 2 3 79 140 107 133
48 134 12 187 30 131 170 232 22 17 208 243 241 203 40 64 89 11 11 161 34 242 75 191 236 134 171 116 53 8 180 128
16 0 30 161 31 11 112 64 47 164 210 7 207 10 50 64 234 5 110 5 44 241 69 156 140 243 11 19 52 8 25 6
32 34 64 165 108 9 224 64 109 36 242 239 143 8 148 2 106 205 78 13 0 242 197 192 148 144 170 48 77 136 83 128
107 32 113 64 103 89 121 80 105 12 180 40 11 27 148 52 174 149 70 8 128 99 228 192 23 248 0 3 103 128 71 165
83 132 4 173 29 27 64 168 95 52 130 71 195 106 22 197 217 132 238 165 46 225 95 157 140 243 203 23 28 12 57 6
153 148 12 191 29 23 150 232 150 90 210 7 228 123 58 193 217 67 255 165 47 193 91 189 254 243 235 149 24 44 56 82
16 2 14 161 60 11 105 0 174 164 146 195 215 2 48 64 226 5 111 37 40 241 65 220 132 178 11 16 20 8 17 2
105 50 112 64 101 29 120 16 105 8 180 104 138 25 148 182 142 196 214 8 141 96 228 192 6 217 0 146 75 140 74 165
50 34 115 64 67 203 249 64 57 172 114 202 12 139 36 20 126 253 38 128 0 242 128 192 23 56 7 171 99 128 103 165
88 50 88 224 34 13 88 16 41 140 182 105 159 31 64 144 166 149 253 0 8 97 129 192 210 249 34 131 98 128 15 3
98 32 115 193 103 89 248 64 105 0 240 74 139 154 20 182 170 221 70 1 5 114 196 192 22 248 2 19 77 136 107 134
121 18 135 188 109 82 38 120 182 202 210 103 228 246 162 194 240 228 238 167 45 195 235 223 148 103 235 154 62 108 60 87
18 32 94 153 6 139 184 64 252 0 242 66 141 202 36 64 254 45 110 129 5 177 135 192 148 168 10 11 45 0 43 133
17 132 13 191 28 7 192 232 214 16 194 2 241 98 56 67 89 194 106 173 42 3 91 189 149 162 219 28 56 40 112 8
35 32 74 152 76 133 233 72 55 192 240 143 16 203 102 20 120 168 71 140 9 227 210 208 21 56 130 40 93 136 106 144
36 160 13 153 221 207 97 200 86 180 210 10 210 193 104 64 217 12 106 60 42 115 91 157 221 2 143 117 144 8 20 226
2 32 83 65 102 201 184 64 253 0 112 98 12 154 164 180 190 189 70 0 1 241 132 192 20 24 2 2 69 128 99 165
96 32 123 69 79 73 248 64 105 128 240 10 154 154 84 50 234 221 70 1 0 115 198 192 23 184 3 59 69 8 103 134
17 132 12 169 28 15 224 168 78 176 130 71 198 8 48 65 201 132 110 37 44 241 95 157 140 2 203 116 24 8 24 2
2 32 83 69 102 73 224 64 249 160 112 106 12 154 68 180 58 221 66 0 1 241 132 192 20 152 7 34 69 0 99 165
19 132 4 173 29 27 192 232 79 176 146 67 195 40 22 196 217 4 238 165 46 225 77 157 156 210 203 87 24 14 25 6
90 56 58 250 43 205 48 64 173 140 180 41 46 223 32 16 162 51 205 0 2 107 154 225 211 241 2 139 2 0 39 83
104 48 56 96 33 76 81 16 105 136 52 8 159 23 0 48 132 20 93 8 137 96 176 0 195 249 32 16 66 128 70 51
56 39 122 96 114 91 127 112 113 164 124 42 27 1 128 20 62 220 4 106 72 178 160 206 242 253 37 33 103 130 102 161
80 0 4 165 29 11 96 72 15 164 146 11 207 0 18 192 233 132 110 37 44 241 75 220 156 178 207 17 52 12 25 2
17 140 10 190 20 135 110 242 86 2 218 70 113 226 48 224 121 234 10 138 105 187 30 191 176 175 163 0 56 170 120 136
66 48 27 144 98 136 57 72 173 0 82 161 156 215 32 80 166 53 127 132 0 65 146 192 213 176 11 138 0 0 39 49
130 143 6 159 181 179 176 103 28 9 90 119 172 170 34 197 200 42 130 5 118 152 65 223 36 54 154 67 16 12 185 142
18 40 87 147 19 155 184 64 252 0 114 2 205 218 36 228 226 109 106 1 4 241 7 238 148 246 10 3 13 4 43 133
25 142 75 238 20 131 79 248 84 2 218 66 115 227 176 96 121 234 62 174 201 187 13 191 240 239 163 128 63 170 112 32
16 2 14 177 60 139 96 0 238 164 210 199 207 194 50 64 226 37 110 37 44 241 69 220 140 178 11 17 4 8 25 2
96 32 123 65 102 73 233 64 105 0 240 10 153 153 20 50 42 221 70 9 129 114 212 192 87 152 2 0 101 136 99 160
49 36 122 209 86 143 226 96 121 32 112 74 27 216 52 48 122 169 22 41 160 178 20 206 54 14 2 32 109 136 114 128
37 160 1 201 220 151 99 216 86 176 84 66 83 193 240 228 89 136 2 156 43 242 127 151 31 142 133 100 59 136 112 164
56 32 24 161 45 77 240 64 109 36 240 11 143 8 22 0 234 141 78 1 12 114 209 128 213 209 138 51 65 8 79 130
25 0 22 181 53 155 96 32 239 160 210 3 207 42 32 194 226 101 238 37 44 241 81 220 172 243 75 17 40 12 9 2
18 32 4 161 13 15 64 8 47 164 146 11 199 0 0 64 200 132 111 1 8 225 89 144 157 210 139 51 112 8 20 2
21 132 4 169 157 15 64 232 198 176 130 11 194 64 50 193 201 132 106 53 46 97 75 157 156 2 207 117 24 12 24 6
112 32 115 65 103 89 248 64 105 0 240 10 10 154 20 182 234 221 70 1 1 243 212 192 23 216 2 27 69 8 107 134
18 32 115 81 102 201 248 64 249 0 240 2 12 202 52 176 186 253 66 128 0 243 134 192 21 184 10 3 101 8 103 134
16 132 13 169 29 207 65 200 142 176 130 3 214 16 32 65 201 132 106 33 40 225 91 157 253 130 207 116 16 10 16 2
17 132 13 169 28 15 224 168 70 176 130 67 214 32 48 67 201 196 110 53 44 241 75 29 188 2 207 116 16 40 24 2
18 32 115 65 102 73 184 64 249 32 112 98 13 152 148 176 190 157 70 0 0 241 132 192 20 216 3 34 69 128 99 165
17 32 86 161 7 11 160 64 124 160 242 3 207 200 86 128 250 205 110 129 4 243 135 192 148 208 11 35 101 8 75 134
104 50 120 96 97 29 121 16 105 172 180 40 159 27 128 20 134 149 207 8 136 96 224 192 215 249 33 179 98 128 70 35
40 235 8 170 221 149 198 237 6 5 217 3 230 192 42 192 216 42 130 87 94 42 74 189 232 213 142 121 80 14 184 138
0 2 69 129 78 11 32 72 46 164 210 239 194 128 192 70 106 204 110 0 8 241 207 220 156 18 175 176 53 136 20 1
17 32 87 161 14 11 161 64 124 160 242 66 158 202 80 64 122 77 110 141 0 241 147 192 148 128 11 0 109 8 99 128
17 32 86 161 15 11 224 64 124 32 242 2 158 138 16 0 122 141 110 137 0 241 211 192 148 128 10 0 109 8 99 128
64 34 7 137 13 139 97 72 142 176 210 78 198 129 96 68 105 164 106 12 41 241 73 220 156 2 135 20 24 8 17 160
80 2 6 165 60 139 97 32 175 164 146 71 222 35 32 83 226 229 110 45 40 241 65 220 156 178 75 16 16 8 17 0
80 0 6 137 13 15 224 72 143 160 210 74 198 129 32 68 104 132 110 140 8 241 89 220 156 18 143 16 80 8 17 0
135 72 7 157 13 135 170 104 212 0 194 66 96 194 53 237 120 32 58 239 101 133 31 253 17 42 203 0 28 41 120 132
169 128 68 249 124 139 224 39 86 49 114 80 243 16 180 225 200 162 42 24 99 188 71 29 4 251 242 80 88 8 88 168
31 251 102 0 139 155 158 232 135 244 148 239 105 204 215 132 63 225 213 247 205 99 44 188 58 70 77 191 47 191 31 93
20 132 76 189 158 3 66 248 22 49 130 215 211 99 40 65 89 192 106 188 42 225 79 31 236 135 239 84 60 168 152 0
75 144 140 173 45 90 252 232 142 122 214 39 252 251 50 195 201 196 255 167 45 145 75 221 214 243 235 151 30 44 56 83
56 32 112 225 45 25 232 64 109 0 240 74 139 10 20 178 234 205 206 129 140 242 197 192 150 217 2 19 77 8 107 132
64 2 7 133 14 139 97 32 172 160 82 199 214 163 32 70 98 228 106 44 32 241 3 92 156 34 67 0 36 8 49 32
114 32 115 69 109 73 232 72 105 160 240 8 139 9 84 50 170 221 70 128 8 114 196 192 23 216 3 59 101 136 71 166
34 50 82 89 95 150 235 72 125 140 244 102 8 206 166 148 254 253 226 128 128 243 178 194 23 60 143 138 73 0 103 245
49 32 94 161 12 11 224 64 108 160 242 74 143 26 84 2 106 205 78 1 13 243 199 192 148 144 11 16 77 8 107 132
121 16 139 172 111 83 122 88 63 232 214 231 124 246 162 240 124 236 190 132 141 83 239 211 214 103 171 139 62 174 56 83
81 2 5 173 12 11 96 40 142 176 194 79 214 0 48 64 105 132 110 13 8 112 91 220 156 34 235 20 60 8 16 0
91 128 4 173 13 27 68 168 239 114 130 79 207 40 18 195 195 196 238 37 44 193 207 157 148 243 203 23 60 44 24 6
90 34 82 224 33 12 88 16 41 172 178 13 143 11 64 146 166 213 253 0 12 67 193 192 210 249 35 177 34 128 11 1
97 128 13 173 76 15 64 168 86 48 208 10 214 242 56 64 89 204 106 141 11 50 219 213 221 162 203 60 56 8 112 2
18 34 87 193 66 139 168 64 61 128 114 194 12 202 52 132 126 189 78 137 1 243 133 194 20 188 10 2 101 128 99 165
64 2 87 148 76 139 97 32 175 164 82 79 206 227 32 214 98 229 110 44 1 241 211 212 156 50 67 0 12 8 97 32
16 34 87 69 7 11 160 64 252 128 242 194 141 202 68 132 122 221 106 129 0 243 135 192 148 144 15 3 69 0 107 164
83 133 140 173 12 11 102 168 238 32 138 67 199 32 16 194 243 196 110 97 12 129 79 223 180 182 139 23 28 42 25 4
17 32 31 173 26 67 168 72 236 64 242 2 221 74 32 66 106 197 110 129 1 243 87 204 144 162 138 0 45 8 33 128
82 50 26 184 42 192 48 74 174 28 178 167 108 222 102 82 166 243 239 129 2 67 154 225 217 225 43 139 0 0 39 83
105 48 57 96 97 93 81 16 105 168 164 8 158 31 64 54 132 212 93 8 137 96 240 192 199 217 5 50 66 128 66 35
49 140 138 190 20 134 103 242 86 8 202 70 113 227 176 96 89 234 38 142 43 154 14 191 224 175 162 8 56 170 120 8
160 175 24 171 213 193 151 239 22 5 124 51 164 213 40 0 217 26 130 80 114 58 72 183 109 149 142 111 209 10 148 234
131 143 6 159 181 150 164 39 252 11 74 87 228 98 38 197 193 43 34 5 117 156 19 255 37 54 218 66 24 76 185 142
32 160 15 153 77 207 225 200 30 180 210 10 198 209 96 68 249 172 106 25 2 115 123 221 157 2 143 55 16 8 116 226
57 143 75 254 20 131 79 248 87 2 206 194 115 225 176 96 120 234 10 174 169 187 13 191 240 239 131 8 63 170 112 40
64 128 6 157 77 155 32 232 158 176 194 11 198 128 98 192 249 196 234 53 36 115 203 149 156 34 207 87 16 44 24 6
17 46 87 209 18 146 170 96 252 128 82 198 221 194 176 225 118 109 106 172 165 209 37 204 180 170 234 0 45 128 41 132
64 2 14 165 108 139 104 32 172 36 82 207 207 163 32 82 98 229 110 37 0 209 129 212 212 179 107 1 4 8 65 0
53 160 7 217 220 151 226 200 86 184 80 66 82 192 244 100 89 40 34 60 171 242 127 159 31 142 135 100 217 136 112 164
24 32 16 161 45 73 240 64 109 36 242 11 143 26 2 0 234 141 206 1 12 240 209 192 149 240 10 19 96 12 71 130
114 0 68 160 13 15 64 8 47 160 178 11 198 3 0 212 200 132 239 0 8 227 217 208 149 210 129 51 48 12 84 6
48 32 88 225 14 11 224 64 109 160 242 10 143 154 84 50 234 205 78 129 12 242 197 192 149 216 3 19 101 8 107 134
81 0 151 165 46 26 120 32 237 160 130 67 207 34 32 211 162 229 108 37 36 241 133 204 148 242 75 18 44 36 9 5
16 32 94 177 14 75 184 64 252 4 242 130 143 202 52 0 122 157 78 129 0 225 135 192 149 128 10 1 101 8 39 130
64 0 12 169 12 11 96 8 207 176 146 75 214 16 64 64 105 132 110 5 40 225 75 220 156 130 207 52 48 8 16 2
85 8 7 156 13 231 160 104 196 2 194 2 80 242 53 109 104 36 42 170 9 161 23 220 17 42 195 0 24 41 120 4
32 32 218 225 79 73 225 64 109 160 240 10 14 154 84 18 106 205 78 129 8 227 199 192 21 152 3 59 69 8 103 130
41 137 22 251 108 137 224 3 204 17 115 24 147 152 48 233 200 42 106 24 19 56 66 181 4 216 146 104 88 8 216 128
194 178 19 184 122 137 56 67 175 25 176 237 188 150 228 208 166 49 223 16 3 15 130 209 156 144 26 250 24 0 35 25
80 0 11 173 77 203 99 104 158 160 202 10 214 145 32 64 121 164 106 1 8 177 91 222 253 166 139 17 48 10 21 34
97 34 64 165 44 13 232 64 109 44 242 205 143 2 146 2 10 205 78 13 140 240 197 192 148 176 42 16 73 136 67 132
0 104 147 90 124 237 224 198 235 25 176 88 190 153 101 170 169 59 78 24 2 47 130 113 157 152 18 122 208 17 67 169
49 36 82 120 86 143 226 104 121 128 112 78 121 216 52 0 120 233 2 169 35 178 20 207 52 142 3 8 109 8 106 128
82 32 31 188 74 192 57 72 172 128 194 130 221 199 96 82 38 125 123 136 2 209 131 193 213 160 139 136 32 0 35 161
96 34 69 137 78 11 32 72 46 160 242 238 194 130 192 192 106 132 110 128 9 82 207 208 156 34 171 184 61 136 20 48
82 32 6 165 15 11 96 72 175 164 210 11 206 192 2 208 96 132 238 1 12 243 67 220 156 34 199 51 48 12 57 2
64 8 135 221 12 226 224 3 230 19 194 18 240 178 176 238 72 52 42 136 16 217 67 209 5 50 218 65 148 8 113 40
16 32 22 161 15 11 224 72 109 32 242 3 207 10 18 194 106 205 110 129 12 225 199 192 144 208 139 17 101 12 107 134
99 183 226 7 211 82 174 63 115 197 76 229 104 108 158 182 22 78 208 157 215 216 228 79 46 60 158 194 239 230 250 220
16 32 22 141 15 11 160 72 108 32 242 98 206 146 0 2 106 205 110 129 13 227 195 192 148 162 138 16 105 8 35 130
32 142 6 155 212 147 166 224 22 170 80 98 96 232 160 132 89 42 130 131 44 186 72 191 44 6 175 99 149 40 124 140
88 136 158 190 13 198 45 234 182 150 66 3 109 227 40 66 241 111 42 129 32 209 154 237 217 227 206 9 32 96 37 2
18 34 6 173 13 27 232 72 239 32 242 67 206 138 0 208 232 141 238 129 12 227 197 192 148 176 138 17 97 12 107 134
50 2 66 129 79 25 224 64 47 32 242 78 206 130 100 212 234 140 238 0 4 243 195 208 148 242 139 59 77 12 121 132
96 128 21 140 76 9 96 200 95 48 210 74 214 241 96 68 121 140 106 9 10 115 203 145 28 2 203 126 24 8 80 130
19 34 83 201 26 2 170 64 61 128 242 194 205 202 20 132 126 133 110 137 1 163 23 202 148 246 138 0 77 2 35 132
24 140 158 191 29 194 103 234 182 134 194 3 109 243 34 65 113 239 170 128 40 219 155 239 249 231 207 1 48 96 37 2
97 2 7 133 78 11 96 72 63 160 210 206 198 193 64 212 121 204 106 12 1 115 223 208 156 2 71 56 56 8 82 128
81 7 74 172 22 11 66 104 111 32 202 75 199 160 0 80 242 237 110 97 12 19 205 222 180 164 3 20 60 42 24 0
48 142 6 159 20 147 166 224 150 134 82 231 225 232 162 197 89 106 130 34 44 249 12 191 168 134 223 1 21 44 120 140
32 164 126 93 87 211 242 248 85 0 116 2 104 248 188 36 120 250 130 168 166 178 45 223 55 14 129 3 119 136 126 164
82 58 30 173 10 194 56 72 174 196 194 167 221 223 34 66 230 117 255 129 0 193 147 64 209 227 43 131 44 0 45 211
105 32 121 64 77 93 81 16 105 160 164 8 27 25 84 54 136 212 92 8 9 98 240 128 199 217 1 48 98 136 66 38
16 34 84 141 13 27 168 72 238 0 242 194 138 138 68 148 106 133 206 129 12 227 199 192 148 176 139 17 73 8 43 132
160 143 17 155 213 235 183 239 30 55 120 51 164 53 32 1 217 26 131 16 114 188 104 191 109 22 30 103 208 88 149 234
129 220 22 191 149 164 166 167 252 91 74 86 228 242 44 229 193 99 42 1 117 220 19 255 161 242 222 66 24 88 185 14
114 0 78 132 79 9 96 72 175 164 246 11 74 130 70 208 104 133 238 128 12 35 195 208 148 35 131 59 49 8 124 2
57 142 74 223 93 135 79 248 86 3 204 66 113 225 56 96 89 234 34 172 170 186 95 191 255 175 131 8 51 138 112 168
112 32 30 172 79 75 241 72 111 164 246 10 138 152 70 18 104 221 206 129 8 115 195 192 213 16 131 59 65 8 102 162
17 14 71 159 18 146 235 96 116 192 214 194 121 226 176 229 122 237 46 172 165 209 39 111 180 174 234 128 45 160 33 164
88 2 90 181 102 138 104 112 60 36 66 199 205 227 34 80 114 237 42 140 0 209 133 192 212 227 107 0 44 160 41 1
32 32 83 201 78 75 225 72 118 160 240 106 146 153 212 36 120 220 66 137 1 243 199 192 21 136 3 40 101 8 115 160
112 32 15 129 77 73 161 72 30 164 242 10 198 208 100 80 249 140 106 1 0 243 251 208 157 128 139 59 21 8 117 226
49 160 15 217 92 159 225 200 86 248 208 66 114 208 228 96 249 44 106 24 175 243 63 157 29 10 167 36 121 8 112 164
18 34 22 161 47 75 240 64 173 32 178 131 142 138 0 64 234 133 110 1 4 225 193 192 148 240 10 19 100 8 13 135
114 0 84 160 77 13 96 8 47 160 178 11 198 18 68 84 200 132 110 0 12 83 201 208 149 178 131 51 0 8 80 6
81 32 31 141 13 71 105 72 239 64 210 2 220 194 16 102 104 197 110 137 9 243 123 204 213 178 138 16 57 8 33 50
114 2 70 157 79 139 96 72 191 164 242 11 78 192 102 208 249 172 234 5 4 243 203 208 148 34 203 59 17 12 90 134
115 16 87 132 79 13 97 64 191 224 226 206 76 226 36 214 114 205 106 12 1 211 247 208 149 34 67 10 10 12 99 180
48 32 90 169 77 67 233 72 126 4 242 3 206 202 0 0 248 213 238 129 10 227 195 209 213 160 138 25 97 8 111 130
24 34 84 161 44 27 232 0 109 32 178 68 143 10 16 130 234 197 206 129 141 224 193 192 132 209 42 17 108 136 11 4
88 2 20 165 45 91 64 32 111 96 146 77 207 42 18 210 227 197 236 1 12 33 205 144 144 243 99 17 60 44 25 6
72 34 88 96 96 12 88 16 41 12 180 9 143 11 210 16 142 149 95 140 12 98 192 192 215 249 32 129 98 128 106 3
33 50 85 141 78 11 224 72 111 32 242 230 206 2 128 214 106 204 110 128 9 243 207 208 148 48 139 50 109 8 35 132
112 4 27 132 95 201 51 72 62 164 218 10 70 209 96 64 121 252 42 0 40 179 41 222 253 134 7 59 49 10 53 162
32 34 86 217 85 135 226 72 86 0 112 70 104 200 60 132 120 232 2 173 163 242 26 223 53 14 131 8 93 8 123 128
97 34 69 129 108 9 104 72 14 224 242 207 211 134 192 192 110 140 110 140 9 211 207 208 148 178 171 56 28 136 81 176
99 34 3 160 44 13 72 72 175 232 178 205 134 136 208 144 232 132 110 141 9 99 211 208 148 176 131 56 72 136 82 116
41 140 15 190 84 135 99 248 86 8 94 70 113 227 176 96 89 106 34 172 43 187 26 191 96 175 163 0 24 138 112 168
82 32 31 205 10 194 57 72 172 4 198 130 220 199 32 70 102 253 123 136 0 209 147 192 213 162 139 128 33 128 37 161
97 136 18 136 109 169 224 198 205 17 184 24 130 137 48 140 200 162 74 8 22 43 66 181 132 208 16 123 82 9 88 134
67 160 82 184 122 137 56 67 175 17 96 136 189 130 96 208 166 185 87 156 7 26 150 213 148 144 26 232 24 0 43 8
83 64 2 140 13 65 128 64 196 128 195 2 130 146 37 108 200 160 110 193 13 35 83 200 145 48 138 26 28 43 49 14
179 123 103 4 7 27 142 96 37 228 150 239 107 12 215 164 60 229 247 231 205 215 37 140 50 74 205 176 111 190 94 92
72 10 151 217 45 172 160 3 238 25 194 80 164 131 32 206 192 38 42 24 18 201 67 209 13 178 218 64 146 8 113 168
24 32 88 225 82 46 120 80 41 32 115 199 15 11 64 16 62 153 71 180 14 176 17 196 214 201 2 228 109 130 35 129
112 4 66 174 86 139 66 104 55 160 234 11 98 193 32 80 121 236 6 160 40 178 136 254 184 164 5 40 33 42 112 2
112 32 26 168 77 195 209 72 54 12 240 11 70 203 34 0 248 253 238 129 10 243 203 211 213 165 139 11 81 8 46 130
32 140 126 95 85 211 178 232 86 8 116 34 96 248 180 32 89 248 130 160 166 250 108 255 103 15 131 7 87 136 126 134
90 18 7 181 26 198 56 72 188 228 194 167 205 111 2 64 246 253 253 165 45 209 17 204 145 227 235 129 36 36 37 80
121 48 113 64 45 93 64 16 97 168 180 8 27 25 84 54 200 196 76 8 137 98 240 128 211 217 1 51 67 136 82 38
128 143 20 155 213 203 183 231 30 55 92 51 228 109 32 1 217 122 131 18 114 248 74 191 109 22 31 99 208 88 149 234
212 141 23 159 157 226 6 174 212 18 202 18 244 114 33 227 209 119 168 226 105 201 107 255 161 182 207 19 16 112 181 42
32 136 18 152 109 137 224 70 205 17 176 8 174 136 52 68 200 32 78 0 6 47 66 145 133 208 18 123 82 12 89 142
49 134 4 219 93 151 195 216 86 57 212 70 242 225 56 100 217 138 42 140 170 99 123 181 109 170 183 124 27 8 112 168
7 158 135 151 187 147 174 168 158 250 66 245 236 236 236 199 151 127 249 23 245 201 143 255 168 118 95 235 156 118 153 221
25 2 103 190 6 146 107 120 118 128 210 194 113 226 176 228 122 238 46 140 168 145 47 255 208 239 170 128 55 160 113 36
24 34 82 181 70 138 106 80 60 0 114 199 93 227 160 80 122 237 38 140 1 208 132 202 212 229 43 0 45 160 35 128
0 58 95 209 70 139 161 80 126 160 118 98 217 195 224 32 120 124 106 136 1 240 69 216 68 130 35 32 101 136 103 160
96 32 19 218 93 205 243 72 23 140 240 10 102 209 96 84 248 186 162 0 10 243 138 255 25 134 5 43 81 8 102 162
33 50 55 201 78 155 161 72 86 248 210 102 82 208 224 96 121 44 106 8 131 243 111 157 28 2 39 36 121 8 112 161
82 34 86 129 14 11 120 64 173 0 242 203 206 194 32 80 106 133 238 129 4 241 135 192 148 178 10 3 108 8 41 4
32 169 146 88 237 141 208 67 235 21 176 8 174 130 100 148 168 163 198 16 86 43 18 209 149 208 18 59 83 8 203 142
33 172 2 159 93 135 162 200 86 64 240 6 96 216 52 132 217 106 2 141 39 242 90 255 37 30 131 10 89 8 120 134
18 32 94 221 10 194 57 64 190 36 214 2 221 195 32 64 114 229 123 136 0 209 3 204 214 163 171 129 33 128 37 162
99 32 5 161 44 9 64 72 47 224 178 204 151 128 84 20 200 132 110 13 9 99 217 144 148 176 131 56 92 8 82 228
99 34 5 133 108 11 104 72 47 224 242 206 194 130 192 246 108 204 110 140 137 67 207 208 148 48 139 56 88 140 115 148
99 50 85 137 108 11 232 64 111 32 242 238 206 2 132 212 106 141 238 129 5 242 197 208 148 48 138 50 77 12 97 148
33 140 6 191 29 151 162 234 150 5 210 71 226 232 42 192 217 106 34 5 46 250 90 191 169 214 207 0 24 44 56 148
24 14 142 191 28 194 104 96 183 132 194 163 97 227 34 65 121 239 174 128 40 209 11 236 252 227 239 1 52 168 36 2
45 46 242 69 118 63 234 82 121 234 123 104 27 40 151 184 190 45 86 15 149 176 36 74 6 93 32 128 207 231 67 165
123 50 7 137 15 27 160 72 111 160 242 239 206 130 196 214 234 204 238 129 13 227 207 192 148 240 139 50 91 12 91 133
122 34 78 141 77 25 176 72 175 172 246 43 202 194 102 208 232 141 239 128 12 99 195 208 214 51 139 59 1 12 127 130
112 34 62 141 79 75 177 72 30 164 246 11 206 156 66 16 248 221 234 129 8 99 235 208 213 1 131 59 65 8 38 226
24 32 63 221 79 75 177 72 30 164 246 10 198 212 96 112 249 156 234 0 8 227 235 209 221 163 71 51 17 8 53 226
120 0 7 157 77 79 97 72 239 112 214 2 218 214 32 118 233 212 254 128 9 115 251 220 149 50 139 23 18 12 36 102
115 16 87 141 13 95 168 72 109 64 242 6 205 246 68 246 104 205 234 140 9 243 243 192 149 248 203 26 11 4 99 244
25 50 21 161 45 27 104 0 109 0 178 68 207 10 16 192 170 133 238 1 141 225 209 192 132 241 42 19 108 132 9 21
81 18 220 165 44 9 88 16 47 108 178 77 207 42 66 82 195 197 108 5 13 65 217 144 150 243 67 49 8 168 25 83
113 80 19 141 15 65 128 0 68 64 194 6 146 146 33 228 104 164 106 81 13 163 213 192 149 160 130 26 24 10 56 4
25 33 82 161 83 46 104 64 33 32 250 71 29 11 1 144 106 137 7 188 12 178 16 192 149 201 130 68 41 130 34 128
78 33 227 34 195 192 59 69 43 77 105 169 12 223 72 16 182 159 209 211 18 18 130 64 87 112 138 235 129 7 167 251
132 143 22 223 157 203 183 238 158 22 222 19 228 109 32 65 217 114 139 98 96 169 75 191 105 150 223 83 144 120 149 234
198 143 183 222 141 66 47 168 212 150 194 2 228 247 33 99 193 118 234 226 104 197 235 236 185 179 207 19 0 112 52 42
59 50 69 137 15 27 224 72 111 96 242 239 206 138 196 212 106 133 238 133 141 243 197 208 148 112 139 19 110 12 43 148
109 162 4 154 236 149 193 216 198 61 240 92 210 192 248 224 201 10 110 8 138 99 107 181 221 211 167 124 24 136 208 164
17 2 11 190 76 132 104 88 118 8 208 66 241 226 58 96 120 174 46 140 142 211 207 243 212 231 171 136 49 136 56 160
17 34 74 190 86 130 107 88 54 64 118 130 121 227 178 64 122 237 38 140 9 211 134 234 212 229 170 128 47 128 33 192
106 50 78 137 77 25 112 72 47 32 242 239 206 138 2 208 234 141 238 133 12 115 203 192 150 243 139 51 13 12 11 134
8 42 87 209 86 155 225 80 126 132 118 134 217 195 160 224 122 124 162 8 1 240 55 206 84 135 35 0 99 136 101 160
1 50 31 145 78 219 161 80 94 224 214 102 208 208 160 224 120 172 106 137 129 241 39 220 84 3 163 0 125 8 117 164
98 34 74 137 77 27 240 72 175 172 244 47 78 138 70 80 232 141 239 128 12 243 203 208 212 177 139 59 73 12 79 131
112 34 60 169 77 9 177 72 47 44 246 43 206 138 6 80 232 157 239 129 8 99 195 192 213 145 139 59 81 8 103 226
80 32 55 204 13 75 177 72 143 172 246 10 206 149 96 84 232 148 238 128 10 227 227 209 221 48 11 59 83 8 53 230
114 0 7 137 13 91 121 72 111 96 246 10 207 150 36 246 232 221 238 128 9 115 235 208 149 242 139 19 18 12 103 230
81 0 23 173 13 94 104 72 109 64 242 2 207 22 2 246 234 197 126 128 13 193 243 192 149 243 75 19 32 36 99 230
107 34 67 137 109 25 232 64 111 96 242 238 203 2 132 244 78 141 238 132 141 227 197 208 148 240 139 58 79 12 64 20
151 72 74 184 14 134 202 216 151 250 144 130 81 206 115 105 127 233 31 243 172 7 30 218 216 162 175 236 61 57 56 0
102 88 35 172 109 224 27 136 137 68 138 139 44 207 113 80 210 241 191 227 11 3 242 210 209 116 138 155 148 123 53 114
64 42 26 168 93 217 48 71 238 21 196 11 166 130 98 80 192 168 202 17 6 11 194 145 213 49 18 123 16 8 13 142
160 72 10 137 105 193 233 66 172 20 160 2 172 130 98 16 232 161 66 208 2 47 2 213 68 16 154 105 16 0 103 138
143 175 0 51 145 249 182 231 62 97 72 17 172 234 82 128 177 75 129 213 118 152 140 119 172 85 31 107 128 86 139 142
113 16 27 137 30 217 32 0 108 64 206 2 179 148 32 96 104 172 78 17 13 177 245 128 149 161 130 27 56 10 56 28
176 21 74 161 84 38 104 83 33 4 251 71 3 3 3 16 120 137 6 172 9 178 80 202 151 204 130 1 41 130 106 130
10 176 151 187 1 213 56 71 190 25 67 80 172 210 104 204 225 59 162 144 19 220 19 241 141 146 90 66 154 4 169 143
69 32 167 85 204 79 101 56 126 242 130 8 210 241 208 102 49 108 106 56 1 241 251 28 29 42 197 116 32 168 83 32
130 167 24 177 209 163 63 167 62 165 78 145 140 39 74 81 149 27 131 176 50 216 1 126 111 150 159 71 128 64 133 234
62 174 199 118 211 131 78 242 55 170 234 72 107 225 177 181 57 254 102 184 40 251 8 62 56 206 37 210 227 244 98 4
168 151 1 154 253 221 148 253 158 125 209 127 174 232 42 197 217 2 142 0 247 43 122 149 119 81 116 255 26 12 157 223
44 18 96 99 33 59 82 152 33 101 181 237 75 77 139 152 158 148 197 118 140 176 73 148 6 223 1 87 255 175 78 215
70 72 41 184 45 225 159 136 143 94 158 11 238 205 51 74 201 177 255 83 10 37 107 209 209 20 138 27 20 95 21 114
148 90 142 177 36 210 188 242 148 210 198 247 149 142 227 73 223 125 59 99 236 221 6 138 202 195 223 5 28 184 57 146
28 214 187 161 16 102 107 218 38 15 222 36 93 231 105 84 115 220 45 152 10 145 41 115 217 231 167 132 162 243 37 115
