2 6 6 157 12 131 172 104 148 6 210 198 104 234 176 71 120 100 59 167 96 177 15 221 20 34 203 128 20 40 56 4
104 48 56 96 33 77 81 16 105 136 52 8 159 23 0 48 132 20 93 8 136 96 176 0 195 217 32 16 66 128 66 35
60 95 122 110 100 142 83 80 100 140 255 0 115 209 163 80 124 248 6 106 200 179 32 14 115 237 32 8 113 187 102 163
9 180 27 121 49 173 49 82 127 9 104 20 158 147 96 120 181 59 2 16 19 156 48 87 207 221 18 66 216 1 35 163
1 0 199 197 4 34 232 18 110 17 82 82 145 2 144 106 96 4 58 152 147 216 135 192 12 42 250 64 173 136 113 0
150 160 8 153 14 227 17 200 22 117 65 147 64 198 106 72 121 136 34 148 30 86 111 147 216 6 155 109 176 9 52 214
2 143 2 158 23 147 170 230 22 5 88 163 96 232 50 192 89 107 131 133 38 184 12 255 32 38 138 11 28 14 56 156
3 160 80 129 170 168 168 19 174 81 16 212 156 130 208 122 167 3 127 156 147 8 134 208 140 24 186 232 140 128 131 1
104 48 56 96 32 77 81 16 105 136 52 8 159 23 0 48 132 20 93 8 136 96 176 0 195 249 32 16 66 128 66 35
97 34 119 70 108 56 232 0 233 136 51 72 170 8 213 187 138 164 70 78 133 102 196 224 22 184 96 16 73 171 74 5
182 97 20 142 73 67 146 200 142 164 185 11 68 194 97 8 216 221 234 226 72 35 74 248 17 0 139 63 81 59 39 130
54 76 96 77 79 11 214 232 65 166 250 11 66 105 29 16 248 196 207 99 104 179 65 238 51 172 129 19 101 123 126 130
49 207 67 173 30 131 78 127 86 0 216 230 115 96 177 96 123 170 14 172 203 170 69 191 176 166 167 128 61 138 240 40
1 184 23 219 160 140 41 151 126 89 82 116 189 147 224 104 167 59 54 28 147 220 99 117 140 186 58 192 152 128 129 169
2 203 4 155 29 217 182 238 142 29 72 35 172 200 38 196 201 43 139 65 70 41 66 253 37 18 154 59 18 28 29 143
2 156 2 158 21 135 154 230 22 13 72 7 40 234 34 192 217 123 131 129 38 136 18 255 41 54 154 11 24 12 56 158
104 32 56 96 37 77 81 16 96 0 36 8 23 19 0 48 128 148 64 8 8 96 240 0 195 233 0 16 96 128 70 34
237 112 209 97 109 63 65 88 105 186 181 72 222 81 205 191 156 140 100 122 137 246 233 192 199 216 97 118 234 179 66 161
7 162 128 147 236 57 168 11 30 115 17 213 140 42 218 138 151 15 243 21 183 92 207 210 12 22 223 228 156 68 155 149
92 48 144 240 43 104 16 16 171 191 177 57 142 159 73 154 135 145 253 16 14 71 194 192 211 209 56 191 130 69 15 19
247 74 230 132 12 18 78 192 161 246 146 223 67 8 215 91 108 229 253 231 236 103 207 136 144 98 205 157 45 61 122 68
252 0 194 174 12 66 72 64 133 130 195 2 83 203 49 74 120 160 63 226 8 135 2 136 210 233 194 25 55 171 112 2
80 48 27 184 2 192 49 64 172 4 160 41 182 215 96 80 162 177 105 0 0 67 146 64 209 193 43 11 0 0 39 98
25 205 66 237 20 146 236 119 228 64 254 70 59 34 180 228 104 34 30 204 221 185 36 173 162 237 162 128 63 140 248 12
104 48 56 96 32 77 81 16 105 136 52 8 159 23 0 48 132 20 93 8 136 96 176 0 195 217 32 16 66 128 66 35
2 141 10 158 20 131 170 226 22 1 88 2 96 232 48 64 89 106 2 195 34 184 8 255 32 38 138 128 20 10 48 136
2 201 2 138 20 129 138 228 6 0 88 2 32 200 48 64 88 42 19 193 66 170 10 189 40 36 138 136 20 10 176 136
3 13 3 204 20 130 175 119 20 0 90 66 48 163 176 100 120 42 18 137 65 152 0 255 32 38 170 128 28 136 176 168
97 32 113 225 108 9 233 80 109 96 240 74 155 9 148 34 106 204 86 9 129 114 229 192 20 24 162 48 77 136 83 160
41 32 69 193 76 11 233 88 86 224 240 78 209 129 208 164 120 140 118 140 129 114 111 144 28 137 167 184 125 136 113 160
2 140 18 155 31 193 178 230 30 5 72 51 172 218 34 64 201 59 131 1 34 152 66 255 45 54 26 107 16 12 189 138
198 16 148 149 11 76 176 8 190 187 131 17 204 158 73 75 165 21 249 17 32 69 147 192 133 50 90 23 128 36 5 19
220 56 184 114 169 237 80 91 171 59 165 24 191 159 65 26 135 179 253 16 26 71 210 16 219 217 81 59 194 65 7 19
117 141 105 94 220 3 207 252 83 226 249 90 115 105 188 48 89 198 84 110 251 107 173 63 120 174 165 252 125 250 242 40
124 253 58 126 121 204 87 246 171 136 236 8 62 255 33 81 164 243 245 66 66 11 186 61 243 249 68 59 82 49 103 187
61 67 105 101 52 10 111 56 116 224 255 198 211 1 145 112 62 204 92 238 201 176 109 14 228 237 161 132 109 187 80 48
218 52 148 250 169 237 16 79 187 27 160 57 174 255 64 27 131 179 237 16 58 111 218 211 219 211 87 123 210 64 135 19
32 218 127 221 102 173 253 254 94 31 124 34 48 161 161 116 126 122 34 72 130 188 50 249 71 46 112 0 119 216 100 169
33 131 72 205 196 22 206 185 85 104 119 70 83 8 188 240 92 140 54 238 221 186 93 159 54 127 162 68 29 170 248 132
189 153 85 193 215 207 99 121 69 224 115 2 90 17 164 229 122 130 22 120 113 184 121 158 61 152 1 68 123 139 208 32
184 112 184 122 105 205 84 93 187 187 165 24 191 223 72 24 133 187 221 16 74 103 218 51 211 221 21 59 194 16 134 27
104 48 56 96 32 77 81 16 105 136 52 8 159 23 0 48 132 20 93 8 136 96 176 0 195 249 32 16 66 128 70 51
9 149 63 233 149 173 113 51 237 9 107 68 190 51 40 112 224 2 10 8 83 184 49 93 237 253 2 66 90 8 225 43
172 31 122 110 112 142 115 80 116 140 127 4 115 209 163 112 124 248 6 106 168 178 56 46 115 173 32 0 113 187 102 163
8 156 27 249 147 237 49 82 191 1 104 20 158 147 32 112 163 59 26 16 19 185 16 87 201 213 18 66 216 64 33 179
65 0 215 209 134 160 232 23 102 81 82 86 153 2 208 106 98 134 42 152 147 216 135 192 12 168 178 64 173 129 225 0
2 143 2 158 23 131 170 230 22 1 88 163 96 232 50 192 89 107 130 133 38 186 12 255 32 38 138 11 21 14 56 140
67 160 80 147 234 169 40 151 174 17 18 212 157 130 208 120 39 3 127 157 147 8 135 241 140 24 58 232 156 128 161 0
104 48 120 96 32 77 81 16 105 136 52 40 159 23 0 48 134 21 93 8 136 96 176 0 195 249 32 145 98 128 70 35
71 65 7 140 13 130 162 96 140 64 203 71 228 226 33 196 208 36 106 103 5 131 23 220 144 50 202 26 24 47 57 20
101 98 96 68 108 25 226 64 233 32 179 137 99 8 31 146 74 228 70 102 140 39 196 232 20 56 64 49 77 187 90 132
220 39 82 225 19 10 122 72 33 164 251 3 15 11 8 208 178 157 205 242 108 147 129 202 242 229 2 5 99 167 47 2
54 64 66 172 77 75 214 104 1 166 240 11 66 104 45 17 248 213 207 99 104 163 65 140 177 164 1 59 113 58 118 130
49 135 64 173 30 131 74 127 22 1 216 246 115 64 184 192 89 138 14 172 123 138 77 159 176 166 178 148 61 138 176 136
130 219 6 159 29 151 176 224 142 24 194 71 172 216 37 199 200 35 170 67 70 201 90 253 33 50 74 27 16 29 61 142
2 158 6 158 29 133 146 230 150 29 216 87 172 218 34 192 205 43 139 133 38 139 82 255 41 54 154 75 24 12 185 158
104 32 57 96 36 77 81 16 96 12 180 8 19 19 0 50 0 212 68 8 8 96 240 0 195 137 32 16 96 136 70 34
165 99 241 71 108 31 78 88 105 168 181 72 75 73 221 191 154 140 70 126 141 246 233 200 22 216 97 52 203 187 74 133
2 143 8 191 222 129 182 239 22 37 72 147 164 162 34 64 217 107 131 133 118 26 67 191 172 6 158 107 20 88 185 138
62 217 112 98 133 85 86 244 65 12 180 43 75 29 55 0 200 210 149 66 220 42 40 160 99 217 132 155 119 159 212 91
130 72 6 159 13 134 160 96 156 20 195 3 228 234 33 203 232 101 235 227 100 197 27 253 1 50 202 11 16 47 56 134
80 34 94 168 42 66 57 72 164 4 214 163 87 135 34 80 38 149 237 128 8 193 131 64 208 225 43 129 36 128 37 99
33 253 17 91 87 141 167 254 94 9 120 68 188 248 36 36 189 43 2 12 131 58 26 127 45 30 22 106 89 26 99 173
209 72 103 220 12 146 237 244 253 66 242 66 56 2 181 239 98 224 62 202 225 205 38 237 48 42 210 128 55 176 97 44
184 201 10 184 29 133 78 228 150 8 208 2 51 138 48 65 72 170 31 193 106 47 2 191 177 193 174 216 17 24 176 136
33 32 113 69 85 15 233 80 117 96 118 66 81 1 148 52 120 204 18 8 161 240 117 206 5 30 192 0 75 136 82 164
6 13 2 158 149 227 174 99 22 1 91 2 96 250 49 64 89 106 19 145 50 136 10 255 41 38 158 75 148 74 180 138
58 184 180 242 185 229 16 199 155 29 176 57 14 191 110 26 141 179 229 16 26 75 154 241 155 211 90 251 210 76 135 83
64 48 57 96 32 77 81 16 41 136 36 72 151 23 0 48 132 21 93 8 8 96 176 0 195 249 32 16 64 128 66 35
0 141 10 158 20 131 171 230 22 1 88 2 113 232 48 64 89 106 2 193 34 184 8 63 96 39 170 136 20 10 48 136
34 201 2 136 92 129 142 228 134 0 88 2 32 202 48 64 72 42 19 193 66 170 18 253 56 4 142 232 21 26 176 136
1 141 67 205 20 130 239 119 68 0 90 66 49 35 176 100 104 42 18 136 209 152 5 255 32 44 162 128 60 136 240 40
33 32 97 197 108 9 233 88 110 96 240 74 159 137 208 32 106 140 86 13 129 114 229 208 84 152 163 32 109 136 83 160
2 140 18 155 95 193 178 230 30 5 72 51 172 202 34 64 201 59 131 1 38 152 66 255 45 54 26 107 16 12 173 138
41 32 69 201 76 27 233 88 86 240 244 198 209 193 240 100 89 140 118 140 139 242 111 145 220 203 167 164 63 136 112 240
130 132 180 145 161 224 176 3 190 23 74 145 140 62 66 75 135 19 163 17 54 220 3 215 13 22 94 67 128 68 141 70
92 48 184 112 169 237 80 83 171 27 165 24 159 159 65 26 165 153 253 16 26 71 210 16 219 217 16 123 194 16 135 19
3 135 3 129 147 178 174 167 30 97 74 247 192 36 190 196 83 79 147 181 247 152 5 255 44 54 159 198 141 70 185 220
28 125 58 126 11 205 86 240 187 136 237 8 126 255 33 16 160 251 221 66 104 107 154 255 243 253 5 59 114 51 39 155
117 97 105 103 84 11 111 120 117 224 127 206 83 1 153 112 120 204 118 238 201 178 109 14 116 173 161 132 109 187 82 176
90 188 148 250 171 237 84 199 187 23 160 25 142 255 64 27 163 179 253 16 58 79 154 241 155 211 95 123 146 80 135 19
0 24 243 221 100 173 171 214 94 14 124 34 56 167 165 100 110 122 34 72 130 184 50 249 69 62 82 0 87 217 101 185
8 149 27 248 215 236 113 55 237 65 106 4 190 51 32 113 226 50 26 8 19 169 50 213 239 249 2 66 90 10 225 42
44 94 122 110 112 143 91 112 116 8 117 68 123 81 163 113 94 248 6 110 232 178 120 44 103 169 32 0 123 187 106 179
8 157 31 250 147 237 49 243 239 1 106 0 190 183 32 112 163 51 26 16 19 185 50 117 249 213 18 66 216 64 165 51
1 26 197 211 196 232 104 22 110 89 115 86 145 2 208 106 99 14 46 156 147 248 247 224 12 168 178 64 173 129 225 176
20 48 9 169 10 71 33 88 22 248 209 230 145 151 97 73 92 152 51 144 11 210 123 16 205 128 251 164 184 9 4 241
130 143 2 158 21 147 174 226 148 4 90 131 96 232 48 196 89 106 130 199 38 186 30 255 32 38 138 9 21 14 56 140
88 48 120 96 34 72 80 16 41 136 52 40 159 31 0 16 166 149 221 0 0 64 128 0 211 249 36 131 98 128 7 19
83 1 7 140 29 2 162 72 204 64 203 71 196 194 39 198 240 228 106 101 13 131 6 200 144 48 138 30 24 46 49 68
116 96 97 4 76 73 231 64 233 100 178 143 2 8 31 19 104 228 70 99 12 163 212 200 20 40 128 49 101 59 86 194
36 112 26 140 73 67 135 104 142 172 176 10 68 210 33 128 216 245 202 98 65 3 90 24 177 4 11 63 16 59 47 131
210 102 82 161 19 10 110 96 49 164 243 131 15 11 9 209 186 141 205 226 108 151 1 206 178 241 138 7 33 2 43 2
114 64 66 172 93 75 198 104 1 164 242 11 66 8 37 16 248 197 79 99 72 179 65 204 177 32 65 19 65 42 118 130
57 134 64 171 30 51 66 105 22 33 201 214 67 98 168 196 89 136 14 172 62 146 77 159 152 198 177 84 183 142 248 0
9 136 23 91 32 156 105 23 126 89 118 112 189 210 176 236 215 43 54 28 147 156 35 117 132 187 50 192 26 128 161 169
134 88 6 156 13 199 160 40 206 88 194 7 228 208 37 207 200 33 234 67 69 229 82 221 5 50 75 27 24 45 49 150
3 156 6 158 29 197 146 230 158 89 192 85 172 250 34 193 201 43 171 5 38 203 90 253 169 50 218 27 24 12 185 159
120 32 121 96 36 73 81 16 96 12 180 40 19 17 128 50 8 212 68 8 8 96 224 0 195 137 32 17 98 136 70 35
101 34 124 69 108 27 226 24 105 160 187 200 75 72 221 59 218 196 70 110 204 242 237 200 22 152 65 52 109 251 90 132
7 160 135 145 228 59 168 11 126 243 83 212 204 168 222 174 179 15 122 29 183 244 141 194 12 30 95 228 140 69 139 149
66 178 16 176 187 169 56 7 171 49 160 249 140 150 64 222 167 19 239 16 22 9 194 209 156 144 26 250 128 0 139 23
2 207 8 191 86 129 38 231 22 5 88 131 165 227 32 64 89 107 3 133 34 152 67 191 172 6 158 65 20 8 185 138
214 64 134 156 13 199 160 96 158 2 195 19 196 194 33 207 232 37 234 227 36 133 19 222 145 50 203 27 24 45 57 6
90 2 76 165 58 2 120 16 36 36 150 229 205 7 2 66 102 197 237 133 172 193 197 76 208 227 170 145 44 128 41 81
1 175 17 91 208 141 162 254 94 9 120 68 180 242 100 36 221 107 2 78 195 58 90 127 45 30 23 106 89 9 227 173
214 12 238 222 78 38 107 82 181 138 214 146 121 231 177 107 111 245 55 138 160 215 34 234 83 170 250 128 167 241 33 160
160 201 12 250 60 129 205 253 150 25 244 18 179 9 48 65 200 162 23 201 122 47 66 189 234 217 246 216 21 136 240 168
35 32 71 73 77 31 224 88 79 96 240 78 200 152 148 164 200 140 114 13 133 242 247 208 7 88 131 58 91 140 122 132
2 143 2 158 149 227 150 231 22 5 88 2 32 250 32 64 217 122 131 145 50 172 2 255 41 54 158 75 144 74 180 138
162 186 180 250 233 229 16 199 155 29 184 57 46 255 108 26 141 187 239 16 18 79 154 241 155 210 90 251 146 12 135 91
72 48 49 96 33 76 81 16 40 136 32 8 159 23 0 48 132 21 93 8 1 64 176 0 193 249 32 0 64 0 7 51
24 141 10 190 20 131 175 242 20 0 94 2 113 235 48 64 88 106 19 203 34 186 8 63 224 167 170 128 53 10 48 168
50 201 2 138 93 133 142 229 134 0 208 2 32 200 48 64 72 170 19 193 66 171 18 253 49 4 142 200 21 26 240 136
129 141 67 205 148 130 111 119 116 0 90 66 49 35 176 96 106 34 18 200 241 152 36 239 36 172 162 128 61 128 240 40
41 32 113 197 108 13 233 80 108 96 244 66 155 11 144 52 106 140 110 8 137 242 245 192 212 185 35 32 109 136 67 160
236 48 188 96 100 46 81 24 105 186 183 24 31 19 72 59 148 148 108 56 152 101 241 0 215 217 113 116 194 169 66 35
2 142 26 159 23 193 178 230 30 5 72 179 172 202 34 192 201 59 131 1 38 152 66 255 44 54 154 75 16 12 173 138
49 32 71 201 76 11 232 88 86 224 240 198 209 130 240 96 120 140 62 140 137 240 111 144 28 232 167 160 61 138 112 180
130 133 148 153 147 160 180 167 30 23 74 17 172 174 98 64 129 19 163 17 54 88 2 215 45 22 94 67 144 68 141 78
112 48 152 240 169 237 80 86 171 25 172 24 31 159 64 26 133 155 93 16 26 107 210 144 219 221 16 123 210 64 199 19
3 143 3 129 150 179 174 167 30 97 74 231 224 36 188 196 83 74 18 149 247 152 77 255 44 22 159 198 140 70 177 92
94 93 18 254 27 197 22 224 189 132 237 9 110 255 33 80 178 251 221 66 72 3 26 255 243 245 7 27 18 55 39 19
82 184 158 250 170 237 16 207 187 31 160 25 182 255 64 27 167 243 237 16 58 75 154 113 155 211 95 123 144 80 135 27
37 65 97 79 84 11 111 120 117 224 127 206 83 1 157 244 120 204 22 110 201 178 109 12 52 44 161 132 111 187 82 180
49 29 74 169 212 143 227 244 84 96 122 70 83 56 55 96 120 46 18 109 213 186 21 190 124 45 35 64 125 11 120 136
37 48 5 169 6 199 33 88 6 240 81 230 145 151 225 104 76 152 50 218 9 150 117 16 197 128 235 36 185 9 20 241
130 141 6 158 29 135 174 234 150 2 218 7 96 232 56 65 249 106 10 231 102 169 30 255 33 38 203 2 29 40 56 142
1 178 65 153 104 137 232 147 238 89 82 212 189 194 216 104 99 11 94 156 147 24 214 209 140 24 58 232 28 128 129 145
90 50 88 224 34 72 88 16 41 132 164 169 159 31 64 80 166 149 221 0 8 64 144 192 215 249 2 3 34 128 7 19
195 0 11 140 28 66 131 64 236 64 194 2 196 146 35 100 248 36 42 225 9 135 145 202 177 48 138 26 24 40 49 100
96 85 105 4 68 72 231 65 233 68 184 207 146 12 21 18 104 132 70 103 73 35 244 72 53 32 130 16 69 122 86 218
210 100 11 160 0 2 106 98 57 34 226 215 15 2 0 17 248 141 78 166 108 151 1 78 176 192 138 6 41 33 34 2
60 160 68 171 31 51 66 200 22 33 205 131 67 192 106 204 89 136 162 246 30 18 77 149 154 199 129 117 183 175 56 132
2 156 22 190 61 213 144 174 142 89 144 101 238 254 34 195 201 115 255 1 47 41 90 253 137 242 218 155 24 12 61 95
66 0 151 157 13 102 161 2 238 95 195 2 196 178 33 238 224 36 106 1 1 197 131 192 1 50 218 7 128 45 53 86
104 50 120 96 33 29 81 16 97 44 180 40 31 17 192 20 134 148 196 0 8 98 224 0 195 209 33 179 98 128 70 35
117 98 96 71 68 10 194 104 105 160 243 202 67 9 149 50 122 196 68 106 204 183 205 136 54 252 129 20 109 187 82 4
7 164 247 147 182 59 168 143 126 243 27 214 220 42 220 233 183 15 122 61 183 248 45 214 12 30 127 228 140 64 137 229
66 160 16 128 171 169 56 7 171 49 160 153 140 134 64 220 167 19 223 20 18 9 146 209 156 144 26 250 136 0 139 5
0 143 2 191 20 137 38 230 22 1 72 195 165 227 32 192 73 106 2 192 66 152 71 63 172 38 190 0 60 24 185 136
91 18 140 165 40 30 92 48 37 226 130 197 223 42 18 210 198 197 253 173 141 192 213 132 194 243 235 144 44 164 9 80
210 0 135 157 13 98 160 66 252 23 194 19 196 130 33 203 233 164 106 129 44 197 211 194 149 34 218 7 128 104 53 6
1 237 17 27 240 141 162 238 94 9 120 68 180 240 224 32 153 107 2 93 147 184 90 119 44 30 30 104 88 25 163 141
30 4 170 246 197 102 107 83 180 139 79 18 88 255 49 74 125 255 51 158 56 214 184 194 91 175 219 128 131 99 176 178
178 182 48 248 237 229 80 75 139 29 184 59 46 223 100 24 205 179 199 17 26 47 2 209 147 208 152 251 211 12 134 83
160 196 13 223 108 133 205 189 149 26 149 18 240 65 184 71 201 2 127 74 107 108 107 181 100 186 246 152 22 152 208 41
194 176 152 146 234 169 56 135 191 19 48 185 140 190 64 24 167 27 255 144 18 76 130 243 140 150 90 234 144 64 131 145
33 48 12 45 12 29 192 88 206 248 176 77 211 216 86 162 201 68 122 13 143 99 223 17 135 89 163 60 88 8 90 132
2 142 10 158 149 167 178 231 30 15 88 7 228 232 50 64 217 59 3 145 50 190 82 255 41 54 158 75 144 74 188 138
34 190 184 250 233 229 24 215 155 31 56 125 172 223 108 24 135 59 183 16 18 79 138 243 155 212 26 251 144 76 135 155
72 48 17 224 33 76 81 16 41 8 50 104 158 23 64 246 132 85 253 8 1 64 176 64 193 241 32 130 74 0 7 51
152 13 10 239 20 131 79 112 20 0 206 2 115 99 48 65 120 234 31 234 104 153 25 63 241 231 163 0 55 170 48 160
50 201 14 170 28 133 206 228 132 0 208 2 99 200 56 65 72 170 23 227 74 171 26 189 177 192 138 152 53 26 240 136
145 205 75 238 20 130 111 119 20 0 94 66 49 3 176 96 110 162 22 200 233 157 36 239 240 169 162 128 53 144 240 40
236 32 252 102 96 78 113 24 105 186 55 56 95 23 201 59 148 148 124 58 40 228 233 0 215 217 97 20 194 163 66 34
49 34 75 201 92 11 234 88 86 224 250 206 211 136 240 96 122 140 62 140 137 178 69 208 180 205 163 168 125 138 112 144
2 142 10 153 215 129 178 231 30 5 72 179 164 234 34 64 201 59 131 1 38 152 66 255 44 54 158 75 16 12 189 142
130 143 6 188 146 128 180 167 158 27 72 243 164 34 34 65 129 99 131 129 118 72 0 127 44 38 254 195 144 84 169 11
48 177 25 224 248 237 81 215 171 57 168 8 22 159 64 24 165 155 93 16 26 43 146 80 217 156 20 122 208 64 199 51
3 143 1 137 150 147 174 167 94 97 74 230 224 36 182 228 81 74 18 221 215 152 101 255 44 6 158 198 157 76 185 124
54 89 58 254 122 197 118 224 173 136 253 43 118 255 37 80 166 251 87 66 66 3 58 125 115 181 39 171 49 51 39 19
80 184 158 186 170 237 17 206 186 31 160 57 183 254 72 91 167 115 125 144 50 79 154 113 217 131 127 121 144 64 167 91
33 11 107 128 84 135 227 117 76 204 122 70 50 233 53 64 120 170 22 125 128 186 21 220 124 12 166 192 221 138 112 201
81 4 13 161 66 42 41 99 168 82 162 149 157 34 2 91 35 131 78 172 49 133 5 78 212 131 250 20 168 96 35 64
56 81 2 142 69 223 183 96 172 68 255 15 74 212 43 208 248 164 202 99 73 179 48 204 245 49 2 19 75 63 126 210
60 35 0 139 95 19 147 200 6 164 205 138 64 192 107 196 88 200 202 242 12 3 75 152 147 197 139 63 51 47 60 198
66 152 21 190 41 201 16 172 143 89 144 117 254 254 170 227 199 115 255 1 39 73 75 181 136 242 127 219 24 12 133 95
8 18 182 145 15 242 177 3 238 93 71 50 204 150 99 206 224 36 170 145 18 208 227 192 29 32 218 67 130 13 53 118
116 73 98 70 69 14 230 232 97 160 251 11 67 72 21 144 56 228 70 110 72 179 220 104 53 44 129 16 97 59 122 130
137 149 124 211 146 63 189 191 126 123 23 82 253 58 28 99 39 87 122 61 243 248 61 247 109 43 127 68 44 192 137 41
210 32 16 160 211 237 120 70 43 49 161 31 12 2 78 152 171 137 198 144 22 31 16 214 157 148 26 111 232 0 171 22
0 203 6 191 20 139 110 230 150 0 74 195 167 227 33 192 72 106 42 76 106 152 79 61 164 166 170 0 56 153 25 8
200 8 135 157 77 242 161 66 254 95 194 18 140 182 35 207 225 36 234 145 32 223 227 194 21 115 218 11 146 108 53 110
46 22 112 242 239 185 88 91 155 31 53 184 46 221 108 29 143 155 151 16 178 39 74 243 91 216 17 251 215 200 204 147
231 92 165 222 108 36 237 158 159 27 213 112 240 243 189 111 205 98 59 138 163 70 234 225 5 58 250 138 154 249 112 173
74 172 208 177 227 168 184 199 62 19 74 144 156 166 64 216 167 11 59 148 18 92 146 243 140 22 154 233 128 64 131 136
2 150 3 185 213 167 162 111 30 15 88 119 228 234 40 64 217 59 3 145 50 188 67 223 45 182 154 74 144 72 181 138
34 188 248 218 242 169 56 195 27 19 120 185 172 191 100 24 135 27 183 16 18 126 138 243 15 158 26 234 212 192 135 155
152 69 110 236 21 70 79 112 21 2 206 2 83 99 48 65 120 228 29 234 104 133 17 142 243 235 195 17 55 250 112 34
252 100 253 103 100 106 97 8 113 178 167 24 83 81 89 59 58 212 104 42 40 244 233 2 215 235 65 21 103 243 70 34
2 142 10 187 84 131 178 231 30 5 74 167 164 170 34 64 217 43 131 133 38 152 66 255 44 38 158 67 24 8 185 138
64 185 153 226 248 205 17 199 170 61 168 9 150 151 64 26 166 155 91 80 18 11 146 112 221 128 46 120 128 2 135 123
3 143 97 141 148 147 174 167 86 97 90 230 161 32 182 228 81 106 18 237 215 184 101 191 44 4 174 192 29 94 217 252
124 105 66 164 69 143 198 224 225 172 250 11 66 200 55 144 248 236 198 99 72 179 136 174 49 180 131 17 65 63 122 130
198 52 26 144 209 245 120 66 171 53 161 31 12 146 110 153 233 137 194 145 54 23 16 212 29 16 154 111 136 69 171 150
9 203 6 191 60 139 102 180 134 0 66 198 231 195 35 193 64 106 42 78 66 152 75 189 164 163 174 0 56 155 57 8
25 237 20 27 150 155 38 254 94 65 78 68 255 224 176 228 50 106 2 76 227 184 29 61 172 143 54 64 122 153 137 44
200 12 147 184 237 248 177 7 254 31 198 16 140 182 98 206 193 47 170 145 54 92 226 226 149 119 218 75 130 76 181 234
166 144 244 218 235 161 184 207 139 19 177 59 12 253 108 139 143 19 215 17 50 111 10 241 31 26 92 251 215 77 207 155
231 196 253 223 236 57 204 172 206 51 145 26 199 104 220 235 195 194 126 75 122 102 239 177 134 251 255 60 20 249 209 36
10 172 138 145 209 240 104 70 58 55 108 25 156 178 66 216 243 139 179 144 22 30 146 242 93 23 154 105 129 64 175 138
18 151 19 173 180 167 131 111 20 1 90 103 245 35 32 68 217 10 3 173 27 152 81 159 168 182 154 66 152 74 177 186
2 172 216 217 242 233 185 195 27 35 120 154 172 191 100 8 191 59 147 17 18 58 18 243 15 30 26 234 213 192 131 139
248 68 110 252 29 70 79 104 181 134 230 2 91 115 48 83 120 228 59 234 104 199 17 206 243 235 199 1 55 248 116 34
56 72 106 232 93 211 194 98 197 4 228 2 43 153 48 64 104 168 19 232 74 175 16 157 243 205 130 89 115 8 124 170
2 143 10 191 20 131 170 230 30 5 74 199 165 226 34 64 217 107 3 133 6 152 2 191 164 38 186 65 24 10 185 138
252 84 255 102 15 106 71 72 225 182 167 26 83 213 41 59 57 212 104 106 105 231 184 40 211 235 65 21 99 123 102 34
25 207 103 15 148 147 142 183 68 64 94 198 241 40 182 228 72 98 24 239 207 169 45 189 168 108 172 192 127 158 208 76
174 144 148 218 235 181 184 202 155 31 49 187 140 254 108 143 175 19 243 17 54 79 138 243 30 19 95 255 150 76 141 151
2 188 154 145 212 229 161 71 62 75 124 22 16 190 102 8 249 187 2 144 19 158 18 242 77 23 186 99 201 64 239 186
193 219 47 189 44 14 101 181 228 20 130 84 247 51 0 99 66 100 108 106 104 201 115 45 229 226 230 0 32 176 180 104
255 221 232 86 253 84 223 188 209 204 157 143 83 124 255 167 29 226 149 239 253 99 60 174 122 79 229 189 255 255 254 87
199 18 109 131 34 2 187 16 40 243 87 247 221 14 154 107 54 21 61 191 129 212 61 192 68 40 234 132 44 135 33 113
137 20 190 21 161 126 177 35 120 223 79 21 220 54 2 235 177 103 160 17 180 220 177 70 77 39 122 67 128 96 173 87
