117 44 175 117 148 14 71 179 112 226 174 76 115 97 17 51 25 230 104 46 249 248 253 46 233 175 197 16 233 248 82 32
86 177 24 178 153 237 16 138 175 61 137 25 142 214 74 26 129 147 237 17 30 75 218 113 153 208 27 127 128 1 143 87
212 192 132 177 12 9 128 136 134 16 130 18 134 2 105 79 200 128 40 81 106 69 75 129 153 128 202 20 48 8 49 0
65 189 159 75 147 174 55 151 110 1 106 100 254 115 0 112 183 55 72 16 147 152 57 125 237 182 4 66 200 82 131 59
32 172 193 136 221 161 130 79 2 1 120 74 32 160 96 148 89 170 2 17 27 58 192 147 28 4 148 106 209 74 242 136
54 144 16 250 13 237 208 74 139 61 177 27 14 155 108 156 201 145 199 17 30 47 90 213 155 208 25 127 211 13 79 134
126 112 144 178 41 93 80 200 171 191 161 9 143 222 75 154 129 221 205 83 78 71 218 128 147 213 29 63 130 117 14 19
241 75 77 101 4 15 79 53 113 234 246 76 243 33 144 51 24 228 108 110 233 252 245 12 228 251 96 16 105 168 82 40
56 137 120 94 8 221 82 250 166 52 164 9 51 219 7 16 136 178 225 66 78 43 90 61 83 205 49 57 115 128 78 10
225 110 143 101 36 46 111 48 121 226 102 76 211 33 17 51 16 100 104 110 169 244 245 10 196 251 64 16 72 249 82 40
129 66 125 225 52 134 235 16 124 8 83 240 221 19 184 97 54 25 23 108 163 180 5 205 196 249 170 192 28 128 1 161
197 46 205 101 36 46 107 18 121 234 118 76 215 33 145 59 20 100 108 110 169 244 225 10 198 251 96 16 200 249 82 33
56 40 16 186 73 253 80 71 167 21 128 9 175 218 2 152 128 187 200 1 14 11 82 177 145 209 24 59 50 6 143 138
32 0 2 129 78 11 160 64 100 32 226 2 131 128 32 64 104 140 106 136 0 147 197 0 148 160 130 0 33 8 1 128
0 0 6 137 72 9 32 72 230 32 226 10 130 128 32 64 104 140 106 128 8 179 197 16 20 32 2 16 1 8 35 128
0 32 6 137 74 11 32 72 230 32 194 2 128 128 0 80 104 140 106 0 0 243 197 16 20 32 3 32 81 8 32 128
0 32 6 9 72 9 32 72 100 32 194 10 192 130 32 64 104 12 106 0 0 211 199 0 20 32 131 8 0 8 34 128
64 34 0 129 72 9 96 64 100 32 226 8 151 2 0 80 104 136 74 136 0 18 197 64 148 0 130 40 32 0 3 128
96 32 0 137 72 9 128 72 70 32 224 10 130 128 0 64 72 140 106 0 8 83 65 16 148 0 139 58 80 8 2 132
16 0 6 137 74 3 32 72 180 32 194 2 192 128 32 64 120 12 106 128 8 211 199 0 20 34 138 8 48 8 48 128
112 32 2 1 10 9 32 64 172 32 226 9 134 128 0 80 104 132 106 0 0 211 193 64 148 32 11 48 64 8 35 134
16 32 6 8 74 3 32 64 52 0 194 0 64 130 32 64 120 12 106 128 0 211 131 64 20 32 3 0 0 0 35 128
48 0 6 137 77 19 32 64 84 0 194 2 193 128 160 100 120 140 42 8 8 179 71 0 20 32 130 9 49 8 48 132
254 113 144 178 25 205 80 200 171 253 161 9 15 222 75 26 132 153 205 81 14 67 218 16 219 213 29 63 160 21 15 83
193 134 149 255 172 172 96 22 126 27 67 80 214 35 32 75 193 6 44 28 177 220 11 83 141 186 114 64 152 193 225 33
1 185 155 107 146 143 54 157 110 1 106 68 190 243 72 48 182 59 72 92 147 152 25 117 237 140 4 66 200 2 131 41
230 232 252 90 205 253 144 202 203 54 176 11 40 136 119 27 137 147 227 17 134 111 222 241 31 24 85 127 213 13 94 142
62 96 88 242 45 221 80 200 131 191 177 27 15 217 105 152 137 153 197 18 78 39 90 148 219 213 17 127 243 27 78 130
225 98 45 101 36 15 69 53 113 234 246 76 243 33 144 51 220 228 108 110 233 188 225 15 230 251 224 144 72 168 82 120
225 110 175 101 4 46 109 18 121 234 118 76 243 33 17 59 8 228 108 44 169 244 245 10 197 251 96 16 72 248 82 56
168 161 24 186 73 205 85 222 150 55 165 25 54 211 74 20 9 26 195 10 58 10 90 51 199 145 16 125 82 153 142 170
104 133 184 124 153 205 21 55 48 6 108 9 186 179 2 144 1 50 224 8 114 42 210 15 111 239 20 25 66 64 206 10
96 32 2 9 74 9 32 72 100 32 226 8 2 128 64 80 104 140 106 8 8 211 197 0 20 0 1 24 97 0 82 128
165 52 145 67 193 127 194 152 123 250 33 88 210 84 77 56 153 86 64 58 37 116 249 2 13 155 5 116 200 115 74 164
