52 160 21 153 219 131 32 200 22 176 192 10 196 210 104 192 121 88 226 16 2 83 91 21 157 130 7 125 176 8 37 130
64 32 6 129 72 11 32 72 102 160 194 10 194 192 96 64 104 4 106 8 8 211 207 24 148 34 131 16 16 8 24 0
120 34 16 225 45 13 88 16 107 44 176 73 143 9 84 144 140 133 79 4 12 34 200 144 159 217 33 51 82 140 74 3
98 162 128 161 44 9 64 136 43 188 176 169 143 0 196 150 137 197 110 4 14 99 203 145 156 208 5 127 80 172 90 4
120 34 208 164 45 13 72 0 43 172 178 73 207 11 64 146 130 197 108 20 12 98 193 128 158 217 37 49 66 132 74 1
16 32 14 1 74 3 33 72 246 160 194 196 64 192 66 82 121 76 106 0 1 211 207 12 28 2 33 0 96 0 34 128
36 160 20 152 203 199 176 200 214 180 224 10 196 208 104 132 217 88 226 16 2 115 91 149 157 130 7 127 144 8 45 134
81 2 143 221 12 2 101 120 244 130 226 70 81 227 160 66 120 228 106 168 41 209 139 13 84 163 231 0 41 248 96 32
96 32 192 140 77 73 224 72 42 164 240 139 130 160 68 146 40 204 194 1 8 115 219 80 29 0 7 57 65 40 70 130
0 32 134 29 73 66 160 72 246 132 194 4 64 224 66 194 120 76 234 0 2 211 223 17 20 32 3 9 64 32 46 128
81 32 223 133 10 10 105 64 236 160 226 66 223 130 208 114 99 197 110 140 1 209 133 64 156 34 175 0 40 0 35 36
33 32 14 1 72 11 161 72 102 160 226 76 192 128 0 80 104 12 106 0 1 211 207 16 20 0 3 16 73 0 114 128
80 32 6 12 75 75 32 72 36 36 194 138 66 128 2 82 104 204 106 0 0 211 215 64 148 34 2 41 97 8 46 128
20 160 20 184 203 199 32 200 86 180 224 10 230 210 104 132 89 88 226 16 2 83 91 21 157 130 5 127 208 8 45 130
64 2 143 93 24 2 101 120 244 130 226 68 80 225 160 66 112 100 106 40 41 241 139 13 84 162 231 0 9 120 96 32
96 32 192 172 77 73 160 72 42 164 240 139 130 160 68 18 40 204 66 1 8 115 219 80 29 0 7 57 65 40 70 130
80 32 11 128 72 8 32 64 230 32 194 74 18 130 32 86 96 204 106 136 1 211 133 0 148 32 3 8 1 0 35 128
32 32 10 129 74 73 160 64 102 164 226 10 192 128 64 16 104 140 106 0 0 243 197 16 21 0 3 33 65 8 86 130
81 32 159 133 10 10 33 64 236 160 226 66 222 130 80 114 99 197 106 140 1 209 133 64 156 34 143 0 32 0 35 4
81 0 142 13 10 130 33 72 246 128 198 0 82 224 32 114 112 108 106 136 9 211 239 0 28 35 103 0 96 32 32 32
32 48 135 29 74 207 32 72 86 176 192 64 192 144 96 0 217 108 106 0 0 211 219 16 29 0 5 60 80 8 7 130
36 160 20 185 203 75 160 200 86 176 224 10 196 208 96 192 121 24 226 16 2 115 75 17 29 130 7 125 145 8 45 130
80 2 151 221 12 2 97 104 244 128 226 66 80 227 32 66 120 228 106 136 9 209 131 72 21 162 231 0 16 104 96 32
96 32 128 164 78 73 160 72 46 164 240 139 130 128 64 18 104 220 66 1 8 115 203 16 29 0 7 57 65 40 70 130
80 0 18 129 74 8 32 64 100 32 226 10 6 130 32 82 104 204 106 136 8 211 133 64 148 160 2 9 33 0 43 128
96 32 14 25 72 11 160 72 246 184 192 8 192 192 64 18 89 76 106 0 0 67 203 16 29 2 167 61 64 8 22 130
81 32 151 133 10 10 96 64 236 160 226 66 210 130 80 114 96 196 106 136 1 209 133 64 156 34 143 0 32 0 35 36
32 32 18 129 72 9 160 64 110 32 226 74 128 128 64 80 104 140 106 0 0 243 197 80 20 0 131 48 81 8 83 160
80 18 134 29 10 130 32 104 246 128 194 100 66 224 32 82 112 108 104 0 12 211 203 12 24 34 69 0 104 96 112 16
44 160 134 29 202 155 33 200 214 176 196 0 196 192 226 134 81 76 106 24 2 211 203 29 12 2 5 61 16 32 11 128
33 32 7 9 72 11 160 72 118 160 224 76 192 192 64 80 121 76 106 0 5 211 203 16 28 2 135 56 72 8 18 132
80 32 134 5 74 75 32 72 36 164 194 8 67 160 66 82 104 204 106 136 8 211 135 0 148 34 3 1 96 32 39 128
81 32 134 4 72 8 33 64 230 160 194 8 82 128 96 86 96 204 106 128 1 243 141 16 20 32 3 8 0 0 35 128
32 32 10 1 74 73 160 72 102 164 226 10 64 128 64 18 104 76 106 0 0 211 221 16 29 0 3 33 65 8 22 130
88 0 142 29 10 18 33 104 246 128 198 0 82 224 32 114 112 108 106 8 8 211 175 24 92 163 69 8 96 32 112 32
32 176 151 29 74 203 32 200 214 184 192 72 192 208 96 0 89 108 106 16 2 210 219 17 13 0 5 52 80 40 6 130
32 32 6 9 74 11 160 72 118 160 224 136 128 128 64 80 120 140 106 128 0 211 207 16 20 0 131 48 97 0 50 128
80 32 6 5 74 11 160 72 164 32 194 74 192 128 0 210 104 204 106 128 0 211 135 64 148 34 2 0 72 0 43 128
96 32 2 137 76 9 96 64 110 32 194 8 130 130 0 82 104 204 106 136 8 67 195 64 148 32 3 24 40 0 34 0
20 160 20 155 219 199 32 200 86 177 192 10 102 210 104 192 89 90 226 16 2 83 91 53 157 130 5 127 176 8 13 130
64 6 151 93 24 2 37 104 244 130 226 64 82 225 160 67 80 100 106 40 41 241 139 13 116 162 101 0 80 120 96 32
96 32 2 137 72 11 160 64 172 160 226 10 198 128 64 208 104 140 106 0 8 243 197 0 148 0 3 48 96 8 11 128
96 32 192 172 78 73 160 72 46 180 224 139 130 224 64 18 105 204 66 1 10 115 203 17 29 0 15 61 65 40 70 130
80 32 135 13 8 11 32 72 118 160 194 68 194 96 0 210 112 196 106 8 9 209 207 16 20 34 71 16 104 32 112 0
96 34 4 13 72 11 0 72 6 180 192 8 196 128 64 18 73 196 106 0 8 83 203 16 156 2 5 60 16 8 2 128
81 32 135 5 10 10 97 64 236 160 194 66 210 162 80 114 97 196 106 140 1 209 133 64 156 34 207 0 0 32 35 4
16 32 135 13 8 11 32 72 230 160 194 64 66 160 32 66 96 76 106 0 1 209 137 20 20 34 67 0 32 0 32 128
32 32 2 9 74 73 32 72 22 180 224 8 64 193 96 16 89 140 98 8 2 211 203 17 28 2 1 45 112 8 34 128
65 32 142 29 24 131 33 104 246 144 194 0 68 224 34 83 81 108 106 32 33 195 139 28 8 162 69 12 80 32 32 160
48 160 142 29 8 195 0 200 150 160 64 0 98 224 96 80 81 108 98 0 10 211 223 31 8 134 69 37 112 40 38 128
52 160 148 153 219 139 160 200 22 176 224 10 196 210 72 128 121 88 226 16 2 83 219 21 157 130 7 124 177 8 37 130
81 32 135 5 8 10 32 72 236 160 194 66 208 162 80 114 97 196 106 140 1 209 135 64 156 34 207 0 0 32 99 4
96 32 132 165 78 75 160 72 54 176 224 139 194 224 64 2 121 204 98 17 10 115 203 16 28 0 15 61 65 40 86 130
64 0 158 29 12 2 165 104 244 130 194 2 80 224 160 98 112 100 106 168 40 241 139 9 29 34 231 0 16 104 112 32
32 32 132 164 78 75 160 72 30 176 224 139 130 192 64 2 121 204 98 1 10 115 219 17 29 0 15 61 65 40 86 130
64 0 150 29 12 2 165 104 244 130 194 66 80 224 160 98 120 100 106 168 40 241 139 13 21 34 231 0 16 104 112 32
81 32 135 133 8 10 97 72 236 128 194 2 208 162 80 114 96 196 106 140 1 209 135 64 156 34 207 0 0 32 35 4
96 2 4 13 72 15 32 72 86 32 194 74 194 192 32 66 120 204 106 8 8 83 203 16 148 32 3 57 24 8 56 128
80 0 6 137 12 7 32 72 118 160 194 66 80 192 32 64 120 132 106 8 0 211 223 20 21 34 131 0 16 8 48 128
8 128 134 63 27 3 0 232 22 176 70 0 96 225 40 65 17 110 106 40 34 209 207 61 73 35 69 61 50 40 32 130
40 148 134 29 24 135 0 232 214 184 66 64 112 240 40 81 81 100 106 32 32 209 139 29 40 34 101 20 16 40 48 0
112 34 0 169 108 9 192 72 15 188 176 169 195 202 196 208 200 132 238 4 10 99 203 145 156 208 3 61 80 136 94 132
88 32 134 13 10 10 32 72 182 160 194 72 209 224 0 66 112 236 106 128 8 211 143 8 148 34 99 0 32 32 50 128
0 0 6 137 8 2 160 64 164 0 194 2 192 130 32 192 104 140 106 136 8 131 199 64 148 32 138 1 33 8 33 128
33 32 2 137 76 11 160 72 70 32 208 2 134 128 32 196 104 136 106 128 8 163 203 208 148 0 139 56 81 8 48 128
48 2 6 137 10 11 160 72 70 32 192 199 196 193 32 66 104 76 106 0 2 211 79 21 148 34 131 56 56 8 48 128
17 0 6 137 12 11 32 72 118 32 194 2 64 192 34 192 120 132 106 8 2 211 207 17 20 34 131 0 16 8 56 128
0 176 135 29 90 131 0 200 22 240 194 229 98 224 40 69 81 110 106 32 35 211 203 29 28 34 69 60 56 40 0 144
112 4 134 29 24 83 0 104 214 180 66 0 96 224 34 64 81 108 104 44 44 211 175 29 8 34 69 5 48 44 116 196
48 0 14 137 74 11 33 72 70 32 194 130 208 192 32 66 104 76 106 0 0 211 199 20 20 34 130 16 49 8 48 128
16 0 7 137 76 15 32 72 118 32 194 66 192 192 32 64 120 132 106 0 0 195 95 16 21 2 3 24 16 8 48 130
20 164 132 23 155 99 6 200 22 179 64 16 68 242 73 142 17 78 224 18 50 81 139 50 169 6 77 110 176 113 129 2
112 34 134 157 44 139 128 72 174 180 178 169 195 194 192 214 73 228 238 128 8 99 207 80 144 178 171 29 16 8 43 0
212 172 144 18 179 242 22 172 50 151 11 17 110 242 72 212 145 87 160 50 50 73 139 127 41 6 21 71 144 119 167 6
196 164 146 18 145 246 22 172 58 151 43 17 110 242 73 220 145 95 160 50 50 201 155 127 169 22 85 71 130 119 167 70
165 204 221 94 138 35 70 186 210 210 96 248 115 224 137 59 17 102 96 42 233 230 46 43 32 175 101 24 249 241 194 41
20 164 132 23 155 99 6 200 22 179 64 17 68 226 75 14 17 94 224 18 50 81 139 50 168 6 77 111 160 113 139 130
101 46 134 23 140 34 134 184 210 178 66 80 80 224 217 43 89 102 96 58 184 241 143 42 40 38 101 4 193 121 240 160
30 228 132 55 155 99 22 200 22 179 64 16 68 242 105 202 17 94 160 18 50 80 139 51 169 7 77 111 128 117 141 2
36 110 135 86 140 34 71 184 210 186 66 80 81 225 249 43 25 102 96 58 248 243 175 42 40 38 101 4 193 249 240 160
112 2 0 137 78 9 32 72 70 32 194 202 195 128 0 66 104 204 106 12 9 114 199 16 148 32 130 56 48 8 48 128
86 236 132 22 155 39 54 136 146 183 64 17 196 230 107 78 145 95 169 18 50 84 155 50 169 6 205 47 130 117 133 134
112 0 140 29 24 11 1 120 22 184 194 76 96 224 98 66 17 76 106 0 11 209 203 25 24 34 101 52 80 40 16 16
100 180 132 29 153 87 160 168 214 244 198 40 64 244 98 82 209 116 234 48 36 193 235 29 13 34 69 63 16 36 4 86
72 160 132 61 89 83 0 232 214 180 70 12 66 224 226 210 81 108 234 24 46 83 251 29 28 35 69 125 50 44 12 4
101 164 143 85 140 18 102 184 210 178 194 84 80 225 209 11 89 100 104 58 249 241 175 10 44 39 101 4 201 248 240 32
84 168 132 54 155 67 6 200 22 183 64 25 68 242 73 142 17 94 232 18 114 83 203 51 153 6 205 111 128 113 135 130
165 204 197 30 200 171 6 190 210 210 96 248 115 97 129 187 25 102 96 106 225 244 78 43 34 238 101 24 249 251 210 40
80 0 6 129 13 75 32 64 110 36 194 10 198 130 96 208 104 132 106 0 12 211 213 16 148 32 139 17 16 8 89 4
36 121 122 72 64 73 166 66 116 8 122 68 2 136 53 144 248 40 130 67 193 179 146 32 16 40 0 10 73 121 106 146
40 132 134 31 88 135 3 168 150 184 66 0 96 224 40 213 81 102 104 32 32 209 139 61 40 34 101 4 16 32 56 0
24 134 134 31 27 3 0 248 86 184 66 64 96 225 40 65 17 110 106 32 42 209 207 61 104 35 101 61 122 40 0 130
32 0 14 141 74 11 161 72 70 32 194 131 208 192 32 66 104 76 106 0 2 211 207 21 85 34 131 56 48 8 32 160
80 144 133 29 26 19 1 184 22 244 198 236 112 228 192 114 17 78 104 136 11 211 239 25 88 34 65 52 57 236 16 80
157 96 211 51 194 169 45 71 112 19 97 80 57 194 193 153 42 171 66 152 51 214 166 96 20 128 114 32 225 81 163 160
164 206 150 30 216 131 6 190 214 154 98 248 115 225 160 81 17 98 32 42 105 202 11 63 40 38 101 24 120 240 194 8
164 222 196 62 200 171 7 190 210 146 104 124 243 97 137 27 17 98 32 106 224 244 78 63 96 162 117 0 240 249 194 41
164 220 220 62 202 139 7 190 242 146 96 252 115 96 128 19 17 98 96 98 96 220 78 63 104 163 117 0 120 240 194 25
156 140 145 30 147 211 6 172 118 23 104 24 102 224 40 208 145 74 160 50 118 201 59 63 169 230 21 87 240 115 132 38
212 141 148 30 145 158 22 172 114 19 45 24 98 224 14 84 145 66 224 34 114 73 27 63 43 38 21 95 210 119 130 6
84 141 150 26 145 182 22 172 50 147 15 16 106 242 42 84 145 71 160 50 58 73 25 63 171 38 5 79 154 119 170 6
117 166 207 85 132 10 103 184 242 178 194 86 83 225 209 43 121 100 104 58 185 241 239 10 124 47 101 4 233 248 240 32
86 160 132 22 139 87 54 200 146 183 64 9 196 246 75 142 145 94 232 18 118 83 154 50 153 6 77 111 128 116 15 134
212 133 146 26 147 182 6 173 178 147 139 16 66 226 40 208 145 199 232 98 122 73 24 63 57 38 5 94 176 119 162 6
212 132 144 30 147 142 22 172 118 19 105 24 102 224 42 84 145 74 160 34 118 73 27 63 41 166 5 87 210 118 138 6
165 206 156 30 216 131 6 190 150 146 98 252 115 224 160 17 17 98 32 46 104 204 14 63 40 39 101 24 112 240 194 8
228 2 137 153 204 33 1 79 22 19 64 86 133 130 224 73 89 8 34 16 58 94 195 144 148 160 250 108 144 8 144 160
216 192 200 191 12 168 97 144 86 19 195 146 243 129 200 73 113 198 42 138 10 20 207 161 212 161 242 72 53 137 112 0
164 206 132 31 192 169 135 190 210 146 96 184 241 97 129 27 17 98 32 98 96 252 78 63 100 34 117 32 80 249 194 136
86 160 132 133 139 123 132 136 170 182 130 137 194 112 71 158 1 213 237 145 28 67 223 144 157 146 207 127 132 117 31 6
32 32 20 137 79 71 176 72 150 180 240 10 68 208 96 132 249 152 234 16 2 99 219 145 29 128 15 63 17 8 61 134
81 2 143 205 12 2 97 88 118 128 194 70 209 227 160 66 120 196 106 136 1 209 135 204 84 163 227 0 40 168 113 32
50 32 128 141 79 79 160 72 170 164 176 11 6 176 64 146 232 220 234 0 8 99 219 80 29 0 15 59 65 40 14 130
14 252 148 19 153 252 54 140 190 159 67 17 204 246 79 221 145 123 225 19 54 88 155 119 47 22 95 111 130 117 141 70
65 34 143 5 10 2 105 80 108 160 226 70 209 130 144 114 96 196 106 136 1 209 135 64 220 34 167 0 41 32 99 32
70 184 150 22 137 213 52 200 154 183 0 9 204 246 75 142 145 127 233 18 118 65 154 114 13 22 79 111 130 116 15 198
53 166 207 117 150 10 71 248 82 242 246 254 83 97 145 43 93 236 100 46 185 242 237 10 120 175 101 132 237 248 240 48
32 160 20 153 75 207 160 200 150 180 224 10 68 208 96 132 121 92 234 16 2 83 91 17 29 128 15 63 80 8 45 130
80 2 143 77 8 2 33 120 118 128 226 70 81 224 160 66 112 196 106 168 1 209 131 12 84 162 231 0 41 40 96 32
48 32 0 141 79 73 160 72 174 164 176 11 2 128 64 146 104 220 234 1 8 115 219 80 29 0 3 57 65 40 78 130
6 172 148 18 153 245 22 140 191 183 0 17 236 242 79 220 145 95 161 16 54 80 155 127 41 22 93 111 146 117 143 6
181 78 207 126 154 34 71 184 82 226 98 236 115 225 185 59 25 102 100 46 233 242 175 46 96 239 101 16 233 241 66 33
65 34 159 133 10 10 105 64 108 160 226 66 220 130 144 114 96 196 106 136 1 209 133 64 148 34 139 0 40 32 35 32
6 168 148 23 153 85 22 200 158 183 0 17 236 242 75 206 145 95 233 18 118 65 155 51 41 22 95 111 130 117 143 134
117 38 207 118 152 2 71 184 82 242 98 252 83 225 145 43 25 100 96 62 249 243 143 42 104 239 101 20 237 248 208 32
70 160 148 22 203 85 20 232 146 182 0 9 196 242 75 143 145 95 233 3 84 67 155 48 25 34 79 127 128 116 15 134
36 160 20 153 203 203 32 200 22 176 224 10 198 210 96 128 89 92 226 16 2 83 75 29 29 130 13 127 80 8 45 130
80 2 143 93 8 2 33 120 118 128 226 64 82 225 160 82 112 100 106 40 9 211 139 12 20 34 231 0 40 104 96 32
48 32 4 141 79 75 160 72 62 164 160 10 2 128 64 144 120 204 234 0 8 115 219 80 29 0 15 57 65 40 70 130
6 172 148 18 153 247 22 172 62 183 2 17 236 230 79 220 145 95 160 50 54 80 27 63 43 22 77 103 144 119 143 6
181 78 207 126 136 34 70 184 82 162 98 236 115 224 153 59 29 102 100 42 233 226 175 46 96 175 101 16 225 241 66 41
65 32 143 133 74 10 32 64 108 160 226 66 212 130 144 114 96 196 106 136 1 209 135 64 148 34 143 0 32 32 99 32
6 164 148 23 155 23 22 200 150 183 0 1 228 230 73 142 145 94 232 18 50 67 155 59 41 6 77 111 128 116 15 134
117 164 206 119 140 10 39 248 82 242 66 104 83 225 145 43 25 102 96 62 185 243 143 42 104 47 101 4 233 248 112 0
172 82 46 153 44 151 81 24 151 236 198 55 85 132 163 233 84 52 174 126 233 149 97 156 194 243 249 148 30 157 28 117
199 87 2 72 168 130 15 88 182 138 201 100 216 194 161 81 84 41 42 234 65 3 226 80 176 160 235 140 152 243 33 17
56 125 50 120 37 141 181 70 116 78 124 36 34 216 55 129 220 40 130 67 193 186 50 40 96 233 96 8 73 89 107 249
104 213 1 170 77 73 101 239 5 29 232 15 34 35 42 208 72 130 142 0 74 26 83 183 183 132 144 123 50 152 148 249
141 230 22 35 160 11 166 204 236 26 51 84 215 128 169 3 163 66 74 126 98 181 13 32 44 193 38 4 200 83 227 129
136 225 84 27 43 25 52 237 254 53 100 144 175 0 138 141 34 11 74 76 70 233 47 113 142 65 22 67 114 132 137 205
96 140 3 138 206 33 69 238 4 51 192 250 22 1 168 91 73 134 42 34 57 23 193 176 20 32 246 124 144 89 176 160
44 8 150 222 149 246 66 3 213 143 199 18 226 112 35 204 209 34 170 16 60 173 75 174 131 247 146 19 146 111 252 6
140 160 193 123 130 130 105 209 50 3 101 208 153 194 200 61 121 171 2 154 59 214 110 98 140 195 246 32 225 209 163 160
185 2 136 155 132 171 99 87 86 35 70 214 23 129 226 72 113 10 34 28 27 156 101 178 204 167 52 112 176 136 144 168
153 50 131 57 16 162 67 95 118 67 230 116 55 193 160 72 81 8 6 24 59 140 103 11 192 167 50 72 232 128 162 113
32 32 20 137 75 75 160 72 22 176 224 10 196 192 96 128 121 156 226 16 2 83 75 17 29 128 15 61 81 8 45 130
70 172 148 26 145 251 22 172 126 179 10 25 110 240 74 148 145 127 160 50 54 72 27 63 169 54 21 119 208 119 143 6
165 206 199 126 152 35 71 184 146 130 96 236 115 225 137 51 17 102 100 46 105 192 174 63 40 174 101 24 112 240 66 40
80 2 135 77 12 10 33 72 118 128 226 66 208 224 128 82 120 196 106 136 9 211 131 68 84 34 231 0 32 32 113 32
48 32 132 141 75 75 160 72 54 160 160 11 6 128 64 146 120 204 234 0 8 115 203 16 29 0 15 57 65 40 15 130
70 172 148 18 145 243 22 172 62 183 10 16 108 246 77 220 145 95 160 50 54 192 11 127 169 22 21 103 130 119 141 6
165 206 207 94 152 35 71 184 210 130 96 232 115 224 185 59 21 102 100 42 233 224 142 47 40 174 101 24 233 241 66 40
65 32 143 5 76 10 33 64 100 160 194 66 208 130 144 114 96 196 106 136 1 209 135 64 156 34 135 0 33 32 99 32
6 164 148 23 155 83 22 200 150 183 0 1 228 226 73 207 145 94 232 50 50 83 139 59 41 6 77 111 128 116 7 134
117 38 207 87 140 2 6 184 82 242 66 100 83 224 145 43 89 102 96 58 185 243 175 46 40 47 101 4 237 248 80 0
224 70 102 84 100 136 230 32 233 0 242 221 211 8 148 19 138 164 78 110 228 164 196 109 36 58 96 16 77 145 210 0
189 2 193 185 22 35 67 26 22 163 192 246 147 3 129 200 91 140 14 152 43 148 77 150 140 199 185 116 189 201 48 48
32 32 148 137 75 79 32 72 22 176 192 10 196 192 96 128 121 92 226 16 2 83 91 17 29 128 15 61 16 8 41 130
80 2 142 77 12 2 33 72 118 128 226 66 208 224 128 66 120 68 106 136 8 211 131 4 92 34 231 0 33 40 112 32
22 172 148 26 153 183 22 168 54 183 68 16 108 242 107 92 145 79 160 48 54 64 27 63 169 22 5 111 146 117 129 6
37 156 206 30 152 35 71 184 210 130 98 236 115 225 169 27 17 102 96 42 233 240 143 47 104 166 101 16 249 240 66 16
48 32 132 141 75 75 160 72 54 160 224 11 6 128 64 128 120 204 98 1 8 83 219 16 29 0 15 57 65 40 7 130
81 32 135 5 76 10 33 64 100 160 194 66 208 128 144 114 96 196 106 136 1 211 135 64 156 34 135 0 33 32 115 32
70 160 132 21 139 83 20 232 146 178 0 0 228 244 73 142 145 94 232 19 34 67 139 24 9 34 77 127 128 116 31 130
117 166 143 85 140 2 36 248 86 179 66 66 83 224 217 43 89 100 104 56 185 211 239 8 8 35 229 68 225 120 112 32
160 168 212 17 32 137 64 130 249 18 48 24 174 0 68 27 130 134 68 1 34 108 192 96 132 178 80 48 64 1 67 9
96 129 128 185 236 173 96 67 134 41 88 8 130 224 240 72 216 10 34 28 26 58 194 145 140 148 178 108 144 202 208 128
180 228 116 67 69 26 230 40 121 2 119 24 74 72 156 53 56 128 68 42 236 180 45 69 54 26 64 7 99 130 194 6
210 192 86 16 74 128 56 134 172 19 66 18 77 130 32 91 38 135 106 152 80 29 135 112 16 162 90 200 33 16 161 8
178 96 112 128 77 75 148 105 90 178 177 27 2 136 116 129 153 129 195 51 232 103 74 220 25 24 13 63 85 42 83 134
16 0 6 137 30 162 8 11 196 17 203 18 64 194 32 74 96 128 42 176 26 129 7 205 128 162 138 72 48 0 176 0
20 172 148 30 145 219 22 172 118 55 64 17 102 228 40 80 145 110 160 32 54 73 27 63 169 38 21 95 210 101 132 6
177 65 70 228 20 2 66 125 68 0 243 66 83 0 184 97 88 132 46 248 121 191 5 140 56 170 162 68 41 138 240 32
165 142 143 62 152 131 70 184 146 210 96 108 99 224 169 83 21 102 96 42 97 208 74 63 40 171 101 16 112 240 2 16
65 0 134 28 8 2 32 72 182 188 198 0 192 224 160 70 81 108 106 8 4 195 203 29 28 34 69 60 16 40 48 128
56 176 135 29 10 3 32 200 22 176 194 108 64 224 0 64 89 108 106 32 8 211 207 29 28 35 229 20 120 40 48 130
80 32 6 13 74 11 32 72 164 32 194 2 192 130 0 80 104 140 106 136 0 211 199 64 148 32 130 0 40 0 43 128
96 34 2 9 72 11 160 72 166 160 226 8 130 128 0 16 104 140 106 128 8 115 195 16 20 0 131 56 89 8 54 128
96 0 22 136 75 15 161 72 230 56 194 10 192 192 32 192 72 12 106 0 8 195 207 16 21 34 3 60 24 8 56 34
32 176 150 29 75 143 33 200 246 184 194 40 80 240 0 130 89 124 234 16 3 209 203 28 29 3 37 52 24 8 8 162
88 2 134 29 75 18 32 88 118 128 198 8 80 224 224 114 81 108 106 8 8 211 207 24 93 35 101 9 98 32 50 128
24 2 6 137 10 11 32 72 38 160 194 130 211 129 32 66 104 196 106 8 8 209 207 24 84 163 227 17 49 8 48 128
80 32 6 13 72 75 32 72 54 160 194 12 65 192 98 80 120 204 106 136 0 211 215 0 20 34 131 1 32 8 38 144
80 0 134 29 8 67 32 104 118 240 194 5 66 224 34 66 80 68 106 0 8 211 255 29 29 34 65 13 16 40 52 214
33 32 134 29 8 131 33 72 22 240 194 128 210 196 2 98 81 108 106 36 9 211 255 29 12 34 197 52 16 8 32 244
33 32 2 9 72 11 161 72 118 160 226 8 192 128 66 80 120 76 106 0 1 211 159 16 20 0 3 32 64 8 51 160
16 0 6 137 12 75 32 72 102 36 194 2 194 128 34 64 104 132 106 128 12 147 207 16 148 34 138 25 16 8 52 128
32 32 22 29 74 219 32 72 246 244 198 8 64 192 98 6 121 108 106 8 4 211 239 28 28 2 5 53 16 8 4 196
80 16 135 29 74 2 32 72 118 132 194 108 64 224 96 82 112 108 106 0 9 211 207 24 20 162 65 8 104 32 50 208
16 32 7 137 72 11 160 72 102 32 194 199 194 129 32 64 104 132 106 0 9 147 71 16 148 34 131 48 24 8 48 128
32 32 6 129 74 11 161 64 110 32 226 10 130 128 96 144 104 140 106 0 0 243 197 80 20 0 3 49 65 8 43 128
73 34 134 29 72 15 33 72 54 160 194 8 65 224 226 212 120 204 106 136 0 211 203 0 20 35 35 8 32 0 58 128
32 34 6 9 73 139 160 72 118 168 194 76 64 192 64 192 121 108 106 0 0 211 143 16 92 2 39 32 72 8 50 130
80 34 2 137 74 8 32 64 100 0 226 78 0 130 32 82 104 204 106 128 0 211 199 64 20 32 2 8 9 0 35 128
80 0 6 137 13 15 32 72 102 40 194 66 210 128 32 192 104 132 106 0 8 211 203 16 148 34 163 24 16 8 48 130
32 32 150 29 74 143 32 72 246 184 194 72 80 208 64 130 25 124 234 16 0 211 203 28 28 2 37 52 16 40 2 128
88 0 134 29 75 18 32 72 246 128 198 8 64 224 96 114 81 108 106 8 8 211 207 24 93 35 101 9 98 32 58 162
24 0 14 137 72 11 160 72 102 32 194 2 194 128 32 66 104 68 106 0 8 211 207 16 213 34 163 49 16 8 48 160
32 48 22 152 73 223 176 72 158 180 176 11 196 208 98 132 249 184 234 16 6 99 219 209 157 16 15 63 82 12 45 134
81 34 207 237 14 2 97 88 118 192 230 102 209 163 128 98 112 204 42 140 137 208 231 12 84 163 226 0 41 160 112 160
96 32 64 136 79 73 224 72 47 164 240 11 130 152 68 132 232 157 202 129 8 115 211 208 21 16 3 59 65 8 126 130
117 6 207 125 138 2 71 120 114 226 246 230 115 225 145 123 93 236 100 46 233 243 239 14 248 175 101 128 237 248 114 49
17 34 31 133 10 10 233 80 108 160 226 70 221 130 144 114 106 196 110 136 1 209 133 192 212 32 170 0 40 128 35 160
32 32 20 152 79 79 176 72 22 180 240 10 196 208 64 132 249 152 234 0 6 115 219 17 29 128 7 63 80 8 45 130
17 34 143 205 12 10 33 88 246 160 226 102 81 163 160 66 120 196 106 136 1 209 135 12 84 35 226 0 41 168 96 160
96 32 0 136 79 77 160 72 46 164 240 11 134 208 64 150 105 220 234 0 8 115 219 80 21 0 11 59 65 8 46 130
6 188 148 19 153 215 50 168 190 181 0 17 236 246 79 159 145 123 225 16 54 64 155 119 45 22 93 111 146 116 143 70
53 6 207 126 138 2 71 248 82 226 242 236 115 225 153 59 27 238 100 46 233 243 175 46 248 175 101 144 237 248 114 33
17 34 15 133 8 10 97 80 236 160 226 66 209 162 144 114 104 196 106 136 1 209 133 64 212 34 163 0 40 32 99 160
78 160 150 150 201 87 52 232 182 182 128 9 196 246 75 142 145 127 235 18 6 67 155 48 29 50 77 127 130 100 15 198
117 166 207 117 142 10 103 184 118 242 198 238 83 225 209 43 57 204 104 46 169 240 239 10 124 175 101 4 237 248 114 32
32 32 20 9 75 79 48 72 22 180 224 10 196 210 64 132 121 24 234 16 2 243 219 17 29 130 5 63 112 8 45 134
81 34 143 93 8 2 32 88 246 160 226 68 81 227 160 82 120 228 106 8 9 241 171 12 84 35 231 0 8 168 96 32
32 32 0 141 79 73 160 72 38 164 240 10 134 128 64 144 104 140 234 128 8 243 211 80 21 0 3 57 65 8 78 130
70 164 148 27 153 215 22 168 62 183 64 1 76 230 75 152 145 95 224 16 54 80 155 63 41 22 69 111 128 116 15 6
117 46 207 126 152 2 71 184 210 178 98 236 115 225 153 59 21 230 96 46 185 243 143 46 104 175 101 20 225 240 66 32
81 34 15 133 8 10 97 64 236 160 226 66 212 130 144 114 104 196 106 136 1 209 133 64 148 32 171 0 9 0 99 32
86 160 148 22 139 87 22 200 22 182 64 9 68 246 73 142 145 95 233 18 38 83 155 58 9 6 77 111 130 116 15 198
37 166 207 53 156 10 103 248 214 242 194 224 83 225 145 43 17 100 104 44 169 243 143 8 104 42 101 4 233 248 80 32
45 89 54 184 37 159 94 18 149 200 86 7 87 204 163 104 84 52 191 78 201 153 35 190 195 255 161 146 30 157 16 117
239 95 10 217 232 210 15 210 164 234 78 228 153 166 227 113 68 109 34 234 225 146 224 128 100 169 174 140 58 241 32 241
25 125 54 63 45 86 149 126 68 92 252 38 162 188 179 133 204 122 134 65 201 186 99 40 225 97 118 10 91 92 41 249
157 182 30 32 170 45 167 248 236 90 243 100 223 128 235 11 35 64 78 126 33 117 47 0 240 195 102 4 201 115 171 209
40 213 64 203 213 221 101 239 11 29 109 63 32 164 46 208 73 10 130 32 82 26 122 149 55 145 180 45 51 142 212 218
152 225 50 11 3 223 52 237 127 101 103 17 77 130 46 132 55 139 234 198 70 153 63 115 19 70 22 71 115 22 173 76
236 70 14 147 236 40 101 148 250 59 69 244 145 161 233 95 73 78 34 74 32 86 202 160 76 241 230 44 152 248 210 176
8 25 144 159 173 253 18 10 95 11 70 19 166 240 39 204 208 122 170 80 22 168 83 179 135 119 16 27 146 93 156 30
189 170 136 59 194 48 165 214 116 91 229 240 145 130 200 40 121 138 34 152 59 246 239 34 212 195 246 8 233 81 234 177
29 168 131 163 148 171 99 214 86 111 198 214 19 129 226 96 121 138 14 28 27 156 45 178 216 197 52 96 178 202 144 240
57 178 138 41 144 163 67 223 118 73 238 244 83 3 160 96 93 138 14 156 187 157 101 31 232 167 50 68 248 130 160 57
6 172 148 26 153 219 22 168 62 183 64 17 110 242 107 156 145 90 224 48 54 208 155 63 41 22 85 111 210 36 143 6
113 142 207 126 26 2 71 184 210 178 98 204 115 224 185 123 21 102 96 46 233 242 143 63 96 174 101 16 248 240 66 32
6 172 148 26 153 215 22 168 62 183 0 17 108 242 79 220 145 91 160 48 54 208 155 63 41 22 85 111 144 117 143 6
117 46 199 62 152 2 70 184 210 242 98 236 115 225 153 59 17 102 96 46 233 242 143 46 40 174 101 16 233 240 66 33
17 203 94 251 150 139 96 84 229 25 78 70 127 3 160 96 98 130 14 152 35 153 1 253 254 195 50 64 184 130 225 8
86 160 132 22 139 87 20 232 18 182 64 9 68 230 75 142 145 94 233 18 6 83 203 56 25 34 77 127 130 116 15 134
37 166 142 85 156 2 37 248 214 178 194 100 83 225 209 11 17 100 104 44 185 241 207 8 104 43 101 52 237 248 80 0
165 34 79 53 108 40 228 112 232 18 115 221 159 232 145 27 34 36 98 15 129 116 134 65 4 177 98 8 76 249 83 128
165 34 201 183 6 169 96 18 22 179 211 254 147 129 193 9 92 172 38 142 9 244 101 128 196 129 241 48 173 217 16 144
5 48 146 1 162 169 48 67 110 17 104 96 158 240 192 8 167 43 98 16 18 48 130 64 132 148 114 106 192 66 131 129
180 104 102 96 133 31 210 226 225 32 242 9 3 216 53 17 152 212 196 99 252 227 52 12 19 218 65 23 101 57 118 134
32 100 0 131 77 43 128 76 14 162 153 10 196 8 120 0 153 9 74 35 0 119 89 154 149 18 219 59 85 90 25 130
208 9 20 136 141 32 0 9 6 17 129 18 196 2 33 73 64 128 42 128 26 3 91 209 145 32 138 28 144 9 32 2
181 65 78 200 20 130 70 121 196 128 211 66 83 192 184 97 88 164 14 122 120 167 4 140 176 168 163 76 61 138 240 0
113 0 6 137 12 15 32 72 102 36 194 2 194 128 32 64 104 132 106 128 12 147 203 16 148 34 131 16 16 8 48 128
1 32 134 29 72 143 32 72 54 188 198 32 64 209 224 4 121 124 106 8 4 209 203 28 28 2 5 22 3 8 32 128
104 48 135 29 74 2 160 72 118 160 194 108 64 225 32 80 112 108 106 0 0 211 203 21 92 35 101 40 74 32 34 128
16 0 7 137 10 11 160 72 102 32 194 206 194 129 0 64 104 132 106 0 8 147 207 16 212 32 163 48 56 8 48 128
96 32 2 136 73 65 32 72 38 32 226 66 80 130 32 208 104 140 106 128 0 211 211 80 21 32 130 40 1 8 38 146
17 32 14 1 72 11 161 64 102 32 226 10 146 128 34 64 104 12 106 0 0 243 133 16 213 0 3 0 65 8 51 160
50 32 22 137 15 87 144 72 14 164 210 11 206 146 102 196 232 156 238 0 12 227 91 208 153 240 11 59 18 12 45 134
81 2 207 237 78 2 97 80 116 64 246 230 209 163 160 98 122 196 110 140 137 211 167 192 84 171 226 0 45 168 113 32
117 6 207 125 150 10 71 120 114 226 242 230 83 97 145 113 127 236 116 46 169 242 237 14 248 175 101 132 237 248 114 49
50 32 2 129 77 77 224 64 47 36 176 11 142 152 6 148 232 149 206 1 12 99 209 208 149 16 3 59 65 12 79 130
65 34 91 129 74 8 105 80 108 96 242 102 157 2 144 112 106 141 110 140 129 211 229 64 212 160 171 0 40 128 35 160
14 160 150 27 153 215 16 232 190 181 66 1 236 246 111 156 145 95 234 48 38 209 155 125 9 18 69 111 146 100 13 70
117 6 207 125 138 2 71 120 82 194 102 228 115 225 145 123 17 108 100 46 169 243 175 15 104 175 101 0 233 240 114 49
201 83 107 254 36 217 93 62 21 206 94 198 235 205 179 229 86 42 191 76 195 220 38 161 226 249 48 136 62 220 56 121
158 88 102 89 160 150 93 210 53 218 198 180 17 135 163 125 85 124 189 214 233 221 53 232 130 251 238 132 42 245 36 125
24 213 49 45 45 211 149 127 23 77 253 178 191 188 178 164 94 26 182 1 202 184 99 147 230 253 118 138 87 220 164 253
157 91 154 48 162 89 37 210 116 254 118 244 95 165 227 105 55 205 38 110 229 116 167 64 222 195 103 4 106 245 161 209
56 157 74 157 69 223 118 247 31 125 125 23 46 180 46 213 121 42 130 66 66 184 56 245 103 217 66 37 115 28 221 214
12 189 34 16 193 221 54 227 119 77 206 25 8 214 98 213 241 171 130 194 86 58 50 115 187 85 7 107 66 5 173 86
173 242 235 177 224 105 101 218 126 126 70 244 19 165 235 89 85 78 38 30 163 212 175 34 206 227 117 36 186 249 210 241
8 25 176 159 157 253 16 142 31 29 68 3 174 252 103 204 193 123 170 80 22 120 91 177 15 112 22 75 146 93 13 94
189 178 137 59 128 33 165 220 86 75 117 246 179 161 235 40 93 74 38 154 139 242 239 34 204 197 246 168 249 217 162 209
29 186 139 227 180 139 99 212 22 107 214 230 51 133 232 104 121 138 14 28 155 153 45 187 200 199 181 192 184 219 240 185
249 158 79 107 176 178 66 183 116 73 230 244 83 35 168 113 93 134 14 188 187 155 101 63 250 235 34 192 187 128 224 121
29 203 92 251 22 131 97 148 119 25 230 102 121 67 168 97 98 162 46 216 43 152 47 125 222 203 34 64 56 128 33 40
141 11 79 53 228 40 229 80 104 82 114 220 159 225 209 11 42 106 98 15 129 116 166 64 132 161 114 8 109 233 83 224
181 2 200 209 132 171 73 23 22 227 199 246 147 1 195 104 89 172 14 156 139 212 101 2 204 207 181 240 188 216 208 48
80 44 210 0 194 169 178 66 122 3 120 10 46 160 65 144 51 171 2 28 2 58 134 114 20 4 18 40 225 66 3 136
36 106 18 65 69 202 166 194 232 162 178 8 10 40 21 8 170 101 66 65 0 59 128 96 20 26 67 4 65 113 99 130
20 72 18 160 13 75 150 74 6 162 144 10 135 248 104 140 152 197 206 99 8 99 64 176 145 214 9 63 100 121 145 6
196 1 4 155 141 128 0 9 134 50 131 18 192 2 32 75 64 134 42 144 58 5 73 144 20 32 202 90 144 10 144 0
170 93 106 221 53 215 93 31 95 78 214 183 122 204 183 105 86 255 191 14 235 222 115 191 194 123 116 131 22 220 60 125
187 122 234 90 160 150 93 246 53 206 198 244 113 206 183 248 87 238 191 140 205 157 183 162 194 239 254 128 46 212 36 93
155 159 58 253 53 223 247 243 23 111 86 55 170 188 182 233 220 122 191 67 239 248 97 187 230 123 116 131 86 140 188 93
25 24 250 119 162 147 63 87 119 238 118 228 25 166 227 104 127 237 166 132 205 188 173 98 222 207 55 0 98 246 37 221
152 157 114 221 21 221 179 242 223 92 124 55 40 191 38 197 239 122 166 66 246 248 50 247 115 217 2 3 83 45 109 251
29 58 235 161 228 11 103 210 126 106 126 230 19 165 227 104 125 76 6 28 129 156 164 2 222 207 55 164 170 250 115 241
138 153 176 155 185 253 16 142 159 77 76 1 172 188 103 204 197 91 171 80 6 24 250 243 15 117 22 115 146 93 13 95
61 178 203 105 160 11 103 218 86 106 244 230 147 231 232 40 93 74 6 30 139 178 108 34 206 197 183 164 251 249 176 241
29 151 207 243 180 131 99 208 23 73 215 246 83 65 168 105 125 130 14 60 171 209 45 189 250 203 37 192 188 136 240 113
217 218 75 123 0 130 97 176 119 74 102 118 123 67 168 121 112 172 46 206 233 148 45 119 214 239 242 64 59 128 96 48
133 34 251 125 164 10 101 19 126 66 119 212 151 225 144 40 51 104 6 12 147 244 165 66 198 253 114 0 236 224 195 224
189 66 203 241 132 171 97 19 22 225 87 246 147 1 144 104 120 168 14 28 155 212 101 2 204 207 181 128 173 200 208 48
149 34 86 1 162 138 168 65 188 50 115 82 220 192 168 11 39 45 66 62 48 245 9 66 4 128 71 4 200 32 129 129
58 152 235 253 37 215 95 246 31 79 222 39 59 188 182 96 215 255 191 5 203 157 117 191 195 127 54 146 22 205 244 125
59 26 235 237 50 210 127 83 53 206 222 229 57 190 182 112 119 254 191 142 201 155 37 235 210 127 182 128 46 199 244 93
10 152 58 221 37 223 55 242 223 78 86 39 42 188 54 108 237 122 191 65 214 189 48 255 67 127 18 131 86 205 60 95
25 58 235 101 34 211 127 83 119 202 254 228 59 239 246 112 127 234 158 142 137 155 181 106 218 237 182 128 46 198 32 249
170 253 48 155 249 245 16 238 31 77 100 49 172 254 39 212 221 59 151 80 166 154 114 247 47 87 22 235 18 28 46 223
153 190 111 97 182 155 99 83 119 233 247 246 19 5 162 96 127 168 30 60 171 189 45 30 250 207 39 132 239 136 112 113
138 252 176 155 125 221 48 206 31 125 92 27 174 156 110 196 215 91 155 17 38 90 250 243 175 85 28 127 18 28 141 223
153 222 111 249 52 131 97 251 85 104 214 246 83 7 178 104 125 128 14 188 171 188 109 158 254 207 183 196 62 136 112 113
153 34 251 121 130 10 111 91 126 67 118 86 157 131 208 104 51 74 14 28 211 188 37 66 206 239 54 0 236 224 161 225
9 130 203 113 180 139 99 151 126 67 86 214 211 1 176 104 51 138 14 28 131 180 101 14 204 207 54 132 172 216 208 112
17 13 92 71 146 43 42 55 44 2 106 226 125 38 128 112 55 147 30 168 145 152 5 93 188 134 34 128 181 194 1 57
65 130 144 129 6 42 96 14 14 33 74 66 198 128 232 64 51 12 42 56 2 176 133 130 4 164 18 4 180 202 17 8
42 157 234 206 53 255 127 214 207 77 222 39 170 253 182 228 214 123 159 5 147 153 112 255 103 125 42 131 158 207 244 127
10 158 178 223 181 253 187 246 31 76 94 39 172 253 55 228 255 123 159 1 150 184 50 251 103 127 18 203 22 158 45 95
138 244 48 155 245 221 180 239 31 125 84 57 172 222 110 196 215 27 151 17 246 94 122 247 47 85 30 239 18 92 143 223
25 154 251 107 182 138 107 156 126 73 126 230 217 3 144 112 51 202 14 156 147 184 45 110 238 207 54 128 239 147 225 105
10 223 250 254 181 245 123 214 31 77 222 167 187 253 182 228 255 187 159 1 139 169 48 255 251 253 178 195 158 158 124 123
10 176 48 147 229 221 180 239 31 127 93 61 172 222 110 148 159 27 151 17 214 90 122 211 47 87 31 239 18 12 143 223
29 159 127 105 178 138 107 178 117 73 126 230 251 3 144 112 118 196 14 252 163 184 37 126 254 239 39 192 239 145 97 113
