2 154 20 191 43 201 144 166 143 25 144 161 174 254 0 67 135 115 255 1 34 9 91 245 133 242 90 155 16 12 5 27
73 50 89 160 32 28 88 16 41 200 48 237 143 31 0 208 134 5 221 4 133 64 144 0 194 241 32 146 74 132 11 83
67 48 177 133 34 72 57 16 105 200 18 228 221 54 148 118 166 69 125 141 129 64 165 192 132 56 46 130 12 36 5 117
6 44 130 159 149 226 184 67 182 135 75 18 72 234 112 72 249 63 179 145 48 218 128 202 9 54 159 195 132 96 181 130
6 14 130 158 149 163 182 67 30 6 91 19 228 232 35 200 217 123 163 131 52 164 74 251 0 54 218 11 148 111 60 130
184 70 86 236 66 2 78 112 53 134 246 163 75 107 49 209 126 237 151 234 104 182 1 142 242 239 230 129 39 240 106 128
211 71 2 140 28 130 206 104 149 0 218 199 67 202 176 197 120 236 14 239 236 39 132 222 176 228 139 152 60 58 56 4
104 48 56 96 33 77 81 16 105 136 52 8 159 23 0 48 132 20 93 8 136 96 176 0 195 217 32 16 66 128 66 35
131 255 1 129 180 135 174 191 14 105 26 247 160 4 148 164 21 66 18 93 247 152 125 255 44 20 158 198 140 28 145 93
114 48 19 168 25 193 16 72 175 4 129 9 174 214 97 84 216 177 203 33 10 3 146 217 145 240 11 59 16 39 39 86
188 130 64 153 31 51 72 72 22 53 213 147 65 194 170 204 121 136 162 188 62 54 79 147 158 199 155 109 183 141 56 132
114 32 18 168 25 67 80 72 41 4 160 11 14 158 33 216 248 145 207 160 24 3 16 212 147 208 10 123 49 0 39 2
151 75 6 158 29 130 162 96 212 128 195 71 224 224 53 197 120 96 42 239 100 165 14 223 48 50 202 8 24 47 120 132
151 130 200 187 30 163 0 201 22 5 209 147 65 192 42 72 89 136 2 181 62 150 79 151 156 6 155 109 181 10 56 128
2 141 2 158 20 131 170 230 22 0 90 2 96 234 48 64 89 106 19 129 34 152 10 255 32 38 138 128 20 10 48 136
125 98 112 69 36 26 74 24 97 168 247 72 75 9 149 183 90 228 92 110 141 178 229 136 86 249 97 20 111 187 74 37
72 48 56 96 32 77 81 16 105 136 52 8 159 23 0 48 132 20 93 8 136 96 176 0 195 249 32 16 66 128 66 35
129 140 230 159 12 50 229 174 116 83 198 18 113 224 178 107 121 102 42 175 169 252 61 239 68 42 215 0 189 248 112 44
194 54 150 176 170 168 56 3 191 27 178 245 140 182 196 94 167 19 255 16 50 77 130 210 156 210 90 254 136 64 163 23
2 156 18 155 149 231 178 231 30 11 72 18 164 248 32 64 217 122 147 17 114 140 90 255 45 54 158 75 144 72 180 138
224 176 155 122 73 237 81 218 187 27 161 24 62 215 72 59 165 155 118 16 19 111 154 113 223 216 80 106 202 0 167 179
19 206 10 187 150 163 10 230 22 5 72 231 164 194 35 64 251 107 2 215 38 156 76 255 168 38 186 193 188 29 57 140
172 112 188 113 105 109 81 88 187 186 53 24 31 31 73 59 133 145 253 18 34 103 242 0 199 219 112 61 194 161 70 179
6 13 2 158 148 163 174 99 20 3 91 2 96 232 49 64 89 42 19 145 50 184 8 255 40 38 142 128 148 74 176 136
54 44 224 225 212 43 234 208 67 160 187 10 75 9 85 24 59 204 87 243 152 243 201 226 154 204 129 244 231 235 82 128
252 129 102 238 140 2 78 248 101 32 247 2 91 107 184 81 120 196 61 234 248 179 9 157 242 235 227 212 55 171 112 0
2 158 16 155 53 141 178 230 30 13 72 19 172 250 34 64 221 59 131 1 34 184 83 255 45 54 26 75 16 12 141 139
2 157 40 156 147 196 183 167 30 71 72 147 36 62 34 64 165 115 147 129 118 8 48 255 41 38 158 195 16 84 181 95
120 189 62 124 121 204 87 255 161 24 172 8 63 247 0 114 164 243 221 64 74 43 50 61 243 249 36 27 98 16 230 43
134 135 134 153 149 162 184 103 188 151 219 19 204 234 40 195 249 111 163 177 52 217 1 206 40 54 223 195 132 100 189 130
134 14 134 159 149 178 178 67 158 143 91 215 236 234 33 200 217 107 163 21 52 152 72 218 44 54 158 11 144 108 185 134
184 70 70 172 4 2 78 112 53 130 242 231 75 107 161 213 122 205 23 166 108 215 5 206 178 235 231 128 39 244 106 128
243 71 66 172 20 131 78 120 117 2 218 199 67 226 176 193 120 236 14 239 237 167 4 222 176 174 170 152 61 122 56 4
72 48 56 96 33 77 81 16 105 136 52 8 159 23 0 48 132 21 93 8 136 96 176 0 195 249 32 16 66 128 66 35
3 254 33 129 148 151 171 190 94 105 26 198 160 4 220 164 21 74 18 93 247 156 125 255 44 30 159 198 28 12 145 125
114 48 19 168 25 197 18 64 137 4 161 9 14 222 33 80 216 185 205 97 12 3 146 152 145 244 11 59 16 47 38 86
62 34 0 137 79 19 144 72 23 180 213 139 11 192 99 205 89 136 162 246 14 118 79 144 158 65 195 127 183 13 60 134
114 48 19 168 25 79 80 72 173 4 161 9 14 150 32 80 248 185 205 160 8 3 16 200 145 208 2 63 80 6 38 70
65 2 135 145 4 162 168 18 108 81 210 86 145 2 208 106 96 14 42 156 147 216 199 192 12 40 186 192 172 128 113 160
67 162 80 145 168 136 40 19 174 17 146 212 157 130 208 88 99 11 94 157 147 8 199 208 140 48 186 232 140 0 163 128
97 34 112 69 108 24 224 0 233 160 179 200 187 8 149 178 74 164 70 44 140 182 196 200 22 56 96 16 77 169 90 136
215 66 134 156 12 2 160 104 244 194 195 87 192 226 61 207 248 228 42 175 45 199 7 204 16 34 218 0 8 45 121 4
54 162 8 169 78 67 130 200 22 180 209 131 64 192 107 73 89 136 35 247 14 118 79 145 156 0 203 125 181 43 52 130
2 141 2 158 20 131 170 230 22 0 90 2 96 234 48 64 89 106 19 129 34 184 10 255 32 38 138 128 20 10 48 136
90 34 212 161 43 8 120 0 171 181 51 185 143 11 72 218 166 149 237 144 22 0 131 192 158 241 26 223 166 132 15 3
113 66 96 69 36 26 74 48 97 160 246 138 75 9 151 55 58 228 68 110 204 178 229 136 54 249 128 17 103 187 90 4
104 48 56 96 33 77 81 16 105 168 52 8 159 23 64 48 132 149 93 8 136 96 240 0 195 217 33 48 66 128 66 35
153 4 238 221 12 50 225 42 118 147 70 18 113 224 57 107 121 230 42 140 32 244 47 207 77 46 211 0 181 232 112 32
131 182 150 145 186 168 56 3 190 115 10 245 156 182 192 91 167 23 127 156 179 77 131 211 140 54 122 226 140 64 131 17
0 156 18 155 181 229 182 231 30 11 72 16 172 252 32 64 217 123 147 17 50 156 90 255 45 54 30 67 144 72 181 155
231 248 181 88 105 173 113 218 235 27 52 92 30 219 77 63 173 145 118 24 131 103 154 241 31 152 81 110 218 129 98 163
17 78 10 191 22 147 170 226 86 4 216 231 225 224 179 64 91 42 2 157 174 152 76 191 168 38 174 128 188 27 56 204
236 48 188 112 105 109 81 88 251 187 165 24 159 159 73 27 133 21 253 24 34 101 242 0 195 219 112 63 194 65 71 147
2 140 2 158 148 163 174 231 22 1 88 2 96 232 48 64 89 106 19 145 50 184 8 255 40 38 142 192 148 74 176 136
118 176 27 248 201 237 17 75 191 63 161 24 142 215 96 88 201 187 239 16 26 79 250 211 217 215 27 127 144 0 167 34
60 100 226 226 84 43 202 208 97 160 190 10 75 73 221 24 123 204 87 251 136 243 13 168 218 205 165 180 231 251 82 128
252 129 110 236 140 18 78 248 101 160 247 2 91 235 185 113 122 196 61 234 248 163 45 156 242 235 225 148 55 171 112 0
2 156 16 159 181 141 178 231 30 13 72 19 172 254 34 64 221 123 131 1 54 184 82 255 45 54 30 67 24 12 141 155
86 117 18 174 27 195 22 232 191 132 233 171 108 222 45 80 250 249 207 226 64 3 138 222 177 212 15 63 16 55 39 195
120 189 62 126 233 204 85 255 169 24 188 8 63 191 0 19 164 247 253 72 74 107 186 61 243 249 100 57 66 0 198 59
179 70 70 188 4 2 78 120 117 2 242 198 83 98 177 85 122 237 30 175 237 215 5 206 176 230 238 144 61 248 114 4
104 48 56 96 33 77 81 16 105 136 52 8 159 23 0 48 132 21 93 8 136 96 176 0 195 217 32 144 66 128 66 35
58 32 0 137 79 83 176 72 7 180 212 139 0 136 99 15 104 136 195 177 12 115 199 144 22 65 131 63 119 45 28 198
56 16 18 168 17 79 80 64 41 0 225 9 14 159 32 80 248 153 133 160 8 183 16 136 147 209 2 23 99 10 102 18
67 162 80 153 42 137 40 19 174 17 146 212 157 130 208 72 39 131 94 156 147 8 135 209 156 24 58 232 156 128 161 1
105 64 96 68 100 24 232 64 233 0 178 136 11 8 149 154 74 165 70 73 140 167 68 200 22 57 128 17 79 169 74 132
65 0 135 141 12 98 161 72 244 66 195 70 80 160 179 111 120 100 42 173 133 245 183 200 20 34 210 4 136 104 112 116
54 48 0 136 78 67 130 200 134 180 209 143 68 196 105 8 88 200 99 243 2 103 90 152 29 0 139 61 49 43 20 146
130 141 2 158 20 131 170 230 150 0 90 2 96 234 48 64 89 106 19 129 34 152 10 255 32 38 138 128 20 10 48 136
82 34 208 161 59 168 120 2 43 49 34 201 143 2 64 218 166 149 239 148 22 9 129 192 156 208 26 231 160 133 11 4
112 64 96 69 5 27 198 96 97 164 246 11 67 9 23 20 120 196 68 106 204 178 69 140 50 248 129 17 103 191 90 6
104 48 56 96 32 77 81 16 105 168 52 8 159 23 64 48 132 148 93 8 136 96 240 0 195 249 33 48 66 128 70 51
216 4 198 221 5 50 225 10 118 23 70 18 193 97 48 107 113 166 42 152 32 244 39 134 69 175 211 1 179 104 112 0
24 142 0 185 30 163 0 207 22 1 64 147 97 194 40 192 89 11 130 149 62 158 79 159 156 6 155 109 180 12 184 136
131 165 156 153 186 168 57 19 190 83 74 244 156 178 192 107 39 19 123 156 179 220 135 215 140 62 122 192 140 192 129 41
2 156 146 155 181 239 182 231 30 11 72 3 172 254 32 64 221 123 147 17 50 188 90 255 45 22 30 75 144 72 165 155
231 122 213 88 109 157 240 222 235 27 48 92 14 153 197 191 173 1 70 92 131 111 138 240 31 152 83 110 219 145 67 165
17 79 10 175 20 131 78 119 84 4 218 231 241 224 179 64 90 42 14 173 174 137 77 63 224 167 175 128 180 154 56 72
220 48 188 112 41 108 81 24 187 186 165 24 159 151 73 59 132 149 253 2 40 103 178 0 211 219 112 63 226 97 71 51
2 140 2 158 148 163 170 231 22 1 90 2 96 234 48 64 121 106 19 145 50 152 8 255 40 38 142 192 148 78 176 136
106 188 180 242 137 237 16 195 155 31 164 25 174 191 108 27 137 19 235 16 58 111 154 243 219 215 90 127 210 76 135 74
226 165 132 152 219 177 144 79 155 55 137 27 12 170 102 138 137 27 235 17 54 107 138 211 27 86 95 127 146 76 159 206
114 184 155 248 201 237 17 203 187 63 168 24 142 151 96 88 201 187 239 16 26 11 242 243 217 213 27 127 144 0 167 162
52 100 234 230 84 43 74 216 113 160 191 10 83 201 121 26 122 204 87 251 136 243 13 138 242 205 165 148 229 251 114 128
252 73 102 236 204 18 78 248 113 160 247 2 91 203 189 81 122 196 61 234 232 163 173 140 242 235 225 156 103 187 114 0
2 156 18 159 117 197 178 230 30 13 72 19 172 254 34 64 205 59 131 1 38 152 82 255 45 54 26 67 16 12 173 139
86 117 18 174 27 195 22 232 175 132 233 171 108 222 45 80 254 249 239 226 64 3 138 223 177 212 15 63 16 55 39 195
58 32 34 136 79 17 144 72 135 164 148 11 12 141 103 138 200 153 203 224 4 35 66 152 23 81 139 63 19 47 60 198
56 16 27 232 29 111 80 64 161 68 225 8 31 159 33 16 216 153 133 32 8 167 48 140 147 217 0 31 112 43 102 210
1 146 197 209 196 168 105 19 102 89 82 86 145 2 208 106 99 14 62 156 147 248 231 192 12 168 178 192 172 128 241 177
120 65 64 4 77 24 192 64 105 36 246 11 10 8 23 150 104 132 198 99 76 179 197 204 22 105 130 17 103 62 90 142
81 0 175 141 12 98 161 66 228 85 199 18 208 164 179 106 96 4 42 156 129 213 181 192 20 34 250 0 128 40 117 228
54 96 1 140 78 3 130 72 134 160 176 75 68 200 97 10 216 217 74 227 8 35 202 152 17 0 139 62 17 59 51 130
130 141 14 158 20 130 174 226 148 2 218 2 96 234 48 65 121 106 27 195 32 153 10 255 32 38 202 128 20 40 48 136
83 162 1 129 2 168 40 3 175 53 162 197 141 2 64 222 34 133 110 156 19 8 149 208 156 144 26 224 136 0 35 20
242 65 98 100 69 11 198 96 97 164 250 11 67 8 21 16 248 196 69 99 204 183 69 140 179 232 128 19 101 58 86 14
104 48 56 96 33 77 81 16 105 168 52 8 159 23 64 48 132 149 93 8 136 96 240 0 195 217 33 49 66 128 66 35
200 4 238 221 197 242 105 3 118 23 78 18 201 163 82 203 97 14 42 152 50 220 231 194 79 239 210 65 167 64 253 224
50 138 128 187 79 161 160 202 22 53 72 131 165 195 98 200 89 10 163 145 30 154 75 177 148 6 155 109 181 14 56 138
139 165 220 145 248 184 41 39 190 19 78 144 157 162 210 237 39 15 122 156 54 220 231 215 76 63 94 64 134 192 137 136
2 156 146 155 245 231 182 231 30 11 88 51 172 254 32 64 221 59 147 17 50 184 90 255 45 54 30 75 144 76 181 155
99 107 213 90 236 157 236 196 235 184 48 72 174 138 212 187 142 99 70 92 199 107 138 240 30 24 86 42 89 208 203 141
153 79 74 175 52 147 78 113 84 4 223 231 115 224 178 64 120 234 14 239 236 185 109 63 224 231 167 128 61 170 248 72
220 48 188 112 41 109 80 83 171 187 165 24 158 159 73 27 135 145 253 16 26 103 210 192 219 219 80 127 194 64 7 19
2 141 10 158 148 163 174 231 22 1 90 2 96 234 48 64 89 106 19 145 18 184 8 255 40 38 142 192 148 74 176 136
122 184 180 250 137 237 16 195 155 29 164 25 174 255 108 27 137 51 235 16 18 107 154 241 155 211 90 123 210 76 135 83
98 188 155 248 249 237 17 79 191 41 232 8 158 215 96 112 201 187 207 16 26 11 242 243 217 213 27 123 208 64 167 42
56 77 102 236 84 2 110 117 85 128 254 2 123 105 49 64 120 236 23 234 232 179 1 172 242 237 166 128 103 186 112 136
180 100 235 230 84 43 107 216 85 162 251 10 83 73 121 24 122 204 87 250 168 247 9 138 250 205 165 148 229 251 114 160
252 69 110 238 68 18 78 248 117 128 247 2 91 235 189 81 122 228 63 234 232 179 45 142 242 233 229 4 119 187 112 0
2 156 24 155 181 205 178 231 30 13 72 19 172 254 34 64 223 59 131 1 54 152 82 255 45 22 30 67 16 12 141 143
81 0 175 137 13 114 161 66 228 85 198 2 144 148 243 110 104 132 170 152 129 177 231 192 213 33 186 65 130 12 117 100
54 97 2 140 76 7 134 72 4 160 184 10 70 128 97 2 216 244 74 226 72 39 192 136 176 128 139 62 81 59 48 128
146 12 14 190 28 130 174 104 148 2 210 2 113 234 48 65 120 103 59 227 96 201 11 255 240 35 235 128 20 40 48 128
91 32 3 129 67 248 105 67 42 85 166 134 157 6 66 254 96 129 110 156 19 25 183 208 156 0 154 100 168 4 35 116
114 69 66 100 69 15 198 96 65 162 250 11 66 8 21 16 248 228 71 99 72 179 81 142 49 168 128 18 97 59 86 10
104 48 56 96 33 29 81 16 105 168 180 8 159 23 64 54 132 212 93 8 136 96 240 128 195 249 33 50 66 128 66 35
8 134 238 241 213 250 97 3 126 23 78 18 137 162 82 76 97 14 170 152 54 220 247 210 79 247 210 65 162 68 253 198
32 235 0 169 207 137 162 206 6 37 216 139 133 192 99 128 88 136 195 213 6 50 79 177 28 4 139 125 245 31 152 138
11 164 208 155 249 185 41 7 62 23 79 144 141 162 82 236 35 11 58 156 18 24 231 247 76 31 30 105 150 196 169 236
2 157 145 155 181 237 182 239 30 1 72 2 236 254 32 64 215 59 147 17 50 184 91 255 45 54 30 67 144 72 165 154
33 235 80 3 236 137 236 199 234 48 120 77 168 136 84 146 202 139 66 85 198 58 206 240 52 24 22 40 77 90 203 140
2 157 146 155 181 197 186 103 30 1 72 2 172 254 32 64 221 59 179 145 18 152 82 255 45 54 158 67 144 8 181 139
153 15 78 190 52 147 78 121 84 12 215 247 115 96 186 65 88 224 14 238 236 181 77 191 242 239 163 144 62 234 248 65
76 48 188 240 171 125 81 23 171 187 180 24 158 159 64 26 135 145 253 16 26 103 242 192 219 217 82 127 194 64 135 19
0 141 11 158 148 131 175 239 22 1 88 2 113 234 48 64 120 42 19 145 18 184 0 63 104 38 174 192 148 10 176 136
98 162 132 154 251 177 176 199 159 61 145 187 140 200 110 138 169 11 227 17 22 79 202 209 30 22 159 251 148 12 159 135
50 205 98 237 84 131 238 102 245 0 250 2 43 11 52 64 106 169 23 225 232 187 0 239 178 237 130 0 119 168 112 136
180 100 235 230 84 98 207 200 117 162 231 26 83 201 61 25 122 204 19 234 105 247 61 10 115 142 133 4 101 251 114 160
252 69 110 238 84 66 79 232 85 128 231 2 83 233 61 113 120 196 59 234 104 183 61 142 243 235 199 5 119 187 112 0
49 203 75 236 86 131 207 116 196 0 250 102 115 201 176 96 122 232 6 238 201 187 36 61 240 173 162 136 125 170 112 169
2 168 224 155 209 249 169 199 127 5 124 16 140 166 118 116 115 11 2 145 22 26 182 243 13 20 158 235 146 70 167 230
2 141 149 155 151 239 176 207 30 1 72 2 236 254 32 192 241 59 147 17 18 184 91 253 45 54 31 75 144 8 161 138
33 227 2 163 197 157 230 197 234 41 121 77 172 200 126 144 248 106 66 79 86 56 204 241 60 20 38 40 73 90 219 140
125 86 102 174 180 54 70 56 101 74 223 70 83 104 186 96 117 228 30 47 237 183 13 143 242 239 167 144 62 251 248 21
106 56 178 64 235 253 113 87 171 185 52 56 158 159 68 62 167 149 255 16 18 79 178 192 223 217 16 255 194 0 199 19
16 205 11 173 20 131 79 189 4 0 218 66 243 35 48 64 120 46 29 233 72 152 65 63 224 165 170 128 52 170 49 40
98 170 162 186 235 241 144 199 139 61 144 175 140 142 102 136 175 171 227 21 22 75 138 241 30 84 155 251 150 12 191 215
10 191 18 248 249 237 19 87 191 13 252 120 174 151 32 244 205 59 206 16 18 11 162 255 185 212 58 251 146 0 135 171
184 205 110 236 21 130 78 102 213 0 230 2 35 137 48 65 104 172 27 201 104 187 16 175 243 235 130 17 119 40 120 138
207 182 244 49 169 56 80 27 123 123 55 125 142 30 206 159 135 23 252 17 183 124 225 194 142 219 114 246 206 197 139 87
98 56 250 64 227 253 240 87 171 169 124 56 12 159 68 30 166 185 215 16 146 26 176 192 31 220 18 171 194 192 167 155
46 181 115 66 245 253 199 255 65 232 252 74 10 253 252 148 92 154 151 120 219 58 56 254 59 28 5 126 119 222 214 229
212 68 158 181 9 110 48 2 188 150 131 16 222 62 1 75 161 117 121 35 32 197 147 194 129 243 90 19 0 113 37 2
154 146 228 129 35 114 185 30 15 127 148 183 13 14 222 206 119 149 189 181 150 68 101 208 222 67 251 231 191 132 61 213
135 22 164 149 207 50 188 15 191 255 7 183 200 44 222 207 133 71 187 181 180 212 119 194 14 50 223 199 142 100 153 215
218 146 248 161 35 112 57 92 46 93 20 183 77 31 202 202 55 17 189 181 151 69 167 209 218 193 59 199 175 4 45 115
