50 1 114 232 77 197 88 64 137 0 176 11 42 155 52 20 232 177 151 209 14 35 18 208 147 220 138 59 87 14 108 6
82 185 144 178 185 205 16 143 175 61 128 25 174 214 68 150 129 19 233 17 22 75 218 241 153 208 31 127 146 4 143 31
233 47 77 101 52 10 111 55 112 168 126 236 243 33 144 51 16 230 108 108 249 248 229 14 230 251 100 144 108 162 82 40
94 176 144 178 137 253 16 75 171 189 161 25 143 158 74 154 129 151 237 17 30 75 218 145 155 213 25 127 130 68 143 23
233 110 205 101 36 14 111 52 113 170 118 108 243 33 144 51 16 228 108 110 233 252 229 14 230 251 96 128 78 184 82 41
131 90 27 233 116 132 251 21 60 9 112 100 189 27 176 97 150 41 23 221 243 156 0 205 228 152 170 192 28 128 193 169
129 10 95 237 36 46 105 16 108 10 115 228 253 35 177 105 134 37 62 46 161 148 1 233 196 251 106 128 12 225 1 41
0 32 6 137 74 11 160 72 102 32 194 2 128 130 0 64 104 140 106 128 0 179 197 16 148 0 2 32 64 8 32 128
0 32 6 129 72 9 32 64 36 0 226 10 128 130 0 64 104 132 106 128 0 179 199 0 20 0 131 24 1 8 51 128
112 0 2 137 72 9 160 64 102 32 226 2 192 130 32 64 104 140 106 0 0 147 197 16 148 32 130 0 65 8 48 128
0 0 6 137 72 9 32 72 230 32 194 10 128 128 32 64 104 140 106 128 8 179 197 16 20 32 2 24 1 8 35 128
0 32 6 137 72 11 32 72 102 32 194 2 128 128 0 64 104 140 106 0 0 243 197 16 20 32 2 32 64 8 32 128
0 32 6 9 72 9 160 72 102 32 194 8 192 192 0 64 104 12 106 0 0 211 199 16 20 0 3 8 1 8 51 128
112 32 2 129 76 9 32 64 44 32 162 10 134 130 0 16 232 132 74 0 8 35 193 64 148 32 2 51 64 8 2 4
64 34 64 129 72 9 96 64 108 32 226 8 131 2 0 80 104 140 106 8 0 50 197 0 148 32 130 40 32 8 67 128
0 0 6 137 12 3 32 72 214 32 194 2 192 192 32 64 88 12 106 8 0 211 3 16 20 34 131 0 16 8 48 128
32 32 2 9 72 7 160 72 118 40 226 66 16 192 32 64 120 12 106 0 0 243 203 16 20 32 35 40 81 8 32 128
24 0 6 8 75 3 32 64 52 0 194 0 64 194 32 64 120 12 106 128 0 211 131 0 85 1 3 1 0 0 43 130
58 0 114 232 85 197 218 72 201 4 249 11 11 219 44 148 248 185 149 226 72 35 16 208 147 220 138 59 115 14 116 134
114 185 24 178 25 221 16 207 171 61 136 9 174 214 66 144 133 155 205 17 30 75 218 113 155 213 25 123 16 4 143 15
233 47 47 101 36 14 111 53 121 234 118 76 243 33 144 51 144 100 108 110 233 248 229 15 230 251 96 16 72 168 210 41
94 177 144 178 153 253 80 207 171 61 169 25 143 222 74 154 129 155 205 17 30 75 218 145 155 213 29 127 130 4 143 86
201 110 175 101 36 14 109 48 121 234 118 76 243 33 145 51 148 100 108 110 233 244 225 8 198 251 96 128 74 248 82 41
205 18 159 253 160 38 57 17 188 27 83 116 220 115 160 107 166 53 63 12 177 132 3 194 199 251 122 128 154 225 161 33
124 177 144 178 249 253 80 203 171 189 169 25 15 222 74 154 133 155 197 17 30 75 218 177 155 213 61 127 162 70 142 19
129 82 31 251 36 135 57 220 92 26 116 116 188 19 169 105 134 25 30 110 227 132 18 253 197 217 42 130 24 145 33 169
201 148 159 248 131 38 57 23 253 91 87 84 220 115 40 123 231 23 61 152 177 197 50 194 201 251 122 198 152 64 161 35
