215 74 206 181 12 34 234 64 132 230 194 135 97 168 179 75 108 229 121 239 172 213 133 168 208 99 203 144 45 253 56 88
67 8 134 191 13 135 164 104 148 2 210 3 224 234 32 194 248 100 106 167 36 227 27 253 17 34 203 9 28 120 56 6
2 142 10 154 22 129 154 236 22 5 88 231 96 234 56 64 93 59 3 129 38 170 11 191 104 38 155 136 28 10 180 154
50 32 4 161 12 75 160 72 30 164 194 131 195 128 64 64 248 140 107 129 8 243 91 144 157 128 143 51 81 8 20 130
97 32 115 65 101 29 232 64 105 0 240 72 138 24 148 180 234 133 70 9 133 114 212 192 23 24 0 18 79 136 75 132
54 130 12 153 157 19 130 200 22 52 208 131 226 200 58 192 217 8 170 149 46 115 79 159 140 22 143 127 21 12 56 134
97 32 113 64 101 29 248 80 105 64 180 72 10 9 148 180 238 133 70 8 133 98 244 192 23 88 0 18 79 136 74 133
52 134 12 153 156 131 138 200 22 53 208 131 193 74 58 64 89 10 106 165 46 227 79 159 168 6 143 85 29 8 56 128
97 32 115 65 100 73 248 64 121 0 112 8 154 152 20 176 186 205 70 9 129 114 244 192 23 152 0 2 77 136 67 165
32 34 72 169 76 9 232 64 77 32 240 139 131 8 20 2 106 201 78 1 4 114 197 192 20 152 2 49 69 8 83 134
32 0 4 169 12 11 224 72 30 164 210 131 195 128 32 64 88 140 110 129 8 243 79 144 140 144 143 49 85 8 21 128
97 32 115 64 101 89 248 64 105 0 240 8 138 154 148 182 170 197 70 8 133 114 244 192 23 152 0 18 79 136 67 135
52 162 12 153 156 3 162 200 22 180 208 3 192 200 122 64 217 8 42 149 62 115 91 151 156 6 143 125 21 8 56 132
97 32 115 64 101 29 248 64 105 0 240 72 138 26 148 182 174 197 70 8 133 114 240 192 23 248 0 18 75 136 67 133
53 162 12 185 156 131 130 200 86 53 208 147 195 200 58 64 217 10 106 37 62 114 79 159 172 6 143 117 25 8 184 132
82 32 90 176 70 136 120 64 189 0 242 3 140 202 32 80 250 173 127 128 8 83 128 192 149 144 138 131 32 0 35 130
97 32 115 65 101 29 248 64 105 0 112 8 138 24 148 182 170 197 70 9 133 114 244 192 23 24 0 18 79 136 75 135
52 130 12 153 156 3 138 200 22 48 208 3 224 202 58 64 217 8 43 181 46 242 91 159 173 6 143 117 21 8 56 130
55 162 4 137 157 19 138 200 22 52 208 131 193 72 58 192 217 8 234 165 46 114 79 159 172 70 143 117 29 12 56 132
48 32 5 129 76 11 161 72 30 160 210 194 211 128 64 192 120 140 106 136 9 243 79 144 156 128 175 48 125 8 16 160
88 48 120 224 35 92 81 16 41 12 52 40 159 31 128 80 166 149 221 0 0 64 160 128 195 249 32 147 98 128 71 51
32 34 66 129 77 9 224 64 205 36 242 11 138 136 22 2 234 205 202 5 4 243 197 192 20 24 130 51 69 12 123 134
50 32 4 169 13 75 176 72 30 164 210 139 195 136 98 64 248 141 111 129 8 243 75 144 157 192 143 59 53 8 21 194
19 134 4 153 29 19 138 200 22 49 208 83 224 202 58 197 89 8 234 165 46 227 79 159 172 134 143 125 29 12 184 132
54 134 4 137 157 19 138 200 22 48 208 131 193 74 58 192 89 8 234 165 46 99 79 159 168 70 143 117 29 12 56 132
37 166 12 169 220 3 234 200 86 48 208 194 211 65 56 64 89 8 42 173 59 114 95 159 172 134 175 116 61 136 16 128
53 130 13 169 156 3 203 200 86 48 208 194 209 65 56 64 89 8 42 173 42 114 79 159 172 134 175 116 61 136 48 128
97 32 115 65 101 93 248 64 105 0 240 8 10 25 148 182 234 197 70 8 133 114 244 192 23 88 0 18 79 136 74 134
50 0 4 169 13 11 224 72 31 164 210 131 195 136 34 64 248 140 111 129 12 243 75 144 140 208 143 51 49 12 20 130
33 32 90 129 108 137 232 64 237 32 112 10 142 136 52 16 234 173 78 1 4 115 212 192 20 56 2 32 77 8 67 128
48 32 6 161 13 11 160 72 30 164 210 3 195 136 114 0 248 140 111 1 12 243 75 144 156 208 143 49 85 8 21 130
145 13 71 254 20 135 111 112 212 0 218 70 115 225 176 229 121 234 14 238 105 185 28 191 176 174 163 0 61 170 112 160
32 34 66 129 77 29 224 64 205 32 242 11 139 136 22 130 234 201 206 5 4 243 192 192 20 217 130 51 69 12 91 134
49 33 3 136 92 13 234 88 70 160 248 74 17 200 240 36 120 136 2 204 137 50 205 152 60 140 135 40 61 138 112 160
56 0 12 169 13 11 240 72 30 164 210 131 199 8 2 64 88 140 239 129 12 240 77 144 140 193 175 49 117 12 29 130
33 33 67 193 85 141 227 80 108 32 122 10 159 153 48 32 120 237 82 9 1 178 240 192 117 156 130 32 77 10 67 160
104 32 121 96 4 77 81 16 96 0 36 8 23 19 0 48 128 148 64 8 8 96 240 0 195 233 0 17 96 128 70 34
104 48 49 96 33 29 81 16 105 136 52 72 31 19 128 52 132 148 213 8 137 96 176 128 195 249 32 18 66 128 66 35
129 141 6 158 28 135 174 226 212 2 82 70 112 226 180 101 121 106 10 238 103 185 28 255 32 46 203 0 29 40 112 140
54 130 4 153 157 19 130 200 86 52 208 131 194 200 58 192 217 8 234 181 62 99 79 159 168 22 143 119 17 12 56 134
96 48 57 96 32 77 81 16 40 136 48 72 151 23 0 16 134 21 93 8 1 96 176 0 193 185 32 0 64 0 71 51
161 129 69 249 84 143 232 55 86 33 80 214 179 8 48 224 88 170 2 29 187 184 85 159 13 190 146 64 189 136 240 168
104 48 56 96 33 93 81 16 105 136 52 40 159 31 128 16 134 21 221 8 128 96 160 128 195 249 32 147 98 128 70 35
9 169 147 105 66 204 39 71 98 1 104 0 180 147 64 52 50 58 66 8 83 154 176 113 69 172 50 104 80 194 163 171
80 34 26 161 34 42 44 67 44 32 194 197 151 2 1 208 54 133 76 164 4 145 129 76 208 161 42 0 40 32 43 1
0 157 27 189 20 199 163 103 30 9 72 67 181 255 32 64 201 59 19 1 34 152 81 63 229 166 58 0 16 8 181 186
82 48 81 224 98 9 121 80 45 132 240 170 158 31 68 20 166 149 223 0 0 115 128 192 215 248 2 130 102 128 7 51
82 34 74 160 70 8 106 64 61 0 242 199 157 138 196 80 126 141 127 132 8 83 197 194 148 172 171 128 45 128 35 128
64 32 10 177 204 164 40 3 46 17 66 18 157 138 80 72 96 15 59 145 18 24 195 208 221 225 154 64 164 0 161 0
53 97 19 164 68 11 234 64 12 160 242 78 151 0 161 130 122 197 78 235 73 179 65 136 148 160 171 48 77 59 49 160
35 205 116 219 93 151 80 135 223 21 226 6 234 88 54 101 73 162 10 144 190 170 127 253 46 58 146 82 151 140 240 78
82 40 26 177 6 136 120 64 173 0 178 2 140 138 64 80 234 165 127 128 0 75 145 192 149 176 139 131 0 0 39 6
33 32 82 145 109 141 232 64 237 32 114 11 140 136 54 18 234 237 74 1 4 243 192 192 20 24 2 35 77 8 75 134
32 34 82 129 109 137 232 64 237 36 114 11 139 136 54 2 234 237 78 1 4 243 196 192 148 88 130 35 69 12 91 134
53 166 8 169 220 131 194 200 86 36 216 2 67 192 120 64 89 136 2 188 58 50 79 151 188 134 135 108 181 138 120 128
33 32 82 129 108 137 232 64 108 32 114 138 143 136 144 130 106 237 66 9 0 242 197 192 20 152 130 32 77 136 75 128
2 8 158 159 12 130 168 66 172 160 194 3 228 226 32 66 232 103 106 129 0 217 129 224 149 34 154 3 0 40 49 138
52 160 12 153 156 7 138 200 22 48 208 3 224 200 58 64 217 8 42 149 62 243 91 159 140 6 143 125 29 8 56 128
97 32 123 65 100 29 248 64 105 0 240 72 154 26 148 50 238 197 70 8 133 115 244 192 23 152 0 18 77 136 67 133
80 24 143 190 13 198 164 104 150 66 194 7 244 226 32 67 248 102 106 167 109 195 91 253 145 34 203 17 24 104 56 18
33 32 82 129 77 29 232 64 233 32 240 11 142 136 22 146 234 205 78 1 12 115 212 192 22 88 2 49 77 12 75 134
50 32 12 169 12 11 160 72 30 180 208 139 195 8 82 64 249 140 111 145 12 241 79 144 157 194 143 55 84 8 28 130
90 160 88 161 98 169 249 83 62 17 244 26 29 131 64 25 110 137 19 152 18 26 144 208 220 129 154 104 176 128 35 160
50 34 4 161 13 75 224 72 30 164 210 131 195 136 114 64 248 140 111 1 12 243 75 144 140 208 143 49 85 8 21 130
195 10 135 157 12 34 169 18 228 83 210 215 200 162 179 207 105 36 42 141 133 221 199 192 4 34 250 128 140 108 49 76
97 32 115 64 100 89 248 64 105 0 176 8 154 26 148 178 234 197 70 8 133 99 244 192 23 56 0 18 79 136 67 135
109 50 250 97 36 46 113 24 105 173 63 76 159 27 202 58 150 4 76 60 152 176 161 0 207 221 33 85 202 171 74 67
32 163 201 185 52 139 232 7 22 97 82 247 131 136 208 128 72 170 6 29 159 184 69 144 140 16 186 240 180 140 212 152
97 32 115 65 101 29 248 80 105 0 240 72 138 24 148 182 238 197 70 8 133 115 244 192 23 88 0 18 79 136 66 133
97 32 121 65 100 29 248 64 105 32 240 72 154 9 148 48 234 133 70 8 133 114 244 192 23 216 0 50 79 136 74 132
104 48 113 64 101 93 89 16 105 136 52 40 30 25 132 52 134 148 86 8 128 96 224 192 87 216 0 18 98 128 70 39
32 32 76 161 76 75 224 72 86 164 244 138 129 128 82 4 120 140 98 140 8 114 95 144 92 128 135 57 53 136 124 128
99 32 113 64 101 29 248 16 105 8 116 72 138 24 148 180 174 132 70 8 133 112 244 192 23 216 0 18 79 136 66 165
24 176 186 112 169 253 80 71 235 29 181 57 159 155 66 26 167 155 221 16 30 43 146 145 219 221 18 123 194 4 143 203
67 0 134 156 12 130 232 72 230 128 210 198 211 194 48 194 104 229 126 141 13 195 215 208 148 176 138 24 28 8 57 0
101 104 251 68 108 9 224 66 233 128 120 72 147 137 85 58 136 128 66 92 129 50 214 64 4 152 0 12 205 185 82 160
3 132 7 159 29 151 170 236 86 16 192 70 96 224 60 229 89 74 10 173 167 161 95 255 32 46 155 12 29 12 120 140
2 169 10 155 22 129 184 103 158 65 72 135 180 206 34 64 232 43 27 149 86 153 18 125 172 20 154 203 28 10 185 154
252 122 112 100 97 30 85 16 97 142 116 108 11 19 131 159 38 252 196 106 200 182 224 136 214 249 96 139 98 183 78 225
57 73 67 205 84 138 239 112 69 192 250 198 51 9 181 228 120 236 18 238 201 186 117 172 52 172 130 0 111 170 112 168
173 82 117 69 37 95 113 24 105 174 54 104 219 25 157 191 30 84 230 106 233 244 97 192 71 217 97 132 66 189 70 229
0 221 19 255 86 199 43 253 31 8 88 66 116 247 40 68 255 59 19 96 99 152 90 255 45 182 6 66 48 10 165 185
85 87 121 229 54 6 111 48 104 168 127 96 93 55 129 114 54 117 20 106 193 144 33 76 229 172 35 128 36 243 97 33
134 159 132 159 155 224 182 175 158 95 137 181 228 110 42 195 133 67 235 163 118 73 75 255 40 54 223 211 144 70 189 87
134 159 12 190 154 224 182 175 158 31 137 245 228 102 42 67 151 67 235 163 118 73 10 127 40 38 223 211 144 86 173 95
109 1 113 101 116 26 105 58 97 168 118 72 155 1 145 180 58 132 68 104 201 176 229 12 102 249 33 4 111 160 66 161
57 131 192 233 22 131 75 88 86 33 209 214 19 1 176 228 88 136 2 156 155 178 77 150 220 205 163 116 189 138 80 160
96 169 248 110 106 137 87 229 171 25 184 40 54 223 100 16 134 179 119 64 66 11 234 113 247 156 37 187 112 130 134 11
243 79 71 30 206 0 206 230 128 194 216 238 99 224 181 135 76 226 104 199 233 11 142 175 48 32 237 184 61 255 242 60
83 21 115 197 38 18 252 119 105 74 122 231 28 63 180 112 166 53 21 161 196 184 49 202 18 124 26 130 101 224 101 95
162 199 74 154 30 129 130 237 22 5 80 179 97 200 184 64 89 42 3 193 102 166 15 191 32 38 155 9 21 10 180 138
113 32 115 65 101 89 248 64 105 0 240 10 11 24 20 180 234 133 198 8 132 51 244 192 23 248 2 3 103 136 107 134
33 32 65 165 108 13 225 64 111 160 242 74 155 8 84 2 106 204 78 9 8 243 193 208 148 152 131 56 69 8 83 160
33 32 5 137 76 11 225 72 142 176 146 74 194 0 192 196 73 140 110 8 9 241 77 208 156 16 143 52 125 8 16 160
36 132 5 187 158 131 138 232 22 17 208 215 241 200 56 64 89 11 19 181 35 114 75 191 44 134 159 124 29 10 176 144
88 50 88 224 34 73 88 16 41 12 52 40 159 31 64 16 166 149 221 0 0 96 128 192 210 217 34 131 98 128 15 19
80 16 143 189 13 71 164 104 150 74 210 35 244 254 34 194 248 228 238 161 13 195 91 221 213 35 235 25 20 104 61 82
3 12 6 159 29 134 172 104 214 18 210 70 96 226 60 231 121 102 42 175 101 201 31 253 48 42 203 0 25 40 112 4
72 50 120 96 98 24 121 80 105 12 180 40 31 31 132 20 166 149 223 8 128 96 160 192 214 249 32 147 98 128 71 35
114 32 74 248 79 2 232 72 57 4 240 7 8 195 36 144 120 141 7 128 8 243 146 192 22 40 139 169 125 136 106 130
145 12 7 190 20 134 239 96 212 2 194 66 113 226 48 97 120 238 58 239 105 153 31 191 177 174 202 0 56 40 112 160
113 32 123 64 102 89 248 64 105 32 240 10 26 26 20 48 234 141 70 1 132 115 212 192 23 56 2 34 101 136 107 134
121 0 131 188 77 208 98 72 119 40 208 74 206 194 32 208 248 236 174 129 15 82 203 211 148 164 171 57 27 12 56 6
17 12 3 222 20 135 70 96 84 2 202 66 115 240 176 100 120 226 42 238 105 187 29 191 176 174 131 0 57 170 112 36
17 32 30 177 70 139 160 64 252 32 114 3 140 138 52 64 250 45 74 1 4 241 21 192 148 144 10 1 68 8 97 130
44 160 5 169 157 15 224 200 22 176 208 2 211 192 112 192 89 12 106 157 42 243 91 157 157 130 143 116 49 8 80 128
88 2 134 158 71 210 163 96 180 132 214 162 237 226 162 196 114 239 170 128 0 211 167 239 148 103 234 129 39 36 45 229
82 134 12 173 29 27 72 168 135 52 130 7 195 106 50 195 201 196 238 165 44 193 79 157 184 243 203 87 48 44 24 6
1 32 83 177 102 139 169 64 252 32 114 66 157 138 48 64 122 45 74 13 1 241 145 192 212 144 42 0 76 8 67 160
16 0 5 169 12 15 97 8 46 160 130 67 215 1 0 64 104 132 111 5 8 241 81 220 141 146 143 16 48 8 17 32
1 2 7 129 12 11 225 8 174 160 210 66 215 129 160 196 104 140 110 8 1 241 77 208 156 18 143 48 120 136 17 160
35 32 115 65 101 25 248 64 105 0 112 10 12 152 148 180 170 29 86 9 133 241 144 192 22 216 2 2 79 140 75 133
48 132 12 169 29 15 200 200 30 48 146 71 210 72 16 64 217 132 106 173 42 225 91 157 173 130 143 84 24 8 17 2
33 32 122 65 102 89 248 64 105 32 240 10 26 26 20 48 234 141 70 1 133 115 212 192 23 152 2 34 77 136 67 134
33 32 82 65 71 25 232 64 105 32 240 74 10 152 20 182 234 205 198 1 5 243 212 192 22 24 2 42 111 8 107 132
35 32 115 64 103 89 248 64 233 0 112 10 12 154 20 176 170 141 70 1 132 115 132 192 23 24 2 3 69 8 107 135
54 134 12 169 156 11 130 232 30 52 144 199 194 104 50 65 249 196 106 165 46 225 75 157 184 2 143 117 24 12 24 134
36 128 5 169 156 15 224 200 22 176 208 66 211 193 112 64 89 140 106 156 42 115 91 157 141 130 143 116 53 8 80 128
98 32 115 64 102 89 248 64 105 160 116 40 14 153 196 52 170 149 70 8 0 112 160 192 23 216 1 34 103 128 71 167
51 132 4 169 29 31 194 200 94 176 144 3 195 8 18 128 217 140 238 181 46 225 95 157 172 210 207 119 149 12 24 134
51 0 4 169 29 31 200 8 7 176 146 3 195 8 18 192 201 132 238 165 44 225 91 156 172 211 207 53 29 12 24 134
48 130 12 169 28 11 200 136 14 52 146 3 195 72 18 64 105 132 110 165 46 97 75 157 156 130 143 117 20 8 24 128
35 32 115 65 103 25 184 64 105 0 112 74 12 154 20 176 170 141 86 9 133 115 148 192 22 216 2 2 77 136 107 133
52 160 12 169 156 15 128 200 30 180 146 3 210 72 16 64 89 132 106 165 42 241 91 157 141 2 143 116 16 8 17 130
33 32 250 65 78 9 248 64 105 160 240 10 26 154 84 50 234 205 70 1 5 115 212 192 23 24 3 40 109 8 107 132
1 132 13 191 28 135 193 232 86 17 194 2 243 96 56 65 89 194 106 173 43 163 95 61 245 163 219 28 24 40 112 136
3 32 83 65 103 137 184 64 249 0 112 74 12 154 36 180 190 253 70 0 1 240 128 192 20 184 10 2 79 8 75 133
36 130 13 185 156 11 97 200 22 180 210 71 211 192 120 64 89 140 106 156 42 115 75 157 204 2 175 116 48 8 80 160
16 32 12 161 29 11 224 72 15 164 146 3 207 8 16 64 232 132 110 5 12 241 81 220 157 146 139 17 52 8 89 2
24 2 12 161 61 31 112 0 12 164 146 3 207 8 18 192 232 133 238 5 12 241 65 140 196 211 171 17 52 12 25 2
23 134 12 169 157 11 192 200 78 176 146 7 194 72 18 192 201 132 110 165 44 225 79 157 188 146 207 117 24 12 24 134
104 50 120 96 97 29 89 16 105 140 180 40 159 31 128 52 166 148 223 8 136 96 160 192 199 217 32 147 66 128 70 35
129 140 6 159 29 134 174 232 212 18 194 66 96 226 60 225 121 98 42 239 101 169 31 255 48 42 203 0 24 40 120 140
98 32 115 65 103 89 248 80 105 128 116 40 14 25 132 52 166 149 87 8 128 113 160 192 23 216 0 3 103 128 71 167
17 32 90 145 70 139 168 64 252 32 114 3 140 202 50 64 250 45 74 5 4 241 130 192 148 144 10 1 77 8 73 134
98 32 115 64 98 73 249 64 105 132 116 42 14 155 132 52 38 149 71 8 0 115 160 192 23 248 0 3 103 128 71 167
51 132 5 157 29 23 136 232 214 17 194 66 226 106 60 229 217 194 122 173 47 163 95 221 177 178 203 30 25 44 120 132
88 50 88 224 34 8 88 16 41 8 52 233 159 31 64 16 166 149 221 0 0 64 128 192 210 249 34 131 34 128 15 19
80 48 25 224 32 77 113 16 44 136 50 104 151 23 64 48 166 21 77 0 1 96 176 0 193 161 35 144 64 0 7 51
104 32 57 96 4 77 81 16 96 4 164 8 19 17 0 50 0 212 64 8 8 96 240 0 195 137 0 17 96 136 70 34
17 12 3 158 20 135 238 98 86 2 202 70 112 226 180 228 121 234 42 174 109 185 30 191 48 46 139 0 25 42 112 132
1 45 19 194 87 207 227 66 109 0 122 10 60 153 52 32 120 234 18 201 1 187 144 238 53 12 130 40 97 10 115 162
37 128 4 137 220 3 104 200 22 176 208 66 211 195 48 64 89 140 106 188 42 115 95 157 140 130 143 116 57 136 80 128
33 45 2 136 85 151 226 66 87 160 248 74 34 136 116 164 216 234 2 204 10 186 80 191 61 28 135 40 91 14 114 140
144 77 31 191 20 66 71 48 180 14 202 3 247 119 33 65 112 246 13 235 104 149 1 47 241 163 238 16 32 250 37 106
53 132 12 169 156 15 194 200 30 48 146 3 210 64 16 64 217 132 106 173 42 225 91 157 173 130 143 116 24 8 25 2
0 34 68 161 12 75 224 64 15 164 146 235 199 0 16 68 74 140 110 1 8 225 197 208 148 144 139 49 85 8 85 0
17 12 67 254 20 131 110 112 84 2 218 66 113 227 176 228 120 234 14 238 105 187 13 191 176 174 162 0 61 170 120 32
17 132 12 187 29 135 194 232 214 49 192 19 242 112 56 65 217 10 106 173 46 35 91 189 173 162 139 28 16 8 176 130
1 32 27 177 102 139 169 64 252 32 114 2 157 138 48 64 250 45 74 13 0 241 145 192 212 144 10 0 76 8 65 128
0 0 7 129 12 143 225 8 142 160 210 66 198 1 32 196 104 172 106 8 1 241 93 208 156 16 139 48 24 8 17 32
3 32 115 65 103 25 248 64 249 0 112 106 12 154 180 176 186 29 70 1 129 243 128 192 22 24 2 2 77 136 75 133
36 174 0 153 221 131 226 232 22 164 208 11 97 192 112 0 89 168 2 185 42 114 74 159 60 134 143 125 145 8 80 128
48 134 12 169 28 11 200 200 14 180 146 3 195 72 16 64 105 132 106 165 46 97 75 157 156 2 143 116 28 8 24 128
18 2 12 169 12 11 224 64 141 164 146 3 199 8 18 64 234 132 111 5 12 241 65 200 148 210 139 17 52 8 21 2
32 32 123 64 102 75 248 64 121 0 112 10 28 219 52 176 250 205 6 9 129 243 148 192 23 56 2 8 69 136 99 130
51 32 115 65 103 89 248 64 105 32 240 10 11 24 20 176 234 133 70 1 132 115 212 192 23 88 2 35 101 136 107 134
82 32 82 224 66 8 121 64 45 132 242 139 13 143 68 82 46 221 127 128 8 211 145 192 151 248 10 130 39 128 35 161
16 34 4 169 12 11 224 64 156 164 210 131 199 136 18 64 250 13 111 133 12 241 65 200 148 146 11 17 116 8 21 130
17 32 30 177 102 139 168 64 252 32 114 3 205 202 52 64 250 45 74 1 4 241 7 192 148 144 10 3 76 8 105 134
19 34 82 161 71 9 232 64 109 4 242 3 143 136 54 0 234 141 78 1 4 179 197 192 148 240 138 3 69 8 107 134
33 32 123 65 102 9 248 64 105 0 112 74 156 152 148 50 170 77 86 9 129 241 144 192 22 24 34 2 77 136 67 129
16 34 4 165 28 139 224 8 142 164 146 3 207 0 0 64 232 164 110 37 8 241 65 220 140 146 203 16 16 8 17 0
49 32 90 161 15 9 240 64 125 32 242 11 143 136 20 0 250 141 78 133 4 241 209 192 148 216 10 35 109 8 75 134
16 2 4 173 28 203 96 8 142 164 146 135 198 2 0 64 104 164 111 37 40 241 69 220 140 178 143 17 48 8 21 2
16 34 94 161 14 11 160 64 124 36 242 7 143 202 54 0 250 13 110 5 4 241 135 192 148 208 10 1 69 8 107 134
17 2 12 173 28 11 96 40 142 160 146 71 199 8 18 65 233 132 110 37 44 241 77 156 156 130 203 17 60 8 25 6
36 170 6 155 213 195 226 232 22 164 112 3 224 192 96 196 217 170 2 156 42 250 74 190 61 150 143 101 17 8 116 130
98 34 83 68 70 73 232 64 105 4 240 138 8 139 4 146 106 221 70 128 0 243 134 192 23 184 2 11 101 128 103 166
49 32 115 225 78 73 232 64 109 160 240 10 155 24 84 18 106 205 78 129 0 243 215 192 21 152 3 41 101 8 99 130
65 132 4 159 29 134 132 232 214 18 210 66 240 226 56 225 217 194 106 175 47 35 91 253 148 34 203 28 24 8 120 4
49 32 210 161 79 27 224 64 109 32 242 78 143 138 20 130 234 205 78 129 13 243 213 192 132 216 2 59 77 8 107 132
2 34 115 65 98 201 249 64 249 160 112 170 12 139 196 20 190 125 66 128 0 243 132 192 20 184 7 35 69 128 103 161
97 128 13 173 29 79 65 168 86 49 194 10 242 113 56 65 89 128 106 173 42 99 91 21 221 130 203 28 16 8 80 32
19 32 87 209 70 139 168 64 252 0 242 226 140 202 164 164 58 61 74 137 1 241 135 192 20 184 10 2 77 0 35 132
80 50 29 229 34 74 17 16 36 172 18 236 215 23 192 82 38 85 109 0 1 192 161 0 193 161 35 128 32 128 7 115
104 128 4 188 77 69 65 232 22 49 194 2 242 115 40 65 217 192 106 168 42 67 91 157 221 162 203 92 16 40 48 2
17 32 94 149 102 139 168 64 252 128 114 66 157 202 36 160 58 45 106 137 5 241 133 72 20 128 11 0 69 0 43 128
17 141 131 158 21 134 230 232 86 0 202 66 240 242 48 224 120 106 42 207 15 187 31 191 176 38 139 0 24 10 120 140
65 0 6 169 28 139 97 72 142 180 210 15 215 0 48 64 105 164 110 37 40 240 77 156 220 2 239 20 20 8 17 0
88 0 5 169 13 79 65 72 142 176 210 11 214 1 16 192 105 132 110 1 40 241 91 220 221 2 143 20 48 8 17 2
19 32 82 225 102 9 184 64 109 0 242 66 141 154 20 160 170 157 78 1 5 243 133 192 148 152 10 3 77 8 107 133
64 2 12 169 77 11 97 72 159 180 210 11 198 128 50 64 121 132 110 37 44 241 75 220 220 18 207 53 16 8 16 66
97 160 4 137 77 15 96 200 30 176 210 74 194 129 112 196 121 140 106 156 2 114 91 149 157 2 143 52 24 8 88 160
220 69 94 165 6 98 95 56 180 134 198 131 95 99 33 91 114 213 109 234 104 197 17 14 241 227 239 17 38 243 36 2
90 50 82 225 34 8 120 16 45 128 178 237 143 31 0 210 166 213 253 128 4 65 145 192 146 241 43 130 46 132 43 19
120 32 57 96 13 77 81 16 96 172 164 8 18 21 64 50 8 212 68 8 8 98 240 0 195 201 33 49 66 8 70 98
83 0 12 173 60 11 64 40 79 180 130 11 199 40 18 67 201 197 110 37 44 241 77 156 140 242 203 21 52 40 25 70
98 34 115 64 98 25 121 80 105 164 244 170 15 11 132 22 46 213 79 8 128 115 164 192 86 184 1 163 103 128 102 165
17 140 7 190 20 135 103 248 212 2 202 66 113 242 48 96 89 234 42 170 105 185 27 191 177 174 227 0 56 42 112 32
33 32 12 153 76 139 97 72 86 180 210 10 210 129 112 68 121 172 106 60 0 242 95 156 28 2 135 116 48 8 80 128
48 32 90 161 70 75 224 64 108 160 240 10 159 138 84 2 234 205 78 1 12 243 199 192 148 152 3 51 69 8 99 130
49 140 3 254 52 130 70 242 86 64 218 66 115 226 176 228 89 234 46 174 111 187 12 191 160 190 163 0 24 234 120 12
18 32 95 225 70 73 184 64 124 0 242 2 13 154 52 32 58 221 78 129 4 243 135 192 20 136 10 11 101 8 103 132
114 32 115 64 102 73 248 64 105 0 240 170 12 11 148 180 42 157 70 136 0 115 164 192 23 184 2 3 101 128 103 165
81 6 4 165 29 11 96 104 206 176 130 79 198 32 18 193 233 132 110 37 44 225 77 156 156 50 207 21 28 12 25 4
90 50 88 224 98 9 120 80 45 136 52 237 143 31 68 16 166 149 223 0 12 99 128 192 214 249 34 131 46 128 15 19
4 160 5 153 220 139 97 200 22 176 210 74 210 193 96 68 121 172 106 28 35 241 75 157 92 2 135 52 48 8 112 160
115 132 5 141 13 31 128 168 79 48 130 66 198 112 28 231 201 196 106 33 47 97 91 157 157 242 207 86 24 40 88 4
45 128 4 185 221 143 96 200 22 184 210 10 210 193 96 192 121 140 106 24 34 242 91 157 157 131 199 52 16 8 120 130
17 32 121 225 68 73 248 64 105 32 240 10 155 24 20 16 106 141 78 129 128 243 212 192 21 152 2 32 69 8 99 130
113 32 90 193 76 73 232 64 105 32 240 10 155 8 20 18 106 205 78 129 0 243 198 192 20 184 130 41 69 8 99 128
73 0 6 169 29 15 97 72 158 176 210 78 214 49 32 193 121 228 110 45 40 241 91 156 221 2 207 20 24 40 17 2
49 12 3 158 20 134 71 104 84 66 202 66 115 224 176 228 89 238 10 46 105 187 60 191 176 174 131 0 57 106 112 4
104 129 57 220 77 109 113 25 134 31 103 26 87 247 40 72 64 148 175 10 8 35 123 149 215 169 96 29 50 235 68 34
104 32 113 64 101 93 121 16 105 140 244 40 11 9 148 52 174 148 70 8 128 114 224 192 87 216 0 19 71 128 70 165
181 73 95 192 148 151 66 248 197 32 162 66 83 81 33 97 112 160 26 122 105 55 57 156 187 137 5 116 48 155 88 32
0 32 83 225 102 9 168 64 108 0 240 66 29 154 148 50 42 221 78 137 0 243 135 192 20 168 42 8 69 8 99 129
48 32 12 161 29 15 224 72 206 176 146 11 214 0 0 64 105 132 106 37 40 241 91 220 157 2 143 84 56 8 25 2
48 32 90 229 76 73 224 72 109 160 242 10 139 26 84 18 234 205 78 129 4 243 193 192 149 216 3 35 69 8 107 134
83 132 149 159 13 7 132 168 222 18 210 66 224 242 60 231 217 194 106 175 47 99 91 253 141 50 219 30 24 44 112 12
19 32 86 225 103 27 184 64 109 32 242 74 143 154 20 166 170 205 206 1 5 243 133 192 148 216 10 3 77 12 107 133
16 0 94 177 54 138 185 64 236 0 82 162 221 130 160 66 38 101 110 129 0 209 5 204 212 163 42 1 37 0 33 129
16 34 94 169 14 11 224 64 109 4 242 71 143 138 18 0 234 141 110 133 12 177 197 192 148 240 10 19 109 8 105 134
82 2 6 173 13 11 96 0 173 164 146 79 198 130 0 84 104 132 111 37 8 241 193 204 148 50 11 17 32 8 21 2
17 32 31 161 78 139 169 80 236 0 242 66 157 203 176 68 106 169 78 137 1 177 7 192 212 128 42 0 101 136 33 161
9 40 95 177 102 139 169 64 252 0 114 162 221 195 176 64 98 45 42 137 0 241 7 192 212 128 42 0 37 128 33 161
16 34 86 169 14 11 224 72 124 4 242 199 143 138 18 0 122 141 110 133 12 177 197 192 148 176 10 1 109 8 41 130
88 18 159 189 109 83 53 120 182 238 214 34 244 247 34 98 249 252 254 1 13 211 235 209 213 35 235 143 18 104 60 115
82 0 4 165 13 11 96 64 143 164 210 11 206 3 0 84 104 132 110 5 8 241 81 220 157 50 195 19 48 8 24 2
16 32 86 161 15 75 224 64 109 32 242 3 207 138 18 64 106 141 110 129 12 225 215 192 144 144 10 17 101 8 107 130
82 34 68 137 78 75 32 72 47 164 210 239 194 130 192 196 104 132 238 0 8 83 207 216 156 34 135 51 48 12 20 20
80 2 6 173 12 11 96 0 173 164 146 199 198 195 32 64 104 132 110 37 40 225 65 204 148 34 11 17 32 8 21 0
82 0 6 133 13 139 96 64 175 164 194 11 206 195 32 84 96 164 110 32 32 145 81 220 148 50 203 17 48 8 49 2
17 32 150 189 6 11 168 72 124 0 242 194 237 194 32 64 122 205 110 129 6 225 7 201 148 162 138 0 37 0 35 128
80 0 14 149 14 139 96 96 175 160 210 3 206 194 32 81 98 164 110 44 32 241 5 220 156 34 75 16 48 8 1 0
50 50 78 201 77 199 233 72 63 12 244 7 72 202 38 4 248 169 194 128 0 179 82 220 86 24 163 139 93 8 110 150
80 0 30 161 44 10 120 0 45 32 146 3 207 10 2 64 226 133 108 5 44 129 129 204 212 243 75 17 44 136 9 2
17 32 86 169 7 27 184 64 125 0 242 67 141 202 52 192 250 141 238 129 4 177 7 192 148 241 10 3 45 8 41 132
83 128 133 157 13 27 68 168 207 50 146 66 226 114 12 198 201 196 110 35 13 99 223 157 145 242 203 30 24 44 88 6
98 34 115 65 105 73 232 64 105 160 240 136 11 139 212 148 238 157 78 128 0 227 198 192 23 216 3 43 71 128 70 164
17 32 20 161 12 11 224 64 109 64 242 71 143 10 20 130 234 205 110 5 13 240 213 192 132 208 2 16 104 8 43 132
81 2 6 169 12 11 96 0 47 160 146 79 198 0 18 192 104 132 110 5 12 225 213 212 156 178 207 16 60 8 24 0
16 34 86 165 15 27 232 72 109 128 242 2 207 138 16 130 234 197 110 129 12 225 199 196 148 210 11 3 101 8 43 132
32 32 7 145 77 203 161 72 94 164 82 10 64 192 98 196 121 172 106 12 0 243 127 144 29 2 135 32 49 8 116 164
16 34 94 97 78 75 224 64 104 132 240 130 31 8 68 0 106 157 78 129 8 227 199 64 148 128 39 33 69 0 103 160
32 32 81 161 79 73 224 72 109 160 242 74 138 24 84 20 106 141 78 129 8 227 197 192 148 24 131 56 101 8 99 130
96 128 5 141 77 203 97 232 86 60 194 10 210 241 96 68 89 204 106 8 2 115 203 21 93 34 195 125 18 40 80 162
17 34 87 129 10 155 168 64 236 128 242 194 207 202 52 224 106 165 110 137 37 225 23 204 148 162 11 0 109 0 41 132
97 160 4 133 77 15 160 200 158 184 242 74 192 192 96 64 249 140 106 8 2 115 203 145 28 2 135 60 24 8 88 128
81 2 6 165 78 11 96 0 239 160 194 207 206 160 50 208 98 133 110 5 4 177 141 212 156 34 75 1 60 12 25 0
48 34 90 109 76 73 160 72 104 132 240 170 139 202 68 18 106 221 206 128 8 227 194 64 21 128 7 41 65 8 103 130
96 128 30 136 77 203 97 200 158 176 194 10 214 145 96 64 249 140 106 1 2 115 219 149 157 2 139 31 16 8 80 2
99 32 5 137 77 143 160 72 159 176 240 74 192 192 228 196 121 172 106 8 1 115 203 208 28 18 143 62 25 12 80 164
0 32 90 137 78 3 233 72 108 0 240 10 157 203 20 2 106 205 74 137 0 242 199 192 148 136 2 9 101 8 107 128
98 34 113 69 109 89 232 64 105 160 240 72 139 9 212 150 234 220 198 136 136 114 192 192 23 216 7 51 71 128 70 164
97 128 12 188 76 3 64 168 86 48 192 70 246 224 56 64 217 198 106 133 14 83 91 149 148 34 235 60 28 40 56 2
17 32 31 157 78 2 168 72 252 0 242 2 157 202 36 64 122 141 106 137 1 227 215 200 149 160 138 0 65 0 43 128
112 0 6 129 77 11 96 72 15 160 210 11 214 195 96 208 105 132 110 0 8 115 91 144 157 162 143 48 56 8 89 2
64 0 2 189 70 139 97 72 62 164 66 78 207 129 112 64 122 172 42 13 0 240 213 214 148 166 75 0 60 8 81 0
83 128 21 173 44 11 68 168 78 50 130 74 199 50 4 226 193 196 110 1 13 33 75 157 148 242 203 22 20 40 17 6
81 16 6 149 79 143 97 72 191 180 214 78 70 241 32 196 121 236 106 40 1 243 27 220 157 34 199 54 58 8 121 166
48 32 82 185 95 131 162 72 118 128 112 2 64 216 32 0 120 232 2 129 38 242 138 223 20 134 3 47 89 8 107 130
72 50 61 100 34 78 25 16 36 236 54 237 223 23 128 82 134 213 125 0 1 64 161 0 193 163 97 144 32 128 7 115
104 48 49 96 45 77 81 16 97 172 164 8 26 23 64 182 8 212 196 8 9 98 240 0 195 217 33 49 66 136 70 115
33 139 130 174 29 129 66 236 6 1 200 71 230 192 42 192 216 106 2 69 15 171 74 189 184 164 139 9 24 14 56 138
32 2 6 159 85 195 162 96 150 172 114 3 224 192 32 196 249 42 130 0 40 243 10 190 45 150 143 3 17 8 124 134
220 71 135 165 141 98 76 48 165 134 130 131 207 35 17 91 98 229 109 239 104 197 197 136 242 227 239 17 38 245 37 0
0 32 86 161 15 75 160 72 108 0 242 130 223 154 16 130 106 205 110 129 9 227 215 192 148 144 11 17 109 8 47 130
96 2 7 149 77 203 97 72 190 228 210 11 70 225 98 64 121 236 106 5 0 243 15 212 157 2 207 49 16 12 117 226
1 32 94 161 15 11 232 72 108 4 242 2 207 138 18 2 106 205 110 129 12 227 215 192 148 176 10 25 97 8 107 132
33 140 3 190 52 147 70 182 214 67 200 100 243 224 178 100 89 234 46 12 175 170 126 191 160 254 178 24 26 138 112 12
112 0 6 129 77 75 96 72 159 160 214 10 198 193 96 212 121 132 238 40 8 115 75 212 157 2 143 51 18 8 121 2
16 32 80 161 13 75 232 64 109 32 242 10 143 10 20 128 234 141 78 129 8 243 197 192 133 144 10 17 69 8 103 130
90 50 90 224 98 13 120 80 45 128 240 239 143 15 0 144 38 149 223 132 4 115 144 192 214 249 2 130 111 128 43 1
80 34 84 169 12 11 224 72 109 4 242 71 143 10 18 64 106 133 110 133 12 163 197 192 148 176 138 16 108 8 33 4
96 2 71 141 78 9 96 0 172 160 242 239 198 162 64 82 104 220 110 0 8 211 195 192 148 34 163 48 33 40 85 48
48 34 68 169 15 75 160 72 110 32 242 227 199 130 0 130 106 205 238 129 12 227 207 192 148 176 138 19 101 8 47 134
98 34 68 129 78 25 96 72 15 164 242 239 194 130 196 212 110 140 238 132 12 83 207 208 148 178 139 58 28 8 60 148
0 32 88 161 12 73 232 64 109 32 242 10 143 26 20 16 234 141 78 129 8 243 197 192 148 216 138 49 69 8 107 130
99 34 64 161 44 9 232 64 45 36 242 207 143 2 146 132 106 133 78 13 9 241 197 192 148 240 130 48 77 140 67 132
66 34 122 96 98 12 122 80 41 136 252 205 31 139 132 16 46 149 71 136 128 51 144 194 86 252 0 128 99 130 98 129
18 34 87 65 98 11 184 64 173 132 242 194 13 138 36 4 110 157 71 128 0 241 5 192 20 184 10 130 69 0 103 161
98 0 70 140 77 13 96 72 175 172 226 11 198 194 100 84 232 132 110 0 8 83 195 208 157 34 131 59 17 8 84 6
17 34 14 169 12 11 224 72 108 96 242 199 207 10 18 64 106 133 110 133 13 177 213 192 148 178 138 16 108 8 33 192
65 0 95 153 78 219 160 64 252 96 242 66 92 194 164 112 122 172 106 140 5 241 167 192 20 34 11 0 24 8 113 164
80 0 140 165 14 75 96 40 175 244 130 143 199 40 18 66 227 197 110 5 12 113 205 220 156 162 79 21 52 40 21 66
64 0 87 129 70 201 97 64 188 32 98 2 204 131 32 116 114 172 106 8 1 209 181 192 21 34 3 0 0 0 99 164
98 2 71 137 76 73 96 64 173 164 242 79 70 130 4 212 232 132 238 128 8 211 195 192 148 178 131 51 17 8 84 4
24 14 94 189 18 130 104 112 244 132 70 195 93 195 50 65 114 237 46 172 32 209 7 78 244 231 234 1 33 160 41 128
80 2 86 164 38 8 120 16 45 32 162 207 207 35 0 82 226 197 109 4 8 65 193 192 214 242 67 18 44 160 0 3
96 50 82 137 76 11 224 72 239 160 240 106 142 152 64 148 104 140 110 129 9 243 197 192 148 16 131 32 77 8 75 128
113 2 76 132 76 13 96 8 47 224 210 207 198 0 66 210 104 196 110 5 9 115 211 208 156 34 7 56 24 8 90 16
81 34 4 129 76 11 160 72 94 168 242 110 198 128 224 64 121 140 106 8 4 227 203 208 156 2 171 56 89 8 113 128
16 34 92 233 12 11 225 72 110 36 240 226 155 10 0 0 106 157 110 129 8 243 197 64 212 144 171 1 65 0 103 128
96 2 23 221 79 203 33 72 94 188 230 106 64 241 224 196 121 236 106 8 0 243 235 153 28 34 227 55 50 8 85 167
16 34 88 169 13 75 224 72 111 36 242 130 138 138 4 16 106 157 206 129 8 243 193 192 149 144 139 1 65 8 111 130
112 16 26 157 79 203 49 72 158 180 194 42 70 209 96 80 249 44 234 0 0 115 219 145 29 34 195 47 16 8 85 162
0 32 23 129 77 11 225 72 111 32 242 74 142 136 20 20 104 140 74 137 1 243 215 192 148 16 130 34 77 8 113 164
19 32 7 129 78 11 160 72 30 160 242 66 194 128 100 196 120 140 106 136 13 243 71 208 156 130 139 58 17 8 113 164
16 32 23 169 77 71 233 72 116 0 242 10 222 202 48 0 120 201 110 129 11 243 215 193 149 2 10 8 105 8 35 128
112 0 3 144 71 143 98 64 62 160 114 14 71 195 96 84 120 172 34 12 1 243 147 210 29 36 131 40 57 8 115 160
98 34 81 69 108 9 232 64 105 32 176 72 143 10 20 148 234 157 78 0 8 227 192 192 150 248 3 51 69 128 71 133
96 128 12 137 78 9 0 232 86 48 192 111 214 240 96 64 121 204 106 1 14 114 207 145 156 34 239 124 24 40 16 2
32 34 18 157 93 131 160 72 86 12 240 98 64 200 48 132 121 233 130 129 6 242 74 223 20 6 131 47 81 8 107 134
18 34 87 217 14 3 168 72 173 132 242 66 201 202 4 68 106 141 110 136 8 227 3 196 148 178 138 16 97 0 35 164
48 32 6 159 85 147 162 104 158 132 114 3 230 192 42 196 248 106 162 0 38 243 11 191 188 134 135 11 81 12 61 134
81 0 159 173 14 10 96 40 110 160 138 234 223 162 0 66 99 196 110 1 5 241 141 208 148 163 107 16 36 42 17 0
96 32 20 129 77 79 96 72 239 160 242 10 206 2 64 150 104 197 238 129 8 243 209 192 149 146 131 51 97 8 46 6
88 50 186 228 35 12 89 16 33 236 38 237 223 183 194 82 166 85 253 12 128 65 177 0 211 243 105 146 34 164 7 115
104 48 113 96 41 93 81 16 97 172 180 40 30 21 192 182 132 84 196 8 137 98 240 0 195 217 33 50 66 136 70 115
38 175 0 170 221 133 2 238 159 5 89 207 166 194 106 196 217 42 131 86 82 10 90 191 188 84 143 111 26 14 188 158
120 0 14 133 77 91 48 72 62 160 214 10 206 208 102 212 249 140 234 0 12 115 203 208 157 34 71 59 17 12 126 134
112 32 30 136 79 3 225 72 237 132 242 11 204 202 18 2 104 197 238 129 12 243 211 192 149 0 131 9 97 8 47 66
112 0 78 149 79 201 161 72 62 164 246 11 68 228 98 80 121 236 234 0 0 115 171 208 157 33 15 59 17 12 119 226
112 48 21 137 77 75 161 72 111 196 240 2 204 222 0 134 104 213 234 129 9 243 91 208 149 18 139 27 81 8 39 130
115 16 23 156 79 221 48 72 254 224 214 14 68 244 102 84 249 236 234 0 1 243 187 208 157 34 71 58 25 8 123 214
41 156 197 187 60 153 66 190 87 81 64 244 243 224 186 228 89 106 38 12 175 232 127 183 172 255 179 40 30 140 208 220
80 34 28 165 13 15 232 72 111 132 178 5 207 10 2 64 234 133 110 129 12 225 215 204 149 242 139 17 64 0 37 4
80 2 70 164 79 73 96 72 47 228 178 79 206 224 66 86 106 197 110 1 12 115 223 208 157 178 67 19 33 44 85 66
32 32 113 97 109 89 232 64 109 160 176 8 139 10 84 148 234 149 206 128 136 227 209 192 151 217 3 27 69 8 71 164
16 32 15 145 79 219 161 72 246 228 214 2 226 192 98 192 121 172 234 8 0 243 47 216 157 35 139 1 49 8 117 226
104 18 12 133 79 31 96 72 46 172 246 78 198 146 98 208 105 140 238 0 8 115 203 144 156 163 103 59 57 8 122 130
115 0 140 173 12 90 64 8 79 48 194 10 198 114 6 242 200 196 110 1 13 67 223 209 148 178 203 31 52 40 56 6
215 68 159 180 143 46 109 160 169 134 130 2 223 98 49 91 227 229 125 175 104 197 145 200 145 242 207 16 36 112 33 96
112 34 66 133 79 9 160 72 44 164 242 107 206 130 68 208 104 141 110 128 4 243 195 192 148 50 131 59 1 8 67 130
81 32 22 168 13 3 232 72 237 0 242 2 206 202 16 192 104 129 110 129 13 227 215 192 148 2 139 9 105 0 41 4
80 50 20 161 77 75 96 64 47 160 242 110 206 26 64 146 104 197 238 129 8 243 193 192 148 146 163 49 109 8 107 0
112 50 68 137 14 11 96 72 47 32 242 239 198 2 130 82 106 197 238 129 12 243 207 208 148 50 138 19 108 12 40 5
32 34 30 137 77 73 225 72 126 172 246 10 8 202 114 148 120 136 106 137 2 243 195 209 21 0 131 41 69 8 119 160
81 0 66 132 79 137 96 72 190 228 194 143 78 226 98 208 122 173 106 133 4 243 151 208 20 32 11 9 45 12 121 192
67 34 65 129 76 11 168 72 46 164 242 237 195 130 192 212 78 141 110 4 141 211 199 208 132 176 139 48 77 12 89 20
99 34 65 129 108 9 96 8 47 224 178 205 130 0 214 212 200 140 110 141 13 99 215 208 148 48 131 56 76 12 114 212
81 2 14 173 12 10 104 8 111 0 210 67 215 34 16 66 104 197 110 161 45 193 207 220 148 178 202 16 40 32 33 0
80 2 15 141 76 11 104 72 38 0 242 66 194 194 32 82 104 196 110 136 10 243 203 213 148 34 163 0 16 8 32 0
33 32 2 156 69 141 162 72 54 168 240 14 98 208 104 212 248 170 34 12 7 243 146 155 29 38 7 42 25 12 114 130
17 0 31 133 79 95 177 72 126 224 246 10 222 150 102 240 248 205 238 128 13 227 243 208 149 178 75 43 9 8 111 214
80 48 22 164 13 15 97 72 239 100 242 15 206 10 2 80 234 133 110 129 13 115 209 208 149 178 139 18 40 4 37 86
114 50 195 133 77 79 97 0 47 228 242 79 207 162 70 86 234 205 238 128 9 211 219 208 149 240 3 58 8 44 103 84
32 34 89 225 44 9 232 64 109 32 178 200 143 8 20 16 170 133 78 1 13 97 197 192 148 216 2 16 101 8 75 133
96 162 140 141 76 11 161 200 30 48 240 111 198 226 64 86 121 204 110 12 10 99 203 209 156 48 139 62 24 8 82 132
32 50 23 221 30 27 160 88 254 180 230 98 194 224 228 196 121 220 234 0 0 243 239 152 28 32 3 55 19 44 117 165
16 34 15 137 12 2 169 72 44 128 242 66 217 66 4 66 72 197 110 140 8 195 67 78 148 182 171 16 65 0 33 36
114 32 71 137 77 75 233 72 47 100 246 2 204 158 34 198 232 213 234 129 8 115 251 208 149 48 139 19 17 8 39 230
89 2 155 172 94 8 99 72 110 160 202 202 215 162 64 82 115 236 110 1 1 51 141 82 252 165 35 32 32 42 35 0
64 0 2 156 77 77 32 72 190 204 226 7 76 226 98 208 120 141 234 133 12 243 211 208 149 32 139 9 9 12 43 198
48 36 67 72 85 11 202 72 121 128 248 74 2 200 52 144 248 141 6 160 43 178 200 207 55 158 131 40 117 10 98 132
90 48 211 228 35 76 89 16 41 232 182 173 95 55 64 86 166 213 253 4 0 65 145 192 210 249 73 178 46 164 7 83
120 50 121 96 43 93 80 16 105 172 52 104 31 29 196 182 134 85 196 0 137 98 240 128 195 217 33 179 98 128 70 55
166 191 2 154 221 131 182 238 158 4 120 151 228 194 34 196 217 42 130 118 118 11 88 191 44 84 15 111 26 14 189 222
64 34 14 137 77 73 224 72 191 36 242 131 140 138 0 0 120 157 234 129 0 243 193 208 213 16 138 1 65 8 47 130
168 159 30 191 25 147 150 236 148 22 248 183 228 230 42 193 221 123 138 226 102 139 74 191 35 243 203 11 16 90 172 146
86 32 223 148 195 72 125 160 169 182 134 2 92 227 65 94 163 229 125 142 64 81 153 192 221 186 207 5 160 112 39 34
120 32 14 141 77 91 177 72 174 164 246 11 206 198 98 86 232 220 234 128 8 243 235 208 221 32 139 59 1 12 119 226
96 32 78 137 77 1 241 72 111 36 246 11 204 138 2 18 232 205 238 129 12 115 203 192 213 17 131 27 65 12 47 194
120 34 8 129 77 31 112 72 47 168 246 11 206 130 70 208 232 140 238 128 12 243 195 208 149 49 3 59 25 12 123 134
45 160 69 187 204 137 96 156 94 113 81 223 243 193 72 64 91 10 106 12 23 122 95 177 78 211 21 124 30 140 217 152
114 34 84 129 77 9 104 64 47 32 242 74 142 8 4 212 234 133 238 129 12 115 193 208 148 176 130 51 103 8 107 6
24 8 14 189 29 131 48 72 150 132 194 3 101 194 34 64 248 108 170 32 46 211 11 157 217 227 207 1 48 8 60 130
48 34 18 155 93 135 162 72 86 40 240 2 192 200 50 132 249 40 162 129 12 243 74 252 20 130 139 3 85 12 121 134
32 32 3 152 77 199 224 72 118 8 240 10 80 210 32 68 248 236 42 128 11 243 219 211 149 38 130 47 80 8 38 162
112 16 22 157 79 75 177 72 254 164 226 42 198 210 96 80 249 156 234 0 8 243 251 208 221 160 11 51 17 8 119 162
83 32 14 133 78 11 160 64 62 32 242 74 206 192 160 84 120 204 106 136 0 243 199 192 148 32 131 32 73 8 99 164
81 2 5 141 28 11 161 8 110 160 210 66 210 34 0 98 104 196 110 12 8 241 71 220 156 162 171 16 32 8 49 0
120 50 92 133 79 93 32 88 46 224 242 111 218 146 66 80 104 140 238 128 5 243 193 208 220 51 35 59 57 8 107 147
81 32 4 140 77 83 224 72 111 40 242 2 192 154 2 224 232 132 238 129 12 115 207 208 148 50 138 3 16 12 57 6
80 50 85 160 77 75 232 64 45 36 242 78 206 2 0 208 106 133 238 129 5 243 215 192 148 177 131 48 109 8 110 144
9 10 70 223 125 148 234 88 246 16 212 198 225 195 186 68 88 106 42 140 143 202 94 255 70 255 154 8 30 140 120 152
104 50 81 165 45 9 224 72 45 32 178 239 206 130 196 212 106 141 238 128 12 163 197 192 148 176 139 51 108 12 79 134
24 0 30 189 13 194 121 72 150 4 194 3 97 227 34 64 248 172 170 160 8 209 11 221 213 227 203 1 48 40 36 130
115 34 68 137 44 11 104 0 47 32 242 239 207 2 132 210 78 197 238 129 12 243 197 208 148 176 139 48 76 12 32 148
97 34 12 141 12 11 161 72 46 176 146 110 215 96 192 66 105 204 110 12 9 195 207 216 156 162 39 52 24 40 19 160
123 34 65 169 45 25 104 0 47 32 178 207 207 2 16 212 206 141 238 5 13 115 213 208 148 240 139 48 78 12 74 148
89 34 9 172 28 11 107 72 119 160 242 70 211 130 128 80 120 132 110 140 9 35 79 66 212 183 171 16 112 10 32 32
113 38 91 140 94 11 99 72 55 0 254 74 94 227 64 84 122 204 70 168 9 179 201 222 116 36 35 40 33 170 114 160
48 36 67 92 85 139 226 72 27 160 240 74 2 200 36 144 249 236 6 160 43 178 200 223 52 174 131 34 89 10 98 164
114 48 251 100 98 88 120 80 41 160 180 169 30 31 196 22 166 213 221 0 1 67 160 192 150 249 1 178 102 164 7 115
166 141 6 158 157 131 150 232 156 82 208 135 228 224 42 197 217 98 138 102 100 235 74 191 168 82 207 83 25 108 57 222
106 50 65 141 13 27 224 72 45 32 242 239 142 2 132 212 110 133 238 132 13 163 197 192 150 48 139 51 79 12 75 148
122 50 84 129 111 25 240 64 47 32 242 239 206 10 132 212 106 133 238 128 12 115 199 192 150 241 131 51 77 12 107 151
122 50 30 141 79 27 176 72 15 168 246 47 206 136 66 80 232 141 238 0 12 115 195 208 222 49 11 59 91 12 107 135
37 160 69 155 205 205 224 204 94 113 176 91 243 81 88 224 89 138 122 28 23 112 95 177 15 90 149 124 57 8 208 132
35 128 76 155 108 145 200 216 158 81 208 198 241 194 184 64 88 42 106 140 143 98 94 241 198 57 139 56 28 136 120 148
120 34 42 137 77 11 177 72 47 44 246 11 206 138 34 80 232 141 238 129 12 115 203 208 213 49 139 59 81 12 126 134
114 34 46 141 77 27 177 72 191 172 246 11 206 231 98 86 248 220 239 128 8 227 227 208 221 49 139 27 19 12 39 230
96 48 27 141 79 203 177 72 54 164 242 43 78 150 96 80 248 188 226 128 8 243 195 208 213 160 3 43 17 8 39 162
1 2 119 133 102 138 41 64 252 32 114 226 221 130 160 100 114 109 110 12 0 209 165 200 148 32 106 128 36 0 39 229
114 32 63 137 15 91 177 72 62 36 246 2 206 214 38 102 248 221 234 128 8 243 235 208 213 179 139 51 17 12 39 230
80 0 63 137 15 91 113 72 239 228 246 10 222 150 34 114 232 221 238 128 12 227 227 208 213 179 203 19 49 12 39 230
24 8 30 189 29 131 114 72 23 4 210 3 229 194 34 64 248 236 170 128 44 243 27 157 212 227 195 3 48 8 60 130
48 34 6 190 29 151 160 72 150 168 240 3 230 192 34 132 217 106 162 1 14 243 10 255 156 214 11 43 81 12 41 134
32 48 18 152 77 199 176 72 30 32 240 10 96 210 96 84 249 172 34 128 1 243 218 208 21 48 131 43 81 8 118 162
33 40 3 157 77 151 160 72 150 128 240 2 228 208 96 212 248 40 162 4 6 243 154 223 29 22 7 42 83 12 107 134
75 32 5 133 45 15 104 0 47 224 178 205 207 6 80 246 200 196 126 13 141 195 213 208 148 176 139 48 26 12 81 84
16 10 126 149 70 138 184 80 252 0 82 230 221 194 160 96 102 109 106 136 132 209 134 196 212 34 42 0 37 128 33 129
78 51 170 234 236 192 59 216 138 13 85 167 12 207 106 66 247 93 157 211 18 3 154 194 219 245 174 239 150 19 181 243
70 172 158 159 187 131 22 168 158 151 66 33 228 248 107 67 147 111 235 19 38 216 219 255 44 54 221 43 132 116 25 142
135 173 4 155 151 145 166 166 62 113 10 49 236 242 126 197 129 107 155 209 118 216 13 255 44 20 143 227 150 6 153 14
97 32 83 161 45 73 105 0 109 96 242 76 158 130 20 118 130 204 110 13 141 241 245 192 148 176 10 16 76 12 83 68
0 26 110 222 92 130 168 80 244 0 210 199 249 194 176 64 126 235 106 140 166 203 150 109 70 34 234 8 60 160 41 128
130 205 4 63 9 149 30 175 188 22 64 149 236 110 42 193 133 99 251 231 102 76 91 127 172 51 207 131 24 52 139 30
135 14 108 243 164 171 237 51 84 187 23 254 155 41 240 9 47 174 23 143 177 188 5 134 76 11 253 240 237 200 209 129
