96 32 132 165 78 11 161 72 62 180 240 139 194 224 64 2 121 204 98 17 2 114 219 16 29 128 7 60 65 40 67 130
81 32 159 5 10 10 33 72 236 160 226 2 210 162 80 114 105 196 106 136 8 211 135 64 156 34 79 0 0 32 99 36
96 32 132 165 78 11 160 72 62 176 224 139 130 224 64 2 121 220 98 17 2 114 219 16 29 128 7 60 65 40 71 130
81 32 151 197 10 10 96 72 236 160 226 64 208 162 208 246 104 196 106 136 9 211 135 64 156 34 207 0 40 32 99 36
52 176 148 185 203 143 160 200 86 176 224 10 198 208 104 132 121 92 98 16 2 114 219 21 157 130 7 127 216 8 41 130
81 32 135 133 8 14 32 72 236 160 194 2 222 226 80 114 105 196 106 136 9 211 151 64 157 34 207 0 0 32 35 4
64 2 150 156 12 66 36 104 246 138 226 66 112 242 32 66 120 228 106 168 32 211 139 77 21 162 195 0 16 104 100 34
65 2 151 157 12 26 36 104 244 138 226 70 80 226 160 226 112 100 106 168 33 211 171 73 20 162 231 0 24 120 96 32
36 160 149 153 207 143 160 200 86 176 224 10 196 208 104 132 121 76 98 16 3 114 219 29 29 130 7 126 209 8 32 162
83 32 223 133 10 10 105 64 236 160 242 66 223 130 192 114 106 197 110 136 9 211 133 192 156 162 175 0 40 0 35 36
96 32 200 237 77 9 224 72 47 164 240 11 130 136 84 18 104 205 194 1 0 114 219 208 29 24 7 57 73 40 79 130
89 34 144 164 45 13 80 16 43 168 178 77 207 11 64 146 134 197 108 28 12 96 193 128 219 217 37 51 74 132 74 3
8 14 6 159 29 147 38 98 150 166 82 131 226 224 34 197 89 110 170 36 44 251 15 191 168 38 199 3 18 44 60 198
89 32 81 225 32 9 120 16 43 160 178 8 207 3 64 214 166 197 108 12 12 64 217 192 146 249 7 50 34 128 3 1
0 40 23 158 77 199 161 104 254 140 242 2 108 242 32 192 248 237 234 144 0 243 3 238 29 38 199 11 65 8 37 130
48 48 150 141 77 15 160 72 190 180 242 15 230 194 0 196 248 204 106 177 46 243 219 221 157 50 207 15 73 12 47 134
81 18 159 221 12 10 101 120 246 138 230 102 81 227 160 66 112 228 106 168 41 211 171 72 92 171 231 0 41 248 96 33
32 32 193 197 76 73 224 72 46 160 240 11 130 137 84 2 104 220 66 1 0 114 219 208 29 16 135 57 65 40 87 130
83 32 158 133 10 10 104 64 236 160 226 66 222 130 64 114 106 197 110 136 13 211 133 64 157 162 143 0 40 0 43 4
36 162 21 185 219 139 160 200 86 176 224 74 196 192 104 132 121 76 98 24 2 114 91 21 29 130 7 127 145 8 36 134
32 32 192 173 76 73 224 72 46 160 240 139 130 128 68 2 104 220 66 1 0 114 203 80 29 0 7 57 65 8 87 130
80 0 143 93 8 2 101 120 244 130 226 66 80 225 160 66 112 100 106 168 41 211 139 8 20 162 231 0 33 104 96 32
52 160 20 185 219 139 160 200 86 176 224 10 198 208 104 192 121 76 98 16 2 114 91 21 157 130 7 124 176 8 36 128
64 2 158 221 12 2 32 104 246 128 226 2 80 227 32 66 120 100 106 168 40 211 139 13 85 162 231 1 24 104 104 0
64 4 158 95 24 66 36 104 246 138 226 64 114 225 160 83 81 100 106 40 33 243 155 45 52 162 101 0 88 120 96 32
32 32 132 165 78 11 160 72 22 176 240 139 130 192 64 2 121 220 98 1 2 114 203 17 29 128 7 61 65 40 71 130
81 32 159 133 10 10 32 72 236 128 194 2 208 162 80 114 104 196 106 136 9 211 151 64 156 34 207 0 0 32 35 36
36 176 156 185 207 143 177 200 22 180 228 15 230 193 74 0 249 220 226 16 2 114 219 157 221 131 7 127 208 8 37 130
32 32 134 141 72 11 33 72 118 32 194 1 208 192 32 192 120 76 106 0 0 211 203 29 20 35 227 16 16 8 48 160
64 2 6 9 12 11 32 72 214 180 194 6 64 192 34 64 120 12 106 8 6 211 207 29 28 34 3 13 24 8 48 198
88 0 134 21 74 2 33 72 118 128 198 4 83 225 32 194 113 228 106 136 9 211 223 16 20 162 103 8 104 32 96 32
80 2 133 141 13 75 96 8 46 228 210 11 199 2 18 86 104 196 110 1 12 209 215 192 149 242 139 25 48 44 21 70
32 32 5 13 8 11 161 72 86 180 224 10 194 128 96 0 89 76 106 0 8 243 203 16 28 2 3 52 80 8 32 160
64 48 22 29 73 195 32 72 118 128 194 34 64 226 32 68 120 124 106 0 0 211 75 12 20 34 3 9 16 8 36 162
80 2 6 9 72 7 32 72 246 160 194 2 64 192 32 64 120 12 106 8 2 211 207 29 28 34 3 0 16 8 48 128
97 32 6 9 73 11 160 72 126 160 226 76 194 192 64 80 120 204 106 0 5 115 195 16 20 2 131 40 73 0 122 132
64 32 6 5 72 11 32 72 36 164 226 14 195 128 0 82 104 204 106 136 0 211 215 0 148 34 3 1 96 32 43 128
96 32 134 5 72 11 32 72 102 176 194 12 66 192 64 86 104 204 106 0 8 83 223 0 149 32 7 60 0 8 50 4
32 32 72 152 108 73 192 72 134 180 240 169 131 192 242 144 73 136 106 133 14 99 223 145 28 16 143 61 93 8 122 128
96 162 80 96 108 9 64 152 43 184 176 109 138 11 196 150 137 196 238 0 14 98 203 209 158 216 5 63 90 168 74 5
64 132 135 31 89 135 32 232 214 184 194 1 96 224 40 65 81 100 234 32 36 211 155 61 45 34 69 31 16 44 56 130
24 178 135 29 26 131 0 232 22 240 194 224 115 224 40 65 81 110 106 32 43 210 207 29 108 163 101 52 48 40 32 160
48 32 2 129 77 73 160 72 62 160 226 10 194 128 96 16 120 140 106 0 0 243 201 80 20 0 3 33 65 8 87 128
80 34 7 137 74 8 32 64 102 32 226 74 66 130 32 214 104 204 106 136 1 211 149 64 20 32 3 8 33 0 43 32
73 2 134 156 91 151 32 72 246 224 194 71 68 226 34 214 120 236 234 140 12 211 207 217 28 34 199 41 26 44 40 132
8 158 150 158 89 211 50 232 150 12 192 103 228 230 42 193 217 126 162 32 38 211 202 63 241 167 79 11 24 108 45 147
81 2 142 157 28 154 104 104 254 192 198 226 193 226 178 226 112 236 106 172 164 209 47 205 220 34 231 1 36 160 125 68
16 32 14 13 74 15 161 72 118 128 226 2 80 192 96 22 120 76 106 128 1 243 215 16 21 32 3 24 97 8 35 160
48 32 7 1 74 139 161 72 118 128 226 64 208 194 64 224 120 236 106 136 1 211 223 16 20 2 7 0 97 0 35 164
16 34 6 13 74 11 160 72 118 132 226 6 64 130 32 82 120 76 106 128 0 243 199 16 20 32 3 9 97 8 39 128
32 164 145 187 93 207 162 200 22 33 112 10 230 209 40 0 217 90 2 16 34 114 74 191 253 134 7 110 81 8 39 130
84 0 134 149 143 74 100 32 254 166 194 3 207 98 2 70 112 229 108 160 8 209 157 200 153 162 71 17 160 112 109 2
82 0 132 173 13 90 64 8 239 164 130 9 207 162 82 210 226 197 236 1 12 195 199 192 156 242 207 27 32 36 61 70
40 176 209 169 95 73 163 200 22 160 240 75 240 219 64 144 121 221 67 128 3 114 219 147 93 134 173 60 89 40 70 162
49 180 19 249 92 135 98 248 22 0 96 66 115 243 168 225 89 106 2 40 43 242 90 159 189 198 39 100 122 136 104 160
48 34 6 1 74 131 160 72 230 128 226 72 192 194 96 226 104 236 106 128 0 227 207 80 20 2 35 0 97 0 39 132
80 34 135 133 74 75 160 72 62 160 242 74 204 162 0 214 122 237 106 136 1 243 199 192 148 34 139 0 64 32 33 36
33 142 14 159 84 147 98 232 214 12 116 2 226 224 170 65 249 106 2 46 46 251 14 255 162 182 3 9 16 8 120 132
18 34 22 129 11 27 160 72 238 164 242 3 206 130 166 214 106 205 238 128 12 243 143 208 156 146 203 3 65 4 111 132
96 32 75 129 76 73 97 72 111 164 242 9 150 130 64 82 104 205 110 8 8 115 207 80 157 144 7 56 65 0 70 162
64 16 14 141 94 15 161 104 214 244 194 7 208 224 34 65 121 204 106 172 34 243 223 93 93 34 231 4 57 40 53 194
1 10 22 159 121 151 48 96 190 136 194 194 228 246 32 196 252 126 170 4 33 211 2 236 132 50 203 2 16 12 41 165
49 142 106 153 84 147 98 200 87 164 254 231 99 192 182 192 121 236 38 172 174 178 77 159 58 15 167 5 119 142 120 196
32 32 10 17 72 11 33 72 54 160 226 10 80 193 96 16 120 204 106 0 0 211 203 16 28 2 5 56 32 8 10 128
73 32 150 158 93 210 33 64 182 164 198 2 193 195 34 196 120 236 42 136 36 211 131 248 148 163 131 1 2 168 61 160
48 32 3 137 94 11 160 72 22 160 242 202 82 193 96 0 121 140 106 0 8 243 219 156 29 0 135 40 113 8 112 160
64 136 135 157 93 207 166 192 190 186 226 2 196 242 32 214 249 108 106 0 37 211 154 221 61 50 71 7 16 104 123 134
1 12 142 159 29 146 102 96 244 130 198 2 96 226 162 231 112 102 106 174 36 217 47 239 54 38 199 1 2 32 104 132
80 32 134 29 9 203 32 104 230 160 226 0 66 240 32 70 104 108 106 0 0 209 155 12 21 162 71 0 32 0 36 130
48 32 131 172 90 195 163 72 54 132 248 67 85 231 96 0 120 253 34 129 2 179 138 95 85 164 43 44 65 42 39 226
97 128 142 29 10 155 160 168 246 240 198 8 80 224 130 99 81 108 106 40 32 209 239 28 92 35 101 52 16 40 16 96
80 128 142 29 74 67 33 248 22 240 194 138 112 225 224 82 113 108 106 8 8 83 207 25 92 34 229 60 48 40 52 240
32 32 20 13 11 75 160 72 86 184 192 10 192 192 96 130 89 76 106 0 14 243 203 17 29 0 3 53 81 8 36 134
32 160 2 137 73 11 32 200 150 176 224 10 196 193 96 80 120 12 106 0 2 211 219 17 29 2 7 44 80 8 34 128
112 0 134 141 74 9 32 72 54 32 194 138 194 192 32 82 120 204 106 0 8 83 207 16 20 32 131 56 49 8 50 128
96 34 6 129 76 11 160 72 46 160 226 72 130 130 64 80 104 140 74 132 8 99 199 80 148 0 131 56 65 0 115 128
114 32 71 165 9 74 104 0 47 164 162 137 207 130 64 214 106 197 110 128 8 195 213 192 148 176 131 19 32 0 38 4
112 0 11 169 92 203 99 72 86 164 210 2 83 209 32 64 120 172 42 136 10 243 155 223 221 167 131 8 49 10 116 162
0 32 22 1 9 91 160 72 254 148 246 4 192 192 98 68 249 76 234 136 4 243 255 76 29 2 67 7 73 0 111 148
32 162 68 25 104 9 128 200 142 176 176 237 162 200 196 146 201 206 206 16 14 99 203 17 140 24 5 63 89 12 74 132
80 34 16 161 45 13 96 0 111 164 178 8 207 2 80 214 233 196 108 1 12 227 203 64 157 240 3 25 64 0 71 6
57 53 19 171 92 143 162 88 22 160 120 66 247 209 160 164 121 120 2 40 11 178 88 191 188 132 39 32 123 10 32 160
33 34 14 9 72 11 160 72 102 164 226 12 194 192 64 82 105 76 106 8 4 243 207 20 28 2 167 48 65 8 114 128
96 32 80 173 45 73 224 72 107 160 176 136 199 8 68 150 202 204 238 1 13 112 223 208 148 240 3 51 72 8 79 132
83 34 214 133 14 26 104 64 235 164 226 11 206 130 22 82 226 197 110 1 12 209 133 192 148 178 15 19 32 32 67 4
65 34 134 13 8 11 32 72 246 160 194 0 210 160 0 194 121 196 106 8 9 211 195 16 28 34 71 0 64 32 48 32
81 0 134 29 72 3 32 72 118 160 194 0 82 225 32 196 112 100 106 8 9 211 79 20 28 34 71 8 98 32 104 0
33 162 140 13 8 27 32 200 22 176 192 4 192 192 226 4 89 76 106 0 7 211 203 17 28 2 5 53 88 8 42 132
114 32 12 136 76 11 64 72 143 164 176 15 194 130 98 80 200 132 110 129 12 99 91 208 157 48 135 57 17 8 120 6
32 176 80 153 79 205 224 200 31 180 240 11 198 216 64 16 249 248 226 17 10 114 219 211 29 132 7 63 81 8 70 130
98 32 205 165 44 75 73 72 47 164 178 169 199 162 64 18 202 197 110 133 12 99 197 80 148 176 43 49 64 40 71 68
82 32 22 165 13 95 96 64 239 164 162 0 207 130 82 214 227 196 236 1 8 241 221 208 149 240 11 51 64 4 79 4
8 164 134 29 24 131 1 232 22 176 66 0 98 224 40 69 81 110 106 32 42 211 203 29 104 163 69 52 24 40 0 160
16 32 14 24 72 139 160 72 118 160 192 8 64 192 32 80 121 108 106 0 0 211 207 20 28 2 7 40 64 0 35 128
80 32 135 5 72 75 32 72 54 160 194 1 195 160 0 80 120 236 106 136 8 211 199 4 149 34 3 1 96 32 39 128
89 34 135 13 72 10 33 72 38 164 194 140 210 224 64 82 104 196 106 128 9 211 207 0 148 34 163 8 32 40 35 144
80 32 134 13 10 11 33 72 230 160 194 2 195 128 32 66 104 76 106 136 0 241 147 28 148 162 71 0 40 0 33 160
32 48 6 17 73 9 32 72 54 160 226 10 64 209 96 16 120 204 106 0 1 211 219 16 29 2 5 40 40 8 2 160
0 142 22 158 84 131 162 234 214 4 116 167 225 192 170 69 121 106 2 46 46 186 14 255 176 166 131 1 16 136 60 132
96 160 132 13 75 75 32 200 134 176 192 8 198 224 64 82 105 236 106 0 10 83 203 17 157 2 7 60 80 40 6 128
33 160 135 29 72 15 32 200 22 184 192 72 80 240 96 32 89 108 106 16 2 211 203 17 13 2 37 52 16 40 2 128
112 32 6 25 74 11 161 72 118 164 226 142 194 192 64 0 121 204 106 0 9 83 207 16 28 2 7 40 105 8 34 160
64 32 6 5 72 10 32 72 180 32 226 2 193 130 0 208 120 204 106 136 0 211 199 64 148 33 162 0 96 32 35 128
32 160 134 31 89 139 35 200 22 160 198 0 98 224 34 196 89 108 106 8 10 211 91 61 29 130 1 32 80 40 40 128
65 32 158 29 90 195 32 72 118 128 194 0 210 224 32 64 80 124 106 0 33 211 139 28 124 34 71 8 80 32 32 128
65 32 134 13 9 15 32 72 118 184 194 8 210 224 64 82 113 100 106 8 12 243 203 0 29 34 71 20 64 40 48 6
83 0 158 149 10 26 104 64 254 0 194 2 204 226 38 230 114 229 110 136 5 209 167 204 148 34 203 0 8 32 41 4
96 32 205 141 108 73 192 72 143 160 240 200 194 128 68 150 72 196 238 0 11 115 203 145 156 144 135 56 81 8 94 148
96 32 74 5 72 73 224 72 174 160 242 137 195 128 64 18 104 204 110 140 12 243 207 16 148 50 131 56 69 8 66 128
96 32 80 105 44 73 192 72 107 32 176 9 143 8 22 148 202 133 78 0 12 99 218 144 150 248 1 57 80 136 79 132
0 50 22 158 93 194 179 104 246 140 214 34 108 242 34 68 248 255 234 128 0 211 139 253 29 34 203 11 80 8 37 166
82 32 82 161 42 72 120 0 41 164 178 136 207 130 64 214 162 197 108 12 8 193 145 192 158 240 3 17 32 128 3 4
32 32 72 137 108 9 193 72 143 164 180 137 131 200 82 64 200 136 110 5 12 99 223 208 148 16 139 57 84 8 94 196
96 32 7 136 74 9 33 72 38 32 226 15 192 130 0 82 104 204 106 128 1 83 199 64 148 32 130 40 65 8 34 128
97 32 134 29 72 3 32 72 118 160 194 68 64 224 32 82 112 236 106 8 8 211 215 16 20 34 71 24 0 32 34 0
1 2 142 157 60 131 32 104 246 128 210 98 208 226 164 64 120 100 106 44 36 211 79 221 20 34 227 0 24 40 120 132
32 186 158 159 79 131 176 200 150 20 208 167 228 230 42 192 249 250 234 32 38 83 75 191 84 38 139 47 25 12 61 147
33 48 6 29 8 11 160 72 246 240 194 108 80 192 224 0 121 76 106 0 5 211 207 24 28 2 5 52 88 8 32 148
82 32 30 133 11 90 120 64 111 164 162 2 207 130 70 86 226 205 110 128 4 209 181 192 149 240 11 19 32 0 39 70
112 32 1 165 44 73 73 8 47 160 178 201 151 130 64 82 200 197 110 1 9 99 209 64 212 240 3 48 64 40 70 96
114 32 67 164 41 88 72 0 43 160 162 137 207 130 68 214 232 197 238 128 13 67 213 192 149 242 131 59 0 4 110 20
96 32 88 173 108 89 224 72 111 160 176 137 143 8 70 18 202 205 238 1 12 99 223 208 148 176 1 59 76 8 74 134
16 0 6 141 10 75 32 72 182 32 194 2 66 129 32 64 120 76 106 8 9 209 139 28 148 162 67 16 56 8 48 128
48 20 3 152 85 195 99 72 118 128 114 2 112 211 32 84 120 172 34 168 43 178 154 159 245 166 131 40 49 8 116 162
80 32 135 141 13 74 97 72 47 100 130 3 206 130 2 198 96 196 238 1 13 193 213 192 149 178 139 17 32 44 21 100
96 48 72 136 76 11 193 72 31 164 240 15 210 192 70 16 217 132 110 1 12 115 219 208 221 1 171 56 80 8 84 66
88 0 151 149 15 90 96 104 236 128 194 195 202 226 32 214 98 229 236 128 12 209 151 200 156 34 199 1 34 100 109 6
34 162 68 40 108 9 192 200 79 180 176 237 162 200 86 144 201 137 206 5 14 99 203 209 28 16 5 63 93 8 90 148
1 44 2 154 85 151 162 104 54 8 242 70 96 200 160 164 121 42 2 172 45 243 26 255 52 166 131 10 89 8 105 132
80 34 16 161 45 13 96 64 109 44 178 8 143 2 0 212 226 133 108 1 12 97 193 192 149 240 3 59 96 0 79 7
96 32 65 136 76 73 224 72 47 32 240 203 147 136 4 16 104 140 110 129 8 115 215 208 149 144 131 56 117 8 114 130
16 32 14 149 13 219 161 64 254 36 242 2 200 194 34 68 120 44 106 128 4 243 183 212 149 34 139 1 65 8 109 198
56 34 3 168 92 199 163 72 54 40 248 74 85 197 32 144 121 184 34 137 11 178 202 219 117 166 171 40 81 10 38 160
24 14 6 159 21 147 34 104 22 132 82 199 98 224 34 197 248 110 170 36 44 209 15 191 182 102 195 3 18 44 60 198
96 2 6 9 76 15 32 72 230 160 194 78 194 192 32 64 104 140 106 0 12 211 203 16 148 34 35 40 16 8 48 128
48 32 83 136 79 15 160 72 22 160 240 74 19 192 96 128 120 152 34 0 9 114 218 144 21 128 131 40 121 8 114 128
8 32 14 157 93 146 168 64 246 4 198 2 76 194 34 68 120 236 170 136 6 211 134 221 22 35 138 1 19 136 61 132
49 36 26 154 84 159 162 88 22 136 116 66 119 208 160 228 120 42 2 40 35 178 24 191 180 134 163 40 89 8 57 132
0 14 6 159 28 195 103 104 214 6 210 3 225 226 162 69 121 104 42 164 44 251 14 253 164 162 195 1 16 168 116 196
104 34 80 100 45 29 80 16 43 168 182 77 207 11 192 150 134 196 108 12 12 98 193 128 158 217 1 51 106 140 74 1
1 26 158 159 41 151 48 96 190 132 198 6 236 246 34 68 252 127 170 4 4 217 51 253 21 50 203 3 16 44 41 132
48 32 7 57 74 11 160 72 118 128 226 10 192 192 32 64 120 12 106 0 0 243 199 16 20 2 3 8 97 8 35 128
64 34 6 9 72 11 32 72 166 32 226 74 192 194 32 82 104 204 106 128 8 211 135 64 20 34 130 32 33 0 35 128
16 148 142 29 24 195 32 232 182 176 66 4 83 228 32 65 17 108 106 32 41 209 159 29 8 163 69 20 56 40 56 144
121 162 142 29 24 3 32 232 150 176 194 96 96 224 32 194 81 108 232 32 32 211 203 29 24 35 101 36 16 40 56 0
96 32 14 9 74 15 160 72 118 160 194 140 194 192 64 70 121 196 106 8 8 211 223 16 28 2 199 48 97 8 58 128
96 0 6 137 77 11 160 72 70 32 194 2 194 128 32 192 104 140 106 128 8 243 203 16 148 34 131 40 16 8 57 128
36 160 156 153 205 207 177 200 150 180 244 11 228 209 96 0 249 92 234 16 2 99 219 153 93 2 7 127 208 8 5 130
81 50 207 221 28 10 33 120 118 160 230 102 81 227 160 98 112 228 106 168 161 209 175 76 92 171 231 0 41 232 112 32
48 32 72 173 79 75 176 72 42 164 176 11 2 152 64 18 232 221 234 1 8 99 219 208 221 0 7 59 65 40 78 130
80 32 14 13 72 11 33 72 182 36 194 10 64 194 34 80 120 204 106 128 8 211 139 0 84 34 130 1 32 32 42 128
65 34 159 133 10 2 105 80 108 168 242 70 221 130 144 114 98 196 110 136 1 209 167 64 212 34 175 0 41 32 35 32
32 32 6 137 72 139 160 72 22 32 194 131 192 192 34 64 120 236 106 1 10 211 203 17 20 32 11 56 16 8 53 128
40 48 135 29 9 219 32 72 182 176 198 12 64 224 96 4 89 108 234 24 0 209 251 20 29 2 5 55 18 8 4 244
96 0 6 137 77 75 160 72 70 32 194 14 194 128 34 192 104 140 106 0 13 243 219 16 148 34 3 41 16 8 56 128
33 34 6 9 72 11 160 72 246 160 194 64 192 128 98 128 120 76 106 0 4 211 195 16 20 2 35 40 96 8 51 132
112 34 6 13 73 15 32 72 182 228 194 14 64 192 34 210 120 204 234 128 8 211 155 0 20 34 131 32 32 32 54 192
9 2 5 137 74 11 33 72 118 32 194 194 211 1 0 64 120 204 106 8 9 242 207 16 212 34 163 16 49 8 48 160
112 0 6 137 13 15 160 72 102 44 194 2 194 194 32 64 104 132 106 0 8 195 219 80 149 34 139 59 16 8 57 134
96 32 7 9 72 11 160 72 54 176 194 204 208 192 64 2 121 76 106 0 1 211 207 16 28 2 47 60 81 8 50 160
57 160 135 61 26 11 32 216 118 176 194 194 83 96 128 224 113 108 106 40 9 210 79 29 28 35 229 20 48 40 48 176
64 32 134 28 9 71 32 72 246 252 194 1 192 244 34 66 209 100 234 0 2 195 203 21 29 34 69 31 16 40 52 210
80 32 134 5 73 79 32 72 182 172 194 4 192 224 0 82 120 76 106 128 0 195 223 4 21 34 131 1 0 32 55 130
45 30 199 62 168 34 6 184 82 234 98 236 115 224 137 11 21 102 96 46 233 224 207 46 104 175 101 16 233 241 66 17
22 188 148 18 153 243 22 168 54 247 0 16 76 246 75 88 145 95 160 48 54 64 59 63 169 22 5 103 144 117 143 86
36 160 21 153 203 143 160 200 150 184 224 10 196 208 96 132 217 76 106 16 3 83 91 29 29 130 15 126 208 8 1 134
89 2 135 93 72 18 33 120 118 132 226 102 208 224 160 230 112 100 106 40 1 209 171 12 20 35 231 0 40 104 96 32
48 48 5 141 79 75 160 72 46 160 176 10 2 128 64 146 104 220 106 0 9 115 219 80 29 0 7 49 65 40 70 162
44 12 198 62 152 34 70 184 18 130 98 200 115 225 9 27 17 102 96 42 104 240 143 46 104 231 101 16 227 241 66 0
4 172 148 26 153 167 22 168 54 191 64 17 228 226 75 152 145 79 160 48 50 80 27 63 41 22 69 111 144 117 135 66
65 34 159 133 74 10 96 64 108 160 226 70 220 130 144 210 96 197 106 136 1 209 135 64 212 34 175 0 40 32 43 0
80 2 142 77 8 2 33 72 118 128 226 2 208 227 160 82 120 196 106 136 8 211 131 68 84 34 231 0 40 40 97 0
32 32 20 137 75 15 160 72 22 176 224 10 70 192 96 0 121 28 98 16 2 115 91 17 29 128 15 61 80 8 41 130
65 34 135 5 8 2 97 64 108 160 226 66 208 130 144 114 96 196 106 136 1 209 135 64 156 34 167 0 41 32 99 32
80 2 135 205 12 10 33 72 118 128 230 66 208 226 128 98 112 196 106 136 1 209 163 76 20 162 231 0 32 32 97 32
48 32 64 141 79 73 160 72 46 160 176 10 2 128 64 144 104 156 74 1 8 115 209 80 21 128 3 57 65 8 70 130
80 32 150 141 8 10 32 72 236 160 226 2 194 130 80 210 104 196 106 137 9 211 135 64 156 34 143 0 0 32 35 36
48 32 5 141 79 75 161 72 62 164 240 10 2 128 64 132 120 204 98 0 8 115 203 80 29 0 15 56 65 40 70 130
36 176 23 153 203 143 32 200 150 176 224 14 100 192 96 132 217 92 234 16 2 83 219 29 29 2 5 126 210 8 37 164
64 2 150 93 8 2 33 104 246 136 226 96 192 224 160 70 112 100 106 8 0 211 139 8 28 34 231 0 0 104 100 33
17 32 14 129 14 11 160 64 110 160 226 10 214 128 64 64 104 132 106 8 0 241 197 80 148 0 35 16 97 0 99 128
29 164 132 29 154 19 2 168 150 176 70 200 80 224 137 137 21 108 96 44 162 209 143 31 40 7 101 116 242 100 8 1
112 162 142 21 74 11 33 200 54 180 194 136 64 224 66 80 113 76 106 0 8 210 239 25 28 34 197 61 48 40 58 64
4 164 140 23 154 67 22 200 22 243 64 169 208 243 73 28 17 78 96 48 35 80 139 59 40 6 77 47 128 112 2 131
100 46 142 95 168 2 38 168 210 186 194 104 96 240 201 11 17 102 104 50 48 241 207 40 44 34 101 23 192 120 112 7
96 160 134 29 72 3 161 200 118 176 194 136 208 225 192 66 81 108 106 8 0 211 207 17 92 34 229 60 80 40 48 32
6 188 148 26 153 247 22 168 182 247 0 17 236 242 79 156 145 79 224 16 54 80 155 63 41 22 85 111 146 117 143 70
80 32 134 29 8 15 33 104 118 176 194 0 80 224 128 98 81 68 106 12 40 211 239 29 92 34 101 4 49 40 16 128
245 108 239 94 152 34 71 184 82 162 100 136 115 225 153 59 25 230 96 42 232 242 62 46 96 174 101 16 225 241 66 32
88 48 134 29 26 131 33 104 246 148 194 4 98 240 32 83 81 124 234 32 40 193 187 29 28 162 69 6 96 32 36 34
53 36 231 85 156 66 71 248 82 242 226 90 83 225 145 47 25 228 96 46 185 243 173 10 40 46 101 4 225 248 240 32
72 32 135 28 73 79 32 72 246 232 194 64 66 240 96 242 81 100 106 0 0 243 203 16 28 34 69 32 64 32 50 0
101 144 135 30 136 7 7 184 86 254 66 4 98 224 41 91 17 102 96 38 161 208 235 63 40 38 101 12 248 112 2 81
113 0 142 29 74 18 32 88 118 128 198 68 82 225 128 80 113 108 106 12 8 210 207 25 28 34 101 8 106 160 122 128
0 176 134 29 25 27 32 200 182 188 194 40 64 228 98 4 89 124 234 16 6 209 235 28 28 2 5 55 16 40 14 214
6 180 148 23 153 71 22 200 182 187 0 1 228 242 75 90 145 78 232 18 50 65 155 59 41 6 77 111 128 116 11 134
124 38 198 119 136 2 7 184 82 178 102 72 83 225 129 11 25 102 96 62 56 243 139 42 106 239 101 4 227 248 80 0
113 34 142 29 88 15 32 88 246 184 194 64 80 224 96 114 81 108 106 12 4 211 239 25 92 34 229 12 96 32 50 128
96 32 0 137 74 11 32 72 54 32 194 138 130 128 0 80 120 204 106 128 8 114 207 16 20 32 131 56 49 8 50 128
33 34 6 137 79 15 160 72 22 160 240 74 192 192 96 196 120 140 106 136 9 242 75 144 20 130 131 40 121 8 50 132
0 32 6 157 77 146 32 72 118 4 194 3 64 194 34 64 120 108 170 128 6 211 143 221 22 34 131 5 16 12 61 134
33 44 30 159 84 131 162 104 214 128 114 70 242 208 162 97 120 40 2 44 39 243 14 191 160 134 35 0 88 136 40 132
0 6 7 159 28 130 103 104 86 6 194 199 225 226 160 69 120 110 42 172 40 209 79 191 164 38 195 0 16 236 116 224
105 34 80 96 101 29 120 16 105 40 182 109 143 27 196 148 134 133 76 12 13 98 192 192 150 217 1 50 74 132 74 3
48 38 66 153 84 131 226 72 22 4 240 227 97 201 176 64 89 170 2 164 42 178 78 159 56 38 163 1 117 140 116 128
3 8 158 159 72 134 56 64 190 128 194 3 116 242 34 96 240 127 42 132 4 209 19 253 21 34 202 3 16 32 33 134
89 32 209 164 41 24 120 16 41 224 178 9 207 3 66 214 162 197 108 12 13 65 193 192 150 248 3 18 42 164 11 69
150 144 20 149 139 94 176 169 253 122 163 52 204 58 14 207 163 85 232 226 53 197 27 220 139 50 91 87 10 37 173 151
205 222 151 251 104 140 110 184 238 90 115 116 253 211 249 231 231 97 126 78 227 69 186 243 36 249 103 140 26 179 97 177
169 172 13 122 205 165 73 135 131 83 164 28 179 129 112 27 201 162 74 156 59 110 82 51 203 155 208 120 219 200 242 56
50 149 234 26 154 227 87 71 20 71 253 159 114 44 46 48 249 178 6 144 62 171 117 127 187 174 52 81 241 216 230 210
155 141 63 219 178 180 126 231 189 65 111 0 252 199 170 113 230 43 155 222 119 153 42 247 254 201 142 64 50 194 161 232
134 78 140 179 161 48 190 134 30 63 66 179 204 110 27 75 197 127 179 135 36 212 75 226 164 50 223 131 132 117 157 206
50 48 28 137 75 79 177 72 30 180 244 11 198 209 66 4 249 92 234 16 2 227 219 209 221 18 7 63 80 8 5 130
89 34 207 237 78 10 97 88 118 192 230 230 209 227 128 114 116 204 110 140 137 208 239 12 84 171 231 0 41 160 96 176
216 219 62 255 163 220 125 55 188 12 102 32 255 215 34 81 230 51 191 66 96 153 51 253 227 251 118 129 50 144 165 123
135 4 188 149 173 62 180 43 252 191 3 17 204 122 15 75 161 7 234 35 36 197 27 206 71 51 91 7 144 101 141 135
78 172 167 158 185 87 182 168 158 254 130 9 236 254 79 207 145 119 235 35 36 65 187 253 45 50 79 63 146 116 21 103
28 162 243 120 187 113 18 202 183 31 244 176 79 215 233 252 247 219 142 146 26 5 43 243 155 215 55 207 178 247 37 103
221 90 23 227 37 30 103 184 109 250 182 100 223 115 169 247 246 68 236 106 233 53 41 168 243 251 103 4 10 183 105 49
93 133 94 218 181 255 114 218 255 73 111 16 78 241 42 244 243 10 142 56 55 161 58 255 251 223 7 79 218 199 233 23
90 31 186 126 19 208 61 119 185 12 238 36 44 183 34 80 230 255 173 128 196 155 178 111 243 247 154 139 42 6 45 123
32 160 22 153 73 223 176 200 22 184 192 10 198 192 96 192 217 8 234 16 6 115 91 17 157 130 7 63 16 8 41 134
17 16 143 221 24 22 37 120 246 106 230 70 81 227 160 98 120 108 106 44 41 209 191 28 84 235 227 0 56 168 32 112
6 172 132 27 185 219 150 168 62 247 68 16 236 240 111 60 145 74 226 16 54 88 187 127 41 22 85 111 208 116 141 135
32 32 65 129 77 73 224 72 47 160 240 10 130 152 68 128 104 157 74 129 8 243 195 208 21 16 3 59 69 8 86 130
53 172 239 126 154 6 71 184 82 242 114 200 115 225 153 59 31 238 116 46 233 243 175 47 248 239 101 148 237 248 98 48
96 48 0 133 75 73 160 72 38 160 240 170 134 242 64 22 104 220 234 128 8 243 219 80 28 32 15 59 65 40 38 130
125 182 207 53 142 11 103 248 55 243 198 238 83 229 217 43 61 204 124 46 169 240 207 26 254 239 229 132 239 248 114 49
133 78 19 152 160 172 238 214 252 10 248 84 191 194 161 237 227 98 78 94 225 133 10 234 176 216 38 136 72 241 163 133
205 71 22 162 164 44 102 148 125 26 91 92 207 96 169 252 183 74 12 110 173 48 9 162 176 249 102 20 154 255 201 5
17 23 46 161 180 150 146 101 236 220 138 7 215 14 38 227 228 37 204 231 220 129 49 12 163 225 170 81 0 10 173 211
43 216 16 154 73 221 183 216 159 74 117 42 172 215 39 172 77 51 130 2 3 58 106 243 21 20 11 170 91 31 15 151
74 190 132 159 187 152 22 175 27 183 71 53 236 234 10 193 151 107 161 7 118 88 203 255 46 54 93 195 154 84 137 79
32 48 21 152 75 27 160 72 22 184 240 14 196 192 96 196 249 8 234 16 6 115 219 16 28 130 7 63 80 12 33 134
0 50 151 29 8 2 32 88 246 168 226 100 64 227 160 66 120 228 106 8 0 209 139 8 20 34 227 0 8 168 32 0
96 32 0 137 79 73 160 72 46 160 240 10 130 128 64 132 104 140 234 128 8 115 195 192 21 0 3 58 65 8 114 132
7 172 132 91 155 131 135 232 62 247 64 128 72 226 205 28 145 75 98 16 51 80 175 127 40 30 69 110 218 116 3 245
101 46 207 30 186 10 7 184 210 178 98 228 115 224 137 91 23 102 100 46 169 243 143 47 40 38 101 132 237 240 2 1
80 34 30 133 12 10 96 64 236 168 242 66 196 130 128 82 104 196 110 136 0 209 131 64 148 32 171 0 1 0 35 0
70 162 132 22 139 71 7 200 54 242 68 8 68 242 79 30 149 94 122 24 35 83 219 59 25 6 77 110 128 112 3 132
36 166 199 21 184 10 36 248 214 186 194 224 83 224 193 11 17 100 104 32 56 241 207 8 40 34 101 212 236 248 80 1
78 188 180 27 153 215 22 168 190 243 64 1 204 246 79 156 145 123 224 17 54 80 155 63 43 22 77 111 146 116 15 70
52 164 239 94 154 2 71 248 82 162 230 136 115 225 153 59 25 238 100 42 40 243 175 47 120 174 101 20 225 248 102 32
117 160 231 85 158 10 101 248 118 242 194 194 83 224 208 162 57 204 104 44 169 240 239 8 28 42 101 4 237 232 114 32
12 180 182 31 219 211 18 168 150 240 66 1 100 244 96 199 149 116 234 32 34 209 171 61 45 35 69 119 146 36 4 67
81 130 142 31 26 19 4 248 86 178 66 76 97 224 136 115 17 110 96 44 172 210 207 63 58 46 101 28 176 224 106 4
24 48 134 29 91 91 48 72 182 188 194 40 64 228 98 192 121 124 234 0 38 209 187 29 13 2 5 39 66 44 4 214
121 34 134 29 74 131 32 88 246 160 198 0 96 224 226 82 81 108 106 12 128 195 207 25 28 34 101 40 34 36 34 128
64 0 6 137 79 75 160 72 230 36 194 10 194 128 34 64 104 140 106 128 8 243 201 80 149 34 131 49 16 8 61 130
96 32 2 137 78 9 160 72 102 32 194 66 210 130 32 64 104 140 106 136 9 195 195 16 148 32 162 56 57 8 48 128
100 172 140 30 152 131 6 168 150 178 66 0 96 225 40 87 17 110 97 34 34 193 139 63 40 39 69 30 144 96 10 2
96 32 6 9 73 13 33 72 54 36 192 8 64 192 34 212 120 204 234 136 0 211 203 16 21 34 131 41 0 8 58 194
64 32 7 9 74 27 160 72 246 164 194 2 68 128 96 192 120 12 106 0 0 243 227 16 20 2 35 40 64 8 35 192
24 48 134 29 11 31 32 72 182 184 194 32 64 240 224 224 113 124 234 32 33 211 207 28 30 66 5 36 123 44 8 150
64 48 150 29 11 131 1 104 182 176 194 4 96 224 32 86 81 108 106 0 0 195 251 29 24 34 69 28 26 32 36 114
96 32 6 137 77 11 32 72 230 32 194 14 194 128 34 208 104 140 106 128 12 179 221 80 148 32 130 41 56 8 49 128
64 32 14 137 76 11 160 72 38 32 194 3 195 128 34 64 104 140 106 128 0 147 67 16 212 162 130 17 16 8 57 130
116 180 166 29 155 23 17 168 150 248 66 9 80 244 98 97 145 108 232 32 162 209 187 29 73 34 101 116 112 36 4 83
88 32 135 13 75 27 32 88 118 160 194 64 66 224 0 214 112 108 234 0 8 211 235 24 29 35 69 16 98 32 54 160
96 32 7 9 73 73 32 72 54 36 192 76 64 192 32 84 120 204 106 136 0 211 219 16 85 32 130 40 0 8 38 144
16 48 142 29 10 203 32 72 246 244 198 4 64 192 98 68 113 108 106 32 36 211 255 28 28 2 5 39 112 40 4 214
16 162 174 31 26 147 0 232 22 176 70 128 97 224 8 97 21 126 232 48 170 209 207 61 171 35 69 29 248 160 50 176
112 0 10 137 76 9 32 72 230 36 194 10 194 130 34 80 104 132 106 128 13 147 201 80 148 32 130 41 56 8 57 128
97 32 10 1 72 9 160 72 102 160 194 8 194 128 66 80 104 132 106 8 1 243 199 16 148 32 3 49 105 8 59 128
60 166 134 31 154 83 2 168 214 180 70 8 97 224 242 5 21 108 104 40 166 209 175 61 42 107 101 117 242 164 4 68
117 132 175 30 152 66 7 168 18 242 66 8 115 228 40 83 21 110 96 44 40 208 171 61 41 171 69 12 208 96 82 97
16 48 20 173 15 79 49 72 47 164 166 11 207 18 66 198 232 84 238 0 8 227 219 152 157 242 139 19 50 12 5 70
89 0 207 237 78 2 105 88 118 192 246 198 209 227 176 98 122 196 110 140 137 211 167 192 84 171 227 0 45 168 97 32
86 180 148 29 153 79 150 232 191 182 130 1 238 243 78 87 145 85 233 48 34 193 219 93 187 50 69 87 218 100 5 22
125 4 207 125 150 10 79 248 119 226 230 198 115 97 145 113 123 236 52 174 169 242 237 14 250 239 229 4 237 248 114 32
114 32 82 129 79 77 240 64 45 36 178 11 142 157 6 20 232 157 238 1 8 227 209 192 213 176 3 59 65 12 79 130
216 219 63 254 163 212 125 53 189 70 230 53 253 215 34 89 230 183 189 194 226 205 178 235 243 243 94 11 34 144 165 123
65 34 83 129 106 8 105 80 108 96 246 230 157 130 144 112 110 141 110 140 129 211 229 192 212 168 171 128 44 128 35 160
134 156 148 147 161 122 180 167 60 51 66 48 204 62 4 203 131 87 162 3 52 220 91 226 45 50 94 71 128 116 141 143
30 190 208 72 187 113 82 218 127 91 252 240 78 222 239 252 243 219 238 146 22 7 47 243 154 215 55 207 246 247 173 7
70 188 183 158 233 223 180 170 158 191 2 1 236 254 77 207 129 119 235 3 38 73 187 253 47 114 79 63 130 116 5 119
175 255 250 90 249 189 246 222 255 95 188 61 106 248 239 188 189 235 198 82 182 103 58 243 59 31 5 255 219 87 238 215
113 134 207 125 42 2 71 184 118 154 242 228 115 225 145 123 87 236 124 46 169 243 239 15 248 239 101 132 237 240 112 33
14 176 182 27 153 215 48 232 190 188 70 8 236 246 111 172 149 127 234 48 38 209 187 63 11 22 77 111 146 100 13 214
117 162 207 117 142 10 101 248 118 242 194 206 83 225 208 98 61 236 124 44 169 243 239 8 222 235 101 132 237 232 114 32
78 176 132 21 201 87 52 232 182 182 196 9 204 246 66 134 145 77 235 144 0 83 219 88 31 50 205 63 130 100 15 198
78 174 132 159 217 156 54 174 187 191 67 181 236 234 78 197 149 107 161 7 54 88 203 255 46 54 95 195 146 116 141 79
89 48 134 29 9 27 32 72 246 248 194 45 64 192 98 196 121 108 234 0 134 211 175 29 28 35 5 38 66 44 32 212
16 34 6 137 78 11 160 64 102 36 226 67 198 128 32 64 104 140 106 132 12 179 67 16 148 32 35 8 97 8 35 128
