117 166 224 5 158 19 198 232 119 230 250 207 99 232 214 148 89 204 100 141 172 242 207 26 60 46 165 180 239 238 122 196
32 34 6 9 72 15 160 72 230 168 224 76 192 192 64 82 105 76 106 0 0 211 219 16 20 0 3 56 72 0 123 144
33 32 14 1 72 27 32 72 118 224 226 12 146 192 194 208 121 76 106 4 5 211 207 16 20 0 1 56 72 0 122 128
32 32 6 9 72 11 160 72 118 160 224 8 128 192 64 80 121 76 106 0 0 211 207 16 20 0 3 56 65 0 114 128
32 32 6 1 74 11 32 72 118 160 226 136 2 128 64 80 121 204 106 0 0 211 207 16 20 0 1 56 65 0 114 128
4 140 148 27 153 137 38 172 190 23 64 17 228 226 104 212 145 106 160 16 50 88 11 55 45 182 85 111 144 1 133 6
173 140 7 30 152 131 71 184 214 10 104 108 115 225 168 81 17 98 32 42 105 242 11 63 104 134 101 16 88 248 66 176
16 32 143 141 10 203 160 72 246 160 194 35 192 244 32 66 120 236 106 0 0 211 139 84 149 34 71 19 32 8 39 166
64 34 199 157 74 195 160 72 246 132 194 163 196 226 224 70 120 252 106 128 0 195 135 92 20 34 67 11 113 0 39 166
101 46 135 23 204 38 167 168 210 218 66 66 240 224 241 107 89 102 104 58 164 193 239 40 104 34 229 12 128 121 112 0
83 32 135 133 10 10 104 64 172 160 194 66 196 130 64 86 96 197 106 140 1 209 133 64 156 32 143 0 32 0 35 4
81 0 135 157 12 2 161 104 244 128 194 66 208 224 32 98 120 228 106 136 0 209 131 72 21 34 199 0 17 104 112 32
32 32 200 133 78 9 224 72 14 164 240 139 130 128 80 2 104 204 66 5 8 115 207 80 28 0 135 57 65 40 82 130
96 162 4 154 108 137 129 200 142 60 176 169 227 194 234 22 73 226 238 128 10 99 207 177 148 16 171 185 16 136 30 0
173 204 28 62 216 131 6 190 214 18 100 24 114 224 32 49 17 106 32 42 104 238 74 63 104 6 101 24 88 240 202 8
36 160 4 137 203 11 161 200 22 176 192 11 196 192 64 0 121 152 98 16 2 83 75 17 29 130 143 124 177 8 53 130
20 134 147 30 155 131 6 232 86 23 104 80 102 227 40 84 17 74 32 34 50 193 11 63 169 166 85 76 178 98 165 33
81 32 135 5 8 10 32 72 236 160 194 194 192 226 80 86 97 196 106 156 1 209 135 64 156 34 207 0 1 32 35 4
65 2 134 29 12 2 165 104 244 130 194 66 80 224 160 98 120 100 106 168 32 241 139 13 20 34 231 0 17 120 112 32
20 164 132 183 155 99 150 200 22 243 64 17 68 240 75 14 17 78 224 18 55 81 155 51 169 6 77 111 136 117 147 198
165 206 87 62 152 131 7 184 212 66 96 252 115 225 168 49 17 102 32 46 105 254 43 63 106 175 101 16 120 240 194 216
121 34 208 96 41 13 80 16 107 168 176 77 143 9 198 146 132 197 76 28 140 98 200 128 218 217 37 51 74 132 74 3
96 32 132 37 74 11 160 72 50 176 224 139 194 224 64 18 57 204 106 21 10 115 223 16 29 0 15 61 105 40 82 130
52 162 28 185 219 135 160 200 22 176 192 10 196 194 104 0 121 88 106 16 2 83 219 23 157 134 15 125 176 8 13 130
148 158 146 30 147 134 22 188 118 19 105 85 102 226 40 80 17 74 160 34 118 201 27 63 169 166 21 87 176 114 173 18
109 94 134 31 204 38 135 184 210 154 66 68 112 224 241 75 89 102 104 62 232 225 207 42 104 38 101 4 201 121 112 16
81 32 134 133 8 14 96 64 236 128 194 66 212 162 80 114 96 197 106 140 1 209 133 64 156 34 207 0 8 32 35 4
22 228 132 23 155 103 22 200 22 183 68 17 68 242 107 14 145 94 161 18 50 81 155 50 169 6 93 111 176 113 137 2
96 4 158 93 28 6 164 104 246 154 226 64 114 224 32 99 120 100 106 40 41 241 155 13 53 34 195 0 88 120 112 0
96 32 128 165 74 73 160 72 46 180 224 139 130 192 68 18 105 204 66 1 10 115 223 17 29 0 15 61 97 40 86 130
165 222 23 30 154 203 6 184 214 210 98 108 114 224 168 113 17 98 32 42 105 242 43 63 40 38 101 16 120 112 64 25
28 164 147 30 153 207 22 172 118 23 104 16 102 242 104 240 145 74 160 50 54 73 27 63 169 166 85 79 210 98 165 6
20 160 20 155 219 195 32 200 22 177 192 10 100 210 104 64 89 90 226 16 2 83 91 53 157 130 7 125 176 8 37 130
101 46 142 23 140 34 71 184 210 190 70 114 81 225 217 11 89 102 96 62 184 243 207 42 40 47 229 4 197 249 240 32
92 236 156 182 155 103 54 200 150 183 64 17 68 243 73 138 145 95 233 18 50 81 154 50 169 7 205 111 128 113 135 130
81 32 135 133 10 14 40 64 236 128 194 66 220 130 80 114 96 197 106 140 1 209 149 64 156 34 143 0 40 0 35 4
173 206 204 62 224 171 70 174 210 154 100 248 99 97 147 19 17 98 36 110 232 244 14 63 96 239 101 56 115 243 202 8
68 165 158 18 145 238 23 173 122 23 15 17 102 243 74 80 145 91 160 50 54 200 186 119 105 54 21 71 128 115 167 2
32 32 193 165 76 73 224 72 14 164 240 139 130 128 68 2 104 204 66 1 8 115 219 80 29 0 135 57 97 40 86 130
64 2 158 93 12 2 36 104 244 130 226 66 80 240 160 98 112 100 106 168 41 241 155 13 21 162 231 0 24 120 112 32
20 160 20 153 219 199 33 200 22 176 224 10 196 211 104 196 121 88 226 16 2 83 91 21 157 130 7 126 176 8 37 162
65 34 223 197 2 10 104 8 236 160 226 64 221 162 208 114 35 196 106 152 1 209 135 64 156 34 239 0 40 32 35 32
36 178 21 154 219 199 49 200 150 189 160 8 228 243 104 132 217 90 234 16 50 67 122 53 29 18 77 127 146 8 5 166
81 2 135 253 4 6 101 56 116 130 194 70 209 99 160 195 120 228 106 168 41 209 139 76 20 162 231 0 40 232 113 32
24 32 6 17 73 67 32 72 118 160 226 8 64 194 96 16 121 76 106 128 0 211 143 0 28 3 33 1 97 0 34 130
103 124 164 150 141 102 148 200 146 250 131 23 192 248 95 75 217 69 251 183 100 71 219 224 25 18 223 63 136 125 185 214
0 32 134 21 72 10 160 72 246 160 194 0 64 224 64 18 56 108 106 0 2 243 143 17 20 34 3 8 65 32 35 128
96 32 4 129 12 11 32 64 198 32 194 11 194 130 64 64 104 132 106 12 8 83 197 16 148 32 131 16 16 8 48 132
88 32 6 45 74 10 32 72 118 32 194 138 83 160 0 82 120 196 106 136 8 210 199 0 212 35 35 0 97 0 35 128
80 48 7 0 75 78 32 64 246 160 194 70 66 130 32 210 112 204 106 136 1 211 155 64 21 32 3 0 40 0 35 160
32 32 22 1 74 11 161 72 102 160 102 10 80 128 96 148 104 12 106 8 1 242 199 16 20 0 1 48 97 8 82 160
32 2 14 153 8 75 161 72 134 4 194 162 192 192 34 66 104 76 106 0 8 195 207 16 20 34 163 24 17 8 52 240
80 16 135 29 10 66 33 120 118 232 198 96 82 244 224 118 113 204 104 128 9 211 171 8 25 162 97 2 96 32 36 112
33 32 132 29 72 27 32 72 86 176 228 8 192 224 192 36 89 108 98 24 0 210 235 24 14 2 69 60 82 40 2 164
17 0 14 137 14 3 32 72 102 96 194 6 208 128 34 64 104 12 106 136 12 211 71 16 20 33 163 0 17 8 56 68
88 34 7 5 74 74 33 72 54 32 198 204 67 165 0 214 120 196 234 0 1 208 199 0 84 35 35 0 98 0 39 176
245 111 202 86 144 50 70 248 80 162 238 204 83 96 189 59 29 228 68 110 237 247 236 46 178 239 229 20 237 251 122 4
89 32 7 1 74 26 33 64 118 160 198 66 83 130 128 246 112 204 106 136 1 211 161 64 148 32 35 0 34 0 33 32
219 94 14 190 41 90 28 164 188 86 130 189 239 74 3 203 225 229 236 103 109 69 95 175 146 243 218 27 40 53 57 94
33 48 0 1 73 13 160 72 198 160 230 104 80 144 64 180 104 12 106 0 1 115 203 16 20 0 1 56 88 8 10 160
32 0 14 153 10 11 161 72 134 0 194 2 208 192 32 66 104 76 106 0 0 195 207 16 84 35 171 24 16 8 48 128
88 0 134 29 10 2 33 120 118 160 198 0 83 225 224 102 113 204 104 136 8 211 175 8 88 227 65 0 99 160 96 32
181 102 206 55 134 42 70 248 82 226 239 254 83 96 155 59 89 238 100 46 253 246 205 42 122 239 101 20 237 251 250 0
14 190 181 51 177 236 55 143 190 159 71 17 204 247 75 223 151 123 177 18 50 88 171 115 109 23 95 199 130 85 133 115
33 48 132 29 73 31 160 72 214 252 196 44 196 240 194 38 89 108 106 20 6 83 235 16 76 2 5 62 90 44 10 197
78 252 158 182 203 101 54 200 154 255 4 29 236 246 75 10 149 95 233 19 54 67 154 51 237 7 95 127 128 117 143 211
16 2 6 137 79 7 32 72 230 108 194 6 192 128 34 68 104 12 106 128 12 211 71 16 20 32 3 17 16 8 52 68
77 238 234 88 241 152 254 247 235 85 188 165 169 234 215 150 43 226 206 156 150 41 174 239 126 127 7 201 207 246 235 220
80 32 15 4 74 202 32 72 230 32 194 141 194 164 0 82 104 236 106 0 0 211 215 64 149 32 3 16 64 0 39 210
80 32 6 1 74 10 32 64 118 160 194 2 67 130 0 82 112 204 106 136 0 209 129 64 148 32 3 0 32 0 33 0
112 48 2 129 8 73 33 72 166 160 194 72 214 128 64 80 104 140 106 0 9 211 209 16 149 0 3 48 96 8 23 162
96 32 21 136 75 13 32 72 70 40 224 74 130 129 0 146 72 204 106 128 9 115 203 16 21 0 3 56 89 8 50 130
32 0 6 153 10 11 160 72 134 0 194 2 64 192 32 66 104 76 106 8 8 195 207 16 20 34 131 24 49 8 48 128
133 66 2 153 172 25 96 68 212 26 82 242 131 128 177 77 200 40 14 124 60 245 6 128 134 208 226 73 210 153 120 132
1 3 18 9 104 157 164 88 238 26 112 76 142 192 169 166 136 40 74 46 193 35 74 16 4 208 34 60 90 90 43 133
80 0 134 29 10 2 32 104 118 160 226 0 67 224 96 66 113 204 104 128 8 211 143 8 24 162 65 0 97 32 96 0
41 18 18 204 105 7 180 124 200 10 177 76 92 242 44 144 220 145 66 32 17 3 82 88 21 154 107 62 89 122 67 163
97 48 133 45 8 15 0 72 22 184 192 72 210 240 64 86 89 92 106 0 8 210 203 24 157 34 37 60 48 40 2 160
32 32 2 137 77 13 160 72 118 40 224 74 0 130 96 212 120 140 106 8 1 243 195 16 20 0 3 40 81 8 106 128
17 34 6 137 12 11 160 72 118 32 194 2 128 192 32 64 120 8 106 136 4 177 79 16 20 32 130 1 89 8 57 128
33 34 6 29 72 23 32 72 118 184 96 64 66 224 224 144 89 76 98 8 7 211 139 17 28 2 5 44 88 8 42 132
239 50 82 104 105 31 216 88 249 170 113 93 143 136 149 157 134 45 238 38 229 103 210 138 22 248 65 58 90 229 75 133
69 46 142 31 204 178 166 168 210 146 66 100 240 224 227 107 81 102 104 63 180 193 143 42 44 34 253 8 136 121 56 132
86 100 132 165 143 90 4 40 163 182 130 171 195 108 85 223 225 197 237 163 108 195 207 136 152 242 207 159 164 116 22 70
117 167 225 7 222 19 198 248 83 238 184 239 67 104 223 38 89 206 100 127 253 227 237 63 56 14 165 180 229 254 114 68
127 216 156 188 201 93 85 232 139 246 164 12 78 244 107 159 217 197 238 99 73 99 250 224 153 179 69 63 210 127 14 118
68 188 159 31 184 199 135 168 222 186 66 96 116 240 41 107 145 118 104 51 113 209 139 63 41 163 109 22 128 120 1 35
102 160 196 145 137 59 140 136 170 247 128 157 192 228 91 30 9 199 233 149 30 67 223 16 156 18 207 125 140 125 155 86
54 38 68 173 61 187 82 10 143 172 121 255 207 200 230 20 219 169 231 53 158 98 206 147 132 212 169 255 180 239 92 199
40 22 161 185 221 109 81 95 23 111 153 127 134 61 32 136 201 146 207 17 57 58 113 146 149 215 248 187 144 76 148 251
126 201 158 180 73 75 87 232 139 246 164 8 78 246 99 151 233 245 238 99 73 99 58 200 153 147 77 55 80 63 14 106
89 134 18 191 53 170 107 32 124 9 223 82 255 98 184 224 115 39 174 142 59 149 13 255 192 231 186 192 154 135 169 32
20 190 223 94 154 195 23 232 182 134 66 231 100 245 169 83 55 127 235 2 34 201 143 63 40 38 109 10 165 112 37 51
53 231 233 74 206 35 207 248 66 210 185 206 83 97 221 2 127 202 70 255 219 99 239 58 120 12 165 60 253 251 242 240
188 54 119 114 97 123 84 81 121 254 243 125 74 28 143 155 157 148 196 34 173 247 104 12 210 211 96 151 107 103 70 211
50 199 159 188 27 66 23 109 187 140 248 169 110 230 38 147 250 245 205 225 108 203 10 77 185 182 79 159 65 34 39 79
4 53 27 235 112 239 163 24 36 73 75 68 149 215 8 64 48 24 75 122 3 144 25 31 101 164 42 68 128 131 7 177
201 217 215 214 110 72 105 186 250 216 82 64 253 247 208 247 35 118 62 200 225 93 191 237 29 186 119 136 46 160 37 121
253 32 232 99 206 51 67 24 83 243 181 250 83 97 221 63 91 204 124 250 185 118 237 18 222 205 225 244 255 235 90 32
29 32 91 33 96 10 226 80 116 8 250 96 27 131 169 144 122 136 70 234 72 177 1 66 246 197 34 0 105 131 99 128
245 199 237 71 150 35 71 252 83 182 189 255 67 97 217 17 121 198 36 238 248 118 109 63 120 142 229 180 245 251 242 96
215 237 97 119 131 208 47 181 160 82 15 135 241 231 91 102 39 98 121 206 227 8 190 43 239 68 205 136 38 247 148 124
7 172 172 147 132 226 175 143 126 247 3 150 196 226 95 107 177 79 32 151 183 208 255 98 44 6 223 100 140 115 145 100
191 176 154 146 205 117 113 200 159 213 165 31 78 230 107 204 249 200 234 20 31 103 250 194 155 215 135 127 195 111 108 214
77 164 159 55 137 38 7 168 210 186 66 8 213 242 73 11 17 102 104 46 41 193 219 61 237 227 237 28 136 112 16 32
207 90 127 28 42 214 58 16 173 76 150 229 252 222 167 228 230 117 255 199 197 133 183 255 210 125 42 154 30 183 45 117
17 18 10 169 36 6 106 88 54 73 214 198 81 131 168 72 124 140 46 156 139 149 21 211 208 165 178 196 60 137 41 17
89 141 86 39 49 186 102 55 113 5 111 128 239 35 146 212 50 166 228 172 57 184 5 207 238 255 16 65 238 134 234 8
252 255 76 35 168 74 119 184 160 254 191 237 83 103 203 19 61 198 236 114 108 225 107 44 238 195 101 213 105 243 206 83
33 32 14 1 72 27 160 72 118 224 226 8 80 128 226 112 56 76 106 4 4 211 175 16 84 3 37 0 64 0 59 196
80 32 6 13 72 10 32 88 54 160 198 128 65 199 128 84 120 204 106 136 1 211 239 0 20 34 3 32 35 128 38 160
56 0 14 137 14 11 161 72 134 32 194 10 210 129 32 64 104 4 106 0 8 227 199 16 212 33 163 24 16 8 48 128
80 0 134 76 74 18 32 88 118 144 198 0 66 225 224 118 112 76 106 136 8 211 235 8 30 35 65 4 98 32 34 164
33 32 134 21 74 11 32 72 246 176 66 40 212 208 224 2 25 108 106 0 132 211 207 16 12 2 69 54 80 40 2 134
80 2 14 137 8 7 32 72 70 72 194 79 196 130 96 64 104 132 106 132 12 67 195 16 149 32 131 24 16 8 52 84
40 32 6 1 72 11 160 72 118 160 226 8 64 128 64 80 57 76 106 0 0 243 143 16 20 3 33 0 64 8 50 128
80 48 14 13 10 10 33 72 182 32 194 224 209 160 0 82 112 76 234 128 0 211 135 0 84 34 35 0 33 32 35 128
48 0 4 137 14 11 160 72 70 32 194 130 195 128 0 64 104 12 106 8 8 240 199 16 148 32 130 0 49 8 48 128
80 32 134 12 74 2 32 72 118 176 194 0 66 192 96 82 112 76 106 128 8 211 203 8 16 34 1 4 96 0 34 128
97 32 22 20 75 143 33 72 38 160 194 40 66 225 192 150 104 108 234 0 1 211 203 16 28 0 5 50 2 8 2 160
35 48 146 33 99 63 178 86 253 171 251 124 142 184 230 156 191 125 198 5 149 183 208 130 150 254 16 2 200 125 139 149
100 46 143 30 140 66 4 184 210 178 70 64 96 225 249 79 81 102 96 62 176 209 143 40 104 35 101 0 193 249 112 128
102 124 135 150 141 103 148 200 146 250 130 25 68 252 79 79 217 85 123 51 36 71 219 224 25 18 207 55 128 125 149 70
29 180 132 55 155 7 22 216 22 243 66 71 84 240 75 10 21 78 48 50 127 208 139 58 232 7 77 108 186 116 24 18
37 140 142 30 152 131 6 184 214 146 100 72 115 224 170 113 17 110 96 42 97 208 10 63 104 162 69 0 120 240 74 0
20 142 158 30 178 211 6 168 118 31 68 112 102 224 168 112 145 126 160 48 50 192 43 63 168 167 37 79 240 96 140 37
101 174 142 119 140 2 6 184 210 242 70 102 80 224 153 107 81 102 104 62 185 209 175 42 104 39 229 4 237 248 120 0
81 32 143 5 10 10 32 72 228 160 194 66 208 130 80 82 104 196 106 141 1 211 135 64 156 34 143 0 32 32 35 4
4 180 148 23 139 67 22 200 146 242 0 33 228 240 75 11 145 94 233 19 38 83 139 58 41 6 77 111 128 116 23 195
89 6 207 77 20 6 102 120 118 162 226 70 81 227 160 243 112 228 106 172 169 241 141 12 52 171 231 0 41 232 112 160
54 176 21 153 139 223 144 200 158 188 196 8 204 214 108 132 217 28 234 16 2 83 123 157 153 210 15 127 146 12 45 166
64 2 135 93 12 2 33 104 118 128 194 66 82 224 160 66 120 100 106 40 9 243 143 13 84 34 231 0 41 40 112 32
57 142 199 126 88 3 7 184 86 194 98 108 115 225 168 81 81 110 32 46 105 242 43 63 96 238 101 16 122 248 64 32
32 32 132 141 79 75 160 72 22 164 224 11 130 128 64 0 120 204 98 1 8 115 219 16 29 0 15 57 65 8 18 130
253 71 207 118 128 50 71 248 112 226 238 204 83 96 145 59 89 228 100 110 237 247 237 46 248 175 101 20 237 251 122 4
65 34 159 133 10 10 104 64 108 160 194 66 221 131 144 114 98 196 106 136 1 209 133 64 148 34 171 0 40 160 35 32
50 32 64 141 79 73 161 72 171 164 176 11 2 152 68 150 232 221 202 1 8 99 219 208 157 16 5 59 65 8 86 130
70 168 149 83 249 253 52 142 191 159 5 16 236 246 77 190 135 123 235 16 50 73 170 241 15 18 95 111 146 85 143 247
199 52 182 85 201 124 180 15 250 247 7 16 204 186 71 235 129 87 232 16 54 69 243 192 7 123 94 7 138 116 173 70
52 160 20 153 203 135 32 200 22 180 192 10 68 194 96 0 89 28 98 16 2 83 91 29 157 130 15 124 16 8 37 130
4 188 150 26 153 135 22 168 54 51 64 16 102 226 40 212 145 126 160 48 50 80 27 63 41 166 69 110 210 96 133 4
109 166 134 21 140 6 38 248 214 186 198 70 80 225 209 15 81 100 104 62 176 211 143 8 108 34 229 4 235 120 112 32
70 160 132 23 203 67 20 200 150 183 0 9 196 240 75 10 145 94 233 51 50 83 155 56 9 2 77 127 128 116 31 130
189 166 239 53 132 42 71 248 112 230 242 254 83 97 155 59 57 196 100 174 249 242 237 14 120 175 229 4 237 249 242 0
81 32 6 129 10 10 104 64 236 128 194 66 208 130 80 82 104 197 106 137 9 211 149 64 156 34 139 0 40 0 35 4
80 2 143 77 12 2 32 72 246 128 194 66 208 224 160 66 120 100 106 168 1 211 135 72 20 34 231 0 41 40 112 32
78 184 182 182 201 244 53 200 154 255 4 17 204 247 75 142 149 127 251 19 54 65 154 240 77 19 95 111 130 117 165 211
32 32 128 141 79 73 160 72 46 164 240 11 130 128 64 2 104 204 98 1 8 115 219 80 20 0 3 57 65 8 86 130
185 156 215 94 26 67 7 184 86 194 98 236 115 224 168 113 21 102 32 42 105 210 63 63 32 231 101 16 120 240 2 48
48 32 20 153 75 203 160 72 22 176 192 10 196 210 96 0 121 92 226 16 2 83 91 17 157 130 15 61 16 8 37 130
4 172 148 26 153 223 22 172 54 19 64 16 102 240 40 212 145 126 160 48 50 72 27 63 41 182 85 111 210 100 141 6
116 38 206 87 140 2 39 248 82 190 70 98 67 225 145 11 89 102 96 62 184 243 143 42 104 46 101 4 229 248 112 0
6 160 156 23 155 69 23 200 146 183 4 9 228 242 75 14 145 95 233 18 114 65 155 50 105 6 79 111 128 112 7 130
81 34 134 5 14 10 97 64 108 160 194 66 212 130 144 114 96 196 106 136 1 211 135 64 156 34 143 0 40 32 99 32
48 32 133 141 79 75 161 72 190 164 160 11 2 128 64 146 120 220 106 1 8 115 219 80 29 0 15 57 65 40 22 130
181 206 207 62 170 35 70 184 82 138 98 236 99 225 185 27 29 102 100 46 236 226 15 47 32 175 101 16 245 241 74 9
6 172 149 90 145 237 23 172 190 159 66 16 236 246 77 92 145 90 160 18 50 80 171 119 41 22 85 111 210 117 133 38
32 32 21 137 79 79 160 72 22 176 224 10 68 208 96 128 121 156 226 16 2 115 91 145 29 128 15 61 17 8 45 162
5 58 21 25 104 141 37 120 238 92 113 108 172 194 194 23 134 40 66 46 199 32 122 81 4 208 35 60 88 178 3 213
56 8 111 71 81 218 115 112 113 77 255 23 107 45 134 180 120 166 230 172 61 187 45 175 87 239 48 195 227 135 110 223
17 81 75 169 52 6 106 88 52 65 206 70 81 151 184 96 116 140 62 252 139 147 21 218 240 173 162 196 188 139 120 57
21 103 87 97 50 10 99 80 125 8 122 230 15 2 160 244 54 137 78 250 234 145 5 78 180 196 34 132 99 147 35 37
37 82 22 236 121 7 178 80 136 40 185 110 92 210 44 135 204 181 66 98 1 35 80 192 21 184 106 62 89 42 107 131
132 2 130 153 228 9 96 89 85 158 83 245 134 128 225 76 217 8 46 30 140 183 2 130 142 22 246 77 154 142 112 132
93 158 14 186 53 186 82 152 117 13 247 244 235 195 170 220 115 232 172 126 190 145 45 191 210 247 162 193 190 143 104 69
169 191 104 74 253 157 215 254 195 78 252 46 104 236 190 180 93 202 194 110 230 43 126 191 119 93 165 249 87 222 222 253
20 69 90 225 20 11 103 112 116 0 118 34 83 1 176 65 122 136 14 106 40 176 5 14 246 175 34 0 109 155 217 0
39 38 64 169 252 59 89 27 159 173 89 237 207 200 187 92 151 141 239 53 140 176 69 146 132 213 41 247 188 76 24 197
12 158 250 187 176 186 63 147 191 79 247 181 239 231 170 88 215 123 206 20 178 192 108 111 238 247 55 147 146 228 167 241
45 188 80 74 253 223 67 250 83 237 189 12 250 49 74 180 153 202 198 122 59 42 121 63 127 159 37 125 219 143 74 121
33 160 14 29 72 147 32 200 246 148 192 0 192 192 98 0 217 72 106 0 6 195 203 17 12 0 5 61 88 8 41 132
225 178 165 59 140 45 77 61 2 91 129 93 242 101 88 27 221 130 121 29 187 102 251 19 205 154 212 124 216 74 210 112
252 166 197 87 158 51 79 252 19 242 188 250 67 100 221 181 121 206 36 174 249 242 237 63 56 238 229 180 247 255 246 52
9 159 90 91 51 144 58 176 239 8 126 100 237 195 226 244 38 43 174 206 199 152 143 247 46 253 34 203 58 134 41 13
252 247 237 39 169 95 118 184 162 254 55 237 79 111 203 147 39 196 236 102 229 101 187 24 254 195 101 173 106 247 78 83
245 111 237 70 238 35 71 248 194 226 189 234 83 225 255 51 26 196 108 110 201 99 174 40 114 137 229 188 117 251 90 96
47 58 206 57 234 123 57 210 52 94 246 245 159 38 131 219 79 31 230 23 173 214 103 32 212 227 126 129 204 213 47 209
182 89 23 184 105 205 82 64 137 200 240 169 126 213 33 16 204 177 215 67 73 135 18 204 177 48 8 27 88 59 38 115
222 94 49 163 145 110 103 150 61 78 214 84 158 22 0 245 181 223 220 99 169 148 113 238 181 242 26 130 34 85 135 117
27 159 118 255 55 150 126 246 213 206 94 167 107 125 182 228 110 98 159 78 236 153 45 175 106 127 230 131 38 254 120 205
245 69 81 122 206 45 71 236 216 146 41 88 87 225 121 187 23 82 64 126 99 103 158 58 177 142 101 60 252 251 131 32
200 250 63 122 121 200 115 180 251 29 37 29 174 243 74 81 129 106 236 66 98 77 186 55 237 179 52 235 64 18 199 235
140 54 120 83 34 185 63 90 124 46 29 176 189 71 203 112 55 59 223 42 224 20 173 127 214 207 43 169 54 193 15 161
91 155 215 223 179 214 74 150 119 73 254 228 108 118 166 244 119 230 188 220 159 152 45 253 170 255 54 194 186 135 169 125
152 223 55 191 55 204 54 244 253 74 210 119 174 182 161 229 228 115 142 66 225 141 27 255 176 242 62 138 26 28 33 63
54 52 159 210 203 109 49 216 15 251 177 126 84 183 105 59 237 221 95 50 161 87 121 224 157 146 123 190 152 107 37 243
48 96 46 225 20 207 243 208 84 37 247 2 19 149 42 72 120 24 2 120 10 181 48 130 195 143 178 5 193 139 116 242
45 148 10 235 157 63 94 255 84 235 207 86 203 232 58 224 217 110 154 46 253 185 121 158 171 223 197 117 154 254 216 148
169 188 233 119 85 94 239 190 113 198 254 12 251 125 18 181 121 230 214 168 169 250 253 175 111 255 167 0 239 236 94 250
31 151 74 139 162 18 126 189 36 66 95 247 201 238 190 225 119 207 190 238 245 153 45 226 54 109 174 133 47 246 169 85
44 12 183 126 245 238 179 195 120 139 240 24 254 249 37 173 217 123 130 17 49 255 56 238 61 255 87 66 195 108 231 162
188 241 241 74 235 89 86 216 51 115 229 56 14 151 202 188 159 216 215 98 255 86 250 179 187 209 69 127 122 191 142 247
139 94 135 149 100 157 47 246 189 222 86 245 140 166 167 255 231 105 158 79 165 223 36 224 148 59 254 130 30 253 41 221
55 23 247 86 227 126 126 212 125 87 235 63 74 126 29 255 255 215 211 231 181 242 57 226 127 127 84 3 239 247 230 214
8 234 6 59 65 208 164 196 100 23 100 0 136 130 42 132 104 10 130 192 66 186 2 33 196 193 210 1 83 20 239 130
144 162 47 81 128 200 97 83 118 87 102 16 147 5 212 113 33 138 78 24 155 252 99 81 207 137 50 65 224 128 230 224
196 0 187 194 104 124 49 80 228 23 199 16 144 151 98 90 97 136 10 24 0 23 184 128 223 201 210 13 146 203 36 96
47 126 250 30 243 61 190 246 56 206 124 253 238 232 163 148 63 107 198 47 180 55 60 234 118 87 127 187 206 254 139 213
251 69 34 7 161 127 191 150 53 66 222 152 219 20 155 237 92 222 254 110 253 182 117 162 243 123 20 133 71 223 190 252
253 103 233 102 174 99 79 248 64 226 188 234 83 225 217 51 27 196 76 110 233 99 175 42 240 206 229 188 101 251 82 97
18 48 20 129 11 95 176 72 30 180 230 11 198 212 70 196 249 220 234 0 12 227 251 144 157 210 15 55 115 12 45 246
143 90 183 151 100 158 191 208 124 218 87 245 252 238 247 239 231 105 183 79 165 212 46 224 134 123 126 130 142 247 41 253
253 6 231 124 148 34 71 248 81 226 250 206 83 96 145 49 89 228 100 46 233 243 237 14 248 239 229 148 239 251 114 112
6 172 180 91 185 223 150 168 191 191 128 17 236 254 109 207 145 87 233 48 54 65 187 255 43 22 95 119 146 117 141 70
50 48 0 141 75 77 161 72 46 164 176 11 134 212 66 150 232 220 234 0 8 227 219 144 157 192 15 59 67 44 6 246
14 140 148 211 129 252 180 135 187 183 34 17 236 62 77 207 129 87 233 17 54 220 203 226 47 118 94 67 130 85 141 142
151 223 191 210 161 94 118 247 189 127 190 116 38 62 167 255 229 215 252 66 237 221 41 226 179 250 86 146 138 116 174 125
200 150 252 187 172 232 115 25 167 95 119 245 223 215 202 91 35 150 238 18 50 116 171 179 206 227 114 197 178 143 197 83
143 87 84 41 178 42 126 159 61 96 122 245 205 31 142 208 182 31 189 55 215 144 5 250 166 248 46 134 174 214 137 17
27 254 114 90 51 177 63 242 253 76 253 164 172 226 167 84 119 107 206 206 134 139 46 255 186 93 34 139 58 199 47 221
78 176 180 158 203 21 181 232 186 183 4 9 236 247 75 142 149 95 251 19 2 67 154 241 29 18 79 127 130 116 15 214
45 157 150 174 157 191 86 183 213 235 254 77 203 120 38 228 221 102 158 36 189 169 89 174 171 223 101 215 154 110 216 23
46 28 179 126 241 250 179 211 251 207 120 48 238 253 161 172 219 123 134 16 51 255 34 239 45 246 22 75 211 108 231 247
8 176 53 123 173 255 113 17 238 87 103 16 255 95 26 250 35 3 238 10 147 184 59 241 207 219 50 65 242 198 197 122
170 19 194 152 109 185 34 88 31 72 113 239 134 192 233 204 92 104 166 70 141 50 198 130 134 84 130 186 30 173 88 149
141 114 53 25 104 189 41 80 238 92 117 124 158 198 226 175 134 41 70 78 161 32 106 80 132 24 99 168 90 181 3 245
85 85 79 233 16 6 106 80 100 104 207 70 81 23 185 112 116 132 30 252 171 147 53 204 244 173 162 196 45 146 120 17
32 32 21 137 75 77 160 72 22 180 224 10 196 208 64 132 121 152 234 0 2 115 219 17 29 128 15 63 81 8 45 134
34 88 19 152 105 205 21 100 137 202 176 44 30 215 37 148 206 177 215 2 65 7 18 204 49 48 8 154 24 56 34 179
81 34 142 77 8 2 32 88 246 168 226 102 209 227 160 98 120 196 106 136 1 209 135 12 84 34 231 0 40 168 112 0
14 188 149 91 153 215 50 168 190 189 0 16 204 246 77 157 145 123 224 16 50 64 187 55 45 22 85 111 146 117 133 38
21 87 87 67 18 6 107 112 109 8 250 230 89 2 145 85 54 129 78 238 233 144 37 76 180 170 162 128 41 146 33 49
53 142 206 62 186 2 70 184 82 178 98 236 115 224 153 27 31 238 100 46 236 243 143 47 112 174 101 148 225 248 98 1
96 32 0 141 75 73 160 72 38 164 240 10 134 208 64 150 104 220 234 0 8 115 219 16 29 0 15 59 65 8 38 130
81 34 142 5 12 10 33 64 108 160 194 66 208 130 144 114 104 196 106 136 0 209 133 64 148 34 163 0 9 32 99 32
217 70 92 231 38 10 102 48 109 10 127 226 223 3 137 81 50 132 46 106 225 176 5 76 230 235 98 132 124 186 73 1
70 176 150 150 201 71 53 232 146 190 128 9 196 246 75 14 145 126 233 18 2 67 155 48 93 50 77 127 130 116 7 198
36 166 143 85 156 10 101 232 246 179 194 224 83 225 209 11 17 100 104 44 168 241 207 8 108 34 229 52 165 248 80 32
12 164 148 27 153 223 22 168 62 183 64 1 102 246 105 212 145 122 224 16 54 80 11 63 41 86 69 111 210 36 13 6
32 32 20 137 75 71 32 72 22 176 192 10 196 210 96 192 89 24 234 16 2 211 219 17 29 130 7 63 16 8 45 130
49 134 199 126 26 66 71 248 86 194 226 236 115 228 169 241 21 254 36 42 169 243 47 63 48 238 101 20 121 248 34 49
24 34 135 93 8 2 32 88 246 160 226 98 81 225 160 98 120 228 106 8 9 241 175 12 84 35 231 0 104 168 112 32
86 160 148 22 139 67 22 200 22 182 64 1 68 242 75 14 145 94 233 18 38 81 139 59 9 6 77 111 130 116 15 134
4 160 148 27 153 215 18 232 54 185 64 0 102 242 106 212 145 122 224 16 54 80 27 63 9 150 69 111 208 36 9 6
33 134 199 124 24 3 71 184 214 242 102 224 115 225 160 113 85 108 96 46 169 243 47 31 98 239 101 4 122 240 64 32
112 32 134 29 74 130 32 72 246 128 194 8 64 192 96 82 80 108 106 0 8 211 203 24 20 34 5 24 48 0 50 128
70 172 150 151 153 102 182 172 187 151 130 17 236 250 77 207 145 87 233 51 54 65 155 255 41 54 95 87 128 117 141 6
143 221 80 131 211 30 190 165 61 96 79 134 205 46 31 244 54 95 187 239 245 152 125 238 167 127 14 2 46 214 137 92
122 48 0 129 11 93 176 72 46 164 240 139 143 150 66 150 232 220 238 129 12 115 211 128 149 240 11 59 67 12 47 214
143 159 99 26 251 240 191 250 253 68 252 165 105 238 183 84 247 235 223 199 167 139 62 255 118 126 6 138 95 215 103 247
70 176 182 158 137 213 148 232 186 182 132 9 236 246 78 134 145 127 249 17 6 67 154 241 155 114 79 63 130 100 15 198
63 157 183 188 189 255 86 183 207 233 186 109 254 252 38 226 215 103 254 21 189 169 113 174 171 255 37 210 218 110 201 87
47 24 64 158 101 249 178 64 31 76 117 175 175 204 231 204 222 232 150 70 133 50 238 177 150 209 97 170 94 175 24 213
15 106 32 30 105 189 169 80 255 108 116 140 190 196 247 173 134 41 214 78 133 58 110 241 22 25 67 170 82 189 11 245
213 85 111 225 20 70 107 112 100 104 215 98 81 23 184 113 112 148 62 234 233 145 61 206 119 171 162 196 41 130 104 49
6 188 148 27 185 215 50 136 191 185 64 17 236 240 108 141 145 91 232 17 54 80 154 119 41 86 77 111 146 68 143 7
49 6 207 62 56 2 71 248 82 142 98 236 115 224 185 19 23 238 100 46 232 243 143 47 104 174 101 144 109 240 82 1
209 84 110 71 2 6 107 56 108 74 119 198 89 3 154 113 118 132 62 238 233 148 53 94 212 170 226 128 41 131 97 121
70 176 148 20 201 71 53 232 150 182 128 9 204 246 66 6 145 93 235 16 2 67 155 16 29 50 77 127 130 100 7 214
116 162 207 117 142 2 37 184 118 178 194 226 83 225 208 2 25 76 104 44 169 240 207 8 92 163 101 132 229 232 114 161
45 73 106 189 116 217 251 82 23 204 124 167 191 204 179 32 126 169 151 71 141 186 102 186 230 205 34 169 127 188 84 221
43 123 104 30 109 157 237 94 127 76 116 140 175 140 183 180 174 171 150 77 198 58 166 249 183 89 50 171 86 156 79 237
156 23 127 225 52 210 123 112 117 76 215 230 89 23 168 97 118 148 190 234 233 149 61 206 243 235 162 132 39 139 116 113
93 20 107 103 0 110 111 56 124 74 127 102 89 51 155 112 118 197 62 174 225 148 61 78 246 239 226 128 43 227 105 113
92 22 126 229 39 118 127 50 53 74 255 230 89 31 171 116 126 244 191 234 201 151 53 206 243 239 163 134 47 247 108 113
