81 32 151 133 10 10 33 64 236 160 194 66 208 130 80 114 96 196 106 136 1 209 133 64 156 34 143 0 0 0 35 36
96 0 134 157 73 131 32 72 182 160 194 11 68 194 32 82 120 236 106 128 12 211 195 208 21 34 139 27 16 8 33 130
48 32 15 137 78 11 32 72 22 160 242 74 211 192 64 64 120 140 106 8 8 242 207 16 28 128 135 40 49 8 112 128
80 32 2 129 75 9 96 64 102 32 242 10 130 130 64 80 104 140 106 128 8 243 199 80 149 32 131 57 97 0 35 130
96 32 73 129 76 9 224 64 44 32 242 74 211 1 0 16 104 140 106 136 0 242 193 64 20 160 3 40 97 8 99 128
16 34 6 1 73 3 32 72 246 160 226 64 65 128 64 18 121 76 106 128 0 211 207 16 28 2 65 1 105 0 98 128
0 32 134 28 72 2 161 72 118 144 192 0 64 224 64 130 120 108 106 0 2 211 207 17 20 32 3 12 64 32 43 128
32 34 7 1 72 11 160 72 102 160 226 76 194 128 64 80 104 12 106 0 1 243 207 16 20 0 3 16 73 0 114 128
33 32 7 137 76 11 160 72 86 160 242 74 211 128 192 192 120 140 106 8 8 242 199 144 20 128 131 40 49 8 112 128
0 32 22 9 73 15 160 72 238 160 226 0 68 194 96 66 104 76 106 0 0 243 155 64 29 2 3 3 64 0 43 134
88 34 156 165 40 27 80 16 44 160 162 137 223 35 2 210 194 197 236 1 12 192 197 4 194 227 35 17 40 160 11 2
96 32 135 157 75 195 32 72 182 160 194 10 68 194 96 210 120 236 106 128 0 211 195 208 21 34 139 11 48 8 37 130
80 32 14 12 74 11 33 72 102 36 194 138 66 130 2 210 104 204 106 128 0 211 199 64 212 33 2 9 33 0 43 0
80 34 18 128 74 8 33 64 230 160 194 78 2 130 32 82 96 204 106 128 1 211 133 64 148 32 3 8 8 0 35 128
88 34 28 165 44 13 80 16 46 168 162 105 223 35 66 210 130 196 236 0 12 96 193 0 194 243 101 17 40 160 74 3
80 34 18 128 75 9 96 64 124 32 226 2 140 130 0 208 120 140 106 128 0 243 129 64 148 32 131 33 33 0 35 128
32 32 18 1 75 73 161 64 102 164 226 10 192 128 64 20 104 12 106 0 0 242 213 16 20 0 3 49 65 8 82 160
65 0 142 29 10 130 33 88 246 128 194 4 210 226 162 82 81 100 106 0 9 211 239 16 28 162 103 8 64 32 32 112
120 34 152 100 45 12 80 16 43 168 178 77 159 11 64 146 136 196 236 12 12 98 193 0 203 249 37 49 74 136 74 3
32 48 148 29 75 219 1 72 86 180 228 4 194 128 66 36 89 108 234 0 9 242 255 16 13 0 5 52 80 8 6 244
80 32 6 141 13 2 32 72 166 32 194 3 196 163 32 66 104 196 106 128 8 211 131 208 148 34 138 17 16 40 33 130
48 32 6 24 74 19 32 72 118 128 196 0 80 194 192 112 121 76 98 140 0 211 255 28 92 2 3 12 64 0 35 128
80 32 18 129 10 8 32 64 110 32 226 2 140 2 0 80 104 140 106 128 4 211 197 80 148 160 131 17 33 0 107 130
16 32 135 141 10 2 32 72 230 160 194 130 64 130 32 198 104 196 106 128 8 211 199 16 148 34 130 16 48 40 32 4
97 34 0 40 44 13 72 72 107 168 176 77 130 192 84 20 204 132 78 12 142 99 202 81 145 144 1 56 80 136 90 4
121 34 16 168 45 13 64 24 107 168 176 76 143 3 64 210 133 196 108 12 12 98 200 144 131 249 33 50 74 140 74 1
0 50 134 21 72 135 32 72 118 140 226 4 64 228 96 0 120 108 234 0 0 243 131 24 21 34 67 1 65 32 39 146
121 34 144 160 40 13 80 16 107 168 178 77 223 3 64 146 132 197 108 12 12 96 193 0 203 217 37 48 66 128 75 1
32 32 6 1 73 11 160 72 102 160 226 8 192 128 64 82 105 76 106 12 0 243 207 16 20 2 3 16 65 8 114 128
80 32 6 12 74 14 32 72 102 160 194 72 195 162 0 82 104 204 106 128 8 211 215 0 149 32 3 40 33 0 34 128
20 160 20 152 203 199 32 200 86 180 224 10 198 210 104 132 89 72 226 16 2 83 91 21 157 130 7 127 144 8 45 130
64 2 143 93 8 2 101 120 244 130 226 64 80 225 160 66 120 100 106 40 41 241 139 13 84 162 231 0 9 120 96 32
96 32 192 140 77 73 160 72 46 164 240 139 130 128 68 18 104 204 66 1 8 115 219 80 29 0 7 57 65 40 70 130
80 32 6 1 75 8 32 64 230 160 194 10 66 128 96 82 96 204 106 136 4 211 141 80 21 32 3 9 32 0 35 128
81 32 159 133 10 10 97 64 236 160 226 66 222 130 208 114 98 197 106 140 1 209 133 64 156 34 143 0 40 0 35 36
32 32 18 1 74 9 160 72 230 160 226 74 80 128 64 18 104 76 106 0 1 210 205 16 20 0 3 48 73 8 82 160
32 34 6 9 74 11 160 72 118 160 224 204 130 128 0 80 120 140 106 0 1 211 207 16 20 0 131 56 105 0 50 132
80 32 6 13 11 11 160 72 36 36 194 138 194 128 0 146 104 196 106 128 0 211 199 64 148 34 2 1 64 8 11 128
96 34 3 137 72 9 96 64 110 32 194 76 130 130 0 86 104 204 106 128 9 67 195 64 148 32 3 56 8 0 34 0
96 32 2 169 72 75 96 64 172 164 226 10 198 128 64 208 104 140 106 0 12 243 197 0 148 128 3 49 96 8 11 128
97 32 135 13 8 11 33 72 246 224 194 76 210 224 194 82 81 196 106 8 9 195 235 16 28 34 69 24 104 32 16 112
96 32 140 13 75 75 0 72 54 180 192 12 194 224 66 82 89 76 234 0 12 83 219 24 157 34 5 63 48 8 6 198
73 32 142 29 24 211 33 120 246 144 198 0 116 224 162 115 17 108 106 12 32 193 171 29 73 163 101 8 16 32 33 160
48 176 135 29 25 199 32 200 150 248 64 65 114 240 96 80 81 108 226 32 42 211 155 31 9 6 69 38 112 40 38 146
81 32 134 5 8 10 32 72 236 160 194 66 208 162 80 118 96 196 106 140 1 209 135 64 156 34 207 0 0 32 99 4
96 32 132 164 78 11 160 72 22 180 224 139 194 192 64 2 121 204 98 17 2 115 203 16 28 0 15 61 65 40 22 130
64 0 151 29 12 2 100 104 244 130 226 66 80 224 32 98 120 100 106 40 41 241 139 13 21 34 231 0 16 104 112 32
20 160 20 185 219 195 32 200 22 176 192 10 196 210 104 192 121 88 98 16 2 83 75 21 157 130 7 125 176 8 40 130
81 32 134 5 8 10 32 72 236 160 194 66 208 162 80 114 97 196 106 140 1 209 135 64 156 34 207 0 8 32 35 4
96 32 132 164 78 11 160 72 54 180 224 139 130 224 64 2 121 204 98 1 10 115 203 17 28 0 15 61 65 40 86 130
20 160 20 185 219 195 32 200 86 176 224 10 102 210 104 128 89 88 226 16 2 83 75 21 157 130 5 127 144 8 45 130
64 0 151 29 12 2 96 104 244 128 226 66 80 224 32 98 120 100 106 168 41 241 139 13 21 34 199 0 16 104 112 32
52 160 20 185 219 195 160 200 22 176 192 10 228 210 104 64 121 88 226 16 2 83 75 21 157 130 7 125 176 8 45 130
81 32 135 133 8 10 33 64 236 160 194 66 208 162 80 114 96 196 106 140 1 209 133 64 156 34 207 0 0 32 35 36
64 2 159 93 24 2 101 104 244 130 226 64 82 225 160 98 112 100 106 40 41 241 139 13 20 162 103 0 9 120 96 32
32 32 128 164 78 73 160 72 14 176 224 139 130 192 64 2 105 204 66 1 10 115 203 17 29 0 15 61 65 40 86 130
96 32 192 172 78 9 160 72 46 164 224 139 130 160 68 18 104 204 66 1 8 115 219 80 29 0 7 57 65 40 70 130
80 0 158 141 12 2 96 72 244 128 194 66 208 226 32 98 120 196 106 136 0 209 135 72 149 34 202 0 16 40 113 32
32 32 128 164 78 73 160 72 14 160 240 139 130 128 64 2 104 204 66 1 8 115 203 16 29 0 7 57 65 40 86 130
64 2 151 93 8 2 101 104 244 130 226 64 82 225 160 66 80 100 106 40 41 241 139 13 84 162 101 0 80 120 112 32
81 32 159 133 10 10 97 64 236 160 194 66 210 130 80 114 99 197 106 140 1 209 133 64 156 34 143 0 40 0 35 4
20 160 148 153 219 199 32 200 86 176 192 10 102 210 104 196 89 88 226 16 2 83 91 21 157 130 5 127 176 8 13 130
16 32 22 129 73 11 160 64 174 32 242 2 76 130 96 64 104 141 106 128 0 243 129 208 21 0 139 3 65 0 99 130
40 0 134 29 9 134 32 72 214 184 194 64 80 240 32 208 81 108 106 32 0 211 203 29 28 34 229 20 16 40 48 128
117 166 135 21 132 2 103 184 242 178 194 86 82 225 209 11 121 100 104 58 185 243 143 8 60 34 101 4 233 248 240 32
80 0 2 137 13 9 224 72 46 32 210 11 198 128 32 82 104 196 110 0 8 227 195 192 149 32 139 57 16 8 16 2
81 32 4 129 12 11 32 64 102 32 194 10 196 130 96 192 104 4 106 0 8 211 197 16 148 32 139 16 16 8 25 4
86 160 132 22 139 71 38 200 146 183 64 9 68 242 75 142 145 78 232 18 118 83 155 50 153 6 205 111 128 116 15 134
181 78 197 62 138 35 71 184 210 226 96 252 115 225 153 59 25 102 32 46 233 230 14 43 104 174 101 24 249 249 210 168
80 34 6 140 14 2 32 72 166 32 194 2 193 195 32 66 104 196 106 128 8 211 195 192 148 32 139 16 33 8 49 128
112 0 0 137 78 9 32 72 86 32 194 138 211 192 32 64 120 204 106 8 8 210 199 0 212 32 131 56 48 8 48 128
80 32 4 129 13 75 160 64 198 160 194 11 192 144 96 64 104 132 106 0 8 211 197 16 149 32 139 17 16 8 17 6
48 0 6 137 14 11 32 72 6 32 194 194 193 192 32 198 104 76 106 0 8 211 199 16 148 34 130 17 49 8 48 128
80 0 134 13 11 130 32 104 118 128 194 64 66 224 32 82 113 108 106 128 8 211 207 8 24 34 69 5 97 32 32 2
33 160 134 29 74 139 32 200 86 176 224 8 192 192 96 128 89 108 106 16 0 211 203 16 12 0 101 60 80 40 11 128
16 0 6 136 12 3 160 72 70 32 194 2 192 192 32 192 104 140 106 8 0 195 79 16 20 32 131 16 16 8 56 0
17 0 23 129 10 8 33 72 108 0 194 66 214 130 0 64 96 4 106 8 1 209 133 64 148 160 2 16 40 0 97 128
96 32 16 136 73 73 32 72 6 36 224 10 2 0 0 16 72 140 106 128 8 115 201 80 20 0 3 57 81 8 110 130
16 32 23 137 74 11 161 64 230 32 226 66 212 130 32 64 104 140 106 136 1 211 195 80 148 34 2 0 40 0 33 160
70 164 150 18 145 246 22 172 58 151 11 17 76 226 107 220 145 95 160 18 54 200 155 119 169 22 21 71 130 119 143 6
32 32 10 137 76 73 160 72 38 36 224 10 0 128 32 80 104 140 98 136 0 243 219 16 20 0 131 41 113 8 102 128
24 160 134 61 27 3 32 200 22 184 70 8 64 225 32 64 81 108 106 40 10 210 79 29 89 35 109 61 114 40 32 130
173 204 212 126 216 131 7 190 214 146 96 92 114 224 161 17 17 98 32 42 105 230 10 63 104 46 101 24 120 240 194 8
168 0 2 171 77 201 32 64 196 21 193 18 130 128 104 206 72 168 138 2 8 18 71 177 149 129 210 41 49 11 84 130
22 164 132 23 155 99 22 200 22 179 64 16 68 242 107 206 17 78 160 18 54 80 139 50 169 6 93 111 176 117 141 6
37 110 135 94 140 34 134 184 210 178 66 244 113 225 233 15 89 102 96 46 121 243 175 42 40 38 101 0 195 249 240 160
52 98 80 11 73 73 198 64 9 44 161 9 6 0 13 16 200 153 198 115 78 54 64 52 181 144 0 51 81 27 78 130
96 2 0 137 78 9 32 72 68 32 194 202 195 128 32 66 104 204 106 12 8 114 199 0 148 32 130 57 56 8 48 128
20 18 30 177 52 131 35 80 196 9 199 102 212 195 168 64 112 32 42 56 9 133 1 158 192 167 162 68 152 139 48 32
112 0 132 45 11 11 32 40 86 160 66 72 67 96 0 64 113 68 104 32 8 208 79 31 20 230 65 21 120 40 16 2
96 32 4 28 72 131 1 8 150 176 64 8 208 224 96 208 209 108 106 48 2 83 203 29 28 34 77 60 16 32 8 0
17 0 6 137 77 75 32 72 118 32 194 2 65 130 34 192 120 132 106 136 13 210 87 16 148 34 131 1 56 8 120 128
80 0 6 137 77 75 32 72 244 32 194 66 80 192 32 64 120 132 106 136 0 211 215 0 21 34 131 0 48 8 52 128
37 44 143 86 140 34 71 184 210 178 66 84 81 225 249 11 25 102 96 58 185 243 175 42 104 46 101 4 201 249 240 32
113 18 140 61 26 67 1 56 22 248 194 237 97 228 194 66 17 204 104 128 11 83 207 25 24 34 101 60 57 104 16 80
212 140 144 30 145 218 22 172 118 23 105 16 102 224 40 208 145 74 160 50 118 73 11 63 41 166 21 87 144 114 174 6
165 206 149 126 216 131 6 190 214 146 98 216 115 224 160 49 17 98 32 46 105 206 10 63 40 38 101 16 112 240 194 8
22 236 132 55 155 103 22 200 22 183 64 17 68 242 75 78 145 94 160 18 50 80 155 51 169 6 77 111 128 113 133 134
16 150 135 31 26 131 2 248 22 248 66 100 96 224 168 65 17 110 106 32 43 211 203 61 8 34 101 20 56 40 16 208
165 204 205 126 202 171 7 190 210 146 96 248 115 97 129 59 17 102 96 42 97 244 14 63 32 175 101 24 248 241 194 40
65 33 87 102 50 136 118 49 233 0 99 72 191 2 128 55 162 55 76 104 81 232 132 77 160 248 0 66 104 130 131 37
212 140 144 26 147 230 22 172 114 151 43 16 102 246 108 84 145 83 160 50 50 73 155 127 41 6 21 71 144 115 167 6
33 0 15 137 76 11 161 72 198 32 192 7 212 193 32 64 104 12 106 1 1 211 67 16 148 34 138 56 16 8 49 128
100 46 143 23 140 50 134 168 210 178 66 80 112 224 249 43 81 102 104 62 177 211 175 42 40 38 229 4 129 121 248 160
37 124 142 30 140 34 134 168 210 178 66 116 113 240 249 11 89 102 32 42 249 243 143 42 40 39 101 0 205 249 208 0
22 228 128 22 155 39 23 200 22 183 64 17 68 226 107 78 17 78 161 50 50 80 139 50 169 6 77 47 176 119 161 2
165 206 158 62 152 131 6 184 214 146 98 204 115 224 169 113 17 98 32 46 105 218 11 63 104 38 101 16 120 240 66 8
20 172 146 30 153 159 22 172 118 23 64 21 102 224 42 80 145 74 160 34 54 72 27 63 169 167 85 79 208 98 140 6
117 38 207 119 132 34 71 248 82 162 66 126 83 97 145 43 89 102 96 62 185 243 175 42 104 46 101 4 237 249 240 32
117 38 199 87 136 2 71 184 82 242 98 236 83 225 145 43 25 102 96 62 249 243 175 42 40 174 101 20 237 248 80 32
65 32 142 28 72 130 33 72 246 224 198 136 80 228 162 114 81 108 106 12 0 211 255 17 28 35 69 8 64 32 34 96
48 48 134 85 24 75 32 88 118 176 194 1 66 229 64 20 57 92 106 16 8 209 255 28 29 2 5 55 49 8 6 210
80 32 6 141 77 9 32 72 38 32 210 10 194 130 32 82 104 204 106 128 8 67 195 208 148 32 139 25 17 8 32 128
64 32 6 13 75 11 160 72 118 160 226 10 64 194 0 208 120 204 106 128 0 243 131 64 20 32 3 41 65 0 47 132
8 32 6 25 75 131 160 72 246 128 192 8 80 192 96 64 88 108 106 8 0 211 207 24 85 3 7 8 97 0 35 128
104 34 144 36 41 13 80 16 35 168 178 73 159 11 64 210 128 196 236 12 12 96 193 0 203 249 33 49 74 168 74 3
64 32 6 13 73 11 160 72 118 32 226 8 68 194 32 80 120 204 106 128 0 243 131 64 21 32 131 41 64 0 39 130
80 32 6 141 75 2 32 72 182 32 194 3 68 226 32 66 120 204 106 128 8 211 155 144 148 34 131 17 48 8 41 130
16 48 6 29 72 135 32 72 246 168 194 101 80 196 32 66 120 108 106 132 0 211 205 4 21 34 35 0 64 0 32 146
80 32 14 141 74 10 32 64 118 32 226 2 192 130 0 80 120 140 106 128 12 211 197 80 148 32 131 1 33 0 43 130
64 32 71 141 10 2 32 72 118 160 194 226 193 130 128 210 120 204 110 128 8 211 199 16 148 34 163 144 53 0 32 129
80 16 6 129 74 75 32 0 238 32 194 106 210 2 0 80 104 140 106 0 0 209 197 16 149 32 171 48 32 8 53 2
97 34 0 40 45 13 64 8 107 188 176 77 131 8 84 148 200 132 76 12 142 98 202 17 150 216 1 62 80 136 90 5
16 32 6 1 11 11 160 72 102 32 226 64 195 128 64 66 40 76 106 8 0 241 197 0 21 2 3 1 97 0 82 128
121 34 144 160 41 29 80 16 107 168 178 77 207 3 192 146 128 197 108 12 12 96 193 0 202 249 37 48 66 132 74 1
96 32 6 13 73 5 32 72 166 136 194 72 84 194 64 210 104 204 106 0 0 67 203 16 20 32 3 56 64 0 42 128
32 32 20 137 79 79 176 72 150 180 240 10 68 208 96 132 249 152 234 16 2 99 219 145 29 128 7 63 17 8 45 130
80 2 143 205 12 2 33 88 118 128 226 70 209 227 160 66 112 196 106 136 1 209 131 12 84 162 227 0 40 40 97 32
6 172 148 27 153 245 22 168 190 183 64 17 204 246 111 220 145 91 225 16 54 88 155 119 41 22 93 111 146 85 141 70
117 14 207 126 154 34 71 184 82 226 98 236 115 225 185 59 29 230 100 46 233 243 173 46 96 174 101 20 233 240 66 33
48 32 128 141 75 75 160 72 162 164 160 11 6 144 64 146 104 220 234 0 8 115 219 16 29 0 15 59 65 40 15 130
65 34 143 5 8 10 33 64 100 160 194 64 208 130 144 114 96 196 106 136 1 209 135 64 28 34 167 0 41 32 99 32
96 34 3 9 72 11 160 72 166 224 226 76 194 128 64 80 104 140 106 0 9 83 195 16 20 0 3 56 73 8 34 144
80 32 14 5 10 75 32 72 164 36 194 2 195 130 2 86 104 204 106 136 12 209 199 64 148 32 2 1 32 0 47 128
32 48 6 29 73 79 32 72 54 248 192 13 64 212 64 16 89 76 234 0 0 210 219 16 29 2 5 60 16 8 6 146
24 32 142 29 10 146 32 120 118 128 198 64 67 225 32 114 81 108 106 40 8 211 143 29 75 227 101 1 98 32 48 34
32 176 148 29 73 135 16 200 150 184 192 105 240 240 96 130 153 124 234 0 2 195 203 29 12 3 37 62 16 32 42 129
33 142 135 30 24 3 6 184 86 130 98 108 115 225 168 81 81 102 32 42 105 209 11 63 40 38 101 0 112 240 64 32
4 172 150 27 153 195 18 232 54 49 64 17 102 240 42 84 145 110 160 48 54 80 11 63 41 166 69 127 210 32 141 6
80 0 135 77 12 2 32 72 118 128 194 66 208 224 160 66 120 68 106 8 9 243 131 4 20 34 231 0 41 40 112 32
32 32 20 137 75 75 32 72 22 176 192 10 196 194 96 0 121 28 98 16 2 83 75 17 29 128 15 61 16 8 45 130
116 166 143 85 140 2 36 248 118 179 194 102 83 224 209 43 89 100 104 56 185 211 239 8 28 35 229 68 225 120 112 32
70 160 132 21 203 87 20 232 146 178 0 9 228 224 75 142 17 94 232 19 34 83 155 24 13 34 77 127 128 116 31 134
81 34 135 5 12 10 33 64 100 160 194 66 208 130 16 114 96 196 106 136 1 211 135 64 148 34 143 0 41 32 115 32
48 32 132 141 79 75 160 72 22 160 224 11 6 128 64 130 120 204 98 1 8 115 203 16 29 0 15 57 65 40 31 130
32 160 20 153 75 207 32 200 22 180 224 10 68 194 96 128 89 92 234 16 2 83 91 17 29 128 15 63 80 8 45 130
80 2 134 77 12 2 33 72 118 128 194 66 208 224 160 66 120 196 106 136 9 211 131 68 84 34 199 0 40 40 113 32
32 32 28 137 75 15 160 72 22 176 224 10 196 192 96 0 121 28 98 16 2 83 91 17 29 128 15 61 16 8 41 130
117 36 143 119 140 2 7 184 82 242 66 100 83 225 145 43 89 102 96 58 185 243 175 42 104 47 101 4 237 248 112 32
80 2 143 77 8 2 33 104 118 128 226 70 208 224 160 66 112 68 106 40 1 241 131 12 84 162 231 0 40 40 96 32
48 32 0 141 79 73 160 72 174 164 176 11 2 128 64 146 104 220 106 1 8 115 219 80 29 0 11 57 65 8 78 130
6 188 148 18 153 247 22 172 182 183 0 17 236 246 75 221 145 95 160 16 54 80 155 127 41 22 85 111 146 117 143 70
6 164 148 23 155 71 22 200 150 183 0 1 228 242 73 143 145 94 232 50 34 83 155 59 41 6 77 111 128 116 7 134
81 32 143 133 78 10 33 64 100 160 194 66 208 130 144 114 96 196 106 136 1 211 135 64 148 34 143 0 32 32 99 32
181 78 206 126 136 43 71 184 82 226 102 236 115 225 185 59 29 102 100 46 233 242 143 46 104 174 101 16 233 249 66 32
65 34 135 133 14 10 97 64 108 160 226 66 212 130 16 114 96 196 106 136 1 209 133 64 148 34 139 0 40 32 35 32
48 32 4 141 79 75 160 72 54 160 224 11 2 128 64 144 120 204 98 1 8 115 219 16 29 0 15 57 65 40 6 130
64 2 143 93 8 2 33 104 118 128 226 66 82 225 160 66 112 100 106 40 9 243 139 12 84 34 231 0 32 104 112 32
165 206 207 126 152 35 71 184 18 130 98 232 115 225 169 49 17 102 100 42 105 192 46 63 104 175 101 16 112 240 66 40
6 172 148 26 145 255 22 172 62 179 74 17 110 240 44 212 145 94 160 50 54 72 27 63 169 54 5 127 208 119 143 6
36 160 20 153 203 207 32 200 22 176 192 10 68 210 96 128 89 28 226 16 2 83 91 29 29 130 13 127 16 8 45 130
25 0 14 169 10 11 33 72 118 32 198 2 210 128 32 64 120 76 106 8 0 209 91 16 212 35 3 0 48 8 49 160
32 32 23 152 75 67 160 72 166 32 194 11 68 194 32 194 104 204 106 128 8 211 195 192 21 32 139 43 16 8 36 130
100 32 134 30 217 195 32 72 178 176 194 9 224 224 64 86 209 108 106 16 2 83 203 41 29 34 69 59 80 32 38 134
112 32 133 21 74 11 37 72 54 178 194 72 67 225 64 16 49 108 106 8 8 210 207 29 28 130 69 44 32 32 98 160
96 48 6 137 72 7 32 72 70 72 194 14 68 208 98 64 72 140 106 0 4 83 203 16 21 32 131 56 16 8 52 194
6 172 148 18 145 247 22 172 62 183 10 16 108 246 109 220 145 95 160 50 50 64 27 63 41 22 77 103 144 119 133 6
4 160 134 29 153 131 32 232 182 176 194 0 228 240 96 66 209 108 106 32 38 209 139 29 12 34 69 7 64 32 42 134
68 168 150 31 217 195 34 232 182 176 66 8 228 224 72 6 145 110 106 16 34 211 139 63 13 38 69 47 64 96 7 134
165 206 207 126 138 35 71 184 82 130 96 232 115 225 169 59 17 102 36 42 233 224 14 46 104 174 101 16 233 241 66 40
113 160 134 29 10 10 38 232 118 178 194 9 66 224 64 66 49 108 104 33 44 243 139 26 24 38 69 5 97 96 58 130
32 2 4 137 14 11 32 8 118 32 194 198 195 128 0 64 120 140 106 8 9 241 199 16 148 32 162 16 57 8 48 128
65 0 6 137 77 11 160 72 230 36 194 2 194 128 32 196 72 140 106 128 8 195 203 80 148 32 139 57 16 8 56 4
80 18 135 29 74 2 32 120 118 140 194 109 64 228 160 82 80 108 106 0 45 211 203 24 28 162 101 8 120 32 50 80
68 172 156 58 145 175 22 172 118 55 74 17 102 224 10 80 145 111 160 50 54 72 27 63 169 55 21 119 208 119 143 2
165 206 196 62 152 167 71 184 210 210 96 204 115 225 153 51 21 102 96 46 225 192 14 63 104 170 101 24 120 240 66 8
70 160 148 22 203 85 20 200 146 182 0 9 196 246 75 142 145 95 233 18 6 67 155 48 29 2 79 127 128 116 15 134
117 166 207 117 156 2 71 184 82 242 226 254 83 225 145 43 25 228 96 46 185 243 173 10 104 174 101 4 237 248 208 32
86 172 148 18 145 243 22 172 62 179 10 17 108 242 107 216 145 79 160 50 54 192 11 63 169 22 29 71 144 119 137 6
165 206 197 30 152 35 71 184 146 146 96 204 115 225 153 27 21 102 32 46 224 224 78 43 40 42 101 24 249 249 66 40
89 147 95 237 44 34 97 48 229 89 207 102 83 35 168 240 96 132 110 172 25 129 33 205 146 227 98 68 58 171 104 49
193 225 95 103 66 8 109 33 233 16 99 72 31 2 140 51 34 133 68 106 113 248 166 69 180 184 96 64 104 130 195 36
180 106 16 3 65 77 150 192 40 44 161 9 134 4 11 148 232 144 194 99 104 55 64 50 181 1 8 51 80 31 15 210
4 172 148 30 153 219 22 168 54 23 64 17 230 240 42 212 145 110 160 48 50 192 11 63 41 54 69 111 210 100 133 6
37 140 199 30 152 3 71 184 22 130 98 108 115 225 168 81 17 102 32 46 105 208 15 63 32 174 101 16 120 240 2 32
117 166 142 21 140 2 37 248 86 242 66 70 81 224 209 11 89 100 104 56 185 211 143 8 72 34 229 68 233 120 112 0
40 16 16 10 105 213 16 72 6 108 69 41 134 212 34 84 192 24 170 66 6 19 226 17 147 241 0 59 18 15 46 215
6 160 132 21 139 7 20 200 150 182 0 9 196 224 73 142 145 78 232 51 34 83 155 24 9 2 77 127 128 116 23 130
217 35 206 125 64 8 96 17 96 200 231 84 123 35 146 83 32 228 108 200 209 248 135 65 86 233 242 0 105 160 234 24
84 113 2 0 129 76 38 228 40 64 162 13 14 2 75 212 240 193 202 226 79 19 148 104 185 0 14 15 8 19 175 22
36 20 18 136 73 255 183 96 136 46 253 14 132 240 34 0 216 44 194 34 36 163 112 222 117 20 11 63 81 106 7 199
118 160 196 5 172 75 76 136 43 182 130 169 195 32 215 158 1 196 108 17 28 67 207 16 152 18 205 255 132 124 94 4
86 69 3 132 157 80 134 238 12 136 138 2 134 34 32 196 248 198 138 163 73 3 49 206 185 4 142 95 16 62 181 100
29 20 71 56 58 163 65 48 196 72 207 228 215 70 160 225 84 32 110 60 169 129 39 28 168 227 96 64 250 139 32 113
68 166 134 31 155 3 34 232 54 176 66 8 96 224 0 3 145 110 96 48 36 209 139 62 41 38 69 111 192 96 7 132
38 28 17 24 105 233 151 106 158 206 153 41 164 212 39 132 136 48 202 99 34 39 106 95 49 22 11 59 80 109 7 247
108 52 2 16 201 252 50 97 160 4 207 9 4 214 34 148 232 184 194 32 0 19 144 14 53 117 2 15 66 102 47 134
45 112 147 185 126 131 161 80 150 202 113 230 149 198 233 8 92 40 2 94 65 182 66 138 196 129 42 40 17 27 33 241
8 17 2 129 197 86 36 85 196 109 206 2 128 146 34 110 104 12 130 176 76 147 48 128 215 193 130 7 2 14 188 214
96 34 4 137 76 11 104 72 38 40 242 234 131 130 128 80 104 132 110 128 8 99 199 208 148 32 163 185 17 136 48 1
96 34 0 32 45 13 64 8 107 60 176 73 131 8 84 148 200 132 76 5 140 98 200 144 131 217 1 62 80 140 90 5
105 34 144 100 37 29 80 16 105 172 182 73 223 3 66 146 128 197 108 12 12 96 193 0 195 249 37 49 98 132 74 1
118 32 196 37 169 90 68 8 43 182 130 137 195 40 87 158 1 196 236 19 12 99 205 128 152 242 205 55 164 124 94 4
32 48 22 152 75 223 176 72 150 180 224 11 196 208 98 132 217 56 234 16 6 115 219 17 29 128 7 63 80 8 45 134
81 2 143 205 14 2 97 88 246 160 230 102 209 163 160 98 112 204 106 136 9 209 199 12 84 163 226 0 41 160 96 160
96 32 0 137 79 73 160 72 46 164 240 11 134 136 64 128 104 140 202 129 8 115 211 208 21 0 3 59 65 8 126 130
14 184 148 27 153 215 48 232 190 181 0 17 236 246 107 158 145 91 235 16 54 65 155 117 13 18 77 111 146 116 141 198
53 6 207 125 138 2 71 120 82 226 230 228 115 225 145 59 25 236 100 46 233 243 175 15 248 175 101 128 237 248 114 49
17 34 31 133 14 10 233 64 108 160 226 66 213 130 144 114 104 196 106 136 1 209 133 64 148 32 170 0 41 0 35 32
78 160 150 22 201 215 52 200 158 190 0 9 204 246 75 142 145 127 233 16 6 67 155 113 13 18 79 127 130 116 15 198
117 166 207 117 142 10 71 248 86 226 194 230 83 225 209 43 25 236 100 46 169 242 239 10 120 175 101 4 237 248 112 48
249 151 110 76 34 86 85 56 245 94 231 244 83 53 190 125 84 132 188 106 249 155 39 29 210 235 112 144 126 228 120 113
61 118 87 137 50 179 67 88 20 73 222 230 211 69 161 233 94 8 142 60 171 145 37 156 226 195 34 212 186 143 48 241
8 17 38 216 41 215 49 64 197 76 71 35 128 212 34 196 204 56 170 98 132 147 50 128 131 113 2 3 18 46 44 215
217 147 206 237 0 18 97 49 117 89 231 244 83 38 170 255 96 196 174 236 153 153 39 149 210 235 226 68 58 161 232 117
42 80 16 8 105 93 18 72 142 124 69 45 140 150 35 212 142 25 195 98 7 3 122 29 23 81 9 63 18 31 15 215
217 115 234 101 64 8 103 81 112 202 231 244 59 129 202 122 48 204 108 206 219 244 165 67 86 237 50 0 107 160 234 80
44 89 16 138 105 123 150 72 14 108 181 47 6 20 43 148 200 144 194 98 4 51 81 184 53 17 0 59 81 127 12 211
60 61 16 130 67 77 214 192 41 46 185 11 70 4 3 144 184 209 198 99 76 179 0 104 181 0 4 55 65 127 15 211
129 227 89 67 66 8 229 113 105 24 115 76 95 1 156 19 34 137 70 234 85 116 39 69 54 168 96 76 97 162 227 160
208 188 2 4 65 84 34 224 40 72 170 13 14 150 35 212 240 213 206 227 76 3 152 110 177 32 142 15 0 55 47 94
61 28 76 169 30 99 67 58 6 97 220 230 211 1 131 96 88 128 62 188 173 34 109 159 236 239 161 212 191 139 80 80
82 85 2 136 61 82 6 109 12 200 136 43 198 182 42 196 216 212 142 96 124 131 113 202 177 52 142 31 16 62 189 86
14 63 53 25 169 255 183 97 142 238 141 1 140 196 38 132 140 49 202 2 144 129 106 90 39 20 1 63 18 110 141 215
14 188 148 19 153 215 22 168 190 183 64 17 236 246 79 156 145 123 160 16 54 80 155 63 45 22 85 111 146 116 143 70
217 100 206 37 2 18 111 84 113 194 246 230 121 35 147 87 122 228 172 238 233 214 165 234 242 235 230 0 47 242 106 88
53 166 207 94 154 2 71 184 82 234 102 236 115 225 153 59 29 238 100 46 233 243 175 47 232 175 101 148 233 248 66 33
96 32 0 141 75 73 160 72 38 164 240 139 132 192 64 146 104 204 234 0 8 115 203 16 21 0 11 59 65 8 46 130
17 34 15 5 8 10 33 64 236 160 226 66 208 130 144 114 104 196 106 136 1 209 133 64 148 34 163 0 41 32 99 32
44 57 18 26 217 245 182 99 160 140 237 9 164 246 34 16 200 56 194 2 52 187 18 108 53 117 2 11 194 124 175 150
218 198 196 239 2 2 47 61 57 2 118 230 253 35 152 115 54 213 125 234 225 220 165 75 230 235 250 128 47 178 163 40
117 166 207 117 158 10 103 248 118 242 194 230 83 224 208 35 89 108 104 44 169 241 239 10 124 47 101 20 237 248 112 48
8 29 20 25 137 253 52 75 206 30 76 1 164 208 35 199 192 58 170 0 22 9 82 49 165 113 2 59 18 77 13 199
32 32 20 9 75 79 32 72 22 180 192 10 196 210 96 128 121 24 234 16 6 211 219 17 29 130 5 63 48 8 45 134
6 164 148 27 153 215 22 168 62 179 64 1 102 246 107 212 145 91 224 16 54 80 155 63 41 22 69 111 208 36 13 6
64 34 143 93 8 2 33 88 246 160 226 68 81 225 160 66 120 100 106 8 9 241 139 12 84 34 231 0 0 168 96 32
32 32 0 141 79 73 160 72 38 164 240 10 134 128 64 144 104 140 106 0 8 243 211 80 21 0 11 57 97 8 30 130
1 173 189 107 180 134 171 159 110 9 90 64 253 73 152 32 151 71 85 25 147 184 13 125 108 62 60 192 196 130 131 41
81 32 15 133 8 10 33 64 236 160 226 66 208 130 144 114 104 196 106 136 1 209 133 64 148 32 171 0 9 0 99 32
101 164 199 117 152 2 69 184 210 178 66 228 83 225 145 43 17 100 104 44 185 243 143 8 104 42 101 4 233 248 112 32
86 160 132 20 203 71 20 232 18 182 64 9 68 246 66 134 145 92 233 0 0 83 219 24 25 34 77 127 128 100 55 134
67 139 69 230 60 1 78 180 136 32 26 200 245 99 176 99 2 102 61 108 209 136 141 189 168 184 169 240 28 170 17 40
6 172 148 30 153 203 22 168 62 183 64 17 102 244 111 84 145 94 160 48 50 192 155 63 41 54 85 111 210 36 141 6
49 140 206 126 26 3 71 184 210 178 98 236 115 225 169 123 17 102 96 46 233 210 15 63 96 174 101 16 120 240 66 0
86 160 132 23 139 87 20 200 22 178 64 9 68 230 75 138 145 94 233 18 6 83 219 56 25 2 77 127 128 116 15 134
37 166 143 85 152 2 36 248 214 178 194 100 83 224 209 43 17 100 104 60 169 241 143 8 104 43 101 68 192 248 112 32
80 32 6 9 73 72 32 72 38 32 194 14 194 130 2 80 104 132 106 128 8 211 215 64 148 32 130 9 32 8 39 144
33 32 6 9 72 11 161 72 102 160 226 8 130 0 2 64 104 140 106 0 1 243 69 16 148 0 3 48 65 8 51 160
48 0 6 137 12 75 32 72 102 36 194 2 194 128 34 64 72 132 106 128 12 147 205 16 148 34 130 1 16 8 52 196
0 32 6 13 9 91 160 72 246 228 198 12 196 192 98 66 88 76 106 8 4 195 255 24 28 2 5 57 64 8 5 212
113 48 132 13 74 10 33 72 118 128 194 164 67 196 2 86 112 76 106 128 9 210 207 24 20 34 3 0 113 0 50 208
16 0 7 137 8 9 33 72 102 32 194 142 194 128 0 64 104 132 106 0 9 147 79 16 148 32 131 56 48 8 48 208
117 6 207 125 146 2 71 120 114 226 246 238 83 97 145 49 93 236 100 46 169 242 237 14 248 239 101 148 237 248 114 49
70 176 148 29 201 85 52 232 186 182 64 9 236 246 74 134 145 95 235 17 6 67 155 81 13 18 79 127 130 100 15 198
12 81 38 138 109 214 51 208 197 92 215 39 136 212 98 199 204 56 138 98 204 243 50 128 243 241 130 11 2 63 60 215
14 19 48 8 105 95 54 88 142 108 109 45 140 150 35 148 142 25 211 98 135 3 122 29 55 81 9 191 18 31 15 215
221 19 106 237 224 16 99 48 116 76 231 230 81 130 234 120 112 196 46 206 221 23 173 210 218 233 162 196 56 161 104 113
44 25 16 138 105 95 146 64 14 108 253 47 70 180 35 132 216 149 194 98 68 51 121 152 21 21 0 55 83 111 76 215
60 31 2 134 65 95 242 96 41 204 187 15 78 38 35 148 188 193 198 98 12 179 56 104 145 21 3 7 67 47 47 215
32 32 22 137 73 79 176 72 134 180 226 11 196 208 98 132 233 8 234 0 4 115 91 16 29 0 7 63 80 8 45 134
17 195 91 45 66 8 231 121 120 78 117 100 27 0 220 48 58 137 70 106 193 180 173 67 84 233 98 4 105 178 227 224
122 20 2 140 57 86 18 232 40 76 172 45 14 22 35 212 216 221 206 227 12 3 240 108 145 52 138 27 8 39 47 223
81 2 143 141 74 2 33 88 118 0 230 102 209 163 160 96 120 204 106 136 9 211 199 16 84 163 226 0 56 168 96 160
14 176 148 27 153 215 16 232 190 181 64 1 236 246 107 156 145 95 234 16 38 81 155 125 9 18 69 111 146 36 15 198
253 31 109 237 28 43 67 56 87 104 254 238 211 53 147 96 92 132 62 252 185 50 101 158 238 239 161 212 191 139 80 113
74 80 50 140 61 215 18 228 156 104 134 43 206 150 34 228 208 116 202 97 109 7 96 206 177 52 14 63 18 62 45 95
249 149 108 237 14 18 79 57 113 74 247 246 83 39 154 115 92 196 44 238 249 166 229 143 242 235 226 196 47 162 240 112
42 57 16 30 249 221 181 75 138 77 100 41 172 246 35 144 204 59 202 64 22 11 242 125 119 53 26 171 210 12 175 223
217 246 239 103 2 18 109 125 113 70 247 246 121 99 154 115 122 196 108 174 233 212 189 79 246 235 226 128 111 242 226 112
117 162 207 117 142 2 69 248 86 242 194 230 83 224 208 34 25 108 104 44 169 243 239 8 88 171 101 4 237 232 114 48
74 89 16 158 249 221 20 79 142 93 196 9 174 244 34 196 196 51 202 0 6 43 90 241 181 84 26 59 146 92 141 95
14 160 150 27 153 215 16 232 190 181 66 1 236 246 107 156 145 127 232 48 38 208 155 125 9 18 69 111 146 36 13 6
113 6 207 125 10 2 71 120 86 138 98 228 115 225 177 123 21 108 100 46 169 243 143 15 104 175 101 0 249 248 114 49
65 205 69 135 20 139 107 188 64 33 26 194 243 98 152 96 50 198 60 236 139 136 77 189 172 168 173 192 44 138 208 8
117 6 207 125 146 2 79 120 114 226 246 238 83 97 144 113 127 236 116 44 169 242 237 14 248 175 101 148 237 232 114 49
46 81 62 170 109 85 21 89 141 204 213 39 204 221 43 199 204 16 207 98 196 163 114 140 243 241 70 159 18 62 45 215
125 83 107 236 224 18 103 112 117 72 247 230 83 150 226 112 118 220 174 206 217 151 173 130 242 237 162 196 62 163 100 113
46 17 18 142 125 95 179 121 142 108 253 47 204 148 43 164 222 149 194 98 68 51 120 154 119 85 11 63 83 47 13 215
29 114 235 99 18 30 103 217 116 72 255 100 91 3 153 176 58 140 70 238 193 180 45 74 246 237 38 132 107 178 227 241
62 25 18 132 113 127 179 232 169 76 252 15 78 180 39 148 188 209 198 102 13 163 48 236 17 21 0 31 67 47 110 215
62 28 18 140 121 118 83 232 41 204 252 45 78 22 35 148 220 213 198 230 12 131 120 236 145 53 10 7 67 55 46 223
106 92 50 148 57 222 50 230 140 76 142 9 140 150 35 244 212 245 202 98 68 135 48 236 179 53 10 31 18 61 45 95
253 23 108 235 28 27 75 176 85 104 246 238 211 5 147 113 92 196 60 126 185 148 101 190 238 235 160 208 63 187 80 113
138 217 48 31 249 221 180 239 142 77 196 1 172 222 34 132 204 59 203 80 86 11 114 253 103 113 30 59 82 28 175 223
42 145 144 158 249 221 180 79 138 125 189 29 172 214 42 212 207 19 203 0 22 11 122 241 63 17 26 63 18 12 143 223
110 83 58 140 109 213 159 121 31 204 125 47 204 221 162 229 222 185 151 38 193 35 122 157 247 245 46 175 26 174 45 247
125 83 107 231 180 22 127 16 117 108 255 230 83 7 178 112 118 220 62 238 201 146 237 206 242 237 162 132 47 183 112 113
157 87 111 103 50 18 239 120 116 74 247 230 89 71 130 48 126 201 6 238 201 180 45 106 246 205 162 132 107 179 99 241
42 25 50 156 121 246 147 194 169 204 252 45 14 150 39 148 204 245 223 64 12 131 114 236 23 117 10 155 66 125 46 215
253 86 109 231 54 58 99 176 125 232 118 238 91 5 155 113 54 196 62 110 161 180 109 142 254 235 96 128 111 187 80 113
106 88 50 156 105 252 16 198 141 204 236 45 174 214 39 212 204 177 207 65 140 139 114 236 147 117 26 27 18 124 47 223
170 145 16 154 121 221 176 107 142 125 181 25 172 214 106 149 205 27 203 0 86 15 122 245 159 17 26 255 18 12 143 215
47 19 122 252 125 221 159 121 159 204 125 175 221 223 162 228 222 249 151 102 197 50 122 220 247 249 43 171 30 175 45 247
157 87 111 233 52 86 127 208 117 236 254 231 91 15 191 112 126 220 157 238 233 145 37 206 246 237 163 132 47 183 112 113
157 86 111 101 50 22 111 120 117 236 255 230 91 15 147 113 126 197 30 238 233 148 45 206 246 203 163 132 111 183 96 113
42 24 50 156 121 215 185 82 137 204 244 45 172 158 39 148 206 49 223 65 133 139 114 232 23 113 10 155 90 45 111 223
221 22 125 229 38 58 103 56 125 234 127 230 219 109 155 113 54 132 62 46 161 180 45 142 198 235 99 132 111 235 81 113
159 22 125 229 34 126 127 57 125 238 127 246 89 63 159 113 126 149 191 174 169 148 37 206 246 235 227 132 47 247 97 113
205 22 253 229 166 62 125 57 125 238 119 246 223 45 159 123 55 213 62 44 177 244 37 202 230 255 103 132 175 244 193 113
