28 146 174 243 135 164 125 189 22 95 86 183 249 103 251 73 125 218 183 156 186 208 75 177 207 199 254 197 183 220 180 243
6 175 97 67 168 121 102 169 111 250 59 233 203 244 221 182 59 218 254 114 223 48 239 114 46 24 37 237 231 255 214 117
197 94 62 39 129 46 110 180 109 226 111 85 223 35 127 67 133 110 58 110 229 180 25 106 231 253 71 4 72 243 233 84
252 252 120 106 57 89 83 152 115 38 165 56 27 23 74 144 25 220 197 250 122 38 248 182 243 205 33 125 115 181 78 98
141 18 238 219 36 240 105 16 87 95 87 180 201 199 250 237 71 56 191 154 147 212 43 241 70 123 242 193 150 143 124 117
31 153 247 83 131 216 49 179 247 89 102 162 233 247 200 252 39 242 190 152 147 216 47 241 143 255 86 195 163 132 37 125
69 63 189 71 168 44 111 184 109 190 127 229 207 99 219 86 183 78 110 110 212 80 173 106 238 184 103 164 198 243 199 229
11 176 194 27 67 249 41 84 62 81 85 180 189 134 238 237 55 43 182 148 151 220 190 241 14 17 122 232 190 134 169 221
178 22 17 136 60 105 146 74 155 10 248 121 14 214 172 212 223 155 134 33 174 39 66 219 144 148 40 187 80 108 38 135
25 180 247 53 19 74 107 58 126 207 102 148 253 102 130 244 51 77 174 172 161 220 189 95 237 231 119 196 98 164 37 249
21 146 174 157 30 214 177 248 22 220 214 38 113 118 226 106 125 232 174 152 141 211 127 13 93 3 239 133 189 40 60 243
41 178 226 20 89 93 241 242 114 252 244 44 123 100 138 181 125 204 198 108 237 250 248 173 95 195 101 173 107 44 78 243
141 122 47 27 137 249 119 216 239 94 20 132 141 198 251 238 64 96 206 122 135 5 190 176 199 209 35 169 154 55 15 245
178 7 2 184 121 169 82 66 157 14 248 121 134 194 162 17 216 171 70 71 108 7 66 78 176 144 42 187 80 108 43 135
50 6 19 168 253 103 80 74 25 47 249 123 14 60 164 157 217 155 133 33 44 39 64 142 145 222 176 191 241 77 116 199
11 24 50 82 99 149 56 84 237 73 215 40 172 158 180 252 230 58 223 74 130 155 176 225 87 121 26 139 6 135 39 175
91 58 98 65 67 188 112 83 97 109 118 87 11 15 70 92 108 138 198 156 143 186 240 194 87 221 146 163 235 196 110 223
88 136 33 179 15 248 97 36 165 95 151 18 169 22 98 239 104 162 174 138 47 60 115 161 151 193 218 67 51 15 53 254
208 6 26 57 136 43 1 66 52 38 207 145 135 3 0 73 97 134 74 2 40 151 65 6 212 167 18 17 64 65 37 0
178 68 26 144 197 46 180 103 57 10 242 27 6 130 33 89 249 143 6 39 108 247 16 206 177 146 94 6 73 88 170 135
56 18 233 217 23 215 17 80 23 109 214 182 147 21 162 108 92 152 151 152 139 188 117 144 199 205 178 193 183 140 116 249
20 6 26 179 132 40 103 7 252 7 203 80 151 35 40 72 105 130 14 18 56 176 72 114 229 247 182 64 176 91 133 32
26 62 231 81 171 120 125 23 229 215 110 181 139 167 215 126 35 50 236 152 151 88 183 192 239 248 86 11 166 212 229 118
147 82 22 1 34 190 56 86 109 93 118 103 44 2 166 93 38 0 46 204 135 149 53 197 150 248 50 194 42 133 41 85
40 48 232 49 71 217 241 81 32 85 116 175 187 141 66 27 40 168 195 4 142 58 246 0 71 193 112 41 99 140 94 210
141 237 74 115 128 136 103 150 109 18 110 16 183 163 209 113 35 74 108 90 90 184 239 35 237 249 38 64 96 211 203 40
41 80 0 179 77 133 174 212 132 25 145 66 156 26 104 202 237 241 155 195 3 39 90 225 53 128 190 106 25 27 177 139
118 127 49 2 234 173 150 192 41 41 185 105 86 92 141 56 220 211 215 67 136 35 72 96 53 16 40 250 193 91 134 179
188 114 35 83 99 221 53 80 49 106 245 125 18 21 138 61 124 184 214 66 239 182 224 0 87 225 48 163 99 156 70 247
205 108 35 19 235 248 55 208 229 94 15 177 169 214 195 255 39 98 222 222 166 5 174 242 119 89 50 171 162 215 47 245
112 109 2 30 89 203 22 96 184 136 217 8 6 242 33 84 120 160 78 98 108 131 130 76 177 32 42 155 16 51 39 6
0 73 2 136 253 131 174 101 204 0 152 2 132 194 48 0 216 32 10 107 64 43 0 206 176 20 138 57 20 26 177 128
197 170 136 1 130 136 100 128 236 19 34 64 149 131 193 82 35 2 74 216 2 8 134 96 132 128 38 8 168 144 11 128
16 12 1 145 132 0 172 71 4 19 146 18 180 42 32 73 105 130 10 133 56 59 65 225 148 2 222 0 129 72 177 8
141 202 151 249 181 146 104 150 127 73 86 244 205 67 176 236 119 12 188 156 163 212 9 212 130 251 26 196 154 148 41 33
169 10 66 177 101 144 104 86 68 5 214 178 129 131 242 228 72 168 134 156 46 186 100 130 134 217 178 65 6 140 120 168
131 128 149 185 77 133 184 83 142 24 80 82 148 146 96 111 237 25 19 157 131 94 82 192 157 152 222 106 152 8 49 161
137 131 147 251 53 131 107 17 94 9 83 86 189 67 184 76 242 43 14 30 51 152 9 251 204 158 186 192 26 134 225 41
168 80 10 169 13 65 161 214 4 117 212 22 145 129 98 201 72 8 130 24 11 178 115 144 84 129 250 41 158 25 188 208
208 14 10 129 86 44 97 82 116 4 219 82 149 3 160 64 104 140 14 136 41 151 101 198 212 160 162 64 37 8 49 160
16 146 3 160 0 224 41 214 116 73 66 84 13 130 96 76 120 9 14 152 19 153 49 96 145 128 186 192 128 1 33 128
136 42 66 19 195 153 229 198 126 19 116 18 175 128 66 141 43 10 130 24 66 254 134 96 4 193 86 41 99 28 235 136
145 7 73 209 194 40 109 51 60 2 226 208 157 3 128 57 104 138 78 168 97 156 68 68 148 128 250 0 32 192 227 160
137 131 23 155 141 173 109 213 206 25 82 86 156 130 96 203 224 3 106 156 147 88 19 241 133 145 126 64 146 72 161 35
81 0 9 133 4 72 97 21 100 32 215 2 147 1 144 96 104 132 46 136 9 184 101 133 213 161 162 0 33 8 116 32
12 186 2 161 236 192 176 210 172 29 82 119 140 150 232 207 237 27 142 145 146 27 130 240 20 193 186 235 152 12 37 155
161 68 26 128 68 72 160 70 56 123 178 26 134 2 34 73 233 129 14 1 101 191 0 194 148 48 90 87 64 8 43 204
193 8 81 162 96 136 105 16 168 64 98 212 157 3 144 241 34 3 94 140 1 24 166 96 132 185 42 128 12 128 3 32
193 8 134 153 4 4 40 66 166 16 194 18 140 147 97 73 101 0 42 156 2 5 19 193 223 96 202 64 144 168 33 0
1 237 18 177 221 216 230 231 238 17 56 64 175 130 96 210 107 202 14 192 87 40 130 241 172 209 150 105 24 8 137 136
89 67 75 131 38 24 96 80 100 64 215 230 177 0 186 96 110 140 46 204 143 177 229 129 212 225 34 128 36 138 56 193
73 16 19 128 164 244 181 83 28 74 151 114 188 22 160 104 236 146 30 0 161 35 97 200 149 17 170 154 152 72 177 119
217 150 10 128 176 12 33 246 56 79 166 85 156 34 130 17 252 130 78 188 49 157 32 70 252 5 186 192 136 0 171 81
88 183 3 17 146 136 37 119 120 13 166 124 158 18 128 113 100 146 206 128 185 25 160 68 148 1 54 80 105 0 131 185
5 18 128 147 196 160 173 83 204 79 155 119 152 2 242 72 105 163 10 149 135 33 108 240 212 4 186 64 189 72 177 80
144 67 10 129 132 0 166 196 52 8 210 83 6 2 32 80 248 134 142 195 104 183 1 226 176 128 142 2 1 24 180 7
18 94 49 156 45 101 149 87 28 74 144 98 188 54 161 97 204 51 31 131 169 11 97 255 241 54 186 154 20 92 53 123
196 157 171 147 197 192 173 199 132 67 158 19 156 118 104 98 105 163 155 129 50 3 104 242 253 5 158 9 148 88 181 114
66 30 9 146 108 180 168 19 196 74 145 118 160 138 224 70 73 34 10 128 171 7 98 195 132 20 154 186 28 72 48 149
161 64 3 136 104 2 165 70 4 64 208 82 20 18 160 96 72 8 10 77 105 143 96 130 52 32 186 24 16 24 178 168
144 145 14 131 70 160 160 65 70 17 91 82 184 146 104 230 105 138 138 144 2 20 7 209 20 128 138 64 53 10 185 176
149 232 15 147 68 132 41 210 46 82 82 50 188 130 224 107 99 9 34 152 67 220 162 225 196 128 250 96 32 0 33 160
32 144 140 177 77 21 160 228 128 57 84 58 128 30 104 43 73 138 130 144 8 58 66 160 71 193 214 107 185 8 212 154
36 26 22 131 228 40 161 82 104 51 241 102 52 2 225 75 104 138 10 130 2 51 0 225 84 0 114 32 193 73 34 160
161 140 0 153 13 189 128 67 132 66 148 18 128 0 66 231 201 2 202 14 110 5 112 147 133 1 138 56 18 12 16 196
4 9 2 131 204 169 160 65 36 17 243 98 144 18 224 8 104 0 42 152 18 58 67 0 20 128 178 64 209 8 225 128
225 129 2 128 196 128 32 69 100 1 210 22 20 130 96 64 104 136 10 149 26 179 192 192 148 32 162 104 1 10 176 128
144 102 10 1 16 1 160 68 36 1 178 146 128 2 160 17 104 128 74 216 8 159 1 68 20 0 154 0 65 0 99 136
48 1 193 161 132 42 72 1 41 1 251 82 131 2 0 88 104 136 6 136 24 146 65 64 132 176 146 0 160 64 226 32
16 32 6 137 74 3 160 64 52 0 194 2 64 130 32 64 120 140 106 128 0 147 129 64 20 0 130 0 0 0 33 128
112 0 10 9 73 25 160 64 100 36 230 2 194 128 34 64 104 140 106 136 4 211 199 0 212 32 130 1 113 8 61 130
0 32 22 137 72 11 32 72 230 32 194 8 4 128 32 64 104 12 106 0 0 243 129 16 20 32 2 32 0 8 35 130
32 32 2 137 75 27 32 72 102 32 194 10 130 128 2 208 104 140 234 128 12 195 203 16 20 1 3 57 89 8 56 128
96 32 2 8 72 9 128 72 166 160 194 8 198 194 32 64 200 12 106 0 8 67 195 16 148 32 3 56 80 8 35 128
64 32 7 5 74 11 33 64 236 32 194 72 134 128 0 82 32 204 106 0 0 209 131 0 20 32 2 16 64 0 35 132
0 32 6 129 12 3 160 72 70 0 194 2 128 192 32 64 104 12 106 136 0 145 71 16 20 32 130 0 16 8 48 128
49 32 2 9 72 3 160 72 118 0 98 2 0 128 32 64 120 12 98 136 0 178 199 16 20 0 3 0 113 8 112 128
16 32 6 129 72 9 32 64 100 0 194 2 192 130 0 64 104 132 106 0 0 147 199 0 20 128 131 24 1 8 51 128
0 0 6 137 72 11 32 72 230 32 194 10 128 128 32 64 104 140 106 128 0 243 197 16 20 32 2 40 0 8 34 128
80 32 6 5 10 11 32 64 172 32 194 8 134 128 0 80 32 140 106 0 0 209 131 64 148 32 10 48 64 0 35 128
112 32 2 129 77 9 32 64 44 0 226 10 134 128 0 16 104 132 74 0 8 51 193 64 148 32 2 17 64 8 3 4
0 32 6 137 12 3 160 72 70 0 194 2 128 194 32 64 104 12 106 136 0 145 71 16 20 32 130 0 16 8 48 128
33 32 2 9 72 3 160 72 118 0 226 2 0 128 32 64 120 12 66 136 0 242 199 16 20 0 2 0 113 8 96 128
49 0 6 41 74 11 96 72 116 32 226 2 67 128 96 80 120 140 98 136 8 210 135 0 148 162 129 32 33 8 112 128
96 32 6 9 72 11 160 72 230 32 194 0 128 128 32 64 104 140 106 0 0 195 195 16 20 32 3 48 64 8 34 128
10 158 224 251 45 248 121 52 213 95 31 241 171 61 178 107 65 18 191 6 188 72 111 179 199 219 242 131 182 207 84 91
155 83 96 217 135 223 125 215 87 89 222 118 186 21 182 237 124 154 158 216 219 148 117 176 231 201 182 129 63 220 220 255
172 237 110 115 165 217 103 176 117 22 126 8 243 97 155 113 25 234 204 74 74 176 108 43 239 249 36 1 98 242 222 104
172 211 26 138 237 149 159 213 0 60 157 126 76 67 170 134 220 195 142 79 218 39 88 226 180 17 174 249 26 31 184 129
110 55 17 66 233 109 166 216 168 88 184 108 156 117 137 158 188 211 223 115 211 35 232 224 52 80 47 190 202 127 135 241
121 150 101 237 149 38 67 182 5 72 218 103 218 63 180 240 125 214 157 160 153 184 81 142 239 111 162 212 47 206 240 51
178 50 107 67 18 239 183 81 53 75 113 245 146 93 141 48 189 184 215 32 171 180 104 14 135 158 48 130 233 202 70 243
78 108 235 82 227 240 63 212 241 94 148 168 233 255 219 255 99 242 223 202 230 71 174 227 247 95 246 171 166 215 39 255
84 103 3 0 104 66 39 244 160 12 178 104 2 195 161 81 248 196 78 226 105 131 0 76 176 32 38 143 65 51 39 67
73 112 74 33 193 216 100 147 236 82 102 132 153 131 195 210 35 0 234 140 67 20 150 64 198 193 38 9 42 132 43 152
9 12 1 179 5 216 32 7 236 84 139 18 189 34 224 194 104 34 138 136 51 8 111 193 132 193 154 0 178 78 57 232
88 187 42 18 131 80 53 213 97 92 182 173 11 6 194 223 104 134 206 136 92 155 164 224 243 97 246 195 35 20 174 95
137 131 68 249 143 152 108 157 229 21 70 150 169 195 250 207 99 130 170 156 87 16 39 128 142 217 150 1 62 204 249 28
161 129 16 187 108 37 168 65 204 56 209 66 148 138 112 203 200 9 18 94 16 59 74 224 28 152 250 232 16 11 57 129
13 102 67 211 5 185 98 208 71 17 89 210 203 195 248 228 122 74 134 222 131 176 15 241 166 216 131 74 54 223 249 164
145 4 8 209 132 40 97 18 116 7 206 18 145 3 16 73 105 130 10 156 56 148 113 198 212 161 146 0 160 201 48 160
17 26 3 0 32 228 33 210 52 77 214 116 16 150 226 120 252 10 6 144 139 147 49 64 144 128 178 202 40 1 37 245
24 26 136 153 13 85 49 214 4 125 212 38 145 132 227 200 105 8 134 152 143 158 115 160 199 193 250 161 190 29 60 251
184 120 202 19 67 217 181 85 33 86 116 30 11 132 98 143 105 10 130 8 70 254 182 224 71 193 86 43 99 28 239 222
9 71 73 211 128 40 109 23 236 23 111 148 189 35 128 109 35 3 78 138 49 28 44 99 228 203 118 0 160 210 131 224
205 131 22 176 173 61 100 211 204 29 150 18 140 131 98 207 232 2 238 28 144 9 131 224 151 209 98 106 146 76 185 1
209 2 8 131 4 8 97 21 100 15 247 114 147 1 144 96 104 134 14 136 58 190 101 135 212 225 178 128 32 136 244 33
137 44 75 115 224 168 105 18 236 66 116 144 185 131 146 56 34 170 78 142 1 24 164 96 196 217 50 0 36 193 67 224
13 67 73 131 198 24 238 157 108 64 223 230 217 66 152 96 126 192 30 238 199 52 109 224 228 233 166 132 61 187 241 177
217 146 42 128 48 28 40 214 104 73 182 116 156 2 130 112 228 131 78 140 161 15 32 102 220 23 186 192 8 0 163 249
73 150 10 177 212 156 99 150 164 77 214 183 153 70 234 230 105 130 138 156 179 28 103 227 254 97 182 0 178 204 185 112
212 26 26 131 132 4 180 208 60 10 146 247 134 2 34 65 109 128 14 192 108 151 1 226 180 2 174 2 1 24 185 131
79 30 49 155 173 212 151 16 156 78 150 102 188 55 163 237 204 50 159 3 185 11 112 248 245 51 218 154 150 93 53 123
42 19 105 193 77 93 253 112 137 92 116 167 153 125 246 103 76 144 151 229 128 50 246 192 127 89 238 172 55 174 84 243
65 16 161 154 236 132 161 17 140 91 145 54 180 118 225 74 77 32 30 4 147 2 226 131 148 20 186 184 148 88 49 113
25 145 6 145 207 148 44 195 134 82 82 210 153 130 96 234 105 154 138 144 83 24 15 209 150 65 186 0 63 72 185 144
153 42 3 147 134 160 109 83 126 26 80 82 189 214 224 105 107 43 38 156 130 212 162 192 197 129 250 32 181 200 161 160
160 153 12 177 76 40 160 210 132 27 80 18 176 25 96 35 232 26 2 128 2 126 210 161 4 129 250 40 93 72 112 154
161 192 2 147 196 0 160 196 100 16 208 82 16 3 96 64 104 136 10 148 114 63 128 194 180 0 178 104 0 24 176 128
16 8 10 145 0 169 160 2 100 18 226 130 185 2 224 73 104 130 74 142 2 176 69 97 148 129 178 0 113 64 33 136
64 9 24 147 70 168 97 0 108 1 211 18 151 2 161 72 98 162 14 136 16 48 4 224 212 160 34 0 176 75 1 128
156 130 101 251 15 248 99 24 229 94 71 18 235 198 106 231 97 34 174 138 23 16 127 160 143 225 146 67 50 143 117 116
123 150 34 144 29 244 80 83 69 93 158 55 139 46 162 230 109 130 142 140 174 3 116 129 219 81 130 219 179 204 188 87
141 91 26 171 236 113 230 220 206 124 85 118 156 130 226 202 202 75 134 82 213 50 122 240 166 145 110 233 28 91 169 209
191 220 74 146 205 241 54 210 213 82 221 151 75 104 43 205 121 202 142 130 255 55 124 163 246 215 135 39 191 125 248 150
140 76 90 251 133 232 110 134 252 19 95 18 157 35 49 105 99 74 10 90 48 28 29 242 231 235 246 65 190 211 201 136
25 26 171 147 37 125 52 214 84 127 86 39 184 157 227 232 125 26 150 16 143 184 33 160 215 193 178 161 54 220 60 251
136 242 170 49 201 93 181 83 165 94 116 55 139 156 226 47 109 10 198 128 214 62 182 192 87 209 118 235 99 12 239 223
73 146 105 243 36 188 96 150 236 91 118 116 187 195 216 216 97 14 46 8 131 48 215 241 198 249 178 128 58 208 89 25
207 30 184 210 228 180 185 210 156 91 148 118 156 23 224 108 239 179 159 144 179 15 104 226 157 17 174 250 158 232 161 177
205 156 43 179 214 220 97 208 164 95 214 178 153 23 242 102 105 130 158 156 178 28 109 227 222 73 182 196 182 140 245 241
209 82 4 149 4 20 37 116 60 222 150 119 184 2 162 66 105 224 142 160 237 23 41 203 220 130 254 128 24 44 33 81
170 22 104 193 109 93 249 112 129 88 212 174 152 45 182 103 108 216 151 173 168 50 98 196 119 89 234 168 55 172 116 241
76 148 147 242 252 132 47 183 148 11 152 242 189 119 160 224 125 210 159 146 251 11 72 227 252 213 190 200 22 200 177 177
73 68 161 219 124 168 41 23 138 1 81 82 157 86 224 226 103 48 154 8 179 22 226 226 188 84 186 232 150 220 145 161
25 148 1 145 204 176 44 214 198 91 218 54 153 134 224 194 105 138 142 132 159 26 110 241 156 192 190 196 183 76 176 208
152 184 138 179 198 233 117 195 30 82 116 51 181 149 98 9 121 10 34 0 3 248 138 193 196 193 242 34 53 72 153 217
1 206 0 145 68 136 161 214 228 86 240 102 169 2 224 73 105 2 2 136 66 16 68 241 148 129 178 32 28 8 113 136
196 9 200 153 196 136 97 17 252 17 245 146 157 67 224 73 98 170 14 152 50 20 6 194 212 160 34 72 176 136 161 32
152 153 171 243 36 213 121 83 20 89 214 179 59 157 98 104 253 26 151 0 143 156 49 161 211 201 182 129 54 204 60 251
42 180 34 120 235 213 177 118 133 85 252 183 137 189 102 167 207 58 211 4 150 58 242 128 95 217 82 235 247 140 38 255
76 158 98 243 206 140 125 209 165 90 214 246 153 7 244 99 101 146 159 156 163 29 109 224 126 233 166 200 63 140 241 241
