81 0 199 141 12 2 169 80 108 192 210 70 217 130 176 98 106 196 122 140 129 211 135 192 148 42 170 128 60 168 113 4
104 48 56 96 32 12 81 16 97 136 52 8 159 23 0 48 132 20 93 8 136 96 176 0 195 249 32 16 64 128 66 35
90 32 50 128 9 249 48 67 45 5 164 27 14 150 96 88 232 145 203 144 26 11 16 208 211 144 154 123 146 4 39 98
1 32 134 129 44 32 40 82 108 81 210 214 144 130 240 106 100 6 122 156 147 217 135 192 28 40 186 192 140 136 49 176
67 162 16 145 168 141 168 19 174 25 146 212 156 130 192 88 39 11 94 156 147 8 198 209 140 16 186 232 136 0 131 129
250 97 64 12 79 27 150 96 9 38 188 11 74 8 7 20 248 133 207 99 76 35 193 200 115 97 0 59 83 62 94 194
83 34 80 160 26 168 56 64 175 17 131 205 141 6 64 222 166 157 95 149 18 1 135 192 156 144 26 254 128 4 43 4
150 162 0 185 94 35 160 201 22 49 81 211 196 200 120 8 89 9 3 181 22 54 79 147 156 6 139 109 157 42 57 128
2 156 16 155 55 207 178 230 30 9 88 50 172 254 32 64 215 59 147 1 34 184 91 255 45 54 26 139 20 8 165 155
104 48 56 96 33 77 81 16 105 136 36 8 159 23 0 48 132 20 93 8 136 96 176 0 195 217 32 16 66 128 66 35
125 66 118 71 37 26 98 16 97 160 247 72 203 73 157 191 26 196 204 110 137 180 237 136 134 249 97 16 111 191 74 37
61 164 228 95 156 19 207 232 87 166 230 138 99 233 158 52 89 206 113 173 44 243 207 191 122 239 197 61 247 236 122 36
2 191 18 131 178 131 190 239 62 37 90 163 172 190 0 64 119 95 147 149 82 152 9 255 44 22 158 198 132 86 165 217
117 75 110 38 12 2 79 248 224 224 178 199 115 73 147 35 92 228 76 239 200 227 13 40 240 169 165 148 109 187 112 0
4 15 2 142 148 163 166 99 4 6 91 2 96 106 49 64 121 42 2 35 16 184 9 223 32 38 131 1 148 122 180 0
104 48 57 96 32 76 81 16 105 136 52 8 151 23 0 48 132 20 93 8 136 96 176 0 195 249 32 16 64 128 66 35
3 143 10 158 20 147 170 230 86 1 88 70 96 224 180 224 89 106 2 205 167 184 12 255 32 46 170 128 29 10 120 140
252 48 184 112 105 109 80 80 187 187 181 56 159 159 73 27 167 153 213 16 42 103 146 2 211 217 112 191 194 1 6 19
0 204 2 158 21 195 162 226 22 0 72 2 96 248 49 64 89 106 19 195 98 136 26 255 33 38 138 11 20 27 52 138
90 184 146 184 137 237 16 202 175 23 160 57 174 222 96 90 195 179 237 16 26 79 218 241 155 209 27 123 144 69 167 66
2 143 66 139 214 163 174 231 30 5 90 199 237 226 182 196 127 107 2 157 150 152 13 255 44 6 142 192 189 206 185 140
56 201 14 172 28 129 78 228 132 0 208 2 51 138 48 65 72 162 31 195 74 43 2 189 176 225 170 152 53 24 48 136
17 201 75 236 20 130 111 117 100 64 118 66 49 3 176 96 106 226 22 200 201 152 36 237 112 169 166 128 61 144 224 40
73 149 187 101 180 78 119 183 109 201 126 68 223 119 8 112 150 118 124 60 145 169 177 78 239 253 37 68 200 226 227 115
194 176 148 178 137 237 16 71 171 31 160 25 174 158 64 27 129 19 233 16 50 79 210 209 153 210 90 123 144 68 135 10
3 141 1 140 147 144 134 167 12 0 72 199 32 32 52 196 104 35 146 129 119 136 4 255 40 38 158 3 29 76 185 12
33 207 105 15 244 129 239 180 68 224 92 230 113 96 178 36 94 98 16 111 193 56 109 61 108 40 165 128 125 186 208 236
181 237 224 94 156 35 78 236 209 130 184 138 83 232 253 50 89 226 68 238 248 99 12 46 56 142 165 60 245 251 242 0
2 142 6 158 31 131 146 230 150 5 74 163 32 234 34 193 75 123 131 129 38 136 10 255 32 38 154 11 20 12 60 138
105 93 123 103 244 14 111 53 125 136 127 72 211 49 145 48 22 100 76 106 233 184 105 14 103 191 36 128 66 242 66 41
2 187 16 153 185 137 176 207 30 29 88 53 172 130 238 68 199 27 167 16 18 24 66 247 44 22 30 235 18 12 141 159
135 54 229 81 228 62 232 19 127 251 115 246 216 160 221 173 63 78 54 28 177 244 173 194 12 26 247 196 207 229 83 181
62 162 200 163 220 47 250 88 11 173 185 159 75 72 94 24 253 141 23 183 158 50 217 210 220 221 139 253 189 79 90 210
124 53 250 100 176 108 83 91 97 168 253 8 31 183 65 48 190 156 85 42 136 50 176 10 243 237 32 56 224 227 98 35
124 252 60 232 11 237 82 218 163 56 164 8 95 223 65 27 139 209 253 114 10 99 218 189 219 217 65 127 242 49 102 19
3 14 6 159 12 131 164 96 156 10 210 199 224 226 180 197 248 100 42 167 100 225 15 253 52 50 203 130 28 108 57 4
83 34 83 161 38 0 120 80 45 32 178 206 141 14 132 80 110 133 95 140 129 3 133 192 148 184 171 160 45 128 35 1
83 32 79 141 14 2 233 80 236 192 210 70 221 138 176 98 106 197 127 141 129 209 135 192 148 40 170 128 45 136 49 32
240 35 232 101 236 75 205 61 64 236 180 10 83 45 214 51 88 204 116 110 201 114 229 8 119 137 101 180 101 250 214 248
72 48 56 96 33 77 81 16 105 136 52 8 159 23 0 48 132 20 93 8 136 96 176 0 195 249 32 16 66 128 66 35
122 48 19 184 9 249 16 72 137 12 161 9 142 223 35 88 216 185 207 33 8 7 242 216 147 208 8 59 18 47 39 83
50 0 19 160 137 233 80 71 45 21 160 27 14 158 32 24 232 145 207 144 26 43 16 208 147 208 154 123 209 12 166 66
65 0 199 209 204 160 104 19 102 81 210 214 145 130 208 106 99 6 122 156 147 216 199 192 28 40 186 192 173 128 97 1
182 96 18 204 73 67 150 72 143 164 184 11 12 223 97 0 216 177 203 98 72 35 82 216 177 16 11 63 16 59 39 134
67 162 16 153 234 173 40 19 174 17 146 244 157 130 208 120 39 131 126 156 147 8 135 209 156 16 58 232 156 128 161 0
50 65 98 172 77 91 214 96 1 36 240 11 74 8 39 20 248 149 199 99 76 163 65 140 243 244 0 59 99 46 126 198
65 0 134 141 12 34 160 64 230 17 195 70 192 128 49 202 96 4 106 152 4 209 151 192 20 34 218 0 136 40 120 0
53 48 65 169 14 67 67 88 22 240 193 206 83 197 225 41 88 140 34 250 9 246 127 24 220 128 225 60 189 171 116 176
83 32 80 160 58 169 56 0 171 49 177 205 141 134 68 152 166 145 93 148 22 8 128 208 152 208 26 250 144 128 3 5
112 64 97 69 4 11 198 96 101 160 242 75 67 9 21 18 120 196 70 106 204 178 69 200 54 184 128 16 101 187 82 4
81 0 199 197 4 34 232 18 102 81 82 86 81 2 144 106 96 132 42 156 147 248 7 192 12 42 242 64 173 136 112 0
2 156 18 155 55 203 186 230 30 9 88 162 172 254 32 64 247 59 147 1 34 184 75 255 44 54 26 139 20 8 165 155
67 163 80 129 42 137 56 18 174 17 16 204 157 130 192 88 38 1 95 156 147 9 134 209 140 24 58 232 156 128 3 1
104 32 56 96 32 77 81 16 97 128 36 8 23 17 0 48 128 148 80 8 8 96 176 0 195 217 0 16 64 128 70 34
64 0 175 157 13 114 161 74 254 87 199 18 208 182 34 111 97 4 234 145 0 213 179 192 21 50 218 5 128 104 53 102
125 67 96 71 5 26 70 176 97 164 247 138 75 73 159 55 58 196 196 106 204 178 237 168 54 249 129 17 103 191 90 4
124 168 230 254 141 209 84 232 215 150 228 11 98 233 110 6 89 238 233 128 42 99 170 185 219 227 197 59 243 108 118 98
2 173 2 131 150 195 190 231 62 33 90 131 172 46 48 64 119 95 19 213 82 152 9 255 44 6 158 197 132 86 161 216
21 79 67 174 22 163 79 240 212 0 219 230 113 224 177 64 120 234 14 239 169 155 12 191 248 166 175 192 61 187 112 32
67 160 145 153 232 169 56 71 174 17 0 241 156 150 64 90 135 27 123 149 19 73 130 209 140 16 90 234 152 0 131 145
130 221 22 159 29 199 178 228 158 24 208 2 236 252 32 65 200 123 171 67 98 233 90 253 37 50 202 67 16 24 53 154
221 36 253 101 44 58 105 24 106 243 179 88 223 32 217 171 3 196 124 46 169 116 237 0 196 203 113 148 236 225 67 33
0 135 130 141 148 163 166 239 4 5 90 195 96 106 32 192 121 106 130 112 16 184 1 252 40 38 135 65 148 122 184 0
64 48 57 96 32 76 81 16 40 136 48 72 151 31 0 16 132 21 93 8 1 64 176 0 193 249 32 16 64 0 71 51
1 143 11 158 20 131 175 226 84 0 88 198 113 224 176 96 88 106 2 207 165 184 12 63 96 46 170 128 29 138 112 136
222 48 144 240 43 237 16 82 187 59 181 56 142 159 65 27 167 153 221 16 42 71 130 194 219 209 114 255 130 64 7 19
2 204 2 158 21 225 178 226 22 4 72 2 32 248 33 64 89 122 131 195 98 168 10 255 33 38 154 11 20 91 52 138
250 184 150 186 169 237 16 78 175 63 160 25 174 223 96 91 193 179 239 16 58 79 218 241 155 209 91 123 210 68 39 90
0 133 16 155 124 131 168 105 30 9 89 18 236 232 56 64 217 10 19 33 50 176 75 223 12 22 27 100 20 10 49 128
60 77 98 236 20 2 78 248 117 160 254 2 91 233 53 80 120 236 23 234 200 179 1 174 242 237 167 144 103 187 112 136
3 143 2 155 213 135 174 231 30 1 74 199 104 226 52 68 125 106 2 157 150 152 29 255 44 38 142 64 157 14 185 156
56 201 14 174 28 129 78 244 132 0 208 2 51 202 49 65 72 224 31 195 74 43 2 189 176 225 170 152 53 27 48 8
81 73 123 236 6 130 79 244 196 0 246 66 49 3 177 112 110 224 22 202 201 139 36 237 240 233 162 128 53 176 96 40
89 213 59 101 180 206 119 181 109 201 126 4 223 119 0 112 182 126 124 124 209 184 177 14 235 253 36 64 74 162 227 115
194 176 148 178 233 237 16 71 187 63 161 25 142 158 76 27 129 147 233 16 50 79 210 209 157 210 90 123 192 64 135 2
35 143 74 140 150 130 140 39 4 128 72 230 32 32 180 96 74 98 2 165 101 136 4 127 32 36 142 130 29 104 184 12
2 142 2 159 29 129 178 230 158 5 72 179 172 202 34 192 217 59 131 1 38 154 66 255 44 54 154 75 16 12 189 138
88 48 120 96 34 93 81 16 41 136 52 40 159 23 0 16 166 21 221 0 0 96 176 0 195 217 32 131 98 128 7 19
3 143 65 139 150 131 175 175 78 97 90 230 224 32 148 36 27 98 18 207 215 152 109 255 44 6 175 192 29 158 209 252
244 141 196 86 156 35 78 232 83 166 168 154 67 232 61 17 89 198 32 234 120 99 13 63 56 142 197 61 245 251 242 0
109 21 123 103 244 30 111 49 121 136 127 72 251 113 152 52 22 118 70 42 225 176 233 46 103 255 36 0 66 234 194 161
130 143 6 158 28 131 174 230 148 2 90 231 96 226 176 197 121 107 138 231 102 153 14 255 40 38 202 131 28 44 56 140
161 207 64 30 214 145 142 247 86 0 88 230 97 96 180 196 90 226 2 239 242 8 12 63 40 36 173 192 53 222 248 140
2 222 20 153 188 137 176 175 30 23 80 229 172 130 166 68 199 59 143 4 82 24 67 245 172 86 62 235 28 12 137 159
237 81 125 101 36 14 111 56 104 168 55 72 211 19 153 51 22 84 68 106 193 176 225 8 71 185 97 4 64 179 66 161
222 56 154 242 139 237 16 194 187 23 161 57 14 223 97 26 163 185 233 16 18 71 154 240 155 211 91 123 194 69 39 18
61 60 250 108 116 47 91 82 113 138 125 8 83 243 161 48 61 252 4 42 169 182 176 14 247 237 33 40 227 243 98 163
88 181 184 96 180 140 115 159 107 41 124 8 159 147 72 48 183 159 85 88 155 184 241 63 255 253 36 100 192 130 195 43
170 35 160 183 108 9 172 73 218 252 81 155 172 200 94 11 152 73 35 71 198 114 130 192 4 16 127 169 69 108 223 204
124 120 124 120 105 237 84 222 163 184 164 8 31 159 65 27 137 241 253 80 40 107 218 184 251 217 69 59 242 49 70 27
18 171 130 153 218 161 184 71 174 53 218 183 172 134 98 64 111 191 239 149 18 155 195 241 156 36 154 235 149 68 165 217
3 168 199 217 204 185 160 71 238 115 242 86 168 136 212 238 107 170 122 157 151 252 231 243 30 62 210 192 207 204 249 140
104 48 56 96 33 93 81 16 105 136 52 8 159 23 0 48 132 21 221 8 137 96 176 0 195 249 32 16 66 128 70 51
178 17 27 160 153 69 81 71 41 77 176 25 14 158 34 24 232 145 135 48 26 171 48 192 147 209 18 123 209 8 230 83
9 18 205 209 68 236 105 19 238 81 86 86 153 131 208 234 99 10 46 152 147 248 247 192 12 169 178 64 172 136 97 177
118 80 26 236 73 71 23 72 140 140 176 43 6 223 37 80 216 185 207 98 72 35 82 204 177 149 11 63 16 59 37 3
1 162 89 153 104 137 168 23 174 81 80 212 157 130 240 232 39 11 94 156 147 24 134 209 140 24 58 232 28 128 137 153
178 0 98 172 21 75 80 96 1 4 243 11 74 13 38 16 248 149 199 161 76 167 1 204 147 240 128 19 99 46 118 70
65 0 134 129 12 32 160 66 238 17 194 66 128 130 97 74 96 4 106 153 2 145 133 192 20 32 154 68 136 0 49 4
61 112 1 133 78 15 163 88 6 224 242 206 19 17 193 168 120 140 74 234 9 179 85 152 20 128 161 60 57 171 112 176
83 32 88 129 98 169 56 67 171 17 177 217 157 2 64 88 166 137 95 156 18 9 134 208 148 144 154 248 176 0 3 4
240 71 97 69 68 75 231 96 97 160 250 207 19 8 21 18 120 132 70 227 201 178 85 200 52 168 128 16 109 187 114 168
81 0 207 133 4 162 105 19 102 81 66 82 145 2 208 234 96 140 42 156 155 248 231 192 12 168 242 64 173 128 112 160
44 32 18 138 75 1 146 200 134 52 193 139 68 194 105 200 217 25 170 242 2 7 10 145 156 133 139 127 16 43 45 130
2 156 26 155 118 195 186 230 30 1 88 162 172 254 32 64 255 123 147 129 34 184 26 255 44 54 154 131 20 8 37 155
67 160 80 129 104 137 168 16 174 81 0 196 157 130 208 92 38 9 91 156 147 8 134 209 140 24 186 232 28 128 3 132
104 32 121 96 4 77 81 16 96 4 36 8 19 17 0 48 136 148 64 8 8 96 240 0 195 201 0 17 96 128 70 34
72 0 190 153 13 114 177 66 230 23 198 18 204 180 99 74 225 20 234 144 2 213 227 192 87 35 218 67 146 76 53 98
117 77 98 71 5 27 86 248 97 164 255 139 67 73 159 52 120 196 196 238 204 178 109 172 114 249 129 19 103 191 122 6
56 168 166 126 77 209 80 200 215 180 228 11 98 253 110 2 217 246 235 144 14 99 186 179 91 247 197 123 115 44 118 98
2 173 10 139 150 195 190 231 62 33 90 131 164 174 48 64 123 123 19 213 82 152 9 255 44 6 143 193 148 2 165 202
157 79 71 190 22 130 78 240 148 0 203 230 115 227 177 192 120 226 14 238 233 155 13 191 240 167 167 128 61 187 112 32
75 160 16 153 233 233 57 7 174 85 2 144 140 134 66 92 167 27 251 149 18 72 162 209 140 16 26 234 144 4 129 101
189 77 106 71 4 26 111 180 117 196 126 2 123 65 147 245 122 228 22 238 237 180 109 174 102 239 167 0 103 187 120 100
130 88 30 156 45 195 176 96 158 28 210 35 228 254 33 75 200 113 171 97 96 237 18 253 5 50 219 19 16 41 53 155
2 143 138 139 148 163 174 239 4 133 90 195 64 106 48 192 121 110 131 245 86 184 9 255 44 38 174 193 148 90 184 8
130 186 17 154 107 133 184 199 143 25 176 125 172 222 108 136 207 27 215 17 19 15 26 241 29 16 26 250 152 8 135 155
64 48 25 96 32 76 81 16 40 8 48 104 150 23 0 80 134 21 93 8 1 64 144 0 193 169 32 0 64 0 7 51
145 15 75 239 20 131 79 112 84 0 218 70 115 99 176 96 120 110 14 238 233 185 29 63 224 175 163 0 61 170 112 32
194 54 152 240 171 237 24 83 187 63 176 185 142 159 64 27 135 155 221 16 50 79 130 210 155 209 90 255 130 68 7 83
2 140 26 158 22 227 150 230 22 7 72 2 112 248 33 64 91 122 3 129 34 174 10 127 33 38 154 9 20 75 52 138
162 188 184 250 233 237 16 199 155 31 180 57 14 191 102 27 205 147 199 16 58 111 26 243 155 211 82 251 210 76 135 91
122 184 144 250 169 237 16 207 171 63 177 57 174 223 96 27 141 179 239 16 26 75 218 241 155 211 91 123 146 68 135 27
4 128 8 139 92 163 168 72 30 33 73 2 196 200 120 64 219 8 51 35 18 50 91 85 13 22 139 108 148 10 49 128
56 77 98 236 20 18 78 116 117 160 254 2 123 105 177 112 122 236 23 234 232 179 37 174 242 237 167 128 103 187 112 136
248 72 78 238 12 128 79 240 132 0 212 130 115 207 49 65 104 224 31 234 104 135 10 189 242 233 234 152 53 187 112 8
2 189 146 154 217 237 176 71 143 21 169 25 172 190 96 10 201 59 203 17 18 107 154 243 157 20 26 123 208 76 165 202
248 72 107 254 6 130 79 240 176 128 246 66 113 195 177 113 110 244 29 234 233 135 36 237 240 233 226 136 53 179 112 40
121 253 51 100 181 222 127 183 105 200 126 8 255 215 0 180 182 252 220 104 217 184 177 237 251 253 5 80 66 166 194 99
221 32 239 101 38 42 107 80 113 242 183 94 83 1 209 187 63 228 124 110 169 245 173 10 212 203 97 132 111 235 82 32
2 142 2 155 85 145 178 230 30 5 72 167 164 232 34 192 217 107 131 5 38 184 66 255 44 22 158 107 28 12 185 142
88 48 88 224 34 72 89 80 41 140 182 169 159 31 64 82 166 213 253 0 0 65 129 192 210 249 34 131 34 128 7 3
80 48 152 240 170 237 81 66 171 59 160 24 150 159 64 26 167 155 93 16 26 111 146 80 219 152 18 126 192 0 7 19
52 172 204 62 158 67 70 232 82 166 232 138 99 224 61 0 89 206 96 170 120 227 143 63 185 166 197 61 245 122 246 2
109 4 115 71 85 62 106 184 97 66 111 72 251 97 28 180 90 196 98 106 153 176 121 173 103 255 0 0 99 235 66 160
131 142 6 159 28 131 174 232 212 2 210 231 96 224 180 197 121 102 42 239 228 221 15 255 32 34 235 128 29 236 56 132
185 207 68 30 214 147 206 252 84 2 88 247 97 96 180 133 89 226 6 239 252 174 12 63 40 46 229 128 119 190 248 140
38 189 152 186 249 237 180 239 143 63 185 63 172 254 110 24 237 19 239 17 18 107 90 247 191 214 95 255 144 78 135 211
11 27 87 157 50 138 188 54 28 72 82 231 172 46 165 197 70 59 158 69 133 152 71 221 164 54 42 130 30 172 41 93
237 81 125 101 36 14 111 56 105 160 103 8 219 19 153 51 22 68 76 106 201 176 241 8 199 249 97 20 66 179 66 32
86 56 154 184 203 225 49 194 186 159 160 57 12 222 97 90 163 187 239 144 18 75 154 240 219 133 27 127 128 65 39 211
173 44 243 93 116 175 235 82 117 203 124 88 59 113 181 52 95 234 22 40 161 182 100 110 103 175 48 0 227 233 66 225
33 245 57 97 116 143 127 191 104 41 124 72 55 19 8 48 183 158 84 120 211 184 113 63 239 205 37 100 96 130 194 171
248 120 188 126 73 205 84 86 187 176 164 8 63 159 65 27 128 241 249 80 104 111 210 184 251 217 84 59 210 16 70 26
146 171 6 153 218 161 184 71 174 53 210 183 172 134 34 65 111 191 239 149 50 219 195 245 188 32 154 203 149 4 165 216
3 168 231 153 204 185 160 71 254 115 218 86 160 136 212 236 107 170 122 29 151 252 103 243 30 62 146 192 205 204 249 140
65 178 88 153 98 137 105 84 110 93 84 246 157 130 210 121 110 137 6 220 147 26 166 113 212 137 186 232 188 128 33 241
114 87 10 172 91 75 146 96 169 44 249 175 78 140 46 144 248 181 207 97 76 167 16 206 177 49 10 147 65 46 46 215
73 50 135 129 12 160 168 18 238 25 211 86 145 130 208 206 96 164 106 152 3 152 199 192 20 32 186 64 168 8 113 0
61 113 1 141 78 31 131 88 68 232 244 202 147 16 193 172 124 140 74 238 137 178 101 136 212 129 161 48 123 187 56 160
73 34 16 161 66 169 40 67 46 17 146 94 157 2 64 216 106 137 78 156 26 27 132 208 148 129 186 232 168 0 171 128
113 85 67 133 68 14 231 112 104 98 250 78 19 9 17 176 120 164 78 107 73 179 213 72 181 32 162 16 105 122 82 176
73 40 71 129 12 144 233 16 228 85 198 2 145 130 210 238 96 172 42 156 147 152 231 192 12 56 146 64 166 128 113 228
54 96 26 170 79 67 147 72 142 164 153 11 70 194 107 128 216 217 202 115 8 35 218 184 145 132 139 63 17 59 45 130
2 141 31 159 22 195 186 230 30 1 90 131 188 238 32 64 255 123 147 133 34 152 26 255 109 39 158 195 20 8 165 218
203 96 65 129 67 153 104 68 173 81 112 222 141 130 208 213 34 137 94 220 3 26 132 209 148 80 138 232 62 132 43 132
112 32 57 96 12 77 81 0 96 164 164 8 19 21 64 50 8 212 72 8 8 98 240 0 195 137 1 49 96 8 70 34
72 32 166 217 77 240 177 66 230 21 199 19 136 151 98 206 225 22 235 144 18 219 163 192 95 49 218 67 130 76 53 98
118 77 98 68 69 11 198 224 97 164 250 11 99 73 55 16 248 228 69 226 204 179 77 238 50 252 129 19 101 191 122 6
74 160 16 145 203 249 41 71 63 85 69 24 140 150 66 252 107 139 250 144 22 90 178 209 221 20 154 107 130 4 175 230
189 79 71 190 22 146 78 240 212 128 199 198 115 99 185 225 120 228 46 238 233 151 13 191 176 239 163 0 63 187 120 32
110 184 181 90 137 221 17 206 155 81 164 24 238 253 108 62 129 123 235 16 18 107 250 241 219 211 85 123 210 76 135 122
2 175 10 139 148 227 175 231 54 5 74 162 33 170 32 64 121 123 3 145 114 152 9 255 108 134 158 67 148 66 181 138
29 77 114 69 37 26 126 240 117 166 126 2 75 105 183 116 122 228 4 238 236 177 45 238 114 255 67 1 103 183 104 4
192 90 158 188 44 194 177 98 142 158 210 51 244 254 33 75 236 53 107 1 32 205 19 212 209 50 250 3 16 40 53 91
170 168 81 250 235 233 120 199 139 21 112 155 12 143 100 148 175 155 135 16 23 58 26 241 31 216 26 107 223 140 203 159
64 48 25 225 32 76 17 16 40 168 50 104 151 23 192 114 134 85 109 8 1 64 161 0 193 160 39 144 0 128 7 51
145 69 79 237 20 2 79 56 116 194 202 70 211 99 176 97 114 228 28 238 233 149 53 14 240 171 234 0 45 250 112 32
194 180 153 176 234 237 57 71 187 127 48 185 140 158 68 27 167 27 223 16 50 94 146 210 221 150 90 239 144 64 135 83
128 140 11 191 212 227 167 111 22 7 72 147 113 232 40 64 89 59 3 129 50 174 82 63 96 166 186 9 149 74 180 138
162 188 241 248 235 237 113 215 187 27 120 57 14 191 100 25 143 155 183 16 50 126 82 243 95 214 80 239 210 72 135 251
122 179 144 250 41 205 16 73 171 57 177 41 174 223 76 26 142 187 239 16 26 75 202 241 155 213 27 251 210 6 143 3
135 6 71 159 150 162 174 234 212 130 67 214 96 224 189 237 121 110 34 175 229 213 13 238 36 34 223 0 157 253 56 164
34 189 176 250 217 237 144 207 159 29 169 25 172 254 108 24 201 27 203 17 18 107 154 243 155 212 30 123 208 76 135 138
121 236 115 108 245 223 82 55 105 72 254 72 42 153 148 180 155 190 212 24 223 186 240 207 187 253 4 67 98 132 202 45
254 34 148 240 169 40 16 74 187 191 181 56 142 159 73 27 135 149 253 16 42 71 194 194 219 211 113 255 130 65 7 3
2 142 10 155 84 129 162 230 30 5 72 135 164 232 34 192 217 107 131 5 38 184 78 255 44 6 158 107 28 12 185 142
3 143 0 129 150 147 174 175 30 101 74 231 165 36 178 224 81 75 146 149 247 152 13 191 44 6 190 193 157 68 185 220
194 76 156 149 40 110 180 7 184 182 130 17 132 62 7 75 129 117 105 33 100 197 83 66 5 50 94 19 128 112 133 10
27 221 103 237 21 214 125 119 21 64 222 70 57 63 52 228 124 187 27 140 201 153 49 223 123 255 158 64 59 140 248 250
201 73 99 203 77 216 225 23 229 69 246 18 138 132 242 238 72 170 234 88 10 58 230 224 23 120 146 43 162 140 244 108
54 121 26 172 29 67 150 200 151 172 184 43 70 199 99 0 216 253 198 226 72 35 72 184 177 196 139 63 113 123 38 210
130 141 23 191 30 195 190 230 156 2 66 130 253 255 32 193 123 115 59 195 96 153 11 255 237 162 218 1 52 8 37 170
171 108 71 128 205 217 104 70 233 84 244 158 9 2 118 255 104 129 194 156 103 30 116 244 22 81 202 107 47 4 235 212
96 32 57 96 12 77 65 16 96 172 164 8 18 21 64 50 136 212 76 8 8 98 240 0 195 137 33 49 64 8 70 34
74 50 178 216 207 248 177 7 175 29 215 55 140 159 98 206 233 187 239 145 18 90 226 192 31 48 154 235 130 13 189 247
116 79 66 4 69 138 230 224 233 132 250 15 98 200 55 144 232 228 198 103 76 179 0 236 48 44 3 17 65 63 122 130
162 48 18 128 217 245 112 71 171 125 245 27 12 158 102 188 233 153 210 145 23 31 176 208 31 16 146 239 195 4 238 215
189 76 78 254 20 151 74 104 213 128 199 2 115 193 49 228 120 228 42 238 105 167 29 190 179 239 129 16 63 171 120 0
109 176 176 114 233 189 84 157 235 59 53 24 206 251 76 190 133 83 252 16 151 106 250 241 143 217 85 126 202 68 203 55
0 175 16 185 151 227 167 239 22 5 72 179 165 35 8 64 89 91 2 145 58 152 65 55 172 134 158 67 180 72 180 138
87 77 114 102 23 146 126 96 233 128 251 2 73 235 53 112 118 229 23 234 196 179 12 238 50 252 131 131 111 179 105 7
192 24 159 189 44 230 177 2 190 31 210 51 245 55 32 74 229 53 43 129 32 220 211 2 197 162 250 128 144 72 37 123
162 172 84 218 255 249 248 194 139 49 52 155 44 143 126 159 175 155 211 144 55 46 26 241 31 88 18 239 223 140 79 223
64 50 29 229 34 78 17 16 32 172 50 108 215 23 192 82 134 85 109 0 1 192 177 0 193 161 35 144 0 128 7 51
221 69 253 229 164 42 111 48 116 162 182 0 215 35 145 123 114 196 124 106 232 213 229 8 226 235 103 16 36 241 64 32
130 188 155 176 226 233 57 199 59 55 120 153 156 183 100 24 167 27 23 144 18 94 146 243 93 22 26 234 144 64 135 251
25 143 10 173 180 130 79 55 4 0 218 195 243 35 176 64 88 46 12 236 88 184 69 47 232 167 174 128 52 202 184 8
162 188 241 209 231 237 185 198 91 51 112 56 12 191 100 28 143 27 183 16 179 126 178 243 15 30 16 234 214 200 71 187
122 251 16 234 57 137 18 72 171 57 185 105 174 219 104 144 142 185 207 80 10 11 202 209 154 213 43 251 82 7 15 3
133 4 199 159 150 50 238 239 116 243 83 214 81 96 189 239 121 70 58 174 177 244 13 110 44 42 255 132 173 249 248 164
56 201 106 232 29 215 194 104 213 4 228 2 115 217 48 96 120 168 19 234 72 163 18 157 243 233 130 73 115 10 116 170
184 201 110 252 29 214 67 96 213 4 230 2 115 217 48 112 120 228 27 234 104 163 48 143 243 233 128 25 115 42 116 42
17 79 114 205 102 138 110 98 237 130 90 226 41 171 181 100 98 229 6 234 64 153 4 238 50 46 170 128 39 177 97 13
166 189 152 250 249 237 148 207 159 27 185 25 174 251 108 24 201 27 195 16 50 107 90 243 187 214 30 127 208 88 143 139
43 172 114 89 117 159 120 115 127 9 124 24 43 153 150 180 91 170 150 24 254 186 116 223 95 223 16 67 103 140 90 142
222 38 144 240 171 41 16 203 187 63 177 57 142 171 79 27 135 155 237 16 50 71 194 210 154 211 123 255 194 65 143 3
2 143 10 191 18 131 162 230 30 5 72 167 164 226 34 64 217 107 3 133 38 152 74 255 172 38 154 9 24 8 61 138
16 184 26 171 176 205 59 215 54 13 77 33 181 215 74 80 55 27 5 16 18 152 152 51 205 197 58 105 176 130 135 243
25 207 100 15 148 147 142 180 68 96 94 230 225 104 182 228 92 98 24 239 207 168 109 189 42 109 173 208 127 158 216 92
11 221 59 205 21 214 248 55 29 65 222 6 184 31 54 228 232 187 155 136 197 152 113 223 103 255 154 2 27 12 252 126
166 56 62 145 236 245 176 70 173 93 244 51 4 158 102 59 233 155 211 144 54 255 98 212 31 17 186 235 209 9 239 199
61 72 74 254 21 214 74 96 213 192 199 2 115 195 51 96 120 236 42 238 76 151 62 191 211 239 131 9 59 171 120 0
8 164 149 187 219 99 160 207 22 53 201 179 196 162 72 136 89 27 130 144 50 90 203 23 173 134 159 103 177 72 133 130
0 28 155 189 180 238 57 23 62 15 74 5 181 183 32 72 117 62 43 24 18 152 209 34 205 167 186 64 128 200 181 122
220 68 252 229 160 58 77 48 97 166 166 0 223 35 145 251 102 196 125 106 104 196 225 136 226 235 103 16 166 241 0 33
2 188 147 209 242 229 169 71 58 11 120 80 188 183 96 24 183 59 19 152 19 30 146 243 13 22 58 224 128 64 167 185
220 20 190 245 130 106 49 27 52 183 71 16 213 119 9 123 51 87 41 138 48 212 179 2 197 163 123 5 160 97 37 34
34 184 243 211 246 237 184 70 27 25 120 250 44 191 100 44 191 59 147 16 147 58 178 243 15 30 26 234 213 200 7 191
114 227 80 170 58 137 90 72 175 32 185 237 175 203 72 144 190 185 207 114 78 3 202 213 146 212 11 255 112 131 11 3
215 82 227 165 98 2 191 50 40 194 82 231 29 15 144 98 54 213 151 239 193 148 181 202 84 44 235 132 45 165 33 113
37 34 224 67 236 51 203 152 67 183 181 234 67 72 221 62 89 200 70 254 154 98 239 144 30 12 225 252 247 255 82 164
87 82 211 229 34 34 57 16 40 224 91 230 221 7 153 106 54 149 21 190 129 144 181 200 196 168 42 132 173 242 33 241
58 168 114 88 85 153 80 66 123 5 245 27 42 137 118 156 248 168 199 16 30 250 230 213 31 223 16 123 247 140 94 142
0 143 10 191 20 131 162 230 22 5 72 199 229 226 34 64 89 107 2 5 2 152 78 63 168 38 174 65 56 10 185 200
194 90 151 156 43 72 188 32 175 94 130 181 236 142 69 207 134 117 249 195 68 69 195 193 145 50 90 155 0 52 37 95
113 207 101 94 156 147 206 180 196 64 158 206 115 104 182 165 72 226 92 111 237 41 125 61 42 104 165 144 127 190 216 92
86 159 156 179 187 40 30 167 171 61 138 181 238 46 74 211 167 87 253 209 62 73 203 228 168 243 78 215 136 86 137 31
239 205 232 94 252 118 223 252 211 206 29 31 83 236 255 35 89 226 149 239 252 103 60 174 123 79 229 189 247 255 246 118
143 0 237 227 162 18 57 17 44 247 71 147 221 31 219 107 55 21 27 189 147 212 53 192 206 233 154 68 166 130 5 112
58 105 106 90 77 217 209 64 199 21 244 11 42 221 118 180 200 184 195 80 14 43 246 177 83 89 128 123 119 143 126 238
17 143 2 191 20 131 7 246 22 4 74 199 231 227 34 64 89 106 10 207 14 136 77 63 232 38 170 0 56 142 57 88
91 133 178 23 147 126 188 39 120 199 74 17 236 62 14 240 179 71 153 161 116 216 53 79 169 247 30 67 128 68 175 78
113 205 101 30 156 151 206 180 197 64 202 207 115 108 182 97 92 226 125 239 237 41 127 189 186 104 165 152 127 158 208 92
