2 143 2 158 23 131 178 230 22 5 88 163 32 232 34 192 89 123 131 129 38 184 8 255 32 38 138 11 20 12 60 138
104 48 56 96 32 77 81 16 105 136 52 8 159 23 0 48 132 20 93 8 136 96 176 0 195 249 32 16 66 128 66 35
70 88 55 158 9 197 17 64 143 84 129 9 238 214 35 106 192 49 235 66 75 7 250 249 145 242 75 27 16 47 37 118
121 135 76 233 28 51 74 63 68 1 254 230 115 99 176 240 88 134 14 172 153 170 69 31 250 239 160 212 63 138 248 40
82 32 147 161 3 236 120 66 47 81 163 27 143 22 64 94 162 149 253 144 26 3 179 192 153 208 26 71 161 0 39 70
131 202 6 159 60 131 162 224 212 8 210 231 224 224 180 197 88 96 42 111 228 165 15 253 36 34 235 128 28 45 56 5
229 48 255 80 108 60 113 17 233 25 183 88 90 91 140 58 134 148 110 24 153 37 160 64 23 184 32 218 202 128 66 39
134 194 2 186 223 145 176 200 30 21 65 147 236 202 106 200 249 11 131 213 6 20 10 245 12 22 155 111 148 29 185 134
2 141 2 158 20 131 170 230 22 0 90 2 96 226 32 64 89 106 19 128 34 152 10 255 32 38 138 128 20 10 48 136
104 48 56 96 32 76 81 16 105 136 52 8 159 23 0 48 132 20 93 8 136 96 176 0 195 249 32 16 64 128 66 35
60 75 126 238 92 130 82 112 196 132 245 162 115 201 161 64 120 176 143 234 72 163 10 141 114 233 162 9 119 171 124 130
237 2 113 69 53 62 74 16 121 168 183 72 75 9 149 188 150 132 76 62 169 180 97 200 130 254 1 150 234 167 66 37
2 220 18 155 149 197 178 231 30 9 72 2 172 254 32 64 217 59 147 17 114 188 82 255 45 54 158 75 144 8 181 154
204 112 188 112 40 76 81 24 235 187 183 24 159 151 73 59 134 20 125 24 160 101 243 0 195 217 113 60 192 160 67 35
2 141 2 154 148 163 174 231 22 1 90 2 96 234 48 64 89 106 19 145 50 184 8 255 40 38 142 192 148 74 176 136
194 184 148 178 137 237 16 7 171 31 160 25 174 158 64 27 129 51 235 16 50 79 210 209 153 210 90 123 144 68 135 74
2 143 2 158 21 131 186 230 22 5 88 163 32 234 50 192 89 107 131 129 6 184 10 255 32 38 138 139 20 14 60 138
104 48 56 96 33 77 81 16 105 136 52 8 159 23 0 48 132 21 93 8 136 96 176 0 195 217 32 16 66 128 66 35
2 156 16 155 93 205 178 206 30 13 80 17 172 154 34 64 201 59 131 1 34 184 82 255 45 54 30 107 16 12 141 138
136 221 124 101 52 15 115 188 124 40 118 24 247 17 137 49 150 84 108 106 225 244 113 63 231 251 96 0 64 145 67 41
24 140 56 169 52 231 179 31 22 77 94 3 247 77 34 64 217 59 7 49 26 152 97 63 233 231 186 65 176 10 189 219
33 156 171 94 252 167 203 55 212 75 252 68 178 241 180 52 205 106 22 140 153 171 98 63 107 190 180 200 216 234 242 249
189 98 198 100 14 51 78 216 195 162 183 238 83 192 253 190 124 228 76 254 141 247 172 8 186 201 229 180 239 251 122 4
248 121 248 101 32 79 85 55 51 168 180 8 191 23 65 51 140 254 93 72 72 248 241 8 231 217 101 49 98 184 198 171
57 13 79 238 20 131 79 112 196 0 250 70 115 227 176 96 120 226 30 234 201 163 45 61 240 237 161 144 61 170 112 32
117 176 93 104 74 39 65 89 98 25 161 94 87 83 104 59 63 144 108 56 155 103 155 17 217 137 113 124 249 130 226 35
2 140 16 155 55 201 178 230 30 5 72 35 172 248 34 64 219 59 131 1 34 184 74 255 44 54 26 11 16 12 45 139
130 143 6 158 28 131 174 226 148 6 218 231 104 234 50 193 121 106 139 231 38 185 14 255 32 38 138 131 21 12 56 140
104 48 184 96 32 76 81 16 41 8 52 8 159 23 0 50 132 85 93 8 128 96 176 0 195 249 32 0 64 128 66 51
118 80 59 188 13 197 17 64 141 132 133 9 238 222 33 94 200 177 233 67 72 7 242 208 145 241 74 27 16 47 37 118
57 134 76 233 52 171 67 63 86 33 254 230 211 1 146 112 89 134 14 60 155 188 101 31 238 239 161 212 190 138 216 40
82 32 26 160 19 236 121 66 43 117 160 26 14 158 66 124 160 145 223 144 26 11 177 192 155 208 26 127 161 0 39 102
3 66 6 157 44 130 168 112 212 10 211 230 192 226 177 207 124 100 42 175 165 245 7 205 20 34 235 128 28 169 120 5
101 2 123 72 100 44 249 16 233 24 51 88 18 219 149 59 134 128 78 60 129 37 162 64 86 184 96 156 72 161 66 33
6 161 8 154 207 193 176 201 158 20 73 131 204 206 107 73 217 9 163 211 86 67 10 241 29 16 207 111 16 79 45 194
2 140 2 158 20 131 170 230 22 1 90 2 96 226 32 64 121 106 19 128 34 152 0 255 40 38 138 128 20 10 48 136
90 34 210 161 51 40 120 0 43 37 179 249 143 143 73 218 166 149 253 144 6 5 129 192 146 241 26 231 166 133 43 1
104 48 56 96 32 77 81 16 105 168 52 8 159 23 64 50 132 212 93 8 136 96 240 0 195 249 33 48 66 128 66 35
153 4 230 221 68 50 232 58 116 210 87 86 81 96 177 105 121 164 58 172 169 244 53 206 70 47 243 0 191 232 112 0
255 98 224 69 37 59 74 0 105 160 179 200 75 8 149 188 218 228 204 110 140 180 229 200 22 248 1 19 111 175 90 4
131 178 148 145 170 173 184 19 190 25 16 117 140 182 192 90 167 19 239 16 147 73 130 209 140 18 122 250 152 64 131 155
2 156 18 155 213 229 178 230 30 11 88 18 172 220 32 64 217 59 147 17 50 190 90 255 45 54 158 75 144 72 181 154
220 112 188 112 41 76 81 24 251 187 183 24 159 159 72 27 133 21 253 24 34 101 243 0 211 219 112 125 194 128 71 51
2 141 2 154 148 163 174 231 22 1 90 2 96 234 48 64 89 106 19 145 50 184 8 255 40 38 142 192 148 74 176 136
181 195 107 237 84 2 111 249 85 96 251 198 91 9 188 96 122 204 55 238 217 179 109 207 242 235 163 132 61 187 240 160
194 176 148 154 137 237 48 71 171 23 160 25 172 158 72 27 129 51 235 16 50 79 146 209 153 210 90 123 144 68 135 74
2 143 2 158 23 131 190 230 22 4 90 163 96 234 34 192 89 123 131 193 38 136 10 255 32 38 138 11 20 14 60 138
104 48 56 96 32 77 81 16 105 136 52 8 159 23 0 48 132 20 93 8 136 96 176 0 195 249 32 16 64 128 70 51
137 212 125 117 36 15 113 188 124 58 118 16 255 23 137 57 181 84 124 42 225 244 49 63 199 251 112 132 64 177 67 43
248 185 56 117 33 205 85 55 177 168 166 8 191 63 0 18 132 183 221 0 88 248 240 8 227 217 116 49 98 128 198 59
129 13 255 117 180 174 107 18 126 73 118 80 243 97 145 120 90 238 110 24 185 248 101 46 238 255 48 0 228 233 64 41
126 16 59 188 9 197 81 64 141 196 165 9 142 223 97 94 200 177 237 99 8 3 242 128 147 241 10 59 18 47 36 118
57 134 104 233 52 171 75 55 86 45 254 164 211 1 146 112 89 134 14 60 184 188 101 31 238 239 160 208 186 138 208 104
122 48 59 160 25 125 81 64 173 69 164 8 14 159 96 120 232 153 221 144 26 3 176 192 219 209 2 127 195 0 39 118
65 2 199 157 44 38 168 24 244 75 211 230 81 162 177 74 116 36 46 172 133 213 5 204 20 42 250 128 140 168 113 5
101 34 251 96 108 44 233 80 232 24 113 120 145 137 213 59 138 1 70 25 129 118 130 64 84 185 98 12 201 169 67 161
2 140 2 158 20 131 170 230 22 1 90 2 96 234 48 64 121 106 19 129 34 152 10 255 32 38 154 128 20 10 48 136
82 34 80 161 178 168 120 3 47 57 179 245 141 2 64 222 166 149 207 148 22 1 133 192 156 208 26 238 160 132 43 5
104 48 56 96 33 77 81 16 105 168 52 8 159 23 0 48 132 149 93 8 136 96 240 0 195 217 32 48 66 128 70 51
17 4 231 221 148 50 104 18 118 51 66 82 81 34 176 107 113 198 50 136 177 252 5 206 78 174 242 64 175 232 112 32
114 96 96 69 69 27 210 64 105 160 246 139 75 8 151 152 88 196 196 99 204 178 197 200 22 120 128 19 111 191 90 6
128 162 128 185 94 163 168 202 22 53 80 147 164 195 96 72 89 11 2 149 18 30 75 149 156 134 187 108 144 8 33 128
131 183 157 153 232 173 57 23 190 89 91 244 188 182 192 232 135 27 255 20 147 92 130 83 12 18 122 234 152 64 137 153
2 156 16 155 181 237 178 231 30 11 88 16 172 254 32 64 221 59 147 17 50 188 83 255 45 22 30 75 144 72 133 139
220 112 188 112 41 76 81 24 187 187 167 24 159 151 73 59 164 149 253 16 42 101 179 0 211 217 113 63 194 32 71 35
2 141 2 158 148 163 46 231 22 1 90 2 96 226 32 64 121 106 19 128 50 152 10 255 40 38 142 192 148 74 176 8
61 65 107 239 20 10 79 248 101 224 243 70 83 9 189 112 122 204 62 238 201 179 109 204 242 239 163 132 109 187 112 160
60 142 78 190 214 163 98 119 150 13 91 231 97 225 160 64 93 234 135 20 56 186 76 191 106 39 166 193 189 234 248 129
194 176 148 178 137 237 16 3 171 55 161 25 142 158 74 27 161 19 233 17 50 79 146 209 155 210 90 127 128 68 135 82
2 143 2 158 23 147 174 230 22 5 88 163 32 232 50 192 89 107 131 197 102 186 12 255 40 38 138 11 21 14 56 142
72 20 188 117 40 46 113 58 237 58 62 0 255 55 1 59 165 86 124 42 128 240 187 109 199 255 112 4 66 243 66 43
248 185 190 118 33 220 85 55 169 10 167 24 191 183 0 18 132 179 221 0 88 233 178 45 243 249 116 19 66 128 198 27
248 49 50 224 25 71 81 65 169 72 173 24 30 159 99 48 216 157 205 112 25 167 176 130 211 213 2 95 66 2 38 114
65 18 207 205 38 50 233 18 100 89 214 246 209 32 176 106 110 4 62 157 137 208 37 196 68 42 242 128 173 168 113 53
97 34 191 113 108 44 233 80 232 156 117 88 149 131 209 59 14 40 70 28 145 118 162 64 68 185 114 168 72 137 67 161
38 112 16 136 75 69 146 200 142 188 145 43 108 222 105 10 220 217 203 115 2 67 138 217 25 16 11 63 16 63 13 147
2 140 6 158 20 131 170 230 150 0 90 2 96 234 48 65 121 106 19 129 34 153 10 255 32 38 138 128 20 8 48 136
67 34 80 129 162 168 40 23 175 25 178 245 140 2 192 92 39 131 95 156 147 9 133 208 156 16 186 236 140 1 163 5
104 48 56 96 32 77 81 16 105 168 52 8 159 23 64 50 132 212 93 8 136 96 240 0 195 249 37 48 66 128 66 35
1 132 221 245 148 42 104 19 126 19 98 82 217 34 148 233 115 142 34 152 177 248 69 198 12 174 242 64 165 192 241 32
114 65 96 69 5 27 214 96 97 164 255 11 75 9 23 22 120 196 197 227 204 178 69 200 50 248 128 19 103 191 94 6
8 168 0 185 78 131 160 206 22 49 64 146 165 195 96 201 89 10 34 144 2 222 75 145 140 128 155 108 176 8 161 136
131 191 149 153 232 173 60 151 190 91 92 116 188 182 232 108 135 27 127 28 179 88 2 87 76 26 62 234 152 192 129 185
2 156 16 155 245 237 178 231 30 11 88 2 172 254 32 64 221 59 147 1 50 184 90 255 45 54 30 75 144 72 165 155
220 112 190 240 41 76 81 88 187 187 183 24 159 159 73 27 165 149 253 16 42 103 178 0 211 219 112 63 194 33 71 51
2 141 2 158 148 163 46 231 22 3 90 2 96 226 32 64 121 106 19 128 50 152 8 255 40 38 142 192 148 74 176 8
40 143 70 158 244 162 238 247 148 8 218 231 97 235 176 192 95 234 134 164 189 171 4 191 42 39 166 192 191 206 248 145
61 65 107 238 20 10 79 248 101 224 251 70 83 73 189 112 122 196 30 238 201 179 109 204 242 233 163 132 109 187 112 32
194 176 148 154 201 237 48 79 191 23 128 25 172 222 104 91 129 19 235 16 50 79 146 209 157 18 90 123 144 68 135 75
2 143 2 158 23 131 170 230 22 5 88 163 32 234 50 192 121 107 131 133 6 186 14 255 40 38 138 139 21 14 56 142
76 17 190 101 168 110 119 19 239 169 191 8 223 55 1 50 132 86 125 8 144 161 243 0 195 255 32 16 194 227 67 35
216 185 62 118 41 204 84 115 169 25 167 24 191 191 0 19 164 179 253 0 90 107 146 37 211 249 80 27 66 0 134 27
67 170 81 147 170 169 40 146 174 89 186 252 157 130 216 88 39 131 78 156 147 8 133 113 156 16 58 232 140 128 3 25
54 113 24 140 77 71 147 72 142 172 176 43 76 220 103 130 220 209 203 227 72 35 202 216 17 16 139 63 81 63 47 211
104 48 56 96 33 93 81 16 105 168 52 8 159 23 0 48 132 148 221 8 136 96 240 0 195 249 33 48 66 128 70 51
114 68 96 102 69 91 214 96 65 38 243 15 67 8 23 16 248 197 197 99 204 179 85 138 51 248 128 19 101 63 94 70
11 165 148 217 160 173 60 151 126 27 94 112 189 178 208 232 135 27 62 156 147 216 167 215 12 159 126 192 154 192 137 169
8 233 4 185 207 129 32 207 6 49 72 130 165 131 98 204 73 10 162 144 18 154 75 177 156 129 159 97 50 24 169 136
2 157 148 155 245 205 178 199 30 9 88 34 172 254 32 64 205 59 179 81 18 184 91 255 45 22 30 75 144 8 133 155
33 167 64 179 236 169 164 199 238 51 121 216 180 136 88 27 75 43 66 21 86 122 206 113 44 16 126 104 197 74 211 136
189 69 99 237 84 10 111 248 85 192 251 70 91 73 181 100 122 204 22 238 233 179 109 206 242 233 163 132 111 187 112 160
194 176 148 178 169 237 16 67 171 63 161 25 142 158 76 27 129 19 235 16 50 79 218 209 157 210 90 127 144 68 135 67
2 143 2 158 22 131 174 230 22 4 90 163 96 234 50 192 121 107 131 195 6 154 14 255 40 38 142 195 21 14 188 140
92 53 185 101 176 44 115 19 106 137 191 8 215 179 65 48 150 86 125 8 144 32 241 2 227 253 33 24 192 227 67 35
216 185 30 254 201 204 84 115 169 17 229 24 62 191 0 19 164 179 249 0 90 107 146 161 211 249 80 123 66 0 167 19
45 167 2 179 236 169 164 231 174 59 121 234 133 224 218 130 107 74 66 21 86 122 206 241 44 5 63 233 196 78 155 128
2 217 20 155 61 199 176 239 158 17 64 2 236 222 32 65 196 59 155 81 114 169 82 253 173 50 30 67 16 8 165 154
153 223 102 141 54 150 239 246 244 200 94 230 57 32 178 101 110 228 54 204 233 153 36 239 116 47 174 128 63 188 112 125
61 77 99 229 84 18 110 240 85 192 254 70 91 9 181 228 122 236 22 238 233 179 37 238 178 239 163 132 111 191 112 160
74 56 208 240 235 237 48 67 43 51 52 57 140 159 68 26 167 27 255 16 18 122 146 208 223 214 82 111 194 64 7 147
16 205 11 173 148 195 207 63 4 0 218 2 243 99 48 64 88 42 23 233 88 152 65 31 236 165 174 192 52 138 176 168
25 95 115 197 118 90 111 114 125 234 94 230 93 47 181 228 118 253 22 234 193 145 37 206 118 46 35 128 47 244 101 125
18 137 70 237 86 130 234 99 173 0 226 2 41 138 52 65 106 165 27 193 72 187 0 205 182 232 138 0 53 168 96 136
