80 132 68 141 25 75 64 168 135 180 130 136 195 98 8 199 73 196 238 32 40 193 79 157 140 178 199 87 50 40 12 4
81 6 223 93 14 2 101 56 118 130 226 98 81 225 160 99 120 228 106 170 41 241 239 13 116 162 231 0 57 248 112 32
56 32 196 161 13 75 224 72 62 180 176 139 135 136 68 130 91 205 110 1 8 243 203 192 156 208 7 53 69 8 87 128
81 0 135 205 4 2 100 40 244 130 194 66 208 224 144 99 120 228 106 168 41 209 135 8 20 34 199 0 33 104 112 32
36 160 4 152 203 131 160 200 150 176 192 10 196 192 104 0 89 24 98 17 2 83 74 17 29 2 15 125 144 8 5 130
81 32 159 133 10 10 41 64 236 160 194 66 221 162 208 114 98 197 110 140 1 209 133 64 156 34 111 0 40 32 35 36
83 32 135 133 10 10 104 64 172 160 226 194 204 130 64 86 96 197 106 140 1 209 133 64 156 32 143 0 40 0 35 4
32 34 192 5 76 9 224 72 106 164 240 139 130 136 84 18 104 204 74 5 8 115 207 80 28 0 135 57 65 40 82 130
137 82 47 105 42 118 51 88 164 108 199 245 211 149 170 96 86 20 250 110 133 149 181 18 66 249 32 212 58 135 36 113
58 83 42 120 1 215 16 88 183 204 231 37 98 221 47 124 212 184 191 98 204 167 50 28 67 101 1 155 82 47 124 87
157 86 11 129 160 116 39 88 100 78 135 118 144 23 235 105 124 20 202 110 237 147 177 2 244 33 162 20 26 219 172 113
81 0 135 157 12 2 161 104 244 128 194 66 208 226 48 98 120 228 106 136 1 209 135 72 21 34 207 0 17 104 112 32
93 86 11 3 192 124 39 212 100 79 175 116 146 18 139 112 104 130 206 234 9 3 53 98 244 5 162 8 138 83 175 112
188 65 2 9 9 215 64 72 85 100 229 5 2 128 43 221 216 172 162 98 76 179 112 16 195 225 65 7 114 44 124 214
221 82 15 51 131 252 97 148 119 93 231 116 195 147 203 125 96 140 174 216 143 148 231 113 199 227 242 65 107 149 108 118
36 160 4 153 207 67 160 200 22 176 192 11 196 192 96 64 121 152 98 145 2 83 91 17 29 2 143 125 49 8 53 130
165 206 30 62 152 131 70 184 212 2 104 76 115 224 168 17 17 106 32 42 104 254 10 63 104 135 101 16 112 248 66 136
156 65 18 192 5 91 96 64 116 132 230 2 2 145 98 205 120 172 130 104 76 179 32 0 147 193 66 7 50 8 124 134
20 140 150 63 145 158 22 172 118 19 73 17 102 226 40 208 145 74 160 2 54 200 27 63 169 166 21 79 208 114 141 6
220 66 24 147 202 252 101 211 236 30 70 86 157 195 235 219 97 130 42 138 3 20 162 112 214 129 114 45 186 208 173 32
24 41 18 41 9 213 0 72 36 12 236 0 162 195 33 205 232 40 194 64 8 187 211 8 145 225 2 11 114 0 46 138
173 98 1 19 192 125 101 214 224 95 96 92 144 0 203 59 105 138 66 26 99 246 230 96 84 129 242 32 233 81 246 240
57 158 200 171 6 250 99 22 102 77 207 246 83 135 162 64 97 142 174 156 27 152 231 179 196 229 162 64 187 203 240 120
165 168 213 210 204 136 229 196 232 19 176 80 144 106 84 11 107 67 66 220 51 110 70 224 28 152 118 40 201 80 195 160
104 25 16 136 79 201 2 66 134 36 168 11 166 146 32 208 72 170 202 64 8 11 80 57 149 160 138 59 16 8 94 138
17 182 27 0 80 226 35 86 116 9 234 116 20 146 160 116 120 138 2 184 59 155 32 78 176 166 178 72 232 0 167 185
22 164 128 151 155 227 22 200 22 183 64 17 68 242 105 140 145 94 160 178 54 80 155 58 41 6 93 111 176 117 173 6
81 32 135 133 10 10 104 64 236 160 194 66 212 162 80 118 96 197 106 140 1 209 133 64 156 34 207 0 8 32 35 4
32 32 128 133 78 73 160 72 6 180 224 139 130 192 64 2 105 204 66 21 8 115 207 16 28 0 135 61 65 40 86 130
50 161 82 40 176 201 192 77 171 21 161 153 143 138 76 144 155 139 196 16 30 43 24 20 144 208 16 127 192 2 207 134
16 0 143 157 12 2 165 104 246 130 194 66 80 224 32 98 120 228 42 168 33 241 131 76 21 34 195 0 17 104 112 32
165 206 31 30 152 131 6 184 214 130 98 76 115 225 169 113 17 102 32 42 105 246 11 63 104 166 101 16 120 248 64 40
188 123 2 17 1 223 48 64 181 172 199 33 2 213 35 221 216 60 130 98 76 149 32 0 195 225 1 67 98 45 46 214
120 131 135 237 28 2 97 127 68 136 202 98 83 33 160 66 104 212 44 232 73 235 193 140 240 225 226 0 33 168 116 40
156 67 2 32 3 90 96 65 116 132 231 23 3 128 98 221 120 172 130 250 92 149 148 64 147 225 66 65 35 4 108 198
20 172 146 30 155 207 22 172 118 23 65 17 102 242 42 84 145 74 160 34 54 72 27 63 169 166 21 79 210 98 173 6
40 17 2 28 9 212 0 72 246 76 205 5 226 208 43 213 216 40 170 96 14 130 242 25 129 113 194 11 90 7 108 86
210 45 75 231 18 192 107 33 36 0 67 194 189 7 16 49 34 161 95 238 97 156 133 79 245 40 170 128 37 130 35 40
40 81 20 9 9 221 16 104 198 124 77 0 194 208 43 228 208 40 170 98 70 18 122 17 135 240 1 63 18 46 92 134
81 32 135 133 10 10 40 64 236 160 226 66 220 130 80 114 98 197 106 140 1 209 133 64 156 32 143 0 40 0 35 4
96 32 192 5 76 9 224 72 42 164 240 139 130 136 68 18 104 204 66 1 8 115 207 80 29 0 135 57 65 40 86 130
0 2 158 221 12 2 165 104 246 130 194 66 80 225 160 98 120 100 42 168 41 241 139 13 21 162 231 0 25 120 112 32
36 160 20 153 219 131 160 200 22 176 224 10 228 210 104 192 121 216 226 16 2 83 91 21 157 130 15 125 177 8 41 130
230 1 2 168 89 228 2 66 136 136 193 11 4 210 33 208 200 161 74 99 12 3 210 64 145 48 138 59 16 41 56 2
44 32 2 40 73 132 160 64 160 140 225 9 4 195 40 145 232 173 194 176 80 135 146 68 21 161 10 105 64 2 43 130
37 78 143 86 140 34 134 184 208 178 66 244 115 225 249 43 89 102 96 46 249 243 143 42 104 39 101 0 237 249 240 160
230 197 132 30 203 86 150 237 178 54 129 25 72 114 14 159 177 87 232 226 116 71 155 125 57 34 85 95 83 116 175 134
96 34 6 1 73 11 32 72 118 168 226 8 2 192 64 80 120 12 106 0 0 211 203 16 21 0 3 57 64 0 114 130
112 68 115 197 87 74 230 64 73 33 187 10 90 56 60 32 250 133 2 33 128 177 5 194 53 12 2 23 69 90 85 2
89 34 6 37 74 10 33 72 118 32 194 136 211 128 0 210 120 204 106 0 1 211 199 0 148 35 35 0 104 0 42 160
96 32 6 1 72 11 32 72 118 160 226 8 0 128 64 80 121 76 106 0 0 211 203 16 20 0 5 56 65 0 114 128
80 32 6 37 74 10 32 72 102 160 194 8 194 161 0 82 104 204 106 0 0 211 199 0 148 32 3 0 32 0 35 0
165 78 135 30 140 34 71 184 208 146 72 86 113 224 249 11 89 102 32 110 120 247 15 42 104 46 229 4 229 249 112 32
22 236 134 19 147 99 22 200 22 179 65 17 68 226 107 14 145 74 160 19 54 80 139 50 169 6 93 111 146 117 137 134
4 172 150 30 153 223 22 172 118 23 73 17 102 224 42 212 145 74 160 2 118 72 27 63 169 166 21 79 210 103 141 6
181 206 87 62 152 131 71 184 214 194 96 252 115 224 168 113 17 102 32 46 105 222 11 63 104 166 101 16 120 240 194 168
37 34 89 9 46 43 192 8 76 162 112 204 151 0 145 169 90 4 78 126 141 160 85 8 132 136 34 28 124 251 67 128
65 68 81 197 66 11 45 48 40 162 98 200 189 34 129 117 54 61 74 42 65 144 212 72 164 168 96 48 108 248 3 169
245 111 203 110 186 35 71 248 80 226 184 238 115 97 153 51 27 228 68 110 233 231 173 46 240 239 101 188 109 251 114 49
177 197 7 62 18 3 70 248 84 130 234 76 115 97 168 81 89 230 32 106 105 247 13 63 176 166 101 20 121 250 98 32
22 228 132 23 155 119 22 200 22 183 64 17 68 242 107 206 145 95 160 18 54 80 139 50 169 6 93 111 144 117 141 6
205 131 137 169 172 14 96 157 70 57 146 92 147 0 216 200 237 132 78 188 159 35 73 18 216 189 178 116 152 152 240 0
4 140 148 27 153 201 54 174 190 19 65 16 228 242 42 80 145 106 32 0 50 88 10 55 45 166 85 107 144 1 141 130
20 252 128 23 155 103 6 200 22 179 8 19 64 226 105 8 17 94 160 178 62 209 27 62 169 6 141 119 177 119 188 6
70 228 148 150 155 119 22 200 158 183 128 17 204 242 75 143 145 95 233 19 54 65 155 115 169 22 95 127 130 117 143 198
245 102 207 119 148 42 71 248 82 226 246 254 83 97 153 43 121 228 96 62 185 242 237 42 120 175 229 4 237 249 240 32
28 81 2 128 69 84 101 88 196 204 207 39 67 214 43 205 120 140 170 98 77 179 54 128 211 225 194 15 43 63 60 214
153 91 11 163 206 228 165 208 164 94 222 102 177 2 227 198 104 138 138 210 75 48 113 160 244 193 166 33 57 91 60 248
156 7 18 161 71 66 101 97 124 182 119 18 13 131 96 205 58 12 2 234 96 149 4 192 148 193 74 5 35 160 239 128
45 21 18 140 77 87 166 121 132 238 245 78 196 224 43 207 216 4 202 98 101 35 48 136 17 35 67 28 26 123 57 214
173 112 47 8 41 87 23 89 134 206 69 37 208 212 175 239 212 40 234 102 197 135 122 24 7 89 65 63 26 127 8 213
48 19 15 45 56 11 5 123 22 40 250 237 215 33 160 64 88 12 38 44 25 187 65 29 224 135 97 84 120 170 128 145
34 8 90 250 116 137 202 64 201 8 49 11 46 201 53 64 200 163 23 67 10 43 2 251 147 156 144 27 84 155 124 10
114 58 144 132 11 116 154 0 42 173 138 41 196 182 71 222 132 245 233 65 12 67 195 65 145 52 27 187 0 39 15 23
57 18 175 108 26 119 65 127 87 105 206 238 83 52 162 120 84 150 191 140 157 155 117 29 211 239 112 208 255 142 244 125
84 199 217 130 214 76 111 132 121 142 177 78 223 98 73 16 123 193 6 250 105 0 24 226 188 132 174 4 233 114 239 32
249 90 140 172 14 7 135 120 22 234 148 238 115 253 179 3 92 228 61 227 233 103 75 153 240 227 239 188 61 251 56 89
40 0 6 153 74 11 160 72 134 32 192 2 208 192 32 66 104 76 106 8 0 195 207 16 84 35 171 24 49 8 48 128
32 0 6 137 73 11 160 72 134 0 194 3 192 192 32 64 104 12 106 0 0 227 199 16 21 34 139 25 17 8 56 128
16 0 7 137 78 3 32 72 102 32 194 66 208 130 32 64 104 140 106 136 0 211 71 16 20 32 163 16 49 8 48 0
1 163 75 35 176 140 107 145 119 65 106 196 191 195 88 116 22 42 44 92 139 152 149 83 166 221 130 64 46 130 98 24
226 32 18 136 73 205 176 65 142 176 145 27 132 146 96 139 200 49 234 17 32 39 210 208 21 16 75 63 16 40 13 130
12 57 16 19 25 221 51 64 190 188 5 41 172 215 67 4 133 57 194 82 66 216 186 60 141 208 5 107 66 7 7 246
80 34 6 1 75 74 32 64 118 32 194 66 66 130 0 82 112 204 106 8 0 211 129 64 148 32 3 1 40 0 33 0
96 32 0 1 72 9 160 72 198 160 226 8 192 128 64 212 104 140 106 8 0 243 195 16 20 0 1 56 80 8 10 128
32 18 6 137 10 3 32 72 134 0 194 103 192 192 32 66 104 76 106 0 1 195 203 16 20 34 139 24 56 8 48 144
97 32 11 129 72 9 33 64 108 32 224 76 134 130 0 80 104 140 106 8 1 211 197 64 20 0 3 32 73 0 98 164
64 32 18 129 74 73 96 64 108 36 226 10 134 128 0 16 104 140 106 0 0 243 213 64 148 32 2 1 97 8 39 128
33 32 15 1 72 11 161 72 118 224 224 12 144 192 194 84 121 76 106 4 1 211 239 16 20 0 5 56 64 0 50 228
80 32 6 5 75 74 32 72 118 228 194 129 67 160 2 82 112 196 234 0 4 209 215 0 149 34 3 1 33 0 38 210
16 0 6 137 75 7 32 72 230 8 194 2 192 192 32 64 104 12 106 128 0 211 71 20 21 34 131 16 48 8 48 2
2 232 20 25 41 221 176 142 174 52 130 0 172 212 70 134 129 51 234 80 70 77 91 117 13 18 27 123 80 4 13 142
80 0 18 1 74 9 32 64 100 32 194 2 67 130 0 66 96 204 106 136 0 211 129 64 149 32 3 0 32 0 33 0
96 32 0 128 76 9 160 64 206 32 224 10 128 128 4 0 104 140 74 8 0 115 193 16 20 0 131 56 81 8 82 128
49 11 108 9 22 27 70 121 84 100 218 98 83 8 150 97 120 128 78 103 236 178 101 28 246 79 160 17 125 30 116 204
32 32 0 1 72 9 160 64 198 160 226 74 208 128 64 80 104 140 106 0 0 243 193 16 20 0 3 56 81 8 2 128
80 0 18 129 74 9 32 64 100 32 194 2 195 130 0 80 96 140 106 136 0 211 133 64 148 160 130 0 32 0 33 0
48 0 4 137 10 3 32 72 150 0 192 130 192 192 32 64 88 76 106 0 8 195 75 24 20 34 131 16 48 8 48 128
88 0 134 93 8 19 32 120 118 160 198 128 83 225 224 98 113 228 104 8 8 211 175 8 90 99 101 4 99 160 96 0
80 0 134 13 11 3 32 72 118 160 194 0 67 224 96 82 113 204 104 0 8 211 139 0 25 34 69 1 96 32 32 2
96 32 0 129 77 73 160 64 206 32 226 10 128 128 0 80 104 140 106 0 0 115 209 16 21 0 131 57 81 8 86 130
32 32 133 29 72 11 160 72 86 176 64 72 208 224 64 2 89 108 98 16 2 82 203 17 28 2 37 60 80 40 2 128
98 100 18 128 77 77 176 64 233 5 176 27 2 136 60 3 168 129 74 99 48 39 146 192 49 16 74 59 65 9 231 130
80 32 26 129 74 9 33 64 108 32 194 130 215 130 0 80 96 140 106 136 1 211 133 64 148 32 34 0 32 0 33 32
0 0 7 137 74 3 32 72 230 128 194 66 192 192 32 64 104 12 106 8 0 195 199 28 20 34 131 24 16 8 48 0
9 175 66 195 112 187 107 113 117 8 125 228 187 195 184 148 58 42 6 238 130 184 4 93 110 157 34 224 126 130 67 161
17 0 6 137 79 83 32 72 230 4 194 6 192 128 34 68 104 12 106 136 4 211 103 20 20 34 131 17 48 8 56 68
40 32 132 29 73 91 160 72 86 180 196 12 192 224 194 6 89 108 226 8 6 82 255 17 28 3 5 61 82 40 14 196
80 18 142 28 8 66 33 72 246 232 194 100 66 224 162 66 113 228 106 0 9 211 139 8 24 34 97 0 105 32 96 16
86 180 148 23 155 119 22 136 159 183 130 17 76 118 79 143 145 95 233 176 62 193 219 234 185 22 77 55 130 117 173 6
181 166 207 117 134 34 71 248 112 226 242 254 83 97 153 59 121 196 100 46 249 242 237 14 120 175 229 132 237 249 242 32
79 86 111 105 168 87 123 24 165 76 207 229 211 221 187 102 86 28 255 126 201 149 167 0 227 249 32 196 126 159 180 113
46 91 50 126 41 221 23 80 149 204 77 169 174 221 167 245 214 56 183 67 206 130 98 25 195 121 1 187 18 191 12 215
187 115 109 75 170 183 81 92 7 125 199 245 19 29 159 125 196 158 253 92 203 210 103 48 194 233 112 210 114 157 164 117
93 23 35 129 232 86 55 249 100 110 207 228 145 23 235 102 116 20 202 238 225 147 181 138 246 229 230 4 162 223 164 241
173 83 2 140 109 215 23 112 149 204 205 39 130 213 163 228 216 56 130 98 76 179 98 128 243 241 99 15 18 127 60 215
205 87 139 2 208 93 39 212 100 76 247 124 144 54 139 246 108 132 202 126 225 55 37 98 116 5 38 4 202 118 171 245
157 18 39 59 139 212 113 144 101 92 199 247 179 151 235 239 105 186 174 158 207 144 111 48 199 225 230 2 51 220 116 245
221 82 43 51 130 252 101 149 117 94 103 118 147 215 202 253 113 174 174 158 207 148 247 96 215 225 242 8 187 212 236 245
56 89 18 8 77 87 52 97 85 140 231 2 2 144 35 205 248 40 130 98 76 179 50 0 147 208 66 11 66 12 110 198
157 176 10 83 194 220 101 213 118 95 101 118 17 195 203 121 97 138 130 154 167 86 190 80 214 225 246 44 187 208 239 242
56 61 16 12 89 85 18 74 68 12 236 8 162 210 35 149 200 56 194 66 12 43 114 29 181 209 2 59 82 12 46 206
157 178 141 115 192 221 101 214 100 95 116 118 179 196 203 62 105 10 2 28 131 180 118 34 71 193 118 32 251 216 214 244
201 131 152 146 206 209 109 244 238 86 85 86 157 227 234 203 107 234 6 202 113 82 190 240 220 193 255 45 186 240 173 160
121 158 139 139 18 180 35 214 118 73 206 230 19 7 234 100 125 142 14 156 187 154 225 162 246 229 178 72 186 200 176 249
40 88 16 170 95 201 16 70 140 37 176 11 166 18 32 148 72 162 202 64 10 43 80 63 181 133 24 59 17 9 14 138
25 190 27 73 114 178 35 118 116 73 236 228 19 6 162 112 124 138 6 188 187 155 37 46 248 231 50 64 234 128 34 249
82 56 152 132 27 100 155 0 42 237 138 13 134 150 67 222 132 125 237 193 12 67 209 64 145 52 11 251 0 39 15 87
160 9 80 250 52 201 66 192 89 0 176 11 42 201 61 64 200 170 7 65 10 43 2 235 176 188 146 27 85 154 84 10
185 155 143 45 48 10 69 113 20 109 246 230 115 37 162 81 92 196 46 108 249 185 101 13 244 231 240 144 120 168 240 121
17 155 95 163 86 130 162 192 100 25 122 102 121 3 32 0 106 139 6 216 3 184 1 101 28 129 34 64 233 11 97 136
13 115 163 40 233 119 53 89 164 204 197 229 208 213 235 110 212 28 202 54 133 131 246 0 86 113 38 142 146 254 37 247
45 17 154 133 77 214 53 96 132 238 199 22 192 178 106 239 200 100 130 98 69 179 176 128 149 193 195 7 2 126 188 214
188 18 6 16 1 219 52 96 181 206 103 33 66 212 43 221 252 56 130 98 76 151 34 0 211 241 64 3 66 46 44 214
248 155 71 237 12 2 97 49 68 136 230 102 115 1 128 66 104 196 44 202 73 254 193 5 212 227 162 0 43 136 112 40
156 3 6 164 197 86 165 96 164 142 247 2 75 227 42 207 120 40 130 226 100 179 2 204 81 195 194 13 67 122 109 162
67 76 73 199 64 0 109 49 36 2 199 66 185 3 144 113 96 136 95 170 65 158 229 77 180 168 234 128 33 130 50 32
44 93 16 152 105 223 18 72 206 108 77 8 134 208 34 228 200 56 130 98 4 19 122 24 181 241 1 63 18 46 13 199
81 0 219 69 2 40 45 36 40 2 106 194 189 34 152 114 38 101 94 174 1 144 4 72 132 168 106 128 45 242 3 160
14 56 16 19 41 221 51 64 174 140 76 9 172 214 67 148 132 57 194 82 66 72 242 61 143 80 1 43 66 7 15 215
141 33 89 97 162 11 49 17 108 224 55 208 159 0 193 104 6 36 78 28 145 176 101 0 204 217 36 80 204 136 1 161
68 53 43 65 210 76 39 176 96 204 44 140 18 87 10 54 16 124 213 106 225 128 184 110 109 0 37 160 64 99 7 243
52 4 18 164 85 74 166 64 200 32 155 10 78 185 56 194 248 132 2 35 32 179 16 206 53 36 2 7 69 122 125 130
205 194 25 161 100 11 97 149 84 97 151 124 151 1 208 216 219 12 78 28 185 54 97 2 236 217 38 100 30 136 208 33
44 40 18 56 73 196 162 66 168 140 232 9 4 211 33 16 200 161 194 66 64 143 82 78 85 180 10 27 80 33 111 130
249 86 204 172 14 51 207 88 20 226 148 238 115 44 147 107 126 244 62 239 237 103 229 138 240 235 233 184 61 251 48 81
49 166 65 73 112 56 107 218 117 65 252 228 35 3 154 212 124 138 6 188 139 154 100 47 54 140 160 224 74 203 114 200
108 8 2 186 89 196 34 66 136 140 233 9 132 146 35 218 200 168 202 66 4 11 210 40 149 48 138 59 16 47 62 130
177 79 109 111 22 27 230 53 116 96 242 230 115 8 148 97 122 164 46 99 237 180 101 30 116 107 96 144 125 186 208 85
10 248 20 25 41 221 176 142 174 60 142 9 172 150 66 132 128 51 234 1 70 9 91 117 5 16 26 59 80 20 13 79
249 71 109 173 6 10 103 53 20 70 214 199 83 37 146 65 120 196 61 239 236 150 69 142 244 107 230 128 53 190 240 80
52 160 22 153 203 199 32 200 22 180 192 10 196 210 96 128 89 28 226 16 2 83 91 29 157 130 15 127 16 8 45 130
81 2 143 93 12 2 33 120 118 128 226 70 82 225 160 66 120 100 42 40 9 243 139 12 20 34 231 0 41 104 112 32
6 172 148 26 145 243 22 172 190 183 66 17 236 242 107 221 145 95 161 50 54 80 155 127 41 22 93 111 146 117 141 70
208 135 77 229 4 2 111 113 52 142 223 199 65 39 128 83 120 212 173 238 121 146 101 204 244 163 230 128 33 162 244 112
181 206 207 126 136 35 71 184 82 194 96 236 115 225 185 59 29 102 36 46 233 226 46 47 32 175 101 16 249 249 82 40
96 32 132 141 75 75 160 72 54 164 224 11 130 160 64 130 120 204 98 1 8 115 219 16 29 0 15 57 65 40 30 130
81 34 143 5 10 10 33 64 100 160 194 66 208 130 208 114 104 196 106 136 1 211 135 64 156 34 143 0 40 32 99 36
6 172 148 19 153 242 22 136 150 183 0 17 236 246 107 207 145 95 168 18 54 80 155 59 41 22 93 111 146 117 141 6
218 135 69 231 18 66 107 49 52 0 223 194 217 7 152 113 50 181 63 170 120 152 109 205 244 231 170 193 37 130 165 32
53 14 207 126 136 34 71 184 82 162 98 228 115 225 185 43 89 102 32 62 185 243 143 42 40 175 101 20 237 249 80 32
70 160 132 21 203 71 52 200 150 182 128 9 228 240 75 142 145 94 234 51 38 83 155 24 29 2 77 127 128 116 31 134
117 166 143 85 140 2 36 248 118 178 194 70 83 225 209 107 121 100 104 60 185 209 143 8 92 35 229 68 233 248 112 32
34 8 84 190 77 205 86 66 139 164 176 11 46 218 37 146 200 179 199 67 12 43 82 253 17 16 17 59 81 9 14 10
102 100 22 152 73 205 180 64 168 20 177 9 132 216 45 155 136 49 202 99 16 35 210 68 53 16 74 59 64 31 167 130
22 33 18 140 9 79 150 104 140 36 169 9 142 178 35 132 216 49 202 99 28 35 90 216 177 16 74 63 80 111 15 134
54 64 214 110 77 207 82 64 141 132 249 11 75 216 39 16 152 177 231 98 12 163 82 136 19 222 1 27 81 63 76 6
54 69 86 126 9 206 86 96 149 4 241 1 74 217 38 148 216 232 196 98 76 163 90 136 147 248 0 27 115 191 110 6
188 77 22 188 77 201 86 226 133 132 232 11 47 210 33 212 200 249 132 66 76 11 66 190 179 208 4 27 50 60 12 138
4 172 150 30 153 207 22 172 182 23 64 17 230 240 42 212 145 126 160 48 50 88 27 63 41 182 85 79 210 100 133 14
181 140 207 126 152 3 71 184 86 130 98 108 115 225 168 113 17 102 32 46 105 210 15 63 96 174 101 16 120 240 66 32
48 160 6 153 75 195 32 200 22 176 192 10 196 194 96 0 89 28 226 16 2 83 91 17 157 130 15 125 48 8 45 130
81 0 143 77 12 2 33 104 246 128 194 66 208 224 160 66 120 100 106 40 9 243 135 8 84 34 231 0 41 40 112 32
96 32 192 141 79 73 160 72 42 164 224 11 130 128 64 2 104 204 66 1 8 115 219 16 28 0 15 57 65 40 86 130
81 32 135 5 10 10 33 64 236 160 194 72 208 130 80 82 104 196 106 141 9 211 133 64 156 34 143 0 40 32 35 4
22 160 132 23 139 83 22 200 22 183 64 9 68 240 75 142 145 94 225 51 38 83 155 58 137 6 77 47 128 116 31 134
101 166 135 85 140 2 39 248 210 178 194 70 80 224 209 107 81 100 104 63 185 211 175 10 108 38 229 4 237 248 112 32
4 140 150 26 153 199 22 168 182 19 64 17 230 242 42 84 145 126 160 48 54 80 27 63 41 182 85 111 146 32 137 14
53 140 206 126 152 3 71 184 86 130 98 108 115 225 168 81 25 102 32 46 104 242 15 63 96 175 101 16 120 248 66 32
22 164 132 23 155 67 22 200 22 183 64 3 68 244 105 142 145 94 160 51 118 80 139 58 169 6 205 111 144 116 5 134
101 172 135 95 140 2 38 184 210 178 66 114 80 225 249 107 81 102 96 58 177 209 175 40 40 42 229 4 237 248 240 32
64 32 23 13 74 11 32 72 230 32 194 66 64 130 0 82 104 204 106 128 0 211 197 64 20 32 2 0 32 0 34 128
32 32 6 1 74 9 160 72 230 160 226 8 64 128 96 80 104 12 106 8 0 243 131 16 20 1 3 24 97 0 115 128
64 0 6 137 77 15 32 72 102 8 194 2 194 130 32 64 104 140 106 128 8 131 67 208 149 32 138 24 16 8 48 2
40 0 6 137 12 11 160 72 134 32 194 10 210 128 32 64 104 140 106 8 8 163 199 16 212 33 138 24 49 8 49 128
80 32 6 13 75 74 32 72 102 96 194 133 64 134 2 82 104 204 234 128 0 211 213 64 21 32 2 1 33 0 38 210
33 32 14 1 72 9 161 72 102 224 226 8 16 128 226 112 104 12 106 4 1 243 167 16 20 0 35 24 65 8 115 224
16 0 6 137 79 75 32 72 102 100 194 6 194 130 34 64 104 140 106 128 12 147 87 16 148 32 130 17 16 8 52 68
48 0 15 137 14 11 161 72 134 36 194 206 194 128 32 64 104 140 106 0 9 163 199 16 148 32 170 24 57 8 49 240
42 89 50 30 41 221 21 106 159 204 68 45 174 220 39 221 150 57 247 70 198 128 114 187 3 93 0 187 90 60 12 215
237 214 43 64 248 93 183 249 100 106 247 236 17 54 235 243 125 148 202 174 229 51 165 10 126 101 38 140 74 246 171 245
157 87 35 225 197 92 55 121 100 238 223 39 25 183 234 230 124 212 138 230 229 17 57 202 255 197 167 6 42 255 165 247
60 85 34 133 101 214 117 114 213 204 255 39 138 182 35 197 220 188 134 98 204 179 48 128 195 241 194 15 2 127 124 215
189 122 107 123 162 208 117 212 117 91 247 245 19 157 255 249 125 158 180 158 159 246 167 32 210 233 114 192 235 213 234 241
157 27 45 243 136 253 117 208 229 126 199 247 147 87 235 235 109 146 238 222 139 208 103 160 214 201 230 128 178 221 148 245
40 21 16 174 121 221 16 110 6 76 236 13 166 150 34 150 200 50 194 64 6 59 114 63 183 245 16 59 82 12 47 223
29 250 169 115 4 157 227 210 118 79 118 102 179 197 235 104 121 8 14 28 143 180 127 51 206 205 54 0 251 156 116 249
57 154 169 179 116 249 99 210 118 73 222 230 179 5 235 104 121 138 14 156 139 146 101 163 222 197 178 224 190 139 48 249
168 85 16 170 91 207 145 77 14 45 173 31 38 22 42 148 216 147 194 32 44 35 80 151 181 149 24 123 81 14 142 219
153 155 79 115 16 150 99 80 116 73 231 230 115 7 170 113 124 138 6 252 187 154 101 125 248 199 178 64 123 129 96 241
121 158 111 103 52 11 103 113 117 106 247 238 115 37 176 112 116 196 110 44 233 157 37 47 242 239 112 128 107 168 240 121
52 176 82 160 193 203 66 192 57 21 241 153 15 24 14 144 155 153 198 50 30 178 88 18 137 212 4 87 225 11 206 130
32 132 112 255 60 104 218 168 95 16 113 2 107 73 60 64 219 138 5 11 42 32 27 247 3 254 0 15 87 138 84 130
28 16 162 133 5 214 117 64 229 254 71 39 194 180 110 236 248 124 162 98 204 183 176 128 147 225 198 7 2 126 124 215
174 27 54 92 41 253 23 112 149 78 69 37 234 245 39 205 204 56 227 66 134 130 114 25 131 113 64 11 82 63 44 215
89 194 79 239 4 138 97 48 116 74 87 102 243 3 136 64 112 236 44 10 201 176 165 133 196 235 226 0 43 138 112 32
172 19 22 140 77 86 165 112 228 140 245 6 192 245 42 199 216 76 130 226 12 163 50 200 81 243 194 15 67 46 108 214
72 66 73 239 68 40 109 48 172 8 71 70 177 99 152 81 96 172 46 138 9 144 165 193 196 233 226 128 42 242 64 160
172 28 18 188 125 221 18 96 204 204 84 10 134 212 35 197 200 40 130 66 36 179 114 156 181 209 1 59 18 45 13 199
10 56 16 27 41 221 50 202 174 92 76 9 172 214 67 148 132 59 203 64 70 72 242 127 167 85 16 43 18 5 15 223
77 96 218 113 34 9 107 17 124 192 119 200 159 129 208 120 50 32 78 92 209 180 37 66 204 221 52 64 110 138 129 32
68 117 107 68 18 78 55 184 32 204 60 44 82 119 135 52 52 84 213 234 193 128 185 76 105 15 37 128 96 51 7 251
40 60 18 56 89 197 178 66 136 140 108 1 164 215 35 148 200 49 194 66 4 11 82 46 53 181 10 43 82 41 47 218
13 194 81 161 100 11 115 148 121 226 118 204 159 1 208 116 83 12 6 92 193 52 100 2 206 221 53 100 14 154 81 169
125 30 237 229 46 58 79 24 81 230 222 238 243 45 147 235 94 228 191 238 169 246 229 170 198 235 225 144 39 255 84 113
33 230 105 73 112 27 106 156 116 97 252 196 147 3 156 116 91 12 6 44 139 178 101 31 38 221 160 196 110 154 82 252
104 24 18 190 105 205 18 70 136 12 224 9 36 210 35 210 200 242 194 66 6 11 82 171 181 53 26 59 16 29 31 138
74 240 16 26 89 221 176 206 174 61 128 25 172 150 106 132 129 19 234 1 70 11 218 117 181 16 27 63 16 28 143 95
217 70 110 173 38 10 101 52 125 66 82 231 211 41 186 115 114 196 62 111 237 180 101 142 228 107 230 128 44 254 80 88
32 32 20 137 75 71 176 72 22 180 192 10 196 210 96 132 121 24 234 16 2 115 219 17 29 130 7 63 16 8 45 134
6 188 148 27 153 223 54 168 190 151 66 17 236 246 78 221 145 123 224 18 54 88 155 55 45 22 85 111 146 101 141 70
53 142 207 126 154 2 71 184 82 194 230 236 115 225 185 49 21 238 100 46 233 243 47 63 240 175 101 148 121 240 82 49
17 2 143 93 8 2 97 88 246 160 226 70 81 227 160 66 120 228 106 136 9 241 139 12 84 34 227 0 40 168 112 32
32 32 0 137 79 73 160 72 38 164 240 11 134 128 64 128 104 140 234 1 8 243 211 80 21 0 11 57 65 8 94 130
6 188 148 19 153 247 54 168 190 151 2 17 204 246 79 221 145 123 161 18 54 88 155 119 45 22 93 111 146 117 141 70
53 142 239 126 138 34 71 248 82 226 246 236 115 225 185 59 29 230 36 46 233 227 47 47 240 175 101 148 237 249 66 49
81 34 15 133 14 10 97 64 236 160 194 66 213 130 144 114 104 196 106 136 1 209 133 64 148 32 171 0 41 0 99 32
78 160 150 22 201 215 52 200 150 182 64 9 196 246 75 142 145 127 232 18 38 81 155 59 13 22 79 127 130 116 15 198
50 25 80 222 109 205 212 78 139 45 176 11 46 153 37 16 136 179 199 64 10 43 82 253 49 16 16 59 81 24 78 139
117 166 207 117 158 2 71 248 86 242 194 230 83 225 209 43 89 236 96 44 169 242 239 10 120 47 229 4 237 248 112 32
50 25 16 62 105 205 86 202 139 20 176 9 46 188 37 144 136 179 199 67 14 43 90 255 177 52 24 59 81 29 78 14
118 1 16 158 25 205 82 104 137 132 161 11 78 250 39 146 216 241 204 98 12 35 90 204 177 16 1 59 16 47 12 6
54 29 16 190 25 205 82 72 139 132 185 9 110 248 37 148 152 241 196 67 12 35 90 252 177 148 9 59 16 63 14 6
54 65 18 44 9 207 86 64 137 132 249 11 75 216 47 148 216 245 197 99 12 163 90 138 177 252 0 27 113 63 110 134
56 77 80 124 73 221 86 234 135 4 248 9 43 216 39 144 200 243 197 66 76 43 82 189 51 249 0 59 115 125 78 142
4 160 148 27 153 223 18 232 54 53 64 1 102 246 106 212 145 122 224 16 54 80 27 63 9 54 69 111 210 4 13 6
49 134 207 126 24 2 71 184 214 178 98 228 115 225 160 113 81 228 96 46 169 243 47 63 96 175 101 0 120 240 96 32
6 160 132 23 139 87 20 200 22 182 64 9 100 246 75 138 145 94 233 19 6 211 155 48 9 2 77 127 128 116 15 134
101 166 143 85 156 2 37 248 214 178 194 100 83 225 209 107 81 100 104 60 185 241 143 8 40 43 229 68 169 248 112 32
0 32 2 13 74 2 32 72 118 0 194 64 80 130 32 208 120 76 106 128 0 211 195 16 20 32 35 40 32 0 42 128
16 32 6 1 75 11 160 72 118 32 226 64 66 128 64 64 120 12 106 0 0 243 203 16 21 0 3 1 97 8 59 130
189 59 235 243 52 219 99 208 118 73 215 230 147 69 171 224 124 168 6 220 139 144 45 191 254 205 162 192 190 139 124 241
56 148 80 168 91 95 147 196 15 109 189 63 78 20 42 148 221 147 198 32 30 179 113 151 53 215 16 119 83 14 206 211
157 154 111 123 48 146 99 112 116 72 247 230 115 7 170 112 124 160 14 252 187 156 109 31 254 239 162 192 123 128 96 113
121 214 239 119 54 26 103 48 113 79 246 230 115 37 154 113 60 228 124 46 169 180 101 15 246 239 96 128 111 168 114 121
54 56 66 35 193 207 83 192 57 204 241 61 14 22 11 152 249 185 198 82 28 182 88 32 157 208 4 83 225 31 206 211
89 19 79 255 22 186 97 16 117 74 247 230 91 67 186 125 114 204 46 140 169 176 37 205 214 235 114 0 47 137 112 113
44 16 178 212 109 213 182 80 132 206 95 47 172 245 98 230 220 120 138 34 197 163 178 138 87 117 35 139 10 47 61 215
138 29 52 31 105 221 22 106 159 124 68 45 172 214 39 213 142 123 195 64 38 24 122 189 167 113 80 187 18 45 13 223
9 66 207 239 32 26 107 16 109 64 118 68 221 131 145 120 50 13 44 204 211 148 39 194 198 237 162 128 46 131 97 33
42 28 52 156 121 221 48 98 142 204 100 41 174 212 35 181 206 59 130 64 38 42 114 189 231 209 16 59 82 29 13 223
77 98 107 97 86 9 99 17 117 200 119 204 155 1 210 112 50 172 78 222 193 180 165 2 230 237 36 192 111 130 194 96
78 53 120 71 18 94 155 184 32 140 126 32 216 55 135 52 20 84 213 234 224 144 121 110 103 143 37 132 99 179 71 115
42 124 20 30 121 221 144 78 142 13 124 9 172 214 35 148 204 51 194 64 6 43 114 61 53 245 18 59 82 28 15 223
5 66 91 65 70 10 111 16 125 192 119 206 159 1 208 116 50 140 6 78 193 180 100 2 230 205 36 64 110 154 67 160
249 86 237 229 12 123 79 20 17 230 214 238 115 45 147 107 94 228 255 238 233 246 229 138 246 239 225 144 47 251 80 113
40 220 16 190 121 205 16 206 154 13 232 25 172 214 42 212 200 51 194 64 2 11 82 179 149 53 26 59 18 28 143 219
74 240 16 146 233 221 52 239 174 125 133 25 140 214 74 148 133 155 202 1 86 11 218 87 189 21 31 127 16 4 143 87
14 168 148 27 153 221 48 168 190 181 0 17 236 246 79 206 145 123 233 17 54 72 154 117 15 18 93 111 146 68 141 198
117 6 207 124 146 2 71 248 80 226 230 236 115 97 145 49 29 228 100 46 233 243 45 15 248 239 101 148 237 240 114 49
201 198 111 167 36 10 109 53 125 74 87 247 223 35 154 115 114 196 61 175 229 148 45 203 230 251 242 128 46 254 241 105
34 212 80 154 77 205 148 206 155 63 184 25 46 190 46 148 137 147 199 64 74 43 90 245 49 16 24 59 81 92 206 138
50 220 80 26 25 205 80 238 139 53 184 9 46 189 44 144 137 211 197 64 10 43 90 245 179 16 16 127 81 92 206 14
50 93 80 254 25 205 86 202 143 4 168 9 42 254 39 144 136 243 197 66 14 43 90 253 179 220 16 59 113 29 76 14
29 82 217 235 6 18 111 25 125 72 119 230 221 195 185 112 114 141 46 238 193 148 45 194 230 237 162 132 62 162 225 49
42 89 52 159 109 253 180 110 143 76 124 47 172 244 35 198 206 59 130 0 4 42 114 191 7 119 80 43 82 92 13 223
12 60 60 71 115 62 251 184 105 140 126 32 217 119 148 52 22 84 213 234 128 144 105 236 71 223 41 133 71 167 7 49
42 213 20 158 121 221 180 79 143 93 253 29 172 214 42 148 205 19 194 0 70 43 122 213 53 83 26 59 82 92 143 223
233 86 237 231 12 18 77 20 81 226 215 238 243 109 155 115 94 228 125 174 233 246 229 138 230 235 224 144 47 250 114 121
205 6 109 173 36 42 111 49 125 66 215 244 211 97 154 97 94 132 62 46 249 180 109 198 198 251 226 196 46 233 208 112
34 148 16 186 253 205 84 239 155 61 185 27 14 253 110 144 137 155 199 1 30 43 90 213 59 148 25 127 81 12 204 19
50 209 80 114 189 205 84 239 139 61 184 25 10 220 108 144 137 147 197 1 94 43 90 213 187 222 21 127 241 92 206 30
50 209 112 94 25 221 84 254 199 61 188 9 43 253 110 20 137 146 197 0 14 43 90 181 59 220 21 63 115 220 204 14
237 118 237 231 164 58 77 20 81 238 247 252 211 109 155 123 94 220 125 172 169 244 229 138 230 255 224 144 174 254 82 113
42 149 144 154 249 253 144 235 143 127 189 29 14 254 46 148 207 147 195 16 54 43 122 247 31 87 25 127 211 76 207 215
46 180 16 146 249 253 80 202 187 253 185 25 14 222 78 156 141 155 199 17 62 75 90 246 153 86 29 127 211 77 14 215
46 149 80 242 253 237 212 203 143 61 185 27 14 253 110 136 143 155 199 17 30 43 90 211 27 158 21 127 211 76 204 19
