16 0 6 137 8 3 32 64 164 0 194 2 193 131 32 64 104 132 106 128 8 147 209 64 148 34 130 0 33 0 33 0
32 32 2 129 78 9 160 64 172 0 226 66 132 128 0 128 104 12 106 0 0 179 129 64 20 32 2 0 65 8 99 128
118 109 239 6 135 75 86 229 33 244 186 139 66 76 87 19 248 237 237 231 76 243 221 232 186 80 197 23 101 118 118 78
9 251 145 159 232 173 164 215 250 219 112 124 188 243 192 157 135 107 110 94 179 74 234 113 140 146 127 234 202 81 139 217
78 180 180 145 171 124 180 7 186 183 130 17 140 190 78 203 131 87 233 17 54 77 243 192 143 51 95 119 130 68 141 71
32 0 6 137 79 67 160 72 134 0 192 10 128 192 32 64 104 136 106 0 8 163 211 16 21 32 138 24 49 8 50 130
32 32 6 13 74 139 160 72 52 32 98 64 64 192 32 208 120 44 98 0 1 211 131 0 20 32 3 32 73 0 43 128
112 32 10 137 12 3 32 64 12 32 130 10 130 130 32 64 104 140 106 128 8 163 65 64 148 32 139 18 16 8 56 4
73 182 150 85 57 30 107 59 255 203 118 116 254 243 198 246 53 108 236 44 161 217 171 223 170 254 119 206 138 164 41 61
5 150 150 183 163 12 52 183 124 27 83 116 220 114 232 107 245 71 46 2 240 220 11 226 141 182 126 198 152 112 169 11
96 34 2 1 72 9 32 64 98 36 224 104 130 130 64 80 104 140 106 0 8 67 199 80 20 0 3 56 65 0 102 132
127 26 39 62 113 31 178 112 49 79 245 237 122 124 130 61 188 224 214 102 164 179 60 173 87 127 112 194 75 173 70 215
204 158 3 155 168 68 37 246 116 95 198 116 144 32 169 205 105 70 74 10 177 221 241 34 60 34 246 144 152 88 172 121
173 159 0 203 205 253 39 242 132 126 204 6 162 245 99 198 73 106 202 90 75 50 123 162 117 193 166 177 186 126 28 249
152 22 174 145 5 240 49 82 118 95 78 151 11 132 226 72 105 42 170 156 142 180 55 146 87 225 178 65 178 77 124 243
80 32 11 5 74 11 161 64 108 36 226 10 70 128 0 210 104 204 106 0 1 243 135 64 148 32 2 16 97 8 35 32
203 89 253 205 226 86 191 188 104 226 70 134 221 46 151 243 118 213 179 239 197 144 253 232 38 107 207 4 47 182 169 252
222 4 180 181 171 112 152 10 190 247 131 177 204 46 71 207 199 87 237 129 60 69 227 192 129 242 219 151 130 101 45 87
81 0 2 137 66 9 32 64 100 32 194 70 195 2 128 210 96 204 106 136 1 209 149 64 148 32 34 0 40 0 41 0
205 190 131 19 209 120 38 210 244 111 130 84 224 98 9 220 113 198 202 152 183 159 253 106 188 39 54 32 234 117 43 157
236 190 10 50 217 205 167 241 168 78 253 29 182 244 10 146 137 114 202 2 113 47 248 43 125 23 52 233 202 110 239 219
96 32 1 161 8 73 161 0 110 32 226 10 215 0 64 64 72 140 106 0 9 241 197 16 148 0 3 48 64 8 18 128
68 171 132 19 201 248 96 145 234 57 58 236 231 226 200 150 41 74 110 24 6 88 207 113 140 2 103 225 232 32 11 135
200 52 251 101 65 123 97 50 97 102 127 28 139 45 18 183 42 36 230 8 161 252 245 10 71 251 112 1 103 228 70 250
17 0 7 137 10 3 32 64 164 96 194 70 209 130 160 192 104 140 106 136 9 147 149 64 148 34 131 0 41 0 33 128
145 52 15 17 193 249 37 71 118 95 95 116 18 180 194 120 233 10 166 144 63 158 51 19 53 5 50 195 168 64 164 215
104 32 5 169 77 9 33 72 38 32 224 74 147 2 0 208 72 132 106 128 9 179 217 16 148 0 130 32 120 8 48 128
8 131 119 57 178 202 125 57 126 204 126 228 255 71 154 245 54 15 164 92 211 216 45 93 76 171 39 132 38 134 133 121
253 114 236 99 142 19 206 152 67 242 181 239 83 73 221 139 95 196 236 254 205 118 207 48 126 201 229 181 255 187 90 17
221 221 26 138 141 84 150 196 20 90 158 247 214 166 43 229 221 66 142 103 109 131 56 226 176 33 174 31 26 127 185 85
81 0 135 13 10 3 32 64 118 224 194 68 83 160 128 242 112 68 106 140 13 209 31 12 20 162 97 0 105 32 32 16
92 85 11 194 133 114 182 238 68 198 142 6 66 113 107 192 249 198 138 34 25 163 89 170 243 199 134 21 136 123 184 18
180 94 10 18 192 120 55 196 56 94 239 189 78 6 171 93 237 206 206 210 108 151 56 98 240 128 110 195 0 87 167 247
220 241 40 3 194 72 111 245 228 20 165 22 217 99 10 83 112 195 74 254 242 18 124 112 253 1 207 101 171 114 167 226
79 188 180 19 233 248 180 167 254 119 2 49 236 248 66 143 131 103 234 17 54 72 155 243 44 22 95 99 138 84 141 206
20 15 12 187 156 163 67 59 134 5 207 2 247 99 32 64 88 34 14 152 58 136 73 191 232 135 171 80 180 139 49 32
38 122 219 94 108 173 178 64 218 11 113 120 60 216 109 24 159 57 2 18 131 54 130 115 6 28 48 42 209 91 67 131
131 35 78 95 233 153 52 103 237 197 103 149 168 130 214 247 34 46 234 12 245 217 166 72 38 57 20 43 10 132 203 220
89 145 150 95 131 150 85 63 119 13 103 84 238 243 42 252 212 58 60 136 219 200 115 213 131 250 82 66 58 4 160 47
5 140 203 103 208 200 103 144 230 195 106 192 243 227 217 114 115 106 74 152 19 184 110 42 108 143 39 0 224 226 66 160
209 97 251 100 0 74 103 117 224 194 230 72 115 225 145 55 48 228 108 234 201 247 164 8 176 171 101 0 97 178 226 40
9 34 113 115 98 152 120 16 109 16 119 224 191 143 212 124 38 185 238 8 131 180 167 81 70 249 34 128 111 130 67 177
40 2 3 137 77 9 160 72 54 32 224 66 1 131 32 208 120 140 98 136 1 242 199 16 20 128 130 40 121 8 106 128
32 32 12 1 74 11 96 72 96 32 226 8 147 130 64 80 104 140 106 8 0 210 197 0 84 1 35 33 97 0 106 128
137 124 22 87 67 156 52 246 188 18 100 86 172 147 33 255 38 123 130 200 99 221 146 227 39 80 82 2 10 20 43 173
81 101 95 100 2 10 102 119 225 194 234 76 115 160 144 51 50 230 108 110 233 245 180 74 240 170 100 0 105 242 226 40
39 112 234 176 100 148 252 192 218 222 80 7 16 220 127 40 249 105 19 215 198 247 182 224 95 89 175 175 205 61 122 215
8 131 45 187 173 193 181 239 14 125 89 19 132 141 122 65 201 10 163 21 82 56 75 149 237 17 254 109 148 12 149 234
53 111 197 105 142 35 70 218 67 178 184 238 67 40 213 154 93 196 68 254 140 115 205 152 186 204 229 180 245 251 82 132
121 102 225 101 68 27 102 55 81 162 58 206 99 41 149 146 24 228 100 46 233 248 197 10 102 239 101 48 111 250 82 8
102 102 248 22 75 57 177 66 235 183 45 25 140 232 79 26 171 105 226 2 4 103 174 98 22 30 81 47 193 113 79 198
56 34 6 29 73 27 32 88 118 108 230 6 67 192 162 192 120 76 234 0 13 243 239 16 20 163 35 33 123 8 104 144
36 177 184 82 253 221 176 207 202 185 60 58 136 216 94 34 137 27 194 17 150 122 202 245 63 29 23 127 205 8 219 135
80 32 2 129 9 9 32 64 102 32 194 8 130 130 0 210 104 196 106 128 8 67 197 16 149 32 131 24 0 8 34 0
162 233 117 90 93 217 178 232 206 112 180 8 40 220 180 180 137 50 210 67 227 47 110 255 55 24 1 123 87 12 86 174
0 2 14 137 9 67 33 72 246 132 198 6 192 128 34 64 120 12 106 8 0 243 231 24 85 34 163 1 16 8 116 66
80 34 6 137 9 9 160 72 108 40 194 0 198 130 0 64 104 4 106 0 8 227 193 0 148 32 3 17 0 8 51 2
80 32 2 129 74 9 160 64 108 32 226 14 134 128 0 80 104 132 74 0 1 243 213 64 148 32 2 16 72 8 3 0
137 116 59 83 226 217 53 85 190 91 119 116 156 150 194 109 39 27 158 154 227 148 170 114 230 193 54 234 42 214 165 253
15 199 80 203 164 20 126 156 13 26 61 224 253 91 157 230 151 83 23 126 210 0 41 226 110 223 38 132 158 211 129 41
129 34 74 55 100 137 232 20 124 1 115 252 183 0 152 24 6 42 70 12 130 252 196 0 196 153 50 128 76 136 219 128
16 2 22 137 72 11 160 64 230 40 226 66 4 130 32 64 104 12 106 0 0 243 1 80 148 32 2 1 8 8 35 130
26 68 19 250 167 165 92 85 21 26 112 10 143 159 33 140 255 147 149 195 24 54 18 240 211 210 90 43 50 157 165 11
32 10 72 169 52 171 105 23 86 37 86 246 147 1 144 72 90 172 14 28 8 188 69 26 196 167 178 128 180 136 84 168
82 41 23 8 25 221 16 1 175 141 130 9 174 214 68 212 128 181 236 80 14 73 195 213 153 240 8 91 0 4 7 14
96 34 3 129 72 9 160 64 110 32 226 74 134 128 64 80 104 132 106 0 9 243 209 16 148 0 131 48 64 8 82 0
10 218 110 187 36 146 120 150 23 81 86 231 189 142 179 73 94 59 191 213 139 152 103 241 198 241 186 192 188 141 48 89
4 160 149 187 218 139 34 232 30 177 64 26 245 226 104 136 89 74 98 24 50 80 75 55 156 134 15 124 144 8 129 128
156 172 133 27 145 251 6 175 54 51 75 16 98 114 8 244 17 78 40 48 59 88 59 55 45 230 85 69 240 83 132 38
134 26 27 211 34 240 41 210 172 89 246 116 172 150 224 109 102 51 110 152 3 141 35 113 150 128 42 194 0 129 161 53
132 140 134 19 145 226 23 167 54 51 75 48 194 242 72 252 145 126 160 18 58 216 233 54 41 38 85 71 130 71 132 38
96 32 208 5 74 9 160 72 106 176 240 139 150 232 68 18 43 205 66 17 2 115 223 80 29 0 7 60 97 40 99 130
4 174 142 51 145 34 7 138 118 151 79 17 198 224 105 74 145 110 160 18 58 208 139 34 233 135 85 77 128 115 180 34
98 32 204 140 72 64 104 40 42 176 194 136 192 226 68 82 104 197 106 160 12 67 223 64 157 34 207 29 33 96 114 6
132 204 156 31 137 232 181 134 190 23 67 145 228 228 75 75 129 122 170 3 98 92 219 35 69 50 94 3 128 113 133 234
41 140 49 91 221 237 65 143 87 81 164 24 178 16 88 180 201 10 82 24 59 42 123 55 47 158 20 122 210 8 208 42
118 132 140 156 143 7 132 168 150 178 130 10 96 240 45 67 241 214 106 34 104 67 219 29 57 34 205 31 145 120 56 6
86 132 132 29 159 75 134 168 150 178 130 11 194 224 4 71 121 228 106 34 40 225 91 31 185 38 69 23 225 104 84 6
21 23 59 229 176 46 107 59 116 169 75 64 215 55 137 96 53 94 28 60 137 144 57 14 233 175 35 132 160 243 1 33
6 174 148 147 185 172 180 167 187 59 0 17 172 226 78 15 129 107 225 17 54 72 154 243 45 22 95 107 136 85 139 142
208 217 61 246 40 78 85 184 164 126 134 16 247 87 10 91 2 212 109 106 104 69 123 45 241 227 101 20 32 177 5 123
165 221 92 94 186 139 6 174 210 154 104 56 115 112 136 49 17 98 32 106 97 252 78 63 104 175 101 0 120 112 202 11
5 136 19 155 228 129 172 239 30 49 75 82 149 130 112 64 107 11 42 152 82 216 11 87 172 140 191 100 152 8 161 160
12 140 150 63 153 203 38 174 182 19 65 16 230 242 40 81 145 106 32 0 51 216 10 55 172 167 85 79 152 64 137 10
21 212 155 229 176 78 103 188 52 138 74 64 215 119 9 112 21 124 29 106 105 144 25 14 225 166 39 4 168 242 161 57
32 32 2 136 77 9 33 72 54 36 226 14 1 130 32 80 120 140 106 8 0 243 195 16 20 128 35 41 81 8 102 128
33 32 8 1 74 11 97 64 100 96 226 140 147 2 66 84 104 140 106 12 1 210 197 64 20 0 3 32 97 0 98 160
81 34 7 37 75 75 32 72 100 32 194 70 195 128 64 212 104 140 106 136 9 146 199 0 148 160 131 33 41 8 59 128
49 16 13 137 74 3 33 72 22 4 192 231 64 196 34 64 88 76 42 4 9 210 195 16 148 34 131 32 56 8 48 240
96 34 1 136 76 73 160 72 102 32 224 74 130 0 0 192 72 132 106 128 9 51 197 80 148 0 131 48 89 8 48 128
0 50 7 136 72 1 160 64 164 0 226 102 0 130 32 192 104 140 106 128 0 147 131 64 20 128 138 8 9 0 35 128
237 255 75 1 249 249 103 182 234 204 60 252 191 228 195 182 1 98 206 82 195 44 246 43 173 21 37 188 202 119 207 249
86 171 212 129 178 58 58 154 43 53 26 231 141 42 210 150 38 87 109 253 150 88 133 224 142 68 47 228 167 229 143 5
17 42 74 3 67 25 176 69 97 95 117 52 10 128 230 158 104 8 194 2 134 62 174 65 22 65 18 107 227 134 107 204
173 91 19 140 232 75 135 216 140 204 144 237 220 196 161 131 218 96 202 102 65 35 86 8 176 17 111 184 24 63 1 217
42 184 230 92 91 221 91 250 219 69 116 141 42 236 118 182 143 251 247 85 142 107 254 241 31 94 85 251 119 140 70 255
139 19 46 251 160 132 56 17 7 89 87 247 155 29 176 104 198 30 63 95 154 156 107 145 198 249 178 194 22 143 176 115
78 150 41 27 186 253 55 152 190 111 151 245 220 230 202 201 55 67 206 54 183 1 111 115 236 21 39 216 154 215 133 117
33 91 26 13 106 3 175 119 36 76 252 236 52 6 162 177 110 116 202 110 193 43 100 12 52 32 38 184 88 186 43 249
162 26 9 179 205 241 177 67 132 85 144 191 128 12 98 74 200 130 139 145 28 43 100 128 149 64 218 123 149 12 52 214
96 40 206 189 44 138 96 8 119 149 226 129 227 192 240 72 88 236 42 92 14 120 207 177 132 176 211 72 20 139 112 8
29 107 192 101 130 26 103 153 228 128 238 230 211 193 209 255 122 236 110 254 201 144 238 8 180 233 101 132 111 243 98 160
220 77 111 83 163 120 127 213 52 87 159 147 217 111 155 123 35 210 223 254 244 209 61 224 119 107 103 193 166 247 175 211
173 183 17 239 255 5 190 249 30 26 121 122 252 123 184 162 221 91 87 35 243 34 203 191 181 205 175 174 91 111 163 161
202 211 84 237 34 2 62 57 56 140 82 229 237 103 136 83 54 85 189 226 225 148 197 77 228 227 106 130 44 162 7 25
91 150 44 93 49 158 117 58 125 74 54 228 250 118 142 245 55 240 220 172 165 72 109 221 190 251 115 134 42 164 11 117
24 176 102 49 226 153 56 247 33 117 102 177 139 13 194 19 39 154 215 148 214 216 228 0 222 201 22 227 103 132 166 219
0 190 235 1 210 216 35 247 116 79 222 244 177 38 130 80 49 138 206 128 181 153 165 79 108 39 54 193 225 64 167 251
191 67 74 73 11 155 86 212 101 4 230 166 11 128 131 253 120 232 206 106 76 183 100 128 178 249 0 7 107 255 122 140
66 174 180 145 169 252 188 143 190 191 130 17 140 174 78 207 167 87 233 17 54 73 203 225 13 114 94 255 130 84 141 95
75 178 254 94 56 152 121 25 255 221 55 164 236 230 214 246 183 100 238 28 151 73 174 221 14 123 87 239 14 164 107 93
175 77 102 126 248 187 126 212 49 16 249 233 123 93 189 57 223 215 119 79 132 247 15 189 118 122 96 128 86 215 226 197
66 188 164 147 137 252 188 135 190 255 6 21 140 190 70 207 133 87 251 21 54 73 219 225 15 50 222 255 138 84 157 94
227 251 106 88 125 213 216 255 207 121 188 188 32 220 246 180 175 186 255 148 247 107 190 247 58 25 149 251 95 140 234 93
77 190 128 19 209 252 33 147 118 207 134 52 168 102 139 252 113 230 206 156 183 79 253 107 94 103 247 130 138 100 239 117
137 150 139 149 133 124 37 123 246 222 86 54 249 231 226 239 113 98 170 136 161 92 63 203 93 199 247 133 186 236 61 249
169 158 129 190 93 221 163 112 16 239 245 126 241 116 226 231 93 232 134 184 173 126 248 174 127 199 255 233 155 44 60 249
77 246 185 24 186 29 63 152 190 126 150 237 221 230 203 253 55 81 222 126 167 65 239 86 126 127 47 252 154 245 141 113
8 187 133 23 232 140 96 155 238 248 57 100 237 226 192 214 39 110 110 82 147 200 207 113 140 48 103 228 8 34 131 149
200 126 249 119 193 124 119 150 113 79 127 93 219 61 2 62 47 214 246 138 165 244 253 226 231 255 112 129 227 215 198 243
140 222 103 51 17 156 118 180 52 67 71 213 235 103 26 84 55 74 167 198 167 156 61 255 239 245 38 192 238 151 229 251
156 222 175 83 146 252 55 215 118 95 95 50 145 182 194 120 101 186 166 144 187 156 111 50 239 37 182 193 160 80 164 251
169 95 3 15 106 29 167 119 164 108 253 230 61 38 130 38 110 102 206 110 192 155 101 47 116 97 106 128 115 254 163 249
75 94 117 69 50 26 62 54 57 102 126 229 236 47 134 212 54 117 157 228 228 152 101 239 38 126 6 130 110 150 11 125
91 197 47 198 149 86 239 109 101 224 207 2 89 62 62 228 120 229 59 239 125 155 61 206 123 111 206 4 35 38 248 110
117 119 104 102 142 3 71 248 64 230 188 238 83 105 219 51 126 196 108 238 232 99 237 46 248 141 229 188 109 251 214 113
38 240 238 119 196 237 103 180 161 91 243 25 243 253 14 59 73 254 119 194 9 246 222 33 15 170 212 194 225 91 242 210
220 255 34 35 131 60 54 208 52 94 206 245 194 119 75 89 245 218 207 246 238 147 249 34 243 97 231 134 170 119 175 211
221 157 3 150 133 86 182 246 20 202 158 103 64 246 227 231 249 240 142 230 109 83 57 170 187 71 239 159 26 126 61 95
96 105 74 170 76 169 98 76 206 24 112 201 163 193 96 80 64 172 46 86 74 50 206 49 164 177 163 61 16 155 90 138
220 253 41 67 129 76 103 253 100 94 174 71 90 87 91 83 113 194 79 234 235 5 187 114 255 9 231 36 43 114 231 242
78 172 181 19 203 240 180 175 254 87 2 49 236 254 78 143 135 115 234 17 54 72 239 243 47 22 95 107 130 85 141 207
140 141 12 186 188 163 67 50 132 1 207 150 215 99 32 65 82 162 14 120 56 137 91 159 232 227 162 80 60 139 145 0
164 104 185 91 108 141 188 200 90 2 112 24 188 200 109 8 158 59 2 17 194 54 202 115 4 29 59 40 209 56 75 129
131 230 46 23 41 156 188 103 236 95 98 21 168 200 182 123 162 43 234 4 230 205 39 65 38 58 86 131 72 20 235 223
67 151 20 89 185 189 112 155 207 121 79 84 140 226 238 236 197 10 174 28 151 24 123 213 15 124 18 111 154 197 137 21
133 190 203 119 80 232 98 17 246 203 123 84 243 227 216 112 113 106 78 152 179 188 236 79 108 175 167 0 232 226 64 161
217 103 239 68 0 26 103 117 224 130 238 192 115 225 145 243 56 228 108 234 201 247 164 8 242 233 102 0 99 242 102 40
13 99 112 91 224 56 110 16 109 0 117 196 187 203 220 252 54 219 198 206 131 176 191 225 102 249 34 128 110 215 235 176
98 74 203 180 69 201 117 198 27 230 112 171 38 140 99 88 201 234 167 5 76 62 226 226 85 22 84 43 0 92 86 94
89 39 195 77 128 58 110 63 101 130 238 228 227 227 145 247 126 238 110 238 201 208 231 8 166 232 231 8 103 246 98 172
81 103 251 102 66 10 111 117 96 194 238 64 123 163 129 115 50 230 108 234 201 241 165 73 240 169 102 0 97 242 99 40
138 161 5 187 189 201 33 239 158 49 85 146 140 213 104 197 193 26 187 17 115 92 90 151 237 208 159 111 150 12 149 242
181 107 197 161 140 11 71 156 67 240 178 206 211 32 209 15 88 196 76 127 233 112 205 24 172 200 229 180 237 251 82 60
102 98 251 22 201 105 181 202 234 247 185 157 140 238 79 26 171 99 227 1 6 103 170 98 85 23 87 63 193 117 71 210
59 86 106 76 203 121 86 119 229 206 252 143 10 236 183 21 233 234 198 38 204 51 118 234 179 120 4 187 123 254 238 223
228 179 56 18 252 141 177 207 218 189 177 58 140 216 94 34 139 3 194 17 182 107 202 214 125 21 63 127 197 8 215 135
143 31 63 251 164 172 126 145 23 26 95 247 157 223 252 105 231 91 63 94 250 156 75 178 230 217 174 194 30 223 176 113
163 245 60 26 93 221 144 239 222 121 176 26 58 216 94 49 137 147 90 81 246 111 126 247 57 24 29 127 93 8 219 79
26 176 108 49 2 200 121 199 61 85 102 181 155 143 86 217 39 155 151 149 155 216 183 97 142 73 86 199 45 132 238 218
136 147 173 147 197 217 225 65 140 87 87 151 216 204 122 202 233 42 171 23 18 52 126 128 197 17 218 65 148 14 213 242
28 40 98 27 67 248 178 64 100 85 101 181 42 204 78 155 105 234 194 198 150 50 238 97 86 73 2 43 227 71 102 198
143 254 123 83 162 180 127 148 61 91 95 240 249 255 205 121 183 91 191 218 227 212 43 243 231 251 118 130 182 215 165 253
199 89 93 200 234 4 62 216 139 216 48 102 92 87 233 123 230 81 23 242 195 2 26 240 60 136 111 174 29 49 33 179
133 234 74 179 100 136 233 144 108 81 115 212 151 129 216 8 10 40 6 94 131 180 78 97 196 185 114 0 76 155 195 128
1 10 202 243 52 171 107 16 124 1 95 244 179 1 152 72 90 42 14 28 155 180 69 46 196 157 48 192 204 139 80 40
184 249 88 58 89 205 82 216 179 33 164 25 46 211 66 16 128 186 205 64 110 15 218 119 251 209 1 59 58 132 14 26
79 54 169 135 32 118 59 16 41 206 95 229 220 38 131 222 150 117 253 103 129 212 229 202 132 117 106 130 14 247 7 117
139 138 102 187 180 146 104 147 31 89 86 243 253 207 177 233 86 42 191 157 131 156 71 189 134 123 186 192 150 140 56 89
20 172 140 59 153 219 6 172 54 115 72 16 115 240 42 112 17 78 40 50 63 88 59 63 169 167 21 117 240 114 140 2
131 30 126 209 162 176 57 87 172 18 198 244 156 198 228 121 103 51 46 152 195 149 167 81 86 168 186 192 36 208 161 113
212 172 142 83 145 243 6 172 118 55 15 16 66 240 72 112 145 126 160 50 58 216 43 63 169 231 21 119 208 115 132 38
142 206 132 23 137 232 181 167 190 23 71 145 236 231 75 79 129 123 161 2 114 92 203 51 109 50 95 7 130 117 133 202
198 174 132 147 137 106 181 135 190 191 130 49 140 38 70 79 129 87 235 17 54 205 67 98 45 18 94 87 128 84 133 78
33 32 6 137 74 9 33 72 6 96 192 143 80 196 34 64 104 12 106 4 13 147 207 16 20 32 131 56 49 8 50 208
0 16 6 137 74 3 32 72 166 4 194 228 0 194 34 64 104 12 106 128 1 147 195 16 20 160 130 8 24 8 34 208
16 18 6 1 10 15 32 64 100 4 194 102 194 130 32 68 104 12 106 128 1 209 131 64 148 32 2 0 40 0 33 144
64 32 27 129 74 73 161 64 108 36 226 142 150 130 0 80 104 140 106 0 9 243 213 64 149 32 2 16 97 8 35 32
24 18 14 137 72 91 33 72 230 108 194 38 192 128 162 64 104 12 106 0 0 211 101 16 84 35 163 1 48 8 116 98
96 32 10 1 72 73 32 64 100 32 224 8 18 130 0 80 104 132 106 128 8 115 197 64 85 0 35 57 65 8 106 128
16 0 5 137 10 11 161 72 102 32 194 194 209 192 32 100 104 12 106 8 9 145 231 16 149 34 163 0 48 8 52 224
108 242 239 115 205 77 231 152 167 94 246 44 251 253 75 42 89 218 127 194 203 114 250 33 109 185 229 202 227 59 118 243
86 54 170 37 130 6 119 122 55 222 191 37 90 119 67 82 253 248 223 166 233 87 249 74 251 199 231 134 169 118 46 115
136 106 152 57 116 139 188 79 94 10 112 112 189 202 225 8 155 41 6 25 66 44 10 27 228 197 63 173 209 56 11 137
199 151 60 91 249 189 48 154 239 125 55 117 140 190 254 123 135 3 254 20 183 73 187 213 14 24 115 238 152 69 201 215
76 140 30 168 188 163 67 186 148 1 206 2 215 225 168 65 83 160 46 56 56 137 65 191 232 231 34 80 182 137 48 32
2 242 186 27 105 148 180 239 110 95 106 5 172 202 126 72 133 3 235 5 198 13 147 115 71 62 26 11 88 86 169 223
157 45 104 99 224 56 126 212 109 6 126 148 155 107 223 240 122 202 214 238 254 176 253 226 230 217 134 1 239 243 234 192
226 145 194 158 67 201 116 103 25 75 113 187 32 221 108 17 252 187 163 0 81 126 210 195 23 52 80 171 81 12 198 219
217 39 255 102 64 26 111 117 112 130 239 64 123 35 152 243 58 230 108 234 233 243 165 72 114 169 102 0 99 242 234 168
134 177 21 210 221 217 48 239 143 121 149 58 140 215 104 239 201 18 219 16 115 79 122 212 31 82 95 127 154 12 157 183
14 50 163 50 217 105 177 202 170 255 60 153 140 239 75 14 141 91 195 17 18 97 234 224 93 85 31 47 194 117 7 243
170 180 60 114 95 141 145 237 202 63 177 57 140 216 94 59 141 147 219 49 246 111 90 213 93 19 93 127 85 12 215 143
140 120 102 27 73 241 182 192 228 84 244 135 232 206 127 143 121 121 203 243 167 183 62 225 119 65 199 107 203 63 111 215
10 122 217 225 98 67 57 214 30 170 84 226 157 151 225 104 103 121 151 208 193 156 224 208 197 197 191 166 54 184 5 185
99 1 255 12 237 124 176 67 206 89 121 11 104 252 119 234 200 35 242 1 133 35 102 192 23 63 82 11 213 110 125 199
13 98 219 41 38 142 107 152 124 73 118 68 223 65 187 104 182 8 14 94 131 180 33 67 196 221 34 68 204 145 65 161
178 246 125 82 57 221 80 237 251 61 180 24 10 214 204 189 137 154 196 88 126 111 238 117 27 218 81 127 67 0 198 189
133 66 75 243 52 171 107 144 124 65 119 212 211 193 153 72 18 8 14 94 131 180 109 35 196 157 162 128 204 155 80 176
137 14 38 251 164 183 104 87 159 27 86 118 189 201 178 233 197 42 63 29 150 220 11 241 6 219 254 192 158 204 248 9
78 58 163 148 249 124 185 218 171 223 188 189 140 253 67 143 173 91 219 17 147 99 186 224 29 80 95 191 195 117 15 247
42 240 52 162 109 141 177 238 207 63 56 11 140 216 90 142 141 19 235 1 194 47 90 241 93 22 91 127 86 14 135 207
174 123 42 186 207 213 182 221 151 222 244 167 232 221 107 143 221 241 223 243 238 103 254 250 247 83 111 175 223 127 47 215
26 120 195 243 18 167 59 86 31 169 94 230 189 135 225 100 102 187 159 156 131 152 112 234 231 197 190 160 166 220 21 185
157 28 125 105 54 170 123 186 125 65 126 116 95 19 145 112 55 5 78 124 179 184 37 95 254 239 35 70 254 129 33 33
162 244 124 82 105 221 144 234 171 191 181 24 10 222 206 191 139 145 207 18 118 71 186 85 27 27 85 127 67 4 206 183
133 6 111 105 52 42 107 154 124 88 118 212 223 65 177 121 179 0 46 60 163 180 37 94 206 187 35 196 156 137 81 97
9 142 174 251 172 177 109 214 159 31 94 55 253 203 250 201 197 42 191 28 150 216 43 241 78 219 254 193 150 220 249 193
201 158 125 121 178 46 55 51 125 75 118 116 223 51 128 113 183 69 60 44 177 188 37 95 230 255 114 198 126 161 169 33
141 134 170 251 172 177 125 222 159 95 94 183 237 239 250 200 215 106 191 28 182 216 42 243 206 255 254 201 150 220 245 209
