48 160 20 141 13 75 160 136 142 176 128 138 194 192 100 196 73 148 238 32 42 227 95 157 156 146 143 55 80 8 29 4
96 32 193 172 76 9 160 72 46 164 240 139 130 128 68 18 104 204 66 1 0 114 219 80 29 0 7 56 65 40 70 130
96 32 200 172 78 73 160 72 46 160 224 139 130 128 64 18 104 204 66 1 0 114 203 16 28 0 7 57 65 40 86 130
81 32 135 133 10 10 96 64 236 160 194 66 210 130 80 114 96 197 106 140 1 209 133 64 156 34 143 0 0 0 35 4
81 32 158 133 10 10 96 64 236 160 226 66 222 130 84 114 98 197 106 140 1 209 133 64 156 34 143 0 32 0 43 4
96 34 192 172 76 9 160 72 46 164 240 139 130 128 68 18 104 204 66 1 0 114 203 80 29 0 7 57 65 40 71 130
104 34 152 100 32 12 81 16 41 172 182 9 223 51 66 18 132 197 109 12 8 96 193 0 195 249 37 17 64 160 74 3
81 32 158 133 10 10 32 64 236 160 194 2 214 130 80 114 96 197 106 140 1 209 133 64 156 34 143 0 32 0 35 4
81 32 223 133 10 10 105 64 236 160 226 66 222 130 208 114 106 197 110 140 9 209 133 64 156 34 143 0 32 0 35 36
96 32 5 165 76 75 32 72 70 160 194 74 210 128 64 98 104 196 106 8 9 115 207 148 156 34 135 48 48 8 48 128
80 2 159 157 12 2 96 104 244 128 226 66 80 226 32 98 120 228 106 136 8 209 131 72 21 162 231 0 16 104 112 32
20 160 20 153 219 195 32 200 86 176 192 10 102 210 104 64 89 88 98 16 2 210 75 21 157 130 5 125 176 8 40 130
52 160 20 153 203 75 160 200 22 176 224 10 196 208 96 192 121 152 98 16 2 114 75 17 157 130 135 125 49 8 40 130
33 32 7 141 76 75 161 72 86 160 242 74 208 144 64 64 120 12 106 0 9 243 207 144 28 34 167 48 81 8 112 128
64 0 151 29 8 2 37 104 244 130 226 64 82 241 160 66 112 100 106 40 40 241 139 13 20 162 103 0 88 120 112 32
32 32 7 173 78 11 160 72 62 32 114 98 151 130 128 64 120 140 106 0 0 240 193 80 148 160 35 32 97 8 99 160
96 160 133 13 74 75 32 200 22 180 192 8 196 224 64 82 81 108 106 0 6 83 207 25 28 2 5 61 48 40 6 130
81 32 135 13 8 11 33 72 246 160 194 0 194 224 64 82 81 68 106 12 9 81 203 16 28 34 199 16 96 32 112 32
32 48 21 13 75 203 160 72 214 184 192 66 194 128 64 0 89 108 106 0 8 243 219 16 29 0 1 52 80 8 32 130
80 32 3 128 72 8 33 64 230 32 194 10 18 130 32 86 104 204 106 136 9 211 133 64 20 32 2 0 0 0 35 32
64 2 158 93 8 10 36 104 244 130 226 64 80 225 160 66 112 100 106 40 41 241 139 13 20 162 103 0 24 120 96 32
96 32 6 5 74 9 32 72 38 160 226 10 64 193 64 146 104 76 106 0 0 211 203 16 28 0 39 40 1 8 18 128
20 160 20 153 219 131 32 200 86 176 224 10 230 210 104 196 89 88 226 16 2 82 75 21 157 130 5 127 176 8 45 130
88 0 134 28 73 2 32 72 246 128 194 0 66 225 32 66 113 100 106 0 8 211 207 16 85 34 99 9 64 32 32 0
80 32 134 5 73 74 32 72 118 160 194 8 66 128 96 210 112 204 106 0 1 211 141 16 20 32 7 1 0 0 115 130
81 32 159 133 10 10 96 64 236 160 226 66 222 130 80 114 98 197 106 136 1 209 133 64 156 34 143 0 32 0 35 4
96 32 192 172 76 73 160 72 46 164 240 139 130 128 68 2 104 204 66 1 0 114 219 80 29 0 7 57 65 40 70 130
64 0 159 93 8 2 100 104 244 130 226 64 82 224 160 98 112 100 106 40 41 241 139 9 20 162 231 0 9 120 96 32
20 160 148 185 219 203 32 200 86 176 224 10 198 210 104 128 89 88 226 16 2 82 203 21 157 130 5 127 208 8 5 130
81 32 151 133 10 10 105 64 236 160 226 66 222 130 80 114 98 197 106 136 1 209 133 64 156 34 143 0 32 0 35 4
32 34 6 137 78 11 160 72 86 164 210 74 195 192 64 64 120 140 106 8 8 242 207 144 28 128 135 40 49 8 112 160
32 176 148 29 74 207 0 200 86 184 192 72 210 240 64 2 89 124 106 16 10 211 219 29 29 2 5 54 16 32 6 146
96 32 192 172 76 9 160 72 46 164 240 139 130 128 68 2 104 204 66 1 0 114 219 80 29 0 7 57 65 40 70 130
64 2 143 93 8 2 101 120 244 130 226 64 80 225 160 66 112 100 106 40 41 243 139 9 84 162 231 0 9 120 96 32
20 160 148 184 203 207 32 200 86 176 224 10 198 210 104 132 121 88 226 16 2 82 219 21 157 130 5 127 208 8 13 130
89 0 142 28 8 2 33 72 246 128 198 0 82 224 32 114 81 100 106 8 8 211 239 20 93 35 101 9 64 32 112 32
48 32 193 133 77 75 160 72 62 164 240 139 131 128 68 150 120 204 74 1 8 115 219 208 156 144 7 51 65 8 71 130
89 32 20 165 34 9 120 0 111 160 178 200 223 2 192 246 162 197 108 12 12 97 197 64 152 243 39 48 74 128 11 5
48 32 22 1 73 11 160 72 238 16 226 0 196 194 96 66 232 204 106 128 0 243 155 80 149 2 3 7 64 0 35 130
112 0 132 157 73 11 32 72 166 160 194 10 194 194 64 70 104 196 106 8 8 67 195 0 149 32 131 57 16 8 16 6
32 0 134 157 9 143 160 72 54 48 194 3 228 226 34 194 249 108 106 32 6 211 219 157 149 34 203 17 16 8 56 130
120 4 6 29 24 7 32 104 246 184 194 64 112 240 32 65 81 108 106 32 32 211 139 29 24 34 101 4 80 40 112 128
0 32 22 9 73 15 160 72 246 160 226 0 196 194 96 66 249 76 106 0 0 243 139 72 29 2 3 2 64 0 35 134
64 0 6 137 75 75 33 72 230 164 194 6 194 128 98 208 104 12 106 0 8 211 223 28 20 34 131 49 16 8 88 4
112 0 134 156 75 131 32 72 182 160 194 10 64 210 96 80 120 236 106 128 0 211 195 208 20 34 131 42 16 8 33 130
33 34 14 1 72 11 161 72 102 160 226 76 194 128 0 80 104 4 106 0 1 243 207 16 20 0 3 16 73 8 115 128
112 32 82 129 74 9 96 72 238 32 242 10 2 130 68 80 104 140 110 128 12 243 197 80 148 0 131 57 97 0 107 134
80 32 6 12 74 74 32 72 102 36 194 10 194 130 2 82 104 196 106 128 8 211 215 64 148 32 2 41 97 8 47 130
96 0 6 137 77 9 32 72 190 32 210 11 198 194 32 192 120 204 106 0 8 99 203 208 149 32 139 57 17 8 122 130
32 32 6 137 73 11 160 72 110 160 242 8 194 194 64 210 105 204 106 128 4 243 223 80 157 2 7 49 65 8 123 134
80 0 6 141 77 3 32 72 54 0 194 10 68 194 32 80 120 204 42 0 0 211 131 208 149 34 139 9 16 8 33 130
80 0 11 128 74 8 33 64 100 32 226 10 22 130 32 86 104 204 106 136 9 211 149 64 148 32 10 0 41 0 35 0
97 34 0 40 44 13 64 24 107 168 176 76 130 192 208 150 205 196 110 12 140 99 203 16 156 152 37 56 88 136 90 5
32 32 7 137 78 11 161 72 86 164 210 10 194 144 64 64 120 12 106 0 0 243 207 144 156 32 135 56 17 8 117 160
97 34 144 165 44 13 64 24 107 184 178 108 143 2 192 214 197 69 108 12 14 96 201 17 132 248 33 62 88 136 75 5
32 34 95 133 78 11 161 64 44 32 242 66 132 131 0 80 104 140 106 8 0 241 193 192 20 32 3 32 97 8 99 160
48 32 6 137 75 139 160 72 230 144 226 2 192 194 64 194 104 236 106 128 0 227 203 80 149 2 7 13 65 0 43 134
32 32 10 129 76 73 160 64 62 36 224 10 128 128 96 0 120 140 106 0 0 243 213 80 21 0 131 49 81 8 87 130
32 34 10 133 74 11 160 72 174 160 242 194 192 194 64 82 104 204 106 8 0 243 193 64 84 32 3 33 97 40 99 128
32 32 7 137 76 11 160 72 22 160 242 74 211 128 96 192 120 140 106 136 9 242 67 144 20 128 131 40 49 8 112 160
48 0 134 189 9 139 160 72 54 164 194 3 228 242 32 66 248 108 106 32 2 211 219 157 149 34 203 18 16 8 48 130
32 32 23 144 75 131 160 72 246 128 242 10 64 194 96 212 121 173 106 128 0 243 219 80 21 2 11 8 65 8 35 128
17 32 134 29 75 203 32 72 246 132 198 128 192 192 32 198 120 108 106 8 4 243 135 0 20 32 3 1 96 8 42 128
48 32 14 137 74 11 161 72 198 32 194 131 208 192 32 66 104 76 106 0 2 211 203 21 21 34 35 48 48 8 48 160
48 32 23 144 75 195 160 72 246 128 242 10 64 210 96 212 121 237 106 128 0 243 223 208 21 2 15 11 65 8 103 130
16 34 142 173 72 7 224 72 118 128 242 70 217 195 64 66 120 204 106 140 0 243 223 80 84 160 163 8 105 8 99 128
96 0 0 137 77 9 96 72 190 32 242 10 134 194 32 64 120 204 106 8 8 115 219 208 149 32 139 57 16 8 122 132
96 32 65 129 76 9 224 64 44 32 242 202 210 0 0 80 104 140 106 136 0 242 193 64 148 160 3 40 97 8 99 128
48 32 22 129 75 139 160 72 110 0 242 2 192 194 64 192 104 172 106 128 4 227 223 80 149 2 131 8 65 0 35 132
80 0 6 9 76 75 32 72 118 32 194 66 80 192 32 64 120 132 106 8 0 211 223 24 21 34 131 8 16 8 48 128
48 32 7 9 74 131 32 72 246 132 226 76 64 194 96 80 120 108 106 128 9 211 207 16 28 130 39 8 104 0 34 132
32 32 6 9 73 15 160 72 118 160 226 12 192 192 64 80 121 204 106 0 0 211 219 16 29 2 135 49 72 0 58 130
8 162 142 29 90 131 32 216 150 184 198 0 97 224 40 64 17 110 106 32 34 195 203 29 93 35 101 61 48 40 4 130
88 0 6 137 76 11 33 72 118 160 194 2 80 194 32 192 120 140 106 8 10 211 207 17 20 34 163 8 16 8 56 128
96 0 134 157 73 11 32 72 182 160 194 10 194 194 96 70 120 204 106 0 8 67 219 208 148 32 131 59 16 8 58 134
48 32 6 129 73 3 160 64 238 0 242 10 194 130 96 192 104 141 106 128 12 227 211 208 149 0 139 9 65 0 107 132
112 0 12 137 77 15 96 72 190 32 242 11 134 194 32 66 120 204 106 4 12 115 219 208 149 32 139 57 16 8 122 130
32 32 3 129 78 9 160 64 62 32 224 74 128 128 96 0 120 140 106 0 0 243 197 16 21 0 131 48 81 8 83 162
33 32 6 137 76 11 160 72 86 160 242 74 211 192 64 64 120 140 106 12 8 242 203 144 28 128 135 40 113 8 112 128
64 32 134 5 75 11 160 72 164 160 194 10 192 160 64 210 104 204 106 128 0 211 135 64 20 34 3 0 64 32 59 128
80 32 134 5 74 11 32 72 164 160 194 74 82 224 0 82 104 204 106 128 0 211 135 0 148 34 35 0 32 0 35 128
32 2 6 137 73 11 160 72 70 32 194 66 192 192 32 66 104 76 106 0 2 243 203 21 21 34 3 49 24 8 48 130
96 32 134 141 73 11 32 72 166 160 226 11 194 194 96 194 104 204 106 128 8 67 219 208 149 32 131 57 17 8 62 130
96 32 8 133 74 9 160 72 46 160 242 74 210 128 64 82 104 204 106 136 1 242 195 80 148 160 3 40 97 8 99 160
112 34 7 9 74 11 160 72 118 160 194 72 192 192 64 16 121 204 106 0 8 211 207 16 28 2 135 56 105 0 58 132
80 0 135 29 10 66 33 104 246 132 194 96 66 224 32 82 113 100 106 0 8 211 207 24 28 162 69 8 96 32 116 32
80 0 6 137 13 11 32 72 118 160 194 2 64 192 32 192 120 132 106 8 0 211 223 24 21 34 131 8 16 8 48 128
0 32 7 137 76 11 160 72 94 160 242 66 208 194 160 68 120 140 106 136 1 240 77 208 20 34 163 16 17 8 113 160
32 160 148 29 74 155 33 200 214 176 196 8 194 224 194 134 89 108 106 24 10 209 203 16 28 0 5 53 16 40 10 128
48 2 14 137 74 11 160 72 70 32 194 131 208 192 32 66 104 76 106 0 2 211 207 21 84 34 35 48 48 8 32 128
97 32 6 9 72 11 160 72 118 160 224 72 194 192 64 144 120 140 106 0 5 211 203 16 20 2 131 56 73 8 51 128
32 32 14 137 76 11 160 72 22 160 242 10 192 192 96 64 120 140 106 136 0 242 67 208 20 0 131 40 89 8 112 128
112 0 14 137 79 9 96 72 174 32 242 139 70 194 32 66 104 204 110 136 8 115 223 208 149 32 139 57 49 8 122 130
32 32 10 129 76 73 160 64 62 32 224 10 128 128 64 64 120 140 106 0 0 243 197 16 21 0 131 49 81 8 87 130
64 32 6 13 74 74 32 72 228 36 194 10 194 128 2 82 104 204 106 136 8 211 135 64 148 32 2 1 96 32 39 128
48 32 22 137 75 139 160 72 230 144 242 2 192 210 64 198 104 236 234 128 0 227 207 80 157 2 7 15 65 0 43 134
112 2 4 141 74 11 33 72 150 32 194 207 194 192 0 64 120 204 106 8 9 83 207 16 148 32 3 56 56 8 50 144
48 32 20 137 79 75 160 72 70 32 192 2 128 128 0 64 104 136 106 128 8 179 89 80 149 0 131 48 81 8 48 134
80 2 150 141 73 6 32 72 246 164 226 2 194 227 32 70 120 196 106 128 8 211 195 192 149 162 203 9 1 0 33 2
81 0 6 137 12 11 32 72 102 32 194 2 194 192 34 192 104 132 106 136 8 211 79 16 148 34 131 0 16 8 57 128
48 32 20 137 14 11 160 72 70 32 208 66 146 0 0 0 104 136 106 128 8 179 73 80 149 0 139 48 81 8 48 128
16 0 6 137 14 0 161 64 164 0 194 2 208 131 32 64 104 132 106 136 9 131 199 64 148 160 138 24 33 8 33 128
48 32 20 137 79 75 160 72 70 32 208 2 128 128 0 0 104 136 106 128 8 179 93 208 149 0 139 49 81 8 48 134
80 32 150 141 75 74 96 72 126 160 226 10 78 130 96 214 120 204 106 128 4 211 139 208 20 32 7 41 1 0 99 134
48 34 6 137 74 11 161 72 70 36 194 135 192 192 32 66 104 204 106 0 0 211 199 16 148 34 130 48 49 8 48 128
121 2 134 28 25 147 0 104 86 180 70 0 99 225 162 212 81 108 232 40 44 211 139 29 24 35 69 44 18 44 56 0
96 4 134 29 25 151 32 104 246 184 198 0 96 224 32 208 81 100 234 40 32 211 139 29 8 34 69 4 16 44 56 128
0 176 135 61 24 139 32 200 22 184 66 108 98 224 40 65 17 108 106 32 35 211 139 29 8 162 101 20 88 40 16 128
24 160 135 29 26 131 0 200 22 184 194 108 98 224 40 65 81 110 106 32 42 210 203 29 12 35 101 60 56 40 40 128
17 32 6 1 10 11 161 72 230 160 194 8 210 128 66 98 104 76 106 8 1 241 175 16 20 2 3 16 97 0 115 196
96 48 7 13 75 75 32 72 230 164 194 12 194 130 0 82 104 204 106 128 8 83 219 16 21 32 3 56 0 8 38 210
24 2 14 137 72 15 32 72 118 40 198 194 194 193 32 64 120 68 106 8 8 211 79 16 213 35 227 17 48 8 32 160
32 32 6 153 73 11 160 72 118 160 240 10 196 194 32 192 120 140 106 128 0 243 219 208 21 0 139 41 65 8 43 130
48 34 71 133 78 11 160 72 60 32 114 66 133 130 128 64 120 140 106 136 0 241 199 64 148 160 2 32 97 8 99 160
96 32 6 137 77 11 32 72 190 32 242 11 134 130 32 64 120 204 106 0 0 243 219 208 149 32 139 43 17 8 114 130
88 0 142 29 74 18 32 72 118 128 198 0 65 225 160 114 81 108 106 8 8 211 207 25 92 35 101 9 98 32 50 34
32 32 14 137 76 11 160 72 22 160 242 74 208 128 96 64 120 140 106 8 0 242 199 208 20 0 131 40 25 8 112 128
40 48 150 29 91 15 32 72 182 184 194 72 80 240 96 130 89 124 234 16 2 209 203 28 28 3 37 54 16 40 8 128
112 0 6 137 9 15 32 72 118 184 194 66 210 208 32 192 88 132 106 0 8 211 203 16 148 34 35 28 16 8 56 130
49 32 14 9 72 27 160 72 118 160 194 8 210 128 2 192 120 140 106 0 5 211 175 16 20 2 3 32 64 8 59 128
96 32 6 13 73 75 32 72 54 32 194 8 64 192 32 80 120 204 106 136 0 211 223 0 20 34 130 9 0 8 38 144
24 0 14 137 74 11 32 72 118 32 194 131 211 129 32 64 120 196 106 0 8 209 207 16 84 35 227 16 48 8 48 128
112 32 6 137 79 75 96 72 46 32 242 10 132 130 32 198 104 204 106 8 0 243 211 208 149 32 138 59 17 8 114 134
112 32 7 137 9 139 160 72 118 128 226 0 194 194 64 194 248 236 106 128 12 227 219 80 149 34 135 27 65 0 43 134
32 32 2 5 72 9 160 72 38 160 242 74 195 128 64 18 104 204 106 8 8 243 195 80 20 160 3 40 105 8 67 128
32 32 11 137 76 9 224 72 70 36 210 74 131 128 96 64 104 136 106 140 8 243 67 208 20 128 131 40 113 8 112 128
88 0 134 29 74 2 32 88 118 128 198 0 64 225 160 86 81 108 106 8 8 211 203 25 92 34 69 8 98 32 50 32
0 48 150 29 26 15 32 72 182 184 194 40 64 240 32 2 89 108 106 16 0 209 203 28 28 2 5 54 16 40 0 128
48 32 14 137 9 203 160 72 246 0 242 2 194 194 64 64 120 172 106 128 12 227 219 80 149 2 131 25 81 8 47 134
48 32 3 129 76 9 160 64 44 32 242 74 194 128 0 0 104 140 106 8 8 243 193 64 148 32 3 56 97 8 67 128
112 32 6 137 79 11 32 72 190 32 226 10 132 130 96 194 120 204 106 0 0 211 219 208 149 32 131 57 16 8 58 134
96 0 22 136 10 15 32 72 102 184 194 10 192 128 32 84 72 12 106 0 8 195 203 16 20 34 3 60 16 8 48 4
80 2 142 93 8 6 33 104 118 128 226 66 82 225 160 66 120 100 106 40 9 243 139 12 84 34 231 0 32 40 96 0
112 32 6 137 9 11 160 72 102 0 242 2 192 194 64 192 104 140 106 128 8 227 195 208 149 0 139 25 65 0 43 130
96 32 6 137 77 11 32 72 174 32 226 11 198 130 32 194 104 204 106 0 12 211 219 208 149 32 131 59 17 8 122 134
32 160 22 153 75 143 32 200 22 176 192 10 68 210 96 0 89 28 98 16 2 83 91 29 29 130 13 125 16 8 45 130
53 38 206 54 136 34 6 184 82 178 98 236 115 225 145 11 25 102 96 62 184 243 143 46 104 175 101 20 237 249 80 32
104 50 152 100 32 13 80 16 41 168 54 77 159 19 66 18 132 196 108 12 12 96 209 0 195 249 37 49 74 160 74 3
16 32 22 137 75 15 160 72 252 32 242 2 78 130 96 80 120 132 106 128 0 243 195 192 149 2 139 3 65 8 33 134
32 32 6 153 77 11 32 72 6 32 242 10 64 194 32 70 104 204 106 128 8 243 195 192 21 32 139 43 16 8 48 130
6 172 132 23 153 55 22 136 182 179 0 17 228 242 75 207 145 79 169 48 54 80 155 59 41 6 93 111 130 117 137 6
96 32 6 9 73 11 160 72 230 160 226 9 66 192 64 82 104 204 106 128 12 243 203 64 29 0 3 41 65 0 98 130
80 32 134 141 73 11 32 72 174 160 194 10 198 194 96 82 104 204 106 0 8 83 211 80 149 32 131 51 16 8 16 6
81 32 142 133 78 10 97 64 108 160 226 66 212 130 16 114 96 196 106 136 1 211 133 64 148 34 139 0 40 32 99 0
0 32 22 137 73 11 160 72 230 32 226 0 196 130 96 80 104 4 106 128 0 243 147 80 149 2 3 3 64 0 33 130
0 32 6 137 75 131 32 72 182 0 194 2 68 194 32 82 120 108 106 0 0 211 131 220 21 34 139 11 16 8 33 134
165 78 207 62 152 34 70 184 210 130 98 236 115 224 185 27 21 102 96 46 233 240 142 47 104 174 101 16 233 241 66 0
6 172 132 18 153 183 22 172 54 183 0 17 108 226 75 220 145 79 160 48 54 64 11 63 169 22 21 111 146 117 131 6
48 32 0 141 79 9 160 72 46 164 176 11 2 128 64 146 104 204 106 1 8 115 219 80 29 0 15 57 65 8 70 130
89 32 18 165 32 8 104 0 111 168 178 72 207 2 208 242 162 197 108 12 12 65 197 0 152 249 37 48 64 128 11 1
80 2 142 77 8 2 32 104 118 128 226 66 80 225 160 66 120 68 106 40 9 211 131 12 20 34 231 0 40 40 96 0
80 160 4 133 11 75 32 168 14 176 130 138 195 34 64 198 73 196 238 48 44 193 95 29 156 226 71 55 48 44 13 6
81 2 143 93 8 10 33 120 118 128 226 102 81 227 160 66 112 100 106 168 41 209 143 12 92 162 231 0 41 232 96 32
50 32 132 133 9 75 160 72 47 164 178 139 199 128 64 150 72 204 238 0 8 227 219 128 157 208 15 51 65 12 15 6
32 160 22 153 75 143 32 200 22 180 224 10 196 210 96 128 89 28 226 16 2 83 91 17 29 128 13 125 80 8 45 130
65 32 31 133 10 8 97 64 108 160 226 74 212 130 80 114 96 196 106 136 1 209 133 64 148 32 139 0 40 0 35 32
65 34 143 133 10 10 105 64 108 160 226 66 212 130 144 114 96 196 106 136 1 209 135 64 156 34 167 0 41 32 99 32
53 14 207 126 136 34 71 184 82 226 98 236 115 225 137 59 25 102 96 42 233 242 143 46 104 175 101 16 233 241 66 1
48 32 0 141 79 73 160 72 46 164 176 11 2 128 64 146 104 220 106 1 8 115 209 80 149 0 3 57 65 8 70 130
32 32 20 137 79 79 160 72 150 180 224 10 68 192 96 132 121 156 234 16 2 115 91 17 29 128 15 63 81 8 45 130
80 2 143 205 12 2 33 72 118 128 226 66 208 226 160 66 112 196 106 136 1 209 131 4 84 162 231 0 40 40 97 32
48 32 64 141 79 73 160 72 46 164 176 11 2 136 64 146 104 220 74 1 8 115 209 80 21 0 3 49 65 8 78 130
80 2 143 77 8 2 32 72 118 128 226 66 208 224 160 82 112 68 106 136 1 211 131 4 20 34 231 0 40 40 96 32
32 32 20 137 75 79 32 72 22 176 224 10 198 208 96 128 121 92 226 16 2 83 91 17 29 128 15 61 80 8 45 130
65 34 31 133 10 8 105 64 108 160 226 66 220 130 80 114 98 197 106 136 1 209 133 64 148 32 139 0 40 0 35 32
48 32 6 141 74 11 161 72 62 160 242 66 84 194 64 64 120 140 106 136 0 243 195 80 20 32 3 32 105 8 99 128
17 0 6 137 72 11 161 72 102 36 194 135 194 129 34 64 104 132 106 0 8 211 71 16 148 34 130 48 56 8 48 128
53 14 207 126 138 42 71 184 82 226 98 236 115 225 185 59 29 102 100 46 233 242 143 46 104 174 101 16 233 241 66 32
6 172 148 26 153 251 22 136 190 183 0 17 236 246 75 220 145 95 224 16 54 80 155 63 41 22 85 111 146 117 143 70
65 32 143 29 72 11 33 72 54 240 194 136 208 228 192 70 81 108 106 4 11 211 239 17 28 34 197 60 16 40 50 96
6 172 148 18 153 247 22 168 54 183 0 17 236 230 75 220 145 95 160 48 50 80 27 63 41 22 77 111 146 117 135 70
80 0 135 13 11 75 32 72 246 244 194 9 194 228 0 66 113 76 106 0 12 209 239 28 29 34 69 52 16 12 20 214
16 0 6 141 73 11 32 72 182 164 194 2 198 226 32 68 120 68 106 0 4 211 219 149 149 34 203 19 16 8 57 130
6 164 148 23 153 70 22 200 182 183 0 1 228 242 75 206 145 95 233 18 50 65 155 59 41 6 77 111 130 116 15 6
117 36 207 55 136 10 7 184 82 242 66 108 83 225 145 43 25 102 96 62 185 243 143 42 104 174 101 20 233 248 80 32
48 34 7 137 14 11 160 72 94 160 242 66 210 128 0 96 120 140 106 8 1 241 79 144 148 32 163 16 112 8 112 160
48 32 6 137 9 11 160 72 238 0 242 2 192 194 64 192 104 140 106 128 12 227 195 208 149 0 139 25 81 8 111 134
33 32 18 129 78 9 224 64 44 32 242 74 142 128 0 16 104 140 110 8 8 243 209 192 20 160 3 32 97 8 67 128
48 32 2 1 73 75 160 72 102 160 226 14 208 128 0 80 104 140 106 0 0 243 149 16 20 0 35 49 73 8 43 130
96 32 6 137 72 9 32 72 38 32 226 10 64 194 32 208 104 140 106 136 0 211 199 64 20 32 130 8 65 8 43 128
48 32 7 137 76 11 160 72 22 160 242 74 195 128 96 0 120 140 106 8 8 243 195 144 20 128 131 40 113 8 112 128
165 206 199 62 152 35 70 184 210 138 96 200 115 225 169 27 21 102 96 34 233 224 142 47 40 166 101 24 241 241 66 8
97 34 16 160 44 13 64 24 107 168 176 76 142 2 196 148 200 132 76 12 140 98 200 144 144 216 33 58 72 136 74 5
6 164 148 23 139 23 22 200 146 178 0 1 228 242 73 143 145 94 232 18 34 83 155 58 41 6 77 111 128 116 3 134
116 164 142 23 140 2 6 248 82 242 66 96 83 225 145 11 89 102 96 58 57 243 143 42 40 39 101 68 237 248 112 32
112 50 135 29 74 2 32 72 118 128 194 232 64 228 96 82 113 108 106 0 9 211 207 24 28 34 69 8 64 32 54 176
64 128 134 28 24 3 32 232 214 176 194 8 192 224 32 66 81 76 106 32 2 195 203 29 28 34 69 62 16 40 48 132
0 32 150 29 10 219 32 72 246 180 198 8 64 224 98 2 121 108 106 8 4 209 239 16 28 0 5 53 16 8 6 196
48 0 6 137 12 75 32 72 102 36 194 2 194 128 34 64 104 132 106 0 12 211 207 16 148 34 131 25 16 8 52 128
112 32 6 137 77 11 96 72 46 32 242 11 132 130 32 198 104 204 106 0 0 243 219 208 149 32 139 59 17 8 122 134
33 32 142 29 8 11 33 72 54 240 198 5 210 224 2 66 81 108 106 44 8 211 207 29 68 34 193 52 48 40 32 212
0 0 6 29 9 67 32 72 118 240 194 1 66 224 32 66 81 68 234 0 10 211 219 21 29 34 69 13 16 12 52 208
56 160 134 61 10 3 32 232 22 176 194 128 65 224 0 66 81 76 106 32 8 211 207 29 88 227 229 20 112 40 48 128
33 32 7 137 76 11 160 72 6 32 242 74 194 128 96 64 104 140 106 12 8 243 67 208 148 0 131 56 81 8 112 128
68 172 132 18 177 183 22 172 118 187 10 16 110 226 73 216 145 79 160 50 54 64 11 63 169 6 5 103 208 119 137 6
4 168 134 31 217 135 162 232 54 176 64 0 228 226 40 196 209 110 234 16 38 211 219 63 45 54 77 47 144 32 43 134
73 34 134 29 8 6 0 104 54 188 198 0 64 240 162 70 81 100 106 8 40 211 203 13 28 35 69 14 16 32 56 128
4 160 150 31 137 131 0 232 182 144 194 1 96 224 64 214 145 110 234 48 38 195 219 61 29 34 69 95 208 36 43 134
8 162 134 29 9 7 0 216 22 184 194 68 96 225 64 192 81 76 234 40 8 211 203 29 76 34 101 52 58 40 48 146
117 166 207 117 142 2 71 248 86 178 194 230 83 225 145 43 25 236 100 46 169 242 239 10 120 175 101 4 237 248 112 48
17 32 14 1 72 27 32 72 230 160 194 0 210 128 160 96 104 12 106 0 4 243 231 16 84 2 35 0 65 8 51 128
112 32 7 137 73 75 160 72 254 32 242 3 198 210 64 192 248 140 106 128 12 99 211 208 149 32 131 27 81 8 42 134
1 34 2 129 76 9 160 64 174 32 242 74 134 128 0 0 104 140 106 8 0 243 193 208 148 0 3 48 65 8 67 128
112 32 7 137 75 75 160 72 174 32 226 10 198 146 32 194 232 204 106 0 0 227 219 208 149 32 131 59 16 8 55 134
96 32 6 12 73 75 32 72 102 32 194 8 64 194 0 82 104 76 234 0 0 211 219 16 21 32 3 40 0 8 54 146
32 34 7 137 76 11 160 72 38 160 210 10 195 129 96 64 104 140 106 12 0 243 207 144 20 0 131 48 113 8 80 128
112 32 6 137 73 11 160 72 190 32 242 11 196 194 64 64 120 140 106 128 8 227 211 208 149 32 139 27 81 8 47 134
48 34 3 129 76 9 160 64 46 32 242 74 130 128 0 0 104 140 106 8 8 243 193 80 148 0 3 32 97 8 67 128
112 32 6 137 75 11 160 72 174 32 226 11 198 194 32 194 232 204 234 0 12 227 219 208 149 32 131 59 17 8 59 134
101 166 134 117 152 2 5 184 214 178 66 228 83 225 145 11 17 100 104 60 185 241 143 8 104 42 101 84 236 248 80 0
49 32 7 137 76 11 160 72 38 160 242 74 194 128 96 64 104 140 106 8 8 243 195 144 20 0 131 32 113 8 112 128
96 32 6 137 73 11 160 72 230 160 242 11 194 194 96 192 232 140 234 128 12 99 219 208 149 32 131 27 81 8 43 134
0 32 6 137 73 11 160 72 174 32 226 11 196 192 32 70 232 204 106 0 0 243 195 208 21 34 131 35 16 8 49 134
104 50 144 100 33 13 80 16 41 168 182 77 159 19 64 146 132 196 236 12 12 96 209 0 195 249 37 49 74 164 74 3
48 32 6 137 77 11 160 72 46 32 242 2 192 130 32 80 104 140 106 128 8 243 195 208 149 34 139 59 16 8 48 134
64 32 22 156 75 139 160 72 246 160 226 1 196 192 96 68 248 236 106 0 0 243 195 64 149 32 3 11 80 8 35 134
48 32 2 137 73 9 160 72 108 32 242 11 130 130 4 80 104 140 106 128 8 243 193 192 149 0 139 57 81 8 98 134
86 160 148 23 155 23 20 200 22 182 64 1 68 242 75 142 145 78 232 18 6 81 155 57 9 2 77 111 130 116 11 134
112 32 2 136 77 9 32 72 174 32 242 11 70 130 32 82 104 204 106 0 8 243 209 208 149 32 139 59 16 8 115 6
64 160 150 30 25 131 32 232 182 176 194 1 228 224 96 70 145 110 106 16 2 83 139 61 25 50 69 15 80 32 43 134
16 32 22 141 11 11 160 64 228 32 242 2 204 130 32 80 104 140 106 128 0 243 131 192 149 34 139 9 1 8 33 130
16 34 6 141 75 3 160 72 54 32 210 162 192 194 32 64 120 204 106 128 0 211 199 208 20 34 139 9 49 8 33 130
32 32 134 29 73 139 32 72 182 176 194 9 196 224 64 82 209 108 106 0 2 211 203 25 29 34 69 59 80 32 35 134
97 34 80 40 108 13 64 8 107 168 176 73 143 9 148 148 138 132 78 12 12 98 200 208 150 248 33 56 64 136 74 5
0 32 134 29 25 67 32 104 182 176 66 0 96 224 32 65 209 108 106 32 32 209 139 29 24 34 69 11 64 32 40 2
89 34 16 165 40 24 72 0 109 168 178 72 207 3 208 214 130 197 108 12 12 96 193 128 146 241 35 16 66 132 107 1
101 166 207 62 152 2 6 184 210 178 98 236 115 225 177 91 17 102 96 46 169 243 143 47 40 175 101 16 233 240 66 0
88 0 132 37 9 91 64 40 110 164 130 137 195 32 0 210 65 196 236 32 12 65 223 20 136 243 71 17 16 44 29 4
81 2 207 109 26 2 101 120 118 194 230 230 83 227 128 114 112 204 106 172 169 241 207 12 84 171 231 0 105 160 96 160
24 32 4 161 13 91 192 8 46 164 162 136 199 2 64 130 74 196 236 0 12 225 221 16 156 211 11 17 96 12 15 0
6 164 132 26 153 215 18 168 54 181 64 1 100 226 75 152 145 79 224 48 54 208 155 63 41 22 69 111 208 116 9 6
117 160 143 117 158 10 101 248 86 242 194 110 83 225 208 34 25 108 104 44 169 241 239 8 92 43 101 52 237 232 112 48
17 34 143 133 14 10 105 80 236 160 226 70 209 163 144 114 104 196 106 136 129 209 165 64 212 34 171 0 40 160 99 160
70 176 134 20 139 87 52 232 146 182 64 9 196 242 66 198 145 124 233 18 6 83 155 24 25 34 77 127 130 100 15 198
17 34 15 5 8 10 33 64 236 160 226 66 208 130 208 114 104 196 106 136 1 209 133 64 212 32 163 0 9 0 99 32
32 32 22 152 79 223 176 72 22 180 192 10 196 208 98 196 249 40 234 0 6 115 219 17 29 130 7 63 80 8 45 130
17 2 143 205 12 2 33 88 246 32 230 102 81 227 160 66 120 236 106 136 9 209 143 28 84 163 227 0 57 168 96 160
32 32 20 152 75 95 176 72 22 180 224 11 196 210 66 132 249 88 234 16 6 115 219 17 29 130 5 63 80 8 45 130
17 34 143 93 8 10 33 88 246 160 226 100 81 227 160 114 120 228 106 136 9 241 143 12 84 34 231 0 41 168 96 160
14 188 150 27 153 215 50 168 190 181 0 17 236 246 111 157 145 123 234 16 54 65 155 55 47 22 77 111 146 116 141 214
53 166 207 127 138 2 71 248 82 226 226 228 115 225 153 59 29 238 100 46 233 243 175 47 248 175 101 20 233 248 98 49
96 32 0 136 79 73 160 72 46 164 240 139 134 128 64 146 104 204 234 128 8 115 211 80 21 0 11 59 65 8 110 130
70 176 150 22 137 215 52 232 150 182 0 9 196 246 75 142 145 127 233 18 38 67 155 49 13 18 77 127 130 116 15 198
117 174 207 126 154 2 71 184 210 242 98 232 115 225 153 59 21 230 96 42 169 242 143 47 104 175 101 20 233 240 66 33
32 32 20 137 75 79 160 72 22 164 224 10 198 208 64 132 120 152 234 0 0 243 219 16 29 128 7 59 112 8 45 130
16 34 143 77 8 10 33 72 230 160 226 70 80 195 160 82 104 196 106 136 1 209 131 0 84 34 162 0 8 40 96 32
32 32 0 141 75 73 160 72 38 164 240 10 134 128 64 146 104 204 234 0 8 243 211 16 21 0 11 57 97 8 46 130
70 164 148 19 153 215 22 168 62 183 0 1 76 246 77 156 145 91 160 16 54 80 155 63 43 22 69 111 130 116 15 70
65 0 6 137 72 9 33 72 102 36 194 14 194 128 34 68 104 132 106 8 8 179 197 16 148 32 2 56 48 8 49 224
117 166 207 117 142 10 103 184 118 242 198 230 83 225 209 43 121 204 108 46 169 240 239 10 124 175 101 4 237 248 114 33
94 160 148 21 139 87 180 232 190 182 130 9 76 244 79 142 145 85 233 49 38 67 219 25 153 66 77 55 130 116 15 6
96 0 2 137 76 73 32 72 102 36 194 10 194 130 34 80 104 132 106 0 12 147 197 80 148 32 130 49 16 8 52 128
32 34 7 137 76 11 160 72 38 160 242 74 192 128 96 64 104 140 106 12 0 243 79 144 20 0 131 48 81 8 49 160
112 32 134 29 74 147 32 72 118 160 198 0 64 192 128 86 112 108 106 8 2 211 239 17 20 35 35 40 32 0 34 128
0 48 6 29 9 15 32 72 182 160 194 8 64 208 96 0 120 92 234 0 0 209 203 24 29 2 5 2 0 8 48 130
125 34 133 165 168 8 68 16 43 170 130 237 207 42 209 158 129 197 108 21 13 64 201 128 138 242 69 50 168 244 26 4
112 32 6 137 77 11 160 72 174 32 242 11 196 130 32 66 232 204 106 0 4 227 219 208 149 32 131 59 17 8 123 134
86 132 148 21 139 87 150 168 183 182 130 11 194 116 13 207 17 215 232 163 124 65 219 29 185 98 205 87 227 116 12 6
205 202 131 144 132 41 33 208 254 18 71 246 151 193 225 73 113 200 46 126 35 84 170 128 220 129 231 108 150 249 17 32
68 160 150 31 137 131 32 232 182 176 194 9 100 226 96 194 145 110 234 48 34 195 219 63 29 38 69 31 208 32 47 134
53 6 207 126 138 2 71 248 82 234 246 236 115 225 153 59 31 238 100 46 233 243 175 47 248 175 101 144 237 248 114 49
153 162 10 121 144 162 72 87 54 3 198 112 17 131 160 120 121 138 14 152 27 156 65 18 192 197 186 196 168 128 168 136
70 160 150 31 153 131 0 232 182 176 194 8 100 240 96 210 145 110 106 49 38 193 219 63 29 38 69 95 208 32 43 134
113 24 131 201 20 162 67 31 22 73 206 246 83 1 160 116 85 142 12 28 59 156 97 159 176 231 48 84 190 138 176 57
118 160 196 21 140 75 68 168 227 178 130 169 194 224 213 158 9 196 236 145 28 99 207 0 152 50 205 125 197 124 90 6
48 37 6 1 209 79 114 212 37 12 238 9 38 1 11 20 104 130 198 120 58 187 65 108 191 0 4 67 226 143 46 10
157 72 150 65 131 183 50 208 246 79 102 20 93 131 163 72 115 41 46 190 163 181 57 94 138 207 51 68 250 241 41 65
136 112 160 188 45 13 149 109 94 14 84 59 166 217 50 1 152 72 179 99 226 102 194 145 241 113 73 63 86 60 145 131
153 130 131 51 148 171 227 80 86 107 83 118 51 129 248 72 121 10 46 29 155 188 9 50 216 229 48 64 249 8 208 57
145 128 218 121 146 139 99 87 118 11 230 86 59 3 160 104 127 139 46 152 59 188 5 95 214 207 50 64 187 128 161 8
164 160 202 83 192 162 97 208 118 91 101 116 17 194 168 121 121 136 2 218 59 214 110 65 68 131 242 68 168 209 162 176
138 112 128 159 45 217 30 88 30 78 84 7 228 199 107 140 152 42 191 66 74 68 91 179 199 215 169 187 22 92 20 91
16 32 134 13 10 219 32 72 182 240 194 133 64 196 98 64 113 108 234 0 40 209 191 28 28 34 5 5 32 12 4 212
97 32 135 29 74 131 1 72 118 160 194 200 96 228 192 118 80 124 106 0 3 211 239 21 28 34 69 56 48 32 34 180
32 32 22 136 75 11 160 72 38 32 242 3 204 194 32 70 232 204 106 128 0 243 195 208 149 32 139 43 16 8 35 134
96 32 6 136 73 15 160 72 22 32 242 11 196 194 96 68 248 204 106 128 8 243 211 208 21 32 139 59 16 8 51 134
32 32 6 137 73 11 160 72 46 32 242 11 198 128 64 64 232 140 106 0 8 243 195 208 149 0 139 59 81 8 35 134
115 34 197 165 41 8 68 8 43 170 162 205 207 32 81 158 129 197 108 7 13 66 201 0 156 242 69 178 138 244 82 4
80 32 18 137 75 9 160 64 164 32 242 10 204 130 32 80 104 140 106 128 0 227 195 192 148 32 139 11 33 8 41 134
96 32 6 137 73 11 32 72 174 32 226 10 66 128 96 82 232 204 106 0 0 243 147 80 20 34 3 27 0 8 35 134
48 32 70 153 74 3 160 72 166 32 208 163 194 194 32 208 106 132 106 128 8 195 199 208 148 34 139 27 53 8 37 134
113 34 80 96 44 13 64 8 107 168 176 73 143 10 212 148 136 133 76 12 12 98 192 208 147 216 33 49 64 140 74 5
88 34 16 36 40 12 72 16 107 172 162 41 207 3 192 214 192 196 108 12 12 98 193 128 146 241 35 25 66 132 78 0
118 32 196 4 136 91 68 136 171 182 130 169 195 96 71 222 73 212 236 17 12 67 223 0 156 178 205 63 132 108 30 6
97 2 143 157 8 143 1 88 230 104 242 236 211 225 160 114 72 228 110 140 9 99 207 17 84 51 227 56 24 168 96 33
88 32 132 37 41 90 64 8 111 164 162 137 207 32 64 210 192 196 236 0 12 64 205 144 132 243 67 17 34 172 14 4
118 164 196 5 139 90 20 168 163 182 130 9 195 120 71 207 9 213 236 163 44 65 223 24 153 242 205 23 227 116 14 6
117 6 207 124 154 2 79 248 82 234 246 238 83 97 145 59 95 228 116 46 233 243 175 14 248 239 101 148 237 248 114 33
65 34 79 5 74 10 97 80 110 224 226 102 209 130 208 114 104 204 106 140 129 243 229 64 212 33 163 0 40 128 35 160
40 176 22 153 73 223 176 200 150 180 194 9 196 214 98 132 217 56 234 0 6 243 219 17 29 2 7 63 82 12 45 134
81 2 143 45 74 2 33 88 118 192 230 230 83 227 160 98 120 204 106 140 9 243 231 12 84 163 227 0 57 168 96 160
14 188 148 27 153 215 50 200 190 181 64 17 204 246 110 141 145 95 235 17 54 80 155 127 45 22 77 111 146 100 143 198
78 176 148 21 201 87 48 232 182 180 192 9 204 246 66 134 145 93 235 16 4 83 219 16 29 50 77 63 130 100 15 198
14 164 148 27 153 215 18 136 190 181 64 1 204 246 75 157 145 95 232 48 38 80 155 127 41 22 77 111 146 100 15 70
53 6 207 126 138 2 71 248 82 194 98 236 115 225 153 59 17 238 100 46 169 243 143 47 232 175 101 144 233 248 82 33
138 250 0 223 37 221 86 217 31 106 84 62 236 215 106 204 21 58 174 66 227 84 106 179 230 221 161 187 18 252 5 81
157 90 187 120 160 247 98 84 247 206 246 84 95 211 227 232 115 168 174 156 140 181 49 98 202 207 55 1 242 247 41 67
136 209 145 156 45 217 148 125 31 122 84 63 142 221 106 137 152 104 183 99 96 118 202 145 199 81 65 175 86 60 157 211
28 32 146 161 182 182 99 210 126 238 78 6 15 128 227 104 115 108 14 28 3 149 40 218 218 207 55 68 178 251 113 65
189 250 202 113 128 226 99 208 118 75 116 116 17 194 235 120 125 72 6 158 155 148 108 2 204 199 183 196 169 209 98 209
149 18 131 179 148 171 99 208 54 75 215 246 19 193 232 104 125 10 14 30 155 181 45 50 136 196 48 68 234 201 48 113
160 149 70 130 209 78 114 228 173 28 182 7 72 7 42 149 232 146 202 240 50 187 17 125 63 16 134 71 67 142 230 218
113 150 79 75 176 170 67 23 5 105 203 230 83 4 168 112 85 134 12 60 187 153 101 63 186 239 160 208 188 139 208 57
82 149 2 162 145 118 114 197 33 77 202 3 14 182 106 208 248 143 142 209 30 147 8 172 185 228 14 71 128 94 175 70
57 158 78 107 144 179 106 84 52 9 239 116 115 2 136 112 121 138 14 152 191 156 109 127 238 207 178 192 184 131 224 16
44 4 150 141 237 123 180 74 132 67 212 129 132 180 35 142 204 18 202 34 48 167 67 0 23 50 82 27 146 125 47 215
168 4 22 140 105 127 180 198 152 39 240 25 68 164 43 155 204 210 202 38 100 55 112 162 21 50 80 27 210 93 38 222
145 139 219 123 146 138 99 80 118 13 231 118 123 1 160 88 114 138 14 156 155 156 37 127 218 175 50 64 177 137 224 40
184 148 22 128 197 47 150 198 49 63 186 31 70 36 42 17 237 195 194 34 44 179 17 98 177 18 82 23 65 89 106 210
177 212 2 128 65 127 52 228 56 74 168 25 6 54 34 149 249 131 206 226 108 135 64 70 177 18 70 87 64 92 171 214
204 21 50 128 145 95 54 65 156 140 199 59 134 148 43 196 216 20 202 35 112 135 48 138 177 16 10 23 144 111 165 118
8 86 179 120 48 247 94 94 87 206 254 100 248 199 171 64 95 168 174 152 139 133 99 202 226 255 183 138 186 247 36 121
136 209 58 188 237 223 180 125 158 110 84 63 206 253 42 141 156 120 183 99 240 182 242 146 215 81 113 175 86 44 141 211
29 118 251 224 180 242 99 214 247 205 78 230 123 199 227 112 119 232 6 28 131 147 40 202 234 205 183 4 186 243 113 241
29 126 235 97 176 251 99 210 246 201 126 228 83 199 169 96 121 40 14 156 155 145 45 26 234 205 167 196 251 211 113 241
168 213 54 32 109 79 180 244 220 94 118 63 78 156 46 129 220 28 162 99 244 254 18 134 53 211 68 79 83 12 237 219
168 149 86 64 241 83 180 228 188 28 242 61 72 150 46 145 220 145 194 98 116 255 32 205 59 219 70 79 67 12 238 223
61 150 79 107 176 139 106 152 100 73 238 230 115 67 168 112 121 130 14 188 155 145 45 63 254 239 162 192 185 131 96 17
29 130 74 107 144 131 107 152 118 73 238 102 81 67 168 112 117 130 14 216 155 144 109 127 252 239 178 64 185 131 224 32
10 252 224 159 41 221 31 119 31 78 93 39 174 253 166 36 159 123 159 6 199 132 122 251 199 95 49 187 30 254 141 211
25 126 251 236 48 182 95 86 87 205 252 102 121 247 163 96 223 248 158 148 139 131 120 138 243 253 166 136 178 254 96 121
25 52 235 234 180 242 99 214 247 205 254 102 123 215 179 112 127 232 158 152 139 131 36 234 234 207 167 128 190 214 96 121
29 23 111 64 176 182 99 210 231 201 254 228 91 199 179 96 126 168 30 252 139 145 45 44 250 205 39 192 175 211 96 113
42 214 118 24 97 215 180 228 157 94 116 45 72 222 38 141 221 25 162 98 116 223 50 236 63 219 94 203 83 28 239 215
125 159 111 105 182 186 99 178 101 73 254 230 83 101 184 113 118 134 124 110 185 187 109 29 250 235 32 196 191 139 240 113
21 207 75 233 176 131 107 152 103 72 254 230 81 67 169 112 119 128 14 252 219 144 45 95 254 239 163 196 57 131 96 48
27 95 250 239 60 243 95 214 31 205 220 167 251 255 166 96 94 251 159 10 134 136 108 191 226 253 167 145 150 254 36 81
89 31 111 96 180 210 107 240 245 200 254 230 91 229 179 113 118 164 62 254 185 187 45 190 250 239 39 192 111 131 96 121
221 95 111 224 52 158 107 240 245 232 254 230 91 103 177 113 118 164 30 238 169 185 45 254 250 203 167 196 63 131 112 113
221 159 111 109 52 26 111 184 117 72 246 230 83 102 176 113 118 228 124 238 233 185 45 127 254 235 227 196 45 163 112 113
59 95 250 255 62 211 95 212 151 77 220 231 127 255 178 96 126 251 159 68 139 139 104 191 227 253 166 144 190 222 164 249
221 223 111 108 38 26 111 248 113 72 246 230 91 39 178 113 118 228 61 238 233 181 173 111 242 235 227 132 111 179 114 113
