13 156 131 147 244 2 175 244 20 91 82 247 241 34 168 73 127 74 14 94 59 250 77 162 188 134 246 192 188 216 176 249
44 94 0 171 15 157 128 80 132 58 152 103 136 16 33 207 204 176 202 131 9 34 64 160 180 65 234 178 154 31 24 147
251 185 99 3 75 200 35 192 224 81 226 152 18 156 76 242 96 158 251 210 91 18 246 34 85 41 2 72 105 5 246 242
73 191 153 145 171 252 37 151 254 95 158 116 172 166 194 198 37 70 238 16 247 77 183 227 174 101 62 250 138 84 141 95
133 79 87 223 244 170 111 21 126 3 123 208 253 227 188 112 19 111 46 78 178 176 15 119 100 190 50 64 132 211 193 160
161 240 67 19 67 205 167 224 168 66 96 141 50 212 76 144 40 130 194 70 103 51 212 99 53 0 2 40 105 28 67 214
98 255 8 18 232 201 21 246 187 127 180 124 166 2 198 29 173 130 198 0 170 74 234 117 252 18 126 251 200 80 199 255
114 148 101 92 75 95 148 248 113 250 180 15 106 124 7 63 253 212 247 34 237 99 122 157 119 250 85 159 99 124 70 255
124 170 140 23 9 156 65 160 162 156 142 8 226 98 73 210 73 230 236 88 10 218 207 33 156 35 103 17 34 38 26 8
254 20 99 46 219 78 182 96 113 67 241 159 90 124 14 145 248 247 211 167 189 183 212 175 117 103 66 91 233 47 254 214
5 12 126 91 168 189 118 144 236 26 110 64 157 210 251 106 39 3 122 94 134 20 47 113 230 153 34 8 176 211 65 129
5 128 138 136 172 24 163 194 204 132 148 130 134 224 226 6 89 64 10 92 90 41 36 226 216 149 142 61 146 104 53 96
188 253 33 59 137 217 87 245 49 118 197 152 175 20 74 181 73 138 196 67 127 158 252 162 183 209 20 59 114 94 150 254
86 120 154 2 128 107 5 198 57 119 135 157 134 38 10 92 161 134 204 18 57 147 177 98 144 22 94 23 136 81 167 116
19 143 26 136 164 34 164 230 28 26 214 242 132 34 161 205 237 198 138 129 120 171 1 232 176 50 222 10 152 120 185 141
183 192 23 184 108 66 153 204 153 18 208 146 151 138 48 105 223 153 31 53 121 199 16 194 145 178 222 92 20 24 177 160
65 12 31 147 160 172 45 51 188 91 163 112 188 99 128 123 167 35 78 140 49 208 32 77 212 146 126 0 136 192 161 161
12 215 184 139 236 89 183 244 140 110 157 46 180 102 235 34 73 194 206 250 208 35 106 224 253 5 238 253 144 123 133 241
112 3 2 168 236 96 129 72 132 12 208 99 6 130 42 192 200 128 14 161 14 3 66 128 144 32 170 187 24 72 56 135
15 139 78 201 165 114 76 142 95 148 126 130 75 11 183 252 83 204 164 250 93 240 45 220 42 251 197 69 247 254 232 4
143 165 124 9 163 24 127 186 111 86 94 129 237 238 222 117 55 75 62 238 230 16 47 241 238 121 71 133 54 246 73 196
141 94 34 67 96 60 110 114 236 2 15 84 189 131 177 242 166 2 91 46 161 135 16 234 102 125 42 8 14 247 35 152
216 82 18 128 1 94 52 84 236 14 182 127 142 2 163 93 104 129 206 226 236 35 32 192 209 177 106 151 10 124 37 247
116 18 2 128 201 124 81 80 33 106 244 104 2 22 135 60 232 140 198 34 28 147 96 192 151 16 48 159 201 45 102 247
132 205 2 147 213 128 166 228 164 26 211 82 32 34 105 67 105 202 10 202 114 51 9 227 53 0 190 73 144 91 177 168
13 204 130 146 193 0 166 230 52 18 227 18 48 34 41 201 105 194 10 202 112 219 8 96 53 2 222 0 129 115 163 136
213 77 3 130 140 32 39 196 36 18 138 2 146 32 225 66 105 198 74 74 107 7 73 226 176 0 142 28 16 91 161 8
53 72 142 131 197 10 165 198 40 51 227 18 6 32 35 79 105 206 10 210 16 251 25 224 157 34 86 0 192 123 171 136
228 109 3 2 192 40 102 196 32 18 235 220 66 2 9 152 105 202 74 222 107 19 24 98 52 0 6 96 136 83 163 144
196 193 14 187 172 136 103 132 196 17 151 146 209 194 249 202 72 98 42 218 10 37 78 241 164 145 162 72 20 155 248 32
4 130 132 179 12 136 96 137 238 21 50 66 239 194 72 66 105 195 110 144 15 96 206 241 140 208 143 108 32 8 33 4
76 8 3 185 13 160 32 0 164 16 194 3 137 194 97 74 96 32 42 130 2 1 2 209 148 224 138 8 48 13 49 130
1 0 67 219 4 160 96 4 196 19 83 210 161 130 240 238 73 42 42 158 26 184 79 224 4 152 146 64 148 203 240 172
68 0 2 144 195 152 32 65 232 1 165 24 140 210 72 126 96 184 194 160 16 19 128 64 149 0 2 107 163 2 167 164
176 64 0 160 68 2 225 70 21 23 240 151 3 12 34 73 104 136 6 161 40 186 81 128 148 162 218 4 53 8 112 216
9 146 19 163 229 208 37 212 228 95 95 102 140 150 234 239 109 10 134 130 215 147 40 208 150 193 186 135 26 94 173 245
216 130 2 130 5 144 33 69 4 21 199 146 136 2 42 196 104 2 138 136 30 139 97 193 214 97 154 83 18 12 189 68
218 40 3 16 1 88 48 70 41 70 230 25 46 6 2 220 232 134 204 132 12 159 177 64 145 32 18 3 2 4 47 94
194 217 17 162 45 196 186 128 140 89 144 103 172 158 96 194 236 19 219 195 70 9 90 225 249 16 174 154 20 9 53 91
65 1 2 153 140 52 237 3 196 11 151 22 129 130 250 207 73 130 14 156 27 33 101 192 132 148 154 8 148 72 241 4
168 136 33 202 93 20 160 208 68 8 212 66 145 17 176 229 72 24 155 218 130 7 97 160 87 105 162 8 54 140 48 138
165 136 3 138 68 66 163 224 4 8 209 2 4 2 40 64 104 136 2 147 40 175 64 238 156 32 170 88 21 11 48 168
13 49 197 145 133 208 96 23 102 217 82 230 153 150 241 236 105 170 174 152 155 152 119 208 140 193 174 192 190 12 252 244
201 64 67 171 44 160 105 20 204 80 147 210 145 130 240 106 74 0 42 142 1 5 102 208 132 209 170 8 20 155 241 224
112 2 10 9 74 91 32 64 100 36 194 2 194 128 2 84 104 140 106 136 12 211 231 0 212 32 130 1 33 8 29 192
0 0 6 137 72 11 32 72 230 32 194 10 128 128 32 64 104 140 106 0 0 243 197 16 20 32 2 48 16 8 35 128
80 32 6 9 73 91 32 72 102 36 198 2 129 128 34 196 104 140 106 136 0 211 205 16 20 33 2 1 50 8 40 128
0 32 6 1 72 9 32 72 38 0 194 8 192 194 0 64 104 12 106 0 8 211 199 16 20 0 131 8 0 8 50 128
96 32 2 129 74 9 32 64 172 32 226 10 134 128 0 16 104 132 106 0 8 243 192 64 148 32 2 48 64 8 3 134
16 0 6 129 10 11 160 64 100 0 194 2 194 130 0 64 104 140 106 136 8 129 199 64 148 0 139 24 33 8 51 128
0 0 6 137 8 3 160 72 86 32 194 2 192 192 32 64 120 12 106 12 8 241 71 16 20 34 131 0 16 8 48 128
80 0 2 1 8 9 32 0 100 32 194 130 195 130 0 82 104 196 106 136 8 209 197 0 148 32 130 16 32 8 1 0
96 32 64 1 74 9 32 64 102 32 226 8 131 128 0 80 104 140 106 8 8 210 197 16 20 32 1 40 97 0 66 128
32 32 2 137 74 11 160 72 102 32 194 10 130 128 0 80 104 140 106 128 8 227 195 16 148 0 130 56 81 8 48 128
96 32 2 8 72 11 160 72 230 32 194 8 130 128 32 80 104 140 106 0 8 195 195 16 20 32 3 56 64 8 34 128
112 32 2 5 72 9 32 64 172 32 130 8 134 128 0 80 168 140 106 0 0 195 193 64 148 32 11 48 64 8 35 132
170 132 110 65 149 82 120 47 87 230 127 7 75 234 246 113 91 238 174 176 44 248 127 202 110 219 133 69 255 236 124 94
137 62 106 97 213 61 238 115 237 6 110 84 169 171 19 150 37 34 219 46 164 180 148 202 103 253 134 1 234 244 219 132
20 158 131 179 68 192 165 240 20 158 209 102 97 99 233 75 121 224 6 170 97 87 10 237 28 130 239 140 25 106 52 131
13 204 138 211 253 153 111 245 206 151 28 18 253 227 251 226 73 98 138 60 51 120 238 234 238 223 247 108 150 254 249 232
189 252 10 18 192 108 39 240 48 70 237 221 112 102 43 145 105 194 194 238 97 151 56 98 56 7 38 8 200 115 234 209
221 140 130 150 148 64 47 226 28 134 158 2 252 98 227 195 121 226 14 170 105 15 41 235 184 6 175 16 134 122 61 104
108 223 8 178 140 232 71 149 196 22 156 6 195 98 75 195 89 194 142 242 75 2 126 160 252 145 231 29 180 251 148 96
132 52 2 17 193 148 49 81 232 18 101 20 136 195 98 80 105 185 202 176 176 22 18 194 20 193 130 107 138 4 171 146
12 0 19 185 45 225 105 66 142 20 80 131 141 194 97 202 98 32 170 144 16 1 38 208 132 208 202 40 150 93 53 224
48 0 129 163 69 64 224 69 21 53 242 131 131 44 42 72 104 138 6 133 8 186 113 192 149 226 218 16 189 8 112 216
57 28 33 101 85 95 242 112 113 72 244 78 11 56 150 181 248 192 198 106 173 179 112 174 55 255 64 50 107 45 74 215
82 16 34 18 1 120 53 71 41 71 230 29 46 22 6 124 232 147 202 145 14 159 177 224 147 48 154 3 2 68 175 94
152 133 2 145 133 240 180 199 12 87 134 18 140 2 98 197 105 130 138 144 30 1 113 193 254 1 206 87 150 76 189 70
140 138 198 155 172 184 108 134 238 23 86 180 173 226 250 206 99 74 174 24 146 92 143 243 140 241 246 73 150 221 249 132
44 6 0 139 205 249 182 64 196 78 149 11 128 8 55 203 72 168 202 98 188 34 108 170 102 69 130 41 179 223 92 198
200 152 24 146 62 140 24 208 156 88 144 123 190 22 98 193 238 147 159 194 43 15 72 227 213 17 170 152 16 8 41 89
97 129 128 160 236 80 96 7 205 89 145 82 129 34 242 98 73 130 14 156 29 10 100 128 156 208 254 72 152 10 240 116
168 92 32 219 77 248 160 82 68 26 148 98 161 17 145 237 104 0 155 138 234 38 64 173 86 73 234 160 63 205 88 160
36 22 8 137 68 32 163 66 4 10 221 50 128 18 160 100 105 130 10 139 8 163 104 231 148 32 170 64 16 41 52 164
80 32 10 128 75 9 32 64 108 0 226 10 134 2 0 208 40 132 74 0 0 35 197 64 148 32 2 17 64 8 43 128
77 201 172 210 253 217 255 244 206 213 149 8 251 229 250 166 73 226 206 92 230 107 110 191 255 223 231 121 150 158 221 224
12 48 58 145 195 132 177 80 236 77 117 22 136 210 98 89 236 169 134 144 145 146 50 192 93 4 178 234 169 1 39 211
76 82 11 152 77 240 40 64 140 201 84 66 172 198 99 203 104 169 142 144 5 2 226 192 151 81 186 169 182 93 61 240
114 150 43 18 193 220 181 215 41 95 254 93 46 158 46 56 237 147 223 129 142 11 176 225 145 49 158 131 201 84 167 223
105 152 24 184 104 40 61 226 56 90 148 42 60 7 34 89 239 131 30 142 34 3 72 237 212 17 250 184 16 136 34 73
228 146 136 128 252 28 98 144 204 73 20 114 149 130 242 226 65 128 14 16 147 44 102 162 156 209 182 104 20 9 217 128
4 14 8 131 140 169 166 210 196 0 222 226 145 35 224 66 105 2 10 10 128 48 77 162 246 5 162 16 180 203 177 128
202 184 225 147 237 248 121 222 255 87 84 149 169 198 126 77 99 106 174 144 39 92 254 243 143 83 215 239 158 204 181 255
233 140 42 177 100 184 99 242 204 88 20 18 157 130 226 114 107 192 142 22 166 22 96 166 222 217 166 237 20 137 89 209
136 22 106 177 229 188 248 82 249 94 180 23 157 142 242 249 111 42 159 12 160 39 178 198 215 219 114 232 150 140 93 243
