2 132 3 155 28 131 138 232 22 1 88 82 96 200 56 192 89 10 19 161 35 50 75 191 40 6 155 236 21 10 176 168
84 64 24 165 5 78 158 32 44 128 131 0 207 26 1 66 176 69 93 99 72 129 17 12 161 225 43 16 0 51 1 2
105 48 113 64 101 29 81 16 105 8 52 8 30 27 132 180 132 148 68 8 137 96 240 192 199 249 32 18 66 128 66 39
41 120 112 64 101 156 85 150 105 8 52 8 30 27 132 180 132 114 70 72 129 40 176 224 103 217 52 2 66 144 194 47
16 140 11 190 20 131 203 252 22 1 88 66 113 227 184 64 89 42 23 137 43 170 11 63 232 166 187 136 60 138 176 168
6 128 1 139 92 3 138 73 22 0 81 82 64 192 56 196 89 8 19 163 51 50 75 159 4 6 139 172 21 42 48 160
104 48 56 96 33 77 81 16 105 136 52 8 159 23 0 48 132 21 93 8 128 96 176 0 195 217 32 17 66 128 70 35
2 156 2 158 21 197 130 230 22 9 72 2 160 250 48 64 217 42 19 129 34 170 18 191 41 54 154 11 16 8 176 138
198 20 148 149 169 110 176 2 188 186 3 16 204 62 9 75 133 87 251 3 32 196 19 194 133 50 91 7 128 97 5 19
2 141 3 158 20 131 170 230 22 0 90 66 96 234 48 64 89 106 19 129 35 152 10 255 32 38 138 128 20 14 48 168
2 201 6 158 29 197 134 228 134 16 136 0 162 218 48 64 200 34 91 193 74 43 18 189 177 240 138 91 16 10 176 10
24 77 6 173 20 130 110 119 164 0 222 2 59 43 48 64 104 166 29 233 72 153 1 173 224 229 170 128 54 136 176 8
104 48 56 96 33 77 81 16 105 136 52 8 159 23 0 48 132 21 93 8 136 96 176 0 195 217 32 16 66 128 66 35
2 201 2 138 29 193 130 230 6 0 88 2 32 216 48 64 88 42 19 193 66 170 18 189 41 4 138 75 20 10 176 138
2 201 2 138 92 129 142 228 134 0 88 2 32 202 48 64 72 42 19 193 66 170 2 189 56 4 142 232 21 10 176 136
208 89 31 236 10 79 23 108 164 132 226 8 247 215 33 81 178 245 109 98 104 131 176 44 241 161 111 25 48 50 39 106
24 141 10 173 20 131 238 119 4 0 222 2 49 171 48 64 104 42 31 137 88 185 1 191 224 229 170 128 52 136 176 8
146 73 6 158 29 199 170 224 132 16 210 2 96 218 49 65 200 96 59 195 72 161 26 253 177 50 202 27 16 31 52 138
72 189 27 117 113 206 117 55 233 8 106 72 190 55 0 48 132 55 84 8 65 184 16 13 229 249 52 2 74 0 195 59
96 161 121 96 244 205 67 181 98 13 124 8 179 19 0 48 144 154 68 88 90 56 240 55 239 157 36 104 64 138 198 42
2 141 3 158 20 131 171 230 22 0 88 66 48 234 48 68 89 106 19 137 35 184 8 255 32 38 138 128 20 10 48 168
60 160 224 234 204 35 66 88 83 51 181 26 67 73 220 26 89 136 87 186 154 103 203 147 154 205 161 252 247 235 114 128
20 65 26 165 36 10 78 48 36 128 210 2 215 10 1 64 114 197 29 226 72 144 65 12 224 225 170 128 36 51 33 0
210 184 150 184 139 233 48 78 175 23 160 25 172 158 96 91 225 179 235 16 50 79 146 241 153 208 91 123 144 68 39 90
60 221 122 238 28 199 87 240 212 0 255 2 115 253 33 96 124 248 23 234 200 163 56 63 243 237 163 8 53 187 116 178
57 7 107 236 22 131 111 117 196 0 250 198 115 233 176 64 124 228 14 238 200 187 12 157 240 237 163 128 61 186 240 40
248 48 153 96 41 77 81 89 99 187 180 88 95 31 72 59 149 149 124 56 11 103 147 0 211 217 113 60 234 128 66 51
248 184 155 248 9 237 81 87 171 27 160 24 62 159 64 26 129 179 221 16 11 111 146 145 219 217 82 59 210 64 135 59
86 80 20 165 40 14 154 32 172 136 147 32 207 18 1 66 198 85 125 98 72 129 65 204 161 241 11 146 0 51 1 3
2 141 3 158 20 131 171 230 22 0 88 66 48 234 48 68 89 106 19 137 3 184 8 255 32 38 138 128 20 10 48 168
37 65 121 101 116 10 107 48 124 232 127 64 211 33 145 112 26 204 86 106 137 176 101 12 100 189 33 0 101 179 66 161
224 160 4 152 205 165 200 199 135 19 160 24 160 136 112 11 201 138 106 145 58 111 146 145 25 18 222 120 144 8 208 138
0 205 6 158 28 195 130 230 150 0 216 2 96 200 48 64 72 106 10 195 98 169 10 255 48 38 130 9 20 26 52 10
181 68 127 101 36 10 107 48 116 234 247 64 211 33 145 123 122 228 124 106 169 180 101 14 196 171 97 0 101 187 82 33
104 48 56 96 33 77 81 16 105 136 52 8 159 23 0 48 132 21 93 8 136 96 176 0 195 217 32 16 66 128 66 35
2 141 3 158 20 131 171 230 22 0 90 66 112 234 48 68 89 106 19 137 35 152 10 255 32 38 138 128 20 10 48 168
84 101 26 174 18 74 87 72 52 164 203 1 215 215 11 80 242 221 109 99 72 145 137 14 241 165 43 17 32 51 37 66
2 141 2 158 21 195 170 230 22 1 88 2 32 248 48 64 89 106 19 129 34 184 8 255 33 38 138 9 20 14 52 138
162 168 4 152 205 197 128 199 158 19 128 26 164 152 112 9 201 42 106 17 50 111 146 177 25 18 222 123 208 8 176 138
57 13 106 238 20 151 79 112 197 0 254 2 115 233 48 96 120 238 2 238 72 179 60 191 243 237 131 0 55 170 112 32
216 54 220 240 162 104 80 19 59 59 52 56 159 31 72 27 167 151 221 16 34 68 128 194 218 219 114 167 226 192 135 19
56 201 6 186 29 197 72 231 134 17 128 16 162 138 48 64 201 162 123 129 90 43 18 181 185 211 158 120 16 8 176 10
104 48 56 96 32 12 81 16 97 136 52 8 31 23 0 48 132 20 93 8 136 96 176 0 195 249 32 16 66 128 66 35
130 13 6 158 29 199 166 98 148 2 194 2 96 250 48 65 249 98 187 227 98 233 26 255 33 54 203 3 16 40 52 138
16 140 11 190 20 131 139 252 22 1 88 66 113 227 184 64 89 42 23 137 43 170 11 191 232 166 187 136 52 138 176 168
130 13 6 158 29 199 166 98 150 2 210 2 96 250 48 65 249 106 59 227 96 185 26 255 33 54 203 3 16 40 52 130
1 65 123 101 52 14 107 48 108 8 126 64 211 19 144 112 54 204 78 106 193 176 37 76 231 173 34 128 100 162 67 161
130 13 6 158 28 131 174 96 150 6 210 34 96 232 48 65 121 106 11 227 96 185 10 255 32 34 203 129 20 40 52 128
104 48 56 96 33 77 81 16 105 136 52 8 159 23 0 48 132 20 93 8 136 96 176 0 195 217 32 16 66 128 66 35
88 48 120 96 34 73 80 16 41 136 52 40 159 31 128 16 166 21 221 0 128 96 128 0 195 249 32 131 98 128 7 19
105 48 113 64 37 29 81 16 105 8 52 8 30 27 132 180 134 148 68 8 137 96 240 192 195 249 32 146 66 128 66 37
88 48 120 96 34 72 80 16 41 8 52 40 159 31 128 80 166 21 221 0 128 64 128 0 195 249 32 131 98 128 7 19
4 69 8 175 20 6 111 56 36 136 91 0 211 67 24 64 80 69 6 235 72 144 73 12 229 161 171 4 32 187 33 0
51 15 67 142 92 131 207 96 85 0 218 230 97 224 180 68 120 234 6 239 201 171 76 255 48 46 163 136 53 174 112 164
2 156 22 155 63 199 186 230 158 9 88 50 172 254 32 64 231 59 187 1 34 152 27 255 173 54 26 131 20 8 165 155
88 48 120 96 34 72 80 16 41 8 52 40 159 31 128 80 166 21 221 0 128 64 128 0 195 249 32 131 98 128 7 19
2 132 3 155 28 131 138 232 22 1 88 82 96 200 56 192 89 10 19 161 35 50 75 191 40 6 155 236 21 10 176 136
2 12 6 158 28 194 174 96 148 2 210 2 96 234 48 65 120 102 59 163 96 201 11 253 32 34 202 129 20 40 48 128
2 140 2 158 21 199 170 230 22 0 74 2 96 250 48 64 217 106 19 129 34 184 26 255 33 54 138 1 16 14 48 138
86 180 146 186 201 237 16 74 187 21 169 25 142 222 104 24 169 155 207 16 26 75 154 211 155 213 27 127 144 69 39 210
38 128 0 153 220 131 138 200 22 49 208 82 224 202 56 192 89 10 51 177 50 50 75 215 60 6 143 236 29 8 248 128
105 48 121 64 101 29 121 16 105 8 180 8 10 27 148 54 142 212 86 8 141 96 224 192 71 249 32 146 66 136 66 37
17 132 1 251 28 131 75 216 22 1 80 82 241 195 184 96 89 10 22 168 43 178 79 63 236 174 191 236 61 138 176 160
72 48 56 96 33 93 81 16 105 136 52 8 159 23 0 50 132 84 221 8 136 96 176 0 195 249 32 16 66 128 66 35
34 156 16 155 253 133 144 199 158 25 80 16 164 218 32 64 201 42 147 1 50 42 82 247 45 22 158 106 16 8 176 139
130 156 148 145 129 106 180 135 186 55 66 17 140 62 66 75 129 87 235 17 48 220 155 226 45 50 94 71 128 84 133 90
2 141 3 158 20 131 170 230 22 1 88 66 96 232 176 68 89 106 19 201 35 184 8 255 40 38 138 136 20 10 48 168
56 161 24 168 157 205 87 239 6 1 172 8 183 25 40 0 216 138 25 81 90 42 80 53 233 213 148 121 80 10 212 10
210 72 22 156 38 130 108 36 173 130 210 2 108 138 49 67 98 229 125 227 104 205 3 237 176 178 202 128 36 48 33 8
104 48 56 96 32 77 81 16 105 136 52 8 159 23 0 48 132 20 93 8 136 96 176 0 195 249 32 16 66 128 66 35
162 233 2 154 93 193 150 231 22 0 80 2 32 152 48 64 200 42 147 193 98 170 16 191 57 4 142 107 21 24 180 138
162 201 2 154 92 129 142 230 22 0 80 2 32 136 48 64 72 42 19 193 66 170 0 191 48 4 142 200 21 26 240 136
45 96 1 77 93 31 198 56 87 232 249 76 211 72 92 180 216 204 82 110 205 50 217 26 39 156 1 60 90 187 90 132
212 104 31 164 10 74 87 116 164 134 194 41 247 151 1 83 98 245 109 226 104 197 129 40 241 163 111 17 32 49 37 107
24 141 78 237 20 130 108 119 164 0 222 2 57 35 176 64 104 162 31 136 88 153 0 237 242 237 178 128 54 136 240 8
194 72 22 158 13 197 144 96 140 22 194 2 228 218 33 75 200 112 235 99 72 199 10 253 145 50 203 27 16 43 60 10
32 225 121 97 116 79 67 189 112 45 124 8 179 17 144 48 88 152 70 104 91 184 113 63 111 157 36 112 65 138 198 168
3 141 3 222 20 131 174 230 22 0 90 66 112 226 176 228 89 106 18 200 99 152 8 255 40 38 138 128 28 10 48 172
245 105 237 82 204 129 207 216 195 242 180 74 115 201 245 59 73 224 116 250 201 103 174 56 114 201 229 188 119 187 114 160
130 20 180 145 129 106 176 2 62 55 66 17 140 62 66 75 129 23 163 17 50 220 83 194 13 54 90 67 128 68 5 82
194 184 150 152 171 233 176 71 175 55 160 57 172 150 98 91 235 51 235 16 50 79 130 241 153 178 90 123 144 68 167 75
37 97 121 69 116 79 99 48 96 232 127 8 211 17 144 48 88 156 6 106 201 176 113 14 103 189 33 0 97 170 70 224
88 52 188 112 171 108 84 83 171 191 172 24 31 63 74 27 167 151 237 16 56 71 146 0 219 219 116 55 226 192 207 35
88 185 27 252 9 205 85 103 175 1 164 8 191 191 32 48 128 179 221 0 75 43 114 189 243 241 16 59 114 0 166 59
60 93 122 238 20 199 95 240 212 128 255 2 115 253 33 96 120 248 151 234 104 163 56 190 243 239 167 9 55 187 116 178
49 135 111 236 22 2 111 121 100 64 250 230 83 225 176 96 122 228 30 238 249 179 37 143 240 237 162 128 61 170 240 32
216 176 147 248 9 237 81 87 187 27 164 24 190 159 64 58 161 187 253 16 27 79 146 209 219 209 80 123 194 64 135 59
253 48 153 97 41 78 81 25 99 187 181 92 223 83 72 59 149 148 92 56 25 102 209 0 211 217 97 52 234 160 66 35
130 132 144 145 145 96 180 35 62 23 74 17 140 46 2 73 129 19 131 17 52 220 1 199 45 22 94 67 128 68 141 70
3 141 3 222 20 131 174 230 22 0 90 66 112 226 176 228 89 106 18 200 35 152 8 255 40 38 138 128 28 10 48 172
37 1 121 69 116 10 107 56 117 232 127 72 211 1 153 52 90 204 86 106 201 176 101 14 100 172 33 4 103 187 66 161
245 32 97 110 12 3 75 216 194 208 177 78 83 193 249 58 88 192 92 238 137 99 174 56 144 136 225 188 125 187 114 32
18 77 6 158 28 195 130 224 148 4 218 34 96 202 49 64 88 234 142 195 72 139 10 255 176 166 138 25 20 11 52 10
109 68 255 101 36 42 107 48 116 234 119 72 211 97 145 123 58 228 108 106 169 244 101 10 198 235 97 4 101 251 82 33
104 48 56 96 32 77 81 16 105 136 52 8 159 23 0 48 132 20 93 8 136 96 176 0 195 249 32 16 66 128 66 35
3 141 3 222 20 131 170 246 22 1 88 66 112 232 176 228 89 106 18 203 35 184 8 255 40 38 138 128 28 138 48 168
84 1 24 166 58 74 83 56 36 164 143 169 215 71 11 80 114 213 109 226 72 129 193 12 241 229 41 17 32 179 36 99
2 141 2 158 21 195 190 230 22 4 90 2 96 250 48 64 89 122 147 193 34 184 10 255 33 38 138 3 20 14 52 138
248 112 184 240 9 205 80 80 171 63 165 25 15 155 72 27 129 145 205 16 10 103 146 144 211 217 80 127 98 1 78 3
97 160 124 90 109 189 240 219 235 25 53 24 10 217 220 63 143 130 70 24 150 107 234 241 31 152 81 110 195 136 194 167
57 13 106 238 85 199 199 112 212 0 252 2 115 233 48 96 120 234 2 238 72 171 60 191 115 237 130 9 115 170 112 162
218 54 212 240 170 40 28 23 59 51 162 185 143 63 64 27 167 151 253 144 50 77 146 194 218 211 94 254 166 192 135 19
0 141 1 143 52 171 171 59 28 32 90 66 240 99 176 68 88 110 18 234 17 152 73 127 36 54 171 192 20 170 144 168
245 98 197 106 204 3 78 216 67 178 177 78 83 193 221 187 89 196 116 250 139 103 207 48 16 136 229 188 253 187 114 160
104 48 56 96 32 77 81 16 105 168 52 8 159 23 0 48 132 148 93 8 136 96 240 0 195 249 33 48 66 128 66 35
2 12 38 157 29 199 182 98 212 22 210 2 96 248 32 65 216 118 171 163 96 225 27 253 49 50 203 3 17 40 60 130
17 132 9 187 28 131 107 216 22 1 88 66 241 195 184 96 89 10 22 168 43 178 75 191 252 134 191 236 61 138 176 168
2 12 6 159 29 199 182 96 148 6 210 2 96 250 32 65 216 118 171 163 96 241 27 253 49 50 203 3 16 104 60 2
17 132 1 187 28 131 74 216 22 1 80 82 113 195 184 224 89 10 22 168 43 178 75 191 188 134 191 236 61 138 176 136
217 81 127 101 54 14 111 112 108 168 118 0 83 17 176 113 54 212 108 106 193 177 33 12 247 233 37 128 101 186 66 33
2 14 6 159 28 130 174 96 148 134 210 35 96 234 48 65 120 102 171 163 96 241 11 253 48 34 203 129 20 120 60 0
104 48 56 96 32 76 81 16 105 136 52 8 159 23 0 50 132 84 93 8 136 96 176 0 195 249 32 16 64 128 70 51
88 50 120 224 35 73 88 16 41 168 52 168 159 31 192 16 166 149 221 0 128 96 128 192 210 217 35 179 98 128 7 19
105 48 113 64 101 29 121 16 105 72 180 40 10 27 148 182 142 212 214 8 141 96 224 192 71 217 32 146 66 140 74 37
90 50 120 224 34 88 88 16 45 136 52 168 159 31 128 16 166 149 221 0 128 64 160 192 210 249 34 131 38 128 7 19
105 48 113 64 101 29 121 16 105 8 180 40 10 27 148 182 142 212 86 8 141 96 224 192 71 217 32 146 66 136 66 37
130 133 3 189 146 32 165 167 28 3 8 81 180 34 32 64 129 19 3 1 113 8 0 67 44 38 62 0 136 80 129 10
35 143 67 142 95 147 202 238 87 0 216 226 96 232 180 196 88 234 2 205 175 171 77 255 52 54 138 138 63 142 112 140
2 158 22 159 62 195 186 230 158 5 218 163 236 254 32 64 231 123 191 129 34 137 11 255 164 54 26 147 20 12 37 91
88 50 120 224 35 73 24 16 41 168 52 168 159 31 192 16 166 149 221 0 128 96 128 192 210 217 35 179 98 128 7 19
38 160 0 153 220 131 138 200 22 49 208 82 224 200 120 192 89 10 51 177 51 114 75 151 60 6 143 236 29 8 248 128
66 14 6 158 12 130 172 96 148 6 210 2 104 234 48 67 120 101 59 163 96 193 11 253 20 34 203 129 20 104 49 0
38 160 1 153 220 147 138 200 22 49 208 82 224 200 120 192 89 10 19 161 51 114 75 151 60 6 143 236 29 8 184 128
2 140 2 158 21 199 178 230 22 1 72 2 160 250 48 64 217 106 19 129 34 186 26 255 41 54 154 11 16 8 52 138
39 162 12 153 220 131 170 200 22 48 208 66 224 200 122 64 89 136 51 177 54 114 79 215 60 6 143 237 157 8 120 132
39 162 4 153 220 131 170 200 22 48 208 66 224 200 120 192 89 136 19 177 54 114 79 151 60 6 143 237 157 8 120 132
53 130 73 187 156 131 75 216 86 33 80 82 243 195 184 96 89 138 6 188 59 178 79 191 172 142 175 100 61 136 240 160
104 48 56 96 33 77 81 16 105 136 52 8 159 31 0 52 132 20 221 8 136 96 176 128 195 217 32 18 66 128 66 35
34 176 24 153 236 141 176 143 30 57 80 56 172 152 72 8 205 27 51 17 18 120 67 241 13 18 30 254 208 8 145 139
97 48 121 64 108 29 248 16 105 232 180 104 154 25 214 50 206 212 94 8 133 98 244 192 22 216 1 50 71 136 66 165
80 48 120 225 34 8 56 80 45 160 182 169 159 31 64 18 166 213 253 0 0 64 145 64 215 249 43 178 100 128 7 19
90 56 120 225 35 8 56 80 45 164 182 169 143 31 68 18 166 213 253 128 0 64 145 192 215 249 11 178 102 128 7 19
18 6 6 157 12 130 174 104 148 130 210 199 64 234 48 195 124 100 42 167 100 241 11 205 176 34 207 128 29 120 56 0
198 72 150 156 79 36 188 66 188 130 210 18 108 234 49 75 230 245 59 195 32 199 146 232 21 34 218 138 5 113 33 9
104 48 56 96 33 93 81 16 105 168 52 40 159 23 64 52 134 148 221 8 136 96 240 128 195 249 33 176 66 128 66 35
162 205 30 154 93 197 150 229 158 20 80 18 36 216 32 65 200 59 147 193 98 47 26 191 49 16 158 107 85 24 181 138
162 201 66 154 93 133 142 229 148 0 80 2 32 200 48 65 72 42 19 195 98 171 26 191 49 0 142 104 21 26 240 136
254 20 234 228 66 102 121 80 49 230 247 147 31 15 211 91 126 157 149 190 40 150 177 130 211 233 170 133 39 224 38 115
194 176 24 160 42 137 56 2 171 53 48 185 140 158 68 16 166 19 223 16 18 13 144 215 141 208 26 251 16 0 7 83
53 130 64 187 156 131 74 216 86 33 80 82 241 195 248 192 89 10 34 156 59 50 79 191 140 142 175 108 61 136 184 128
2 4 22 157 13 195 180 104 156 6 210 3 236 250 32 195 248 116 235 35 108 225 27 221 177 50 203 3 16 120 60 2
154 141 102 252 20 130 108 119 165 0 222 2 41 139 48 65 106 163 31 201 248 137 2 237 178 235 186 128 55 136 240 8
53 131 73 235 156 131 75 216 70 33 88 66 241 195 248 96 89 10 38 220 27 50 79 189 236 142 175 204 61 138 176 160
2 12 22 157 13 199 180 110 220 6 194 3 228 250 32 195 232 114 235 33 108 235 19 253 177 50 219 3 16 120 60 10
72 48 120 96 33 93 81 16 105 168 52 40 159 23 0 48 134 149 221 8 136 96 240 0 195 249 33 176 98 128 67 35
104 48 56 96 33 93 81 16 105 168 52 40 159 23 64 52 134 148 221 8 136 96 240 128 195 249 33 176 66 128 66 35
34 140 26 155 85 197 178 230 158 13 72 2 164 248 32 64 217 122 147 1 34 186 90 255 45 54 158 75 16 8 181 138
198 16 148 149 41 106 176 10 190 191 3 17 204 186 72 203 163 21 235 17 36 197 147 192 5 50 90 7 128 100 13 7
88 185 31 252 41 205 85 103 171 25 160 8 190 183 64 50 128 179 252 0 75 107 242 117 243 241 16 59 88 0 135 59
188 93 122 238 22 198 79 240 212 128 255 2 115 247 177 96 124 248 31 234 233 163 56 190 243 239 167 0 55 187 116 48
177 199 79 238 22 2 111 121 84 0 251 230 83 99 184 97 122 228 30 238 233 183 13 143 242 171 162 128 61 186 240 32
39 162 12 153 220 147 170 200 22 48 208 66 224 200 122 192 89 136 18 177 54 114 79 215 60 6 143 237 157 8 120 132
88 176 147 248 169 253 80 87 187 27 180 56 190 151 64 188 165 155 221 16 27 79 146 211 219 221 50 251 154 4 143 59
66 10 134 159 12 2 172 104 188 146 210 199 104 234 48 194 120 101 43 163 32 209 139 237 20 35 207 1 20 120 57 0
3 141 3 158 20 131 174 238 86 1 88 70 112 226 180 228 89 106 18 203 227 186 28 255 40 46 138 8 29 10 48 172
61 65 97 69 116 10 111 56 101 224 127 64 211 1 157 180 122 204 86 106 201 176 101 14 100 172 161 4 111 187 66 160
97 48 121 64 108 29 248 80 105 232 180 104 154 24 212 48 206 132 86 8 133 98 228 192 22 216 33 50 71 136 82 197
90 48 112 225 34 8 120 80 45 140 182 169 143 31 64 82 166 213 253 128 0 64 129 192 214 249 43 146 38 132 7 83
77 12 255 101 36 46 107 16 108 234 119 64 219 97 145 122 58 228 108 106 137 180 101 8 198 239 97 0 102 243 66 33
3 141 3 222 20 131 174 238 86 1 88 66 112 226 180 228 89 106 18 202 227 186 28 255 40 46 138 136 29 10 48 172
3 141 3 158 20 131 174 230 22 0 90 70 112 226 180 228 121 106 18 201 163 152 14 255 40 46 138 128 28 10 176 140
92 99 24 164 56 10 95 56 36 164 143 169 215 7 11 80 54 213 109 226 72 1 193 12 243 229 33 149 32 163 12 67
130 141 14 158 22 195 182 230 150 5 88 163 96 234 32 64 89 123 131 193 34 184 10 255 40 38 142 67 20 8 188 138
124 112 152 112 41 77 80 80 163 190 165 9 31 155 73 27 128 145 205 82 74 103 210 0 211 217 113 63 98 1 78 3
253 96 101 78 12 19 75 216 66 242 181 78 83 65 249 191 88 196 92 238 169 103 173 24 210 201 225 60 127 187 114 32
101 160 113 90 108 189 248 200 235 121 177 72 138 218 220 186 207 129 70 24 150 99 250 209 31 24 17 126 195 139 67 133
56 13 42 238 93 199 198 103 215 12 252 2 115 249 48 64 216 170 2 104 106 171 80 191 115 239 129 9 115 10 124 138
82 185 220 178 170 169 60 135 175 17 160 137 143 191 64 91 167 211 123 144 18 72 154 240 159 211 94 122 196 208 135 8
18 155 62 157 62 195 186 231 142 68 210 167 164 254 32 64 230 51 191 193 2 137 3 253 180 54 138 131 20 40 37 91
117 237 72 78 204 3 198 248 195 178 185 202 83 232 253 51 89 198 68 238 232 35 142 58 58 136 165 60 117 251 242 0
37 161 113 65 244 79 99 57 115 105 127 72 211 21 156 52 24 156 70 122 155 176 121 28 109 156 37 100 99 138 198 160
24 153 19 254 83 204 53 103 173 1 104 8 190 183 32 244 162 59 72 0 83 169 50 77 241 245 18 10 74 0 163 58
70 72 22 156 13 35 176 64 140 142 195 3 196 218 33 202 232 53 235 163 12 167 3 192 145 50 203 11 16 41 61 2
84 74 222 164 34 74 87 16 36 166 230 169 87 135 1 90 54 245 109 226 72 213 129 42 209 167 97 1 32 243 38 99
37 107 40 5 124 31 206 186 91 168 44 76 147 8 215 176 153 204 66 110 204 50 221 62 46 93 5 60 88 189 90 132
216 88 126 101 36 14 123 112 228 168 246 2 95 81 161 113 54 244 124 234 192 181 49 12 243 233 97 128 97 177 98 33
45 165 17 67 212 47 99 216 87 41 121 72 211 81 216 36 89 10 18 56 155 48 121 22 77 156 161 100 218 203 208 160
104 48 56 96 33 77 81 16 105 168 52 8 159 23 0 48 132 148 93 8 136 96 240 0 195 249 33 48 66 128 70 51
3 141 3 158 20 131 174 230 22 0 90 66 96 234 48 228 121 106 19 203 35 152 26 255 40 38 142 64 28 10 176 140
97 48 121 68 109 29 248 16 105 224 180 72 154 25 84 50 206 212 94 8 133 98 244 194 23 252 1 50 71 136 66 132
2 156 188 147 137 232 180 135 190 23 66 17 140 62 66 75 129 87 171 17 50 216 91 226 45 51 94 71 128 84 133 90
61 201 111 207 148 18 239 252 100 192 246 198 115 96 186 96 122 228 62 238 201 179 45 173 118 171 231 128 111 186 112 120
35 139 66 141 93 147 138 231 79 1 216 231 40 232 180 196 218 171 130 197 15 186 70 253 62 54 138 139 31 12 120 140
130 133 128 145 145 240 180 39 30 23 74 17 140 46 34 72 129 19 163 1 54 92 2 215 45 22 94 67 144 68 141 70
50 73 14 190 28 130 66 96 149 4 219 2 97 202 33 64 88 242 46 226 72 139 10 189 176 166 138 25 52 11 52 2
125 50 152 97 40 62 81 25 97 184 181 108 223 83 201 186 148 132 108 56 153 98 249 0 195 201 97 180 234 162 74 35
245 105 239 84 204 129 207 244 195 192 180 74 115 201 245 51 72 224 80 202 201 99 174 56 114 137 197 56 117 251 114 232
53 130 73 185 220 131 106 216 86 32 80 194 243 195 184 64 121 136 6 156 11 242 79 159 156 142 167 108 61 136 112 160
104 48 48 100 101 92 81 16 105 8 52 8 159 31 0 52 132 20 220 8 137 96 176 192 199 249 32 2 66 128 66 35
34 176 21 153 236 141 176 143 30 57 16 120 172 152 88 0 207 27 115 17 18 120 67 209 13 16 30 254 212 8 145 139
14 140 188 179 137 232 180 167 190 55 2 17 172 190 66 75 129 87 235 17 54 216 219 227 237 119 95 67 128 84 141 90
3 140 7 159 93 135 174 236 150 1 218 2 96 234 56 197 121 106 27 139 39 139 31 255 33 38 155 8 29 8 48 140
118 231 224 6 221 83 214 232 195 166 188 139 67 104 127 146 89 198 197 227 108 35 204 190 58 78 133 63 119 127 254 70
70 4 155 149 194 98 185 67 60 131 74 147 28 190 113 74 119 127 51 149 48 212 144 194 93 38 223 128 133 97 49 146
54 166 104 11 214 179 155 232 86 69 89 167 65 236 190 0 93 138 131 181 150 178 111 183 78 6 187 237 245 143 92 215
162 204 14 158 77 197 149 236 148 22 81 18 224 216 57 73 217 57 3 163 98 167 26 191 65 2 218 11 17 24 52 138
50 135 106 174 150 195 159 105 20 69 217 231 97 108 190 64 94 131 135 167 254 139 45 159 104 39 170 211 53 14 180 223
41 169 104 5 93 221 197 39 67 228 172 9 163 8 86 16 8 174 66 29 76 122 244 28 111 93 149 49 81 142 210 204
84 58 218 229 114 42 123 16 33 132 238 165 87 231 1 80 54 253 109 234 8 146 129 40 213 165 33 128 160 243 38 35
66 0 151 145 134 162 168 3 46 17 66 82 140 2 112 74 98 7 43 145 18 216 129 192 12 50 218 64 140 0 161 0
73 161 18 90 81 156 112 103 233 17 109 8 62 243 0 180 160 42 74 8 19 41 146 117 151 253 16 74 74 2 235 10
37 161 113 65 244 75 231 57 101 168 123 104 211 17 156 180 58 156 70 106 217 176 109 28 45 140 37 84 99 170 198 161
45 1 113 69 84 95 227 57 101 224 250 74 211 24 149 164 120 140 18 104 201 178 117 12 37 172 1 4 107 168 82 164
80 249 157 176 138 205 85 199 170 53 160 9 151 191 64 18 163 211 109 80 90 107 146 33 249 193 54 125 224 16 167 10
104 185 29 120 233 205 81 103 171 25 172 24 62 183 64 50 129 179 126 0 26 75 210 117 219 217 18 123 82 0 131 43
188 93 126 254 23 195 95 248 213 128 246 2 123 253 49 97 122 248 159 234 104 163 60 190 243 239 135 9 55 187 116 34
181 6 79 238 150 34 79 122 84 66 251 246 83 97 184 97 123 230 30 238 249 183 125 14 240 171 163 0 61 235 112 32
26 179 144 248 185 249 16 87 175 89 181 120 174 159 72 188 135 155 221 16 27 11 162 209 155 213 50 251 154 4 175 59
125 51 216 97 40 31 81 25 97 168 191 108 223 19 202 58 150 148 76 56 153 48 225 0 198 221 33 244 234 162 74 3
61 65 97 69 116 27 235 120 101 224 126 74 83 1 157 180 122 140 22 110 201 176 101 12 38 172 33 4 111 186 82 164
52 195 70 174 28 129 83 232 135 4 217 163 99 200 41 64 88 232 15 227 74 35 10 189 176 224 131 25 52 27 52 10
77 1 242 103 36 62 107 16 105 136 127 72 219 115 145 244 54 228 108 106 137 176 165 200 198 253 35 4 238 227 66 33
131 141 7 222 20 134 174 226 212 2 90 70 112 226 180 229 120 106 26 235 225 155 30 255 32 46 138 128 29 168 56 172
124 99 120 100 40 77 87 120 225 172 180 40 91 23 193 23 10 212 68 106 72 35 224 12 243 217 33 60 98 187 70 35
4 161 17 67 100 205 161 72 126 169 121 64 212 209 76 44 147 25 18 25 19 176 202 81 13 28 19 110 192 2 67 161
32 153 57 218 124 197 131 109 198 13 124 2 242 217 60 100 216 58 2 72 82 170 122 189 109 60 130 8 81 10 212 170
233 224 173 126 13 149 69 31 82 83 164 88 179 113 88 187 73 130 120 12 235 110 243 49 195 219 208 56 83 216 210 40
210 223 12 190 138 64 6 172 144 134 129 243 97 118 171 67 117 242 189 226 108 71 14 47 184 34 253 155 53 118 188 91
53 205 233 102 158 35 70 232 82 162 168 138 83 104 189 48 89 198 100 238 88 227 13 46 58 142 229 60 229 251 242 0
2 12 150 159 21 194 164 102 156 134 210 3 228 250 32 65 232 103 42 129 36 249 19 236 53 50 218 3 16 120 61 142
53 165 73 232 220 131 203 216 86 161 216 202 241 195 248 96 89 170 34 252 27 50 79 151 188 140 175 108 253 138 112 160
88 0 150 189 13 66 180 104 180 134 194 3 197 242 32 195 248 117 234 163 44 193 147 140 145 243 206 3 16 124 61 2
53 162 0 185 204 131 232 200 86 176 208 66 195 193 120 192 89 136 34 156 26 114 79 145 156 130 135 108 189 136 120 128
220 88 127 101 34 110 114 80 117 170 242 96 31 31 1 219 38 181 253 234 169 245 177 8 211 235 97 0 99 161 99 51
81 2 134 188 12 2 172 104 148 2 210 199 193 234 176 194 124 228 110 167 172 227 79 204 144 34 235 128 29 120 56 4
2 184 25 153 236 141 177 143 30 57 80 112 188 156 96 64 199 27 51 17 19 120 67 247 77 22 62 234 156 8 129 187
30 140 148 189 153 198 150 174 190 158 130 49 236 238 3 75 129 119 233 1 118 201 139 255 169 247 95 23 128 116 141 78
19 132 13 155 29 199 138 232 150 17 192 2 224 120 56 97 217 66 123 169 43 225 91 253 169 34 223 94 17 8 48 142
46 190 252 94 253 215 151 254 147 255 124 47 106 253 238 38 221 250 167 3 158 107 186 187 123 95 5 191 215 126 244 247
18 164 139 177 214 98 169 71 62 131 74 146 157 191 112 72 119 63 51 153 50 216 145 194 237 38 158 192 165 64 181 170
160 4 15 191 77 103 129 107 22 6 81 19 240 249 57 73 217 57 35 163 32 182 91 155 69 182 218 13 17 104 52 162
30 242 177 186 58 225 187 216 30 81 89 231 93 223 233 200 127 89 151 211 147 1 14 245 72 7 171 238 157 159 53 241
130 36 82 241 195 105 108 71 57 51 112 26 12 27 68 29 171 155 7 144 48 222 0 214 23 154 210 103 225 80 231 130
120 177 161 64 93 221 195 111 67 233 173 9 50 157 84 52 216 190 211 16 11 43 249 21 91 220 145 123 195 14 86 254
84 1 91 165 242 14 107 48 48 160 107 197 87 3 1 80 54 237 93 126 17 144 145 76 252 165 39 196 40 163 35 17
41 160 106 66 85 253 67 4 99 69 237 8 162 193 94 52 216 170 66 28 30 58 240 49 71 221 16 121 195 11 214 230
9 142 86 251 50 184 59 55 124 13 95 228 253 35 170 228 103 35 46 12 146 152 45 231 204 255 186 192 166 130 169 41
53 193 113 65 54 91 226 184 108 160 123 104 211 17 140 164 58 220 70 106 209 176 109 12 44 140 33 68 99 171 66 161
53 97 98 13 84 31 194 120 69 224 244 78 83 72 183 164 88 140 22 109 205 178 85 28 22 44 1 52 127 170 90 132
92 168 158 181 40 200 25 144 174 20 130 1 255 215 73 82 166 53 237 64 10 65 138 25 201 225 107 57 0 34 7 3
96 169 31 90 121 205 113 71 235 25 108 24 62 155 100 48 128 187 66 24 18 107 242 117 223 217 16 107 210 0 198 170
188 76 110 222 31 214 95 112 149 130 230 2 123 255 49 101 120 244 187 234 104 247 59 172 115 235 199 1 55 187 116 34
165 12 79 221 84 39 73 186 84 2 226 146 83 97 48 105 89 230 58 174 57 254 85 31 85 174 195 4 53 233 112 32
66 179 25 248 58 217 24 87 175 89 181 253 174 158 204 244 134 27 223 16 151 11 34 209 154 213 58 251 154 4 143 31
57 1 99 77 84 27 235 112 101 224 254 78 83 8 151 180 122 172 22 236 205 178 101 142 54 44 161 0 111 170 122 164
60 195 65 234 30 193 86 248 135 0 253 106 115 209 41 192 88 216 143 98 74 35 10 189 243 197 165 61 55 187 116 131
221 97 210 71 151 30 122 80 121 128 111 66 95 123 13 244 54 252 72 122 144 176 153 202 247 253 7 4 235 179 75 0
131 140 7 223 20 135 174 232 212 2 210 66 112 226 176 229 121 98 58 234 97 249 31 255 37 42 203 0 29 40 120 172
45 85 115 77 116 31 231 120 85 232 125 70 83 80 191 164 56 236 22 110 205 176 61 14 38 44 33 4 127 191 90 165
181 199 69 31 140 19 207 189 86 115 137 214 83 96 154 167 89 198 32 239 255 110 111 63 40 14 245 212 125 254 240 116
84 127 218 50 138 160 23 216 130 222 189 239 81 247 233 27 63 243 100 242 136 67 142 40 248 129 237 188 229 243 38 115
35 161 49 203 60 205 130 232 78 73 89 66 166 216 60 100 216 10 18 81 215 42 106 189 173 20 10 122 84 10 85 172
116 247 201 34 186 99 6 252 18 254 185 238 83 96 201 18 59 194 68 114 251 99 205 63 184 134 101 188 253 251 214 81
38 189 240 222 251 213 158 238 155 141 124 171 108 253 236 36 151 123 179 18 146 104 170 255 47 30 13 235 215 254 132 255
0 4 139 189 149 102 161 79 22 15 91 18 212 243 40 72 217 30 35 177 56 182 65 130 197 166 218 5 144 104 180 162
229 242 104 65 124 57 75 152 75 248 53 108 147 89 223 54 27 204 84 126 139 100 239 19 78 25 37 188 78 171 82 229
6 174 19 147 210 169 174 199 60 11 120 87 140 35 40 24 43 11 2 146 50 152 8 247 52 4 158 102 152 83 163 138
37 52 105 72 236 63 197 25 65 106 245 124 146 12 151 61 156 136 86 46 189 34 116 28 6 24 33 188 218 248 210 245
132 2 87 69 114 11 99 48 44 160 115 204 211 3 137 21 54 20 70 106 97 176 25 76 4 136 33 4 106 163 67 161
90 16 158 188 11 68 24 10 175 189 131 17 143 151 66 91 166 21 237 0 8 77 147 16 217 243 90 19 32 0 37 11
32 168 126 90 121 237 113 71 235 17 173 24 62 147 68 50 137 50 66 16 18 43 210 117 95 153 16 123 208 0 198 170
56 72 110 220 77 214 123 96 197 134 231 2 121 255 53 99 120 244 187 234 72 231 51 204 83 235 195 17 51 43 116 42
33 12 135 221 76 167 233 34 212 147 226 18 209 33 53 107 73 166 122 12 57 248 87 140 77 190 210 64 145 233 112 40
67 179 17 184 58 141 56 19 175 89 176 253 188 158 204 112 134 27 223 17 151 9 226 213 156 208 58 250 24 128 131 213
51 33 99 76 84 83 235 120 69 224 252 206 114 200 183 164 120 168 22 111 205 163 100 220 50 44 129 176 127 174 114 244
188 205 90 250 222 145 71 248 87 6 245 58 115 209 169 165 89 218 134 106 106 39 40 191 250 205 165 125 119 185 248 160
37 7 101 77 236 59 204 27 75 234 188 236 147 44 149 188 31 132 86 45 173 48 101 26 6 30 97 180 223 237 82 245
137 22 85 101 34 42 57 55 61 106 118 244 191 55 128 125 38 23 68 40 161 156 97 78 196 247 112 128 42 192 131 121
226 34 16 168 105 201 16 73 171 25 161 105 174 194 96 148 200 185 206 16 10 7 194 209 148 144 10 123 16 4 47 7
82 0 150 182 11 228 16 2 175 55 131 25 238 179 66 91 161 247 109 144 12 77 147 96 209 178 90 91 128 5 37 2
96 176 23 122 121 205 177 70 235 29 160 56 174 211 76 31 137 59 74 16 18 107 146 117 77 144 16 123 192 1 199 171
120 24 54 252 77 246 80 96 133 128 231 3 96 251 37 203 232 180 235 162 8 163 19 204 83 243 194 27 19 43 124 130
104 8 135 221 13 237 225 6 198 145 226 16 242 177 48 238 201 38 106 8 25 248 83 16 13 190 210 16 144 72 80 42
195 184 17 185 104 141 185 83 174 89 16 212 188 150 96 112 134 59 95 133 211 13 178 213 141 152 26 234 24 0 131 249
219 240 113 161 51 89 123 20 105 96 54 173 159 31 210 180 38 157 213 100 207 60 245 199 246 217 34 178 111 132 3 125
169 3 111 85 100 15 225 113 229 252 118 82 147 8 148 47 104 172 102 232 224 252 103 204 71 43 224 0 103 136 116 236
