104 48 56 96 32 76 81 16 105 8 52 8 159 23 0 48 132 21 221 8 136 96 176 0 195 249 32 16 66 128 66 35
130 133 16 145 128 32 180 39 28 3 74 17 132 34 32 65 129 19 3 1 112 92 0 66 44 22 30 66 144 64 129 2
104 48 56 96 32 77 81 16 105 8 52 8 159 23 0 48 132 16 93 8 136 96 48 0 195 217 32 16 66 128 66 35
41 132 112 81 244 159 248 55 125 105 246 24 171 41 148 52 223 174 70 24 189 184 101 223 110 255 20 80 199 136 210 45
2 141 2 158 20 131 170 230 22 0 90 2 96 234 48 64 89 106 19 129 2 184 8 255 32 38 138 128 20 14 48 136
3 141 3 158 20 131 170 230 22 0 90 66 96 234 176 228 89 106 19 137 3 184 8 255 32 38 138 128 28 10 48 172
105 32 120 64 101 29 248 16 105 8 180 8 138 27 148 54 142 196 70 8 133 98 224 192 71 217 0 18 66 136 66 37
104 48 56 96 33 77 81 16 105 136 52 8 159 23 0 48 132 20 93 8 136 96 176 0 195 217 32 16 66 128 66 35
53 132 9 187 220 131 203 216 22 33 80 82 113 193 184 96 89 10 23 169 43 178 75 183 252 134 175 236 61 136 176 160
2 140 2 158 21 199 146 230 30 13 90 2 228 250 48 64 217 122 147 129 34 168 90 255 33 54 154 11 16 14 52 138
16 157 19 255 20 231 43 119 20 1 90 66 245 247 32 96 92 58 18 136 19 152 17 191 225 166 170 64 56 10 177 56
130 20 148 145 35 106 56 2 190 63 66 49 140 54 64 75 167 23 179 145 48 220 19 194 13 50 90 71 128 68 5 83
25 141 11 254 20 131 239 242 20 0 222 66 113 227 176 96 88 234 23 202 9 185 8 191 224 167 170 128 60 138 48 168
2 205 2 158 20 131 170 230 22 0 88 2 32 200 49 64 88 106 19 195 98 152 10 255 32 38 138 128 20 27 48 136
2 233 18 153 215 197 182 231 30 5 88 3 172 158 38 68 248 59 131 209 86 58 18 255 45 20 158 107 18 12 173 142
17 207 66 140 86 130 238 119 228 0 218 230 113 162 180 100 122 174 22 237 201 185 4 239 48 44 162 128 61 154 240 140
104 48 56 96 32 76 81 16 105 136 52 8 159 23 0 48 132 20 93 8 136 96 176 0 195 249 32 16 64 128 66 35
8 157 82 252 117 198 252 119 149 8 250 2 41 187 36 64 232 186 151 128 88 187 16 207 51 253 146 2 55 136 240 138
17 201 59 232 21 197 111 228 78 64 124 2 191 151 48 96 248 58 18 72 67 186 48 189 225 217 6 72 16 26 225 232
130 148 148 145 129 110 180 135 190 183 66 17 204 62 72 75 129 87 235 17 48 220 19 226 13 50 94 71 128 116 133 82
80 121 19 252 9 205 23 108 175 128 160 8 190 215 33 80 160 241 111 64 75 75 186 121 241 241 7 59 16 48 39 42
56 77 122 238 93 199 83 112 197 4 237 2 115 221 33 112 120 248 151 234 72 163 58 191 243 237 128 25 115 171 116 34
105 2 121 69 100 62 105 18 105 168 118 72 155 11 149 55 14 164 68 44 137 180 229 200 70 249 96 0 79 160 66 45
2 140 0 187 87 161 176 207 30 17 64 211 172 202 32 200 217 43 131 145 54 156 66 247 140 22 154 107 152 12 169 138
60 69 110 236 20 19 78 248 197 128 255 2 83 233 185 96 120 228 31 234 200 179 45 156 242 237 163 148 119 187 112 0
24 141 10 191 20 162 75 119 20 1 222 2 241 99 176 64 88 42 6 136 26 152 73 63 228 231 162 192 52 138 176 168
2 141 3 158 20 131 170 230 22 0 90 66 112 227 176 196 89 106 19 137 3 184 8 255 32 38 138 128 20 10 48 168
88 56 151 240 11 237 81 71 171 19 160 24 190 151 96 59 163 179 205 16 11 79 178 241 217 209 82 123 130 64 135 58
72 48 56 96 33 77 81 16 105 136 52 8 159 23 0 48 132 21 221 8 136 96 176 0 195 249 32 16 66 128 67 35
126 176 146 250 201 237 16 74 191 23 161 25 174 223 104 24 129 187 207 16 26 79 218 211 155 213 27 123 210 69 39 18
20 65 24 165 36 10 79 56 36 160 211 2 215 11 25 64 114 197 29 227 72 144 73 12 224 225 171 148 36 179 33 0
3 141 3 222 20 131 170 230 22 0 90 66 112 226 176 228 89 106 18 136 35 152 8 255 32 38 138 128 28 10 48 172
104 181 56 97 112 15 115 184 121 8 126 8 223 115 8 48 148 86 87 40 128 176 185 31 239 255 37 68 66 130 194 163
92 64 28 165 36 14 94 56 172 136 147 0 223 10 9 66 246 85 93 99 72 129 65 12 224 225 43 144 0 51 1 1
16 201 2 186 29 193 130 228 134 0 192 2 34 216 32 64 72 168 27 67 74 171 18 189 177 192 138 91 16 26 52 10
2 133 2 141 20 163 40 103 20 1 90 18 160 34 32 64 88 42 19 128 18 152 65 223 36 54 154 192 20 8 176 8
20 65 24 167 36 10 94 56 36 160 211 0 215 10 25 64 242 197 29 99 72 144 73 12 224 225 43 148 36 179 1 1
108 97 121 101 116 78 115 48 96 140 127 8 211 17 137 48 16 220 68 106 201 176 233 12 231 189 33 4 64 171 70 161
2 141 3 158 20 131 171 230 22 1 88 66 112 227 176 196 89 106 19 137 35 184 8 255 32 38 138 128 20 10 48 168
2 221 2 154 21 199 146 230 22 9 72 2 160 216 32 64 216 42 19 67 98 174 26 255 41 54 138 10 16 24 48 138
32 141 59 121 149 207 97 167 118 5 110 24 178 243 32 48 217 58 106 24 123 184 113 55 239 191 20 80 80 8 198 42
0 60 153 248 88 237 49 87 54 3 104 24 183 151 64 88 129 59 67 16 19 26 242 51 221 132 50 104 144 64 167 234
208 56 157 240 169 236 17 6 170 31 162 24 190 151 64 91 129 51 109 16 58 79 242 112 217 147 82 123 128 64 7 106
117 73 123 101 20 79 71 48 96 192 234 72 115 17 145 48 88 236 84 106 73 178 113 44 241 237 33 16 105 187 82 32
49 9 123 101 180 138 107 49 100 96 254 64 211 65 144 112 122 236 94 122 217 184 101 44 236 237 32 64 101 138 192 161
104 48 56 96 32 77 81 16 105 136 52 8 159 23 0 48 132 20 93 8 136 96 176 0 195 249 32 16 64 128 66 35
73 53 25 101 96 14 113 57 41 40 127 76 223 115 8 48 148 21 92 40 17 176 209 12 199 249 33 4 74 162 67 163
218 112 148 240 43 201 80 64 187 55 161 57 142 155 65 155 167 145 237 16 46 103 130 210 219 211 82 123 210 1 15 3
3 141 3 158 20 131 170 230 22 1 88 66 48 234 176 228 89 106 19 137 35 184 8 255 32 38 138 136 28 10 48 172
70 16 150 133 41 78 184 0 172 184 131 32 204 30 9 75 166 85 249 99 0 65 147 192 129 50 75 151 0 35 37 19
130 0 134 157 4 34 168 106 180 19 211 18 72 234 49 75 105 100 59 129 32 213 3 206 4 34 218 128 148 105 48 0
2 140 2 158 148 163 170 231 22 1 88 2 96 234 48 64 89 106 19 129 50 184 8 255 40 38 138 136 148 74 176 136
2 140 18 158 21 197 146 230 30 13 72 2 164 250 32 64 217 58 147 1 34 170 82 191 45 54 154 11 16 8 180 138
25 141 11 238 20 130 79 242 20 0 218 66 113 227 176 96 88 234 31 234 9 153 8 63 224 167 170 128 60 170 48 168
41 0 113 69 52 154 105 19 125 97 118 80 187 9 150 252 74 172 118 8 169 188 101 206 70 255 48 0 103 140 72 237
42 188 242 216 215 241 178 71 27 5 124 43 44 156 102 148 251 59 131 145 22 58 146 243 31 20 154 107 215 76 239 143
138 217 18 185 247 213 188 231 30 1 80 19 172 222 34 192 235 59 147 65 102 152 18 255 173 86 30 107 16 12 173 143
37 65 121 101 52 14 107 56 100 232 127 72 211 1 145 112 90 204 78 106 201 176 101 12 230 189 33 0 100 187 66 161
104 48 56 96 32 76 81 16 105 136 52 8 159 23 0 48 132 20 93 8 136 96 176 0 195 249 32 16 66 128 66 35
38 229 0 154 220 129 142 232 150 16 217 2 96 232 121 64 89 74 51 227 66 99 10 183 56 6 143 172 21 123 176 128
38 160 1 155 220 131 138 200 22 49 80 82 64 200 56 192 89 10 19 129 51 50 75 183 60 6 143 236 29 8 184 128
248 48 186 112 105 253 80 87 187 191 164 25 142 159 66 155 133 185 253 16 30 79 178 128 219 217 80 123 194 4 143 219
105 32 112 64 101 29 248 16 105 8 52 8 138 27 148 54 142 196 70 8 133 98 224 192 71 217 0 18 66 136 66 37
104 48 56 96 33 77 81 16 105 136 52 8 159 23 0 48 132 21 93 8 136 96 176 0 195 217 32 16 66 128 66 35
40 181 56 109 112 175 113 59 127 9 127 24 255 119 8 48 149 30 95 40 178 184 113 95 239 255 48 68 66 128 194 171
194 162 156 186 236 233 185 207 143 23 148 187 172 175 106 75 239 27 239 145 50 111 194 209 221 211 126 235 148 72 173 203
2 205 0 153 220 131 142 238 22 1 88 2 160 200 48 64 89 106 19 193 98 186 75 191 44 38 158 168 21 88 176 136
104 48 56 96 33 77 81 16 105 136 52 8 159 23 0 48 132 16 93 8 136 96 48 0 195 217 32 16 66 128 66 35
2 12 6 158 28 131 172 96 148 2 210 2 96 234 48 65 120 100 59 163 96 225 11 253 52 34 203 128 20 104 48 0
3 141 3 158 20 131 170 230 22 0 88 66 48 234 176 228 89 106 19 137 35 184 8 255 32 38 138 128 28 10 48 172
37 33 121 101 116 15 107 48 117 200 127 72 211 19 145 48 94 204 6 106 201 176 97 14 103 189 33 0 97 187 66 161
9 8 121 85 116 190 105 55 125 105 118 80 187 41 148 116 74 174 70 8 185 188 101 206 70 255 48 64 102 136 194 45
90 50 80 224 34 72 24 16 45 136 52 168 159 31 0 80 166 149 221 0 0 64 128 192 210 241 42 131 38 128 7 19
0 69 11 173 20 2 111 125 36 0 90 66 113 99 48 64 120 100 19 235 65 144 1 13 100 164 163 128 52 186 176 40
53 197 105 237 220 3 207 248 86 96 252 66 83 225 185 96 89 200 22 234 235 35 111 63 248 142 165 188 117 251 240 224
56 221 122 238 118 195 91 242 20 8 124 162 123 95 161 96 126 250 23 106 203 186 40 63 115 237 32 129 119 139 100 187
45 168 224 83 245 187 122 152 127 49 119 16 203 201 158 252 91 202 230 90 190 244 207 247 14 223 149 71 255 143 200 132
56 221 122 110 50 201 94 244 37 0 252 170 127 255 160 80 118 251 215 98 202 11 8 63 242 237 37 185 114 130 6 27
104 48 56 96 32 76 81 16 105 8 52 8 159 23 0 48 132 20 93 8 136 96 176 0 195 249 32 16 66 128 66 35
0 143 134 158 156 163 164 231 150 23 218 50 96 232 32 75 105 114 234 145 50 233 10 255 56 38 215 89 148 88 180 130
2 141 3 158 20 131 171 230 22 0 88 66 112 235 176 68 88 106 19 201 35 184 8 255 32 38 138 128 20 10 48 168
252 96 236 99 12 43 75 216 67 178 181 26 83 73 217 59 89 196 93 250 138 102 239 144 218 201 225 252 247 251 82 32
3 141 3 222 20 131 175 254 20 0 90 66 112 227 184 228 88 106 18 235 35 186 8 255 40 38 171 128 29 138 48 172
2 141 10 158 20 131 174 230 22 1 90 2 112 234 48 64 89 106 19 193 34 136 10 255 32 38 186 136 20 10 48 136
3 141 3 158 20 131 174 230 86 0 90 70 112 226 180 228 89 106 18 202 163 152 14 255 32 46 138 128 28 10 48 140
97 32 121 65 108 29 248 80 105 232 240 72 154 8 212 50 202 196 70 8 140 114 228 192 22 24 33 50 71 136 82 133
104 48 56 96 33 77 81 16 105 168 52 8 159 23 64 52 132 149 221 8 136 96 240 0 195 217 33 48 66 128 66 35
61 134 65 185 220 131 235 216 22 49 88 66 241 195 248 192 89 10 54 188 27 50 79 159 188 142 175 236 61 138 176 160
2 140 18 155 21 197 146 230 30 13 88 2 164 248 32 64 217 123 147 1 34 168 82 255 45 54 158 75 16 8 181 138
56 205 122 110 114 139 94 228 37 0 252 170 127 95 32 80 118 251 151 226 72 155 24 63 243 237 37 56 119 163 38 24
41 217 123 207 118 195 251 240 84 64 126 226 113 95 181 96 126 122 23 202 195 184 60 125 102 175 162 128 119 155 100 249
181 229 105 237 220 3 207 251 86 226 248 74 83 97 241 96 89 204 22 236 233 122 109 31 124 142 165 180 125 248 112 168
9 155 123 97 244 142 107 53 117 64 126 196 243 65 144 112 126 174 54 252 219 184 117 109 110 173 34 192 109 138 192 184
57 141 75 238 20 131 79 246 84 0 222 66 113 227 176 96 88 234 30 234 139 185 12 191 248 239 163 128 60 138 112 168
16 197 107 239 84 2 111 125 36 0 90 66 113 99 184 64 122 236 23 234 193 144 33 15 228 173 162 128 53 186 176 168
82 48 90 225 34 8 120 80 45 160 178 169 143 31 64 82 166 213 255 128 0 65 129 192 150 249 47 178 36 128 7 17
97 32 112 65 108 29 248 80 105 232 244 8 138 8 214 50 202 196 70 8 140 114 228 192 22 88 1 50 71 140 82 133
104 48 56 96 32 76 81 16 105 136 52 8 159 23 0 48 132 20 93 8 136 96 176 0 195 249 32 16 64 128 66 35
33 128 123 81 116 190 233 23 125 73 118 80 187 25 148 124 206 170 118 24 179 188 97 199 71 254 48 192 198 136 194 173
37 65 121 69 116 14 111 56 117 232 127 64 211 17 157 52 94 204 22 106 233 176 101 14 102 188 33 132 111 187 66 161
1 141 11 222 20 131 174 230 86 1 88 66 112 224 180 96 89 106 18 200 227 184 12 255 40 46 170 136 28 10 48 172
82 12 134 159 12 2 172 96 148 146 210 2 104 234 48 67 120 100 123 163 96 209 27 237 180 34 207 0 20 120 48 0
38 160 0 155 220 131 170 200 22 49 208 18 224 200 120 64 89 10 19 177 50 114 75 183 60 6 143 236 149 8 176 128
34 189 50 94 83 205 176 103 191 9 120 16 172 254 36 16 169 59 147 0 82 186 18 247 7 28 26 107 80 8 167 155
53 0 105 233 30 43 67 89 86 33 245 202 211 1 177 104 89 140 6 184 185 182 109 30 204 143 161 116 245 168 80 160
97 2 127 69 100 26 233 16 105 160 119 72 187 9 149 63 138 164 70 12 137 180 229 200 70 184 112 0 79 169 66 45
2 138 0 187 27 161 48 207 30 17 64 147 172 194 32 200 217 43 131 145 22 156 75 247 140 22 154 67 152 12 169 138
104 48 56 96 33 77 81 16 105 168 52 8 159 23 0 48 132 148 93 8 136 96 240 0 195 217 33 48 66 128 66 35
162 141 8 153 220 131 172 239 22 33 88 2 160 168 48 64 89 42 19 129 98 58 67 191 44 6 159 232 21 72 176 136
3 141 3 222 20 131 170 230 22 0 90 66 112 226 180 228 88 106 18 136 35 184 8 255 32 46 138 128 28 10 48 172
40 180 57 105 112 175 113 59 127 41 126 24 159 51 8 48 149 30 87 40 178 184 113 95 207 255 48 68 210 128 194 163
72 48 56 96 33 93 81 16 105 136 52 8 159 23 0 48 132 21 221 8 136 96 176 0 195 249 32 16 66 128 67 35
104 48 56 96 33 77 81 16 105 136 52 8 159 23 0 48 132 20 93 8 136 96 176 0 195 217 32 144 66 128 70 51
105 32 113 64 100 29 248 16 105 104 180 72 138 9 150 52 202 132 70 8 141 98 228 192 22 216 0 50 71 140 66 165
3 141 3 222 20 131 174 242 22 0 88 66 112 224 180 228 88 106 18 202 35 186 8 255 32 46 138 128 29 138 48 172
216 48 186 240 105 253 81 87 187 95 164 25 142 159 66 27 165 59 253 17 30 79 178 130 219 217 80 123 194 4 143 91
39 162 0 153 220 131 170 200 22 176 208 66 192 200 120 192 89 136 19 145 22 114 75 151 28 6 143 253 221 12 120 132
104 48 56 96 33 76 81 16 97 136 52 8 159 23 0 48 132 20 93 8 136 96 176 0 195 249 32 16 66 128 70 51
2 152 154 153 108 165 184 79 30 25 80 50 172 158 96 72 207 59 19 17 18 188 82 209 5 22 154 234 144 8 161 155
45 65 121 101 52 14 111 56 100 224 255 72 211 1 153 48 90 204 92 106 201 176 125 12 231 237 33 4 97 187 66 32
41 0 100 117 116 154 232 19 125 97 118 16 139 9 150 124 74 172 118 8 141 188 101 204 6 255 176 64 103 140 66 205
44 97 121 101 116 79 103 56 97 172 119 8 211 19 153 48 26 220 70 106 201 176 97 12 103 185 33 4 96 171 70 161
3 141 3 222 20 131 170 230 22 1 88 66 112 226 180 228 89 106 18 136 35 184 8 255 32 46 138 136 28 10 48 172
2 140 18 159 93 197 178 230 158 13 72 18 164 218 32 64 201 58 131 1 34 170 82 255 45 54 154 75 16 8 181 138
25 13 71 238 20 130 79 112 132 0 222 66 115 227 176 96 120 230 30 234 73 139 13 63 240 239 163 128 62 170 112 40
162 56 178 82 105 253 176 71 187 27 116 24 44 159 100 27 173 59 179 16 18 126 178 225 23 24 82 107 194 8 231 155
3 141 3 158 20 131 170 230 86 0 88 70 112 226 180 228 89 106 18 137 163 184 12 255 32 46 138 128 28 10 48 172
104 48 56 96 32 77 81 16 105 136 52 8 159 23 0 48 132 21 221 8 136 96 176 0 195 249 32 16 64 128 66 35
130 220 18 155 53 197 146 230 30 8 72 18 164 216 32 64 201 122 147 65 98 172 90 191 37 54 154 10 16 25 49 138
218 184 151 248 139 233 17 71 171 23 160 56 174 215 96 127 163 179 237 16 59 79 178 209 217 210 90 123 130 64 167 58
57 73 107 101 52 138 111 117 100 64 254 66 115 1 144 112 122 236 94 106 217 186 101 45 252 237 160 64 109 138 208 40
49 93 89 109 20 15 71 60 84 192 110 76 115 17 145 48 88 236 20 110 201 178 117 47 225 173 36 0 121 186 82 184
130 148 180 145 163 98 184 2 62 31 66 49 140 62 2 75 135 23 163 145 48 220 3 194 13 54 90 199 128 68 5 83
2 0 134 157 12 34 168 2 62 147 82 18 204 170 48 75 99 71 59 145 48 212 3 192 12 34 218 192 132 96 49 0
192 168 159 248 137 236 17 7 170 23 164 24 190 151 64 91 129 51 233 16 50 79 242 113 217 179 90 123 128 64 135 106
9 53 25 101 32 46 113 57 121 168 127 92 223 51 8 48 148 12 76 40 145 176 209 12 199 249 33 68 74 162 195 161
62 232 228 91 157 155 242 200 127 53 247 3 75 200 95 156 249 202 230 82 30 240 79 241 94 219 197 103 247 159 94 134
152 220 26 190 61 197 18 246 158 8 208 0 190 223 33 64 196 123 159 67 106 13 82 191 243 247 58 154 16 25 37 27
130 148 148 145 177 228 188 35 62 31 74 177 140 62 2 73 135 19 163 17 54 220 19 199 13 54 94 195 128 68 141 87
34 201 2 152 95 213 182 231 142 5 88 3 44 156 38 128 232 59 147 193 86 58 18 253 61 20 158 107 81 12 189 142
38 229 4 136 220 33 134 232 22 178 216 10 96 232 121 0 89 202 115 243 114 99 75 159 56 6 143 188 213 123 48 128
17 203 67 204 86 130 238 117 100 64 218 230 113 2 176 96 126 170 22 236 201 187 37 237 48 44 166 128 45 154 240 169
130 4 148 145 9 104 176 2 190 23 66 17 140 62 66 75 129 23 171 17 48 220 83 194 13 50 90 71 128 68 5 66
50 199 107 238 86 66 239 125 53 4 250 163 123 173 184 80 126 253 23 227 72 179 5 207 242 237 162 129 53 186 244 233
130 132 180 145 129 98 176 2 62 23 66 17 140 62 66 75 129 23 163 17 50 220 3 194 13 54 90 71 128 68 5 66
126 184 146 250 233 237 16 202 187 31 169 25 174 223 101 24 137 187 207 16 26 79 218 243 155 213 27 123 210 69 7 146
214 67 94 142 34 66 62 232 164 134 211 163 77 198 171 83 118 245 239 226 96 135 140 204 176 99 111 135 37 183 37 67
10 141 82 220 213 196 252 103 29 9 90 2 40 186 52 64 232 186 151 128 90 184 18 255 55 253 146 195 23 12 244 138
24 141 10 239 52 162 75 51 20 9 223 2 243 99 176 64 88 170 31 40 58 152 105 191 224 239 162 192 178 138 240 40
35 176 241 89 108 245 176 79 91 27 112 90 32 216 116 44 217 27 18 17 147 126 242 211 13 28 154 106 221 72 243 191
53 2 201 169 94 43 193 88 86 33 209 210 211 1 184 8 89 136 2 185 27 182 77 18 204 134 177 116 189 137 80 160
17 201 59 232 85 199 207 229 68 64 124 2 55 221 48 96 248 170 18 233 75 171 48 189 243 205 134 72 53 26 241 170
189 106 234 98 78 19 79 216 211 182 181 234 83 201 251 187 91 232 244 254 136 103 174 184 250 201 229 188 247 187 122 160
6 156 180 147 137 224 180 167 190 55 66 17 236 254 66 75 129 87 163 17 50 88 155 227 45 54 95 67 128 85 133 74
194 52 148 153 185 173 184 67 190 27 136 113 140 178 64 91 135 19 234 17 50 73 146 83 140 22 90 122 152 64 3 147
33 164 241 81 244 187 224 23 127 97 114 88 139 40 148 180 219 142 118 24 190 186 193 215 46 94 16 64 199 140 194 140
72 125 58 117 181 142 119 182 105 8 126 0 191 51 1 48 132 118 85 72 225 184 176 46 231 255 52 0 66 145 194 43
32 140 10 186 84 129 139 236 22 1 88 2 113 232 56 64 89 106 19 129 34 170 26 255 105 39 159 72 21 10 48 136
3 142 3 154 84 147 170 236 86 1 90 70 96 234 184 228 121 106 19 141 167 186 30 255 32 38 155 8 29 10 56 140
97 32 121 65 108 29 251 80 105 104 248 74 154 8 148 48 222 132 87 8 133 50 228 192 22 156 34 160 77 138 67 165
104 48 120 96 97 29 81 16 105 168 180 8 158 17 196 52 134 148 220 8 136 96 240 192 199 217 37 50 66 128 66 35
45 163 65 169 220 3 235 216 70 160 216 74 209 193 240 224 89 136 50 221 11 178 79 153 188 132 175 100 253 138 80 160
34 140 26 153 117 197 178 231 30 13 88 3 164 248 34 64 217 59 147 1 34 184 82 255 45 54 154 11 16 8 61 138
41 203 99 69 116 158 111 181 101 96 126 198 251 65 148 244 126 236 22 238 201 184 117 45 102 237 36 192 111 138 208 184
214 16 158 164 40 76 16 0 168 184 131 8 222 30 65 91 164 85 125 99 8 65 147 64 145 241 75 31 0 33 37 19
90 48 88 225 34 9 120 80 45 192 178 173 159 31 0 80 166 149 223 132 8 67 129 192 214 249 43 146 37 128 7 81
99 32 112 64 109 29 248 80 105 104 244 10 138 8 22 52 206 132 87 9 132 114 244 192 23 216 2 50 71 140 67 197
57 141 75 238 20 135 75 252 86 1 220 70 115 225 184 96 89 234 30 168 171 171 93 191 248 239 163 24 63 138 112 40
49 173 77 237 92 43 237 127 86 226 250 198 179 33 144 97 89 238 54 172 249 250 101 30 252 174 245 176 125 232 80 168
33 168 123 83 116 169 233 23 125 73 114 80 179 9 148 120 202 170 118 24 147 188 97 103 68 190 50 64 196 136 195 169
165 101 121 69 116 11 111 56 117 232 118 72 211 1 157 52 122 204 86 106 233 176 101 14 102 172 33 4 103 187 82 161
104 48 56 96 32 76 81 16 105 136 52 8 159 23 0 48 132 20 93 8 136 96 176 0 195 249 32 16 64 128 66 35
33 142 11 158 84 131 170 236 22 1 88 70 113 234 56 96 121 106 19 137 163 186 30 255 32 38 187 8 29 10 48 136
82 0 134 157 13 66 172 104 190 130 210 2 200 234 48 66 122 229 59 161 0 209 19 204 149 35 202 0 5 120 49 0
54 160 68 153 204 3 168 200 22 176 208 10 192 200 112 0 89 136 51 145 2 242 75 145 28 2 143 252 213 8 112 128
104 48 56 96 33 77 81 16 105 168 52 40 159 23 64 50 132 212 93 8 136 96 240 2 195 253 37 176 66 130 66 35
128 141 9 157 84 139 169 103 30 33 80 82 180 168 48 65 73 42 19 129 114 248 81 255 77 22 154 32 20 72 145 136
8 188 57 105 112 175 113 51 109 41 126 120 159 55 0 48 135 62 87 24 147 184 113 87 207 255 48 68 192 128 195 163
53 2 73 233 14 43 65 27 86 224 219 194 147 1 209 104 88 140 54 188 137 178 101 152 196 142 161 116 189 170 80 160
97 34 121 69 100 10 225 16 105 32 242 202 179 9 20 50 42 164 70 44 137 182 245 72 84 184 80 0 77 169 82 168
120 56 120 96 32 77 81 18 41 136 52 40 159 31 0 16 166 21 221 8 0 104 176 0 195 249 32 145 98 128 70 51
2 138 0 187 95 161 176 207 30 17 65 147 172 194 106 200 217 43 131 145 22 152 74 245 140 20 154 107 144 12 169 142
97 32 112 65 108 25 248 80 105 104 244 72 139 8 148 180 202 132 86 9 140 114 228 192 22 216 0 32 79 140 66 133
26 176 178 176 139 253 16 71 171 23 164 9 174 159 98 26 163 155 217 17 22 107 146 209 219 213 26 123 210 68 175 218
39 162 68 153 205 19 168 200 22 176 208 139 192 200 114 128 89 136 179 149 6 242 79 145 28 2 143 125 221 12 120 132
0 152 25 153 100 175 168 71 30 25 80 82 180 150 32 72 215 59 51 17 19 156 67 81 5 38 58 200 144 8 161 169
3 141 3 222 20 135 170 242 214 1 88 66 112 224 180 228 89 106 18 200 163 186 28 255 32 46 138 0 29 10 48 172
104 48 56 96 33 93 81 16 105 136 52 8 31 23 128 52 134 148 221 8 136 96 176 192 195 249 32 146 98 128 70 51
104 48 48 96 33 93 81 16 105 136 52 8 31 23 128 52 132 148 221 8 137 96 176 192 195 249 32 18 66 128 70 51
189 65 105 101 20 14 79 56 116 224 255 70 83 1 153 176 120 204 22 110 233 176 125 12 245 169 161 4 105 187 82 160
130 204 26 187 23 245 184 239 31 7 64 19 172 222 34 73 251 59 131 129 102 156 26 247 133 87 26 99 16 88 45 142
3 143 7 158 20 147 174 238 86 1 90 70 96 226 188 229 121 106 18 203 167 152 30 255 32 46 154 8 28 10 120 140
57 141 71 238 20 131 79 240 197 0 254 66 115 227 176 228 120 226 30 234 201 171 45 189 240 237 161 144 63 186 112 40
2 142 14 187 20 163 40 207 22 1 64 215 165 194 32 192 89 42 34 149 54 156 67 191 172 166 154 64 156 8 185 136
88 184 159 248 43 236 17 71 171 27 160 56 190 215 64 59 167 179 253 16 27 75 178 225 219 209 82 123 138 64 167 59
2 140 20 153 253 197 176 231 158 29 72 51 172 248 32 65 201 59 163 1 34 232 66 255 45 22 30 75 16 8 149 138
34 8 132 153 85 175 168 79 30 49 64 18 128 136 48 72 73 40 19 145 18 188 83 147 13 22 155 100 149 8 16 136
130 176 178 90 105 189 176 67 251 27 113 24 172 222 108 59 173 59 179 16 146 126 178 225 23 24 82 106 192 0 227 143
3 141 3 158 20 131 170 230 86 0 88 66 112 226 180 228 121 106 18 136 163 186 28 255 32 46 138 8 29 10 48 172
3 140 3 158 20 151 170 238 86 1 88 70 96 226 60 228 89 106 18 137 167 168 30 255 32 46 154 8 28 10 56 140
104 48 56 96 33 77 81 16 105 136 52 8 159 23 0 48 132 20 93 8 136 96 176 0 195 217 32 144 66 128 66 35
57 237 123 104 215 199 103 231 119 1 108 2 51 241 48 48 121 186 2 216 90 186 48 63 123 207 132 65 115 10 226 170
130 133 148 145 145 176 180 39 30 23 74 17 140 46 34 73 129 19 163 17 54 92 2 199 45 54 94 67 144 68 141 78
2 168 148 187 27 129 48 207 190 21 64 145 172 194 106 72 193 59 171 16 22 88 11 117 141 54 26 75 144 4 173 202
48 199 107 238 86 66 111 125 21 4 251 226 115 205 188 64 126 220 23 235 200 187 101 207 242 237 170 128 117 186 244 233
5 52 155 99 209 239 115 216 126 161 105 64 158 211 105 56 177 57 66 24 19 176 56 114 205 221 3 102 216 67 3 179
62 232 230 59 77 153 242 200 231 180 246 11 75 200 95 30 249 233 239 83 78 115 207 241 255 209 133 127 231 63 94 198
24 92 26 252 61 197 82 242 149 10 200 0 191 223 33 80 196 251 63 64 106 143 82 191 243 247 58 26 16 25 37 11
130 220 26 159 52 229 146 230 30 2 72 18 180 248 33 64 217 123 19 3 98 172 90 191 37 54 154 10 16 89 49 138
2 178 20 153 233 205 56 7 190 89 80 53 172 150 98 73 135 59 187 17 18 88 18 209 141 81 30 235 144 4 133 219
44 67 117 69 116 74 103 56 104 172 118 104 219 17 157 53 30 92 70 106 193 176 97 12 103 185 33 4 71 187 70 161
6 172 188 147 137 224 180 167 190 23 2 17 236 254 74 75 129 119 235 19 54 88 139 243 45 54 95 67 128 85 141 74
1 217 115 77 86 199 175 244 70 64 110 130 49 149 52 100 126 58 18 200 195 184 52 253 37 44 130 0 127 154 113 252
34 137 18 154 221 209 180 231 142 13 88 3 172 156 38 0 200 59 131 81 86 42 18 253 45 20 158 107 17 12 189 142
2 205 14 158 148 135 174 237 150 0 203 2 112 234 56 64 120 106 19 211 112 153 26 255 41 38 143 64 16 10 176 136
49 32 96 81 116 154 232 18 125 97 246 26 139 9 150 56 106 172 126 9 142 186 229 197 22 250 144 80 103 140 82 204
30 184 144 250 105 237 16 202 191 27 181 57 174 223 97 24 141 187 223 16 10 71 218 243 219 213 31 251 146 65 7 147
162 184 186 154 79 245 176 67 223 95 113 27 44 220 126 8 237 59 147 17 150 126 186 241 31 28 218 107 213 12 255 215
61 34 65 233 14 11 65 88 86 161 209 234 147 1 241 104 88 140 38 156 9 178 109 144 204 133 161 244 189 139 80 160
218 184 151 248 139 224 17 71 171 23 160 56 174 151 96 223 163 179 237 144 50 79 162 241 153 210 90 123 146 4 167 43
33 35 83 225 116 137 235 80 108 168 120 74 159 137 212 48 250 109 86 73 129 178 192 192 116 156 35 32 77 138 67 161
61 161 66 136 220 131 203 200 70 160 248 10 17 192 240 128 120 136 2 253 11 51 76 157 60 132 175 124 61 138 120 160
33 5 115 69 116 14 237 49 117 232 118 66 211 1 149 53 126 140 22 104 225 180 101 78 36 174 32 132 103 168 66 161
49 132 11 187 220 135 235 236 86 1 72 66 241 224 56 64 121 42 18 173 43 178 95 63 237 174 175 76 57 10 176 168
90 0 166 173 13 66 168 104 190 132 194 2 205 234 48 66 112 229 123 129 0 195 147 200 149 227 202 1 53 104 53 130
62 160 12 169 172 15 168 200 30 184 208 2 195 200 112 0 217 140 127 145 10 243 75 145 157 195 175 180 85 8 80 128
57 132 73 238 148 135 75 252 86 1 204 2 115 225 184 96 121 202 30 172 171 163 127 191 251 239 167 76 63 138 240 168
72 48 56 96 49 92 83 16 41 136 62 40 159 31 128 48 150 21 221 0 0 0 176 2 227 253 32 147 98 130 71 51
88 56 122 240 35 204 80 22 169 168 54 41 191 159 64 18 166 183 253 0 0 73 144 224 211 249 52 51 98 128 7 27
104 48 56 96 32 77 81 16 105 168 52 8 159 23 64 50 132 212 93 8 136 96 240 0 195 249 33 48 64 128 70 35
97 34 112 69 108 25 232 64 107 160 240 74 139 8 212 178 234 205 78 1 140 114 196 192 22 88 131 57 79 140 74 132
54 162 12 185 157 27 160 200 22 180 208 139 195 200 114 128 89 140 238 145 14 243 79 159 156 199 143 117 213 12 24 134
104 48 241 68 101 93 121 16 105 168 180 40 14 27 196 54 166 213 95 8 128 97 224 192 87 249 37 178 66 128 70 39
57 201 79 206 28 146 78 240 197 0 254 66 115 195 176 228 120 224 30 238 73 171 12 189 242 237 162 128 63 170 120 40
130 158 22 157 61 195 180 39 156 30 66 51 164 250 32 65 193 51 171 1 118 201 67 223 37 50 90 3 16 8 173 139
3 132 4 155 29 151 138 236 86 17 200 82 96 224 60 229 217 42 26 173 39 171 95 191 45 54 159 76 24 14 184 140
129 141 7 222 20 135 174 230 212 0 74 2 112 226 48 229 121 106 26 234 99 185 30 255 41 46 130 0 29 40 112 172
17 79 79 141 148 130 238 119 100 64 90 199 49 34 176 64 106 166 6 237 221 152 5 44 48 46 174 128 45 168 240 136
33 64 123 101 68 12 225 0 105 0 114 10 179 9 21 56 40 164 66 76 129 180 244 64 85 188 18 0 65 153 83 160
10 163 0 187 15 145 176 201 158 17 65 147 172 194 106 200 201 11 171 149 22 24 74 241 140 20 155 111 144 12 169 134
13 120 147 115 17 173 115 216 127 129 105 72 254 211 105 56 181 121 66 90 3 176 24 114 205 220 5 38 200 115 67 163
1 128 255 251 244 173 233 23 254 89 114 64 191 137 156 120 235 42 70 24 147 184 98 117 68 190 50 64 196 136 195 169
61 35 65 233 78 11 195 88 70 168 221 234 19 129 241 164 120 140 6 250 9 178 69 144 20 141 161 180 127 187 80 161
74 186 151 216 107 208 48 70 171 31 160 57 172 151 100 223 231 177 239 144 18 75 162 241 155 210 90 251 146 4 39 127
46 248 144 250 105 173 80 218 187 59 245 40 62 223 101 24 143 187 215 16 10 71 202 243 223 213 55 187 146 81 7 147
16 28 19 188 25 229 17 99 159 10 200 3 182 223 33 64 196 187 31 1 10 9 82 191 241 246 26 26 16 8 37 27
8 157 27 237 112 236 113 55 45 9 122 96 190 183 0 112 134 63 95 0 19 184 16 85 197 253 50 194 88 0 135 187
1 132 12 187 28 175 40 79 30 17 67 22 245 194 32 201 209 42 10 29 55 156 83 223 141 54 154 64 152 8 185 136
82 184 159 248 107 196 17 71 171 31 176 57 174 151 96 123 167 179 237 144 26 75 130 241 217 211 90 251 144 0 167 59
48 140 75 237 84 3 235 98 21 4 234 130 19 141 48 64 124 172 19 238 104 191 53 223 242 239 130 68 117 168 116 224
168 83 117 69 100 27 237 58 109 172 118 104 155 3 149 183 30 20 198 104 225 180 101 140 102 249 33 132 71 168 70 161
128 140 153 159 124 225 179 200 30 3 65 18 244 252 41 72 217 123 51 3 34 52 90 191 69 54 154 10 148 89 53 138
49 33 233 225 84 47 97 80 70 224 255 74 147 1 80 96 88 172 74 156 153 184 117 136 197 140 129 112 245 138 80 224
26 185 178 184 27 237 16 71 175 21 168 9 46 159 102 26 162 179 201 17 22 11 18 209 155 213 26 123 146 4 175 90
16 157 63 173 146 198 55 53 36 4 202 1 247 55 32 64 240 55 29 97 120 152 17 63 233 167 42 80 48 2 165 122
32 0 127 209 116 136 232 3 125 65 114 82 182 8 20 40 234 169 119 17 130 184 101 69 22 62 178 64 69 136 83 141
2 153 190 185 50 197 48 135 190 89 82 53 164 158 34 73 231 59 63 1 50 216 18 245 137 246 90 195 144 0 165 219
228 160 118 218 109 233 248 192 235 81 33 24 172 216 124 59 202 1 66 17 22 103 146 225 23 24 82 107 193 9 71 134
45 103 73 79 84 31 79 248 69 232 253 76 211 65 157 180 88 204 86 110 201 178 125 30 34 173 161 180 123 187 90 180
130 140 154 187 70 225 48 79 30 7 64 19 244 254 40 73 249 59 35 129 38 220 26 119 197 6 154 43 144 72 165 138
162 40 0 153 13 237 168 71 30 49 65 18 128 136 112 72 201 42 51 17 18 188 83 208 141 16 154 112 144 8 17 138
162 184 187 154 108 229 185 198 138 95 112 27 164 220 118 11 237 59 19 17 22 111 178 113 93 16 218 107 213 9 55 219
70 188 188 183 170 224 182 174 190 159 2 49 244 254 74 75 131 119 233 19 54 72 139 115 237 167 95 67 128 112 141 75
64 185 151 122 153 224 17 135 186 29 234 17 174 183 96 90 129 123 233 16 18 75 146 113 201 180 28 107 128 64 167 59
0 13 9 165 116 43 169 55 20 161 90 66 181 33 144 64 90 46 18 41 17 184 65 14 108 166 186 128 4 136 17 168
173 100 117 87 101 91 123 168 127 242 103 24 203 121 29 63 155 196 114 106 45 244 125 254 79 218 69 22 231 189 66 228
42 145 16 138 253 197 176 109 15 13 121 3 172 220 46 4 216 27 131 17 18 42 90 213 45 20 26 107 211 14 133 218
153 205 103 221 20 150 109 54 212 64 198 70 49 3 49 225 76 160 26 236 233 141 53 253 33 171 202 0 63 152 112 56
45 32 93 103 116 15 97 25 121 160 103 28 211 97 24 57 144 12 70 62 177 240 249 12 71 219 65 68 202 162 66 160
184 205 59 232 21 199 213 103 84 64 252 2 50 17 32 96 200 186 18 0 107 170 48 157 225 201 2 74 81 8 228 170
37 133 21 75 245 175 99 184 125 105 107 76 214 113 24 180 144 2 74 110 179 184 121 31 45 156 1 84 90 11 210 32
130 133 132 157 153 164 180 175 158 19 8 17 228 34 8 67 129 67 11 17 114 77 83 87 45 54 94 83 144 64 161 10
61 132 105 251 156 135 67 248 86 33 252 18 115 225 184 100 89 202 6 188 43 178 123 191 253 207 165 124 179 138 240 160
66 56 18 178 35 204 57 70 173 140 50 169 172 158 96 82 166 115 255 1 2 73 146 225 147 240 26 139 0 4 39 91
104 50 56 96 32 12 81 16 105 172 180 8 159 23 0 50 132 212 93 8 136 96 224 0 195 249 32 49 64 128 70 35
41 34 80 225 108 25 232 64 111 160 240 75 143 8 212 146 234 205 78 5 140 242 197 208 150 217 163 177 77 140 75 132
16 162 12 173 60 11 200 136 31 180 146 135 199 8 18 64 89 132 110 37 44 225 79 157 140 243 239 181 52 12 89 2
135 148 135 149 226 102 189 135 60 243 67 181 220 54 14 75 167 87 59 149 53 220 49 194 13 50 222 198 140 112 165 247
98 32 115 68 103 89 120 80 105 164 116 40 14 27 196 52 46 149 70 8 0 115 224 192 22 248 1 35 103 128 71 165
146 203 14 189 46 19 156 37 140 22 146 167 231 14 34 67 230 113 237 231 108 205 3 61 224 227 234 145 52 56 173 75
57 201 74 206 20 147 79 252 197 0 204 130 115 193 186 100 120 234 14 238 75 171 60 189 242 237 130 8 63 154 120 44
128 158 22 189 37 130 180 39 188 15 66 119 164 178 32 193 224 55 170 1 100 217 3 239 36 50 222 3 24 72 173 155
55 132 4 155 157 151 130 232 86 49 192 18 226 120 60 197 217 10 106 165 46 227 91 191 173 150 207 87 24 12 184 134
131 12 7 223 28 130 174 96 212 2 210 2 112 242 52 97 120 102 58 235 97 249 31 255 37 42 203 0 21 40 112 164
0 153 27 252 115 204 53 119 188 13 100 32 188 151 32 80 166 59 159 0 83 153 50 125 245 181 58 2 16 0 167 251
14 161 4 186 29 165 144 200 142 21 137 3 172 194 106 192 201 11 203 149 22 3 90 241 153 81 139 127 18 15 41 130
5 121 147 81 209 173 102 210 127 136 104 64 190 211 97 180 184 106 66 94 67 240 18 120 165 220 5 42 202 121 99 167
49 141 43 126 29 199 71 107 86 0 237 2 115 241 48 96 88 170 26 136 123 171 115 63 241 175 128 24 113 10 244 106
48 12 106 252 85 195 233 98 21 6 226 2 51 137 49 64 104 172 19 136 40 190 84 158 83 175 146 1 113 8 112 170
32 105 43 97 69 204 229 69 236 4 102 2 178 145 49 48 104 44 66 72 1 181 176 64 213 172 2 0 65 26 215 234
44 234 248 122 250 169 250 218 191 157 116 104 175 219 225 24 191 187 199 80 130 122 202 243 94 221 53 171 210 217 11 131
32 177 186 96 113 141 81 81 171 13 188 9 22 159 98 20 180 185 87 88 154 43 146 192 219 221 0 251 194 130 230 35
212 142 158 182 186 66 30 168 158 190 130 161 199 110 11 67 151 119 237 163 124 193 11 46 233 231 111 151 128 114 45 83
129 128 12 187 157 175 32 11 206 19 195 18 244 82 56 107 201 2 106 29 55 205 91 245 141 178 218 80 152 8 185 2
66 184 155 248 43 196 49 71 171 25 160 41 172 151 96 90 167 59 239 144 18 75 146 209 221 177 90 251 128 0 39 59
168 18 117 69 36 26 105 51 109 172 118 252 155 5 148 183 14 148 204 44 232 252 101 206 198 249 112 132 103 164 70 253
4 132 157 191 94 99 163 202 30 19 89 2 244 245 41 72 219 91 51 1 19 160 91 49 197 166 251 40 148 75 53 162
10 169 28 186 25 213 17 205 174 21 143 17 236 198 106 192 193 19 235 16 22 9 155 117 203 241 26 123 144 6 173 90
45 111 97 77 60 31 207 184 87 232 252 204 211 8 151 164 88 204 86 110 237 178 109 62 38 92 165 180 127 191 82 244
128 132 155 189 214 227 177 75 30 3 65 19 181 246 40 72 249 27 3 145 50 220 75 23 77 167 186 64 144 72 181 138
0 152 59 249 118 172 185 87 126 9 114 112 181 159 32 72 166 59 23 25 147 188 2 87 68 172 58 192 212 0 35 169
49 96 105 225 20 111 99 16 68 225 234 10 147 5 16 96 104 140 90 252 153 184 117 142 197 140 128 112 113 139 84 112
151 78 238 181 2 34 188 38 188 214 154 183 245 42 147 75 103 103 125 167 172 197 5 14 224 163 255 145 173 113 53 88
173 13 105 95 124 187 207 56 86 194 253 140 243 77 159 32 88 232 86 238 169 34 127 30 102 141 161 56 119 251 82 224
9 99 211 103 102 8 239 85 104 128 123 230 157 3 209 32 62 45 6 78 193 176 132 72 116 237 34 128 109 178 99 169
168 96 34 232 13 5 72 88 195 160 165 8 147 137 112 16 200 128 91 41 138 39 82 144 211 217 129 60 82 10 82 130
72 186 149 122 187 237 16 158 191 25 41 125 174 247 72 222 131 91 237 16 19 74 218 113 205 244 52 234 138 65 135 59
97 173 173 120 141 237 69 39 210 83 172 24 179 33 82 59 73 162 120 28 59 106 246 49 237 219 212 121 208 200 210 104
61 99 66 193 118 27 226 80 84 168 92 230 19 1 241 164 126 140 6 254 201 178 101 138 52 205 161 160 127 187 88 161
140 76 180 219 157 247 65 202 199 19 134 18 250 211 53 239 201 162 122 24 42 237 123 253 207 219 215 83 146 93 116 38
14 179 48 225 245 157 178 217 79 41 125 98 140 221 238 128 222 25 151 81 150 48 8 213 47 221 35 231 215 15 221 147
177 173 107 73 212 243 227 115 85 69 124 26 2 224 182 180 120 170 18 124 191 186 53 191 59 12 129 100 119 136 250 228
198 90 158 149 42 104 52 2 188 190 131 49 204 174 67 75 167 117 235 3 96 69 131 64 197 179 91 23 0 113 37 67
40 149 120 235 52 145 218 121 68 29 93 35 159 27 170 192 218 10 159 120 158 184 105 149 238 201 162 197 52 138 252 195
169 132 53 233 21 203 193 111 84 64 116 18 182 17 32 225 200 10 18 24 115 172 97 159 111 217 16 83 82 8 208 170
133 32 93 99 66 74 113 9 121 179 99 24 86 83 8 59 50 5 102 42 49 244 121 68 215 170 65 68 97 162 67 163
112 237 71 94 156 69 198 237 193 136 248 74 115 249 61 179 88 242 124 234 201 99 202 45 59 248 197 56 121 250 250 40
189 39 75 195 246 27 239 113 84 172 95 230 83 0 179 160 126 140 6 238 236 176 101 142 118 141 166 128 103 170 88 141
13 76 39 225 21 207 99 196 228 100 234 2 147 21 49 96 104 160 90 120 9 176 113 44 229 136 128 80 96 27 84 122
194 184 60 186 185 173 19 143 174 29 141 57 188 215 74 80 133 19 237 16 22 77 235 119 203 149 63 255 144 3 135 67
16 1 58 232 196 200 247 69 236 4 230 2 62 211 35 112 120 186 74 72 66 161 160 66 245 165 6 9 97 16 231 234
22 164 26 186 153 245 18 202 143 55 141 27 174 195 107 128 201 137 203 50 46 7 90 211 249 213 139 127 144 79 13 66
1 181 147 76 225 125 100 223 255 202 104 68 46 242 77 180 177 10 66 8 195 113 178 75 55 220 21 42 74 116 227 173
188 160 232 104 206 99 67 217 83 183 181 186 83 73 219 27 91 152 196 186 58 103 239 16 218 201 229 125 247 235 246 162
102 8 180 219 13 255 80 130 207 151 166 0 232 251 37 79 193 50 234 16 2 105 91 253 139 250 215 19 146 73 116 38
66 120 179 216 105 213 184 64 171 93 180 173 172 158 70 190 198 49 255 208 7 11 242 209 147 208 26 251 18 4 47 223
40 235 208 251 242 137 250 223 63 33 104 237 175 203 97 144 191 171 195 212 6 186 74 243 238 221 31 43 219 214 139 138
72 128 28 187 141 239 96 171 206 19 131 16 246 114 42 107 193 2 106 24 50 77 91 53 205 179 82 87 144 72 153 2
74 184 147 250 107 197 56 70 174 25 160 173 188 151 96 90 166 59 251 144 19 75 146 209 221 209 26 235 152 0 39 187
72 6 124 85 36 190 248 55 109 47 182 172 139 13 150 63 142 180 236 12 140 188 101 200 198 251 80 147 71 140 78 109
20 1 149 169 158 99 163 200 6 33 217 98 215 243 169 64 123 89 46 48 19 33 75 17 205 166 43 188 180 107 37 163
140 162 253 97 98 106 49 25 124 55 115 176 223 99 138 57 51 29 102 162 48 244 109 66 196 162 114 132 229 193 7 225
134 92 181 85 171 126 188 142 187 250 6 16 236 62 79 175 167 87 249 131 165 212 59 226 175 122 95 135 138 117 141 255
183 111 228 154 158 177 202 216 150 148 153 207 99 232 255 9 95 224 87 255 174 67 78 190 24 14 237 188 189 255 122 196
214 197 237 190 139 66 31 172 150 246 135 179 101 247 74 75 51 215 249 227 112 71 255 243 249 35 223 63 53 117 165 98
198 148 181 83 233 115 181 175 155 255 129 57 204 124 78 47 151 87 251 51 54 69 251 243 47 18 93 127 208 125 133 119
53 228 33 74 220 23 207 249 86 112 161 90 83 200 252 165 89 136 18 190 251 103 127 151 57 158 133 124 91 186 240 164
25 158 151 159 23 178 38 167 180 75 66 247 236 162 162 197 101 110 170 129 101 216 5 239 164 102 254 2 10 116 169 93
49 197 107 202 157 211 71 253 71 68 237 2 115 192 62 100 88 138 6 238 223 171 60 191 251 205 133 120 115 154 244 238
0 134 153 185 214 227 41 31 22 39 65 178 213 35 40 72 91 27 3 145 50 220 73 19 204 167 186 68 180 200 181 162
134 94 142 181 43 114 60 2 188 150 67 181 205 46 3 75 167 117 249 135 36 197 3 130 197 227 250 131 128 117 45 83
138 140 188 241 167 114 189 167 62 183 78 147 220 55 66 75 167 87 179 145 48 220 33 226 111 115 254 197 134 84 165 107
195 159 132 147 179 186 188 167 188 251 10 245 140 38 14 207 167 71 250 149 119 220 13 231 44 54 94 199 136 84 137 93
80 2 12 165 44 11 72 16 47 172 146 237 207 10 146 64 202 133 111 5 44 225 69 156 140 243 171 177 52 136 88 1
32 12 10 255 85 174 232 67 244 1 107 18 177 137 48 72 200 170 3 137 8 184 16 206 69 191 154 1 145 74 124 170
157 23 99 193 54 31 107 113 116 236 127 230 91 68 158 96 126 140 6 174 237 180 101 142 118 205 160 128 111 202 116 245
146 58 26 88 91 231 176 67 253 172 224 16 0 130 38 29 232 189 74 128 36 255 144 92 17 48 18 51 65 32 47 134
80 232 57 122 137 201 89 206 187 53 160 24 191 151 64 57 131 155 89 88 26 75 250 53 217 208 21 127 144 17 134 106
152 17 59 104 21 200 53 105 228 4 230 0 63 213 34 112 120 152 202 96 90 175 48 73 241 225 2 9 99 8 103 250
52 0 152 170 77 71 83 72 135 165 173 11 70 199 107 0 216 145 203 114 10 3 90 153 219 149 137 63 144 43 44 210
3 180 147 76 93 189 240 107 239 67 104 12 14 184 100 180 161 41 194 44 151 43 178 209 31 92 17 46 202 100 75 156
245 249 253 86 172 13 199 188 194 216 177 76 115 248 221 51 28 224 116 110 203 99 190 41 120 137 101 60 125 187 210 49
70 1 150 222 13 249 176 0 175 149 171 0 236 250 37 203 192 53 235 16 16 97 139 208 15 50 83 91 146 10 109 6
68 144 156 187 141 253 48 143 206 57 135 16 198 243 104 75 193 22 234 16 26 73 91 145 201 243 83 95 144 8 141 2
66 176 27 250 123 197 56 68 175 25 173 8 188 215 104 114 230 57 219 144 3 11 146 209 223 209 26 122 24 2 47 187
79 169 128 146 233 176 60 134 155 115 9 177 140 254 217 206 135 91 187 151 23 72 138 243 140 84 223 238 150 87 153 156
246 205 234 166 157 114 214 236 209 134 157 11 99 249 63 3 121 226 85 227 124 99 12 174 251 79 197 63 247 255 244 70
98 10 120 69 100 184 249 55 105 39 250 217 171 12 148 48 142 165 111 4 172 184 225 194 6 254 80 145 69 128 70 77
156 151 145 169 62 99 66 216 6 169 216 106 87 243 233 228 122 152 14 120 27 39 73 155 184 132 43 188 188 42 33 33
149 14 94 125 134 42 236 99 252 146 178 86 119 8 183 91 35 103 76 111 228 229 5 110 224 171 114 16 77 249 203 136
28 170 253 97 98 106 105 26 126 55 118 224 159 39 194 95 39 220 110 186 146 216 101 65 78 163 115 196 231 225 7 225
198 126 181 85 139 126 189 162 187 190 134 49 236 126 69 15 167 119 249 147 48 205 235 234 15 50 95 151 130 117 135 119
246 241 224 186 139 65 159 237 147 53 129 171 97 239 106 3 89 218 249 227 90 67 158 183 249 66 205 255 55 62 182 210
198 132 165 222 203 98 21 168 146 182 134 26 64 247 72 111 113 215 251 227 112 71 251 241 125 34 207 127 147 113 165 98
102 107 248 68 252 41 254 0 235 181 184 137 130 168 87 18 138 199 79 64 140 35 198 192 54 28 1 63 197 251 86 6
70 180 181 119 169 104 149 174 154 183 131 57 204 124 77 47 149 87 249 51 50 67 251 177 185 210 95 127 192 117 135 119
126 189 236 186 223 97 150 136 2 247 137 171 64 124 79 10 89 210 249 243 30 66 223 176 123 71 205 255 181 127 150 82
