32 32 20 29 74 203 160 72 86 180 224 12 194 128 66 0 89 108 106 0 12 211 219 16 28 1 5 53 80 8 38 130
80 32 7 128 72 72 32 64 230 32 194 14 66 130 32 214 96 204 106 128 1 211 149 16 20 32 3 8 8 0 43 128
88 16 135 29 11 82 32 120 246 128 194 68 82 224 32 210 112 108 234 0 9 211 239 24 28 162 103 8 96 32 100 48
8 156 22 223 81 197 50 226 158 13 70 2 236 247 32 197 241 123 170 0 34 219 26 255 165 183 26 11 18 40 45 186
17 32 134 29 74 143 33 72 246 160 226 0 80 192 34 32 120 108 106 0 1 243 183 0 21 32 3 0 97 8 99 160
32 32 14 9 74 75 161 72 118 164 224 8 192 192 66 80 120 140 106 0 0 211 207 16 20 0 131 56 105 8 58 128
80 34 14 12 10 10 160 72 38 32 194 206 194 130 0 82 104 204 106 128 4 195 199 64 148 32 10 49 65 8 43 134
64 32 2 137 76 9 96 64 110 32 194 8 134 130 0 214 104 204 106 128 8 3 211 80 148 32 2 24 32 0 34 0
96 32 2 137 76 11 225 64 44 32 224 10 198 128 64 80 104 140 106 0 8 179 197 0 148 128 3 48 96 8 19 128
104 34 80 101 45 12 88 16 107 172 182 41 207 59 66 18 134 196 108 8 12 96 193 128 194 249 33 51 98 160 74 3
112 0 133 141 15 75 97 72 174 160 194 10 194 210 0 70 104 196 106 136 8 67 211 208 149 32 139 59 48 8 20 36
33 166 2 157 93 147 162 232 94 132 120 39 100 192 38 132 217 104 130 37 6 178 78 159 60 6 15 47 89 14 123 198
80 32 134 13 9 15 33 72 118 164 198 0 194 160 64 194 112 196 106 8 8 209 203 16 21 34 67 16 96 32 120 0
89 34 212 165 41 10 120 16 41 160 162 77 207 35 2 210 162 197 108 32 12 192 193 140 158 251 103 17 106 164 75 1
48 32 78 137 76 75 224 72 110 164 240 143 194 194 4 80 104 132 106 128 8 243 223 80 148 128 3 57 65 8 103 134
32 34 6 1 72 11 160 72 102 168 226 12 192 192 64 82 104 76 106 0 0 211 207 16 20 2 3 16 73 0 114 128
96 32 5 13 75 11 1 72 6 180 192 8 194 128 64 18 73 204 106 0 8 83 203 16 156 2 1 60 48 8 6 160
80 32 14 9 72 75 33 72 230 160 194 2 66 128 32 194 96 76 106 136 0 209 203 16 20 35 35 1 32 0 41 130
32 32 3 9 75 75 160 72 22 160 224 10 64 192 96 208 120 12 98 0 2 211 203 17 21 0 3 40 113 8 34 128
72 50 134 29 88 131 33 88 246 140 198 32 68 224 34 82 81 108 234 32 32 211 139 28 12 163 101 9 80 32 44 128
181 159 90 90 182 147 22 248 86 224 248 230 99 224 166 32 95 106 14 122 255 187 44 63 186 206 37 112 121 138 96 141
1 40 23 151 77 143 224 64 238 224 242 76 206 194 64 150 42 109 106 12 5 241 158 96 148 48 3 32 72 4 11 132
56 32 135 29 9 219 32 72 214 160 194 0 98 224 32 240 89 108 106 0 15 211 239 31 24 135 5 37 112 40 42 128
100 162 204 192 236 9 64 136 11 188 176 73 198 73 68 18 201 196 110 16 10 99 203 208 158 144 37 61 208 136 82 2
33 32 6 9 72 15 160 72 126 160 224 8 128 130 0 208 120 140 106 0 1 210 207 16 20 0 3 40 73 0 115 128
81 8 223 95 66 194 99 112 124 128 102 66 121 242 168 116 114 110 42 136 161 209 183 107 93 166 231 0 41 160 97 160
32 42 136 165 72 137 160 72 62 180 240 207 195 192 66 16 121 236 234 4 14 115 203 17 220 0 39 61 89 8 27 130
80 32 6 137 74 75 32 72 36 32 194 10 131 128 0 18 104 196 106 136 1 243 199 64 148 32 34 1 96 8 35 128
80 0 3 128 74 8 33 64 102 32 194 10 18 130 32 82 96 204 106 136 0 211 133 80 148 32 34 8 33 0 35 160
32 32 10 129 74 9 160 64 110 36 226 10 128 130 64 80 104 140 106 0 0 243 213 16 21 0 3 32 73 8 83 160
32 162 64 184 76 9 224 200 22 16 240 202 163 201 88 16 89 216 98 129 10 114 202 145 92 144 163 61 85 40 114 128
48 2 14 153 74 11 32 72 70 32 194 199 192 192 32 66 104 76 106 0 0 211 223 21 84 162 227 16 56 8 56 128
88 2 142 29 10 146 33 120 246 128 198 32 66 225 160 82 113 108 234 0 8 211 143 30 88 167 101 13 96 96 112 34
32 162 149 29 74 143 0 200 214 176 192 76 194 224 64 0 25 108 106 0 11 210 219 29 12 2 69 52 24 32 2 144
0 0 6 137 77 11 32 72 214 176 194 2 64 192 32 68 120 4 106 0 2 195 79 29 20 34 3 60 16 8 48 164
32 32 2 129 74 9 160 64 110 160 226 10 128 130 64 16 104 140 106 0 0 243 197 16 20 0 3 33 65 8 91 128
96 32 132 164 74 11 160 72 54 180 224 139 130 224 64 18 57 204 98 17 10 115 219 16 28 0 15 61 65 40 86 130
96 34 209 101 108 9 120 0 107 160 178 77 143 11 68 146 170 197 108 0 8 98 193 192 148 248 1 50 104 160 67 2
8 0 150 156 73 135 176 72 182 164 192 0 196 211 32 192 248 108 170 0 2 211 155 149 21 162 75 11 16 8 41 130
81 32 142 5 8 10 32 72 236 160 194 2 208 162 80 114 97 196 106 140 1 209 135 64 157 34 207 0 0 32 35 4
52 14 86 190 150 131 66 104 86 128 234 66 99 225 40 64 121 238 46 56 42 187 9 63 184 230 53 80 177 10 120 8
83 0 197 165 8 74 97 0 45 160 162 137 199 34 0 86 98 197 108 164 13 193 213 204 148 242 202 16 32 40 1 4
97 34 64 168 108 9 72 72 111 164 176 137 143 2 86 84 74 132 78 12 12 98 207 208 148 144 3 57 68 136 75 4
52 160 20 184 219 131 160 200 22 176 192 10 196 210 104 132 121 88 226 16 2 83 75 21 157 130 7 125 144 8 45 130
104 32 10 129 77 9 224 64 60 36 242 43 198 129 0 16 120 140 238 128 8 243 193 64 213 161 35 41 65 8 71 130
80 34 26 129 75 9 97 72 239 44 242 43 14 130 102 84 104 140 238 128 8 243 131 80 148 0 131 43 65 0 47 134
89 34 84 161 33 8 120 16 45 32 162 77 207 3 2 212 162 133 108 12 13 192 193 192 146 241 3 18 42 132 11 1
81 34 82 161 44 9 104 0 111 32 178 8 143 2 0 214 162 197 110 8 4 65 197 208 144 240 3 48 44 128 9 4
64 0 151 29 12 2 164 104 246 130 194 66 80 224 32 66 120 100 106 168 32 241 139 13 21 34 199 0 16 104 112 32
81 32 135 5 8 14 32 72 236 160 194 66 210 162 80 114 97 196 106 140 1 209 151 64 157 34 207 0 8 32 35 4
64 0 151 29 12 2 160 104 244 128 194 66 80 240 32 98 120 100 106 168 33 241 139 9 21 162 231 0 16 104 112 32
96 34 132 165 78 11 160 72 62 176 224 139 194 192 64 2 121 204 98 1 10 115 203 17 29 0 15 60 65 40 86 130
101 178 200 129 204 9 96 200 63 176 176 111 194 64 64 148 57 204 238 20 15 114 207 144 156 144 5 63 217 40 74 148
52 160 20 153 218 131 160 200 86 176 224 10 244 210 104 64 121 216 98 16 2 83 75 21 157 130 7 125 177 8 32 130
96 34 208 165 108 25 192 8 107 164 176 205 131 8 212 22 136 204 110 1 12 98 193 144 148 216 3 59 65 40 95 132
81 34 208 133 15 9 96 8 111 180 162 140 207 130 82 214 34 196 110 12 12 97 205 80 156 176 7 53 32 8 75 4
32 32 10 201 92 15 160 72 22 184 246 10 66 209 96 0 121 204 106 8 8 243 203 24 93 131 37 61 81 8 120 162
96 32 128 164 78 9 160 72 46 180 224 139 130 224 64 18 105 204 98 1 10 115 219 17 29 0 15 61 65 40 70 130
81 32 159 5 10 10 97 64 236 160 194 2 210 162 80 114 96 196 106 136 1 209 133 64 156 34 207 0 0 32 35 36
16 32 14 1 74 11 32 72 246 160 226 132 81 192 64 82 121 76 106 136 0 211 207 24 92 3 33 0 96 0 34 128
20 160 149 155 219 195 33 200 86 181 192 10 102 210 104 196 89 90 226 16 2 83 75 53 157 130 5 127 176 8 37 130
64 0 158 221 28 2 32 104 246 128 194 2 80 227 32 66 120 100 106 168 40 209 131 12 85 162 199 0 16 104 96 32
81 32 159 133 10 10 33 64 236 160 194 66 208 130 80 114 96 197 106 136 1 209 133 64 156 34 143 0 32 0 35 36
37 178 8 187 216 129 146 200 86 117 240 47 242 192 74 0 217 202 66 20 30 114 203 55 28 134 7 127 217 8 42 214
32 32 192 172 78 73 160 72 14 164 240 139 130 128 68 2 104 220 66 1 8 115 203 16 29 128 7 57 65 40 70 130
81 34 134 133 9 154 96 0 238 160 226 68 204 226 80 214 97 100 106 136 4 209 199 64 156 162 199 0 8 32 105 4
64 0 159 93 8 6 100 104 244 130 226 64 82 225 32 66 112 100 106 40 41 241 155 13 85 162 103 0 88 120 96 32
20 160 149 185 219 195 32 200 86 180 224 10 102 211 104 128 89 88 226 16 2 83 203 21 157 130 5 127 208 8 5 162
48 158 19 191 84 195 163 200 22 13 240 103 96 224 40 64 249 42 2 0 42 179 10 191 177 166 131 10 17 8 116 250
0 8 22 159 84 134 32 114 246 8 66 66 116 243 32 100 120 110 34 136 34 219 11 253 69 34 242 0 26 8 48 170
102 178 133 137 140 11 128 200 222 176 144 237 194 192 196 64 89 196 110 17 43 227 79 153 156 18 15 60 220 8 16 32
97 34 72 5 108 9 97 0 107 164 176 136 135 2 212 22 74 196 110 12 8 99 205 80 148 176 3 57 68 128 67 132
65 0 151 157 85 134 96 104 252 128 66 66 76 243 32 198 112 100 42 168 33 209 147 204 148 162 199 0 8 40 33 128
81 32 159 133 10 10 97 64 236 160 226 64 220 130 80 114 34 197 106 140 1 209 133 64 156 34 143 0 32 0 35 32
80 34 215 165 42 11 104 64 45 160 178 192 207 2 0 134 38 197 110 137 1 225 197 196 148 242 15 16 108 160 3 37
80 32 6 12 74 11 32 72 36 32 194 138 194 130 0 210 104 204 106 128 0 211 199 64 148 32 2 40 97 8 43 128
32 32 65 137 76 73 161 72 14 180 176 138 131 192 196 22 73 204 106 8 10 115 239 17 156 16 135 61 85 8 87 164
96 32 192 140 77 73 160 72 174 164 240 139 130 160 68 18 72 204 194 1 8 115 219 80 29 0 15 57 65 40 70 130
83 32 83 161 34 12 40 64 45 0 178 194 159 2 0 112 230 149 126 140 1 65 149 192 148 184 138 128 36 0 35 4
96 32 120 192 108 9 232 64 105 36 240 139 130 9 20 18 234 197 71 1 8 115 212 192 21 24 130 49 101 8 86 130
65 2 143 93 24 6 101 120 244 138 226 68 81 241 160 66 120 100 106 40 41 241 139 13 84 162 231 0 25 120 96 32
32 50 26 154 90 203 178 72 30 12 240 47 96 192 38 16 248 173 162 1 36 243 194 122 52 36 3 43 81 8 111 131
1 28 151 190 56 134 39 104 246 10 66 68 244 243 32 197 217 106 42 136 33 209 26 63 161 182 67 8 24 96 33 160
20 160 20 184 203 199 32 200 86 180 224 10 230 210 104 128 89 88 226 16 2 83 91 21 157 131 7 127 144 8 45 130
16 32 14 1 74 11 160 72 230 32 226 0 64 194 64 80 104 140 106 136 0 211 211 16 20 2 3 0 105 0 34 128
0 32 134 29 73 6 160 72 118 128 194 1 64 224 64 66 120 76 106 0 2 211 223 17 21 32 3 8 65 32 35 160
81 32 148 165 44 11 64 40 111 176 162 232 207 34 192 246 131 197 108 0 13 65 205 144 140 242 71 54 8 168 75 4
120 34 144 165 44 9 64 0 43 168 178 105 207 11 192 146 128 197 108 20 12 98 193 128 158 217 37 49 66 140 74 1
98 162 0 161 44 9 64 136 47 184 176 233 135 0 196 150 201 196 110 4 14 99 203 17 156 208 5 60 80 136 82 4
121 32 128 173 41 13 64 8 111 168 178 109 199 2 208 150 200 197 108 20 13 99 195 128 156 240 7 56 72 132 74 4
112 2 12 13 74 75 33 72 86 32 194 10 211 192 32 66 120 204 106 8 8 211 195 16 212 32 163 56 48 8 52 32
65 34 204 141 44 10 97 0 111 164 162 136 207 2 146 82 98 196 108 12 12 99 197 64 148 178 3 16 4 160 75 0
17 32 23 165 15 14 168 64 236 32 194 66 205 130 32 198 226 69 110 129 5 209 133 192 148 240 138 0 40 0 9 4
48 34 134 157 74 11 32 72 22 32 194 71 196 192 32 192 88 76 106 0 2 67 203 17 20 35 3 56 56 8 32 144
81 32 148 165 9 10 96 8 127 224 194 0 207 34 2 246 114 197 108 133 13 209 197 192 148 242 15 18 40 36 9 4
96 32 138 157 73 75 96 72 238 164 226 9 194 194 66 210 104 204 106 128 12 67 219 80 149 32 7 57 0 0 110 6
64 32 6 129 73 75 32 72 230 160 194 10 198 128 96 64 104 132 106 0 12 211 207 24 148 34 131 17 16 8 20 0
113 34 67 12 90 27 224 88 51 160 240 206 66 192 192 180 120 204 102 136 9 114 206 26 20 36 1 56 123 8 98 164
25 128 134 63 26 3 0 232 22 240 66 197 115 224 40 193 81 108 106 36 39 211 207 61 72 35 101 60 120 44 48 144
81 2 7 189 76 146 32 72 228 0 194 198 201 194 160 226 104 228 234 128 5 211 151 192 148 34 138 0 40 8 57 4
81 8 150 149 1 146 161 64 254 0 194 2 220 226 164 230 240 100 106 136 0 217 35 76 148 162 203 0 0 32 33 36
80 32 22 137 77 75 161 72 238 36 226 2 204 130 32 198 232 204 106 128 0 225 131 208 149 162 3 3 0 0 41 130
32 22 134 29 24 131 32 104 214 176 194 96 96 240 160 117 81 100 106 32 32 209 143 29 56 34 69 22 24 40 48 4
81 32 142 141 12 27 32 72 126 164 194 34 194 224 130 198 120 196 110 172 12 209 207 92 148 162 71 17 32 0 121 4
120 16 142 29 8 27 3 120 22 164 198 40 114 224 224 96 81 68 104 0 10 211 239 25 92 35 101 20 113 168 80 32
80 32 134 141 13 91 224 72 238 164 194 2 198 162 98 198 104 196 106 128 12 65 211 208 149 34 67 17 64 0 57 6
1 32 6 141 78 11 160 72 246 160 242 170 194 226 162 196 120 204 106 136 12 243 207 88 156 32 131 25 65 8 43 128
81 32 86 137 12 11 224 64 110 32 242 130 207 130 128 198 106 204 110 136 8 179 197 208 148 242 139 0 36 8 105 132
81 2 206 133 12 10 64 0 111 164 162 136 199 34 128 66 98 196 110 140 12 193 199 80 148 178 67 16 32 0 73 4
112 34 144 37 44 9 64 0 43 172 178 201 207 2 192 150 128 197 108 20 12 98 193 16 156 208 5 49 64 140 74 4
88 34 134 29 74 2 33 88 118 128 198 140 64 224 224 82 112 108 234 8 8 211 207 24 84 163 101 8 106 32 58 176
32 162 64 185 108 9 128 200 22 48 240 234 131 201 192 0 89 200 66 145 10 114 203 145 220 209 167 60 93 8 114 128
81 32 134 5 76 10 32 64 100 160 194 64 208 128 144 114 96 196 106 136 1 211 135 64 156 34 135 0 41 32 115 32
80 2 143 77 12 2 32 72 118 128 226 66 208 224 160 66 120 68 106 136 9 211 131 68 20 34 227 0 40 40 112 32
48 32 20 137 75 11 160 72 22 176 224 10 196 192 96 128 121 92 98 16 2 83 91 17 157 130 7 61 24 8 41 128
48 32 132 141 75 75 161 72 54 164 160 11 6 128 64 146 120 204 106 0 8 115 203 16 29 0 15 57 65 40 7 130
48 162 82 251 14 131 64 200 86 0 242 98 99 193 168 64 121 170 38 8 10 242 79 191 152 198 37 41 121 136 56 128
112 32 81 229 100 9 104 0 41 160 178 141 143 11 68 146 170 197 110 0 9 114 208 192 150 248 3 48 105 128 74 0
65 32 142 5 72 10 32 64 100 160 194 72 208 130 16 114 96 196 106 136 0 209 135 64 156 34 135 0 33 32 99 32
37 12 207 62 136 34 7 184 210 146 98 72 115 225 169 27 17 102 96 42 105 241 139 43 40 166 101 16 225 240 66 32
114 0 197 173 9 74 65 0 45 160 226 137 199 34 0 214 64 197 108 129 8 211 197 204 149 242 202 17 32 44 70 100
32 32 23 137 79 75 160 72 22 176 224 10 68 192 96 132 121 156 234 16 2 115 91 17 29 128 15 61 17 8 45 130
64 0 135 93 8 2 32 104 246 128 226 64 82 225 32 66 112 100 106 40 8 243 139 13 20 34 231 0 48 104 96 0
65 32 143 133 10 10 97 64 108 160 226 66 212 130 16 114 96 196 106 136 1 209 135 64 148 34 143 0 40 32 99 32
48 34 4 141 79 75 160 72 62 164 176 10 2 129 64 16 120 220 234 1 8 115 203 80 29 0 15 57 65 40 70 130
80 0 143 93 72 2 32 104 118 128 226 66 82 225 160 66 112 100 106 40 9 211 139 12 20 34 231 0 40 104 96 32
16 34 14 153 72 139 160 64 190 36 230 7 132 194 38 84 248 172 234 132 0 243 147 80 20 32 131 35 65 0 47 134
32 48 88 129 78 11 224 72 27 176 240 15 2 8 70 16 121 204 98 16 14 114 219 208 28 144 5 63 121 8 90 128
36 160 20 153 203 203 48 200 22 180 224 10 70 208 96 0 89 28 226 16 2 83 75 29 157 130 13 127 80 8 37 130
65 34 159 133 10 2 105 64 108 160 226 66 212 130 144 114 98 196 106 136 1 209 133 64 148 34 171 0 40 32 35 32
48 32 0 141 79 73 160 72 170 164 176 11 2 152 64 146 232 220 234 1 8 99 219 80 157 0 7 59 65 40 78 130
81 2 143 77 12 6 33 120 118 136 226 70 81 227 160 66 112 196 106 168 33 209 147 12 84 162 231 0 40 40 96 32
98 34 193 165 45 9 192 72 43 168 176 201 143 8 80 150 136 197 110 5 12 96 193 144 148 208 3 58 72 44 82 132
32 160 28 153 75 207 176 200 150 180 240 10 100 208 96 0 217 88 234 16 2 99 219 17 29 128 7 127 80 8 45 130
81 2 150 5 9 14 96 72 238 160 226 68 200 226 0 214 34 228 106 136 5 209 143 64 156 34 71 0 8 32 107 4
121 34 16 160 44 9 64 24 111 168 178 109 143 10 192 210 202 197 108 4 13 98 193 128 146 248 34 58 74 128 74 5
89 34 208 165 44 9 112 0 111 160 178 236 207 34 192 214 162 197 108 0 13 97 193 144 148 240 35 50 14 160 11 5
40 30 23 191 28 207 163 120 150 8 80 98 246 247 32 64 89 120 34 0 34 248 90 191 237 134 43 32 16 8 37 179
32 38 26 190 112 203 178 72 30 204 112 41 116 196 34 0 216 123 2 5 38 242 10 63 116 39 43 41 80 8 47 211
115 34 5 165 45 11 0 8 14 176 146 232 199 0 196 198 73 196 110 17 9 99 207 144 156 210 13 54 92 12 16 4
96 34 65 5 44 73 97 72 107 164 176 136 135 2 214 22 74 196 110 12 8 99 197 80 148 176 3 57 68 0 71 228
81 34 149 165 40 26 104 0 45 168 178 224 207 2 128 246 226 197 108 136 13 193 199 196 144 242 47 16 72 164 11 4
1 0 150 221 8 158 32 104 246 136 226 68 96 226 164 230 240 100 106 168 5 209 155 76 24 162 71 0 8 32 105 4
1 32 14 29 72 143 33 72 246 168 198 0 80 192 160 98 120 108 106 136 8 241 237 0 21 33 35 0 65 8 96 160
33 32 23 29 74 143 161 72 246 184 194 12 208 192 96 6 121 108 106 0 1 209 207 16 28 0 5 52 80 8 32 146
49 32 14 1 10 15 161 72 246 228 194 12 194 128 66 64 120 76 106 12 0 209 239 16 84 2 39 16 105 0 115 192
37 142 198 30 136 34 71 184 210 146 98 76 115 224 169 27 17 102 96 46 232 240 142 43 104 46 101 16 225 241 66 32
6 164 132 23 153 87 6 200 22 179 64 0 196 226 73 248 145 94 160 48 54 80 155 59 41 6 77 111 144 112 9 4
56 32 135 29 25 75 32 72 54 240 194 1 67 228 64 128 89 76 234 16 8 209 203 28 29 3 5 52 48 8 6 208
20 172 132 26 145 243 22 168 118 179 68 17 102 242 107 80 145 78 32 48 62 65 27 63 169 134 5 111 144 117 136 6
1 8 142 223 20 134 32 96 244 128 194 66 112 243 32 64 120 110 42 136 32 217 11 253 4 162 194 0 24 40 96 128
48 174 19 187 124 131 163 232 22 1 80 226 246 213 40 193 217 58 2 0 43 242 75 191 161 134 163 104 81 8 48 161
6 180 132 23 155 67 22 200 150 183 0 1 228 242 75 79 145 78 233 18 50 83 155 59 105 6 77 111 128 116 7 194
8 0 150 157 91 151 48 72 22 164 192 3 196 242 34 196 248 108 170 0 6 211 91 157 21 34 75 43 18 12 45 130
65 48 142 28 74 22 32 88 118 128 198 40 80 240 226 114 112 108 234 0 9 211 239 16 21 35 103 8 64 32 50 240
32 50 18 161 72 9 160 64 62 40 242 239 198 129 0 144 120 156 238 0 8 243 193 80 148 160 35 57 73 8 11 131
25 0 7 157 77 158 32 72 244 192 194 130 73 194 32 228 112 236 234 140 5 209 151 192 21 34 130 0 40 12 57 4
33 32 6 9 73 91 161 72 118 160 194 8 210 192 66 192 121 76 106 0 4 211 239 16 28 3 39 48 64 8 58 192
80 34 14 9 8 9 32 72 38 32 194 142 194 130 2 210 104 196 106 128 13 195 199 64 148 34 138 25 8 8 43 144
64 34 142 13 72 74 33 72 54 160 194 8 65 224 34 208 120 204 234 136 9 211 207 0 21 34 131 8 32 0 54 160
117 166 135 21 140 2 36 248 118 178 66 68 83 224 209 11 89 100 104 60 57 243 143 8 8 34 101 68 233 120 112 32
83 32 84 161 41 26 96 0 47 32 162 73 207 2 4 212 162 133 108 4 12 193 193 208 150 248 3 18 34 132 75 4
64 176 135 29 72 11 33 200 22 252 194 236 192 228 192 66 81 108 106 0 11 83 239 17 28 34 229 60 16 40 52 112
96 2 30 137 74 67 32 72 102 0 194 2 208 130 32 80 104 140 106 0 8 211 223 16 85 33 3 40 48 8 52 162
112 34 64 129 77 9 64 72 111 164 176 137 142 130 84 212 106 140 78 4 12 99 198 208 148 16 3 57 64 12 94 4
96 48 134 13 73 91 32 72 246 232 198 44 66 224 194 82 112 108 106 0 4 211 235 16 29 35 69 17 0 32 54 86
112 50 134 13 74 11 33 72 54 180 68 44 64 192 194 84 121 76 234 0 0 211 203 16 156 2 5 46 56 8 6 240
96 34 14 9 72 75 161 72 38 164 226 13 194 128 66 16 104 140 106 0 0 83 211 16 21 0 11 57 65 8 38 130
48 18 134 29 10 18 32 88 118 228 198 132 66 228 34 86 80 108 234 32 12 211 255 29 9 35 69 1 98 160 36 214
8 34 134 29 25 83 32 72 214 248 192 40 80 208 98 32 89 92 234 0 7 195 235 29 92 3 37 61 16 8 36 194
32 34 30 136 76 11 161 72 214 172 244 106 22 193 224 0 248 152 98 0 0 115 202 144 84 129 35 57 81 8 126 163
81 0 7 129 78 9 160 64 238 32 194 74 198 130 32 212 104 140 106 0 9 147 197 80 148 32 139 48 8 8 49 4
96 32 65 137 44 73 192 72 78 160 176 136 131 0 208 148 74 140 110 1 9 99 239 208 148 144 139 57 84 8 86 164
6 188 132 26 185 227 22 172 182 187 64 49 236 226 107 216 145 79 160 48 54 80 11 63 40 22 93 111 152 117 137 6
117 164 143 119 140 2 6 184 82 178 66 76 83 224 145 11 25 102 96 58 57 243 143 42 40 174 101 4 233 248 80 0
104 32 6 137 73 7 33 72 166 52 194 12 196 192 34 2 72 76 106 0 1 19 219 16 20 34 11 60 24 8 41 144
165 142 143 94 152 131 6 168 214 146 96 232 115 224 169 51 21 102 96 42 97 208 14 63 40 166 101 16 80 240 66 32
24 0 14 137 78 75 161 72 102 36 194 134 195 128 32 64 104 132 106 136 9 177 213 16 148 33 130 16 49 8 53 160
181 206 207 126 168 34 71 184 82 234 98 108 115 225 153 59 25 102 100 46 233 226 175 46 96 174 101 16 233 241 66 41
165 204 142 62 136 35 7 184 210 210 96 232 115 224 137 43 17 102 96 34 97 240 142 43 40 167 101 16 225 249 66 1
6 190 148 18 153 167 23 172 190 183 6 17 238 226 75 88 149 95 161 50 50 80 27 63 105 150 93 103 144 119 135 2
80 0 6 13 77 75 32 72 118 36 198 6 211 128 34 64 120 12 106 136 8 147 87 20 84 34 67 1 57 8 48 2
4 172 148 26 153 143 22 172 182 59 64 21 230 224 42 208 145 78 160 48 54 88 27 63 40 54 85 111 216 101 137 14
61 38 199 117 132 34 71 248 82 170 246 254 83 97 145 63 25 236 100 46 249 242 237 10 248 239 101 20 239 249 240 33
87 160 133 17 139 75 141 136 158 178 128 136 200 96 221 142 25 199 106 189 43 67 207 216 140 18 207 118 142 116 27 36
73 160 6 29 73 195 32 200 150 248 198 8 212 228 98 4 17 108 106 12 2 83 203 29 76 35 45 61 16 12 1 192
6 184 148 18 169 225 52 136 190 183 0 49 204 246 73 142 145 127 233 18 54 65 154 49 13 18 95 111 128 117 143 135
189 102 199 126 160 46 71 248 82 170 250 204 115 97 153 59 29 238 100 46 233 247 141 46 240 175 101 20 233 251 114 33
48 48 142 29 72 150 32 88 246 184 198 32 114 241 160 80 81 108 234 0 8 211 235 21 88 35 97 44 48 40 112 130
70 160 140 23 139 5 22 200 146 190 4 13 228 226 75 10 145 79 233 22 118 67 155 50 41 39 79 111 136 116 11 146
117 166 199 87 156 2 6 248 82 178 194 94 83 225 209 43 25 228 96 62 185 243 207 42 104 46 101 68 233 248 208 0
16 34 142 141 44 27 32 8 230 164 166 160 195 194 130 198 72 204 238 128 12 195 207 88 148 178 163 17 1 8 46 132
70 188 132 82 145 231 22 172 63 183 2 16 236 246 77 92 145 95 161 50 50 192 27 127 41 22 93 103 130 119 133 38
120 0 134 29 25 22 32 120 118 164 198 5 83 224 32 64 81 108 106 44 8 211 255 13 81 35 65 0 49 40 48 82
6 188 148 19 153 237 54 140 190 147 0 17 204 242 73 152 145 123 161 16 54 88 154 119 45 22 93 111 144 117 143 6
74 190 142 29 91 135 178 200 190 164 198 141 100 227 2 2 21 109 235 52 36 209 155 94 77 39 77 125 8 36 47 210
17 50 151 53 58 139 38 88 54 226 194 236 69 226 192 148 23 109 106 20 5 211 203 31 156 198 69 62 40 164 2 149
124 160 165 85 203 75 165 200 146 182 134 139 64 229 69 142 121 212 235 144 24 211 239 0 29 35 197 53 163 124 22 226
53 173 79 122 154 131 206 236 246 128 169 202 115 224 56 176 57 226 88 250 123 43 15 63 184 142 165 124 245 211 250 40
32 50 30 201 108 11 176 88 86 160 244 110 70 193 224 64 120 12 106 0 0 243 75 144 84 131 3 41 89 136 42 130
97 0 7 156 77 210 32 72 246 200 194 3 64 210 32 240 248 236 106 133 7 211 135 193 21 32 139 9 16 12 56 198
81 34 150 132 73 12 32 72 236 168 226 68 76 194 98 86 98 197 106 128 4 211 135 192 148 32 11 8 8 0 43 4
163 29 62 254 60 181 154 118 157 69 220 54 228 255 38 100 204 115 155 64 163 137 114 191 167 255 154 27 24 72 185 126
42 212 48 187 63 253 147 238 159 73 92 51 238 253 42 164 223 59 151 65 19 168 106 255 229 87 58 251 95 94 157 251
215 173 128 156 144 162 78 174 82 131 8 86 65 98 208 240 81 238 48 255 254 74 141 63 56 38 207 76 172 113 184 4
36 162 17 187 206 131 160 200 22 16 80 194 247 192 40 192 89 26 34 0 3 114 75 181 156 130 39 108 113 8 49 160
17 0 14 157 20 130 32 72 244 0 194 98 112 243 160 64 120 100 42 168 35 209 11 221 16 34 227 0 24 168 121 128
121 34 5 161 44 27 64 8 14 160 178 200 199 0 192 208 202 132 236 5 13 98 201 16 156 211 39 48 88 12 24 0
132 175 134 23 210 162 38 167 50 23 75 145 100 99 8 19 51 111 129 178 114 216 8 111 108 6 87 65 128 86 167 138
96 34 65 133 44 73 97 0 107 164 176 168 143 2 148 214 74 196 110 1 8 99 197 80 148 240 3 49 68 0 71 228
96 32 64 136 77 89 64 72 63 224 242 138 134 128 82 244 120 140 238 1 13 115 223 208 148 16 131 57 117 8 94 20
65 0 158 157 8 150 32 104 246 128 226 100 192 242 164 230 240 108 106 136 4 195 155 76 20 162 71 10 8 32 105 132
102 160 135 21 217 219 160 200 182 180 194 137 192 228 65 142 145 109 235 17 36 83 207 0 28 50 205 63 130 108 23 246
171 222 117 219 189 223 132 252 95 123 240 90 234 92 188 165 221 218 150 75 239 60 127 255 45 90 87 118 87 28 209 189
13 164 131 27 152 135 3 248 22 177 64 92 212 227 232 132 25 74 34 188 51 210 155 63 232 6 45 124 152 0 131 160
65 14 142 31 88 138 167 32 244 166 226 132 112 225 178 67 113 102 106 44 32 241 143 46 124 38 103 0 65 224 112 0
94 162 135 5 141 74 165 168 250 182 130 138 194 224 208 199 49 68 232 56 1 209 207 200 156 50 207 54 131 100 23 36
87 162 133 5 139 91 132 136 46 178 130 200 195 96 212 166 1 196 236 185 43 81 239 24 156 194 205 55 132 124 19 36
89 34 5 161 41 30 72 16 109 168 162 76 207 2 0 246 192 197 108 128 13 64 193 0 129 241 35 16 72 132 11 4
32 50 23 185 92 199 177 88 150 76 112 71 116 197 32 0 252 57 2 1 34 243 26 157 117 162 43 40 81 8 39 211
8 14 23 191 48 143 35 120 22 136 82 98 246 247 160 197 93 122 34 40 41 240 11 191 161 166 99 0 50 168 33 161
102 10 166 31 204 138 165 160 246 182 66 129 226 232 23 79 17 102 104 39 36 241 143 46 76 54 69 1 192 124 118 68
81 34 144 165 40 9 104 0 111 168 178 76 207 34 192 246 162 197 108 12 13 97 197 16 148 240 1 48 72 128 3 5
179 20 117 157 174 123 149 111 93 114 208 50 254 60 164 239 207 59 30 33 173 244 117 157 164 210 254 146 190 124 149 255
0 188 138 62 16 135 10 232 62 129 72 69 245 242 40 32 149 123 51 1 162 218 154 63 233 166 13 40 24 2 35 154
101 140 212 95 153 154 70 170 254 146 102 0 227 224 46 245 19 102 98 14 102 216 95 63 46 46 85 1 90 240 72 12
34 150 119 83 244 235 189 119 125 87 117 248 138 45 148 61 31 58 135 3 176 252 44 255 12 26 112 195 199 205 215 245
97 34 16 161 44 9 64 8 111 168 178 108 143 2 192 22 138 197 108 12 13 98 193 192 140 248 35 50 72 128 67 5
120 34 16 160 44 13 88 16 41 172 178 73 143 11 64 146 128 197 76 4 12 96 192 128 130 217 33 49 66 140 74 1
241 237 73 54 182 0 78 231 16 242 8 187 51 44 209 35 15 206 17 111 239 126 140 47 184 194 205 48 109 248 146 88
109 162 237 21 140 11 133 184 106 246 150 236 211 97 219 42 7 198 124 29 144 97 239 0 76 10 229 252 133 248 82 97
118 34 164 5 139 91 132 136 42 182 134 141 195 96 71 30 1 196 237 145 12 65 239 128 152 18 205 127 132 124 31 70
169 94 92 255 173 251 20 124 159 94 117 181 239 253 163 201 207 115 167 6 229 110 122 191 198 251 116 155 222 252 137 217
36 62 255 250 232 235 179 218 156 79 253 56 86 247 161 25 223 122 71 50 32 247 106 10 85 151 113 143 208 249 102 243
180 94 254 190 74 13 85 242 17 158 244 63 46 175 35 91 239 249 167 2 236 103 18 234 211 131 116 187 113 121 46 219
189 93 55 174 252 223 214 120 93 232 249 106 127 252 171 165 220 249 150 99 253 178 104 190 176 219 101 186 119 127 216 229
60 87 115 110 245 95 215 248 93 200 249 106 91 252 45 164 220 251 150 99 249 179 120 190 49 255 37 154 83 127 230 247
189 6 207 126 160 10 71 248 80 170 246 236 115 97 145 59 29 230 100 46 233 243 175 46 248 239 101 144 239 248 114 33
32 32 2 132 77 77 160 72 174 164 240 11 6 212 64 146 233 220 234 0 8 115 219 80 21 0 11 59 65 8 14 130
6 188 148 51 185 199 54 136 190 187 0 17 204 242 73 159 145 95 233 16 54 64 154 115 45 22 95 111 128 116 135 135
65 34 7 133 8 10 97 80 102 160 226 68 209 163 144 114 96 204 106 136 129 209 197 64 212 34 163 0 40 160 99 160
125 166 207 117 140 10 103 184 118 186 230 230 83 225 208 35 121 236 108 46 169 240 239 10 124 239 101 4 239 248 114 32
70 176 148 150 201 67 52 232 186 191 128 9 204 246 73 142 145 95 235 16 6 67 139 112 29 50 79 127 128 100 7 199
32 32 23 137 75 75 48 72 22 180 224 10 198 208 96 192 121 8 234 0 2 243 75 17 29 130 7 63 48 8 37 130
56 32 20 9 75 75 48 72 22 180 224 10 196 210 64 132 121 88 234 16 2 243 219 17 157 130 5 63 112 8 37 130
17 32 143 93 8 2 33 88 246 160 226 68 81 227 160 82 120 228 106 8 9 241 139 12 84 34 231 0 8 168 96 32
125 190 207 127 152 2 71 184 210 250 98 236 115 225 185 123 21 230 96 46 169 243 175 47 104 175 101 20 233 240 66 33
32 32 0 141 79 9 160 72 38 164 240 11 134 128 64 16 104 140 234 128 8 243 211 80 149 0 3 57 65 8 70 130
17 32 15 133 8 10 97 64 236 160 226 66 212 130 144 114 104 196 106 136 1 209 133 64 148 32 171 0 41 0 99 32
94 160 140 22 139 3 22 200 22 182 68 41 68 242 75 10 145 79 233 18 38 83 139 58 89 7 77 111 136 116 15 146
125 166 199 85 158 2 71 248 86 250 194 230 83 225 145 43 25 108 104 44 169 243 239 8 124 43 101 20 233 248 112 96
64 0 143 93 8 3 33 104 246 128 226 64 82 225 32 82 112 100 106 40 41 211 139 28 20 162 99 0 16 40 96 32
53 142 143 94 136 10 7 184 210 154 98 104 115 225 137 59 17 102 96 42 233 208 143 47 104 174 101 16 232 240 66 33
6 188 148 91 153 215 22 168 62 179 0 16 108 246 77 156 145 91 160 16 54 80 139 127 41 22 85 111 210 116 135 6
101 164 135 21 152 10 37 248 246 250 194 68 83 225 209 11 17 100 104 56 41 241 175 8 104 34 101 68 200 248 80 32
60 23 2 169 253 66 39 80 4 100 212 6 2 17 35 67 232 4 138 98 120 147 33 168 180 97 130 2 18 255 52 209
112 0 6 9 77 75 32 72 230 104 194 6 194 208 34 68 104 132 106 8 8 211 203 16 213 34 3 8 48 8 48 194
56 176 6 13 10 27 32 200 86 176 194 32 64 192 96 96 89 124 234 0 2 211 239 29 28 3 5 38 112 40 4 149
64 32 134 29 11 135 32 72 246 232 194 1 64 228 32 114 80 108 234 4 0 195 203 17 21 34 69 26 34 36 32 68
41 32 6 137 73 75 32 72 102 40 194 2 194 192 34 68 104 12 106 4 12 211 203 16 20 35 163 48 48 8 48 192
96 48 6 12 72 11 32 88 54 224 198 173 64 229 194 20 120 76 234 12 2 211 203 17 28 2 5 56 2 12 34 208
104 48 134 29 72 155 32 72 246 224 194 41 64 208 224 114 241 108 234 0 0 211 171 16 84 35 5 56 0 0 50 210
14 30 183 223 164 107 191 183 92 95 215 240 254 108 173 239 199 115 191 2 177 232 107 238 236 182 126 146 150 253 149 125
6 150 191 91 224 175 189 247 60 31 119 245 205 109 188 13 183 123 23 46 176 240 40 253 110 26 118 192 198 217 199 241
119 162 165 5 140 14 77 168 99 250 146 204 195 96 212 118 141 196 108 141 136 99 235 0 153 178 237 252 192 116 82 100
97 34 17 160 44 13 65 24 107 232 178 77 143 2 66 20 136 132 76 12 13 98 192 208 149 216 1 56 72 128 66 37
181 237 104 54 134 128 79 238 16 130 136 154 115 104 25 49 57 226 16 239 104 111 158 47 249 143 221 56 101 250 210 40
101 162 173 69 140 11 173 184 194 187 150 204 209 97 89 42 13 196 121 156 154 99 239 16 92 59 229 252 133 248 82 32
126 160 164 37 137 91 1 136 34 180 130 169 195 36 87 30 1 212 237 145 14 65 239 144 140 211 205 119 134 100 23 70
60 63 186 123 240 111 179 218 62 239 125 181 222 247 163 8 127 90 135 50 176 178 105 46 223 215 49 197 210 235 15 243
173 95 55 238 253 95 87 248 213 236 253 110 79 252 191 37 222 251 22 99 253 163 104 190 178 251 101 147 127 255 212 245
189 87 119 110 253 191 215 252 223 76 253 108 91 252 173 165 220 251 214 98 249 179 120 191 51 255 37 150 91 127 204 245
40 48 22 137 73 79 176 72 134 188 226 11 198 208 96 128 233 24 234 0 0 115 91 144 29 0 7 63 80 8 45 130
89 18 159 237 78 2 97 88 116 200 226 102 209 163 160 98 120 204 106 136 9 211 199 0 84 171 226 0 41 168 96 32
14 160 148 27 185 223 48 200 190 185 64 9 236 242 105 140 145 95 234 16 38 81 155 117 13 82 77 111 146 68 11 134
125 22 207 125 178 10 71 56 115 234 230 236 83 97 145 113 93 236 36 46 169 242 237 14 250 239 101 148 239 240 114 33
61 220 185 247 241 124 118 247 121 75 252 92 222 126 2 176 253 243 222 32 189 190 120 238 191 223 22 10 202 118 234 223
6 176 149 29 233 69 52 232 186 182 64 41 236 246 72 130 149 95 235 17 6 67 155 81 13 18 79 127 128 100 15 135
125 166 207 101 148 26 103 248 118 186 246 238 83 225 144 51 57 236 100 44 169 241 173 12 126 235 229 132 237 232 114 33
12 160 182 27 153 151 16 232 190 180 70 1 236 230 105 152 145 127 234 48 38 209 139 61 11 83 69 111 146 36 13 2
121 22 207 125 10 2 71 56 86 202 102 228 115 225 177 123 21 108 100 46 169 243 175 15 104 239 101 0 233 240 114 113
