16 32 14 9 74 3 161 72 230 32 226 128 80 194 64 112 104 140 106 136 1 211 231 16 20 2 3 0 97 0 34 160
16 32 7 13 74 75 160 72 246 0 226 66 64 192 0 2 120 76 106 0 0 243 151 16 21 32 2 24 65 8 39 134
48 32 6 137 75 11 160 72 238 0 240 2 192 194 64 68 104 140 106 128 0 243 219 208 149 0 131 9 65 0 107 134
96 32 2 129 76 9 160 72 46 32 242 10 198 129 0 16 104 140 110 8 8 243 195 80 20 32 3 40 73 8 67 128
64 18 134 20 8 6 32 72 246 152 194 108 66 224 32 82 17 100 106 0 13 211 139 24 24 34 69 12 72 32 112 16
56 160 148 29 74 155 0 200 118 180 196 8 194 224 194 22 89 108 106 8 10 208 235 29 12 3 69 53 16 32 10 128
49 32 6 9 74 131 161 72 246 0 224 12 64 194 96 80 120 108 106 128 1 211 207 16 20 2 3 8 65 0 35 148
16 32 6 29 75 203 32 72 118 132 226 6 64 128 98 4 120 108 106 128 4 243 151 16 20 32 3 1 97 8 103 132
32 32 14 1 72 11 160 72 102 160 226 8 208 128 64 82 105 76 106 12 0 211 207 16 28 2 7 16 64 0 114 160
80 32 134 12 75 11 32 72 102 160 194 137 66 160 64 82 104 204 106 0 0 211 199 0 21 32 3 40 32 32 34 130
88 0 134 29 11 130 32 104 246 128 194 0 66 224 0 82 112 108 106 128 8 211 207 8 25 35 69 4 97 32 112 0
36 160 150 29 202 139 33 200 86 184 192 8 208 192 96 0 217 108 106 16 2 211 203 25 12 2 69 60 80 32 3 128
32 34 6 9 74 11 160 72 118 164 224 200 192 192 64 80 121 204 106 0 0 210 207 16 20 2 135 40 97 8 114 128
80 32 6 13 9 10 32 72 166 160 194 200 192 224 0 210 104 196 106 128 1 211 199 64 148 34 3 0 8 0 43 128
80 32 66 137 75 9 96 72 230 32 242 10 138 130 64 208 104 140 110 128 8 243 135 80 148 32 131 41 97 0 99 130
96 32 88 129 76 9 225 64 44 32 242 138 214 0 0 16 104 140 106 136 0 242 193 64 20 160 3 40 97 8 99 128
96 32 2 13 73 9 32 72 230 160 194 76 194 128 0 86 104 204 106 128 8 67 211 16 148 32 3 56 8 0 42 0
64 32 2 5 74 11 32 72 174 160 194 10 198 128 64 80 104 140 106 0 12 211 197 0 148 0 3 49 96 8 11 128
32 32 5 137 76 11 161 72 22 160 242 74 211 128 64 192 120 140 106 136 9 242 195 144 20 128 131 40 49 8 112 160
112 0 134 157 9 11 32 72 166 160 194 11 194 194 64 82 104 196 106 0 10 195 203 17 148 34 131 59 16 8 16 6
48 32 22 137 75 139 160 72 230 144 226 2 192 194 96 198 104 236 106 128 4 243 219 80 149 2 131 31 65 0 43 134
96 32 9 137 78 9 160 72 38 160 242 202 211 128 64 80 104 140 106 136 0 242 199 80 20 160 3 40 105 8 99 128
80 34 23 137 78 75 160 64 230 32 194 66 192 130 32 194 104 204 106 136 0 195 195 80 148 34 2 0 32 0 33 128
97 32 135 13 8 11 32 72 118 160 194 76 210 224 192 210 81 68 106 8 9 211 219 16 28 34 197 16 104 32 16 2
112 162 140 13 74 11 0 200 54 180 192 8 192 224 66 82 89 76 106 0 14 83 203 25 156 2 5 61 48 40 6 130
32 32 10 137 78 75 160 72 22 36 224 10 128 192 96 80 120 140 98 136 0 243 203 16 21 128 131 41 113 8 102 128
64 160 135 31 24 131 33 232 246 144 194 128 101 228 32 115 17 108 106 0 33 193 171 61 9 162 69 8 80 32 36 176
48 160 135 29 25 195 2 200 150 176 66 0 98 224 32 80 81 124 98 32 42 211 219 31 41 134 5 37 112 40 38 130
104 34 24 224 36 13 88 16 41 40 182 73 223 19 2 80 128 133 109 12 12 32 193 0 195 249 33 17 74 128 74 3
96 32 134 157 73 131 32 72 182 160 194 10 68 194 96 210 120 236 106 128 0 211 195 192 20 34 131 11 16 8 41 130
80 32 6 13 72 11 32 72 38 160 194 202 83 128 0 82 104 196 106 128 0 211 199 0 148 34 35 0 32 8 35 128
88 34 28 165 44 29 80 16 46 168 162 77 223 35 66 210 128 197 236 4 12 96 193 0 218 243 101 17 10 160 75 3
80 32 2 129 73 9 96 72 230 32 242 10 130 130 64 80 104 140 106 128 8 243 215 80 149 32 131 25 97 0 99 130
80 0 2 137 13 73 96 72 46 32 210 11 194 130 0 82 104 196 110 0 8 227 195 192 149 32 139 57 16 8 84 2
81 32 134 5 8 10 33 72 236 160 194 2 208 162 80 114 97 196 106 140 1 209 135 64 156 34 207 0 0 32 35 4
120 34 144 100 45 12 72 24 43 168 178 77 143 3 64 146 128 196 236 4 12 98 193 128 203 249 37 49 74 132 74 3
0 32 22 136 73 11 160 72 238 164 226 1 196 194 96 70 232 204 106 128 0 243 131 64 21 2 3 3 64 0 39 130
96 32 132 165 74 11 160 72 54 180 224 139 194 224 64 18 57 204 98 21 10 115 219 16 28 0 15 60 65 40 86 130
64 2 158 29 12 2 164 104 244 130 194 66 80 224 32 98 120 100 106 40 32 241 139 13 21 34 231 0 16 104 112 32
52 160 20 153 219 131 32 200 22 176 192 10 196 210 104 192 121 88 226 16 2 83 75 21 157 130 7 125 176 8 41 130
81 32 134 133 8 10 32 72 236 128 194 66 208 162 80 114 96 196 106 140 1 209 135 64 157 34 207 0 8 32 35 4
32 32 132 164 78 11 160 72 30 176 224 139 130 192 64 2 121 204 98 1 10 115 219 17 29 0 15 60 65 40 86 130
64 34 198 141 10 2 32 72 166 160 194 227 193 162 160 194 110 196 110 140 8 211 199 16 148 34 162 144 52 168 32 129
64 0 159 29 12 2 164 104 244 130 194 66 80 224 160 98 112 100 106 168 33 241 139 9 29 34 231 0 16 104 112 32
81 32 80 32 32 13 88 16 107 168 178 104 143 18 192 182 166 197 108 12 13 67 192 192 154 248 37 178 106 128 11 5
52 160 148 153 219 203 160 200 22 176 192 10 196 194 72 128 121 88 226 16 2 83 219 21 157 130 7 125 177 8 37 130
81 32 143 133 8 10 33 64 236 160 194 66 208 162 80 114 96 196 106 140 1 209 133 64 157 34 207 0 0 32 35 36
80 2 159 205 14 2 233 72 236 0 194 66 208 163 48 66 104 196 106 136 1 209 131 192 148 162 234 0 32 40 49 32
84 132 132 141 155 75 0 168 14 180 162 130 195 98 0 199 73 196 238 32 40 193 79 156 172 226 197 85 50 40 12 4
65 2 143 93 8 2 101 120 244 130 226 66 81 225 160 98 112 100 106 168 41 241 139 12 84 162 231 0 41 248 96 32
48 32 196 165 77 11 224 72 46 164 240 139 135 8 64 146 72 205 106 1 8 242 217 192 156 208 7 49 69 8 71 130
96 32 128 164 78 73 160 72 46 176 224 139 130 192 64 2 105 204 66 1 10 115 203 17 29 0 15 61 65 40 86 130
81 32 223 133 10 10 105 64 236 160 226 66 221 130 208 114 98 197 110 136 1 209 133 64 156 34 143 0 40 0 35 36
64 2 158 221 28 2 160 104 244 128 194 66 80 224 32 66 120 100 106 168 32 241 131 12 21 162 231 0 16 104 112 32
52 160 20 153 203 131 160 200 22 176 224 10 244 210 104 192 121 24 98 16 2 83 91 17 157 130 7 125 177 8 41 130
20 160 20 184 219 195 32 200 86 176 224 10 230 210 104 132 89 88 226 16 2 83 91 21 157 130 7 127 144 8 45 130
64 2 143 93 24 2 101 120 244 130 226 64 82 225 160 66 112 100 106 40 41 241 139 13 84 162 231 0 25 120 96 32
96 32 112 192 108 9 232 64 105 36 240 139 130 9 20 16 234 133 70 1 8 115 196 192 21 24 130 49 101 136 86 130
83 32 83 161 34 8 40 64 45 0 178 194 159 2 0 112 230 133 126 140 1 65 133 192 148 184 138 0 32 0 35 4
96 32 192 172 76 9 160 72 46 164 240 139 130 128 68 18 104 204 66 1 8 115 219 80 29 0 7 57 65 40 70 130
81 32 150 5 10 10 32 64 236 160 226 66 210 130 80 114 97 196 106 140 1 209 133 64 156 34 143 0 32 0 35 4
81 32 151 133 10 10 97 64 236 160 226 66 222 130 80 114 98 197 106 140 1 209 133 64 156 34 143 0 40 0 35 4
96 32 192 172 78 9 160 72 46 164 224 139 130 160 64 18 104 204 66 1 8 115 203 16 29 0 7 57 65 40 70 130
64 0 151 93 8 2 101 104 244 130 226 64 82 225 160 66 112 100 106 40 41 241 139 13 20 162 103 0 88 120 96 32
20 160 20 185 219 199 32 200 86 176 224 10 102 210 104 196 89 88 226 16 2 83 91 21 157 130 5 127 208 8 37 130
96 32 133 157 73 203 32 72 182 160 194 11 192 210 96 194 120 236 106 128 12 67 203 208 149 32 131 59 16 8 62 134
84 160 132 54 155 71 6 200 22 179 64 24 68 242 73 142 17 94 232 18 50 82 219 51 185 6 77 111 128 112 143 130
64 0 6 141 73 3 32 72 54 0 194 10 68 194 32 80 248 204 106 0 4 211 147 208 149 34 139 9 16 40 41 130
64 32 82 129 74 72 32 64 110 32 226 34 140 2 128 80 106 140 110 128 0 211 197 80 148 160 163 33 41 0 35 130
32 34 7 137 76 11 161 72 22 164 242 202 194 192 192 64 120 204 106 8 8 242 207 16 28 130 5 40 113 8 112 160
86 160 132 22 155 71 22 200 150 183 64 9 68 242 75 10 145 94 233 18 114 83 155 51 153 6 205 111 128 112 7 130
120 4 134 29 9 7 32 104 214 176 194 0 112 240 32 65 81 108 104 32 40 211 223 31 25 38 69 4 48 40 112 0
112 0 8 137 74 9 33 72 86 32 198 138 211 192 0 66 120 204 106 140 8 210 199 16 212 32 131 40 49 8 50 128
81 160 142 29 26 131 32 200 150 248 66 1 116 224 34 96 17 110 106 36 38 67 139 31 204 39 101 61 48 40 1 130
96 34 6 25 73 11 160 72 246 160 224 72 192 192 64 144 89 76 106 8 0 67 203 16 29 2 135 56 64 8 18 160
0 32 6 129 8 15 160 64 230 160 194 75 196 144 96 64 104 4 106 0 0 211 199 24 149 34 131 18 16 8 17 6
32 32 6 1 9 11 160 72 230 176 226 8 192 192 64 82 105 76 106 8 0 211 207 16 29 3 167 21 65 8 90 128
120 0 132 29 11 3 0 72 22 176 194 10 97 225 64 66 81 204 106 128 10 211 207 17 89 99 101 53 51 168 16 0
80 32 134 12 74 14 32 72 102 160 194 72 210 160 0 210 104 204 106 128 8 211 207 0 148 32 99 32 32 32 34 0
32 2 6 137 72 11 160 72 70 32 192 71 196 193 32 66 104 76 106 0 1 211 75 16 148 34 3 56 24 8 48 130
112 0 5 137 77 9 96 72 62 32 242 11 134 194 32 194 120 204 106 8 12 99 219 208 149 32 139 57 16 8 122 134
17 0 6 137 76 11 32 72 118 36 194 2 67 192 34 68 120 140 106 8 8 210 71 16 20 34 131 0 48 8 120 128
32 34 7 137 76 11 160 72 86 164 242 74 194 192 64 64 120 12 106 8 8 243 195 208 148 32 131 56 17 8 112 128
113 0 12 137 74 11 33 72 86 32 194 138 210 192 0 66 120 204 106 12 9 114 207 16 148 32 131 56 48 8 48 160
80 0 7 13 12 143 32 72 214 160 194 2 208 192 32 64 120 44 106 136 0 211 87 28 21 34 131 0 48 8 112 128
89 34 140 165 40 27 80 16 44 160 162 137 223 43 2 210 194 197 236 1 12 192 197 4 198 227 99 17 40 160 9 2
0 32 22 9 73 11 160 72 246 160 226 0 196 194 96 66 249 76 106 0 0 243 139 64 29 2 3 3 64 0 35 130
80 32 4 129 9 75 32 72 230 160 194 14 192 130 96 64 104 4 106 0 12 211 215 24 149 34 131 17 16 8 20 6
80 0 18 129 66 8 32 64 228 32 226 10 22 130 32 64 96 140 106 136 0 211 133 64 148 160 2 8 33 0 35 128
0 32 22 9 73 11 160 72 238 160 226 0 196 194 96 70 105 76 106 0 0 243 139 80 29 2 3 3 64 0 35 134
112 32 14 153 74 3 161 72 22 32 192 130 212 192 34 64 88 76 106 0 3 67 203 17 20 34 131 56 48 8 41 128
32 32 12 137 78 11 160 72 22 160 242 74 211 192 64 64 120 140 106 8 8 242 207 144 20 128 163 40 49 8 112 128
32 32 18 129 72 9 160 64 238 32 242 10 128 128 64 80 104 140 106 0 0 243 196 80 21 0 131 48 65 8 83 162
16 0 6 137 8 10 160 64 36 0 194 130 192 130 0 64 104 140 106 136 8 129 199 192 148 32 138 0 32 0 33 128
32 32 2 137 76 3 160 72 70 32 208 2 134 128 32 4 104 136 74 129 8 35 203 208 148 0 139 56 81 8 49 128
48 0 6 137 74 75 32 72 70 32 194 130 192 192 32 66 104 76 106 0 0 211 207 20 20 34 131 16 49 8 48 128
32 34 15 13 74 11 160 72 174 160 226 66 199 130 64 82 104 204 106 8 0 243 193 80 20 160 3 32 97 40 99 128
112 0 134 157 73 131 32 72 182 128 194 10 68 194 32 210 120 236 106 128 8 211 195 208 149 34 139 9 16 8 33 130
80 0 7 136 76 3 32 72 198 32 194 66 192 192 32 192 104 12 106 0 2 195 79 17 20 34 3 24 16 8 48 132
16 128 134 61 26 131 0 200 22 176 194 0 96 224 32 64 81 108 106 32 34 211 207 29 8 34 69 61 48 40 52 130
104 0 135 29 25 131 32 104 214 176 194 64 96 224 32 212 81 100 106 32 33 211 207 29 28 34 69 52 18 44 48 160
32 32 14 137 76 11 160 72 86 160 210 10 211 192 64 64 121 140 106 8 8 242 207 144 28 128 135 40 113 8 112 128
96 32 6 137 73 73 32 72 166 160 194 11 194 194 32 66 104 204 106 128 8 67 203 208 149 32 139 57 16 8 58 134
96 48 132 29 25 6 160 104 214 184 194 41 192 244 96 66 209 100 234 32 32 195 203 29 13 34 69 60 16 44 0 18
88 128 132 29 10 19 0 248 22 240 198 136 113 224 192 98 81 204 106 136 10 211 239 25 92 35 97 52 113 44 48 0
101 164 142 21 140 2 102 184 242 242 194 86 82 224 209 43 89 100 104 62 185 241 143 8 108 43 101 4 233 248 240 0
20 164 140 23 155 99 22 200 22 183 68 17 68 242 107 74 17 78 160 18 50 80 139 50 233 134 77 111 176 115 137 2
196 164 146 18 145 230 22 172 58 151 11 17 100 246 73 88 145 95 160 50 50 193 155 127 169 22 85 71 128 119 167 66
212 140 144 30 147 135 22 172 118 19 105 16 102 226 42 80 145 74 160 50 114 201 27 63 169 166 5 87 176 115 171 2
96 32 3 136 73 11 160 72 230 32 242 11 2 130 64 208 104 140 106 128 8 243 195 80 149 0 131 59 65 8 98 134
48 32 3 129 74 9 161 64 44 32 242 10 210 128 0 16 104 140 106 8 8 243 193 64 148 32 3 56 97 8 67 160
80 32 2 137 79 9 32 72 174 32 194 10 198 128 32 82 104 204 110 0 8 243 195 208 148 32 131 27 48 8 53 6
96 0 2 137 77 75 32 72 102 4 194 6 64 130 34 80 104 140 106 136 8 147 211 16 20 32 130 57 16 8 112 128
33 32 7 137 76 11 160 72 22 160 242 74 194 128 96 192 120 140 106 8 9 243 211 144 20 0 131 56 113 8 112 160
112 32 6 137 9 11 160 72 174 0 240 2 194 194 64 68 232 140 106 128 12 227 211 208 149 0 139 11 81 8 43 134
33 32 2 129 76 9 224 64 44 32 242 74 146 128 0 0 104 140 106 8 8 243 209 192 20 160 3 40 105 8 67 128
96 32 6 137 73 11 32 72 174 32 226 11 132 130 32 194 232 204 106 0 0 195 219 208 149 32 139 59 17 8 122 134
65 32 142 28 72 3 33 72 246 224 194 136 192 228 162 118 81 108 106 4 1 211 235 17 28 34 69 8 64 32 34 116
48 160 134 29 25 91 0 200 118 240 194 5 66 224 66 16 17 76 234 16 10 209 255 28 28 130 5 53 48 32 6 212
48 32 7 137 76 11 160 72 22 160 242 74 195 128 96 0 120 140 106 8 8 243 195 144 20 128 131 40 113 8 112 160
16 32 22 137 75 11 160 72 252 32 242 2 78 130 96 80 120 132 106 128 0 243 195 192 149 2 139 3 65 8 33 134
88 34 28 165 32 11 88 16 108 8 182 73 223 3 2 210 194 197 236 12 12 224 193 0 194 243 32 17 40 128 10 3
32 32 6 152 77 11 160 72 166 32 242 11 64 194 32 66 104 204 106 128 8 211 195 192 21 32 139 43 16 8 48 130
1 32 14 25 74 3 161 72 182 128 226 8 80 194 96 64 120 12 106 0 0 211 207 16 20 128 3 8 65 0 35 160
16 32 6 13 73 203 160 72 246 32 226 2 64 192 32 64 120 108 106 128 0 243 213 16 21 32 2 0 65 8 36 148
112 32 66 136 73 13 224 72 236 32 242 10 10 130 68 80 104 140 110 128 8 243 194 192 149 0 131 57 65 8 98 134
80 32 2 137 77 9 96 72 174 32 210 10 198 130 32 82 104 196 110 0 8 243 209 208 149 32 139 25 16 8 53 130
96 32 10 136 72 9 32 72 230 32 194 138 16 128 32 86 104 204 106 8 8 83 207 16 20 32 131 56 16 8 50 160
104 34 144 36 45 13 80 16 35 168 176 77 143 3 64 214 128 196 236 12 12 96 193 128 195 249 33 49 106 172 74 3
0 32 7 25 73 139 160 72 230 160 226 1 198 194 96 82 232 100 106 0 0 243 131 64 149 2 3 3 64 0 33 130
64 32 6 157 75 3 32 72 54 0 194 10 64 194 32 80 120 76 106 0 4 211 155 212 21 34 139 11 16 40 37 134
80 0 6 129 11 11 32 64 102 32 194 2 194 0 0 64 104 12 106 0 0 209 197 16 149 34 3 48 32 8 17 2
64 34 70 5 74 10 32 64 118 32 226 226 193 130 128 80 122 204 110 128 8 211 197 64 148 32 163 0 101 128 43 128
96 34 71 152 40 139 8 72 166 32 210 169 195 194 160 210 72 228 110 140 8 67 199 208 148 50 171 56 20 136 48 0
16 32 6 1 74 11 160 64 100 32 226 2 210 128 64 64 104 140 106 8 0 241 213 64 148 0 3 0 97 0 99 128
81 34 80 32 32 9 72 64 107 168 178 104 143 2 212 150 162 197 108 8 12 99 192 64 154 248 37 48 96 128 74 4
64 32 10 137 72 5 32 72 38 32 226 10 64 130 0 82 104 204 106 128 8 83 195 80 20 32 2 56 81 8 34 128
32 2 7 137 10 75 32 72 102 32 194 130 195 128 32 64 104 140 106 8 8 241 207 16 148 162 163 17 49 8 52 128
88 0 4 165 45 27 64 40 47 164 130 136 199 34 128 198 75 196 108 32 40 225 77 156 136 243 71 17 18 12 29 4
80 2 207 205 14 2 33 88 118 160 226 66 208 227 160 66 120 196 106 136 1 209 199 68 84 34 231 0 41 168 113 32
56 32 84 161 45 75 224 64 44 164 178 138 143 8 64 130 74 205 238 1 8 241 193 128 132 209 11 49 68 8 79 128
80 32 134 29 75 134 32 72 246 128 194 72 64 224 96 82 112 108 106 0 8 211 207 24 29 162 69 8 104 32 50 130
32 32 150 21 74 139 33 72 246 176 194 8 80 192 96 2 121 108 106 0 0 211 139 28 92 2 5 52 0 8 2 160
65 34 31 133 14 8 105 64 108 160 242 66 221 130 208 114 98 197 110 136 1 209 133 64 148 32 171 0 40 0 35 32
64 0 23 136 75 11 32 72 230 32 194 66 198 130 32 212 232 140 106 0 9 195 203 16 148 32 131 56 16 8 57 36
96 34 6 9 72 15 160 72 166 164 194 76 192 128 64 2 72 76 106 0 8 83 195 16 20 2 3 56 81 8 34 128
32 160 20 153 75 207 160 200 150 180 224 10 68 208 96 128 121 28 234 16 2 83 91 17 29 128 15 63 16 8 45 130
80 2 143 77 8 2 33 120 118 128 226 70 81 225 160 66 112 68 106 168 1 209 131 12 84 162 231 0 40 40 96 32
48 32 0 141 79 73 160 72 46 164 176 11 2 128 64 146 104 220 202 1 8 115 219 80 29 0 3 57 65 8 70 130
6 172 148 26 153 243 22 172 190 183 0 17 236 246 79 220 145 91 160 16 54 80 139 127 41 22 85 111 146 117 143 70
181 78 207 126 138 34 71 184 82 226 98 236 115 225 185 59 29 102 100 46 233 242 175 47 96 239 101 16 233 241 66 49
65 32 159 133 14 10 97 64 108 160 226 66 212 130 144 114 96 196 106 136 1 209 133 64 148 34 139 0 40 32 35 32
81 32 6 13 9 11 32 72 166 160 194 4 192 192 2 210 104 204 234 136 12 211 199 0 148 34 3 1 41 32 43 132
97 32 142 13 72 27 32 72 118 224 194 8 82 240 2 114 113 108 106 0 5 211 175 17 28 34 69 16 0 168 50 4
36 160 20 153 203 203 32 200 22 180 224 10 68 210 96 132 89 28 226 16 2 83 91 29 29 130 13 127 16 8 37 130
80 2 143 93 8 2 33 104 118 128 226 66 82 225 160 66 112 100 106 40 9 243 139 12 20 34 231 0 32 104 96 32
48 32 4 141 79 75 160 72 62 164 160 11 2 128 64 144 120 204 106 1 8 115 219 80 29 0 15 57 65 8 6 130
14 172 148 18 145 247 22 172 62 183 2 17 236 246 77 220 145 95 160 50 50 80 27 127 41 22 77 103 146 119 135 6
181 206 207 126 170 35 71 184 82 226 96 232 115 225 153 59 25 102 100 42 233 226 174 46 96 175 101 16 233 241 66 41
65 32 143 133 78 10 32 64 100 160 226 66 208 130 144 114 96 196 106 136 1 209 135 64 148 34 143 0 40 32 99 32
6 164 148 23 155 71 22 200 150 183 0 1 228 226 75 15 145 94 233 18 34 83 155 59 41 6 77 111 128 116 7 198
117 36 135 87 136 2 7 248 82 250 66 100 83 225 145 43 89 102 96 62 185 243 175 42 104 46 101 4 233 248 112 32
96 162 134 29 72 11 32 200 54 180 66 77 64 224 64 16 17 108 234 0 2 211 203 17 28 2 5 46 48 32 6 130
97 34 14 153 72 3 33 72 6 52 194 10 212 192 34 2 72 76 106 0 0 19 203 16 84 34 43 60 16 8 33 128
48 0 142 93 26 2 32 104 118 128 198 128 67 229 160 246 81 108 234 40 40 211 207 29 73 162 69 0 98 32 52 48
8 176 134 28 25 67 0 200 150 184 192 40 224 244 96 144 145 94 234 16 2 195 203 29 13 2 37 63 16 32 42 163
80 0 6 13 13 11 32 72 118 32 194 2 211 128 32 196 120 12 106 136 9 147 87 16 21 35 195 0 49 8 56 160
33 142 143 62 24 3 7 184 86 130 98 100 115 224 168 81 81 102 32 46 105 209 11 63 40 167 101 0 112 240 64 32
32 32 22 137 79 15 160 72 22 176 224 10 196 208 96 0 121 156 98 16 2 83 91 17 29 128 15 61 17 8 41 130
20 172 148 27 153 195 18 232 54 49 64 17 102 224 42 80 145 110 160 48 54 80 27 63 169 166 5 127 210 32 141 6
80 2 142 205 12 2 33 72 118 128 194 66 208 227 160 66 120 196 106 136 8 211 131 68 84 34 227 0 40 40 113 32
117 164 143 21 140 2 37 248 86 179 66 70 83 225 209 11 89 100 104 56 57 211 143 8 8 34 229 68 233 120 112 32
48 32 132 141 75 75 160 72 54 160 160 11 6 128 64 146 120 204 106 1 8 115 219 16 29 0 15 57 65 40 7 130
70 160 132 21 139 67 20 200 146 182 0 9 228 240 75 14 17 78 232 50 34 83 139 24 9 34 77 127 128 116 23 130
37 14 198 126 136 34 7 184 210 146 96 104 115 225 169 43 17 102 96 42 97 240 142 43 104 42 101 16 233 249 66 1
22 172 148 26 147 183 22 168 54 183 0 16 108 230 105 220 145 94 160 48 50 64 27 63 171 6 5 111 146 117 133 6
80 2 143 77 12 2 32 72 118 128 226 66 208 224 160 66 120 68 106 8 9 211 131 4 20 34 231 0 32 40 112 32
65 34 143 5 76 10 33 64 100 160 194 66 208 130 16 114 96 196 106 136 1 209 135 64 156 34 143 0 33 32 99 32
6 164 148 23 155 87 22 200 150 187 0 1 228 242 73 143 145 94 232 18 54 83 155 59 41 6 77 111 128 116 15 134
32 32 20 137 75 79 32 72 22 176 192 10 196 192 96 128 121 28 226 16 2 83 91 17 29 128 15 61 16 8 45 130
124 166 135 119 140 2 7 184 82 178 66 96 83 225 145 43 89 102 96 62 185 243 175 42 104 174 101 4 229 248 112 32
16 0 6 137 14 11 161 72 230 32 194 6 198 128 32 64 104 12 106 8 1 179 195 16 148 32 130 16 48 8 49 128
117 166 207 117 156 10 38 248 86 242 194 118 83 225 209 43 89 100 104 62 185 241 175 10 104 47 101 68 237 248 240 32
112 0 135 29 10 14 32 8 54 184 194 64 66 240 0 194 81 108 234 0 8 209 203 28 28 34 69 52 48 32 48 0
72 160 134 29 72 11 32 216 22 176 198 8 192 225 64 66 81 100 106 8 8 83 203 17 92 3 229 60 82 40 16 128
113 160 206 21 10 2 36 232 54 162 226 162 67 224 192 82 115 236 104 160 44 211 143 10 24 38 69 4 101 224 42 4
4 160 150 31 153 131 160 232 54 144 192 1 224 224 64 82 145 110 106 48 38 195 219 61 29 34 69 95 208 32 43 134
246 132 196 21 139 83 148 168 135 182 130 155 194 112 14 215 9 213 232 162 124 69 223 93 185 34 205 119 243 116 142 6
113 32 134 29 10 11 36 72 54 178 194 72 65 224 64 16 25 108 106 28 8 211 203 24 28 130 69 44 40 32 66 128
48 34 135 21 10 11 32 72 22 180 194 236 65 224 128 64 121 76 106 0 8 209 207 29 28 130 229 20 112 8 52 144
65 32 134 28 9 82 32 72 230 240 194 0 192 224 160 198 65 76 234 0 5 195 207 21 28 34 67 60 16 44 56 132
70 160 148 23 203 85 20 200 146 182 0 9 228 242 75 142 145 95 233 18 22 67 155 48 9 2 79 127 128 116 15 198
4 32 134 29 153 131 32 104 182 176 194 1 228 226 96 66 209 108 106 48 34 209 155 29 13 34 69 7 64 32 34 130
165 78 207 126 136 35 71 184 18 130 96 236 115 225 169 27 17 102 36 46 104 224 142 47 104 175 101 24 225 249 66 40
53 6 207 126 178 34 71 248 82 226 246 236 115 97 153 59 29 238 100 46 233 243 173 46 240 175 101 148 237 249 98 33
70 172 148 18 145 247 22 172 62 179 10 17 108 242 107 220 145 79 160 50 54 192 27 63 169 22 21 103 144 119 137 6
48 32 135 21 8 131 36 72 54 178 194 72 65 225 64 16 25 108 106 24 10 211 207 29 28 130 69 44 32 32 2 160
56 105 22 13 9 87 128 72 84 28 246 0 2 144 35 141 216 40 130 66 72 178 83 0 131 224 66 3 83 25 110 134
100 160 150 30 217 131 32 200 178 176 194 8 228 240 64 150 145 108 106 16 34 211 203 57 29 2 69 107 80 32 43 134
32 32 2 137 73 15 160 72 236 32 242 11 130 144 64 80 104 140 106 128 8 243 211 192 149 0 131 59 65 8 98 134
112 32 2 136 73 9 32 72 174 32 226 10 66 146 32 82 104 204 106 0 8 243 211 208 148 32 131 59 0 8 58 6
104 34 80 96 109 13 80 16 43 168 176 77 143 11 68 18 136 196 76 12 12 98 192 128 135 249 33 51 74 140 74 3
16 32 6 141 9 11 160 64 166 32 226 3 196 130 32 192 104 140 106 128 0 243 131 80 149 34 131 9 0 8 37 128
16 32 6 141 75 131 32 72 182 32 194 2 196 194 32 80 120 108 106 0 0 195 211 212 149 34 139 27 16 8 33 134
36 160 150 31 217 135 32 200 182 176 192 9 228 224 64 2 209 108 106 16 34 211 203 57 13 18 69 59 64 32 7 134
96 34 64 136 108 9 72 8 143 32 178 169 131 194 128 84 72 128 110 140 8 67 199 208 148 176 171 185 16 136 122 4
96 34 66 136 72 9 32 72 166 32 242 168 131 194 128 80 106 140 106 128 8 99 199 80 20 32 163 41 69 8 34 128
0 32 134 29 9 11 32 104 182 176 194 0 64 224 32 210 241 108 106 32 32 209 139 28 29 34 71 15 0 32 36 128
121 34 16 96 40 13 72 0 105 168 178 72 143 10 212 144 138 133 108 12 12 98 192 128 155 249 33 48 66 128 74 5
102 160 196 17 172 75 128 136 226 180 130 169 195 224 208 150 9 196 236 145 30 67 207 16 156 18 205 117 132 108 30 4
88 0 4 173 45 27 64 8 111 164 162 137 207 34 130 214 193 196 236 4 12 65 205 144 146 243 67 17 34 172 78 4
65 2 207 221 12 10 33 24 230 160 226 230 211 227 160 114 104 228 106 136 9 195 199 0 84 34 227 24 56 168 112 32
88 32 20 161 45 27 72 0 44 164 178 137 207 3 0 208 202 132 236 9 12 224 193 128 132 209 35 17 66 140 15 0
117 38 207 125 186 2 71 184 82 226 246 230 115 97 145 123 95 236 100 46 169 242 239 15 120 175 101 148 237 248 98 33
65 34 95 133 14 10 105 64 108 160 226 66 221 130 144 114 106 196 110 136 1 209 197 64 148 32 171 0 41 0 35 32
86 164 132 21 155 87 22 136 183 182 130 9 66 118 71 143 145 213 237 176 44 193 219 156 185 210 205 23 131 116 30 6
117 166 207 117 140 10 71 248 118 242 242 230 83 225 209 43 121 196 100 46 169 242 239 10 120 175 229 132 237 248 114 49
32 32 20 152 75 79 160 72 22 180 240 10 196 208 64 132 121 152 234 0 2 115 219 17 29 128 7 63 80 8 45 130
14 188 148 27 153 223 50 168 190 181 64 17 236 246 110 157 145 123 224 16 54 72 155 55 47 22 85 111 146 36 141 6
17 34 143 205 8 2 33 88 246 160 226 70 81 163 160 66 120 196 106 136 1 209 167 12 84 34 226 0 41 168 96 160
96 32 0 137 75 73 160 72 38 164 240 139 134 208 64 146 105 204 234 0 8 115 219 16 21 0 11 59 65 8 46 130
14 188 148 19 153 215 50 168 190 181 0 17 236 246 79 159 145 123 225 16 54 64 155 119 47 22 93 111 146 116 141 6
53 134 207 126 138 2 71 248 82 234 242 236 115 225 153 59 29 238 100 46 233 243 175 46 248 175 101 148 237 248 114 49
17 34 15 133 12 10 97 80 236 160 226 66 209 162 144 114 104 196 106 136 1 209 133 64 148 34 163 0 40 32 99 32
78 160 134 22 201 87 52 232 150 190 128 9 196 246 75 142 145 126 235 18 6 67 155 48 29 50 77 127 130 100 15 198
117 166 207 117 142 10 103 248 118 250 194 230 83 225 209 43 89 204 104 46 169 240 207 10 124 239 101 4 237 248 112 48
32 48 20 137 75 95 32 72 22 176 224 10 196 210 96 196 121 24 234 16 6 243 219 17 29 130 7 63 48 8 45 134
17 2 143 93 8 2 33 88 246 160 226 68 81 227 160 66 120 228 106 8 9 241 171 12 84 163 227 0 0 168 96 32
6 164 148 27 153 215 22 168 62 183 64 1 76 246 77 156 145 91 224 16 54 80 155 63 43 22 69 111 146 116 13 6
117 174 231 126 154 2 71 184 210 242 98 232 115 225 185 123 21 230 96 46 169 243 175 47 104 174 101 20 233 240 66 33
32 32 0 141 79 73 160 72 38 164 240 11 134 128 64 146 104 204 234 128 8 243 211 80 21 0 11 57 65 8 6 130
17 32 15 133 8 10 97 64 236 160 226 66 212 130 208 114 104 196 106 136 1 209 133 64 148 32 163 0 9 0 99 32
157 82 3 147 132 80 36 213 84 74 215 118 17 2 232 105 121 8 46 138 13 84 107 128 222 193 246 4 170 216 176 209
172 21 10 132 85 95 166 96 148 236 215 47 70 148 43 64 248 212 138 102 97 179 48 138 178 5 131 23 3 63 61 210
44 113 2 24 1 210 55 96 228 204 252 1 130 214 35 132 216 60 130 226 12 147 48 72 179 113 2 11 66 55 46 214
60 89 2 140 69 86 116 96 69 140 204 3 2 144 99 197 216 44 130 98 76 147 178 136 179 241 66 11 2 63 124 198
24 92 18 12 9 213 20 108 68 12 220 0 134 144 35 133 216 56 162 66 68 35 115 16 179 241 2 27 82 30 36 206
57 26 74 33 196 43 97 82 22 41 242 246 19 128 224 104 125 142 38 24 11 190 65 50 92 173 48 64 249 136 240 49
40 93 82 233 95 205 178 100 132 4 176 10 162 16 32 132 72 160 130 98 72 43 80 173 53 181 2 27 81 26 108 138
6 172 148 26 153 215 22 168 62 179 0 17 108 242 111 220 145 75 160 48 54 208 155 63 41 22 85 111 146 116 137 6
249 9 79 230 20 2 103 117 112 232 150 238 115 33 144 33 120 198 108 238 249 251 165 172 242 235 229 128 47 136 240 57
53 142 207 126 154 2 71 184 210 178 98 236 115 225 185 27 21 102 96 46 232 242 143 47 104 175 101 16 233 240 66 32
16 172 45 43 20 130 107 87 100 9 203 70 51 11 152 64 105 138 95 153 155 152 77 63 244 237 170 192 173 130 242 32
38 181 80 42 209 73 64 76 59 5 249 9 38 65 10 16 216 154 198 80 26 50 88 95 55 20 0 115 209 10 206 146
86 160 148 23 139 87 20 200 22 178 64 9 68 246 73 142 145 94 232 18 6 83 219 56 25 2 77 127 128 116 15 134
37 166 135 85 152 2 37 248 214 178 194 96 83 225 209 43 17 100 104 60 169 241 143 8 104 42 101 68 224 248 112 32
86 161 18 128 131 105 70 137 43 245 137 137 143 198 78 216 179 137 204 51 30 3 156 80 152 212 15 127 128 103 143 86
54 149 130 0 241 123 179 97 184 109 255 45 76 244 174 180 253 156 194 53 17 179 48 204 152 54 10 70 203 47 171 213
61 42 195 168 156 43 66 216 18 224 152 206 83 164 177 40 91 76 52 124 153 243 45 158 216 206 161 244 172 187 80 208
92 21 162 129 157 114 98 64 196 192 207 39 66 176 111 204 248 236 170 176 24 147 48 194 155 101 130 71 130 111 124 214
44 68 18 156 105 159 52 72 132 14 125 5 198 196 43 129 216 40 130 38 100 166 98 138 131 209 64 11 82 126 38 215
63 175 64 169 180 35 203 216 22 32 223 70 17 9 211 64 121 140 23 223 158 178 73 146 248 237 169 244 189 235 80 144
216 151 79 238 30 2 74 121 5 33 215 230 123 67 168 193 118 199 44 236 249 131 45 221 242 171 33 216 39 130 160 112
173 76 18 28 105 215 22 96 156 74 101 25 198 210 34 149 216 40 130 34 100 54 66 26 181 240 66 47 82 62 42 199
172 84 18 160 73 219 182 96 144 6 241 58 70 208 40 245 216 184 130 34 108 151 50 134 177 241 74 43 82 58 38 166
140 113 2 8 73 149 48 64 132 132 196 5 132 210 42 81 200 40 202 98 68 7 82 0 181 16 2 11 82 47 47 215
168 17 18 188 105 209 18 65 136 128 225 9 132 210 34 214 200 56 202 96 4 3 82 10 53 49 2 59 16 62 45 150
116 36 170 68 129 38 201 74 112 130 166 24 2 160 21 30 24 132 104 188 168 227 241 10 17 14 1 4 225 96 98 32
120 48 6 13 75 11 32 72 54 160 194 13 64 192 64 208 120 76 234 0 0 211 155 0 28 3 5 40 40 12 10 208
97 50 143 13 72 139 33 72 246 164 194 76 66 208 64 82 112 108 106 0 128 211 255 16 20 34 5 48 0 0 50 192
80 32 6 9 72 9 32 72 38 96 194 15 194 194 2 82 104 204 106 128 13 211 215 0 148 32 130 8 8 8 35 150
33 32 6 9 72 15 160 72 102 160 226 8 194 128 0 64 104 140 106 4 0 210 197 16 20 0 3 32 97 8 114 128
0 32 134 21 74 139 33 72 246 180 198 8 224 192 98 6 17 108 106 8 0 195 171 25 28 2 69 60 0 8 33 192
112 48 140 29 74 2 32 88 118 176 194 68 66 224 64 82 80 108 106 128 40 211 223 24 28 34 69 4 121 32 50 144
120 34 16 32 45 13 72 16 105 172 176 9 143 11 80 144 136 133 108 4 12 98 192 0 203 249 33 49 66 132 74 1
97 2 141 141 40 13 1 72 78 40 178 236 210 194 128 114 72 196 110 12 11 99 207 17 212 176 163 24 24 136 50 32
88 32 24 165 44 25 64 0 111 164 162 137 207 34 66 210 192 196 236 4 12 64 197 16 150 241 97 17 32 168 78 4
118 160 132 37 137 90 4 168 35 182 130 137 195 32 70 214 1 212 236 3 12 67 223 0 156 242 205 63 68 116 30 6
97 130 205 127 40 3 77 184 86 250 242 236 115 225 217 122 23 198 108 172 169 98 239 57 76 171 101 184 253 240 82 33
88 32 20 161 45 91 64 0 45 36 162 137 143 2 2 210 170 197 236 0 12 224 213 0 134 241 34 17 96 132 15 0
1 34 75 129 10 8 233 80 110 32 242 230 157 130 144 112 106 132 110 136 137 211 197 80 212 32 171 48 40 128 99 160
86 164 132 37 155 95 20 168 182 182 130 9 203 124 71 143 145 213 237 177 44 193 219 140 185 226 205 23 131 116 29 6
117 166 207 101 158 10 103 248 118 242 242 238 83 97 144 51 61 228 108 172 169 240 237 12 124 235 229 132 237 232 82 33
40 32 22 137 73 95 176 72 134 180 194 11 196 208 98 132 233 24 234 0 4 115 91 144 29 0 7 63 82 12 45 134
81 2 143 13 78 2 33 88 116 128 230 102 209 163 160 98 120 204 106 136 9 211 231 0 84 163 226 0 57 168 96 160
78 160 148 29 201 87 52 232 150 182 64 9 204 246 74 134 145 93 233 17 6 83 155 17 13 50 77 127 130 100 15 198
14 160 150 27 153 215 16 232 190 181 70 1 236 246 111 156 145 95 234 48 38 209 155 125 9 18 69 111 146 36 13 6
113 6 207 125 10 2 71 120 82 130 98 228 115 225 145 123 21 108 100 46 169 243 175 15 104 175 101 0 233 240 114 33
189 82 138 138 160 17 37 92 84 218 213 246 19 167 226 73 125 142 38 138 201 210 101 160 218 193 246 140 186 248 176 209
28 85 42 132 85 87 55 112 196 236 223 35 202 148 35 98 248 92 138 98 108 179 48 202 247 197 135 7 3 127 61 214
44 113 54 28 105 214 54 96 165 204 126 37 128 214 39 132 216 120 130 98 76 179 114 74 163 117 2 11 66 127 44 215
40 93 18 140 109 84 22 108 132 76 252 3 6 208 35 212 200 104 130 98 68 35 114 140 183 241 2 11 18 63 60 223
40 93 16 142 121 93 150 108 14 76 252 11 164 148 34 196 204 176 130 66 64 42 114 189 183 245 0 59 82 30 45 223
56 85 16 170 95 221 150 108 12 44 248 42 230 80 42 148 216 147 142 64 76 35 80 191 181 149 8 59 83 30 197 155
249 155 79 118 100 2 103 116 112 234 246 238 115 37 144 49 60 196 108 238 249 255 229 47 114 235 225 128 47 160 114 121
29 215 108 107 20 130 107 148 117 25 222 102 113 3 144 81 120 128 95 249 171 152 77 127 244 129 170 192 61 146 240 40
22 181 34 0 177 82 178 97 172 73 255 36 206 180 46 5 248 84 202 240 148 163 40 204 185 48 10 87 195 15 167 215
61 110 193 165 22 35 67 80 22 232 222 238 83 1 209 32 26 236 52 94 137 178 101 138 232 205 37 176 239 251 80 209
108 20 178 152 221 244 50 64 196 204 207 3 196 246 43 76 216 120 138 48 132 131 106 138 55 117 135 11 146 127 52 215
44 92 150 13 45 247 22 64 141 142 253 1 194 244 35 14 200 40 130 38 4 179 98 136 163 116 66 15 210 127 44 215
252 135 108 233 188 3 79 249 85 96 223 230 83 3 152 97 92 132 110 238 249 147 109 157 242 235 161 212 63 138 224 48
44 92 18 30 105 255 52 96 141 206 125 8 166 212 35 148 204 56 130 2 100 150 114 56 167 113 66 43 82 126 15 199
44 92 18 186 73 221 182 98 156 142 101 9 174 214 35 149 200 56 130 2 100 174 82 174 181 210 66 11 82 124 15 151
172 124 18 28 73 221 22 98 156 14 68 9 172 214 35 197 200 57 130 66 96 7 82 46 181 81 2 27 82 44 39 195
160 29 18 154 89 221 50 96 140 12 69 25 132 212 34 195 200 56 138 66 100 15 82 170 181 48 10 59 16 47 45 198
13 244 144 71 115 88 102 216 120 72 59 100 124 82 128 176 178 65 84 106 163 16 153 111 38 77 37 132 74 18 139 19
29 211 234 227 228 19 117 212 117 238 215 230 19 37 234 104 125 222 14 78 137 146 109 162 214 205 246 128 174 251 184 209
12 85 34 196 245 210 55 112 132 204 222 7 136 244 35 68 248 244 131 226 108 179 48 204 243 211 7 3 2 127 180 211
40 93 54 156 121 212 54 108 141 206 252 1 172 238 35 64 204 121 139 98 228 163 98 168 227 113 2 27 82 63 44 223
40 85 48 174 121 92 150 124 142 76 252 47 172 214 35 192 206 123 203 96 68 11 122 159 55 117 2 59 18 126 13 223
10 85 16 138 121 95 150 109 142 124 157 9 204 212 42 132 156 27 202 34 116 3 106 159 55 85 9 63 82 30 141 215
40 149 16 136 125 95 148 109 31 40 253 15 78 124 42 132 252 145 198 33 72 51 89 159 181 85 0 55 83 78 140 215
121 218 111 119 36 2 111 176 116 74 254 230 115 39 146 112 124 204 108 238 201 254 229 47 214 235 226 128 47 163 114 121
25 222 77 219 68 138 107 180 117 72 222 230 241 67 144 113 120 160 62 234 233 144 109 125 246 171 226 128 63 147 112 112
60 148 82 33 211 79 210 105 61 44 185 59 78 92 14 144 189 153 198 48 28 179 88 222 153 148 1 119 225 46 198 211
150 145 38 128 49 86 178 232 172 124 182 35 204 150 46 133 252 21 206 226 252 183 41 207 185 16 203 87 67 38 45 87
61 63 73 99 150 11 67 80 85 232 223 238 83 5 145 32 126 236 94 126 169 178 101 46 254 205 37 144 239 187 80 113
42 28 20 156 105 221 148 102 158 78 116 9 172 214 35 149 200 187 130 0 98 46 82 61 149 115 82 43 82 29 15 223
40 92 18 158 105 221 150 102 152 14 112 11 172 214 34 197 200 243 130 66 100 14 82 172 149 51 90 11 82 29 47 222
28 86 85 69 11 86 6 248 41 110 120 68 76 102 13 180 54 85 196 98 193 0 56 76 39 82 65 142 99 55 7 245
61 243 235 224 228 27 103 220 117 108 223 230 91 229 235 96 126 206 150 110 217 179 44 130 250 205 167 132 46 191 240 241
14 93 50 220 245 214 54 112 149 200 222 39 204 254 35 229 252 248 151 226 232 179 50 236 243 211 198 139 2 252 60 255
42 85 50 142 253 85 151 124 157 76 252 39 236 255 35 196 222 123 207 96 230 35 114 207 247 119 6 155 82 126 45 219
42 21 48 142 121 93 150 125 142 76 253 47 236 246 42 196 222 27 211 34 228 35 122 159 119 247 2 187 82 126 13 223
29 91 105 239 100 26 111 240 125 72 95 230 81 103 177 112 126 232 62 238 201 144 45 255 246 239 167 128 63 179 112 113
62 60 80 50 241 255 82 64 57 236 241 45 74 30 7 156 189 185 199 49 56 178 121 206 153 223 1 211 193 47 78 215
42 216 20 158 105 221 180 238 143 29 100 9 172 214 35 156 205 123 130 64 70 10 82 245 21 87 90 59 82 28 15 223
29 223 235 225 180 215 127 240 117 204 254 230 91 157 186 96 126 236 150 238 201 179 45 206 250 205 167 132 47 190 240 241
62 80 80 162 253 127 211 196 29 236 252 47 74 92 7 148 190 249 215 114 28 179 113 236 127 31 4 211 195 127 110 215
62 112 210 35 241 94 94 72 57 204 253 45 110 94 15 156 254 217 215 51 12 147 121 200 191 223 6 147 195 127 238 215
138 93 54 152 173 212 182 102 141 204 148 39 172 222 39 197 206 115 251 83 228 139 114 236 47 113 30 139 2 28 45 223
46 147 54 170 253 95 155 248 159 108 253 47 76 253 34 164 222 217 215 99 148 51 106 252 127 87 11 251 211 47 13 215
62 81 122 128 253 95 215 72 13 236 255 47 78 156 47 148 254 221 215 115 140 179 57 236 255 93 5 147 199 63 110 215
