20 162 148 154 203 131 32 200 150 181 224 10 230 195 104 132 217 122 226 16 2 83 75 53 157 130 5 127 144 8 5 130
48 32 14 1 74 75 33 72 118 160 226 136 80 192 64 80 121 76 106 8 0 210 239 16 92 2 133 56 97 0 114 160
81 32 134 133 10 10 33 64 236 160 194 2 212 130 80 114 96 197 106 140 1 209 133 64 156 34 143 0 32 0 35 4
96 32 128 133 78 9 160 72 46 164 224 139 130 128 68 18 104 204 66 5 8 115 207 16 28 0 7 56 97 40 86 130
64 0 134 157 12 2 160 104 244 128 194 2 80 224 32 98 120 100 106 136 0 209 151 72 21 34 199 0 16 104 112 32
52 160 20 137 202 67 160 200 22 176 192 10 212 210 96 64 121 152 98 16 2 83 75 17 29 130 143 124 49 8 33 130
96 32 200 172 76 9 160 72 42 164 224 139 130 128 68 18 104 204 66 5 8 115 207 80 28 0 7 57 65 40 86 130
81 32 134 133 10 10 40 64 236 160 194 66 212 130 80 114 96 197 106 140 1 209 133 64 156 34 143 0 32 0 35 4
20 160 20 184 203 195 32 200 22 180 192 10 228 210 104 0 89 88 226 16 2 83 75 21 157 130 15 127 144 8 37 130
64 2 150 29 12 2 164 104 244 130 194 66 80 224 160 98 120 100 106 40 40 241 143 9 20 34 231 0 80 120 112 32
81 32 135 5 8 10 32 72 236 160 194 66 208 226 64 114 97 196 106 156 1 209 135 64 156 34 207 0 0 32 35 4
96 32 132 164 74 11 160 72 54 180 224 139 130 224 64 18 57 204 106 21 10 115 219 16 28 0 15 61 65 40 22 130
64 2 151 29 12 2 165 104 246 130 194 66 80 224 32 102 120 100 106 40 33 241 139 13 21 34 231 0 16 120 112 32
20 160 20 185 219 195 32 200 22 176 192 10 196 210 104 64 121 88 226 16 2 83 203 21 157 130 7 125 176 8 45 130
81 32 135 133 8 10 97 72 236 128 194 66 208 162 80 114 96 196 106 136 1 209 135 64 157 34 207 0 0 32 35 36
32 32 205 172 79 75 160 72 30 180 224 139 130 192 64 2 121 220 98 17 10 115 203 16 29 0 7 61 65 40 70 130
64 0 159 29 12 14 165 104 246 130 194 2 80 224 32 98 112 100 106 168 40 241 139 9 85 34 199 0 16 104 112 32
52 160 148 184 203 203 160 200 22 176 224 10 196 210 104 4 121 88 98 16 2 83 203 21 157 130 7 127 144 8 37 130
96 32 192 140 79 9 160 72 170 176 224 139 130 224 68 18 41 204 98 17 10 115 203 16 28 0 15 61 65 40 78 130
81 32 135 133 10 10 32 64 236 128 194 66 216 162 80 246 96 197 106 136 1 209 133 64 157 34 207 0 32 32 35 36
64 6 151 93 88 2 101 104 244 130 226 64 82 225 160 103 112 100 106 40 41 241 139 13 116 162 103 0 88 120 96 32
121 34 144 165 45 9 88 0 43 168 178 109 207 10 210 146 128 197 108 20 12 98 193 128 158 217 37 49 74 132 74 1
81 32 158 133 10 10 32 64 236 160 226 66 222 130 80 114 97 197 110 140 0 209 133 64 156 32 175 0 32 0 43 4
114 32 192 140 79 73 128 72 170 164 240 11 2 168 68 146 232 205 234 1 8 115 202 80 29 0 15 59 65 40 94 130
65 2 134 93 24 6 100 120 244 130 226 70 65 227 160 194 120 100 106 168 40 241 155 13 20 162 231 0 9 120 104 0
36 160 20 184 203 135 144 200 150 180 160 11 228 210 104 128 217 57 234 16 2 67 90 21 157 130 15 127 152 8 45 130
16 32 6 9 74 3 32 72 230 32 226 128 64 130 64 80 104 12 106 128 0 211 199 16 20 2 3 0 65 0 34 128
112 50 22 140 78 203 176 72 174 164 242 171 198 210 224 84 106 188 234 0 14 99 207 209 148 32 3 27 81 8 47 134
24 32 6 13 73 218 160 72 118 0 226 0 80 144 34 0 120 108 106 0 4 243 183 16 84 33 2 1 97 0 103 128
112 2 0 137 78 9 32 72 86 32 194 202 194 192 32 64 120 204 106 12 8 83 199 16 149 32 163 56 48 8 48 128
104 34 4 129 73 15 33 64 198 228 198 14 194 192 66 64 104 132 106 12 8 83 197 16 149 34 131 16 48 8 20 224
80 2 19 129 74 0 32 64 228 36 194 74 6 130 32 194 96 204 106 136 1 211 133 64 148 32 2 9 33 0 39 128
32 32 6 1 72 15 160 72 230 168 226 76 192 192 64 82 105 76 106 0 0 211 207 16 28 2 37 16 72 0 82 130
17 48 142 13 74 2 161 72 118 192 230 32 80 240 194 34 56 76 106 0 3 243 175 17 20 32 35 8 65 32 35 192
16 34 7 129 12 15 33 64 230 164 194 78 198 128 96 64 104 4 106 0 9 243 197 16 148 0 131 16 24 8 16 4
80 32 7 13 74 75 32 72 36 32 194 206 67 128 0 18 104 204 106 128 1 211 199 64 20 34 2 40 105 8 34 128
33 0 14 153 72 3 161 72 134 36 192 4 192 192 34 66 72 76 106 0 7 211 203 21 20 34 131 56 24 8 52 208
80 16 135 28 10 130 33 120 246 192 194 228 64 228 160 82 112 124 104 132 9 195 175 8 24 34 101 8 96 96 36 112
32 32 18 1 74 9 160 64 102 160 226 78 128 128 96 80 104 12 106 0 0 242 213 16 20 0 3 48 73 8 82 128
112 0 8 137 78 9 97 72 100 36 194 138 211 128 0 64 104 140 106 8 8 115 199 0 212 32 162 57 48 8 20 32
25 32 6 0 75 23 161 72 118 224 230 8 80 192 98 52 120 76 98 136 1 211 175 16 29 2 1 32 97 0 34 164
32 50 134 29 74 143 32 72 86 184 96 108 192 192 96 16 89 108 106 16 1 210 203 16 12 128 37 52 120 8 2 128
32 34 14 1 72 11 160 72 110 160 226 8 194 128 64 80 104 4 106 0 0 243 207 16 20 0 3 25 65 0 123 128
80 32 6 5 74 10 32 72 100 32 194 8 67 128 0 82 104 196 106 136 0 211 199 64 148 34 2 0 96 0 35 128
81 0 135 12 11 2 32 72 118 176 194 64 82 224 32 118 112 76 106 136 9 209 223 0 152 34 65 4 105 32 40 4
32 32 12 13 72 139 32 72 86 176 224 8 212 192 64 0 89 108 106 0 0 83 203 16 77 0 69 60 80 8 2 128
80 2 18 129 74 10 32 64 100 32 194 70 199 130 32 82 96 204 106 136 0 209 197 64 148 32 2 0 41 0 43 128
32 34 14 9 72 11 160 72 246 180 224 109 192 192 64 82 121 76 106 0 0 211 203 16 92 2 37 61 64 0 54 130
81 32 142 13 8 26 32 72 182 224 194 136 64 224 194 242 112 196 234 0 5 211 207 0 20 34 67 1 0 32 43 196
96 34 10 161 76 11 97 64 44 36 226 14 198 128 64 80 104 140 106 0 8 243 197 0 212 128 3 48 104 8 19 128
16 0 7 137 10 2 160 64 36 0 194 198 193 130 0 194 104 204 106 136 9 145 193 64 148 160 170 0 57 0 32 0
81 0 135 5 10 2 32 72 118 224 194 68 67 224 224 214 112 204 106 132 9 211 143 0 144 162 69 0 105 32 32 20
120 34 12 13 74 11 33 72 6 244 192 13 194 160 66 82 73 76 234 4 8 211 203 16 220 34 37 52 48 40 2 192
49 0 7 137 78 11 33 72 70 32 194 202 209 192 32 66 104 76 106 1 3 243 207 21 20 34 131 16 17 8 48 192
32 32 3 9 74 65 160 72 54 176 224 74 80 192 96 80 120 140 98 8 1 243 203 16 20 32 35 45 113 8 102 160
64 32 10 137 12 9 96 64 110 32 194 8 130 130 0 82 96 204 110 136 8 67 195 80 149 32 2 24 32 0 35 0
81 2 6 137 12 11 32 72 116 36 194 70 64 128 32 64 120 132 106 136 0 211 87 8 20 34 131 0 56 8 48 128
80 32 134 13 9 11 32 72 118 172 194 8 194 224 0 82 113 196 106 8 8 211 207 16 85 34 97 17 32 32 48 2
80 32 6 13 8 74 32 72 102 32 194 200 192 160 0 210 104 196 106 128 0 211 199 64 148 34 2 1 65 0 35 128
20 140 146 62 155 194 22 168 118 3 104 16 102 226 40 80 145 74 160 34 54 192 11 63 169 230 85 79 240 98 164 6
37 206 23 30 152 131 6 184 214 2 96 236 115 225 168 81 17 102 32 46 105 250 43 63 40 166 101 16 88 248 66 184
96 34 8 152 44 137 128 72 143 36 240 171 194 192 228 210 72 245 238 128 8 99 203 208 144 176 139 59 81 8 46 132
36 140 22 62 216 135 6 168 214 26 98 72 98 224 32 81 145 106 34 34 105 216 11 63 40 38 101 16 88 112 72 8
20 134 146 30 155 138 6 168 118 3 104 16 102 224 40 84 17 74 32 34 50 193 11 63 40 166 5 94 178 98 160 4
22 174 140 182 155 35 22 200 22 183 64 177 68 230 75 10 17 95 161 147 54 80 139 51 169 6 205 111 144 117 141 198
100 46 142 23 140 34 134 168 210 178 66 112 96 224 233 11 89 102 104 42 120 243 143 42 104 38 101 0 193 121 248 0
98 34 0 169 44 9 72 72 15 60 176 237 135 10 68 148 200 132 238 4 10 99 203 145 144 208 129 191 80 140 94 4
37 142 22 30 152 131 6 184 212 130 98 236 99 224 169 81 17 102 32 42 104 242 11 63 40 166 101 0 120 248 66 144
101 46 143 23 140 34 135 168 210 186 66 80 112 224 201 43 89 102 104 58 57 241 139 42 40 38 229 4 193 121 240 160
22 164 132 55 155 35 6 200 22 179 64 17 68 226 75 142 17 78 161 18 54 81 139 51 168 6 77 111 160 117 155 134
104 34 16 224 45 13 88 16 107 44 176 77 143 11 86 144 140 133 77 4 12 34 200 144 214 217 33 179 90 140 90 1
98 162 4 157 104 9 136 200 142 180 176 237 230 194 200 146 73 221 238 149 10 67 207 81 156 16 175 189 88 12 14 148
181 108 134 87 140 34 71 184 210 178 98 82 83 241 249 43 89 102 96 58 121 243 203 42 104 42 101 4 233 249 240 32
78 172 148 22 139 39 55 200 146 183 64 21 196 230 75 138 145 95 233 18 50 81 154 50 41 6 77 47 128 117 135 194
98 162 0 161 44 9 64 136 47 188 176 237 135 0 198 150 137 197 236 4 14 99 203 145 156 208 5 255 88 172 90 20
160 204 157 63 136 143 6 174 178 146 104 88 243 97 1 19 17 114 96 106 113 220 90 63 109 163 85 0 88 112 130 168
101 166 142 21 140 2 230 184 242 178 194 80 81 224 209 43 89 100 104 62 252 241 207 10 44 39 229 4 197 120 240 0
71 168 132 22 139 51 52 200 146 183 0 29 196 226 75 10 145 79 232 23 54 83 138 50 12 6 77 63 136 117 139 134
165 206 212 94 202 35 70 190 210 146 96 252 99 224 129 59 17 110 96 110 105 230 14 63 32 174 101 24 121 243 194 140
78 174 133 19 145 227 55 174 62 151 11 181 236 230 74 220 149 75 161 22 50 200 43 119 169 22 29 231 130 87 135 70
164 204 156 127 136 175 71 190 146 146 104 88 243 97 9 27 17 102 96 106 97 244 90 63 97 163 117 0 248 241 194 8
85 38 135 149 140 42 172 136 242 242 130 234 208 224 213 235 49 228 104 191 41 209 207 72 152 34 239 148 141 113 49 4
26 249 187 123 147 212 60 215 55 93 77 53 44 223 234 96 247 59 151 144 215 154 186 243 251 221 30 235 178 20 165 255
133 218 63 187 32 188 59 144 255 91 118 116 188 223 163 105 231 123 190 78 167 173 42 245 198 251 42 194 24 145 41 243
71 160 132 149 139 59 140 136 138 243 130 223 192 96 95 142 75 196 249 151 63 67 207 208 156 18 207 255 140 125 153 84
16 2 6 137 8 0 161 64 164 4 194 70 192 130 32 64 104 132 106 128 8 131 195 64 148 160 170 24 8 0 33 128
48 34 0 137 12 3 160 72 70 40 194 74 134 128 96 68 72 12 74 0 8 227 203 16 148 0 131 57 81 8 33 130
77 26 7 255 36 254 99 48 228 202 215 100 251 103 179 243 64 228 174 238 169 208 125 173 198 227 226 128 42 163 116 113
201 139 78 251 181 158 108 181 127 89 119 84 235 195 178 245 114 170 172 76 246 216 47 253 174 251 246 193 58 134 232 13
148 66 235 193 4 11 103 208 86 166 118 2 83 65 249 108 120 204 6 122 203 180 101 34 213 140 37 4 117 185 84 160
16 0 6 137 12 3 32 72 102 32 194 66 192 128 32 64 104 132 106 136 8 147 71 16 148 34 130 0 48 8 49 128
45 76 134 31 140 34 134 186 210 146 66 228 240 224 185 11 89 102 32 63 177 224 78 42 108 34 245 8 204 249 80 128
29 109 26 163 193 60 110 247 108 11 111 16 157 51 161 244 97 107 70 170 113 152 40 106 247 197 38 32 130 211 171 168
48 0 7 137 78 75 160 72 70 0 194 2 208 128 32 64 104 12 106 0 1 211 199 16 149 34 138 24 17 8 52 160
17 0 6 136 14 3 33 72 102 36 194 2 208 128 32 64 104 140 106 136 8 211 71 80 148 34 131 0 17 8 48 164
196 174 157 19 147 250 22 174 62 151 11 16 108 246 72 216 149 91 160 18 54 200 42 119 171 22 21 71 128 115 141 6
44 15 119 202 221 151 67 113 197 4 221 6 98 209 33 197 88 160 130 106 184 171 98 189 51 121 130 74 51 142 116 36
252 253 127 78 142 6 199 252 194 166 188 10 83 245 253 51 56 212 100 106 201 99 190 40 123 137 101 60 119 187 86 32
116 46 198 55 142 34 6 168 210 190 66 243 67 224 201 139 81 102 224 50 124 243 143 42 40 98 101 133 229 249 252 1
70 184 149 18 233 241 54 200 154 179 0 49 204 246 73 142 145 127 232 19 55 69 138 115 13 22 95 111 128 117 143 135
84 172 146 30 147 202 22 172 118 7 73 17 102 224 42 80 145 74 160 34 118 200 11 63 169 166 85 79 208 118 134 10
165 222 28 30 216 131 7 190 150 18 102 252 115 224 160 113 17 98 32 42 105 206 15 63 104 38 101 16 120 240 194 24
96 34 17 136 76 73 161 72 6 36 224 74 2 0 0 16 72 132 106 128 8 51 201 80 20 0 131 56 81 8 118 162
193 203 107 95 194 216 229 103 125 84 126 162 169 134 150 245 42 170 166 206 197 56 166 125 54 41 102 9 103 148 239 236
84 141 146 26 147 182 22 172 50 151 11 17 78 226 42 208 145 71 160 50 126 73 27 63 169 38 5 95 144 119 175 70
129 206 157 31 194 171 7 190 82 178 100 252 240 97 129 27 21 98 96 78 225 252 46 63 100 42 117 32 120 248 130 185
201 68 71 123 129 184 108 151 102 17 106 208 139 131 208 252 35 10 238 222 211 156 135 241 164 249 22 0 110 214 233 168
183 126 198 30 138 39 78 252 16 198 88 253 99 224 189 159 31 230 100 239 233 198 30 46 32 38 101 184 109 247 26 92
20 144 159 115 16 238 115 216 62 31 247 16 87 215 8 88 177 155 36 90 26 212 59 113 209 163 114 64 192 3 167 99
32 32 14 9 74 211 160 72 246 128 224 8 80 208 96 96 120 44 106 128 0 243 239 16 85 1 35 9 113 0 38 160
96 2 2 137 72 9 32 72 198 32 194 10 130 128 32 64 104 140 106 8 8 115 207 16 212 32 33 57 48 8 22 160
49 50 151 29 10 139 33 88 86 248 194 101 66 224 130 2 89 108 106 4 9 209 107 28 28 2 37 52 88 8 0 240
16 2 14 137 8 66 32 72 102 36 194 70 194 128 160 208 104 132 106 128 8 211 207 16 148 34 163 17 48 8 56 128
25 32 6 1 10 11 32 64 100 32 226 68 195 128 64 208 104 12 106 12 4 241 197 0 84 1 3 0 105 0 67 128
64 32 6 13 73 73 32 72 118 36 226 10 65 130 0 80 120 204 106 128 0 211 199 64 21 32 2 41 73 8 34 128
32 2 7 137 8 75 33 72 6 40 194 2 210 192 32 68 104 4 106 0 8 211 203 16 148 34 163 16 16 8 52 160
87 32 132 133 143 59 140 136 130 178 130 139 194 224 85 142 73 197 249 151 28 67 223 208 156 2 207 119 132 125 27 6
81 0 135 29 75 194 32 72 246 200 194 72 64 224 224 118 112 108 106 128 1 211 239 8 28 34 69 8 96 32 50 196
40 32 135 21 11 143 32 88 246 184 66 72 208 192 96 2 17 108 106 16 0 209 203 28 77 3 37 52 48 8 22 130
64 0 6 137 74 3 32 72 230 0 194 2 192 128 32 68 72 12 106 136 8 195 219 16 20 34 131 56 16 8 48 36
80 32 15 129 74 10 32 64 118 0 226 70 0 130 0 80 120 204 106 136 1 211 199 64 20 32 34 0 41 0 42 128
32 50 14 1 72 11 161 72 118 164 66 108 64 192 192 80 57 76 106 0 0 243 139 16 92 3 37 8 72 8 50 128
89 32 134 5 10 26 32 72 54 160 194 0 65 160 0 114 112 76 106 136 12 209 247 4 20 35 99 0 33 32 34 128
96 32 10 129 74 9 33 64 46 36 226 142 150 128 66 16 104 132 106 0 0 243 197 16 148 0 3 48 96 8 2 160
32 34 17 137 76 9 161 72 6 32 224 10 128 128 0 80 72 140 106 0 1 51 201 16 20 0 3 56 80 8 118 160
49 0 5 137 14 11 33 72 70 32 194 130 210 128 0 96 104 140 106 140 9 209 95 16 148 34 131 16 49 8 48 224
81 0 135 28 74 2 32 72 118 192 194 196 83 224 192 242 112 76 106 140 13 210 223 8 20 34 97 4 105 32 34 212
104 32 6 5 72 11 33 72 54 176 198 137 80 229 64 16 49 76 106 12 0 83 203 16 92 3 37 60 18 12 2 240
96 32 14 9 72 75 161 72 166 160 226 8 208 192 64 34 73 76 106 0 0 67 227 16 21 0 39 56 81 8 35 160
41 48 30 29 8 19 33 72 214 240 196 32 210 208 160 32 89 92 234 0 10 195 239 17 28 3 5 60 80 8 32 160
81 0 6 137 77 15 33 72 246 96 194 6 208 192 162 192 120 140 106 136 9 147 135 16 20 34 131 0 48 8 48 128
37 156 134 30 152 139 6 168 150 146 98 108 114 240 168 81 17 102 96 34 96 208 11 63 40 162 101 16 112 112 66 1
20 174 148 30 154 154 6 168 118 19 64 16 102 224 40 80 17 78 32 32 62 193 11 63 168 166 5 93 240 96 132 0
6 166 132 23 155 67 22 200 150 183 0 129 228 230 75 10 149 95 233 146 54 67 139 59 41 6 77 111 144 116 5 194
124 166 134 23 140 2 6 184 82 186 66 118 64 225 209 11 89 102 96 58 184 211 143 42 104 38 229 68 233 248 240 0
48 34 4 141 79 75 160 72 6 164 160 11 2 128 64 18 104 204 234 1 8 115 203 16 29 0 15 57 65 8 23 130
81 32 142 133 12 10 32 64 100 128 194 66 208 130 16 82 104 196 106 136 0 211 135 64 148 34 143 0 32 32 99 0
36 160 20 153 203 195 48 200 150 180 192 42 68 210 96 0 89 28 234 16 2 83 75 29 29 130 13 127 144 8 37 130
32 160 28 185 79 141 176 200 150 180 240 11 100 208 96 0 217 152 234 16 2 99 219 145 221 129 15 127 24 8 45 130
4 188 151 26 155 207 22 168 190 19 64 16 230 240 104 212 145 122 224 16 51 80 27 63 41 182 85 111 208 32 133 38
64 2 142 93 8 2 32 104 118 128 226 66 66 224 160 66 112 100 106 40 8 243 139 12 20 34 231 0 41 104 112 0
49 142 199 30 24 3 6 184 86 202 98 236 115 224 168 209 81 102 32 46 109 210 15 63 32 166 101 16 120 240 66 0
81 2 134 205 12 2 32 120 118 128 226 70 209 226 160 198 120 196 106 168 33 209 151 12 20 162 231 0 41 40 121 0
117 166 135 85 140 2 39 248 82 186 66 102 81 225 209 47 89 100 104 58 185 211 175 10 104 38 229 68 233 248 112 32
6 160 132 23 139 19 20 200 150 183 0 9 196 224 75 142 145 78 233 51 38 83 139 56 8 2 77 127 128 116 27 134
81 32 135 133 14 10 96 64 108 128 194 66 208 130 16 114 104 196 106 136 1 211 133 64 156 34 139 0 40 32 35 4
165 222 207 126 136 35 7 184 210 210 100 236 115 225 169 11 21 102 96 46 225 240 174 43 104 171 101 16 233 249 66 49
6 172 132 26 145 243 22 172 54 183 0 17 108 230 107 88 145 79 160 48 54 64 11 63 169 6 29 111 144 117 141 22
6 172 148 51 185 249 50 140 190 177 1 17 204 242 74 155 145 75 232 17 54 72 138 119 173 86 95 111 144 117 143 135
48 32 0 141 79 9 160 72 46 164 240 11 2 128 64 2 104 204 66 1 8 115 203 80 29 0 15 57 65 8 86 130
112 32 64 173 79 73 224 72 171 160 176 11 2 216 68 146 232 205 234 1 8 99 203 80 157 0 5 59 65 40 94 130
80 2 142 77 12 2 33 104 118 128 226 66 208 224 160 66 120 68 106 40 9 243 131 12 20 34 231 0 40 40 112 32
65 34 158 133 10 10 96 64 108 160 226 74 221 130 144 82 98 197 106 136 0 209 133 64 148 34 171 0 32 32 43 0
70 168 151 150 201 209 52 200 154 182 128 57 204 246 73 142 145 127 234 18 86 67 138 112 29 18 79 127 128 116 143 135
20 188 148 26 153 195 22 172 54 55 64 17 102 224 42 80 145 126 160 48 54 72 27 63 169 182 21 111 210 101 141 18
32 160 20 153 75 203 32 200 22 180 192 10 196 194 96 0 89 28 226 16 2 83 75 17 29 128 15 125 16 8 45 130
124 182 198 53 154 10 102 248 118 182 194 247 67 224 145 11 125 228 104 38 188 241 141 10 56 231 101 4 229 248 240 1
165 140 207 62 152 3 7 184 22 194 102 236 115 225 168 113 17 102 32 46 105 208 47 63 104 167 101 16 120 240 2 16
70 160 132 22 203 1 20 232 146 190 0 9 196 226 75 138 145 78 233 19 66 67 139 48 25 34 79 127 128 116 15 210
124 36 134 87 136 6 7 184 82 162 102 64 115 225 1 43 89 102 96 58 57 243 155 42 104 174 101 4 235 248 112 32
70 160 148 18 155 149 22 200 150 191 0 1 196 230 75 14 145 95 233 18 118 65 155 51 41 6 79 111 130 116 15 199
81 32 23 133 78 8 105 64 108 160 226 66 212 130 80 114 96 197 106 136 1 211 149 64 148 32 139 0 32 0 35 32
45 204 148 62 168 35 70 184 146 154 96 72 115 241 137 59 17 102 96 42 97 224 202 47 104 167 101 24 250 241 66 136
80 2 143 93 8 2 32 120 118 128 226 66 82 225 160 66 120 100 106 40 9 243 139 12 20 34 231 0 56 104 96 32
78 174 133 19 145 241 22 172 190 151 2 145 236 230 77 220 149 91 161 18 54 88 171 119 43 22 93 239 146 85 135 118
6 172 148 19 145 232 22 172 190 151 6 17 236 246 77 92 149 91 160 18 50 88 139 119 41 22 85 103 194 85 143 6
173 206 199 126 138 35 70 184 82 194 98 204 115 224 185 187 25 102 96 46 233 224 15 47 32 239 101 16 99 245 66 8
48 32 128 141 75 11 160 72 170 164 160 15 6 128 64 146 104 204 234 1 8 115 203 80 156 0 15 57 73 40 14 130
65 32 143 5 78 10 96 64 108 160 194 66 212 130 208 114 96 196 106 136 1 209 135 64 156 34 143 0 40 32 99 32
70 160 132 22 155 1 23 200 146 247 0 5 228 226 75 14 145 79 233 23 118 65 139 51 40 6 79 111 136 116 15 214
48 32 65 141 79 73 160 72 46 164 176 11 2 136 64 18 104 220 74 1 8 115 193 80 21 0 3 57 65 8 86 130
125 166 206 119 156 26 6 248 82 178 226 118 83 225 145 171 89 100 96 62 185 243 143 42 104 239 101 4 233 248 248 0
32 32 20 137 75 75 160 72 150 176 224 10 68 208 96 128 121 28 234 16 2 83 75 17 29 128 15 63 16 8 37 130
145 106 202 33 32 10 100 87 116 162 246 69 19 129 163 24 120 140 6 136 76 188 1 10 226 207 54 4 105 176 106 136
17 74 227 97 132 11 101 223 116 174 126 66 19 129 241 108 120 140 6 40 201 176 37 8 213 142 37 4 101 248 116 160
73 94 154 133 48 158 115 22 236 136 126 100 188 179 163 224 228 102 174 140 129 153 33 110 228 173 50 0 136 144 41 57
35 223 104 203 61 157 146 206 79 77 92 38 162 220 174 96 220 10 134 80 135 40 110 191 38 93 0 59 28 14 92 223
205 140 146 122 248 44 111 248 253 11 181 80 220 243 168 255 183 83 94 42 176 69 168 238 253 222 119 172 146 241 163 161
13 189 105 91 147 220 55 250 254 90 172 1 248 255 95 112 117 250 219 238 230 0 190 127 127 13 39 44 115 247 103 242
215 16 190 248 170 68 49 89 191 223 215 52 92 223 107 123 231 17 63 178 179 69 187 208 219 217 239 206 152 97 33 83
28 90 159 107 162 46 119 216 54 25 246 96 87 211 233 88 245 216 44 90 10 149 11 112 217 195 35 196 240 51 103 35
77 16 191 255 36 206 99 48 237 220 119 68 223 247 189 127 224 100 60 110 137 213 59 172 199 251 227 130 130 163 100 119
93 156 58 122 53 222 122 144 247 73 103 0 255 211 42 112 241 50 62 90 167 161 57 255 255 255 34 65 250 131 97 51
72 156 63 122 177 206 114 150 255 73 98 80 255 219 32 112 225 51 46 16 55 185 25 63 235 255 50 66 216 0 224 27
94 221 234 243 151 216 119 182 247 158 222 163 235 253 111 102 113 250 191 210 238 88 255 179 127 253 135 199 183 254 116 127
92 221 18 235 171 164 55 247 37 14 219 100 236 243 105 196 227 127 174 66 89 155 155 226 177 244 38 138 186 83 169 51
45 52 225 1 207 109 165 203 19 247 252 159 18 61 71 158 77 206 242 28 25 114 248 130 93 14 85 62 235 124 214 240
157 239 146 99 177 60 118 244 117 10 254 80 111 179 41 116 225 202 78 234 248 153 8 106 251 221 38 128 162 243 234 11
13 222 170 154 237 245 53 215 158 95 92 55 172 230 235 72 205 106 175 20 150 90 58 179 127 85 190 233 154 92 189 219
137 189 71 91 131 248 110 151 229 87 110 148 139 167 218 244 33 138 238 142 247 156 191 243 38 233 22 1 235 212 254 220
157 7 70 249 133 248 101 151 119 95 126 54 203 131 250 205 97 138 174 152 115 156 39 242 238 201 182 197 186 221 252 113
253 255 123 78 142 4 199 252 192 142 188 106 115 241 253 55 63 210 68 106 233 35 174 63 123 205 101 188 119 251 246 49
206 204 37 83 131 118 190 167 56 55 15 17 200 60 29 169 161 71 145 139 116 220 57 98 103 15 222 3 195 85 149 102
61 123 113 65 149 31 86 220 101 232 252 78 26 17 151 180 124 204 94 126 201 178 121 172 179 221 37 22 107 186 234 253
167 255 232 10 236 41 175 255 106 214 124 191 217 232 223 18 127 202 82 191 247 50 238 122 60 12 175 236 221 254 251 212
55 183 187 201 222 245 191 223 71 117 220 150 0 252 238 108 253 26 146 16 151 186 123 146 63 28 159 111 213 90 188 245
190 148 107 218 85 242 115 200 223 71 247 179 122 220 62 240 249 179 159 179 175 181 61 255 123 127 146 67 183 15 124 126
8 159 63 27 187 214 181 215 190 93 254 53 252 182 170 237 103 19 238 152 179 201 43 245 123 115 126 193 194 84 165 123
207 88 215 87 114 18 47 48 61 194 99 148 253 102 37 253 55 117 186 238 161 212 53 238 4 254 94 0 14 247 33 52
29 207 151 118 177 214 119 240 117 222 246 100 106 103 171 215 245 234 142 234 237 251 40 239 186 223 103 131 98 246 108 77
47 188 225 157 253 127 239 255 90 230 220 143 217 108 211 163 127 74 211 189 245 122 253 222 108 79 255 236 223 236 119 252
78 223 191 90 169 244 61 247 167 93 222 161 236 247 170 101 231 114 255 144 210 203 43 241 255 123 94 203 146 212 165 127
14 151 190 218 237 181 60 223 158 95 220 55 172 255 235 76 199 122 191 21 182 203 106 179 111 95 191 235 146 220 189 251
15 182 241 155 235 121 180 223 31 219 93 253 140 252 230 175 223 91 215 16 182 126 238 242 46 87 127 239 214 254 143 215
11 189 226 83 245 124 118 247 119 95 126 180 137 190 222 246 97 202 254 156 183 152 255 243 63 127 246 199 235 212 254 255
190 212 238 250 199 115 247 200 87 83 247 51 90 220 63 105 255 219 191 243 191 231 63 255 91 91 135 207 183 127 252 119
190 253 233 72 171 115 87 204 23 254 252 171 75 252 255 169 223 217 151 242 238 103 238 147 251 217 101 255 247 255 246 247
185 221 119 71 149 30 87 244 101 232 255 70 90 25 14 181 252 238 222 110 237 179 121 172 191 217 4 18 107 190 234 127
245 255 123 94 190 115 199 248 208 170 188 234 115 245 185 51 31 246 68 106 233 103 172 63 122 175 101 188 117 251 82 33
40 176 22 152 73 207 176 200 150 180 128 9 228 211 98 132 217 56 234 16 6 99 219 145 153 18 7 63 82 12 13 130
223 220 59 246 176 62 23 246 61 106 223 116 94 126 172 245 247 215 29 103 185 151 57 239 187 255 47 146 12 127 161 119
28 213 83 230 179 216 119 229 33 64 239 170 127 247 168 244 122 250 159 98 89 155 184 237 243 245 38 195 42 250 165 178
136 219 14 247 33 150 62 244 172 88 246 228 125 199 170 247 102 119 255 194 197 217 27 237 242 243 110 129 10 150 169 25
47 183 177 137 223 103 191 223 78 125 216 70 156 252 126 96 221 27 22 53 151 59 127 146 125 28 175 238 146 78 181 245
38 60 232 81 235 121 181 215 19 239 252 62 16 189 199 62 107 254 215 24 17 126 242 2 95 31 117 191 199 120 214 255
81 0 199 13 14 2 96 88 118 192 226 70 211 226 128 98 112 204 42 140 141 240 223 12 20 162 231 0 41 160 120 148
19 72 199 159 195 246 110 132 61 194 102 6 125 238 55 252 112 239 58 206 69 148 189 234 23 111 222 0 43 118 169 124
48 32 2 128 77 73 176 72 174 164 176 11 6 216 64 130 233 221 234 1 8 99 203 208 149 0 11 59 65 8 30 130
78 168 148 59 155 201 52 140 190 191 0 17 236 242 75 142 145 123 235 17 54 73 138 113 13 18 95 111 146 116 143 135
93 156 30 126 49 140 82 180 253 9 247 84 126 249 42 241 177 119 252 74 187 169 26 63 251 255 48 64 250 131 234 11
53 20 199 30 128 6 71 248 112 234 242 206 83 112 145 59 89 228 116 47 237 243 173 46 184 46 101 144 237 248 114 20
65 34 78 133 10 10 104 80 236 160 226 70 213 130 192 82 98 204 106 136 4 209 213 64 212 32 171 0 40 128 43 128
70 162 148 158 203 19 52 232 186 183 128 9 204 230 72 134 149 95 234 17 6 67 138 113 157 18 79 127 128 100 15 134
117 178 206 53 142 14 100 184 118 182 226 231 83 225 208 66 125 204 108 44 169 240 223 8 92 227 101 4 237 232 114 16
189 85 51 238 233 85 31 249 49 202 253 44 76 247 171 180 220 217 215 234 237 35 186 138 243 245 47 143 10 127 38 247
8 218 254 122 178 210 49 247 190 29 119 181 236 215 162 89 247 123 175 16 182 217 42 253 250 247 126 195 150 133 173 75
77 110 250 64 224 56 107 152 123 207 118 164 217 231 219 124 55 204 110 206 160 16 173 98 86 63 39 141 226 243 103 113
10 223 103 158 57 196 91 54 149 77 220 231 248 103 40 69 92 179 159 193 171 139 115 255 33 54 250 138 22 156 36 123
42 213 105 171 63 219 147 239 94 125 88 167 191 204 62 64 223 11 151 37 247 40 124 183 111 85 169 247 85 14 221 223
217 29 22 246 51 180 114 54 173 200 126 102 108 215 163 245 230 115 172 208 165 153 50 237 242 233 50 131 42 148 41 31
32 34 21 152 75 219 176 72 150 180 224 11 196 198 64 132 249 120 234 16 6 115 203 17 29 130 5 63 80 8 45 130
25 34 143 77 8 10 32 88 246 168 226 96 81 227 160 242 120 196 106 136 9 241 131 8 84 35 230 0 8 168 96 32
6 172 151 27 153 215 50 168 190 181 0 145 204 230 109 159 149 123 235 16 54 65 139 119 47 22 77 111 146 116 141 214
209 15 31 53 176 174 99 54 237 236 126 100 191 34 129 113 32 166 108 204 161 152 36 126 172 234 34 128 96 144 67 105
53 172 198 126 186 34 70 184 83 178 98 236 99 224 153 63 27 238 100 46 169 243 143 47 160 239 101 20 239 252 66 4
96 34 0 129 79 9 160 72 46 164 240 143 134 128 64 146 104 204 234 128 8 115 195 80 21 0 11 59 65 8 110 130
17 32 14 133 14 10 225 64 108 160 226 66 213 130 144 114 104 196 106 136 1 209 133 64 212 32 171 0 41 0 99 32
78 160 166 150 203 151 53 200 150 246 0 9 196 230 75 142 145 111 233 22 38 67 155 48 13 18 79 127 130 116 7 198
9 15 94 243 54 138 105 54 124 168 126 68 191 1 177 65 34 38 14 24 160 184 69 110 238 255 54 0 234 128 65 9
125 166 206 117 158 26 70 248 86 242 198 230 83 225 209 139 25 236 96 44 173 242 207 10 122 239 101 4 237 248 120 0
106 244 16 42 123 237 18 207 43 45 40 41 46 214 74 144 183 155 198 0 6 26 154 83 189 213 29 111 0 70 143 203
32 32 20 137 75 75 160 72 22 180 224 10 196 208 96 128 121 24 234 0 2 115 203 17 29 128 7 63 48 8 45 130
96 32 0 137 75 73 160 72 38 164 240 10 134 208 64 130 104 220 234 0 8 115 219 16 29 0 15 59 65 8 46 130
6 172 148 19 185 211 18 168 190 181 0 17 236 246 79 29 145 123 224 16 54 64 139 119 41 22 93 111 144 117 143 70
116 46 206 126 184 2 70 184 210 186 102 232 115 225 169 59 17 102 100 42 105 242 143 47 106 175 101 144 232 240 66 1
80 32 135 133 8 14 33 64 108 160 194 66 208 130 0 114 104 196 106 136 1 209 135 64 149 34 163 0 0 32 99 32
37 164 134 85 152 10 101 248 246 186 198 64 83 225 209 43 17 100 104 56 168 241 175 8 40 42 101 68 232 248 112 32
20 180 148 30 153 143 22 168 54 151 64 1 102 242 105 212 145 126 224 48 50 208 27 63 41 230 69 111 210 36 13 22
33 142 207 126 24 2 6 184 150 242 102 204 115 225 169 121 17 102 96 46 41 242 47 63 98 175 101 16 120 240 2 48
56 32 20 9 75 67 32 72 22 180 192 10 196 194 96 64 89 28 234 16 2 211 203 25 29 130 5 63 48 8 45 130
65 34 142 29 8 2 33 72 246 160 226 68 80 224 160 66 120 100 106 8 9 241 139 12 84 34 231 0 8 40 96 32
37 166 167 87 152 2 5 184 210 242 70 228 83 225 145 111 81 100 104 60 185 243 175 40 104 42 101 4 232 248 112 48
86 160 132 23 139 87 22 232 22 182 64 1 68 230 75 142 145 78 233 51 102 81 155 58 41 6 77 111 128 116 29 198
6 188 148 27 155 223 18 168 190 145 66 16 236 242 76 221 145 123 224 16 50 88 155 55 41 22 85 111 154 36 141 22
40 32 7 13 74 75 32 88 54 168 66 73 64 193 96 16 56 76 106 12 0 211 207 16 92 3 37 33 34 12 2 128
121 32 135 28 74 66 32 72 118 192 194 136 81 192 96 210 80 76 106 12 9 211 207 16 20 35 33 8 80 0 50 128
89 34 6 9 72 11 32 72 36 32 194 8 64 192 0 114 104 204 106 136 12 211 199 0 212 35 162 8 41 0 34 128
16 50 14 1 74 11 161 88 230 160 226 110 80 128 160 64 104 12 106 8 0 243 151 16 84 1 35 0 105 0 59 144
1 48 6 13 10 75 32 88 214 248 194 108 64 193 160 192 121 76 106 0 133 209 203 28 28 2 37 52 91 8 16 144
97 18 134 29 74 2 33 72 246 232 194 104 64 240 224 118 80 76 106 0 8 195 239 28 20 34 101 24 112 32 50 164
232 190 238 118 125 221 247 180 249 238 247 61 235 237 150 23 141 230 231 78 236 254 232 175 119 255 117 187 66 239 86 255
30 191 250 103 246 187 190 209 63 229 111 231 109 237 214 0 54 123 131 83 150 184 45 234 110 69 7 3 231 239 207 221
70 168 148 27 155 217 52 136 191 183 0 17 236 246 79 142 145 123 235 17 54 73 138 241 13 18 95 127 146 116 143 198
221 221 30 122 177 156 87 188 255 93 246 52 126 219 43 241 183 243 236 90 174 231 58 255 251 251 100 75 218 151 234 19
117 22 239 93 150 2 71 248 80 234 210 238 83 112 145 49 89 236 116 47 233 243 237 14 248 175 229 148 237 248 114 33
8 149 101 169 181 207 155 255 95 125 29 175 158 93 58 128 95 11 151 53 183 56 125 157 111 85 173 245 158 142 149 211
32 176 22 153 73 203 48 200 150 180 194 9 196 214 98 64 217 28 234 0 6 83 91 17 29 2 7 63 80 8 45 150
211 91 94 190 162 148 60 117 173 72 246 101 108 222 167 241 230 247 188 192 229 137 130 237 178 251 242 139 42 132 41 31
89 2 135 45 74 2 96 120 118 128 226 230 83 227 160 242 120 76 106 12 9 243 199 12 84 227 99 0 123 168 96 160
6 168 148 27 155 217 50 136 190 177 64 17 236 246 107 136 145 91 233 17 54 80 139 119 9 22 93 111 144 100 143 6
53 6 199 126 170 2 70 248 83 130 98 232 99 224 145 59 27 230 100 46 233 243 143 46 168 238 101 144 237 248 82 5
217 217 62 86 35 158 63 119 237 78 118 36 124 243 162 112 38 37 172 74 228 157 50 238 243 235 98 131 42 36 41 107
70 160 132 29 201 19 48 232 178 180 192 9 204 226 74 134 145 77 235 17 6 83 139 17 29 50 77 63 130 100 15 198
125 162 207 117 142 11 101 248 118 178 230 239 83 225 208 66 89 108 104 44 168 243 207 8 94 171 101 4 229 232 114 0
6 188 148 27 185 195 50 136 190 181 64 17 236 246 106 157 147 95 232 17 54 80 155 127 41 22 69 111 144 36 143 6
57 22 207 126 58 2 71 248 18 194 98 236 115 224 169 51 21 230 100 46 233 211 175 47 168 231 101 144 109 240 66 17
11 189 100 131 183 251 250 255 31 121 29 231 140 93 178 164 31 27 159 21 179 184 125 253 111 93 169 247 254 142 157 247
219 94 122 118 98 20 127 119 249 78 254 37 108 251 166 81 38 167 191 138 228 143 162 239 242 235 114 138 43 244 43 91
143 183 100 211 189 159 154 220 159 121 157 254 200 221 254 165 95 187 159 125 183 184 127 255 174 89 173 247 30 142 152 245
143 151 110 211 189 255 251 248 159 125 157 191 203 220 190 161 255 147 223 247 191 161 111 255 254 91 173 247 62 143 220 85
