32 32 6 1 73 11 160 72 102 160 226 8 192 128 64 82 104 76 106 0 0 211 207 16 21 2 3 17 65 8 114 128
80 32 6 4 74 11 32 72 38 160 194 74 82 128 0 210 104 204 106 0 1 211 199 0 20 32 3 40 41 8 43 32
83 34 210 165 40 8 72 8 45 128 178 72 207 130 208 86 202 197 110 132 13 67 199 192 156 248 143 152 12 128 99 4
80 34 6 5 73 10 32 72 230 160 194 72 66 128 96 82 96 204 106 0 0 243 141 16 20 32 35 9 72 0 43 128
96 32 18 1 74 9 161 72 38 160 226 10 64 194 64 150 104 76 106 0 0 211 207 16 20 0 1 48 64 8 10 128
64 18 135 21 10 2 32 88 246 152 194 108 66 224 224 82 17 100 106 0 9 211 139 24 28 162 101 12 104 32 98 18
41 160 148 29 75 155 1 200 118 180 196 8 194 224 194 148 89 108 234 24 12 208 239 16 12 1 69 53 16 32 10 132
48 48 15 9 74 131 161 72 118 4 224 100 64 194 96 80 120 44 106 128 1 211 207 16 20 0 35 8 73 0 35 180
16 32 2 13 75 218 160 72 118 4 226 0 64 128 34 4 120 108 106 128 4 243 183 16 20 32 2 1 97 8 39 132
96 34 0 8 104 9 64 72 171 188 176 232 163 192 212 150 201 200 110 5 14 99 207 81 156 16 165 188 80 136 90 132
97 162 16 169 45 13 64 136 43 188 176 77 135 2 64 150 137 196 108 12 14 98 203 145 158 248 1 62 64 140 74 5
33 32 14 1 72 11 161 72 230 160 226 8 208 128 64 82 105 76 106 12 0 211 239 16 92 3 7 16 64 8 114 160
89 34 144 164 45 13 64 16 107 172 178 73 207 11 64 146 132 197 108 12 12 96 193 128 202 217 37 48 66 132 75 1
80 32 135 12 74 75 32 72 102 160 194 201 66 160 0 82 104 204 106 128 0 211 215 0 21 32 3 40 33 0 38 18
36 160 148 152 203 207 32 200 150 180 224 10 196 210 104 132 217 88 226 16 2 83 91 21 157 130 7 127 144 8 13 130
81 2 143 93 8 2 101 120 244 130 226 66 81 225 160 98 112 100 106 168 41 241 143 8 84 170 231 0 41 248 96 32
96 32 192 140 77 73 160 72 46 164 240 139 130 128 68 2 104 204 194 1 8 115 219 80 29 0 7 57 65 40 70 130
88 0 134 13 11 2 32 104 118 128 194 0 66 225 0 82 113 108 106 128 8 209 207 8 29 35 101 5 99 32 40 0
32 160 134 29 72 143 32 200 86 184 192 64 212 192 96 2 217 108 106 16 0 211 203 16 12 2 69 60 80 40 3 128
81 32 223 133 10 10 41 64 236 160 226 66 222 130 208 114 98 197 110 140 1 209 133 64 156 34 143 0 40 0 35 36
32 32 6 9 73 11 160 72 118 168 224 12 192 192 64 208 121 12 106 0 4 211 219 16 20 2 3 57 72 8 18 130
88 34 6 5 74 10 33 72 36 32 194 10 67 160 0 82 104 204 106 136 8 211 135 0 148 34 3 0 32 32 43 128
80 34 7 1 74 72 32 64 230 160 194 72 2 128 96 82 96 204 106 136 0 211 141 80 20 32 3 8 32 0 35 128
32 32 19 1 75 73 160 72 230 160 226 10 64 128 64 214 104 76 106 0 1 211 197 16 20 0 3 49 65 8 74 128
164 241 127 91 110 155 182 77 202 85 121 120 64 216 252 34 154 25 66 115 198 178 238 16 36 8 37 111 93 26 195 151
80 2 135 13 10 2 33 72 246 132 194 196 66 224 0 82 112 108 106 128 8 211 239 8 28 34 69 4 97 32 36 116
33 32 134 29 75 219 32 72 86 240 192 8 192 192 98 4 89 108 106 16 5 211 203 16 12 0 69 63 80 40 11 132
84 49 91 64 194 32 61 80 232 18 105 96 28 211 233 59 38 185 194 226 19 147 130 64 85 128 42 10 225 115 35 161
20 160 20 185 219 195 32 200 86 176 224 10 230 210 104 132 89 88 226 16 2 83 75 21 157 130 5 127 208 8 45 130
33 32 7 9 74 11 161 72 118 160 224 200 128 128 64 208 120 140 106 136 1 211 207 16 20 0 131 56 97 0 114 164
64 2 159 93 24 2 100 104 244 130 226 64 82 225 160 66 112 100 106 40 41 241 139 13 20 162 231 0 8 120 96 32
32 32 192 164 78 73 160 72 14 160 240 139 130 128 68 2 104 220 66 1 8 115 219 80 29 0 135 57 65 40 70 130
80 32 6 5 74 75 160 72 36 32 194 138 192 128 0 82 104 196 106 128 0 211 199 64 148 32 2 1 96 8 39 160
96 32 10 137 76 9 97 64 110 32 194 8 146 130 0 86 104 204 106 128 8 67 195 64 149 32 2 56 0 0 34 32
96 32 2 169 72 11 32 64 172 160 226 10 214 128 64 80 104 140 106 0 12 243 213 0 148 128 3 48 104 8 19 128
81 32 159 133 10 10 32 64 236 128 194 66 220 130 80 114 96 197 106 136 1 209 133 64 156 34 143 0 32 0 35 36
80 32 142 13 8 11 32 72 118 160 194 0 210 224 64 82 112 196 106 8 8 209 203 16 85 34 67 17 96 32 48 2
96 32 4 13 75 15 0 72 6 176 192 72 210 144 64 18 73 196 106 0 8 83 219 16 157 34 5 60 48 8 2 128
16 32 6 13 8 11 32 72 102 160 194 0 66 160 32 66 96 76 106 0 0 209 137 20 21 35 67 16 32 0 33 130
32 34 10 9 72 13 33 72 22 176 224 8 80 193 96 16 89 140 98 8 2 211 203 17 20 2 1 44 80 8 34 128
64 34 134 29 25 131 32 104 246 152 194 0 68 240 32 83 17 108 106 32 32 195 139 28 9 162 101 15 88 32 36 130
56 160 142 29 8 131 1 200 150 160 68 0 115 224 98 80 81 108 98 8 10 211 207 31 72 135 101 36 112 40 42 128
20 164 144 30 155 195 22 232 86 19 64 48 102 242 40 80 17 74 160 50 50 216 11 63 168 166 5 79 240 98 168 3
81 32 142 5 8 10 32 72 236 160 194 66 208 162 80 114 97 196 106 140 1 209 135 64 156 34 207 0 8 32 99 4
96 32 132 165 74 11 160 72 54 176 224 139 194 224 64 2 121 204 98 17 10 115 223 16 28 0 15 61 65 40 22 130
64 2 150 29 12 2 164 104 244 130 194 66 80 224 32 98 120 100 106 40 40 241 139 13 21 34 231 0 16 104 112 32
80 0 159 205 12 2 96 72 228 128 194 66 208 226 32 98 104 196 106 136 0 209 131 192 149 162 202 0 16 40 113 32
20 160 148 153 219 135 32 200 86 176 192 10 102 210 104 192 89 88 226 16 2 83 219 21 157 130 5 127 176 8 9 130
64 2 150 93 8 2 101 104 244 130 226 64 82 224 160 66 80 100 106 40 41 241 139 13 84 162 103 0 88 120 96 32
32 32 128 164 78 9 160 72 14 160 240 139 130 128 64 2 104 204 66 1 8 115 203 16 29 0 7 57 65 40 70 130
52 160 20 153 219 131 32 200 22 176 192 10 196 210 104 192 121 88 226 16 2 83 75 21 157 130 7 125 176 8 45 130
81 32 143 133 8 10 32 72 236 128 194 66 212 162 80 114 96 196 106 140 1 209 135 64 157 34 207 0 0 32 35 36
81 32 159 133 10 10 33 64 236 160 194 66 208 130 80 114 96 196 106 136 1 209 133 64 156 34 143 0 0 0 35 4
32 32 132 165 78 75 160 72 30 176 224 139 194 192 64 2 121 204 98 1 10 115 203 17 29 0 15 61 81 40 86 130
64 0 159 29 12 2 164 104 244 130 194 66 80 224 32 98 112 100 106 168 32 241 139 9 21 34 231 0 16 104 112 32
52 160 20 153 219 195 160 200 22 176 192 10 196 210 104 64 121 88 226 16 2 83 75 21 157 130 7 125 176 8 41 130
81 32 135 133 8 10 32 64 236 160 194 66 208 162 80 114 96 196 106 140 1 209 133 64 157 34 207 0 0 32 35 36
32 32 129 164 78 73 160 72 14 176 240 139 130 192 64 2 105 204 66 1 10 115 219 17 29 0 15 61 65 40 86 130
52 160 148 185 203 203 160 200 22 176 224 10 228 210 72 128 121 88 226 16 2 83 219 17 157 130 7 125 177 8 37 130
64 2 159 29 28 10 161 104 244 128 194 66 80 224 32 98 112 100 106 168 32 209 131 8 29 34 231 0 16 104 112 32
64 32 134 157 79 139 160 72 182 180 226 11 194 194 98 198 249 236 234 0 12 227 219 84 157 34 67 27 1 8 43 134
24 142 202 99 18 186 107 19 102 7 111 230 115 35 128 80 51 170 12 152 27 152 37 127 254 229 50 64 239 195 234 0
24 0 132 13 11 11 0 72 86 160 194 10 99 224 64 66 89 204 106 136 10 211 207 17 157 35 97 53 113 40 48 0
96 32 132 13 8 2 160 72 214 184 194 72 208 224 64 194 209 108 106 0 32 195 203 28 12 34 111 60 16 40 8 0
22 228 132 23 155 99 22 200 22 183 64 17 68 242 105 78 145 94 161 18 50 80 139 51 169 6 93 111 128 113 133 2
37 108 135 22 204 34 71 184 210 242 66 84 81 241 249 43 25 102 96 62 249 243 143 42 40 46 101 4 201 249 240 160
64 32 134 140 79 15 160 72 246 160 226 11 192 226 98 198 249 204 106 0 14 227 219 85 157 34 3 27 73 40 43 134
112 32 6 140 77 143 160 72 190 176 242 10 194 194 32 210 249 236 234 128 12 227 219 208 149 34 131 31 1 8 43 130
0 32 7 137 77 79 160 72 174 160 226 3 196 130 32 198 104 204 106 1 0 243 211 208 157 32 139 1 0 8 35 130
36 46 143 87 140 34 71 184 210 178 66 242 83 225 249 11 89 102 96 58 185 243 239 42 104 34 101 4 229 249 208 32
94 236 132 23 155 119 22 200 22 179 64 16 68 242 73 206 145 95 168 18 54 80 155 51 169 6 205 111 130 117 141 134
48 2 7 137 76 11 160 72 70 40 192 71 196 193 32 64 104 12 106 0 1 211 67 16 148 34 2 56 24 8 48 146
0 32 150 157 73 203 160 72 246 180 226 3 68 210 32 64 248 108 106 0 0 211 154 92 21 34 7 15 0 8 37 130
165 206 205 62 200 171 71 190 210 146 96 220 115 225 129 27 21 102 32 46 232 244 14 63 32 175 101 24 241 241 194 40
22 164 132 23 155 55 22 200 22 183 64 17 68 226 105 202 145 95 160 50 50 80 155 50 169 134 77 111 176 119 165 6
37 78 134 30 140 34 135 184 210 242 66 224 113 224 249 43 25 102 96 42 253 243 143 42 104 38 101 0 201 249 80 128
24 2 6 137 77 11 33 72 118 36 194 2 67 192 34 196 120 140 106 136 8 210 71 16 20 35 131 1 48 8 120 128
64 32 14 156 73 195 160 72 182 128 226 3 196 226 32 64 120 236 106 128 4 211 195 216 21 34 203 11 17 8 45 130
212 172 144 18 147 246 22 172 114 147 11 17 102 242 74 212 145 75 160 50 54 73 155 127 171 22 21 71 144 119 171 6
32 34 70 153 78 11 160 72 190 32 208 163 197 192 160 192 120 204 106 129 14 35 207 145 148 34 171 57 85 8 60 128
113 0 8 137 78 9 33 72 86 32 198 142 211 192 2 64 120 204 106 12 9 114 199 0 212 32 131 56 48 8 48 224
1 144 143 31 56 131 1 184 150 240 66 164 244 228 170 101 21 110 106 36 163 209 239 61 44 34 77 52 16 40 0 116
22 228 128 22 155 103 6 200 22 179 72 16 68 226 105 76 145 78 32 50 50 80 139 58 169 134 77 47 176 119 165 6
36 76 135 30 140 34 134 184 210 178 66 240 113 224 233 11 89 102 32 42 121 242 143 42 104 38 101 0 197 249 208 128
165 204 148 30 200 131 7 190 214 146 96 92 114 225 161 21 17 98 32 42 105 238 10 63 40 38 101 24 90 240 194 8
112 132 174 30 25 211 2 168 22 244 70 137 98 228 42 81 17 108 160 32 44 211 191 63 43 102 69 31 48 36 84 86
37 78 142 94 140 34 134 184 210 146 66 80 112 224 241 43 89 102 32 62 237 242 143 42 104 38 101 4 193 121 216 0
80 32 4 129 9 79 32 64 230 164 194 14 196 130 34 64 104 4 106 0 8 211 213 16 149 34 139 17 16 8 21 70
121 0 140 13 10 27 1 72 86 224 198 136 115 224 66 98 81 204 106 140 10 211 239 17 92 35 97 48 113 168 48 96
96 48 133 29 24 6 160 104 214 248 194 105 192 244 64 66 209 116 106 0 32 195 203 28 13 34 69 62 16 40 4 82
117 166 142 21 140 2 103 184 242 178 194 86 83 225 209 43 121 100 104 58 185 241 143 8 124 34 229 4 233 248 240 32
48 0 6 137 74 11 160 72 70 32 192 194 192 192 32 66 104 76 106 0 0 211 199 20 20 34 163 57 49 8 48 130
86 160 132 22 139 87 38 200 146 183 64 9 68 246 75 142 145 78 232 18 118 83 155 50 153 6 205 47 128 116 15 150
80 0 14 137 12 11 32 72 86 32 194 66 192 192 32 192 120 4 106 0 8 211 71 16 148 34 131 16 16 8 56 128
181 94 204 126 154 35 70 184 210 130 96 252 115 224 137 51 17 102 96 46 233 230 46 47 96 175 101 24 121 241 194 153
96 148 142 29 24 135 0 168 150 180 66 5 96 228 40 81 81 100 104 32 32 209 155 29 41 34 69 20 16 32 48 82
17 128 142 31 26 3 1 232 22 240 70 0 112 224 170 97 17 110 106 40 38 211 239 61 72 35 69 28 48 40 24 192
16 134 134 31 24 131 0 232 22 184 66 33 96 224 40 65 17 110 104 32 38 209 139 61 40 98 101 60 48 96 0 0
68 164 150 18 145 183 22 172 58 151 11 17 110 230 74 220 145 91 160 18 54 200 155 119 169 22 21 71 130 119 143 6
44 132 134 31 152 147 0 168 214 177 70 0 96 224 168 213 17 102 232 40 36 209 143 63 40 39 69 21 26 32 24 0
16 0 6 137 76 11 32 72 102 36 194 6 192 130 34 64 104 132 106 128 12 147 215 80 148 34 139 17 16 8 48 128
201 148 20 188 45 151 94 190 148 74 148 86 247 97 160 101 81 50 62 46 120 13 107 191 226 215 251 148 62 168 16 89
49 0 14 137 78 11 160 72 70 32 192 131 192 192 32 64 104 140 106 1 1 179 199 16 148 34 130 56 57 8 56 128
165 204 151 62 152 139 7 190 214 18 98 92 114 225 160 85 17 98 32 46 104 216 11 63 40 38 101 16 120 240 194 40
22 164 132 23 155 35 6 200 22 183 64 17 68 240 73 142 17 78 160 22 114 80 139 50 168 6 77 110 168 117 145 66
20 164 146 30 155 203 22 172 118 3 104 16 102 240 42 80 145 74 160 34 114 200 11 63 169 166 69 79 208 114 136 2
212 140 148 26 147 246 22 172 114 19 43 16 106 226 44 212 145 83 160 50 50 73 27 63 169 6 21 95 146 119 167 38
164 204 213 126 202 235 7 190 210 146 104 248 243 96 129 59 17 118 32 106 97 244 78 63 96 170 117 0 248 251 194 40
212 140 146 30 153 138 6 172 118 3 104 16 102 224 42 80 145 74 32 34 118 201 27 63 40 166 21 87 208 114 194 14
80 32 6 157 75 195 160 72 182 144 226 163 196 194 32 192 120 124 234 128 2 211 207 217 20 34 11 43 49 8 45 130
32 32 4 153 78 201 160 72 150 180 240 171 195 192 160 128 91 232 234 129 14 99 207 145 156 32 139 63 21 8 63 130
98 34 0 40 108 13 64 72 15 188 176 233 135 8 212 150 201 196 110 5 14 99 203 145 148 208 5 63 64 140 90 4
86 164 134 31 155 195 22 232 182 147 66 3 100 240 40 213 51 111 234 35 38 209 155 63 40 38 77 47 176 100 45 6
121 34 208 36 45 13 64 16 107 172 178 73 207 3 194 146 128 197 108 28 12 98 193 128 154 217 37 49 66 132 75 1
118 160 196 5 169 89 4 136 43 182 130 169 195 96 215 158 1 196 236 145 28 67 223 0 156 146 205 127 132 125 30 6
32 32 20 137 79 71 176 72 150 180 240 10 68 208 96 132 249 152 234 16 2 99 219 145 29 128 15 63 17 8 45 134
80 2 143 205 12 2 33 88 118 128 194 66 209 227 160 98 120 196 106 136 1 209 135 76 84 163 231 0 41 168 113 32
14 188 148 19 153 245 54 168 190 191 64 17 204 246 79 156 145 123 226 16 54 88 154 119 45 22 95 111 146 85 141 198
53 6 207 126 146 34 71 248 82 226 242 236 115 97 153 59 29 238 100 46 233 243 173 46 112 175 101 20 237 249 98 33
48 32 128 141 75 79 160 72 170 164 176 11 6 176 64 146 232 220 234 0 8 99 219 80 29 0 13 59 65 40 14 130
65 34 143 5 14 10 97 64 108 160 194 66 209 130 144 114 97 196 106 136 1 209 135 64 220 34 167 0 41 32 99 32
78 184 150 22 233 213 52 136 158 191 4 1 204 246 75 142 145 127 233 18 118 65 154 50 13 22 79 111 130 116 15 198
53 166 207 117 150 2 71 248 82 226 246 254 83 97 145 43 89 236 100 46 185 242 237 10 120 239 101 4 237 248 240 32
89 150 61 254 60 83 87 184 151 106 214 254 247 101 162 100 87 244 191 40 169 13 111 191 242 231 241 156 62 175 16 121
217 62 251 126 48 146 90 58 241 207 228 244 123 231 130 118 84 254 68 172 169 207 166 107 242 239 38 136 235 224 98 121
172 251 62 41 42 203 151 203 206 121 112 245 151 204 48 1 142 25 66 115 195 245 79 21 192 195 45 116 93 25 129 177
136 217 144 159 45 221 20 238 95 95 80 19 166 176 42 197 209 10 162 64 38 120 83 177 135 210 80 35 18 92 156 206
136 252 16 17 49 217 54 238 63 63 36 57 174 150 74 132 147 27 194 64 102 56 75 55 175 151 21 119 82 20 143 207
157 49 23 81 194 168 185 208 228 16 230 240 29 146 225 123 46 57 202 210 147 211 39 96 84 129 98 6 233 241 35 161
32 160 20 153 75 207 32 200 22 180 224 10 68 192 96 128 89 28 234 16 2 83 91 17 29 128 15 63 80 8 45 130
237 2 12 187 236 9 69 17 30 123 71 220 147 129 250 75 200 12 46 30 121 84 199 16 196 177 240 112 152 200 216 96
80 2 143 77 8 2 33 104 118 128 226 70 208 225 160 66 112 68 106 40 1 209 131 12 20 34 231 0 40 40 96 32
48 32 0 141 79 73 160 72 46 164 176 11 2 128 64 146 104 204 74 1 8 115 219 80 29 0 3 57 65 8 78 130
6 172 148 26 153 247 22 172 190 183 0 17 236 226 75 221 145 95 160 48 54 80 155 63 41 22 85 111 146 117 143 6
177 34 203 123 66 32 33 94 54 7 228 246 19 131 200 89 89 136 34 152 43 214 231 2 212 165 242 12 249 144 162 184
181 206 207 126 136 34 71 184 82 162 98 236 115 224 185 59 29 102 100 46 233 242 175 46 96 175 101 16 233 241 66 49
65 34 159 133 14 10 97 64 108 160 226 66 212 130 144 114 96 196 106 136 1 209 133 64 148 34 139 0 40 32 35 32
49 159 79 105 18 235 99 115 100 97 239 110 115 49 160 113 120 134 78 56 185 185 101 61 248 239 32 80 249 202 208 112
17 142 219 99 150 171 99 210 118 3 238 226 19 1 160 96 51 170 6 152 19 184 37 127 252 199 50 64 245 203 101 160
70 160 148 23 139 85 20 200 146 182 0 9 228 242 75 142 145 94 233 18 54 67 155 56 9 34 79 127 128 116 15 134
117 166 207 21 140 10 39 248 82 242 194 102 83 225 209 43 25 100 104 62 185 241 207 10 104 47 101 68 237 248 112 32
57 18 131 169 16 163 67 26 23 73 198 246 83 131 160 72 89 136 46 24 59 156 69 30 192 199 176 68 186 136 176 48
249 151 71 76 18 50 67 127 113 9 234 244 83 97 160 113 92 134 108 44 185 171 37 15 250 239 96 80 107 128 226 57
24 136 141 249 134 163 105 211 54 17 198 82 153 3 160 72 121 138 14 152 27 152 69 241 204 193 186 64 185 128 176 160
54 1 214 160 133 102 64 65 5 133 250 3 74 184 44 214 248 141 164 177 28 179 17 192 155 240 130 71 225 46 124 134
129 107 78 59 100 136 229 53 236 16 114 196 183 129 144 27 34 42 66 78 65 188 134 33 196 177 98 8 76 152 211 168
161 106 73 179 4 139 97 20 116 32 70 212 179 1 209 73 88 168 46 94 75 244 101 32 132 129 240 0 108 152 80 184
36 160 148 153 203 207 32 200 22 180 192 10 68 210 96 128 89 92 226 16 2 83 91 29 29 130 13 125 16 8 45 130
80 2 142 93 8 10 33 104 118 128 226 68 82 225 160 66 112 100 106 40 9 243 139 12 92 34 231 0 40 104 96 32
48 32 4 141 79 75 160 72 54 160 224 11 2 128 64 144 120 204 98 1 8 115 219 16 29 0 15 57 65 40 14 130
6 172 148 18 145 247 22 172 54 183 10 17 76 242 75 220 145 79 160 50 54 64 27 63 169 22 13 111 144 119 141 6
165 78 207 126 136 35 71 184 82 162 96 236 115 225 185 27 17 102 36 46 233 224 14 46 104 174 101 16 233 241 66 40
65 32 143 133 78 10 33 64 100 160 194 66 208 130 16 114 96 196 106 136 1 209 135 64 148 34 143 0 40 32 99 32
6 164 148 23 155 83 22 200 150 179 0 1 228 242 75 143 145 94 232 50 38 83 155 58 41 6 77 111 128 116 15 134
117 38 143 119 140 2 7 248 82 178 66 100 83 225 145 43 89 102 96 62 185 243 175 42 104 47 101 4 229 248 112 32
71 166 137 25 168 164 108 134 58 11 66 64 137 194 88 88 165 15 44 156 18 88 131 67 132 190 254 136 128 208 163 0
34 192 144 155 205 201 176 207 158 53 97 27 140 130 104 137 201 27 130 2 22 26 10 241 5 16 90 111 16 88 141 130
84 68 0 139 9 41 4 8 30 50 131 10 198 64 41 73 81 0 44 34 10 1 73 180 145 0 139 61 16 27 17 0
32 32 20 137 75 75 160 72 22 176 224 10 196 208 96 128 121 156 98 16 2 83 91 17 29 128 15 61 17 8 45 130
48 32 4 141 79 75 160 72 22 160 224 10 6 128 64 128 120 204 98 1 8 115 219 16 29 0 15 57 65 40 7 130
70 172 148 18 145 243 22 172 62 179 10 16 108 242 73 220 145 95 160 50 50 192 27 63 169 22 21 103 144 119 141 6
165 206 199 126 152 35 71 184 210 130 96 232 115 225 169 59 17 102 100 42 233 224 174 47 104 174 101 24 241 241 66 40
81 34 135 5 12 10 33 64 100 160 194 66 208 130 16 114 96 196 106 136 1 211 135 64 148 34 143 0 33 32 99 32
6 164 148 23 155 67 22 200 150 183 0 1 196 246 73 143 145 95 232 48 50 83 139 59 41 6 77 111 130 116 15 134
117 36 207 87 136 2 7 184 82 242 66 100 83 225 145 43 89 102 96 58 185 243 143 46 40 46 101 4 233 248 112 32
32 32 20 137 75 75 32 72 22 176 192 10 68 210 96 0 121 28 98 16 2 83 91 17 29 128 15 61 16 8 37 130
4 164 148 27 155 195 18 232 54 181 64 1 230 242 106 84 145 78 162 48 50 80 27 63 41 166 69 111 210 32 5 6
80 0 143 77 12 2 32 72 118 128 226 66 208 224 160 66 120 68 106 8 9 243 131 4 20 34 227 0 40 40 112 32
70 172 148 26 145 231 22 172 62 147 10 17 110 224 14 84 145 119 160 50 54 72 11 63 169 54 21 71 210 119 143 2
165 204 205 94 154 35 70 184 210 146 96 76 115 224 137 51 17 102 96 46 225 192 46 63 40 175 101 56 112 240 66 40
48 32 132 141 75 11 160 72 54 164 160 11 6 128 64 18 120 204 234 1 8 83 219 16 29 0 15 57 65 40 31 130
81 34 134 5 76 10 32 64 100 160 194 66 208 128 16 114 96 196 106 136 1 211 135 64 156 34 135 0 41 32 115 0
6 160 132 21 139 83 20 200 150 182 0 9 196 240 73 138 145 78 232 48 38 83 139 24 9 2 77 127 128 116 31 134
117 166 143 21 140 2 37 248 86 242 66 68 83 225 145 75 89 100 104 56 185 211 143 8 8 34 229 4 233 248 112 0
20 172 148 30 147 203 22 172 118 51 64 16 102 224 40 208 145 126 160 48 50 72 27 63 169 38 21 95 208 101 132 6
33 140 142 95 24 3 7 184 214 130 98 64 115 225 168 83 81 102 96 46 104 209 11 63 104 38 101 0 112 240 64 0
120 32 6 29 73 15 32 72 54 176 194 8 64 240 64 144 121 204 106 0 0 211 203 16 29 3 5 47 0 8 10 130
96 32 134 13 72 11 33 72 118 168 70 8 82 224 64 86 113 76 106 8 0 211 207 16 84 34 101 32 0 0 114 128
80 34 6 5 11 75 32 72 180 160 194 2 192 128 0 80 120 204 106 128 8 211 199 0 149 34 131 0 33 32 39 128
96 32 14 9 72 11 160 72 166 160 226 8 208 128 64 18 72 76 106 0 1 83 195 16 20 0 3 56 81 8 50 160
64 0 6 137 73 11 160 72 198 164 194 6 194 128 32 64 200 12 106 0 8 227 219 16 21 32 3 56 16 8 49 70
32 32 150 29 75 203 32 72 246 240 194 8 64 192 98 34 121 108 234 0 4 211 207 28 29 2 5 55 80 8 6 198
80 0 135 13 74 2 33 72 118 128 194 136 64 228 224 114 112 108 106 4 9 211 239 24 28 162 69 8 96 32 34 244
17 0 14 137 10 11 33 8 38 32 194 134 211 130 34 66 104 204 106 140 8 210 207 16 212 34 131 16 57 8 48 192
0 32 2 137 72 9 33 72 36 36 226 10 65 130 32 212 104 140 106 128 0 211 197 64 20 32 2 8 97 8 35 160
32 32 2 9 72 75 160 72 102 160 226 76 194 128 64 192 104 140 106 0 1 243 133 16 20 0 3 32 73 8 115 130
89 2 6 137 12 11 32 72 102 40 194 2 194 192 32 64 72 4 106 0 12 195 207 16 148 35 35 56 16 8 56 128
33 160 151 29 74 203 32 200 246 184 194 8 96 192 96 134 17 108 106 24 3 211 139 28 28 2 5 54 16 32 2 128
88 0 135 29 74 66 32 104 246 128 194 104 64 225 96 210 112 108 106 0 40 211 203 24 28 162 69 9 98 32 50 130
40 2 6 137 9 15 160 72 102 40 194 6 194 192 32 66 104 68 106 0 8 211 207 16 148 34 163 49 16 8 48 130
96 48 6 13 72 4 32 72 166 168 194 105 212 146 64 82 104 204 106 0 8 67 203 16 21 32 3 56 16 0 34 130
88 32 6 1 11 27 160 72 118 32 198 0 210 128 64 96 56 76 106 8 0 241 229 0 213 1 3 0 97 8 114 128
80 0 7 129 14 75 32 64 108 32 194 70 194 0 0 80 104 140 106 0 0 209 213 64 149 32 2 16 32 8 21 2
16 48 7 13 75 203 32 72 246 64 194 71 64 192 32 66 120 108 106 128 0 243 255 4 21 34 2 0 65 8 36 214
49 32 14 25 74 131 161 72 54 192 192 136 80 198 226 96 120 44 106 4 1 211 255 16 20 131 35 8 113 0 35 240
97 32 10 136 72 9 33 72 166 32 194 138 18 128 34 80 104 140 106 4 9 83 215 16 20 32 131 56 17 8 50 160
118 32 196 5 137 90 68 8 43 182 130 137 195 40 87 158 1 197 237 17 12 67 223 128 157 242 205 63 164 124 30 6
32 160 22 152 77 215 176 200 134 180 208 11 196 208 98 196 201 40 234 0 6 99 91 209 157 16 7 63 82 12 45 134
81 2 143 237 78 2 97 88 118 0 198 102 209 163 160 96 120 204 42 136 9 208 199 28 212 163 226 0 57 168 112 160
32 48 22 152 73 223 176 72 134 188 160 11 196 210 98 132 201 56 234 16 6 99 219 145 29 16 15 63 80 12 13 134
81 34 207 109 78 2 97 88 118 128 230 102 209 163 128 98 112 204 106 136 137 240 231 12 84 163 231 0 41 160 112 160
96 32 0 136 79 73 160 72 174 164 240 11 134 152 64 148 232 140 234 129 8 115 211 208 21 0 3 59 65 8 126 130
70 168 180 19 153 253 54 140 190 151 64 17 236 246 79 206 145 91 225 17 54 88 154 115 15 22 95 111 130 117 143 198
245 6 207 116 146 34 71 248 80 226 242 238 83 97 177 51 29 228 100 46 249 243 173 14 248 239 101 148 237 249 114 33
81 34 79 133 10 10 233 80 108 160 226 66 213 130 144 114 106 196 110 136 1 209 133 64 212 32 171 0 40 128 35 160
14 176 148 150 201 87 52 200 190 183 0 9 204 246 75 142 145 95 235 16 6 67 155 113 13 18 79 127 130 116 15 198
117 166 207 117 142 10 71 248 118 242 242 230 83 225 209 43 121 236 100 46 169 242 239 10 120 175 101 132 237 248 114 33
221 210 249 252 62 155 75 190 23 109 199 254 115 231 170 104 87 236 191 110 169 4 111 159 202 239 241 188 62 189 16 113
217 62 238 94 48 242 91 56 241 203 245 244 123 239 150 50 94 245 76 188 169 239 165 110 122 239 54 200 235 163 98 113
157 218 62 113 33 207 183 210 118 108 246 102 147 156 50 9 236 52 166 67 201 184 49 20 197 203 103 4 81 57 101 209
40 88 180 159 61 223 20 15 79 30 76 3 174 80 39 204 192 122 138 2 70 168 123 189 7 114 80 19 18 31 93 79
157 106 94 115 128 150 57 208 52 154 231 208 89 215 193 125 125 185 174 218 107 214 103 96 198 201 242 192 107 177 35 176
10 177 16 17 225 221 180 239 63 61 125 57 140 150 74 133 159 27 194 16 86 120 106 85 175 210 85 103 194 4 143 215
32 32 20 153 75 79 160 72 22 180 240 10 196 208 96 132 120 152 234 0 2 115 219 17 29 128 7 63 80 8 45 130
157 210 155 177 134 57 53 208 126 107 87 118 30 209 234 104 51 8 46 94 179 180 175 2 214 207 117 4 254 249 217 193
17 34 143 205 8 2 33 88 246 160 226 70 81 131 160 66 120 196 106 136 1 209 135 12 84 34 226 0 40 168 96 32
96 32 0 137 75 13 160 72 38 164 240 10 134 208 64 130 104 204 234 0 8 115 219 16 21 0 11 59 65 8 46 130
14 188 148 19 153 215 18 168 190 181 0 17 236 246 79 157 145 123 225 16 54 64 155 119 45 22 93 111 146 116 143 70
169 114 201 59 128 33 1 93 86 67 229 244 147 135 200 104 93 136 6 158 139 214 103 18 196 197 114 36 249 217 162 240
53 166 207 126 138 2 71 184 82 226 226 236 115 225 153 59 29 238 100 46 233 243 175 47 248 175 101 148 237 248 66 49
17 34 15 133 8 10 97 64 236 160 226 66 209 130 144 114 104 196 106 136 1 209 133 64 212 34 163 0 41 32 99 32
121 159 111 99 150 235 99 115 101 96 254 238 83 37 176 113 54 134 108 120 185 187 37 61 250 235 32 208 111 138 244 113
78 176 134 22 201 87 52 232 150 182 128 9 196 242 75 142 145 126 234 18 6 67 155 56 29 18 77 127 130 100 15 198
117 166 207 117 158 10 103 248 118 242 194 230 83 225 209 43 25 108 104 46 169 240 239 10 124 175 101 4 237 248 114 32
121 159 79 111 148 170 99 55 100 72 239 230 83 33 184 113 113 134 44 44 185 153 37 63 254 239 160 64 59 138 240 112
121 151 111 108 18 2 71 55 97 74 254 236 115 33 144 115 92 198 108 174 249 187 229 15 240 239 96 208 109 162 242 57
25 139 77 251 132 163 105 150 54 17 71 82 217 3 160 105 113 138 46 152 27 152 111 245 206 195 186 64 186 128 160 40
54 1 82 160 213 70 82 65 133 133 251 3 75 153 100 212 248 141 133 49 28 179 16 138 187 244 128 71 227 46 252 6
137 234 75 59 36 136 101 16 124 82 102 212 179 129 144 57 50 42 38 78 195 252 167 97 196 161 112 0 104 136 211 168
32 32 20 9 75 79 48 72 22 180 192 10 196 210 64 132 121 24 234 16 2 211 219 17 29 130 5 63 48 8 13 134
65 34 143 93 8 10 33 88 246 160 226 68 81 225 160 82 120 100 106 8 9 241 139 12 84 34 231 0 8 168 96 32
6 164 148 27 153 215 22 168 62 183 64 1 76 242 75 156 145 91 224 16 54 80 155 63 41 22 69 111 146 116 13 6
117 174 207 126 184 2 71 184 210 178 98 204 115 225 185 91 21 102 96 46 169 243 175 47 104 239 101 16 233 240 66 32
32 32 0 141 79 73 160 72 38 160 240 11 134 128 64 144 104 140 234 128 8 243 211 80 21 0 11 57 97 8 14 130
81 34 15 133 8 10 33 64 236 160 226 66 208 130 144 114 104 196 106 136 1 209 133 64 148 32 171 0 9 0 99 32
86 160 148 22 139 87 22 200 22 182 64 1 68 246 75 142 145 94 232 18 38 81 155 58 9 6 77 111 130 116 15 134
37 166 207 117 152 2 69 248 214 178 194 228 83 225 145 43 17 100 104 44 169 243 143 8 104 42 101 4 225 248 112 32
64 172 129 8 104 32 104 131 34 19 104 72 145 162 64 88 209 143 34 136 2 26 194 81 28 182 218 44 128 194 98 128
6 172 148 30 153 207 22 168 62 183 64 17 110 242 111 212 145 74 160 48 54 208 155 63 41 22 85 111 210 36 137 6
113 142 199 126 26 2 71 184 146 178 98 236 115 225 169 123 17 102 96 46 233 210 143 63 96 174 101 16 120 240 66 33
86 160 132 23 139 71 20 200 22 182 64 9 68 230 73 142 145 94 233 18 2 83 219 56 25 2 77 127 128 116 15 134
37 164 143 85 152 2 36 248 214 242 194 96 83 224 209 43 17 100 104 44 185 241 143 8 104 43 101 68 232 248 112 32
112 0 6 137 13 75 160 72 102 32 194 6 194 128 32 64 104 132 106 0 8 211 221 16 149 34 3 16 16 8 48 194
0 50 6 5 9 75 32 72 246 224 194 160 64 212 96 32 120 92 234 0 0 209 207 16 29 2 5 33 65 8 36 150
112 32 142 29 74 18 33 72 118 128 198 136 80 196 160 242 112 76 234 12 1 211 239 20 20 34 5 8 64 0 50 176
96 0 14 137 74 9 33 72 102 32 194 138 210 128 2 64 104 140 106 8 8 211 199 16 212 32 130 56 48 8 48 96
96 34 6 12 72 65 32 72 230 36 198 4 64 194 32 82 104 76 106 136 0 211 223 16 20 32 3 41 0 8 38 196
17 48 14 1 10 11 160 72 230 160 194 40 66 144 34 64 104 12 106 0 1 243 143 24 20 128 3 16 105 8 59 192
50 48 22 136 9 95 176 72 142 188 146 11 206 212 98 132 233 24 234 0 12 227 91 208 153 144 15 63 82 12 45 134
81 2 207 237 78 2 97 80 116 128 226 230 209 163 160 98 112 196 106 140 129 209 167 68 84 171 226 0 41 168 96 32
14 184 148 26 201 221 48 200 191 181 0 9 236 246 111 142 145 123 235 17 6 65 154 113 15 18 79 127 146 116 15 198
114 32 2 129 77 77 160 64 47 36 176 11 142 152 2 148 232 149 234 1 8 99 209 208 149 32 11 59 65 12 15 130
65 34 75 129 74 8 105 80 108 96 242 70 149 2 144 112 106 141 110 140 129 211 229 64 212 32 171 0 40 128 35 160
117 166 207 101 150 10 103 184 118 226 242 230 83 97 144 113 125 204 100 44 169 240 237 14 252 175 229 132 237 232 114 33
125 54 239 124 56 242 91 24 113 207 244 228 123 79 143 112 87 244 124 190 139 135 229 15 114 239 178 192 251 131 98 113
253 90 219 253 52 223 91 146 23 110 214 246 19 133 163 105 86 252 189 94 235 158 97 158 194 255 185 148 62 185 16 81
153 90 186 49 49 223 247 214 151 110 214 55 190 157 179 160 172 58 174 69 233 189 49 62 227 223 48 131 75 61 44 127
202 209 48 158 61 221 21 174 31 125 84 59 174 148 110 196 211 26 175 0 102 8 251 179 183 85 26 63 18 28 157 95
159 114 123 121 160 48 111 218 117 202 246 244 25 135 227 120 125 153 46 250 171 214 231 66 210 207 182 132 235 241 34 241
138 241 52 17 161 223 180 239 47 125 4 61 140 190 78 140 135 27 195 16 86 216 123 85 15 83 85 103 210 4 143 223
40 32 22 137 73 95 176 72 134 180 226 11 196 208 98 132 233 24 234 0 4 115 91 16 29 0 7 63 80 8 45 134
81 2 143 141 74 2 33 88 118 128 230 102 209 163 160 98 120 204 106 136 9 211 231 16 84 163 226 0 40 168 96 160
6 160 148 27 153 215 16 200 190 181 64 1 236 246 107 156 145 95 234 16 38 81 155 125 9 18 77 111 146 36 15 134
113 6 207 125 10 2 71 120 118 194 98 228 115 225 177 123 21 228 100 46 169 243 175 15 104 175 101 128 233 240 114 49
45 182 233 107 176 171 75 154 118 75 247 244 147 7 186 96 89 10 14 156 187 180 109 46 238 223 182 132 250 219 240 112
121 159 239 111 4 26 103 181 97 74 254 230 115 37 152 115 120 230 108 238 249 248 229 45 246 233 226 128 107 226 242 120
137 138 219 123 38 138 101 144 126 66 118 84 191 193 176 120 50 40 46 12 195 180 37 99 196 253 50 0 126 128 97 105
14 160 150 27 153 215 16 232 190 180 66 1 236 246 110 148 145 127 234 48 38 209 155 61 9 18 69 111 146 36 13 70
113 6 207 125 26 2 71 120 86 194 98 228 115 225 176 115 17 108 100 46 169 243 175 15 104 175 101 0 249 240 114 33
6 160 148 25 153 215 176 200 191 180 128 1 204 254 78 134 145 93 235 49 38 65 155 221 137 82 79 127 146 36 15 198
117 6 205 125 146 2 79 56 118 234 246 230 83 97 144 112 127 204 116 172 169 242 237 14 248 239 101 148 237 232 114 49
123 94 254 237 245 254 115 178 133 108 222 39 123 60 183 244 231 244 189 20 141 153 48 174 247 255 32 147 158 255 92 127
26 92 186 252 53 223 247 86 189 206 254 39 174 221 167 228 239 251 158 65 207 173 51 238 243 255 54 131 74 93 45 95
31 126 235 97 176 246 111 82 55 236 254 228 17 151 167 112 125 237 158 158 203 152 101 106 246 237 175 128 171 243 96 121
138 245 48 154 245 221 181 239 31 125 84 63 174 252 110 196 159 27 147 17 118 58 122 151 255 85 29 111 82 28 141 223
142 177 48 19 169 253 188 207 63 253 21 21 140 222 78 132 159 27 251 17 22 73 251 214 47 85 31 231 194 4 143 215
29 62 251 97 182 59 103 210 118 235 254 246 31 129 179 96 51 200 14 28 163 181 37 46 250 205 39 132 239 249 97 241
29 150 111 97 180 187 99 250 109 105 127 230 83 69 185 112 113 130 14 60 171 177 45 30 254 207 38 196 251 138 80 113
125 150 111 111 150 138 99 185 117 73 255 230 115 101 184 112 125 134 44 188 153 190 109 63 254 239 161 192 191 130 240 113
9 2 255 107 50 170 99 27 125 67 118 84 255 67 144 112 51 38 78 28 163 180 37 79 230 239 50 0 238 194 97 97
123 95 126 254 181 254 123 150 173 205 254 167 59 253 183 244 230 246 191 84 141 153 48 236 243 253 166 131 142 223 124 127
11 220 186 255 53 213 215 254 15 77 254 39 238 220 166 228 223 187 159 1 207 168 115 255 231 255 54 139 90 222 173 95
27 31 111 97 48 246 123 82 189 205 254 228 57 183 167 244 100 254 159 220 171 153 32 238 254 253 174 128 171 213 100 121
42 244 48 155 229 221 53 255 31 127 85 63 140 220 106 165 191 27 151 17 246 126 122 215 111 83 29 239 26 12 141 215
125 159 111 108 182 186 99 242 101 104 254 230 83 45 179 112 119 132 63 110 185 185 37 60 254 239 33 196 127 137 80 113
77 6 125 107 178 170 107 62 109 65 127 196 223 99 154 112 55 71 110 190 161 176 45 126 238 239 34 192 254 211 161 33
203 31 126 254 53 212 123 182 189 76 254 229 255 253 183 245 230 243 191 84 175 171 51 237 251 249 38 139 14 220 124 127
11 215 240 203 61 245 223 159 31 77 252 103 174 255 190 228 223 27 159 5 135 168 123 247 231 253 50 195 94 222 173 127
91 31 111 118 48 214 123 246 253 204 254 229 121 191 183 117 102 247 191 252 249 153 36 238 251 255 166 194 47 133 100 125
10 180 48 155 229 221 189 255 31 127 125 55 140 252 110 164 191 27 151 17 214 26 122 215 207 95 31 231 150 14 141 215
14 181 176 147 253 253 189 219 63 255 117 61 140 220 78 172 191 27 215 17 182 126 122 243 79 87 95 239 194 12 143 215
93 31 125 109 50 170 107 178 125 73 126 228 219 35 147 113 38 196 110 252 177 184 37 126 238 239 35 196 255 145 97 113
203 159 127 237 34 154 127 178 253 110 118 228 221 47 182 113 38 101 61 78 229 156 164 239 230 251 106 128 14 160 35 113
