96 32 192 172 76 9 160 72 46 160 240 139 130 128 68 146 104 204 66 1 0 114 203 80 29 0 7 57 65 40 70 130
81 32 151 133 10 10 32 64 236 160 194 66 210 130 84 114 98 197 106 140 1 209 133 64 156 34 143 0 0 0 35 4
96 32 129 164 78 9 160 72 46 160 224 203 130 128 64 18 104 204 66 1 0 114 203 80 28 0 7 56 65 40 86 130
16 32 135 157 28 131 233 104 182 128 242 66 254 227 128 198 122 228 110 168 41 227 75 77 156 162 207 16 65 0 33 160
64 2 158 93 8 2 100 104 244 130 226 64 82 225 32 66 112 100 106 40 40 241 139 13 84 162 103 0 80 120 112 32
20 160 20 153 219 195 32 200 86 176 192 74 102 210 104 192 89 72 226 16 2 82 75 21 156 130 5 125 176 8 40 130
16 34 6 141 76 139 224 72 238 160 242 70 197 226 0 194 104 237 106 128 13 243 87 85 156 50 207 17 72 8 41 0
81 32 151 133 10 10 32 64 236 160 226 66 222 130 80 114 96 197 106 136 1 209 133 64 156 34 143 0 32 0 35 4
81 34 208 165 40 8 104 8 45 160 178 72 207 2 192 214 202 197 110 12 13 67 193 192 156 248 135 18 40 128 75 5
1 0 151 189 86 142 169 64 190 0 82 70 220 226 32 192 114 109 42 140 33 209 154 220 52 162 11 0 8 40 33 160
96 32 193 164 76 9 160 72 46 164 240 139 130 128 68 18 104 204 66 1 0 114 203 80 29 0 7 56 65 40 70 130
80 0 151 221 12 2 33 104 244 128 194 66 208 226 32 66 120 228 106 136 0 209 131 72 21 162 199 0 16 104 112 32
1 40 30 158 74 193 163 104 246 128 230 34 252 242 168 64 121 107 42 136 34 203 43 127 92 38 207 8 49 0 33 160
52 160 20 137 207 11 160 200 86 176 224 10 212 208 96 192 121 152 98 16 2 114 91 17 29 130 135 125 49 8 40 130
98 160 92 153 108 73 169 200 30 53 176 186 208 200 200 64 91 218 111 17 10 98 203 209 28 16 175 124 21 8 212 160
81 32 159 133 10 10 97 64 236 160 226 2 222 130 80 114 98 197 106 136 1 209 133 64 156 34 143 0 32 0 35 36
36 160 28 184 207 11 160 200 86 176 224 10 196 208 96 128 121 152 98 16 2 114 91 17 29 130 135 125 17 8 41 130
64 2 158 93 8 2 100 104 244 138 226 0 82 225 32 66 112 100 106 40 40 241 139 9 85 163 103 1 88 120 96 0
81 32 158 133 10 10 32 64 236 160 226 66 220 130 80 114 98 197 106 136 1 209 133 64 156 34 143 0 32 0 35 36
104 34 240 97 44 13 208 16 107 172 176 77 139 9 212 18 137 197 76 28 140 98 200 128 223 216 37 50 66 140 66 7
44 164 220 219 218 129 48 204 22 49 196 186 245 227 232 65 91 219 106 176 34 82 207 53 108 163 127 125 144 8 141 168
32 32 201 164 76 73 160 72 14 160 240 139 130 129 68 2 104 220 66 1 0 114 203 80 29 0 135 57 65 40 70 130
64 2 134 93 8 2 100 120 244 138 226 68 80 225 160 194 112 100 106 40 41 241 139 13 20 162 231 0 9 120 96 32
20 160 148 184 219 207 32 200 86 176 224 10 230 211 104 4 121 88 98 16 2 82 91 21 157 130 5 127 208 8 40 130
81 32 150 133 10 14 104 64 236 160 226 2 222 130 64 114 96 197 106 136 0 209 133 64 157 32 143 0 32 0 35 4
32 32 193 172 77 73 224 72 46 160 240 139 130 128 68 130 104 220 66 1 0 114 219 80 29 0 135 56 65 40 86 130
64 2 150 92 72 10 36 104 246 154 226 96 96 240 160 70 240 100 106 40 32 209 139 77 20 34 231 0 16 120 104 0
20 160 156 185 219 143 32 200 86 176 224 10 198 194 104 128 121 88 98 16 3 82 219 21 157 131 5 124 216 8 41 130
81 32 150 133 10 10 40 64 236 160 226 2 222 130 64 242 98 197 110 136 0 209 133 64 157 160 143 0 32 0 35 36
96 32 193 140 77 73 224 72 47 160 240 139 130 136 68 130 232 221 194 1 0 114 203 208 29 16 7 59 65 40 78 130
80 32 84 173 44 11 104 8 111 160 178 8 207 98 64 214 106 197 110 8 8 193 199 64 156 178 15 25 0 0 35 32
80 162 150 157 14 10 32 200 238 180 130 206 199 226 0 198 107 196 110 8 8 195 203 89 156 162 67 21 40 40 89 0
64 2 14 129 77 75 32 64 230 164 194 10 196 130 96 208 104 132 106 0 8 211 199 16 149 32 131 49 16 8 88 2
48 32 6 1 74 75 160 72 230 0 226 0 64 194 64 64 104 12 106 136 0 211 203 16 20 2 3 9 97 0 35 132
16 32 6 13 73 6 161 72 246 4 226 2 196 192 34 64 120 76 106 0 0 227 207 16 21 32 2 25 65 8 39 130
96 2 2 137 74 9 32 72 70 36 194 202 130 192 32 66 104 204 106 8 8 115 207 16 148 32 131 56 49 8 50 128
96 32 6 129 73 75 33 64 230 164 194 11 196 130 98 192 104 132 106 0 9 211 199 16 149 34 131 49 16 8 28 0
33 32 6 1 72 11 160 72 102 160 226 76 192 192 0 82 105 76 106 0 1 211 223 16 20 2 135 16 73 0 122 128
36 160 148 152 203 207 176 200 22 176 224 11 196 208 106 0 217 88 226 16 6 83 90 149 157 130 7 127 216 8 9 134
80 130 134 13 10 11 32 216 150 180 194 236 96 224 224 66 81 76 106 128 10 83 207 17 28 34 69 60 120 40 48 128
64 48 132 28 73 211 32 104 214 248 198 8 64 240 98 118 81 108 234 0 7 83 251 29 93 34 69 31 16 44 4 118
0 48 134 13 73 7 160 72 246 132 194 4 192 192 66 70 120 76 234 0 0 243 223 16 21 32 3 24 64 8 39 148
80 2 150 157 8 2 36 104 244 138 226 102 64 227 160 198 112 100 106 168 32 209 139 9 20 162 231 0 24 120 104 0
81 32 7 132 72 8 32 72 230 32 194 74 82 128 32 210 104 204 106 136 9 243 141 80 20 32 3 8 0 0 35 0
64 2 6 137 75 75 32 72 230 164 194 6 194 130 98 80 104 132 106 0 12 211 207 24 21 34 131 49 16 8 20 6
65 0 135 28 72 6 33 72 246 136 194 0 82 224 32 226 113 100 106 8 0 211 239 16 29 34 69 8 64 32 112 32
88 32 134 12 75 75 32 72 54 160 194 136 82 224 64 82 120 204 106 0 0 211 207 0 85 34 35 40 1 40 54 130
32 34 6 1 74 3 160 72 182 128 226 72 64 130 96 192 120 12 106 0 8 211 207 16 20 130 35 9 65 0 34 128
97 0 2 137 74 9 32 72 102 32 194 206 130 192 32 66 104 204 106 8 13 115 199 16 148 32 131 56 57 8 50 128
36 160 142 29 136 15 0 200 22 184 196 8 66 242 64 20 89 108 106 24 10 211 203 29 28 2 69 54 16 32 10 128
81 0 6 137 78 11 32 72 118 32 194 2 192 192 34 64 120 140 106 136 4 211 79 24 20 34 131 8 48 8 48 128
33 32 7 1 72 11 32 72 102 160 226 72 192 128 64 84 105 12 106 12 0 211 207 16 20 2 163 16 65 0 114 160
64 32 6 13 74 11 32 72 164 32 194 10 66 160 0 82 104 204 106 128 0 211 135 0 148 34 35 0 96 32 35 128
80 34 6 128 72 8 33 64 102 32 194 74 18 130 32 82 96 204 106 136 0 243 133 0 20 32 35 8 9 0 35 128
32 32 2 129 72 73 161 72 54 160 226 10 192 128 96 16 120 140 106 0 0 243 197 16 20 0 3 48 65 8 19 162
80 2 142 29 10 2 33 88 246 128 194 64 82 225 160 82 120 108 106 8 8 211 207 24 92 163 103 8 96 32 112 128
32 32 148 29 10 11 32 72 86 176 196 72 194 240 192 132 89 76 106 24 8 211 203 16 28 0 5 52 16 8 34 160
48 0 142 61 74 11 32 72 118 160 194 198 82 193 32 66 120 76 106 0 10 211 207 21 20 163 99 16 56 8 48 160
1 0 14 9 8 15 32 72 86 184 194 2 64 192 34 96 120 4 106 8 6 195 79 29 29 34 1 20 16 8 56 132
80 0 10 128 74 8 33 64 100 32 226 10 150 130 32 86 104 204 106 136 8 211 133 64 148 32 10 0 33 0 35 0
32 32 2 129 76 73 160 64 46 32 224 10 128 128 96 0 104 140 106 0 0 243 197 80 148 0 131 48 81 8 83 130
32 34 6 137 74 11 160 72 102 32 194 199 192 192 32 66 104 204 106 0 0 211 207 20 20 34 3 48 56 8 48 128
80 0 6 137 78 11 32 72 118 32 194 66 64 192 32 192 120 140 106 136 0 211 207 24 20 34 131 8 48 8 56 128
97 32 3 9 74 11 160 72 118 160 226 8 194 192 64 16 121 204 106 12 13 211 223 16 20 2 131 56 105 0 51 128
64 32 6 5 72 11 33 72 164 160 194 10 194 160 0 82 104 204 106 136 0 211 135 0 20 34 3 0 64 32 35 128
64 32 3 137 72 9 97 72 110 32 194 72 194 130 0 82 104 204 106 136 8 83 199 80 148 32 3 56 0 0 34 32
96 32 1 133 74 11 161 72 174 160 226 74 198 128 64 208 104 140 106 0 8 243 197 16 148 0 3 48 96 8 19 128
80 34 134 13 8 11 33 72 118 172 194 0 194 224 192 66 113 68 106 8 8 81 203 16 92 34 231 16 96 32 112 32
96 32 132 13 74 75 32 72 134 176 192 8 196 224 64 210 105 204 234 0 11 83 207 17 28 3 5 61 48 40 10 160
16 34 142 13 8 15 32 72 246 160 194 64 66 160 32 66 112 76 106 8 8 209 137 28 84 35 103 0 40 0 96 128
32 160 14 9 74 3 32 200 22 176 192 10 84 193 96 80 89 76 106 0 2 211 219 17 28 2 5 44 56 8 42 128
73 48 142 29 88 135 32 72 246 128 194 68 82 224 32 210 81 108 106 36 32 211 155 28 76 163 101 8 88 32 40 144
24 176 130 29 9 131 0 200 150 176 70 4 114 224 42 80 81 108 106 8 10 211 219 31 73 135 69 44 88 40 34 144
81 0 151 197 14 11 100 40 239 178 130 74 207 162 148 246 35 196 110 12 1 225 143 200 156 178 67 20 40 104 41 36
112 0 8 137 78 11 32 72 118 32 194 10 146 128 0 64 120 204 106 8 8 115 211 16 212 32 130 56 48 8 50 128
16 2 14 137 12 0 160 64 164 0 226 66 208 131 32 64 104 132 106 136 8 147 197 192 148 160 170 24 33 8 97 128
48 32 20 137 15 9 160 72 70 32 240 66 130 0 0 0 104 136 106 128 8 179 93 208 149 0 139 48 81 8 49 130
16 32 6 5 10 27 33 72 246 176 198 0 65 192 192 70 121 76 106 8 8 211 235 28 28 2 65 4 96 0 50 160
112 132 142 29 24 3 33 232 246 176 66 0 96 224 34 67 81 108 104 40 40 211 143 31 88 38 69 4 80 40 112 192
25 0 134 29 8 27 0 104 118 240 194 8 97 224 224 98 17 76 106 0 12 209 239 25 24 99 69 52 112 40 16 4
72 160 140 29 89 83 1 232 214 240 198 8 66 244 98 114 81 124 234 16 36 83 251 29 29 35 69 125 16 36 4 214
8 48 135 13 73 70 161 72 246 208 194 5 64 228 66 214 120 76 234 0 5 211 255 17 21 34 67 28 72 36 38 214
1 160 142 29 90 131 0 200 22 176 194 72 114 224 104 85 17 110 106 44 42 211 203 29 28 34 101 52 56 40 0 128
116 132 167 31 152 67 3 168 214 180 66 0 96 224 40 81 81 110 104 32 32 209 143 63 40 38 69 4 80 40 112 0
181 78 199 62 138 51 70 184 208 194 104 236 115 224 137 187 21 230 96 110 237 230 142 47 32 238 101 16 105 241 74 24
72 128 132 61 25 7 0 168 22 184 66 8 112 224 96 82 17 78 104 0 40 81 203 27 93 39 101 60 80 104 16 0
32 32 2 129 76 9 161 64 46 32 240 10 128 128 96 0 104 140 106 0 0 115 213 80 149 0 131 48 65 8 83 162
36 46 142 86 140 34 7 184 210 178 70 48 81 225 249 11 25 102 96 58 56 243 143 42 104 39 101 4 193 249 240 32
81 144 132 31 26 3 2 168 86 176 194 108 112 224 192 82 17 110 104 136 168 82 207 59 24 38 69 60 121 96 24 4
17 132 142 31 26 135 0 232 22 240 66 140 99 224 40 81 17 110 98 44 43 208 223 61 40 34 69 52 56 224 0 16
181 222 220 62 168 35 70 186 146 146 96 253 115 241 1 27 21 102 96 34 105 230 138 47 32 231 101 16 248 241 202 9
100 134 142 31 152 147 6 168 150 186 66 4 96 224 170 209 17 110 232 32 37 209 139 63 42 39 69 13 24 40 56 0
108 180 140 31 153 151 16 232 22 252 70 45 100 244 226 208 149 108 232 48 37 209 235 61 14 99 69 63 146 36 8 85
7 180 134 19 145 182 22 168 58 215 9 181 110 226 111 216 145 79 160 22 54 72 155 119 168 22 5 71 136 119 139 86
20 134 144 30 155 143 22 168 118 55 104 81 102 224 106 80 17 74 160 50 50 65 27 63 105 166 5 119 240 98 132 66
7 236 132 23 155 51 54 200 54 243 64 17 196 242 75 222 145 79 168 18 54 80 139 51 170 6 77 111 138 117 139 134
48 32 16 137 14 9 160 72 70 32 240 2 130 0 0 128 104 136 106 129 13 179 205 208 149 0 139 48 81 8 49 128
36 142 150 30 200 139 6 168 214 154 98 96 98 224 32 83 17 102 96 34 96 201 11 63 40 38 101 1 80 112 72 9
36 44 135 22 141 38 134 168 210 190 66 16 96 224 105 139 17 102 104 58 112 241 139 42 41 38 69 0 192 121 208 130
48 0 14 137 72 11 161 72 102 32 194 2 212 193 32 66 104 76 106 0 0 211 67 16 149 34 130 16 16 8 52 162
23 164 132 55 155 119 6 200 22 243 64 16 68 242 73 138 17 78 32 18 55 80 155 51 169 134 77 110 152 113 136 6
84 188 148 18 147 182 22 172 114 179 41 16 98 242 76 212 145 94 160 50 62 193 25 63 171 6 5 95 184 119 170 4
165 206 205 94 200 171 7 190 210 146 96 216 113 225 129 59 17 118 96 14 225 228 110 59 96 47 101 0 240 241 194 40
96 144 134 29 8 135 32 232 246 248 194 97 192 240 96 67 209 100 106 48 32 211 203 28 28 34 101 54 16 44 21 19
22 180 132 55 155 55 6 200 22 187 64 16 68 226 73 222 17 94 168 18 50 80 155 51 169 134 77 110 130 113 134 22
101 44 143 23 140 34 7 184 210 242 66 80 114 225 217 43 17 102 96 58 249 241 175 42 104 38 101 4 201 249 240 160
20 164 132 23 155 35 6 200 22 179 68 16 68 226 75 14 17 78 32 30 50 80 139 51 168 6 77 111 160 113 137 4
92 176 132 54 139 7 22 200 22 183 64 41 68 246 73 138 17 94 232 18 114 82 219 51 153 135 205 63 128 112 7 162
116 174 206 119 140 38 71 248 82 186 66 122 83 97 73 11 89 102 96 58 56 243 203 42 106 47 101 4 233 249 208 0
9 40 151 159 95 194 33 72 182 128 194 2 236 226 32 228 121 106 106 140 35 211 43 125 29 162 3 8 0 40 33 164
32 34 6 9 74 3 32 72 54 128 226 72 64 194 96 80 120 12 106 0 0 211 199 16 20 128 35 8 65 8 34 128
0 160 20 159 91 129 161 232 86 21 228 2 244 242 40 100 89 202 106 136 2 98 79 121 92 34 87 44 112 8 37 170
97 32 2 137 74 9 32 72 102 32 194 206 130 128 32 82 104 204 106 0 12 211 207 16 20 32 131 56 24 8 50 128
48 0 7 137 12 11 32 72 102 32 194 2 194 128 32 64 104 132 106 0 8 211 207 16 148 34 131 8 16 8 48 128
104 34 112 100 45 13 80 16 107 172 176 73 143 9 212 20 142 133 77 12 140 98 192 128 159 217 5 51 66 140 66 7
100 160 12 137 204 73 129 200 14 181 176 138 194 194 72 2 75 221 106 16 10 99 223 209 156 16 143 125 212 40 22 160
48 32 7 1 10 11 160 72 118 160 194 64 210 128 192 96 120 76 106 12 1 209 239 16 20 2 39 0 97 0 114 164
65 160 134 29 72 11 32 200 86 240 194 76 80 224 192 70 81 108 106 0 9 211 207 17 28 34 197 60 88 40 50 132
64 2 134 29 8 67 1 104 118 176 194 0 64 224 32 194 81 68 106 0 41 211 219 29 28 34 69 12 16 44 52 160
112 32 7 13 72 75 32 72 54 160 194 136 64 192 0 208 120 204 106 128 9 211 207 0 20 34 3 8 40 8 50 128
112 2 142 29 74 2 33 88 118 128 198 200 83 225 224 82 81 108 106 8 8 211 207 24 92 163 101 8 96 160 114 0
1 162 134 29 24 31 32 200 246 180 194 12 64 224 98 16 17 108 106 16 6 209 235 28 28 2 37 54 24 32 8 128
17 0 14 137 74 11 32 72 102 32 194 134 211 128 32 66 104 196 106 8 9 243 223 16 20 162 163 16 57 8 48 128
112 2 6 137 12 15 32 72 102 44 194 10 194 130 32 64 104 132 106 0 8 195 203 80 148 34 3 56 24 8 56 128
97 32 7 9 72 75 160 72 38 160 194 72 209 128 64 2 104 204 106 0 8 83 203 16 20 2 163 56 81 8 34 128
49 32 143 29 10 75 32 88 22 240 194 64 83 224 0 66 113 108 106 44 9 211 207 29 28 163 229 20 112 40 48 128
64 2 134 29 8 3 32 72 246 180 194 4 64 224 34 66 81 68 106 0 2 195 203 29 28 34 69 28 16 40 48 144
80 34 6 5 72 75 32 72 182 164 194 2 192 128 0 82 120 204 106 136 8 211 199 0 20 34 3 1 33 32 51 128
117 166 143 87 140 2 7 184 82 242 70 72 83 224 145 43 25 102 96 62 185 243 175 42 104 46 101 4 225 248 112 32
6 164 132 23 139 23 22 200 150 187 4 0 196 242 73 142 145 78 232 50 34 83 139 58 41 6 77 111 128 116 11 134
64 0 143 93 8 2 33 104 246 128 226 66 82 225 160 66 120 100 106 40 9 211 139 13 84 34 231 0 48 40 96 32
48 160 22 153 75 139 32 200 22 176 224 10 70 210 96 64 89 76 98 16 2 83 75 29 157 130 7 125 16 8 41 130
32 32 20 137 79 77 176 72 150 180 240 11 68 216 98 132 249 136 234 17 2 99 219 145 29 0 15 63 25 8 60 134
70 160 132 23 139 17 20 200 146 242 0 9 228 242 75 138 145 79 232 18 54 67 139 56 8 2 79 111 136 116 11 150
48 32 8 141 79 9 160 72 174 160 160 11 2 128 64 146 104 204 234 0 8 115 203 80 157 32 15 57 73 40 78 130
36 160 156 185 203 139 48 200 150 180 224 14 70 192 96 0 89 92 234 16 2 83 91 17 93 128 13 127 80 8 13 130
80 2 135 141 14 2 32 88 118 128 210 102 193 227 160 198 120 196 106 136 1 209 135 204 148 162 227 0 40 168 41 0
64 32 158 133 78 10 97 64 108 160 226 2 212 130 16 114 96 196 106 136 0 209 133 64 212 34 139 0 32 32 35 32
165 222 206 62 184 34 71 184 18 130 98 236 115 225 137 27 21 102 100 46 105 224 143 47 96 231 101 16 232 241 66 16
80 2 143 77 8 2 32 104 118 128 226 66 208 225 32 66 120 68 106 40 8 211 131 12 84 35 231 0 40 40 96 0
50 32 128 141 79 75 160 72 42 164 176 11 6 152 64 146 232 221 234 1 12 99 203 80 29 0 5 59 65 40 78 134
65 34 30 133 10 8 105 64 108 160 226 66 220 130 208 114 96 197 106 136 1 209 133 64 148 32 171 0 40 0 43 32
53 14 199 62 138 34 70 184 82 226 98 204 115 224 185 59 29 102 96 46 237 242 143 46 32 238 101 16 233 241 66 16
80 34 150 133 10 10 96 64 108 160 226 74 204 130 144 210 98 196 106 136 0 211 135 64 156 34 175 1 40 32 43 0
48 32 64 141 79 73 160 72 46 160 176 10 2 129 64 146 104 204 74 1 8 115 209 80 21 0 3 57 65 8 70 130
80 2 143 77 8 2 32 88 118 128 226 70 81 225 160 66 112 196 106 136 1 209 131 4 20 163 231 0 40 40 96 32
32 32 20 137 75 79 160 72 150 176 224 10 68 208 96 132 121 28 234 16 2 83 75 17 29 128 15 63 80 8 45 134
81 34 18 129 10 8 96 64 236 128 226 66 206 130 64 82 106 197 110 136 8 195 133 64 156 160 139 0 0 0 35 4
48 32 73 141 79 73 160 72 46 160 176 10 2 136 64 146 104 220 74 1 8 115 209 80 21 128 3 49 65 8 66 130
64 18 151 29 8 10 32 120 118 136 226 100 64 224 160 66 112 100 106 32 1 211 139 12 20 34 231 0 40 104 104 0
44 160 20 185 201 207 32 200 22 176 224 10 198 192 96 128 217 12 106 16 6 83 91 29 221 131 5 125 216 8 41 130
96 32 7 13 75 13 32 72 102 32 194 74 194 130 0 82 104 204 106 128 8 83 195 16 21 32 3 56 1 8 34 130
12 172 148 59 185 251 22 136 182 183 0 17 238 242 75 188 145 78 224 16 54 80 139 63 41 86 85 111 210 117 143 6
16 0 6 137 10 11 32 72 230 32 194 34 82 129 32 66 104 76 106 8 0 243 139 24 84 162 35 16 48 8 48 130
64 0 134 93 72 147 0 72 118 160 198 8 96 224 160 86 81 108 106 8 0 211 235 17 28 34 69 8 0 32 34 32
112 144 134 29 26 15 1 168 182 188 194 40 66 224 0 66 81 124 104 32 8 209 203 28 28 34 69 54 16 32 16 0
8 128 134 61 26 131 32 248 182 176 66 233 65 225 32 80 17 108 106 32 40 209 139 29 72 163 101 20 112 168 48 129
0 32 158 29 26 27 32 72 246 180 194 8 64 224 96 2 89 76 106 16 2 209 251 28 28 2 5 53 24 32 10 128
248 239 134 94 145 154 6 174 83 163 106 24 98 225 45 149 145 126 160 66 96 248 11 63 43 38 85 19 194 124 220 10
0 0 14 137 76 11 160 72 102 32 194 198 210 129 32 64 104 132 106 136 9 179 197 16 148 32 162 48 57 8 49 128
112 0 14 137 12 9 161 72 102 32 194 2 194 130 34 64 104 132 106 136 8 147 199 80 148 34 130 8 16 8 49 128
16 32 7 9 72 11 160 72 118 160 226 72 210 128 0 80 120 12 106 0 1 211 5 16 20 0 35 32 97 8 115 160
112 32 7 9 72 9 33 72 52 32 194 10 64 192 32 80 120 204 106 136 1 211 199 0 20 34 130 8 96 8 35 160
57 160 142 29 24 3 0 248 22 240 194 68 83 224 136 83 17 108 106 44 41 211 207 29 8 35 229 52 120 160 48 128
112 50 134 29 74 2 33 88 118 128 194 108 81 225 224 82 81 108 106 8 8 211 223 24 92 34 101 8 72 32 114 176
1 48 134 29 9 15 32 72 182 176 194 8 64 240 98 128 89 108 106 16 5 209 223 28 28 2 5 54 16 40 10 128
92 164 148 59 155 39 22 173 54 55 97 17 68 227 72 91 49 95 232 146 50 64 219 55 111 103 85 111 179 113 171 130
118 96 140 133 139 111 20 136 170 182 128 11 198 224 75 26 9 212 233 179 72 67 219 64 157 2 207 63 128 121 27 2
96 34 142 13 72 11 32 72 118 160 198 12 66 224 192 82 113 108 106 24 8 211 143 16 92 35 101 0 40 40 50 16
120 160 134 29 75 75 32 200 54 176 64 8 64 224 64 80 81 108 106 0 2 211 219 17 157 3 37 44 48 40 2 130
173 204 207 62 136 99 70 184 146 210 100 204 115 225 185 27 17 102 96 46 105 224 174 43 42 239 101 25 235 241 74 88
53 30 207 30 170 42 7 184 18 226 98 236 115 228 153 59 23 102 100 46 237 240 143 46 40 46 101 144 237 241 2 81
86 172 167 18 145 243 6 172 118 255 10 16 110 246 109 212 145 79 160 50 51 193 43 63 169 86 21 70 144 119 132 116
76 162 148 22 139 81 22 200 154 191 4 32 204 230 73 206 145 95 232 18 114 65 171 50 9 22 79 111 130 116 7 167
101 182 199 23 168 2 6 184 82 250 66 253 83 224 129 11 21 102 96 54 185 241 207 42 40 38 101 132 236 248 208 49
173 206 199 62 152 115 71 184 146 210 96 72 115 224 169 147 17 102 96 46 105 192 174 63 40 231 101 24 112 240 66 72
13 220 115 219 180 242 107 158 127 65 126 244 251 71 189 244 115 234 30 188 179 148 125 255 174 254 167 196 190 211 224 117
70 168 150 22 233 213 52 200 154 191 0 57 204 246 77 142 149 127 234 18 118 67 170 112 15 18 79 127 128 116 143 199
6 172 149 18 187 227 22 168 191 183 0 17 236 242 77 221 145 95 160 48 54 80 139 127 43 22 85 111 146 117 143 70
93 188 133 30 145 251 22 172 118 247 74 25 110 224 8 212 145 127 160 54 55 72 27 63 169 54 21 87 210 119 138 22
6 172 148 19 155 249 54 140 254 147 3 49 204 254 79 239 147 123 224 19 54 88 139 119 45 22 95 111 128 117 141 6
6 164 148 23 155 19 22 200 182 183 0 0 228 230 73 206 149 95 232 18 54 81 155 59 41 6 77 111 130 116 7 6
117 38 206 55 152 2 6 184 82 242 98 253 83 225 145 11 29 100 96 62 185 243 143 42 104 239 101 4 237 248 208 16
183 94 239 30 186 34 79 248 82 226 126 239 115 228 191 51 23 230 116 47 233 243 173 47 112 46 101 148 237 245 34 117
165 76 239 126 136 35 71 184 210 162 100 72 115 225 185 43 17 102 96 42 233 224 174 47 104 175 101 16 225 241 66 40
84 172 134 18 145 183 22 172 54 179 10 17 78 226 107 88 145 79 160 50 62 65 11 63 169 6 5 103 152 119 136 6
129 68 27 154 60 131 27 5 156 1 195 82 244 210 40 96 214 185 62 24 51 135 88 246 224 180 138 88 20 10 161 32
134 172 132 147 209 250 182 167 59 55 75 17 236 122 78 205 129 79 177 17 54 216 219 231 45 54 95 71 130 85 157 14
6 188 132 50 153 166 22 172 190 191 0 21 236 226 75 88 145 79 161 21 54 80 139 63 40 22 93 103 144 117 141 87
116 182 207 117 204 10 39 248 82 186 226 100 83 225 193 11 25 100 104 58 57 241 203 10 104 175 101 68 233 248 112 160
205 190 51 90 177 252 50 210 191 91 183 84 156 215 104 253 165 27 206 18 179 5 58 243 223 209 50 206 154 69 171 51
13 218 215 219 176 146 106 156 127 65 118 212 249 194 184 252 119 74 30 220 167 148 61 255 174 255 191 196 190 149 233 157
158 88 183 187 171 224 51 216 175 91 87 119 28 215 105 110 231 89 191 210 131 149 59 242 215 224 42 207 186 23 37 243
201 143 19 188 188 77 71 255 223 76 92 100 255 227 161 241 215 74 14 44 243 105 42 159 248 223 39 188 26 248 129 113
73 130 193 251 69 236 97 16 127 93 119 86 187 198 122 232 113 138 46 156 19 56 62 241 143 221 178 72 146 136 229 112
13 191 247 105 186 179 63 255 190 212 12 164 157 247 227 160 183 123 218 56 195 73 59 90 238 221 15 110 158 244 37 248
221 172 171 250 203 212 109 199 242 19 132 18 57 231 122 107 97 203 58 156 114 79 186 227 249 175 222 45 177 112 163 232
173 94 74 139 180 63 199 218 84 78 220 246 211 224 191 192 93 202 134 126 175 182 108 186 226 133 165 148 223 255 88 213
52 57 234 58 201 228 181 209 48 200 252 167 48 253 83 0 89 251 151 149 153 250 250 98 125 5 174 137 201 118 246 251
96 32 112 101 109 9 112 0 107 172 176 9 143 9 84 22 138 197 77 20 8 98 192 128 158 216 5 51 70 140 70 132
139 150 96 219 213 188 226 82 127 75 127 118 168 154 158 228 125 138 150 158 191 188 111 247 6 93 178 194 127 199 248 213
225 94 174 92 172 14 95 255 255 158 176 52 115 230 183 127 217 196 110 46 236 103 171 90 242 186 247 28 80 240 230 109
145 223 60 221 188 23 86 255 95 234 180 112 118 55 162 117 231 102 46 110 225 79 73 255 250 218 87 51 16 248 173 63
178 159 106 36 19 82 87 119 57 236 254 255 106 46 134 16 250 239 197 161 252 191 37 207 177 246 47 147 97 100 238 223
76 164 148 91 155 101 182 201 182 183 129 25 204 243 72 207 177 94 234 48 50 67 203 113 31 2 85 127 146 101 175 130
9 82 106 191 182 202 109 23 62 77 87 247 189 70 162 64 118 185 143 133 227 156 109 223 228 167 190 192 62 150 181 121
173 157 185 204 252 93 191 248 138 216 188 76 254 245 235 38 223 242 223 110 163 99 254 255 255 95 103 252 158 254 3 241
157 94 229 215 180 110 111 176 117 95 247 247 219 109 159 109 125 198 191 238 185 244 125 239 111 107 243 192 175 253 244 113
216 157 126 219 167 250 125 183 60 94 94 182 253 247 178 233 98 255 191 202 113 216 51 243 199 163 126 129 54 212 165 123
158 92 247 219 163 226 59 218 63 90 219 247 92 215 237 248 119 223 191 146 163 149 59 242 157 34 175 198 190 85 37 115
150 21 60 165 186 70 159 32 172 252 138 49 247 62 7 67 230 117 93 227 104 193 121 44 233 176 79 146 0 48 37 91
150 188 85 219 139 228 50 218 175 91 187 116 220 247 109 255 231 27 255 178 51 69 27 242 159 210 63 206 186 85 37 55
50 176 22 152 73 223 176 200 158 180 192 11 198 210 98 132 217 56 234 16 6 115 219 145 153 82 15 127 82 12 45 198
6 172 148 147 209 248 182 167 58 55 3 49 236 250 78 207 145 95 163 19 54 216 203 247 45 54 95 71 130 85 141 142
149 196 19 218 180 167 78 129 29 11 211 82 223 210 40 105 215 187 30 58 107 134 88 255 160 182 170 88 16 89 161 32
81 34 199 13 26 2 101 120 118 198 226 230 81 226 130 118 116 204 106 172 173 208 239 12 20 34 231 0 41 224 96 244
117 4 239 94 138 2 79 248 82 194 230 134 115 228 157 123 63 254 117 175 233 243 175 47 120 46 101 128 229 240 114 112
34 32 2 140 77 93 176 72 175 172 240 11 6 220 66 150 233 221 234 1 12 115 203 208 29 16 15 59 65 12 14 134
70 168 148 19 185 249 54 204 191 179 0 49 236 250 79 142 147 91 235 17 54 72 138 243 13 22 95 111 146 117 143 135
191 74 192 187 173 145 254 208 23 166 213 162 73 199 235 205 95 232 142 94 108 214 109 178 182 81 143 179 55 191 188 197
237 237 65 76 232 8 238 249 226 90 252 236 249 226 157 178 125 192 70 238 193 35 206 121 52 57 231 172 91 246 106 177
17 34 135 133 10 10 40 80 238 164 226 230 205 162 128 82 106 196 110 136 133 209 133 64 148 34 171 0 40 160 43 0
13 220 117 219 180 218 111 156 127 65 118 240 219 86 189 244 87 234 30 252 163 148 109 255 46 254 183 196 190 217 224 125
140 62 190 82 107 188 177 194 255 31 109 21 44 254 103 91 163 107 226 6 134 119 186 224 87 89 82 43 194 117 103 207
70 162 148 30 233 23 180 232 190 191 128 9 204 230 75 142 149 95 235 17 6 67 203 113 29 50 79 127 128 116 15 199
7 220 87 91 178 146 110 156 127 81 114 228 249 90 189 253 119 227 62 254 231 212 63 253 46 126 247 196 191 151 233 29
173 30 106 137 180 63 223 251 85 206 126 247 219 236 179 101 95 106 150 44 189 180 109 158 106 95 165 149 222 252 92 213
81 148 53 251 187 166 59 191 127 89 127 116 252 115 40 116 247 23 60 184 179 9 59 223 187 255 58 198 154 66 161 35
105 151 64 73 241 190 98 51 125 73 127 84 202 51 150 244 89 134 198 60 187 184 81 255 47 255 0 66 202 134 202 21
217 140 71 17 0 30 96 50 124 72 242 196 187 2 144 209 98 4 238 140 137 156 69 76 140 226 98 128 42 132 105 16
34 191 171 187 212 199 183 113 22 200 220 101 176 253 18 32 220 58 151 145 219 186 96 42 239 21 174 129 193 106 182 251
25 159 51 242 246 135 191 247 22 232 218 102 87 245 160 96 125 186 23 136 201 155 57 190 249 142 175 192 61 58 176 185
96 159 171 190 221 253 241 115 219 77 109 29 166 236 54 80 201 42 163 1 150 58 186 179 95 125 66 43 144 108 215 215
140 240 183 123 161 108 99 216 118 91 117 84 255 215 105 124 113 90 6 90 35 212 59 115 205 219 35 68 154 211 103 177
40 32 20 152 75 95 48 72 22 176 228 10 198 209 98 196 249 8 234 16 2 115 203 17 29 130 5 63 82 8 45 134
17 50 135 157 8 2 32 88 246 224 226 230 81 227 160 66 124 228 106 140 129 209 143 12 20 34 227 0 40 168 32 176
104 32 0 169 79 73 160 72 38 160 240 10 134 152 64 128 104 140 234 128 8 115 195 80 21 128 3 59 65 8 110 130
14 188 150 19 153 211 18 168 191 253 4 49 204 246 75 157 145 123 232 16 54 65 155 55 47 86 69 111 146 116 143 22
53 6 207 31 138 10 71 248 82 226 98 228 115 228 153 59 23 238 116 46 233 243 175 47 104 46 101 148 237 248 114 113
80 34 22 133 14 10 104 64 236 160 226 102 196 130 128 82 104 196 110 136 1 209 133 64 148 32 171 0 9 0 35 0
78 162 150 22 139 83 52 232 190 182 0 169 204 230 75 142 145 127 232 18 38 67 171 48 13 83 77 127 130 116 15 199
163 54 194 88 239 189 212 79 155 79 188 127 10 252 183 157 157 171 214 36 188 103 98 218 50 95 85 187 251 124 202 215
32 32 20 137 75 91 160 72 22 160 240 10 196 208 64 128 120 152 234 0 4 115 203 16 29 128 7 59 80 8 45 134
6 172 148 27 153 219 22 168 190 179 64 1 236 240 109 152 145 123 224 16 54 80 155 63 41 86 69 111 144 36 13 6
17 34 143 205 8 2 32 88 230 160 226 70 81 163 160 66 104 196 106 136 1 209 135 0 84 35 162 0 41 168 96 160
96 32 0 137 75 73 160 72 38 164 240 10 134 128 64 150 104 220 234 0 0 115 195 16 21 0 11 59 65 8 46 130
6 172 148 19 153 211 22 168 190 183 0 0 76 230 77 156 145 123 160 16 54 80 155 127 41 22 69 111 130 116 7 6
53 164 207 62 138 2 70 248 82 226 226 204 115 224 153 59 25 238 100 46 233 243 143 47 184 174 101 20 237 248 66 32
17 34 14 5 8 10 32 80 236 160 226 70 209 130 208 114 104 196 106 136 1 209 133 64 212 32 163 0 40 0 99 0
86 160 132 20 203 7 20 232 18 182 64 9 68 226 66 198 145 92 233 18 6 83 219 24 25 34 77 127 130 100 7 134
125 162 198 117 158 10 101 248 86 242 198 230 83 225 208 2 29 76 104 44 169 240 207 8 92 235 101 4 237 232 112 16
117 166 207 62 184 10 71 184 146 178 98 236 115 225 129 91 21 100 96 46 169 243 207 47 104 175 101 16 232 240 66 33
6 178 132 27 153 135 18 168 62 181 64 5 108 230 75 28 149 91 225 20 54 80 155 63 137 22 77 111 144 116 13 82
37 166 207 85 220 10 101 248 214 178 226 108 83 225 193 11 21 100 104 44 169 243 175 8 108 171 101 20 233 248 80 32
80 93 78 160 16 226 98 71 228 65 234 130 51 38 33 112 96 166 14 144 9 153 20 236 185 164 34 64 168 82 97 24
9 32 134 13 10 159 32 72 246 240 194 8 64 224 98 96 89 100 106 0 36 209 239 28 29 34 5 4 48 8 0 196
113 32 142 29 10 67 33 88 118 232 198 196 82 225 128 80 81 108 106 12 1 210 207 17 28 34 101 40 120 32 34 176
64 0 6 137 76 11 160 72 100 36 194 14 194 128 0 80 104 140 106 128 8 147 197 64 148 32 130 0 56 8 49 128
48 32 10 137 74 73 161 72 102 32 194 138 210 128 0 64 104 132 106 136 9 147 199 16 212 32 162 48 113 8 49 128
48 32 6 9 72 73 33 72 54 32 226 2 192 130 32 208 120 140 106 128 1 211 195 80 20 32 3 40 65 8 34 160
17 34 15 1 72 11 32 64 102 160 194 96 211 128 128 64 104 140 106 0 1 243 197 16 20 161 35 0 97 8 51 160
96 34 6 137 72 11 33 72 102 32 194 10 208 130 32 80 104 140 106 0 8 211 207 16 20 34 3 40 16 8 52 160
24 32 6 13 11 11 32 72 246 176 194 12 64 192 32 64 121 76 106 0 0 209 139 28 29 35 37 4 96 40 0 128
113 34 142 29 74 11 33 88 118 168 198 204 81 225 128 82 88 76 106 12 8 211 207 21 84 34 101 24 120 128 50 176
17 0 14 1 8 11 32 88 102 32 194 78 211 129 160 64 104 132 106 12 1 241 207 16 84 161 35 16 56 8 114 128
26 159 122 255 167 208 126 183 55 78 223 179 109 255 170 229 119 251 191 130 211 216 59 243 251 255 246 195 54 198 173 123
50 32 22 169 11 91 16 72 159 188 194 3 198 210 38 196 249 157 238 0 14 211 75 157 153 242 15 55 16 12 45 134
81 0 239 141 78 2 97 120 118 200 246 198 81 226 178 98 120 204 110 140 137 211 231 76 84 170 231 128 41 168 112 116
141 150 22 216 164 235 77 187 157 94 222 116 206 226 171 205 211 75 142 42 123 197 107 254 160 243 127 220 154 253 137 17
182 126 234 155 175 241 127 216 151 254 220 183 106 236 255 79 127 234 142 102 236 247 111 234 182 89 231 187 55 253 188 213
169 255 68 12 253 26 238 251 235 234 124 236 201 226 151 183 77 230 214 238 229 62 238 223 46 217 231 172 94 246 234 157
114 34 0 133 73 77 176 72 175 172 240 11 138 156 70 150 232 221 234 1 12 115 219 208 149 48 11 59 81 12 79 134
13 207 231 91 244 159 111 157 127 203 118 192 251 199 180 244 85 250 158 218 227 252 45 255 47 223 183 128 214 220 196 125
65 50 71 133 74 10 104 80 110 224 242 230 221 130 192 82 106 205 110 140 133 211 229 64 148 161 163 0 40 128 35 208
35 150 110 89 244 190 251 214 127 77 254 60 74 8 150 116 223 134 206 28 191 187 101 255 62 127 48 211 203 205 222 85
40 191 43 251 180 207 191 119 22 200 94 100 253 245 160 32 221 58 151 16 251 184 96 175 239 223 175 128 26 206 148 241
74 188 251 122 235 253 179 218 191 95 124 61 188 254 110 56 167 27 255 1 135 107 186 243 95 95 19 235 216 69 39 251
40 188 187 186 213 237 179 95 218 77 125 93 190 253 34 80 253 59 151 5 147 58 186 247 111 61 38 106 216 78 215 243
156 220 85 91 169 103 71 156 127 90 246 116 94 87 137 253 55 80 238 122 35 196 59 127 171 218 103 198 250 243 96 51
32 176 30 153 73 219 176 200 150 180 230 11 196 208 98 132 217 8 234 0 6 243 219 17 31 19 7 63 82 12 45 198
81 2 143 13 74 2 33 88 118 192 194 198 81 230 160 98 120 204 106 140 137 211 231 12 84 162 227 0 57 168 96 240
6 188 148 27 187 215 50 200 191 241 64 49 204 254 79 140 145 95 235 17 54 80 155 123 47 23 69 111 146 100 143 215
117 6 207 94 138 2 79 248 114 226 246 200 115 225 145 123 29 228 116 174 233 243 175 46 120 175 101 128 237 240 114 32
6 164 148 27 153 211 18 232 190 177 64 1 236 242 75 153 145 95 232 49 38 80 155 127 41 86 77 111 144 100 15 134
117 6 207 126 138 2 71 248 82 194 98 204 115 224 177 59 25 230 100 46 169 243 175 46 184 174 101 16 237 248 114 32
15 158 149 218 173 127 93 255 31 255 159 116 206 118 170 255 199 70 174 42 245 203 123 242 250 215 119 215 154 254 173 117
182 94 239 157 174 123 191 223 159 254 158 247 74 236 255 75 255 243 255 167 236 197 111 202 242 91 239 151 181 124 212 247
171 63 104 31 252 63 255 127 121 238 125 244 233 174 150 183 223 110 214 46 245 126 236 255 38 95 231 171 94 246 222 221
137 223 110 91 245 223 254 188 254 218 126 68 251 236 190 241 253 114 190 122 231 253 47 255 111 255 247 129 222 252 253 125
175 78 239 223 164 123 223 222 95 207 222 179 219 237 183 105 223 126 191 95 168 253 111 238 107 123 247 144 150 253 244 121
231 222 110 91 244 254 255 214 127 77 254 181 90 172 191 112 255 71 222 85 182 187 45 255 126 127 54 211 213 213 207 223
9 191 55 255 181 191 127 247 157 73 94 100 254 247 160 228 221 122 159 12 179 184 120 191 239 223 174 194 26 206 176 249
26 188 249 251 251 245 179 222 62 93 125 183 60 255 102 48 183 91 183 145 151 58 186 243 95 207 63 239 255 71 167 243
