80 32 6 5 10 11 32 72 110 160 226 0 196 130 64 82 104 204 106 128 0 211 205 80 148 32 3 48 97 0 35 130
120 34 24 165 40 24 112 0 40 160 178 137 207 42 66 146 202 205 236 0 12 240 193 0 196 241 35 49 104 32 75 130
16 32 6 141 10 2 32 72 230 32 194 2 192 194 32 66 104 196 106 128 8 211 195 208 148 34 138 17 16 40 33 0
48 32 6 8 75 3 32 72 118 160 226 8 64 130 96 16 120 204 106 128 0 211 143 0 20 2 1 32 65 0 34 130
0 32 6 21 72 138 160 72 246 128 226 0 64 192 64 2 56 108 106 0 0 243 143 0 20 32 3 8 65 0 35 128
80 32 18 128 73 73 96 64 46 32 242 10 132 130 0 208 104 140 106 128 8 115 131 80 148 32 131 41 1 0 39 130
16 34 22 141 12 2 32 72 230 36 194 34 196 131 32 66 104 196 106 128 8 211 131 192 148 32 138 16 0 8 49 128
112 2 0 137 78 9 32 72 100 32 194 207 195 192 0 66 104 204 106 8 9 83 199 0 148 32 131 56 56 8 16 0
32 50 6 9 74 67 32 72 246 224 226 108 64 194 64 82 121 76 106 128 1 211 207 0 28 2 1 32 72 0 34 144
120 34 148 165 45 27 64 8 47 176 162 237 207 32 64 210 129 197 236 17 12 97 205 20 142 243 101 53 0 140 74 0
105 48 24 96 41 29 80 16 107 168 180 76 159 27 64 144 133 133 108 12 141 98 216 16 203 217 37 48 74 136 74 3
16 32 134 21 75 27 160 72 118 164 230 0 66 224 66 6 56 76 234 8 0 243 175 16 20 32 1 9 97 32 43 196
96 32 4 129 13 11 32 64 198 164 194 10 192 128 66 68 104 132 106 12 8 211 197 16 148 32 131 17 16 8 24 132
112 34 129 165 41 12 64 8 43 168 178 77 207 34 64 150 200 197 108 20 14 99 195 0 152 240 135 57 74 164 74 4
33 32 7 1 74 11 161 72 102 160 226 136 208 128 64 82 105 76 106 4 1 243 207 16 20 2 3 56 65 0 114 128
80 32 6 12 75 74 32 72 102 36 194 137 66 162 2 82 104 204 106 128 4 211 199 64 149 32 2 1 97 0 39 20
20 160 148 185 219 207 160 200 22 176 224 10 196 210 104 132 121 88 226 16 2 83 219 21 157 130 7 127 208 8 13 130
64 2 159 93 12 2 101 104 244 130 226 66 80 224 160 98 112 100 106 168 41 241 139 9 20 162 231 0 9 120 112 32
96 32 192 164 76 73 224 72 46 164 240 139 130 128 68 18 104 204 66 1 8 115 219 80 29 0 7 57 97 40 86 130
80 34 18 129 74 72 32 64 100 32 194 66 71 130 0 82 96 204 106 136 0 209 129 64 148 160 34 1 40 0 33 0
32 34 6 9 72 11 160 72 118 184 224 72 194 192 64 20 57 76 106 0 0 211 207 16 28 2 5 61 72 0 82 130
81 32 151 133 10 10 40 64 236 160 226 66 220 130 80 114 96 197 106 140 1 209 133 64 156 34 143 0 40 0 35 4
88 32 134 45 73 10 32 72 118 160 194 136 67 160 0 210 112 196 234 0 8 209 199 0 148 35 67 0 32 32 42 128
33 32 15 9 72 11 161 72 246 176 224 76 208 192 64 82 185 76 106 4 1 211 235 16 28 2 37 60 64 0 34 244
80 32 134 4 75 75 32 72 54 164 194 136 67 160 66 18 120 204 234 0 0 211 199 0 21 34 1 33 96 0 38 210
20 160 148 155 219 195 32 200 22 177 192 10 228 210 104 192 89 90 226 16 2 83 91 53 157 130 5 127 176 8 13 130
165 204 22 94 152 131 6 184 214 18 98 72 114 225 160 209 17 98 32 42 105 250 11 63 40 38 101 16 88 248 64 8
212 48 19 0 75 84 48 64 224 90 226 117 8 130 100 219 224 133 202 192 20 23 128 64 17 33 42 11 0 4 47 86
20 142 146 30 155 218 22 172 118 23 104 16 102 242 40 208 145 74 160 34 54 201 11 63 41 166 21 95 178 98 165 15
32 179 26 0 72 95 177 96 104 108 244 108 0 128 174 16 248 12 194 32 64 179 96 0 84 0 32 53 65 72 102 211
64 6 159 93 24 2 36 104 246 130 226 64 82 225 160 99 112 100 106 42 41 241 139 13 52 162 231 0 80 120 112 32
32 32 128 165 78 73 160 72 14 180 240 139 130 192 68 2 105 204 66 1 10 115 203 17 29 0 7 61 65 40 86 130
81 32 134 133 10 10 40 64 236 160 194 194 212 130 80 82 32 197 106 140 1 209 133 64 156 32 143 0 40 0 35 4
113 140 206 4 82 174 226 2 120 69 234 13 114 40 6 80 56 166 96 180 188 184 85 111 116 47 16 64 233 7 98 90
96 32 192 37 74 73 224 72 42 164 224 139 130 160 68 18 40 204 66 5 8 115 207 80 28 0 7 57 97 40 86 130
81 0 142 157 12 2 160 104 244 128 194 66 208 224 32 98 120 228 106 136 1 209 135 72 21 34 199 0 17 104 112 32
165 204 220 30 200 155 6 190 214 146 96 248 115 224 128 49 17 98 96 42 97 236 78 63 40 166 101 8 120 240 194 8
212 140 144 30 147 150 22 172 118 23 107 16 102 226 40 212 145 74 160 50 114 201 27 63 169 166 21 87 176 115 167 6
81 32 135 133 10 10 32 64 236 160 194 66 212 162 80 114 96 197 106 140 1 209 133 64 156 34 207 0 32 32 35 36
36 160 4 153 203 3 160 200 22 176 192 10 196 192 96 128 121 152 98 16 2 83 91 17 29 130 143 125 49 8 37 130
91 70 30 172 92 6 143 127 128 170 152 70 124 35 48 2 183 197 91 175 97 11 9 222 241 167 239 188 25 34 41 136
44 78 142 30 204 34 135 184 210 146 66 68 114 225 161 11 89 102 32 42 232 243 143 42 104 38 101 4 201 249 80 40
163 48 47 105 120 55 88 94 21 105 208 25 16 156 52 41 220 29 91 181 188 215 117 156 87 88 152 182 29 5 50 215
22 180 128 22 155 231 22 200 22 179 8 16 68 242 107 204 145 78 160 178 54 81 155 58 41 6 77 111 152 119 169 6
81 32 143 5 8 10 97 72 236 160 194 66 212 226 80 114 97 196 106 156 1 209 135 64 156 34 207 0 0 32 35 4
96 32 132 133 74 75 160 72 50 176 224 139 194 224 64 18 57 204 98 21 8 115 223 16 29 0 15 61 97 40 86 130
52 207 222 71 212 40 230 198 98 51 250 71 34 40 85 82 233 206 32 66 78 248 137 33 42 174 84 2 201 90 114 138
82 23 223 236 18 39 26 110 31 41 218 227 95 191 36 80 182 157 61 133 8 153 1 220 145 174 40 146 53 198 33 41
64 2 158 29 12 10 164 104 246 130 194 66 80 224 32 98 120 228 106 168 32 241 139 13 21 34 199 0 24 120 112 32
52 160 20 153 219 131 160 200 22 176 192 10 196 194 96 192 121 216 234 16 2 83 91 23 157 134 15 125 177 8 1 130
165 206 30 62 216 131 6 190 214 18 98 220 115 224 160 81 17 98 32 42 105 206 11 63 40 166 101 16 120 240 194 8
183 48 108 83 65 188 224 81 101 89 115 124 48 220 220 59 200 10 119 151 159 246 243 1 7 104 240 202 105 7 242 135
43 157 84 229 15 37 28 55 4 178 74 134 245 39 80 99 76 246 59 175 217 90 215 129 133 201 203 56 45 106 144 152
242 48 225 87 70 198 144 17 112 137 243 122 114 89 140 56 124 222 245 17 187 246 209 3 21 46 176 210 109 0 210 163
40 64 2 169 77 73 32 68 4 48 67 10 131 3 32 203 104 12 10 0 0 147 193 144 149 160 130 37 48 10 92 138
66 198 197 188 28 2 75 172 146 177 128 202 253 99 57 75 83 197 29 233 35 71 204 223 232 182 239 180 180 187 17 40
77 44 40 59 88 169 106 48 238 192 8 137 253 236 83 32 2 33 91 61 164 96 230 126 111 69 45 249 230 166 3 70
40 96 18 44 73 6 128 72 36 12 232 0 130 130 41 146 216 136 66 226 8 35 195 8 209 161 2 9 81 34 46 130
99 4 75 132 120 235 19 42 136 228 156 141 215 229 166 16 95 164 95 44 56 163 100 30 232 23 33 124 20 170 22 113
96 64 0 136 95 136 32 64 136 0 201 11 36 130 35 80 72 168 10 0 0 3 208 16 21 32 138 59 16 10 90 134
80 0 2 137 77 9 32 72 100 32 194 10 198 128 0 64 104 132 106 9 8 179 195 0 148 32 138 24 48 8 17 0
96 32 4 137 76 11 32 72 6 32 194 10 128 130 0 64 104 132 106 136 8 147 197 16 148 32 130 16 16 8 48 0
65 32 2 137 8 9 65 64 102 32 194 8 134 130 0 86 104 204 106 128 9 67 195 64 148 32 3 24 0 0 34 32
96 32 0 13 72 75 96 72 172 160 226 10 198 128 64 80 104 140 106 0 8 242 213 0 148 128 3 49 96 8 22 130
64 32 142 29 8 11 1 72 246 176 198 8 210 224 192 114 81 68 106 8 8 67 235 16 92 34 197 28 16 32 0 32
112 48 140 13 10 15 0 8 22 176 192 8 194 176 64 82 81 76 106 0 8 211 223 24 157 162 69 54 48 40 6 130
198 164 150 19 145 254 22 174 58 151 11 17 236 242 78 220 145 91 160 18 54 200 155 119 41 54 21 71 130 119 143 70
181 78 205 126 138 35 71 188 208 194 104 252 115 224 137 51 27 230 4 110 233 102 14 47 96 174 101 56 105 243 66 169
70 236 132 150 155 99 54 200 146 183 64 17 196 246 75 206 145 95 233 19 54 81 154 50 169 6 77 111 128 117 143 134
81 18 142 28 8 66 33 120 118 232 226 100 67 224 162 66 113 228 232 128 9 211 143 12 24 162 97 0 105 32 96 48
97 164 210 148 86 170 226 107 250 129 120 74 125 224 36 18 51 239 0 168 19 235 142 207 56 46 39 40 201 98 99 136
8 160 132 29 73 91 160 200 214 180 196 8 192 224 66 38 89 76 234 16 6 83 251 17 12 2 5 127 80 40 14 196
60 1 2 161 69 75 160 64 164 164 122 2 3 145 33 196 120 12 2 106 0 179 0 128 21 193 130 5 35 59 116 160
52 142 159 161 148 2 66 222 22 161 154 114 19 41 113 64 89 214 47 49 59 251 65 174 248 134 191 68 164 200 112 40
117 174 207 87 132 34 71 248 210 178 194 86 83 225 217 43 89 102 96 58 185 243 207 42 40 46 229 4 237 249 240 32
0 176 132 29 72 15 160 200 214 184 192 40 196 240 64 2 217 92 106 16 2 83 203 17 13 2 5 126 80 40 2 130
30 168 143 224 148 3 107 158 22 177 146 66 17 179 113 64 113 222 61 152 58 221 9 183 216 198 191 196 172 136 112 40
3 32 170 73 48 187 186 71 126 65 90 145 156 140 182 32 151 43 86 29 182 189 37 30 74 95 56 194 196 132 3 71
240 90 0 137 13 69 37 85 132 124 198 6 128 0 99 70 72 0 10 0 42 19 97 128 181 0 138 27 22 24 52 246
22 228 132 54 155 99 22 200 22 183 64 17 68 242 75 206 145 78 161 18 50 81 139 51 169 6 93 111 130 117 141 198
37 108 135 22 140 34 71 184 210 242 66 86 81 225 249 43 89 102 96 62 249 243 143 42 40 46 101 4 205 249 240 160
52 20 0 0 195 106 102 64 105 38 170 15 6 2 11 16 184 128 198 34 8 179 17 66 177 132 2 23 65 91 47 86
52 203 129 147 132 1 71 169 22 186 147 106 115 97 96 72 121 206 36 219 121 250 73 177 152 134 255 84 180 43 176 32
148 172 146 30 153 158 6 172 118 23 105 16 102 224 42 208 145 74 160 34 118 201 27 63 41 166 21 87 208 114 133 14
49 54 209 239 90 44 150 127 0 170 121 250 54 53 200 34 126 255 134 160 177 186 192 138 189 164 37 186 225 106 3 169
106 159 39 172 252 40 227 39 232 65 90 173 247 44 144 98 200 102 251 37 145 41 87 189 236 119 202 192 140 238 215 120
16 0 6 136 15 67 32 72 102 36 194 6 64 192 34 68 104 12 106 136 12 211 87 28 20 34 3 1 17 8 56 196
32 18 6 153 74 11 33 72 134 32 194 230 192 192 32 66 72 76 106 0 3 211 203 21 20 34 163 24 24 8 48 144
32 32 0 129 77 73 160 64 198 32 242 10 128 128 64 64 104 140 74 0 0 115 209 16 21 0 131 57 81 8 86 130
88 0 134 29 10 2 32 104 118 160 230 128 83 225 160 66 113 228 104 136 8 211 143 12 88 227 65 0 99 160 96 0
25 143 20 237 141 39 76 127 70 186 152 70 56 35 112 67 229 207 46 174 217 74 91 217 189 203 239 188 57 106 33 8
80 0 26 129 74 8 33 64 100 32 194 2 223 130 0 66 96 204 106 136 1 209 193 64 148 160 162 0 33 0 33 32
20 252 144 22 155 99 22 136 22 179 8 19 68 242 105 72 145 94 160 178 54 193 155 58 169 6 93 47 176 119 189 6
54 90 101 33 0 175 65 144 37 220 242 229 195 7 5 88 220 160 253 86 136 148 67 60 139 194 233 198 225 151 116 115
16 0 30 137 74 10 160 64 230 32 194 2 80 130 32 66 104 76 106 136 0 243 133 80 85 34 2 0 0 8 33 128
88 20 179 205 114 54 51 86 5 73 206 231 52 55 160 100 230 28 219 4 129 155 161 138 247 100 32 130 166 206 36 251
32 32 10 137 72 5 160 72 22 32 224 10 0 131 96 80 120 140 106 128 0 243 203 16 21 0 131 40 81 8 98 130
48 32 6 153 74 11 32 72 22 32 194 10 65 192 32 64 88 76 106 0 14 211 203 21 20 162 131 24 16 8 48 128
97 220 155 22 192 2 102 230 113 3 234 124 86 32 36 89 201 198 34 66 121 251 1 102 56 38 84 70 201 122 226 28
165 206 196 127 138 171 71 190 210 210 104 248 115 96 129 51 17 106 32 106 225 116 78 63 100 10 117 32 121 241 194 136
72 32 134 28 89 195 32 88 182 128 66 0 100 225 32 82 17 108 106 0 32 195 139 29 9 163 101 9 48 32 33 128
52 69 0 128 149 73 198 192 8 4 184 10 134 0 43 16 104 136 78 114 8 35 80 206 181 144 2 121 80 27 215 130
16 0 6 137 8 3 32 72 230 32 194 66 192 192 32 192 104 12 106 8 0 209 71 28 20 34 3 0 16 8 48 128
86 141 146 22 145 182 22 175 186 151 43 25 78 230 44 212 145 87 224 50 118 73 26 63 41 54 5 95 130 119 135 6
52 4 208 161 135 74 78 32 121 38 186 3 15 34 13 144 58 197 4 162 8 176 81 200 180 212 70 39 225 114 111 134
162 232 2 26 57 201 160 196 168 24 160 9 166 194 68 148 200 43 202 17 2 43 66 117 177 144 10 123 64 0 71 140
68 160 134 29 155 10 36 232 246 178 194 0 66 224 64 82 17 108 104 32 32 211 219 24 29 34 69 53 192 96 34 128
48 160 135 29 24 135 34 200 86 184 64 64 114 224 32 192 89 108 98 32 42 209 139 31 8 166 37 4 112 40 34 128
44 17 2 9 73 215 2 72 132 204 109 4 130 144 35 100 216 60 194 98 13 163 114 24 7 240 3 15 90 47 38 214
96 32 134 13 72 11 32 72 246 160 198 8 80 192 64 82 112 76 106 8 0 211 139 16 85 32 33 24 0 0 50 0
103 162 132 129 172 25 72 136 107 185 144 248 199 224 223 158 129 196 108 29 158 67 207 16 156 146 229 253 132 172 218 4
112 48 7 13 75 15 32 72 54 160 66 104 82 208 64 16 120 204 106 0 0 210 203 16 29 2 5 32 48 8 18 130
36 160 20 153 203 207 48 200 150 180 224 10 68 210 96 128 89 28 234 16 2 83 91 29 29 130 15 127 144 8 45 130
80 2 143 93 8 2 33 120 118 128 226 70 83 225 160 66 112 100 106 40 9 241 139 12 84 162 231 0 41 104 96 32
48 32 4 141 79 75 160 72 30 164 176 11 2 128 64 144 120 220 234 1 8 115 219 80 29 0 15 57 65 8 78 130
6 172 148 18 153 245 22 172 190 183 66 17 236 246 79 220 145 91 160 18 54 88 155 119 41 22 93 111 146 117 143 6
181 78 207 126 154 34 71 184 82 226 98 236 115 225 185 59 29 230 100 46 233 243 15 46 96 174 101 16 233 241 66 33
65 34 159 133 14 10 97 64 108 160 194 66 212 130 144 114 96 196 106 136 1 209 135 64 148 34 143 0 40 32 35 32
70 160 148 22 139 85 22 200 146 183 0 9 228 246 75 142 145 95 233 18 118 67 155 50 57 6 79 111 130 116 15 134
117 166 207 119 156 10 103 248 82 178 194 118 83 225 145 43 89 228 96 62 185 243 175 42 120 47 101 4 237 248 208 32
96 34 6 153 72 11 160 72 134 40 192 107 196 192 32 66 72 76 106 0 0 3 203 16 20 32 35 56 24 8 5 128
52 160 20 153 203 195 48 200 22 176 192 8 100 210 104 0 89 60 226 16 2 83 91 29 157 130 5 127 144 8 45 130
21 197 94 40 172 18 70 253 109 210 76 68 215 224 179 97 81 72 46 110 199 33 47 29 234 233 103 12 120 242 120 73
137 112 3 40 105 4 176 92 160 74 224 117 21 146 96 155 204 25 194 229 4 7 130 64 84 97 114 8 8 21 35 211
226 82 1 136 236 21 23 204 68 108 192 62 132 20 160 103 196 20 138 102 161 3 97 128 181 48 138 62 16 25 181 245
40 51 10 1 232 95 183 84 164 108 246 37 130 148 170 34 108 12 202 98 80 179 32 0 116 1 32 39 67 95 167 215
16 32 135 29 8 130 32 88 246 136 194 64 65 224 32 66 81 108 106 32 40 211 203 29 8 226 101 0 120 32 32 130
64 2 143 93 24 2 33 120 246 128 226 64 82 225 160 67 112 100 106 40 41 243 139 13 84 34 231 0 105 104 112 32
57 36 147 164 94 39 146 122 210 168 176 74 221 176 32 32 95 125 2 56 49 239 8 158 248 135 63 124 125 40 1 137
32 32 192 141 79 73 160 72 46 164 240 11 130 128 64 2 104 204 66 1 8 115 219 80 20 0 3 57 65 8 86 130
70 172 148 18 145 243 22 172 62 183 11 17 108 246 73 220 145 95 160 50 54 200 27 127 169 22 29 103 146 119 141 6
240 0 227 64 80 174 225 67 53 5 242 157 82 141 52 88 248 142 39 21 138 191 129 66 81 46 16 64 193 4 230 114
177 16 76 147 128 176 80 2 117 91 227 50 2 18 70 120 249 158 44 144 30 158 101 192 131 168 208 67 176 136 40 6
8 160 150 29 9 147 0 200 214 176 196 0 98 224 32 134 89 108 234 0 2 195 75 29 8 3 5 44 82 44 40 128
181 206 199 126 136 35 71 184 210 130 104 232 115 225 185 59 21 102 36 110 233 224 46 47 104 174 101 24 121 243 66 40
81 32 23 133 10 10 104 64 108 128 226 66 208 130 16 114 106 197 106 136 1 211 133 64 156 34 139 0 32 0 35 4
6 172 148 19 155 83 22 200 150 183 0 17 196 246 73 142 145 95 232 48 54 81 139 59 41 6 93 111 144 116 143 198
29 38 195 101 210 72 103 248 224 194 108 226 187 226 249 50 57 232 6 234 105 180 172 75 236 231 39 36 235 242 98 184
64 6 95 172 60 163 75 43 23 144 250 70 125 227 176 64 91 225 37 168 27 67 11 221 144 182 235 140 20 162 96 32
50 48 111 97 20 107 144 70 52 33 210 226 18 28 20 104 248 156 151 17 155 184 85 157 1 46 184 210 205 10 86 170
88 0 6 13 13 27 96 72 116 32 198 2 195 128 32 192 112 12 106 136 8 145 199 4 148 163 131 0 48 8 56 128
117 38 207 87 136 2 7 184 82 226 66 100 83 225 145 43 89 102 96 58 249 243 143 42 40 47 101 4 233 248 112 32
82 6 87 236 122 35 74 91 7 33 74 66 92 235 52 64 54 141 63 168 16 139 131 208 50 188 136 140 52 130 160 32
48 34 6 1 74 11 160 72 102 168 226 76 194 128 96 192 104 12 106 8 0 243 143 16 20 128 35 0 105 0 115 128
92 37 0 1 209 88 167 64 108 76 163 13 136 2 3 80 104 128 202 226 68 19 37 66 181 4 2 5 64 86 39 214
64 32 2 9 75 9 33 72 230 36 226 10 64 130 34 210 104 204 106 0 0 211 131 80 20 32 2 41 65 8 43 128
33 32 15 137 8 11 161 72 198 32 194 142 210 128 32 64 104 4 106 0 9 227 207 16 148 34 163 24 16 8 48 208
18 156 123 73 90 50 58 82 37 9 206 227 28 23 164 118 102 30 219 188 130 155 37 207 55 44 2 194 166 206 33 181
112 226 205 180 28 139 73 156 154 176 148 78 211 99 145 75 17 228 44 234 107 68 77 221 164 162 239 180 60 58 80 32
2 37 99 44 78 171 234 42 237 128 88 73 221 232 80 1 18 41 125 105 144 40 198 28 173 204 41 168 100 162 19 136
172 84 18 172 77 79 166 72 132 196 253 10 70 209 43 6 216 40 194 98 0 163 18 140 49 144 0 11 83 59 127 130
105 141 35 164 56 43 54 115 160 96 142 137 215 37 50 81 222 6 91 44 176 155 132 12 242 121 96 52 6 238 179 241
40 97 18 44 73 86 17 72 4 12 109 0 134 130 35 84 216 44 130 34 72 179 192 24 245 225 2 15 80 58 46 130
230 96 71 105 40 3 78 28 5 162 226 201 115 7 197 90 206 149 125 126 73 215 65 24 178 184 140 144 38 187 64 56
177 36 147 247 126 34 147 89 82 163 181 250 95 113 136 35 62 221 68 56 177 247 237 142 60 207 53 48 237 168 163 129
56 81 18 168 73 95 48 64 132 36 232 2 6 145 34 213 104 12 130 98 72 147 16 0 181 225 194 55 50 26 126 130
196 90 225 69 232 91 102 148 101 170 166 238 3 21 197 127 108 244 206 242 233 38 101 168 54 208 165 42 34 251 100 60
81 16 142 28 90 2 33 88 118 224 198 164 82 228 226 118 80 236 104 128 9 211 239 8 24 34 97 0 96 160 34 84
115 142 136 134 124 167 203 23 6 171 158 78 112 35 144 0 253 166 63 141 152 31 65 191 212 175 184 208 152 10 144 9
164 176 109 121 134 106 224 137 127 83 115 240 147 88 28 121 59 152 255 19 187 244 207 17 13 42 114 197 237 1 246 163
40 33 18 9 75 196 162 64 164 4 233 1 128 2 32 130 200 160 202 226 8 3 64 64 181 128 10 11 81 10 46 130
17 175 223 173 250 34 139 127 64 129 248 226 125 34 128 35 62 111 68 236 49 203 165 205 252 169 46 104 101 162 163 168
115 2 137 187 86 165 75 23 23 43 219 90 112 137 220 88 125 175 63 156 154 158 65 178 149 46 184 208 181 138 208 41
36 12 66 136 85 136 162 64 136 0 169 43 6 146 36 208 200 160 130 98 0 3 80 192 176 52 138 59 17 27 94 130
0 48 132 29 9 91 176 72 246 244 198 12 196 228 98 2 25 108 234 0 4 209 251 24 13 2 5 63 82 44 4 214
120 143 68 229 20 163 111 51 130 160 158 66 243 99 128 65 121 230 61 232 56 24 73 157 236 199 231 240 63 170 208 32
19 40 250 120 18 187 186 79 126 65 82 209 157 136 52 40 51 11 95 25 150 189 38 82 64 12 58 192 229 128 163 143
50 236 2 58 57 137 64 67 169 8 176 137 166 200 0 145 200 179 204 17 78 43 66 117 176 144 26 123 80 12 139 30
80 0 6 137 11 67 32 72 102 100 194 6 194 130 34 80 72 140 106 128 12 211 223 16 149 34 3 17 16 8 52 86
33 32 14 1 72 11 161 72 118 224 70 8 80 128 194 112 57 76 106 12 0 211 191 16 92 3 5 0 64 0 50 224
80 48 134 28 74 74 32 72 118 232 194 9 64 244 0 82 120 204 106 128 0 211 223 0 21 34 1 40 0 0 38 210
109 44 134 23 140 2 7 184 210 178 66 102 114 225 217 11 81 102 96 62 184 241 143 42 104 46 101 4 229 248 112 32
20 172 150 26 153 199 22 232 54 55 64 17 102 224 42 84 145 110 160 48 54 80 27 63 169 166 5 111 210 100 141 6
37 142 143 62 152 3 6 184 86 194 98 100 115 224 168 81 81 102 96 46 105 209 11 63 104 167 101 0 120 240 64 0
52 160 4 153 203 139 32 200 22 176 192 10 68 194 96 128 89 92 98 16 2 83 91 29 157 130 15 125 48 8 41 130
165 206 204 126 154 163 71 190 210 146 104 252 115 224 137 49 21 110 32 110 225 204 14 63 104 171 101 56 120 240 194 8
80 2 142 93 12 2 33 104 246 128 226 66 82 224 160 66 120 100 106 40 9 243 139 9 84 34 231 0 41 104 112 0
32 32 132 141 79 11 160 72 22 160 224 11 130 128 64 130 120 204 98 1 8 115 219 16 28 0 15 57 65 8 86 130
81 32 134 133 14 10 33 64 236 128 194 66 208 130 80 114 104 196 106 137 0 211 135 64 156 34 143 0 32 32 35 36
6 164 148 23 139 83 22 200 22 179 64 33 68 240 75 142 145 78 224 51 38 81 139 58 41 6 77 47 128 116 31 134
22 180 148 23 155 71 22 200 22 179 64 1 68 242 107 14 145 95 160 48 54 80 155 59 169 6 77 111 144 116 9 134
101 166 135 87 140 2 38 184 82 178 66 102 82 225 217 143 81 102 96 58 185 209 175 42 40 46 229 68 225 248 112 32
37 142 207 94 152 131 6 184 214 130 98 104 115 224 168 113 17 102 96 46 105 209 15 63 40 167 101 16 112 240 66 0
20 172 148 26 153 199 22 168 54 23 64 17 102 224 42 84 145 126 160 48 54 64 11 63 169 182 5 111 210 100 141 6
152 47 192 108 88 32 79 123 96 128 108 224 57 99 176 115 114 74 6 236 176 75 172 72 248 169 167 44 51 226 99 168
68 168 150 31 219 195 34 232 182 176 66 8 228 240 72 2 145 110 106 49 34 211 219 63 13 38 69 111 192 96 3 134
103 162 133 21 136 43 132 168 10 179 130 252 198 96 221 15 3 198 108 191 171 67 207 81 140 50 207 190 140 112 147 4
44 55 152 160 172 133 87 27 151 170 12 38 245 211 227 192 85 120 172 114 75 64 202 136 234 193 175 57 46 250 24 17
28 3 6 131 141 92 36 64 228 92 223 2 2 0 99 199 104 0 170 194 92 177 97 192 151 193 194 3 34 126 124 198
232 116 2 0 91 93 23 68 4 104 206 41 6 20 42 144 204 148 202 98 71 19 81 22 53 1 0 123 18 31 142 147
68 22 10 136 13 22 38 72 196 78 207 7 192 150 43 196 216 4 234 98 68 131 48 200 49 33 2 15 18 63 61 214
46 81 38 25 9 215 16 64 199 200 103 1 66 212 39 252 216 56 162 98 76 145 98 24 3 48 1 19 82 47 44 215
89 140 69 127 24 163 75 19 118 33 131 82 121 67 144 112 113 183 125 152 59 28 9 127 180 239 187 208 185 128 0 32
50 139 16 186 253 141 212 99 171 12 184 9 46 202 36 144 232 171 4 64 94 43 10 189 177 216 2 59 80 72 235 135
34 186 235 203 208 175 106 151 63 1 74 197 49 207 116 80 85 58 147 148 146 156 84 243 15 28 144 224 182 198 212 248
86 164 208 178 243 153 80 7 57 19 33 153 15 134 74 152 163 139 204 16 62 14 90 146 154 213 20 111 160 12 138 22
52 196 64 131 213 74 198 160 25 0 176 11 66 17 12 16 248 128 6 99 104 176 81 206 181 134 196 21 97 58 84 2
172 116 2 8 73 79 162 64 132 38 241 9 192 144 41 133 216 180 194 34 100 183 80 10 53 0 2 55 67 42 38 198
1 62 114 81 98 45 183 210 232 10 102 76 58 33 133 53 38 27 68 12 163 248 130 105 39 152 48 0 67 209 67 169
32 32 20 137 75 77 160 72 22 180 240 10 196 208 64 132 121 152 234 0 2 115 219 17 29 128 15 63 81 8 45 130
17 34 143 205 12 2 97 88 246 160 226 70 209 163 160 98 120 196 106 136 1 209 135 12 84 34 226 0 40 168 112 32
96 32 0 137 79 73 160 72 38 164 240 11 134 192 64 146 104 204 234 0 8 115 219 80 29 0 15 59 65 8 46 130
6 172 148 19 153 215 50 168 190 181 0 17 204 246 79 159 145 123 232 16 54 64 155 119 47 22 93 111 146 117 141 70
53 6 207 126 138 2 71 248 82 226 246 236 115 225 153 59 29 238 100 46 233 243 175 46 248 175 101 20 237 248 114 33
17 34 143 133 12 10 33 64 108 160 194 66 209 130 144 114 104 196 106 136 1 209 133 64 148 34 163 0 41 32 99 32
53 166 207 117 142 2 71 248 82 226 230 230 83 225 145 43 29 236 100 46 233 242 239 10 120 175 101 20 237 248 112 33
78 176 134 22 201 87 52 232 146 182 128 9 196 246 75 142 145 126 235 18 6 67 155 48 29 18 77 127 130 116 15 198
25 181 152 175 62 120 87 123 3 202 12 174 247 245 202 2 23 106 140 46 137 64 238 171 234 205 37 184 46 234 0 89
32 32 20 137 75 67 48 72 22 176 192 10 196 210 96 132 89 24 234 16 2 211 203 17 29 130 5 63 16 8 45 130
6 188 148 27 145 251 22 168 190 151 66 17 238 246 79 220 145 123 160 18 54 88 155 63 43 22 85 111 146 101 143 6
173 48 2 41 232 64 180 216 164 90 224 113 132 151 98 159 76 14 194 195 69 23 192 64 208 48 222 14 18 148 170 211
225 21 50 136 236 15 53 76 12 108 192 254 134 164 170 203 204 148 202 99 241 19 113 128 180 1 110 62 16 92 177 245
4 53 42 0 169 31 182 208 164 104 254 37 146 180 170 3 236 16 202 38 192 179 33 0 119 16 6 6 66 94 173 211
53 142 199 94 154 34 71 184 210 178 100 236 115 225 185 51 17 230 100 46 233 242 46 63 96 174 101 20 249 240 66 33
17 34 143 93 8 10 33 88 246 160 226 68 81 225 160 66 120 228 106 8 9 241 171 12 84 34 231 0 40 168 96 32
57 173 23 165 30 63 138 119 20 168 222 74 81 48 160 32 92 86 78 168 57 187 33 142 184 199 185 80 43 136 128 168
160 34 67 72 112 10 193 74 61 9 240 249 18 221 52 216 216 156 55 21 27 190 195 0 17 40 48 204 193 0 114 161
76 28 2 138 233 84 54 96 132 78 206 39 130 134 227 102 204 196 138 98 12 147 176 160 242 113 2 11 146 95 52 87
73 135 200 236 124 34 71 123 82 232 68 70 85 99 162 64 80 100 38 236 49 75 173 223 240 231 167 12 58 168 113 120
181 154 200 243 132 168 64 192 127 27 98 50 18 18 108 121 249 154 46 16 30 212 97 162 223 136 240 67 176 137 212 6
153 39 239 116 18 154 103 121 240 202 244 228 243 228 185 50 57 224 68 234 233 243 174 79 232 231 39 4 97 242 114 185
70 160 132 22 139 215 22 200 22 182 64 1 68 230 75 142 145 127 233 18 38 81 155 59 9 6 77 111 128 116 15 134
50 148 107 227 20 175 193 71 53 33 219 98 115 153 52 96 125 158 31 17 139 184 69 145 208 39 184 192 237 74 80 8
117 166 207 117 156 2 70 248 210 242 194 228 83 224 145 43 81 228 104 44 169 243 175 8 104 43 101 4 233 248 112 32
217 35 223 44 20 66 235 121 250 192 112 102 89 227 160 32 58 229 96 234 81 233 164 76 208 227 35 0 105 160 99 168
51 143 71 201 120 35 75 66 5 33 202 66 88 11 52 80 220 143 63 188 27 154 65 220 50 44 168 192 140 130 48 40
92 53 34 0 113 86 55 72 36 108 135 45 2 150 42 144 248 148 202 242 104 147 176 66 177 101 10 31 0 55 39 82
76 17 2 129 69 86 38 96 228 108 142 7 128 34 98 66 248 196 202 226 12 147 177 194 183 37 130 7 2 111 60 214
14 84 54 28 41 221 20 72 141 204 77 1 228 212 39 230 212 56 202 98 2 129 98 24 39 81 1 59 82 63 13 215
225 96 205 196 92 11 101 61 26 180 22 206 209 131 145 11 16 228 44 106 65 68 239 156 244 163 231 60 44 184 80 40
153 129 63 101 34 11 157 117 124 32 242 96 127 9 144 97 54 61 124 75 193 185 1 73 240 169 106 144 109 178 163 9
44 84 22 136 109 215 182 104 196 76 253 2 134 148 43 198 216 56 202 98 68 163 114 138 37 244 2 15 82 62 44 214
44 84 18 28 105 223 22 104 142 76 77 9 132 212 35 148 216 56 194 98 68 146 82 28 167 81 0 59 82 62 15 215
226 99 79 76 104 11 79 13 143 162 98 200 211 130 149 83 66 196 127 106 73 85 197 24 38 184 173 156 4 242 210 8
145 145 63 37 34 12 119 117 229 72 210 99 190 57 128 99 228 119 92 103 248 185 65 109 244 232 98 66 104 174 161 235
157 170 157 53 120 35 139 88 82 227 181 216 221 2 136 42 31 197 76 188 185 231 109 78 212 207 113 116 197 169 163 160
40 81 18 168 85 71 182 96 132 140 241 10 6 144 34 214 200 188 130 98 64 179 16 142 49 165 2 11 81 43 126 130
224 73 233 69 104 26 126 116 37 162 162 232 51 39 197 115 204 244 91 226 233 199 225 10 54 217 228 128 72 248 98 156
40 191 232 78 24 34 75 127 98 193 236 228 179 167 176 115 92 206 4 236 185 75 172 77 234 249 163 44 254 226 114 184
61 178 217 97 134 46 176 152 118 11 243 242 211 25 136 40 61 148 254 147 155 180 79 19 204 167 115 214 237 201 178 1
32 25 18 40 89 201 130 64 128 4 224 9 134 146 34 148 200 160 202 98 8 35 80 42 181 164 10 27 80 11 46 130
57 47 71 174 28 162 203 95 66 225 252 228 89 34 176 32 90 231 4 184 59 171 36 95 184 247 162 64 253 130 227 184
48 73 2 140 89 201 150 68 137 4 248 9 166 146 33 208 216 161 134 64 8 163 64 168 177 148 10 59 81 27 110 138
121 135 78 228 6 11 103 63 136 168 30 78 115 227 162 97 112 230 44 110 89 137 132 157 252 227 227 112 47 170 208 24
25 143 119 107 178 163 187 55 100 1 250 226 121 43 144 65 126 183 94 185 185 186 69 125 188 239 42 192 109 130 161 41
50 137 2 186 161 201 84 99 169 20 240 137 174 132 32 148 202 171 196 1 94 42 82 53 177 208 16 59 80 72 142 14
86 164 16 154 179 185 24 141 171 85 137 153 142 194 78 212 179 139 204 17 30 3 158 80 153 212 14 127 128 70 143 70
19 136 107 179 182 139 115 85 30 65 83 211 55 133 176 72 119 10 31 29 50 185 1 183 216 79 50 192 180 142 177 121
6 84 18 138 173 84 150 68 140 14 131 50 128 146 46 79 200 84 202 98 100 133 33 224 176 50 206 19 16 95 189 87
4 160 150 27 153 215 18 232 54 181 64 1 102 226 107 220 145 90 224 48 54 80 155 63 41 22 69 111 210 36 13 70
49 134 199 62 24 2 71 184 214 242 98 228 115 225 161 121 81 100 96 46 169 243 15 63 96 174 101 0 120 240 96 32
44 20 146 128 85 119 178 72 4 174 221 18 68 176 41 68 248 132 138 34 36 183 80 202 145 22 10 23 129 123 60 134
36 116 18 0 73 223 178 96 132 142 251 8 196 212 43 134 216 60 202 34 68 167 48 10 21 80 3 15 66 63 39 214
44 84 2 128 73 214 164 96 164 142 245 3 200 210 43 6 248 172 194 34 64 167 16 194 17 144 3 15 66 47 47 198
236 88 18 30 73 213 18 64 140 206 65 1 164 210 35 198 200 40 138 98 68 7 242 2 181 49 2 11 18 63 36 198
172 65 18 156 73 221 18 72 140 140 197 2 228 210 35 198 200 56 138 98 4 7 114 152 53 48 2 43 18 63 29 198
1 34 103 64 224 58 237 30 121 26 114 220 10 40 156 61 63 2 68 44 161 240 37 65 4 26 112 4 67 208 227 173
64 16 7 137 73 75 32 8 230 100 194 14 194 130 0 80 72 140 106 0 12 211 221 16 149 32 131 48 16 8 52 82
16 48 23 5 11 203 48 72 246 228 194 36 194 196 0 2 120 108 234 0 4 209 127 28 29 2 5 50 96 8 20 214
97 32 134 29 74 146 33 72 118 192 194 136 80 196 226 114 80 108 106 0 9 211 239 24 20 32 3 24 48 0 50 196
113 0 6 137 8 9 33 72 102 32 194 10 210 128 34 64 104 140 106 12 9 241 239 16 148 32 131 24 48 8 16 192
14 168 148 27 153 221 50 136 191 181 64 17 236 246 111 140 145 91 233 17 54 80 154 119 45 22 93 111 146 84 143 134
53 6 207 126 162 2 71 248 80 226 242 236 115 97 177 59 29 228 100 46 233 243 173 46 248 175 101 144 237 248 114 33
78 160 148 20 201 87 52 232 182 182 128 9 204 246 66 134 145 93 235 16 6 67 219 16 29 18 77 127 130 100 15 198
117 162 207 117 142 10 101 184 118 242 198 230 83 225 208 98 121 76 104 44 169 242 239 8 92 171 101 4 237 232 114 48
25 54 248 173 62 234 91 123 147 233 92 238 255 231 138 34 55 108 84 44 163 66 172 159 234 239 33 188 174 170 154 241
148 50 130 11 160 64 21 208 52 90 198 117 134 151 235 73 253 10 174 144 139 151 99 96 146 16 246 130 130 212 36 209
236 146 58 168 236 29 53 248 4 126 215 126 132 180 170 243 205 28 138 35 129 23 32 128 148 113 110 174 16 110 53 245
13 182 50 0 233 95 183 240 164 126 247 165 132 180 162 39 236 20 202 34 165 179 32 64 126 17 102 143 194 110 37 215
121 23 31 160 244 243 163 94 84 105 222 110 211 224 160 32 92 134 38 40 25 251 37 158 240 231 168 208 169 138 48 57
40 154 72 43 240 42 131 210 52 9 254 100 83 25 132 80 89 142 34 29 27 186 65 34 84 239 50 68 217 2 242 177
180 26 219 179 224 45 113 194 117 123 98 125 18 128 101 88 253 154 38 16 139 151 1 162 92 1 180 64 152 72 96 145
108 20 34 140 109 83 51 120 132 76 212 47 4 182 170 102 204 216 202 102 165 3 98 138 55 117 2 15 26 63 60 87
121 147 31 174 126 34 75 127 84 105 222 110 85 163 162 96 88 206 38 236 57 155 97 190 242 231 162 208 46 138 240 185
59 151 14 163 212 43 227 83 53 41 218 98 115 153 176 64 124 158 55 25 27 185 1 189 112 39 168 192 173 10 240 9
59 141 79 235 212 162 107 119 20 40 222 70 113 19 176 81 120 143 63 153 27 155 65 173 116 169 170 192 173 138 240 169
76 53 34 0 121 86 54 104 164 108 199 41 136 148 42 212 248 28 202 226 108 147 176 74 183 117 2 15 2 39 46 215
217 106 195 196 70 11 101 124 90 226 86 254 87 161 179 105 50 68 108 110 225 213 165 142 246 239 117 52 46 184 81 248
217 171 95 37 6 10 159 117 100 2 210 66 127 9 144 65 38 199 110 107 209 185 5 109 240 163 106 128 109 162 161 41
14 84 22 136 57 223 150 96 140 204 221 33 198 212 35 198 216 48 202 98 68 35 114 136 39 117 0 27 82 62 45 215
239 72 221 245 96 11 109 20 60 178 86 92 117 3 129 121 178 108 125 94 97 214 225 8 196 185 109 144 12 248 83 169
173 106 201 49 136 35 201 216 86 226 246 220 219 3 145 40 27 205 100 222 137 246 239 34 196 179 243 84 236 177 2 96
44 25 18 172 125 87 178 96 140 12 240 15 6 144 34 148 200 176 130 98 68 163 80 142 53 53 0 27 83 43 46 210
125 134 216 169 86 35 67 219 82 97 255 206 87 65 154 0 115 140 6 60 147 179 109 159 248 239 33 116 189 203 208 241
37 106 248 49 238 41 117 208 87 162 210 234 19 137 209 9 95 204 38 219 137 114 207 0 30 8 101 172 237 249 114 129
40 89 16 138 89 207 82 68 29 12 248 9 38 22 35 144 216 177 198 64 12 171 82 60 53 48 0 27 81 26 46 219
32 93 18 186 121 201 82 68 137 4 248 9 166 86 35 144 200 179 134 0 76 162 80 173 177 148 0 59 80 30 78 142
217 139 94 238 6 2 111 117 81 98 86 238 127 33 176 97 50 230 44 110 113 155 165 253 242 235 96 128 47 170 241 41
24 135 127 171 150 163 202 93 84 1 223 198 125 73 184 64 127 131 78 185 187 179 13 127 248 205 170 192 253 130 161 32
50 144 64 186 97 201 86 101 41 4 240 137 46 198 42 144 218 155 198 1 94 42 82 119 177 212 16 59 80 30 142 94
86 164 0 178 147 237 90 200 171 85 169 25 143 198 78 212 179 137 204 147 30 2 138 112 153 212 15 127 160 71 143 86
214 216 34 128 141 84 182 224 12 94 134 54 134 182 38 197 237 84 238 99 204 7 113 224 177 48 206 31 16 125 173 87
44 20 146 128 245 118 178 64 156 239 211 23 196 180 43 204 217 100 138 48 36 179 16 202 17 23 10 23 130 127 61 150
14 92 18 26 105 253 182 64 172 206 237 33 140 212 35 132 200 56 194 2 36 163 18 10 23 20 3 11 194 127 45 215
172 92 16 158 73 221 54 64 140 78 69 9 172 210 35 199 200 49 138 66 100 7 122 187 181 48 2 59 18 61 13 199
9 36 113 75 194 6 108 198 120 66 96 20 152 50 4 57 7 78 80 12 225 88 213 98 4 42 86 0 73 208 227 184
25 183 105 108 58 251 91 126 151 232 220 236 91 237 146 48 23 252 221 44 189 153 236 159 234 239 33 180 182 230 142 241
57 23 127 236 180 55 67 91 85 201 254 238 211 228 160 32 94 142 46 108 185 187 101 159 242 239 33 216 186 138 160 113
185 242 170 11 40 54 21 220 53 94 212 244 150 150 226 249 221 158 190 4 137 151 123 96 156 81 246 134 16 117 166 113
153 86 162 131 165 125 53 244 52 126 214 54 150 180 234 233 237 92 190 66 165 151 169 160 222 49 102 167 26 124 181 211
141 55 51 0 233 87 183 112 164 92 215 181 140 180 234 35 238 92 218 102 245 183 160 68 118 81 102 143 66 62 165 211
61 151 27 43 176 107 163 211 52 109 255 100 83 141 184 64 93 142 6 25 27 177 105 58 124 231 34 196 255 203 240 241
61 146 219 161 224 107 119 214 116 75 254 102 58 132 226 88 125 154 6 18 131 178 1 226 92 141 52 0 217 91 232 209
46 116 34 8 105 214 54 112 172 206 229 41 204 215 43 212 220 60 219 98 196 131 34 10 55 113 10 159 18 63 47 247
217 122 235 245 22 26 103 84 113 234 118 238 123 33 147 122 50 236 108 110 161 181 165 174 246 239 117 128 47 251 83 248
217 195 95 183 66 2 109 52 116 90 246 86 121 3 144 97 126 229 110 206 233 214 229 109 214 227 226 128 111 176 32 40
236 85 50 136 125 214 54 96 132 204 223 3 140 148 35 198 220 124 202 98 36 131 50 142 243 113 2 15 18 62 45 215
61 62 237 225 150 35 67 216 86 97 254 238 211 1 155 96 91 204 6 60 155 178 109 158 232 237 33 244 191 203 112 241
45 106 217 51 228 41 237 80 87 226 118 204 179 169 209 56 94 236 38 27 137 242 229 34 76 221 117 160 205 249 114 168
50 149 80 189 125 205 84 204 29 12 248 15 106 92 46 144 220 187 134 64 106 178 82 251 55 188 0 19 113 92 204 147
217 147 79 238 6 2 71 244 113 64 246 238 123 99 152 113 126 230 108 238 249 187 165 239 242 235 96 128 47 170 224 121
29 135 109 233 180 131 75 185 68 65 223 198 81 73 184 96 126 128 30 249 187 178 109 159 250 231 163 196 189 138 160 32
50 149 80 170 195 205 84 237 59 76 185 9 110 214 46 144 155 155 198 32 94 34 90 215 177 212 0 127 112 14 206 199
9 176 216 87 1 8 174 132 122 43 52 4 249 50 24 176 19 67 84 140 1 56 28 98 13 143 54 128 73 192 11 9
45 18 178 232 224 87 53 216 21 110 222 164 93 183 235 120 95 158 183 14 201 147 105 194 222 245 118 132 154 222 36 121
143 180 34 202 233 85 181 216 188 222 213 182 156 246 170 229 222 89 223 34 229 227 178 192 243 113 102 142 74 252 45 247
61 31 78 235 180 91 227 208 20 73 254 230 83 141 178 96 126 142 6 92 187 185 41 60 250 239 38 196 255 138 240 241
61 18 219 163 224 23 243 216 54 204 254 230 27 135 227 112 125 218 134 12 139 186 41 226 124 205 166 128 219 218 96 249
47 84 58 136 237 95 182 120 140 110 245 47 204 182 170 230 222 85 211 102 165 51 112 142 119 115 38 191 146 127 175 247
46 21 50 136 233 214 183 96 172 204 255 5 204 182 47 148 220 117 219 98 196 131 50 202 51 119 14 15 66 63 47 215
89 122 235 103 54 26 111 80 113 234 254 230 123 37 147 112 63 236 124 174 201 183 165 42 246 239 37 128 111 242 98 249
61 63 109 97 180 187 67 216 69 232 254 238 211 1 147 32 94 196 94 252 187 176 109 30 238 239 165 212 237 203 80 113
42 21 16 14 121 95 148 109 30 108 189 45 236 214 42 148 222 19 195 0 70 3 122 223 51 85 9 59 82 30 143 223
61 107 203 227 180 11 235 80 126 232 126 230 147 9 209 96 122 108 6 94 137 176 101 170 238 205 167 128 237 251 64 241
249 151 109 237 6 2 79 184 113 64 247 230 83 103 154 113 126 196 124 238 249 178 237 15 242 235 226 132 63 162 224 113
125 151 77 233 22 3 75 185 85 105 223 230 83 35 184 113 126 132 30 254 185 146 109 159 250 239 163 196 63 139 240 49
182 144 80 161 209 79 80 105 63 109 241 31 74 127 14 148 191 153 199 48 30 50 88 215 187 216 5 119 243 14 206 215
221 199 77 235 54 2 107 184 53 64 223 230 89 3 184 113 126 132 63 238 233 144 109 223 246 235 167 132 63 147 112 49
136 54 17 70 11 92 42 184 169 200 48 100 108 118 128 182 38 81 92 106 161 33 41 111 43 24 37 128 98 35 7 117
157 151 111 107 176 95 123 248 53 76 246 246 91 205 178 96 126 158 190 124 169 179 37 190 250 235 36 192 127 140 96 113
9 243 186 234 230 87 55 216 61 78 222 167 223 247 234 96 255 219 191 70 141 147 42 226 250 253 38 143 14 255 173 241
57 222 111 239 52 90 127 240 117 110 246 230 83 37 186 100 127 204 190 110 201 181 109 175 242 239 176 192 47 174 112 113
29 215 127 227 180 87 247 212 53 108 255 230 91 29 162 96 126 206 134 252 171 178 57 238 254 205 166 192 127 159 224 241
25 83 235 239 96 26 111 244 117 74 254 230 121 99 146 112 126 206 63 206 201 144 173 227 246 239 162 128 47 179 114 241
42 93 50 158 237 221 151 124 159 204 220 47 236 252 35 212 222 241 219 66 132 3 114 255 55 119 14 187 82 62 45 223
189 87 111 99 182 155 107 112 117 232 255 238 83 5 147 97 126 164 94 126 169 176 109 158 254 239 165 212 111 155 80 113
29 119 239 227 54 155 107 80 116 232 127 230 83 77 147 32 62 236 94 126 171 176 37 174 246 205 39 128 111 155 81 241
58 148 80 201 109 95 212 109 31 111 253 63 74 124 46 148 255 153 198 32 76 51 121 223 179 221 0 119 83 14 204 215
253 151 109 237 38 2 79 184 113 106 247 230 83 37 152 113 126 196 124 238 233 182 237 143 246 235 227 132 63 179 112 113
62 148 80 161 241 95 82 105 63 237 245 27 78 94 6 148 189 153 199 176 62 51 25 214 59 218 5 119 195 44 206 215
31 51 250 236 246 215 127 216 61 204 223 231 223 255 187 100 127 249 151 234 205 179 42 202 254 253 39 140 62 191 36 241
57 214 235 239 54 90 111 252 117 108 254 230 123 189 182 112 126 204 191 110 205 179 109 175 242 239 162 128 47 191 112 113
249 22 109 239 38 26 111 184 117 106 247 230 211 109 154 115 126 196 124 238 233 180 109 143 230 235 227 132 47 187 80 113
