250 157 111 190 27 192 31 226 145 68 204 163 105 255 32 65 106 243 185 195 120 11 158 191 243 225 202 155 53 39 180 122
162 117 0 136 207 69 180 103 137 190 176 59 132 188 103 3 236 147 211 161 100 39 82 194 53 16 207 187 17 124 183 219
242 54 32 140 207 53 150 107 137 238 184 27 4 188 70 18 204 147 219 33 252 107 210 202 49 20 9 59 65 108 190 223
37 132 12 169 156 15 138 200 22 48 192 66 209 67 48 64 89 12 106 169 42 240 95 31 236 134 175 116 61 8 16 128
54 162 12 137 157 3 144 200 150 180 208 131 194 200 98 64 217 9 107 149 14 99 79 151 152 22 143 127 149 12 56 134
72 48 56 96 34 76 81 16 41 136 52 40 159 31 128 16 134 21 221 0 0 64 160 0 195 249 32 147 98 128 71 35
97 32 115 64 100 25 232 64 105 32 112 72 154 24 20 48 238 133 70 8 129 114 244 192 23 56 2 34 109 136 67 133
97 32 113 64 100 93 121 80 121 0 116 8 30 27 132 52 182 149 70 8 129 112 240 192 87 216 0 2 67 128 67 39
52 162 12 169 156 11 130 200 22 180 210 131 195 8 114 64 89 136 106 149 14 227 79 157 156 2 143 53 149 8 56 130
97 32 123 65 100 9 248 64 233 0 112 8 30 155 20 48 234 5 70 9 129 115 208 192 23 56 2 0 77 136 67 128
53 130 4 185 220 3 99 200 22 180 208 194 195 193 120 192 89 136 42 156 42 242 79 151 156 134 167 116 49 136 112 128
88 48 113 224 98 72 89 80 41 136 52 40 159 31 0 84 166 149 221 0 0 65 160 192 214 249 32 131 98 128 7 51
61 130 4 185 220 3 98 200 22 180 192 2 195 193 122 192 89 136 42 156 42 242 79 159 156 135 135 116 49 136 120 128
34 34 66 133 77 137 224 64 237 36 242 11 138 136 22 2 170 237 74 1 4 242 196 192 20 24 130 51 69 8 91 134
34 34 66 133 77 153 224 64 237 36 242 11 138 136 22 130 168 237 202 5 4 243 196 192 20 16 2 51 65 12 91 134
50 32 4 161 14 11 160 72 30 164 210 131 199 128 64 64 248 141 111 1 8 243 75 144 156 144 143 51 85 8 21 130
50 32 4 161 13 75 176 72 30 164 226 139 199 136 66 64 248 141 235 5 12 243 91 144 157 193 143 59 49 12 29 194
97 32 122 65 101 29 232 64 105 32 112 74 138 136 20 176 234 133 70 1 132 114 212 192 23 24 2 34 79 136 91 134
18 142 6 159 28 130 172 232 148 18 210 231 97 234 56 193 89 99 43 167 38 137 79 253 176 34 251 129 28 44 56 156
129 13 71 222 20 134 174 96 212 2 66 70 113 96 180 229 120 106 2 238 225 184 29 63 32 42 194 0 29 170 112 164
48 130 12 169 92 3 170 200 22 180 208 131 195 200 114 64 89 8 43 149 42 243 79 149 156 2 143 117 21 8 48 128
97 32 123 64 100 29 232 64 105 32 112 72 154 136 20 48 238 133 70 9 132 114 244 192 23 56 2 34 77 136 67 133
107 32 113 64 101 89 120 80 105 0 52 8 10 25 148 180 174 148 70 8 129 96 240 192 23 216 0 2 71 128 66 39
99 32 113 64 101 89 120 64 105 8 52 40 26 25 148 52 174 149 70 8 129 96 224 192 23 216 0 2 71 128 67 167
52 130 77 185 156 3 107 216 22 176 208 194 211 193 184 68 89 140 42 188 43 242 79 159 172 134 167 84 61 136 80 160
17 134 13 191 28 131 139 232 214 21 200 87 241 98 58 65 89 10 42 173 46 163 79 191 236 38 155 4 48 8 176 200
97 32 114 65 101 29 232 64 105 32 112 72 138 136 20 178 234 197 70 8 132 114 212 192 23 24 2 34 79 136 91 132
97 32 112 64 101 29 232 64 105 32 240 10 138 8 20 176 234 129 66 0 132 115 212 192 23 24 0 50 79 140 90 132
52 162 12 169 156 3 138 200 22 180 208 195 195 192 50 64 89 12 106 181 46 243 79 159 172 6 143 117 53 8 16 128
97 32 112 65 101 29 232 64 105 32 112 72 138 8 20 176 234 133 70 1 132 114 212 192 22 24 0 34 79 136 90 134
97 32 115 65 101 29 248 64 233 0 112 8 14 155 20 180 234 5 70 9 133 115 208 192 23 120 2 2 79 136 75 132
50 130 4 137 29 19 138 200 22 176 208 131 195 200 50 192 89 12 235 165 46 243 79 159 172 214 143 119 29 12 24 134
54 130 12 153 157 3 146 200 22 180 144 131 195 200 122 64 217 9 106 149 46 227 75 151 156 86 143 119 17 12 56 134
129 141 6 158 20 135 174 234 212 2 74 70 113 226 60 229 89 106 2 239 167 185 31 255 32 46 139 0 29 8 120 140
107 32 113 64 101 93 121 80 105 8 52 8 26 27 132 52 166 148 70 8 129 96 240 192 23 248 0 2 66 128 66 39
129 141 71 158 28 134 174 232 212 2 194 70 113 226 180 225 120 98 42 238 229 217 31 255 32 46 203 0 29 168 120 140
104 48 120 96 33 93 81 16 105 136 52 40 158 31 128 52 134 21 221 8 136 96 160 192 195 217 32 147 98 128 66 35
54 162 12 169 157 11 128 200 150 180 128 135 195 200 98 64 89 8 234 149 14 99 79 151 152 6 143 125 209 12 60 134
97 32 82 65 69 29 232 64 105 32 112 72 138 136 20 182 234 197 66 9 132 114 208 192 23 24 2 34 77 136 91 132
80 18 190 191 44 198 185 32 180 140 210 35 213 254 34 66 240 117 47 129 8 209 131 44 213 163 238 129 32 104 53 83
131 13 71 158 20 135 174 96 212 2 210 70 96 226 180 229 120 106 26 238 229 185 28 255 32 46 203 0 29 168 120 132
52 130 13 185 222 3 163 200 22 180 192 131 193 192 120 64 89 8 42 149 42 211 79 23 156 6 175 116 17 8 52 128
41 34 97 69 116 27 235 80 117 96 126 66 89 1 148 164 122 204 22 8 129 178 101 204 6 30 160 0 111 142 90 164
176 207 24 170 158 197 150 237 150 5 201 3 103 220 40 1 220 187 3 227 122 43 24 191 249 192 142 123 117 26 181 138
97 32 82 65 100 29 232 64 233 0 112 72 142 154 148 182 238 69 70 9 133 115 196 192 22 56 2 2 77 136 75 133
89 205 87 254 4 134 111 183 228 66 206 66 113 51 176 101 96 230 62 202 233 137 52 237 241 174 254 0 47 210 224 40
3 184 27 218 114 205 179 214 190 9 112 112 188 219 164 36 167 59 18 0 3 152 130 243 5 60 58 202 64 0 163 171
33 32 123 65 100 89 248 64 105 96 112 8 138 24 20 48 234 141 70 1 133 114 212 192 23 24 2 34 69 136 67 166
3 134 6 155 28 147 138 232 86 17 192 199 96 104 62 193 89 74 10 173 166 161 79 255 44 38 203 4 29 8 120 140
50 170 12 169 220 139 160 207 22 177 208 211 128 136 114 64 201 10 42 149 46 251 71 151 156 6 159 117 29 8 184 142
99 32 113 64 103 89 121 64 105 0 52 40 30 27 132 52 166 149 70 8 0 97 160 192 23 248 0 3 67 128 71 167
97 32 243 65 103 93 248 64 105 32 112 72 10 27 20 182 234 197 70 8 129 114 208 192 23 248 2 34 79 136 67 134
55 162 12 153 156 3 130 200 22 176 128 67 194 200 122 64 217 9 106 21 62 227 79 159 156 6 143 119 25 8 56 132
131 141 7 158 21 134 174 234 212 2 74 70 96 224 60 229 89 106 2 239 165 185 31 255 32 46 131 0 29 12 120 140
237 96 247 80 101 88 113 64 233 146 39 24 27 25 85 63 34 148 104 58 33 229 176 194 87 249 80 9 227 177 66 34
176 96 8 173 15 75 146 72 4 164 160 171 3 136 99 8 88 188 203 227 8 55 65 136 145 193 137 59 113 59 124 194
0 133 10 186 148 131 170 111 22 5 72 135 113 202 50 64 89 43 3 149 114 184 22 159 104 39 158 73 156 10 176 152
49 135 64 171 28 131 74 232 86 1 200 194 99 192 56 192 89 138 2 236 78 178 79 191 184 174 131 124 61 138 248 140
134 32 243 83 101 232 120 64 125 75 115 112 190 159 237 60 182 57 23 24 3 180 130 194 135 220 18 138 194 129 71 165
0 189 25 248 218 237 17 195 182 17 232 16 182 151 32 48 35 27 74 16 51 43 50 87 221 132 50 104 240 0 167 34
80 67 26 165 2 10 94 98 48 138 226 65 151 3 33 81 250 157 77 227 72 147 1 12 240 227 42 5 32 48 39 2
54 97 0 168 77 1 200 75 199 180 136 11 3 136 119 0 201 136 107 209 14 35 74 144 154 132 139 61 81 40 120 134
72 48 120 96 35 92 81 16 41 136 52 40 158 31 128 20 166 149 221 0 0 64 160 192 211 249 32 147 98 128 71 35
3 132 4 155 29 151 138 232 214 17 192 87 224 96 60 197 217 10 42 165 38 227 79 191 44 6 139 20 28 12 184 140
3 132 4 155 29 151 130 232 214 17 192 86 96 104 60 197 217 10 170 173 38 227 95 191 40 22 139 84 24 12 184 140
252 151 44 254 154 66 79 189 22 94 141 183 115 103 170 65 85 214 189 234 122 67 47 63 251 231 229 149 55 242 180 122
165 177 33 91 188 157 193 185 94 89 177 92 242 216 220 164 221 10 86 61 251 34 122 23 13 28 33 124 88 138 210 229
152 223 12 190 154 192 7 191 148 86 192 179 245 102 42 67 65 114 57 227 104 205 14 63 225 163 254 145 48 112 180 122
229 64 249 101 100 110 107 0 104 162 103 24 211 19 17 56 18 228 64 122 41 180 245 10 197 169 0 4 96 187 66 160
3 161 155 153 214 193 184 71 222 65 90 195 164 158 116 96 231 43 26 149 151 153 22 213 141 20 154 99 156 8 161 142
187 32 104 241 69 63 248 80 85 162 103 90 139 24 87 44 92 168 18 29 172 182 85 130 7 93 144 32 111 141 88 132
57 77 98 141 84 158 234 112 116 192 250 70 115 8 183 96 88 236 22 239 205 186 85 175 116 44 162 0 109 170 120 140
91 93 115 197 183 86 124 39 105 66 122 98 60 63 132 247 182 119 149 40 225 184 17 206 35 254 70 2 46 244 161 63
124 32 113 101 69 122 115 96 97 160 110 8 91 51 17 54 50 212 64 106 9 241 177 136 215 249 65 5 99 171 70 34
11 221 7 159 87 151 170 253 223 72 90 199 252 206 191 228 126 43 187 205 231 152 63 255 36 126 154 130 30 142 57 221
130 142 132 155 155 241 180 167 158 31 8 181 172 170 38 197 133 11 171 149 54 72 75 247 44 54 158 195 144 68 189 95
173 81 113 69 117 94 103 56 117 224 126 8 219 21 153 180 120 220 230 106 233 176 117 142 103 253 33 4 99 187 70 224
188 164 236 111 78 123 219 152 82 54 181 155 83 93 223 59 31 208 117 234 170 102 255 19 71 203 97 189 119 235 70 226
25 29 51 223 159 215 187 127 95 73 222 2 252 223 36 228 254 59 159 152 179 169 59 255 231 255 138 10 18 10 165 191
0 157 13 187 24 230 33 170 164 17 79 128 213 119 0 75 64 22 121 232 57 216 91 61 237 163 202 68 184 1 37 50
96 171 249 64 104 137 113 81 235 61 121 40 22 159 68 18 142 179 103 24 18 58 226 113 93 156 49 248 192 138 198 163
189 78 102 62 142 18 78 188 212 198 198 199 99 104 179 135 89 228 12 239 236 229 44 47 176 103 237 144 45 255 120 92
248 212 150 254 77 44 85 191 233 26 163 24 126 243 8 123 193 214 124 42 72 103 251 225 211 250 212 30 18 120 242 34
66 178 159 248 203 236 49 83 171 25 241 120 60 215 104 58 167 147 231 144 19 75 178 209 223 144 82 235 144 0 167 179
252 97 115 68 197 72 102 196 233 194 162 24 74 91 29 191 42 196 66 106 105 103 176 202 55 248 68 27 99 121 198 38
60 141 74 225 212 171 235 96 4 160 106 2 19 9 48 64 122 170 19 248 26 184 1 156 220 141 131 64 117 139 80 160
177 77 78 173 22 135 236 103 84 0 226 3 35 41 48 65 104 166 42 172 108 187 85 63 48 174 210 0 121 8 120 8
130 143 140 155 153 225 180 175 158 31 137 149 228 106 14 67 129 3 233 145 54 73 75 119 169 54 94 83 144 68 189 94
255 112 112 69 37 29 91 24 105 232 52 76 26 19 215 182 150 204 212 110 201 52 241 192 215 217 33 182 74 183 74 113
158 151 4 190 154 19 6 189 150 95 201 247 101 100 170 197 21 70 233 227 126 73 15 63 168 98 237 215 52 119 188 85
66 182 153 177 226 236 56 55 62 91 91 245 156 182 192 88 183 27 191 145 179 92 131 211 204 151 126 194 136 64 133 211
16 149 27 171 18 207 83 57 52 9 75 97 247 87 8 80 54 25 5 240 26 152 25 31 233 133 34 64 56 130 37 51
131 150 255 145 162 238 185 19 62 83 75 247 156 182 168 232 231 31 187 149 179 220 181 194 140 47 218 66 172 196 161 241
32 32 91 193 102 75 168 64 124 32 114 74 148 152 84 32 186 93 66 1 1 241 133 192 20 136 3 0 77 8 99 128
97 32 122 193 102 13 224 64 105 32 240 74 154 24 20 16 234 141 70 9 132 115 212 192 20 24 2 40 77 8 107 128
0 132 4 187 28 135 170 236 22 17 192 147 97 235 40 64 89 10 43 165 42 163 91 191 237 134 155 76 24 10 176 154
52 166 8 187 221 131 194 232 86 37 208 19 67 192 122 64 89 138 2 188 62 50 78 191 184 134 135 125 241 136 248 128
90 48 115 96 98 88 121 80 41 0 116 170 13 31 132 116 38 157 215 128 0 83 160 192 150 248 0 131 103 128 39 163
33 32 88 161 108 9 224 64 105 32 240 11 143 8 22 18 202 205 78 1 12 114 196 192 150 216 2 49 77 8 91 134
33 162 4 169 92 11 96 200 22 180 210 2 195 1 112 196 121 140 106 156 10 242 79 157 156 130 167 52 53 136 88 128
1 12 71 223 28 134 174 96 212 2 194 70 113 226 176 229 120 102 58 174 101 209 31 253 48 42 203 0 29 232 120 4
44 134 5 169 156 11 99 136 22 180 194 199 215 65 16 64 89 4 106 173 42 240 79 29 236 3 175 84 52 8 17 224
9 4 4 169 28 15 97 40 70 176 194 66 211 35 16 67 73 196 106 172 41 241 95 29 236 163 231 20 56 40 80 128
54 162 4 169 157 75 192 200 135 180 130 139 194 128 98 64 201 128 235 149 14 99 75 157 152 18 143 61 16 12 28 66
48 32 114 208 71 221 240 64 237 32 240 10 14 216 52 148 234 173 211 1 4 115 146 192 23 88 2 43 77 12 75 134
49 32 114 193 71 9 224 64 105 32 240 10 142 136 20 18 234 205 70 1 132 115 150 192 20 24 2 43 109 8 123 134
145 140 6 159 29 151 194 236 214 17 192 66 227 224 58 193 89 234 42 173 47 169 95 63 176 34 211 0 56 8 120 12
52 2 12 169 156 11 130 72 22 176 146 67 194 1 48 64 89 132 110 189 40 241 75 156 172 130 143 85 16 8 24 128
33 32 91 225 102 9 233 64 120 0 112 10 157 154 52 32 250 77 70 9 1 241 149 192 20 24 34 0 77 8 67 128
16 2 4 169 28 11 96 72 14 164 146 207 199 0 80 64 73 132 110 133 40 225 79 156 156 130 175 48 20 8 16 0
32 32 82 225 102 73 232 64 105 0 112 10 157 154 52 50 234 77 66 1 1 243 148 192 20 40 2 8 77 8 99 128
33 160 5 137 92 11 224 216 22 176 210 66 211 1 240 68 121 140 106 156 11 114 95 157 156 130 135 52 61 136 80 160
98 34 121 96 98 9 121 80 105 172 112 40 30 27 196 16 166 149 79 0 0 112 128 64 94 184 33 162 99 128 71 163
33 160 12 169 77 15 96 200 22 180 210 2 195 129 112 68 121 140 106 156 10 240 91 157 157 130 135 52 49 8 88 128
48 0 12 169 12 15 200 8 14 176 146 3 210 8 50 64 201 132 110 37 12 227 91 156 140 146 143 84 25 8 24 2
32 32 90 193 71 201 248 64 249 0 112 10 156 154 52 32 250 109 66 1 4 241 144 192 21 152 2 3 69 8 107 134
16 32 90 161 7 137 240 64 252 36 242 3 143 202 54 0 250 45 78 133 4 177 145 192 148 209 10 3 68 12 75 134
248 146 60 254 43 104 81 57 22 23 231 59 255 103 40 81 70 149 175 32 42 3 73 145 195 225 112 25 50 200 4 35
97 32 122 193 71 13 240 64 105 32 240 10 138 152 20 144 234 141 70 1 4 115 208 192 23 24 2 43 77 8 75 134
80 82 158 188 142 36 20 7 140 135 202 19 183 35 32 90 196 179 41 17 24 139 210 168 209 167 222 9 144 88 165 26
82 0 4 169 13 11 96 8 143 164 146 131 199 10 2 64 232 133 239 5 12 241 81 156 129 210 139 17 48 12 21 2
1 134 5 191 60 131 140 232 150 82 210 231 241 106 184 193 93 194 111 167 175 1 79 253 132 34 235 148 28 12 56 80
98 32 113 64 101 89 248 64 105 0 116 8 14 24 148 182 170 212 70 8 129 115 244 192 23 216 0 19 71 136 74 134
145 4 71 221 4 22 238 120 84 2 194 66 113 242 176 229 120 100 58 174 233 181 61 15 160 174 227 0 57 250 120 36
48 34 12 169 28 15 224 72 22 176 146 71 194 0 112 64 217 4 110 157 40 241 75 156 140 130 143 116 16 8 16 128
51 32 114 193 103 25 248 64 249 0 112 10 12 154 52 180 250 13 70 1 5 241 148 192 22 216 2 3 79 12 107 134
34 32 115 65 102 73 232 64 233 0 112 42 14 153 132 180 170 157 70 8 0 115 132 192 23 24 2 2 71 128 71 165
48 32 12 169 28 11 162 72 30 180 210 3 195 8 50 64 217 4 111 53 44 241 73 156 172 146 143 85 17 8 88 130
48 32 115 193 103 153 248 64 233 0 112 74 142 154 52 180 234 45 70 1 5 241 148 192 23 216 2 2 77 8 75 134
50 2 12 169 29 31 200 8 15 176 146 3 199 8 18 64 201 132 111 37 44 241 91 156 140 211 143 85 60 8 25 6
1 142 13 189 60 139 224 166 222 49 82 87 181 32 16 65 201 42 42 13 39 248 69 61 172 50 250 64 28 8 153 136
49 132 13 189 28 7 195 232 150 49 192 3 243 65 56 65 89 128 106 173 42 99 91 157 253 162 203 84 48 8 48 0
17 140 6 159 28 135 166 232 214 18 192 66 225 224 56 193 89 106 42 175 45 169 95 189 180 34 219 16 24 8 120 140
49 134 12 137 28 7 128 168 214 49 192 71 226 104 58 193 217 132 106 165 46 35 79 157 172 34 203 20 24 8 56 4
81 205 87 254 156 132 79 181 197 0 203 66 113 243 184 101 112 242 62 234 73 139 58 237 241 174 230 8 61 243 240 40
52 207 29 250 156 135 207 253 150 24 217 66 119 253 56 1 221 250 19 227 122 43 26 191 233 135 143 124 81 91 180 162
19 132 4 157 29 23 128 232 214 49 130 71 226 104 60 197 217 128 106 165 46 99 95 157 184 242 203 23 24 12 56 4
88 50 88 224 34 9 88 16 41 12 52 40 159 31 64 16 166 149 221 0 0 96 128 192 210 249 34 131 98 128 15 19
32 2 12 169 28 11 201 8 14 180 146 195 199 1 16 64 73 132 110 189 40 225 75 156 140 2 143 84 52 8 17 0
20 160 12 169 157 79 208 200 22 180 130 3 199 10 34 64 217 133 235 133 14 225 91 157 153 243 143 55 16 12 24 2
104 48 113 64 96 89 121 80 105 136 52 40 14 31 132 52 166 148 95 8 128 96 160 192 86 216 0 18 102 128 70 167
17 132 12 189 28 7 130 232 150 53 128 23 226 64 58 65 217 128 106 165 46 99 91 29 185 34 203 84 16 8 184 2
50 2 12 169 28 15 200 8 14 180 146 3 199 8 18 64 233 132 110 165 44 225 91 156 137 210 143 21 24 8 25 130
98 32 115 65 103 89 240 64 233 32 112 10 10 152 212 182 170 213 70 8 129 114 132 192 23 24 3 34 71 136 67 166
49 32 82 193 103 25 248 64 249 0 112 74 12 218 52 148 250 141 70 1 4 243 132 192 22 56 2 11 77 8 107 132
88 50 120 224 34 8 88 16 41 12 54 168 159 31 128 82 166 213 253 0 0 64 128 192 210 249 34 131 34 128 15 3
49 13 75 238 20 135 79 112 84 0 202 2 115 243 48 100 120 230 10 238 73 179 29 191 241 238 131 0 61 234 112 32
80 48 30 161 34 78 121 16 44 36 134 129 215 23 0 80 38 21 125 140 0 209 145 64 197 225 43 128 36 128 5 115
104 48 57 96 5 77 81 16 96 12 36 8 23 17 0 48 136 148 68 8 9 96 240 0 195 201 32 17 96 128 70 34
98 32 115 65 102 73 232 64 105 0 112 40 14 153 132 180 170 157 70 8 1 112 128 192 23 152 2 2 71 128 67 165
48 0 12 169 29 15 128 8 6 176 130 3 210 0 48 64 201 132 106 157 40 225 91 156 141 130 143 84 24 8 16 2
80 16 159 165 20 14 120 48 52 136 194 71 215 123 0 66 240 197 125 161 40 209 145 12 201 227 238 0 40 32 33 18
17 132 15 159 28 134 172 232 214 18 194 70 241 226 184 225 121 98 42 175 109 227 95 189 164 170 235 0 61 40 120 4
0 190 91 218 114 129 187 210 190 9 120 98 188 215 160 96 183 59 23 0 163 152 10 127 108 182 62 138 88 0 35 185
33 32 114 193 103 25 248 64 233 0 240 10 140 154 52 182 234 77 70 1 4 243 148 192 22 216 2 3 77 8 107 134
99 32 115 65 103 89 248 64 105 0 112 8 14 153 148 180 174 157 70 8 129 113 160 192 23 24 2 2 71 128 67 167
33 32 90 129 102 9 232 64 120 160 112 74 148 138 244 32 250 77 66 5 4 241 132 64 20 136 3 32 77 8 107 132
49 32 82 129 71 25 232 64 233 32 112 74 142 136 52 144 234 141 74 5 4 241 148 192 20 152 2 35 77 8 75 134
98 32 115 64 102 73 248 64 233 0 112 42 14 155 132 52 170 157 70 8 0 115 160 192 23 184 2 3 103 128 103 167
34 58 51 152 93 199 177 66 31 140 112 43 36 158 38 84 201 187 131 1 38 251 114 253 29 18 31 43 81 8 102 255
16 32 5 169 12 75 224 8 142 164 146 195 198 129 0 64 104 132 110 5 8 241 85 216 141 146 143 16 48 8 17 0
1 8 30 159 71 158 96 64 252 128 70 2 244 195 48 96 112 110 42 136 3 217 54 237 69 35 18 0 32 0 33 170
17 32 90 161 6 139 168 64 252 32 242 3 141 138 50 64 250 45 74 5 4 241 149 192 148 144 10 1 68 8 67 128
35 33 105 73 84 27 235 72 78 96 252 206 209 136 150 164 122 140 18 141 133 178 245 210 54 28 131 40 95 142 90 228
97 32 115 65 102 73 248 64 121 0 112 10 30 155 132 48 190 221 22 8 129 242 160 192 23 184 0 2 103 136 66 161
72 50 121 96 98 72 121 80 41 140 52 168 30 31 132 116 166 149 223 8 0 97 160 192 86 249 32 131 103 128 71 35
33 32 90 193 102 137 184 64 253 0 112 74 156 152 20 32 186 109 66 5 133 241 148 192 20 152 2 2 77 8 75 135
82 0 7 169 12 11 65 8 175 160 130 195 198 3 0 64 104 148 110 128 40 193 73 220 156 178 139 16 48 8 21 0
117 132 12 173 141 15 64 168 206 176 130 11 214 112 0 67 201 196 106 37 46 97 91 29 157 162 207 21 24 40 24 2
32 32 122 193 79 73 240 64 105 160 240 10 155 24 84 50 234 221 70 1 12 114 196 192 23 152 3 59 69 8 111 134
114 34 6 144 13 143 160 72 143 172 130 15 198 192 98 68 233 164 235 21 12 115 75 212 157 18 143 51 16 12 28 70
17 32 90 161 68 9 232 64 108 32 242 74 143 8 20 16 234 141 78 129 4 243 199 192 148 216 2 35 77 8 107 130
40 128 5 169 93 79 97 200 22 48 210 10 210 81 48 193 89 132 106 44 42 97 75 157 221 34 207 125 16 8 84 162
80 2 12 161 12 11 96 72 142 164 146 75 198 129 48 64 105 132 110 45 40 241 73 156 156 130 143 16 48 8 17 2
1 32 83 225 70 11 233 64 108 0 242 74 157 155 20 34 106 205 74 9 1 243 135 192 84 136 2 0 101 8 99 160
80 0 14 173 60 11 96 40 174 160 130 67 215 0 48 64 105 132 110 37 40 241 77 220 212 162 235 16 60 8 25 2
17 32 94 177 38 11 168 64 236 0 114 66 157 138 32 34 42 205 78 129 1 241 133 192 148 128 10 0 77 8 43 129
1 0 14 129 76 143 224 88 94 160 86 74 210 128 240 100 121 172 106 12 1 240 93 212 29 2 135 32 60 136 88 160
16 32 18 168 79 89 176 72 252 0 242 3 15 216 38 144 248 153 202 129 4 227 146 192 145 193 10 43 65 12 111 134
82 0 6 165 15 11 96 32 173 160 130 131 206 2 34 208 226 133 239 5 40 193 81 220 149 178 75 19 48 12 29 2
17 32 82 129 7 27 160 64 236 0 242 10 142 202 38 130 234 205 202 1 4 243 151 192 148 0 2 19 105 8 107 134
49 32 90 165 78 9 160 72 124 32 242 74 138 24 4 16 250 205 78 129 4 243 211 192 148 152 2 43 77 8 107 130
65 2 4 129 76 11 97 8 174 164 210 79 198 129 48 68 105 132 110 45 40 241 73 220 220 18 143 16 16 8 17 128
207 136 130 154 133 240 164 131 190 87 67 19 172 246 99 238 193 99 170 145 23 205 138 227 137 54 222 75 128 76 189 70
192 136 159 186 141 228 16 134 156 19 194 19 180 183 33 75 193 99 41 81 63 207 210 163 201 179 222 73 152 73 49 26
25 4 199 205 20 22 102 112 84 2 202 66 83 240 176 228 120 236 42 170 201 177 53 14 176 239 163 0 57 250 120 36
64 32 6 145 13 207 96 72 142 160 194 10 214 145 32 64 233 164 106 41 8 241 89 220 157 2 143 16 0 8 17 2
18 32 82 161 7 27 168 64 125 0 242 66 141 202 20 164 250 205 74 129 4 243 135 192 148 216 2 3 109 8 107 134
81 4 12 165 28 11 96 40 174 160 130 67 199 8 16 65 235 132 110 37 44 241 93 156 156 242 75 17 60 8 25 6
0 34 87 65 98 203 168 64 252 128 114 226 12 138 132 148 58 61 66 136 0 243 4 64 20 8 2 2 69 128 103 165
98 34 115 64 98 9 248 80 105 128 240 168 11 9 148 52 46 157 71 136 128 114 164 192 22 216 0 2 103 128 70 165
9 6 71 165 28 11 97 56 54 244 70 134 211 1 146 69 123 132 106 60 32 240 125 28 204 163 103 4 54 136 80 96
81 132 4 190 12 7 196 232 214 18 194 71 243 96 56 65 89 194 106 173 46 195 91 189 148 34 219 28 56 40 112 8
18 32 94 169 6 75 168 64 108 0 240 2 141 218 20 130 234 205 78 129 4 243 135 192 144 248 10 3 77 8 107 134
2 34 211 65 99 203 168 64 125 160 112 226 12 138 100 148 58 253 66 128 0 243 132 192 20 184 3 34 69 0 103 165
1 34 94 165 70 11 169 64 124 128 242 194 157 130 208 32 58 205 74 141 5 240 133 64 196 161 43 0 109 136 107 128
83 132 5 169 29 31 64 168 207 176 130 75 199 104 20 197 201 132 110 37 44 97 91 157 141 242 207 87 16 12 25 6
88 50 80 224 34 29 88 16 45 136 176 237 159 27 64 144 166 149 221 0 12 98 128 192 211 249 34 131 34 128 11 3
23 132 4 173 157 159 128 168 223 180 130 11 198 104 54 197 217 132 238 37 46 225 91 157 140 242 207 23 24 12 25 6
81 132 12 173 28 11 65 168 198 176 130 11 214 32 50 65 201 132 106 37 44 49 91 29 204 163 235 20 56 8 25 2
34 32 83 65 98 73 168 64 121 128 112 234 12 136 132 180 58 157 70 128 1 242 132 192 20 24 2 2 101 128 99 165
73 0 6 237 92 11 97 56 118 176 198 2 211 33 32 197 121 228 106 44 33 240 93 28 204 163 195 20 58 168 80 32
48 32 83 68 70 75 224 64 121 128 112 74 25 218 84 176 122 205 2 0 1 242 134 192 23 136 3 40 101 8 99 128
80 0 14 177 29 207 80 72 175 160 130 3 198 88 32 64 233 165 106 33 44 241 91 156 153 242 15 19 32 8 29 2
64 34 4 161 12 11 96 8 15 164 146 207 198 1 64 64 72 132 110 13 8 99 69 212 156 146 171 48 60 8 24 0
16 32 95 177 70 203 160 64 252 0 114 2 157 202 36 0 58 61 106 129 0 241 133 72 20 160 10 1 101 0 39 160
49 13 3 206 21 134 71 104 85 0 202 2 115 227 48 100 120 238 10 170 9 187 28 191 177 174 131 0 51 170 112 36
80 48 29 229 34 78 120 16 44 32 130 225 215 23 0 82 166 213 125 0 1 192 145 12 195 235 42 128 44 128 1 51
104 48 57 96 5 77 81 16 96 8 52 8 22 21 0 48 128 148 68 8 9 96 240 0 195 201 32 16 64 0 70 51
113 130 12 173 28 15 192 168 70 48 130 79 194 96 50 65 201 132 106 37 46 33 91 29 156 34 203 20 24 8 56 0
16 32 94 225 70 11 168 64 124 0 242 66 221 130 16 32 58 205 74 137 1 240 133 72 212 130 43 0 101 8 107 160
19 32 22 169 15 75 168 72 124 0 242 3 207 202 38 192 250 141 110 129 4 179 7 192 148 224 138 3 101 0 43 134
80 20 159 165 18 74 107 48 44 192 194 64 215 55 0 67 98 197 125 161 41 209 81 12 233 226 239 0 44 32 33 50
18 32 83 65 70 203 168 64 249 0 240 162 13 202 36 180 58 189 66 128 0 243 132 192 20 184 2 11 101 0 103 164
96 0 4 169 76 11 97 8 94 180 194 11 214 35 0 192 89 196 106 45 40 115 91 28 156 34 207 84 16 8 17 0
0 32 82 161 70 73 232 64 108 0 240 10 157 138 52 162 106 205 74 129 0 243 199 192 20 168 2 1 101 8 107 128
49 34 80 161 44 9 224 64 109 36 242 79 135 8 16 0 202 141 78 5 12 240 197 192 132 144 10 48 76 8 75 128
18 40 94 241 6 139 168 64 236 0 242 66 157 218 20 34 234 237 78 1 0 243 134 192 148 152 10 2 69 8 107 132
33 128 4 191 93 135 64 232 22 21 192 23 226 224 58 193 217 138 42 165 46 35 91 181 156 34 219 29 24 12 248 10
50 32 83 69 79 89 224 72 121 0 240 10 14 136 68 182 58 221 198 128 0 243 198 192 21 216 3 43 103 8 107 134
64 0 4 173 13 15 96 40 175 180 194 79 198 34 0 82 105 196 111 5 8 80 219 220 149 34 203 20 56 40 16 2
64 128 6 153 77 207 96 200 22 180 194 11 194 192 98 68 121 172 106 28 38 240 91 157 29 34 197 37 48 8 116 134
51 36 43 8 93 215 227 72 86 100 248 15 19 200 54 32 248 168 18 141 173 50 252 154 53 76 131 40 93 14 122 212
9 142 23 191 54 138 38 178 252 2 90 102 255 227 160 224 243 106 46 14 225 184 10 63 164 231 51 0 28 170 65 41
36 141 21 250 156 231 199 238 198 25 153 64 243 241 56 96 217 114 15 90 90 41 74 191 233 158 167 92 144 219 208 168
52 138 4 185 157 131 194 200 22 53 208 3 99 225 42 64 89 170 34 176 62 242 75 159 169 134 135 101 209 12 124 130
85 205 87 206 156 130 78 172 197 0 202 66 113 243 184 100 88 242 62 234 89 11 14 253 177 168 230 8 61 187 240 40
24 158 95 254 50 135 187 240 60 8 94 230 125 247 160 96 119 59 23 226 163 145 24 255 224 167 43 128 61 130 33 177
98 34 83 65 98 9 121 64 57 164 112 202 12 139 68 16 62 221 71 136 0 115 132 64 22 184 3 40 101 128 103 161
17 32 23 165 6 75 168 72 124 0 242 66 223 194 32 64 122 205 106 129 0 241 23 192 148 160 10 0 37 0 35 128
98 0 7 133 77 139 96 8 47 160 226 74 206 130 0 212 104 164 110 8 9 145 193 212 149 50 195 16 16 8 16 36
96 34 68 137 76 9 96 72 6 180 226 239 194 130 192 212 73 140 238 4 8 83 203 144 156 2 167 61 24 8 28 128
17 4 139 190 20 150 102 120 118 2 202 66 115 226 48 100 120 238 42 140 45 147 63 63 176 230 163 8 56 106 120 4
17 32 95 137 78 11 224 72 100 160 242 74 88 195 48 18 106 200 106 136 3 243 135 193 20 2 3 40 101 8 99 160
48 32 88 225 45 73 224 64 105 32 240 10 155 10 20 18 234 221 78 129 8 242 197 192 149 152 3 51 65 8 103 130
1 32 14 149 76 139 160 72 94 160 114 66 80 192 224 96 121 172 42 8 4 243 79 144 28 34 231 32 81 8 113 128
96 32 5 136 77 75 97 72 158 176 214 10 198 209 96 196 249 132 106 8 10 115 75 149 157 2 135 127 16 8 84 34
16 34 94 193 82 139 168 64 252 132 114 194 205 130 160 128 62 45 74 172 32 241 5 76 4 162 42 0 97 128 43 160
96 32 7 152 77 207 160 72 158 184 194 11 98 208 100 68 249 172 106 0 0 243 139 212 29 2 7 43 16 12 116 134
16 32 82 137 78 73 160 72 110 0 242 10 138 128 0 20 104 140 78 129 0 243 199 192 148 32 130 41 101 8 111 128
17 32 20 165 12 11 224 72 108 32 242 74 158 8 0 18 232 205 78 129 12 227 199 192 148 144 10 48 73 8 99 130
16 32 31 161 14 75 224 72 109 128 242 2 207 138 16 2 106 197 110 129 13 227 199 200 148 146 11 17 109 8 43 128
80 0 6 137 79 11 97 72 175 164 210 15 78 192 34 84 105 132 110 5 8 243 219 212 156 34 79 18 60 8 16 2
114 34 5 128 77 11 96 64 15 160 242 78 198 128 100 212 104 132 110 12 0 115 67 208 156 50 131 58 16 8 112 36
16 32 30 173 14 11 160 72 108 128 242 2 215 74 0 2 104 205 106 129 12 227 87 64 145 160 139 16 73 0 43 128
72 0 14 173 78 75 97 40 118 52 198 10 215 177 34 64 113 228 106 9 0 240 205 20 212 35 235 21 48 40 16 34
16 32 30 169 15 75 112 72 229 36 242 3 143 218 32 0 232 149 238 129 12 227 211 192 145 192 10 27 97 8 45 2
114 34 6 152 77 205 112 72 143 188 192 47 102 194 102 212 233 168 235 5 12 67 138 208 157 18 143 59 16 12 28 214
98 34 211 69 108 9 224 72 105 160 240 200 139 11 84 150 234 221 70 128 8 243 198 192 23 184 7 43 69 128 102 164
97 128 12 173 76 11 64 232 86 48 194 74 214 224 40 64 89 204 42 9 10 50 203 149 148 34 203 60 56 40 24 2
19 34 22 137 79 9 176 72 237 196 242 15 142 200 98 150 232 201 206 133 14 227 151 193 144 0 3 59 105 12 123 134
16 34 158 190 18 195 160 64 244 132 226 2 109 194 32 64 122 253 234 128 32 241 7 108 149 162 15 1 97 0 45 162
16 34 87 65 74 75 168 64 108 128 242 194 143 202 4 164 106 157 74 136 1 243 133 64 148 144 10 0 69 0 99 164
8 34 94 161 76 75 233 72 100 0 242 130 221 3 16 2 106 205 106 137 1 243 199 72 196 131 170 0 101 136 43 160
96 40 15 144 78 203 97 64 254 164 66 11 215 193 32 192 105 164 106 12 0 115 75 84 156 3 39 1 32 8 49 0
64 34 90 96 96 12 88 16 41 160 242 201 143 11 64 18 174 197 111 140 12 115 192 192 214 249 5 57 104 128 106 0
0 42 94 151 78 139 160 64 236 128 242 98 189 194 160 130 106 225 110 129 4 240 198 108 132 130 43 0 65 8 41 128
96 128 4 156 77 133 32 200 22 52 192 15 196 240 106 192 217 136 42 5 6 115 219 151 157 6 203 127 24 12 88 130
25 14 211 255 54 154 102 112 124 66 78 230 255 227 176 228 50 110 46 46 161 185 44 111 160 239 34 0 62 226 41 33
83 0 21 173 13 27 96 40 111 48 130 66 207 40 20 198 227 197 110 1 13 177 77 212 148 242 75 23 60 44 25 6
35 160 41 58 108 197 203 216 95 88 240 15 50 204 126 32 217 170 83 13 143 106 254 177 85 25 169 188 93 140 114 210
96 34 83 65 72 9 232 64 57 128 240 74 9 195 84 148 122 221 66 136 0 227 194 64 21 184 3 40 65 0 102 160
97 0 4 169 78 11 96 104 94 112 194 79 214 160 50 192 113 204 106 13 5 176 93 20 156 34 235 20 60 8 25 2
104 48 49 96 33 77 81 16 105 168 36 72 158 23 64 176 128 20 205 8 9 96 240 0 193 209 33 50 66 0 70 51
65 0 79 129 78 91 97 64 126 160 86 10 215 193 160 68 120 140 106 8 1 243 183 84 28 3 99 0 59 136 81 160
80 0 7 173 78 11 97 104 62 160 194 75 215 131 48 80 114 132 110 13 8 240 205 212 148 162 203 16 44 8 17 0
33 141 3 222 93 151 98 236 87 1 200 66 98 240 44 228 88 234 2 72 15 186 90 191 35 60 130 10 16 10 112 140
88 20 157 229 40 74 109 48 36 134 134 0 223 55 128 243 98 212 108 170 105 193 241 12 237 227 239 0 34 224 5 96
52 138 2 187 157 131 226 200 22 172 80 7 98 225 34 196 217 42 130 16 46 242 72 191 189 134 133 39 80 12 124 130
1 34 80 161 44 9 224 0 109 32 178 77 143 8 16 18 202 205 78 1 12 226 193 192 132 176 2 48 73 8 75 0
96 0 5 165 76 11 96 72 30 160 210 75 214 192 96 80 121 140 106 8 8 115 203 148 156 162 231 48 48 8 112 0
96 8 7 148 77 207 33 64 158 160 66 10 68 243 32 68 249 236 106 8 0 115 155 212 29 34 71 35 16 8 113 162
88 16 29 229 34 78 89 48 44 8 130 96 223 55 0 82 166 85 125 129 9 192 193 68 193 227 106 128 32 128 5 33
24 32 82 225 15 91 232 72 109 0 242 2 143 138 20 130 234 221 206 129 12 227 199 192 148 217 10 3 101 12 107 134
72 2 71 133 79 219 97 88 54 228 70 206 67 229 160 196 113 236 106 44 1 209 191 84 28 34 199 0 62 140 84 244
19 21 90 236 18 134 47 120 20 128 222 198 121 231 160 96 126 249 31 174 201 147 61 223 240 175 171 128 61 162 33 176
17 32 94 173 78 11 168 72 236 0 242 2 221 202 32 34 106 197 78 137 5 241 215 192 212 162 10 0 109 0 41 128
80 0 140 173 77 75 96 40 238 48 194 10 214 176 2 66 225 196 106 1 12 115 203 21 148 34 107 21 48 40 25 2
16 34 87 193 10 75 168 64 236 128 242 194 207 202 36 132 106 157 110 129 0 227 135 64 148 130 11 3 101 0 103 164
64 2 7 149 76 203 97 72 190 228 70 142 70 225 34 68 121 236 106 44 0 241 47 212 28 34 199 32 48 8 117 224
16 34 94 161 46 11 232 72 109 0 242 66 207 10 16 130 234 205 110 129 12 227 199 192 132 210 10 17 109 8 43 132
33 32 114 201 79 11 224 72 124 0 240 2 9 216 52 144 122 137 2 129 4 242 135 192 20 136 130 41 101 8 122 130
9 34 94 161 78 11 233 88 100 4 242 194 221 2 18 2 106 197 106 141 1 241 197 64 196 131 42 0 109 136 35 128
9 42 22 177 96 155 233 112 252 132 114 196 205 194 176 224 114 40 42 140 4 240 134 68 196 179 235 0 68 128 41 128
17 0 15 149 79 223 161 72 126 196 198 14 196 194 102 84 120 236 106 12 1 243 183 208 157 34 67 56 1 40 119 224
96 32 30 137 77 89 49 72 142 164 214 10 198 208 98 80 233 156 234 16 8 115 235 144 157 3 7 59 16 8 126 162
48 32 82 161 77 11 225 64 239 36 176 10 142 139 4 146 232 213 206 1 8 243 193 192 149 144 3 19 65 8 71 130
82 34 7 129 79 75 160 72 94 168 242 98 194 208 228 196 120 140 106 0 6 243 67 209 156 2 3 59 81 12 117 134
88 2 78 189 70 203 97 112 118 164 70 162 215 225 162 64 115 236 42 8 0 241 13 18 212 167 99 1 54 168 61 128
32 34 82 137 78 75 224 72 103 36 240 106 130 128 128 84 104 156 206 129 12 115 207 208 20 16 130 43 81 8 102 134
64 32 4 137 77 75 97 72 109 0 242 206 206 10 18 70 104 197 110 129 13 227 215 192 148 18 131 25 105 8 43 132
81 32 23 129 78 11 225 64 47 160 242 78 206 128 0 86 104 196 110 137 9 243 199 192 148 16 3 50 76 8 35 164
17 32 23 161 76 75 232 72 108 128 242 66 210 2 20 160 104 141 110 128 13 243 247 64 149 160 138 8 73 0 99 132
32 34 89 69 108 11 232 72 105 160 240 200 139 8 84 144 234 141 78 128 8 243 197 64 132 184 131 56 65 0 99 128
73 0 75 129 78 91 97 88 118 164 230 206 211 192 224 112 120 140 106 136 1 242 247 16 92 163 35 40 49 8 119 160
96 130 12 153 78 139 33 232 86 48 194 106 86 224 96 64 121 204 106 9 2 114 207 17 92 34 207 60 56 8 16 128
97 16 131 141 78 203 33 104 54 240 194 207 84 224 98 196 113 236 106 13 5 210 221 16 28 34 203 36 56 44 57 208
18 34 23 137 9 3 168 72 237 128 242 66 205 202 20 196 106 133 110 129 9 225 67 196 144 242 138 2 65 0 33 4
81 2 151 133 14 10 96 32 239 32 130 194 207 162 132 194 98 197 110 1 13 97 141 208 148 178 75 18 36 40 1 4
114 34 2 136 77 73 176 72 143 172 240 47 70 198 102 84 232 137 235 5 12 227 130 208 145 16 11 59 81 12 63 214
98 32 88 96 104 9 120 80 57 132 244 9 139 11 20 16 254 133 79 140 8 114 192 192 214 216 0 1 107 128 106 130
16 34 142 137 8 11 168 72 36 132 242 198 195 66 0 194 104 197 238 128 8 227 195 68 148 162 171 17 73 0 43 128
48 32 82 169 79 131 160 72 86 160 240 2 66 216 102 128 248 232 226 129 14 242 139 209 20 128 3 43 105 8 106 134
112 2 18 164 78 73 97 72 126 36 194 42 70 177 66 82 115 204 106 1 0 83 205 80 212 32 99 57 48 40 28 2
36 164 152 243 220 141 67 157 86 49 5 26 211 113 72 8 89 74 34 24 58 122 219 179 237 135 181 116 176 88 208 162
34 140 0 154 253 129 146 238 94 9 89 19 224 192 46 196 217 106 2 0 38 42 74 183 44 20 31 107 24 14 248 142
115 50 22 137 79 27 160 72 239 100 242 47 136 138 38 212 232 141 206 129 12 51 197 208 148 48 138 51 121 12 43 198
104 48 17 96 33 92 81 16 33 136 52 104 31 23 0 180 132 20 220 8 9 96 176 0 195 249 32 18 66 128 6 51
32 32 65 73 77 75 232 72 109 128 240 10 130 136 20 144 232 141 78 128 8 227 211 192 21 144 131 41 65 8 102 132
105 18 70 133 79 27 32 72 118 224 230 230 64 192 230 244 120 204 234 140 5 211 247 208 30 34 131 33 43 140 123 180
17 141 91 222 18 135 79 248 20 0 206 66 241 227 176 100 127 250 30 238 233 131 61 255 225 174 171 128 49 226 32 32
80 0 31 149 71 203 161 64 254 164 226 34 76 210 96 80 120 236 106 128 0 243 146 80 21 34 67 11 17 8 119 162
35 160 109 187 108 205 201 200 222 113 144 9 176 221 92 32 217 10 83 13 131 98 218 177 77 24 189 188 85 12 82 248
17 15 83 222 18 150 110 120 117 192 234 230 125 226 176 116 118 237 14 236 161 145 45 239 178 238 35 0 62 242 33 37
49 144 2 157 95 223 32 200 150 244 192 15 70 240 98 192 249 44 162 1 6 243 219 147 157 38 203 63 24 12 56 130
113 32 15 136 77 71 233 72 102 68 244 2 220 194 18 70 104 197 106 141 10 243 91 193 213 32 130 9 81 8 35 162
115 2 5 141 12 11 160 72 62 160 242 78 198 130 196 80 249 140 110 132 13 147 203 208 156 178 203 50 25 8 115 164
16 34 30 152 79 195 161 72 244 4 242 2 108 211 32 64 120 249 234 129 10 227 131 193 149 2 138 11 1 8 39 130
88 0 246 229 41 90 125 48 173 134 134 128 207 39 128 87 34 84 237 42 104 193 161 204 211 251 71 17 34 224 5 34
9 34 5 137 77 27 97 88 116 64 214 198 217 3 146 196 120 204 106 140 9 240 119 64 84 0 130 0 123 140 35 224
113 32 4 169 13 79 97 72 110 0 242 2 214 130 0 66 104 197 106 129 9 241 91 68 149 162 131 16 81 8 35 130
96 34 12 137 76 75 225 88 102 36 246 130 213 131 0 2 104 204 106 136 9 242 223 64 213 161 162 1 113 8 39 160
52 138 2 186 149 143 34 200 22 164 82 7 102 192 34 192 217 106 162 16 46 243 26 191 153 214 133 43 208 12 124 150
80 34 23 169 44 11 104 8 109 0 178 67 207 10 16 66 234 197 110 129 12 225 199 192 148 242 10 16 40 8 41 4
80 2 71 132 78 9 96 64 175 160 226 207 206 131 64 82 106 196 110 128 8 83 199 208 148 34 67 24 40 40 80 0
97 34 64 129 76 9 32 72 46 164 242 239 195 2 194 80 72 140 110 4 12 210 205 208 156 2 167 56 88 8 91 144
88 10 78 189 70 203 32 64 246 164 198 38 199 225 226 80 104 236 106 12 1 240 206 16 204 227 99 1 40 168 93 224
1 140 1 223 28 135 75 184 86 1 192 66 241 227 184 100 89 202 38 136 43 154 111 63 173 174 183 8 49 136 96 168
32 34 88 161 108 9 232 72 109 32 242 74 142 136 20 16 234 133 78 129 13 243 197 192 148 176 138 16 109 8 67 128
113 16 7 133 78 95 160 72 62 232 194 79 214 224 98 196 120 140 106 140 5 179 223 80 156 32 35 48 25 12 113 192
50 2 4 137 78 11 161 72 62 176 210 110 198 192 96 68 121 140 106 8 0 178 207 208 156 48 139 54 17 8 113 132
65 34 12 169 72 27 224 72 46 160 226 199 193 130 128 194 104 196 106 140 13 208 87 80 148 162 170 16 104 8 43 144
81 34 7 141 8 10 161 104 108 132 226 66 194 98 132 102 72 196 110 140 9 193 71 76 156 178 203 16 64 0 33 36
81 2 151 164 78 8 96 64 239 160 194 202 207 162 64 114 98 197 110 129 13 115 207 64 156 162 67 16 32 40 35 4
96 32 80 65 100 9 234 72 57 128 240 73 10 11 68 16 218 140 71 136 8 114 192 194 86 156 131 40 73 136 98 130
120 50 146 133 74 11 33 72 118 164 230 111 70 224 194 214 121 236 234 0 0 243 207 80 156 32 71 43 9 40 46 212
38 142 16 154 189 139 146 234 94 1 88 115 230 232 44 196 217 107 130 1 38 186 74 191 168 86 15 127 24 14 153 142
32 34 135 13 73 219 160 72 190 172 240 106 194 144 128 148 248 236 234 128 6 115 235 81 21 34 143 59 81 12 110 134
32 176 14 158 77 207 48 200 150 252 192 15 102 208 98 192 249 108 234 5 6 83 218 181 157 50 139 63 16 44 61 214
48 32 18 185 77 203 160 72 86 176 240 7 66 200 98 128 249 232 162 129 14 243 139 217 20 130 3 47 89 12 106 134
88 48 249 100 35 92 89 16 41 172 54 40 159 23 192 54 166 213 252 8 1 64 224 192 211 249 37 179 34 160 7 39
105 48 113 64 33 93 81 16 105 232 52 40 31 23 194 180 134 148 212 8 137 96 240 128 195 217 33 179 98 128 78 55
48 152 6 189 29 135 178 200 22 132 82 7 230 192 34 192 217 106 162 48 46 243 27 159 153 199 7 15 80 12 60 146
56 2 14 191 93 195 96 72 150 132 194 3 97 195 32 64 249 108 170 128 44 211 27 191 221 231 203 1 48 8 60 130
82 2 222 229 2 10 124 32 173 166 130 131 79 35 4 82 38 213 109 130 64 193 129 192 147 234 71 3 34 240 45 3
99 34 64 129 72 9 224 72 47 160 178 205 194 130 196 84 72 140 110 12 12 227 207 208 156 16 131 56 89 12 82 148
32 50 69 137 76 11 160 72 15 36 240 239 130 128 132 212 104 156 238 128 8 243 207 208 148 48 131 58 81 12 7 132
82 50 23 141 15 27 160 72 14 160 146 226 202 208 196 196 104 140 234 0 13 227 79 209 148 2 75 59 81 12 49 133
112 32 30 129 79 11 225 64 175 36 246 11 142 138 6 20 104 157 238 129 8 115 193 192 149 129 3 51 97 8 111 130
36 160 97 73 236 77 193 200 74 177 176 8 150 89 92 48 137 136 87 25 139 98 219 145 13 24 45 124 85 8 83 160
120 32 26 129 77 91 177 72 78 164 246 10 198 128 98 80 232 156 238 0 8 243 227 208 221 145 3 51 17 8 127 226
36 160 145 243 220 79 97 221 86 181 1 26 211 97 72 44 89 74 34 24 58 114 219 55 237 134 21 116 176 201 212 162
96 32 15 141 77 67 161 72 222 116 244 10 194 214 34 86 249 204 234 128 8 115 235 208 149 34 131 31 17 8 102 230
16 32 14 185 77 206 97 72 126 32 242 2 94 210 32 64 120 236 106 128 0 241 145 208 213 34 138 3 33 8 47 130
99 2 14 137 79 31 160 72 230 232 230 143 194 192 230 244 104 140 234 132 140 211 231 208 20 32 139 27 25 12 123 150
17 12 87 222 18 130 78 120 117 194 234 66 121 226 176 240 114 239 14 174 173 147 13 255 176 174 163 0 61 226 97 36
17 6 90 221 50 146 110 120 124 194 98 230 93 227 160 96 118 109 46 172 165 209 5 78 240 238 34 0 44 162 41 129
9 2 71 101 79 75 97 88 118 160 226 70 211 129 192 116 120 204 106 136 9 241 247 16 69 226 67 0 107 168 118 160
0 34 206 181 52 139 97 80 254 228 70 226 215 227 162 64 114 108 46 44 36 208 164 76 196 227 35 1 36 160 101 128
0 32 79 169 76 203 97 88 246 36 246 6 209 131 160 80 120 236 106 136 1 240 245 80 212 163 162 0 40 136 71 160
105 34 7 137 79 27 96 88 119 96 246 198 192 193 128 228 120 204 234 140 1 243 239 208 22 32 130 0 59 140 122 164
16 0 15 133 77 95 161 72 230 228 230 2 214 198 98 98 104 204 106 140 9 195 179 216 221 33 203 25 9 40 119 246
16 50 31 157 93 203 176 72 246 140 226 34 238 210 32 192 248 252 234 128 0 227 147 88 213 163 67 11 1 8 47 130
113 34 13 133 14 11 161 72 110 176 210 110 194 96 132 70 105 204 106 8 8 195 79 92 156 34 7 20 24 40 19 164
99 32 69 129 73 9 160 8 47 224 242 205 142 130 68 148 72 140 110 12 9 243 223 208 148 16 139 50 73 12 83 148
81 34 13 140 12 11 96 8 111 128 210 66 215 34 128 80 104 132 110 137 9 97 79 64 148 178 235 16 48 8 33 36
97 34 203 165 76 8 99 72 126 32 226 75 95 226 64 80 120 205 110 129 9 210 207 82 148 164 35 40 33 40 98 128
32 48 6 152 109 203 176 72 150 236 208 43 230 208 98 0 249 168 234 1 14 243 202 145 28 16 11 59 16 12 61 199
48 32 67 24 82 139 226 72 59 160 240 79 2 195 68 20 120 236 2 128 1 242 200 90 20 44 135 46 105 8 98 128
57 132 193 91 29 215 66 252 87 17 224 82 243 114 184 228 89 202 42 136 43 122 127 63 173 238 183 116 123 138 216 172
50 142 22 159 29 131 150 232 222 18 192 103 230 232 46 197 217 105 138 35 46 225 73 191 168 22 11 87 24 44 57 132
120 34 62 141 79 91 177 72 174 172 246 11 78 194 98 80 232 157 234 0 10 115 235 209 221 1 7 59 81 12 39 226
82 50 120 64 98 88 121 80 41 164 52 168 142 31 196 54 166 213 93 0 132 65 160 192 215 248 1 179 98 128 7 39
80 2 222 228 10 2 108 32 169 134 162 3 93 227 4 82 226 245 109 128 0 195 131 64 211 162 239 9 33 112 41 2
40 32 22 184 77 199 176 72 214 40 240 3 65 200 34 128 248 232 226 129 14 243 75 209 20 193 131 43 89 12 120 130
120 34 30 129 77 25 240 72 47 44 246 11 78 130 66 18 232 205 238 128 12 227 195 192 213 177 3 59 67 12 111 130
24 0 30 189 93 131 112 72 150 4 210 7 97 193 34 64 248 124 170 32 46 243 91 157 221 227 227 1 48 8 124 146
100 160 113 193 236 73 225 200 74 176 176 72 150 24 84 160 139 140 91 25 19 114 251 209 29 24 37 124 85 8 82 160
44 160 149 241 156 75 99 220 86 177 33 90 211 81 200 172 89 78 98 56 59 112 235 19 141 134 53 124 178 136 214 160
59 34 5 137 13 25 128 72 46 48 240 206 202 128 196 132 76 140 238 133 13 227 223 208 148 16 139 62 94 12 35 148
41 32 71 77 79 155 97 88 247 224 226 130 66 129 36 228 120 236 234 8 9 243 255 216 22 104 67 2 123 140 114 164
106 50 5 141 15 27 160 72 142 160 208 239 206 128 128 212 108 149 238 129 13 227 207 208 148 16 139 58 94 12 41 132
25 140 69 95 28 150 74 248 118 64 232 66 243 226 184 244 121 234 46 172 175 170 95 127 162 238 179 8 59 128 104 12
25 6 82 189 18 146 106 112 117 128 226 198 93 226 176 192 114 237 46 172 165 145 21 78 240 239 34 0 47 162 41 0
25 6 218 181 54 138 107 112 124 4 102 198 93 227 178 192 54 109 46 172 160 144 5 78 214 239 35 0 36 160 41 129
122 34 14 141 75 25 112 72 175 40 246 47 206 130 98 208 232 141 238 128 12 243 193 208 212 49 139 51 11 12 107 130
33 48 3 156 77 143 160 72 30 172 98 12 66 210 100 212 248 172 162 0 7 242 218 209 21 48 3 35 81 12 98 134
96 48 18 152 77 207 49 72 126 128 226 10 102 210 32 84 249 236 234 0 1 243 154 208 149 50 3 11 24 8 39 182
122 18 6 169 79 25 48 72 47 32 242 111 206 130 32 212 232 133 238 129 12 195 195 208 148 35 139 59 27 12 59 134
80 16 31 169 77 199 32 72 118 12 242 2 206 210 32 64 248 189 234 128 10 227 147 209 213 162 11 11 17 8 47 130
56 32 6 157 77 199 177 72 182 60 226 3 192 214 34 192 248 124 234 128 10 211 219 209 213 161 139 7 16 8 37 210
9 32 87 225 100 203 97 64 252 32 118 162 221 131 160 100 122 44 46 136 1 241 165 192 196 240 162 0 38 128 97 160
71 164 166 29 232 195 78 168 87 250 66 97 112 250 159 103 145 110 121 191 229 211 207 31 42 62 237 140 191 116 56 22
14 174 182 31 187 155 154 232 158 181 64 225 236 238 111 137 151 127 235 17 166 217 143 127 46 23 77 239 148 100 13 133
