38 162 0 153 204 19 160 200 22 180 208 11 192 200 114 128 89 136 99 17 6 114 79 145 28 2 143 125 213 12 56 132
104 48 48 96 33 29 81 16 105 136 52 8 31 19 0 52 132 148 85 8 136 96 176 128 195 249 32 18 66 128 66 35
1 142 2 154 20 145 138 236 86 1 88 66 96 232 184 224 89 106 18 141 167 168 14 255 32 38 187 136 28 10 56 140
2 142 2 158 23 195 186 230 22 5 90 34 96 234 32 64 89 122 147 129 34 136 10 255 33 38 154 11 20 10 52 138
104 48 56 96 33 77 81 16 105 136 52 8 159 23 0 48 132 21 93 8 136 96 176 0 195 217 32 17 66 128 66 35
53 166 73 175 76 3 203 248 86 178 217 194 83 225 249 96 89 204 34 234 41 242 79 27 156 142 167 44 125 171 112 160
82 0 150 157 13 34 160 2 174 17 195 19 192 170 96 74 225 69 42 145 6 213 131 192 157 50 218 67 128 8 57 6
3 15 3 159 52 131 170 103 28 1 88 226 225 224 180 192 88 42 2 141 101 152 12 255 36 38 170 128 28 142 57 140
194 32 16 144 171 169 56 67 175 17 152 153 140 158 64 90 167 19 223 148 18 77 130 211 157 16 26 251 148 68 131 17
104 56 56 112 32 204 81 22 105 136 52 8 159 23 0 48 132 54 93 8 136 104 176 32 195 249 48 16 64 128 66 43
9 141 67 220 20 147 174 119 84 0 90 70 48 162 180 228 120 42 2 136 195 184 4 255 32 44 162 128 30 136 248 172
2 201 2 158 23 195 146 230 6 5 88 131 32 202 32 64 88 59 131 193 66 170 10 189 40 36 138 11 20 10 188 138
104 49 56 96 49 77 83 16 105 136 60 8 159 23 0 48 148 20 93 72 136 32 176 0 227 221 32 16 66 130 66 35
2 153 18 155 53 199 178 228 30 9 88 34 172 216 32 64 216 123 147 65 2 184 90 253 45 52 138 130 20 10 49 139
2 140 18 159 21 193 178 230 30 5 72 3 172 250 32 64 217 59 131 1 34 152 66 255 45 54 154 11 16 8 181 138
0 141 10 190 20 131 171 226 22 1 88 2 113 232 48 64 89 106 19 193 34 184 8 63 96 167 170 136 20 10 48 136
2 141 2 158 21 199 170 230 22 0 74 2 96 234 48 64 89 106 19 129 34 152 26 255 33 38 138 0 16 10 48 138
97 133 112 86 228 153 254 55 233 75 189 26 170 40 158 50 203 163 87 8 244 42 228 227 54 252 22 64 71 222 195 205
3 142 2 191 28 147 170 236 22 1 88 86 97 202 186 192 89 10 19 165 38 186 79 191 40 38 187 201 29 10 184 140
37 34 64 165 76 9 160 72 200 176 240 202 147 136 81 11 74 72 66 111 0 114 198 64 20 16 99 44 77 59 83 128
2 143 2 158 23 131 178 230 22 4 90 231 96 234 34 64 89 123 131 129 34 152 10 255 40 38 142 195 20 14 188 139
104 48 56 96 32 76 81 16 105 136 52 8 159 23 0 48 132 20 93 8 136 96 176 0 195 249 32 16 64 128 70 51
53 32 65 205 92 11 227 88 86 160 209 74 81 193 241 40 120 204 98 234 41 246 79 28 156 142 163 60 125 171 80 160
113 64 97 69 100 11 230 80 109 160 242 74 83 9 149 48 122 196 70 234 201 178 69 200 54 184 33 16 101 187 114 136
194 2 134 145 13 32 160 2 174 17 194 86 196 130 64 74 225 5 106 145 18 221 131 192 156 34 218 66 136 72 49 6
3 15 2 159 20 131 170 103 22 1 90 230 225 224 176 192 88 42 2 133 55 152 12 255 160 38 170 128 28 14 185 140
194 164 16 153 169 169 184 3 191 19 136 144 140 130 64 88 163 27 123 145 50 77 130 211 140 16 154 235 148 64 131 130
7 12 3 158 149 183 170 99 86 67 91 71 96 236 53 228 89 106 18 143 167 154 60 255 33 54 138 10 156 111 48 220
125 50 60 97 32 46 81 24 97 170 183 88 95 83 73 59 148 148 93 58 136 228 249 0 195 249 97 84 226 163 66 35
72 56 58 114 33 205 81 86 169 136 36 8 191 151 0 48 132 51 221 0 8 105 178 32 195 249 48 51 66 0 7 59
9 141 67 205 20 147 238 119 68 1 94 66 49 162 180 228 120 42 18 136 209 184 37 255 38 44 178 128 63 136 248 172
2 201 18 154 95 193 150 230 134 4 88 3 44 218 32 64 200 59 131 193 66 170 2 189 41 4 142 107 21 26 181 138
105 53 121 97 116 15 115 48 112 8 124 8 23 23 128 48 148 156 20 40 137 176 240 14 231 237 32 0 96 130 66 163
2 217 18 155 119 133 178 230 30 1 88 34 172 220 48 64 222 59 147 65 66 58 66 255 45 20 138 74 20 10 181 139
2 140 18 155 93 197 178 230 30 13 72 19 172 250 34 64 201 59 131 1 38 184 82 255 45 54 154 11 16 12 189 138
25 77 79 252 20 130 109 119 197 64 222 70 49 35 176 97 104 166 30 232 233 155 37 205 242 237 162 128 61 136 240 40
2 142 18 155 85 129 178 230 30 13 88 3 172 232 34 192 217 59 131 1 38 184 74 255 45 54 158 75 16 12 189 138
24 141 10 175 20 130 79 240 20 0 222 2 115 227 176 64 120 234 31 234 72 153 9 63 224 229 171 128 52 170 48 168
21 220 16 203 150 183 2 218 23 1 200 70 118 210 161 228 115 248 30 218 43 133 25 191 168 198 131 66 186 155 40 37
218 145 22 250 169 237 80 99 171 29 161 25 174 191 40 83 129 147 237 0 122 75 210 213 219 241 82 123 18 4 135 83
34 156 2 154 221 197 146 230 150 9 72 18 160 248 48 64 201 42 19 17 34 170 82 191 41 22 158 75 16 8 180 138
133 195 117 69 44 11 237 184 236 120 183 112 219 1 156 39 6 4 108 106 225 229 111 204 164 184 99 148 70 186 65 165
1 2 70 157 76 34 224 112 212 18 211 198 65 224 177 207 120 228 42 46 173 247 7 140 0 42 210 0 61 168 120 132
60 34 0 169 76 9 160 72 6 176 65 194 131 129 225 203 104 8 34 254 8 246 71 144 132 128 227 44 61 169 24 128
2 143 2 158 20 131 186 230 22 4 90 231 96 234 50 64 121 107 131 129 2 186 10 255 32 38 138 131 29 14 60 138
104 48 56 96 33 77 81 16 105 136 52 8 159 23 0 48 132 20 93 8 136 96 176 0 195 249 32 16 66 128 70 51
37 96 73 165 76 11 226 88 70 160 243 206 209 0 145 40 120 204 98 254 9 246 69 24 20 128 163 52 61 171 112 160
82 114 208 160 50 9 24 0 43 49 48 249 143 6 202 156 167 153 221 148 6 6 128 192 152 209 26 254 164 133 3 5
49 64 65 196 76 11 226 72 101 160 242 202 83 8 149 18 122 204 78 235 201 178 69 200 52 168 161 16 109 187 114 168
192 38 135 145 204 160 168 3 174 19 74 86 132 130 64 74 97 15 42 145 51 220 195 194 12 32 154 64 136 64 49 128
17 143 2 159 20 179 170 111 86 1 88 230 225 224 184 196 88 42 6 173 159 152 13 191 160 38 170 192 60 142 184 140
130 165 16 153 170 169 184 7 190 19 10 208 140 162 64 73 167 3 123 145 50 77 131 211 140 20 26 234 152 64 129 137
3 156 131 158 149 231 163 227 94 73 73 70 240 252 53 228 217 106 18 141 183 152 120 255 41 62 138 2 152 79 176 252
252 48 245 97 41 47 81 24 97 186 183 88 95 81 201 63 148 148 108 56 136 102 249 128 211 217 97 86 226 163 66 35
49 207 74 158 148 147 6 230 214 4 216 198 113 224 179 96 89 234 2 199 238 139 14 191 48 38 166 0 61 90 56 140
88 56 58 242 1 205 16 66 173 8 36 8 190 223 96 16 160 51 221 0 2 107 146 225 211 249 18 59 66 0 39 26
3 141 66 205 148 146 236 119 69 65 94 70 40 42 180 228 104 42 18 136 215 152 5 223 38 60 154 192 63 140 248 172
50 201 2 136 95 193 150 231 134 4 216 3 44 218 50 64 200 59 131 193 74 43 18 253 177 4 142 107 21 30 181 138
33 52 121 97 116 15 107 48 113 72 124 72 83 17 144 48 94 220 22 40 161 176 101 14 103 143 32 128 97 138 66 225
172 52 184 97 224 45 81 89 113 169 61 24 31 23 73 56 156 152 84 56 152 54 48 2 199 205 33 36 194 194 194 163
21 88 24 155 150 151 78 220 86 0 192 70 50 210 163 104 93 234 30 218 238 140 93 255 170 142 191 0 184 153 40 13
60 32 2 136 79 17 33 72 134 180 196 10 1 128 99 142 104 128 194 226 8 19 194 144 212 129 131 61 51 47 60 128
2 159 2 158 22 131 186 230 22 5 90 231 96 234 50 192 125 107 131 133 39 186 10 255 32 38 138 131 29 14 56 152
105 98 64 133 76 9 226 64 224 160 177 139 131 0 17 131 104 164 74 111 64 35 196 8 20 1 130 57 101 59 91 128
53 96 69 165 78 11 99 88 68 224 243 206 211 0 145 40 120 204 98 238 137 178 69 8 148 128 163 36 125 187 112 160
82 34 80 160 50 169 120 66 47 49 177 248 141 6 192 92 39 153 221 149 2 4 4 208 156 208 26 254 132 132 11 5
49 65 67 133 68 11 230 96 100 160 242 74 83 8 145 16 120 196 78 107 73 179 69 72 180 168 32 16 109 187 82 168
129 164 142 145 132 168 33 3 62 19 78 18 148 162 194 234 97 14 42 152 51 220 199 83 12 34 154 64 128 64 169 160
27 134 0 187 28 163 138 207 22 1 88 243 97 192 186 192 89 10 130 181 62 190 79 159 172 38 155 77 188 142 184 140
130 167 145 153 248 169 172 39 190 19 74 84 156 162 64 75 35 11 106 144 51 92 194 211 140 22 30 104 152 64 161 136
3 156 163 159 149 231 167 231 94 75 88 66 180 252 53 228 217 106 18 17 183 156 122 255 45 54 158 74 152 78 177 254
237 96 245 65 101 63 64 24 105 168 183 72 75 25 213 191 156 132 108 122 137 246 233 200 23 216 65 22 235 171 66 37
49 79 74 158 148 131 206 103 214 0 221 230 113 232 178 96 88 234 2 207 238 187 44 191 112 47 166 8 61 218 248 136
3 141 66 205 180 150 236 119 77 73 94 70 168 42 182 228 104 42 18 140 215 152 5 221 38 60 154 192 31 140 248 140
58 201 26 168 95 193 150 229 134 4 208 3 44 156 34 64 200 187 147 193 74 171 18 189 177 193 142 123 53 24 189 138
165 36 249 101 100 46 107 24 112 170 117 88 211 19 217 57 30 204 68 42 169 244 233 10 71 153 97 132 194 251 66 161
153 75 192 187 148 131 79 215 86 132 208 70 185 194 163 64 93 234 14 222 238 156 77 191 228 143 183 0 52 216 56 9
67 34 64 129 34 168 40 3 171 17 146 212 141 2 208 92 39 129 95 156 146 5 132 208 156 16 154 236 140 128 35 4
49 64 67 197 68 75 230 112 108 224 242 78 83 1 145 34 120 196 78 107 73 179 85 72 180 168 34 0 109 186 82 168
62 130 128 187 95 243 0 201 22 5 85 147 109 192 42 204 89 10 130 149 62 150 79 151 152 71 155 111 183 14 188 198
3 156 179 155 181 247 166 231 94 75 88 98 180 252 164 228 217 123 18 17 183 152 122 255 45 54 158 202 152 78 177 255
253 35 240 71 36 31 74 24 105 168 183 72 75 73 157 191 94 196 76 106 205 242 237 232 22 216 65 16 111 187 90 5
61 143 106 190 20 131 79 240 212 68 221 231 115 224 178 64 88 234 6 207 248 171 44 63 240 175 166 128 53 187 112 200
3 141 2 205 181 150 172 103 76 73 94 70 168 42 182 228 232 43 18 141 215 152 21 221 38 60 138 194 30 12 249 140
56 201 26 168 95 197 150 229 132 4 208 3 39 157 34 0 200 187 147 193 74 43 16 189 243 193 142 123 117 24 188 138
165 96 245 69 100 42 107 24 113 226 119 88 211 1 157 63 90 204 86 106 169 244 109 10 68 170 97 4 103 251 66 161
9 143 194 189 181 147 79 246 87 132 92 70 169 226 162 196 92 106 134 206 234 152 69 191 228 223 142 0 22 252 56 136
3 156 51 155 181 247 183 231 94 75 88 118 172 252 164 228 223 123 18 17 183 152 122 255 45 54 158 194 156 78 181 253
125 66 96 71 36 26 202 248 105 162 247 10 75 73 159 55 122 196 68 106 204 178 237 168 18 249 129 17 111 187 90 4
61 207 107 190 20 130 79 240 212 4 223 199 115 225 179 64 88 234 14 239 232 171 44 63 240 231 167 0 53 187 112 224
131 133 2 159 181 148 188 39 92 73 90 22 168 42 54 225 200 43 18 133 247 152 21 223 38 62 154 194 28 12 249 142
32 201 24 234 85 197 151 229 5 4 84 3 52 29 34 0 200 186 131 67 90 42 24 189 113 129 142 75 21 26 180 234
165 100 229 71 100 58 233 24 112 242 115 90 211 32 157 175 26 196 118 110 169 244 109 8 4 170 97 4 111 251 82 164
10 143 98 157 53 219 79 231 87 68 92 130 171 225 178 196 88 42 142 76 78 152 103 189 166 254 150 3 54 206 220 108
