72 48 56 96 33 93 81 16 105 136 52 8 159 23 0 48 132 21 221 8 136 96 176 0 195 249 32 16 66 128 67 35
90 56 18 250 11 201 16 64 173 20 160 41 46 223 32 80 162 179 203 0 2 67 154 225 147 241 11 11 66 4 39 18
2 133 2 140 148 128 172 103 4 1 90 2 40 42 48 64 104 34 19 129 82 152 0 221 36 36 138 192 20 8 176 8
39 162 0 153 220 147 138 200 22 48 208 66 96 200 122 192 89 8 2 149 22 114 79 151 28 6 143 237 157 8 56 132
104 48 56 96 33 77 81 16 105 136 52 8 159 23 0 48 132 21 93 8 136 96 176 0 195 217 32 17 66 128 66 35
2 140 6 158 23 195 178 230 22 4 90 34 96 250 32 65 89 122 131 129 34 168 10 255 33 38 154 11 20 12 52 138
104 48 56 96 32 76 81 16 105 8 52 8 159 23 0 48 132 20 221 8 136 96 176 0 195 249 32 16 64 128 66 35
130 133 144 151 147 48 180 39 30 7 75 17 140 42 34 192 129 3 131 1 116 88 8 199 44 22 94 67 144 68 141 78
34 162 224 155 245 177 184 71 95 15 124 183 168 136 118 136 221 11 131 21 150 190 198 243 14 28 154 235 213 76 223 206
138 156 251 219 246 231 191 215 30 75 94 246 188 255 160 64 127 59 151 144 179 156 41 255 110 175 190 192 158 200 161 187
18 141 2 222 20 131 235 246 22 0 218 2 113 235 176 64 89 234 23 137 10 185 10 255 224 38 170 128 52 138 48 168
9 152 49 217 117 245 185 222 30 77 116 18 188 223 34 104 223 27 151 24 179 188 115 247 77 223 58 226 146 8 165 251
164 32 128 185 78 35 160 72 22 49 81 210 149 131 104 73 89 8 3 145 18 118 67 144 148 128 187 108 157 9 57 128
3 135 3 143 52 162 43 39 4 1 91 194 244 98 176 100 120 42 10 173 147 152 5 255 172 36 170 192 28 10 177 44
34 201 2 136 85 133 142 236 14 8 80 2 164 136 48 64 200 42 19 193 66 42 64 189 53 16 142 234 21 24 176 139
194 170 150 152 235 225 176 71 174 23 128 177 172 182 98 91 167 51 235 145 50 79 130 241 157 18 90 235 144 68 165 203
187 219 2 186 61 149 14 246 149 72 208 231 162 200 50 193 204 170 151 71 238 47 82 191 176 81 170 186 28 28 56 157
153 207 71 238 22 130 111 117 228 0 218 230 115 67 176 97 126 162 46 236 233 155 5 237 240 171 162 128 61 138 240 41
56 77 122 254 84 195 75 112 212 4 253 2 115 217 177 96 120 184 6 234 232 163 56 191 115 237 160 9 119 171 116 160
33 143 106 237 52 166 234 119 84 9 222 98 241 107 176 96 88 170 23 44 154 186 97 191 110 191 162 192 21 138 248 136
2 140 18 159 21 193 178 230 30 5 88 2 164 250 32 64 217 122 147 129 34 168 74 255 37 54 154 11 20 14 52 138
53 200 65 70 12 3 70 248 192 192 177 206 115 64 185 50 88 192 84 110 201 35 44 45 48 136 165 60 125 187 82 32
109 73 127 101 52 10 111 48 108 232 127 64 211 65 145 112 122 228 76 106 201 176 101 12 230 253 33 0 100 179 66 33
34 201 16 137 93 197 150 237 14 1 80 2 172 152 32 0 216 27 147 65 82 42 80 189 45 16 142 107 81 10 149 138
94 89 18 254 27 192 22 224 173 132 233 41 110 255 41 80 178 241 201 98 64 131 26 237 179 241 15 27 50 55 39 18
2 148 180 145 162 34 184 2 62 95 82 181 140 62 66 75 167 23 179 149 178 220 3 194 12 54 90 194 132 68 5 83
57 175 99 73 214 191 234 87 71 97 120 206 51 160 148 180 124 170 22 252 155 186 101 253 60 12 165 224 255 142 242 173
127 104 96 78 12 19 202 216 193 192 181 206 67 205 255 54 88 192 85 239 204 35 46 168 114 73 133 188 119 191 114 100
45 101 67 71 84 27 230 120 117 224 123 78 89 64 157 164 122 204 22 110 193 178 109 204 54 60 161 132 111 191 82 164
2 221 18 159 245 197 190 231 158 9 88 2 172 254 32 64 245 123 147 65 98 152 26 255 45 54 30 170 16 88 161 155
87 205 71 167 20 2 238 168 61 162 242 70 241 98 29 81 122 237 46 230 105 176 73 109 180 190 207 132 45 179 113 144
232 184 186 120 233 141 113 214 251 25 116 24 62 151 64 25 165 59 119 24 146 106 178 113 223 217 116 106 66 128 195 171
97 32 121 64 100 29 249 16 105 104 180 72 154 8 150 48 202 132 70 8 140 98 228 192 22 216 32 50 71 140 82 5
130 132 148 145 145 224 48 35 62 23 74 17 140 46 2 75 129 19 163 17 54 220 3 199 13 22 94 67 128 68 141 66
38 160 8 153 220 131 170 200 22 48 208 2 224 200 120 64 89 8 19 145 18 114 75 151 28 6 143 236 149 8 48 128
40 184 248 120 105 253 81 223 59 59 244 24 190 223 64 24 157 155 215 0 26 126 250 179 223 221 21 127 82 8 198 155
97 32 112 64 100 29 248 16 105 104 244 8 138 8 150 48 202 132 70 8 140 114 228 192 22 216 0 50 71 140 82 133
104 48 56 96 32 76 81 16 97 136 52 40 159 23 128 48 134 20 93 8 136 96 176 0 195 249 32 16 64 128 66 35
3 141 3 158 20 131 170 230 86 0 90 70 96 226 176 228 89 106 18 137 163 152 14 255 32 38 138 128 28 14 48 140
104 48 56 96 33 77 81 16 105 136 52 8 159 23 0 48 132 20 221 8 136 96 176 0 195 217 32 16 66 128 66 35
6 140 148 147 129 224 180 167 190 31 66 17 236 118 72 79 129 87 163 17 50 216 139 227 45 54 94 67 128 85 141 14
53 67 97 71 116 27 239 56 117 224 251 206 211 1 157 244 126 204 118 238 201 178 109 12 36 172 161 132 111 187 82 180
39 162 0 153 220 131 170 200 22 48 208 66 224 200 122 192 89 8 19 145 22 114 79 151 28 6 143 237 157 8 56 132
97 32 113 64 100 29 248 16 105 104 244 72 138 8 150 48 206 132 70 8 140 114 228 192 22 216 0 50 71 140 82 133
49 141 75 238 20 131 79 242 148 0 222 66 115 227 176 96 120 234 30 234 11 171 12 63 240 239 162 128 60 138 112 40
162 176 148 152 205 237 144 71 159 19 160 24 174 184 96 11 201 18 251 17 50 111 210 145 153 18 90 123 208 72 213 138
104 48 56 96 32 76 81 16 97 136 52 8 159 23 0 48 132 20 93 8 136 96 176 0 195 249 32 16 64 128 66 35
2 140 2 154 23 193 178 230 22 5 72 34 32 234 32 64 91 123 131 129 34 168 10 255 33 38 154 11 20 10 52 138
90 48 82 248 11 192 16 72 175 20 160 171 44 223 100 80 162 177 239 128 2 67 138 209 147 209 11 43 51 4 39 67
2 133 2 140 148 128 172 103 4 1 90 2 40 42 48 64 106 35 19 129 82 152 0 221 32 36 138 192 20 8 177 8
34 201 64 136 84 129 142 229 4 0 80 2 32 136 48 64 72 42 19 193 66 170 0 189 32 0 142 200 85 24 240 136
1 142 11 155 20 131 170 236 22 1 88 70 113 234 184 96 121 106 19 141 167 186 15 255 40 38 187 136 28 10 48 136
33 4 115 65 118 15 235 112 125 104 118 66 81 33 180 36 126 12 22 40 161 176 101 206 36 30 32 128 103 136 66 165
99 32 112 64 108 25 248 80 105 96 180 74 138 8 148 176 202 133 87 13 133 98 228 192 22 216 2 176 79 140 74 133
38 162 0 153 205 19 168 200 22 180 208 139 192 200 114 128 89 136 227 145 6 114 79 209 28 2 143 125 213 12 56 134
104 48 56 96 33 77 81 16 105 136 52 8 159 23 0 48 132 21 93 8 136 96 176 0 195 217 32 16 66 128 66 35
2 143 6 158 29 131 190 226 148 6 90 163 96 234 48 65 89 106 139 195 34 171 10 255 32 38 138 131 21 14 60 138
104 48 56 96 32 76 81 16 105 8 52 8 159 23 0 48 132 20 93 8 136 96 176 0 195 249 32 16 64 128 70 51
49 141 75 238 20 131 79 242 212 0 222 70 115 227 176 96 120 234 30 234 203 171 12 63 240 173 162 128 61 170 112 40
97 32 112 65 108 25 248 80 105 40 244 74 139 8 148 176 202 132 87 8 140 114 228 192 22 216 0 48 79 140 90 133
38 162 0 153 205 19 168 200 22 180 208 131 192 200 114 192 89 136 163 149 6 114 79 145 28 2 143 125 213 12 56 132
104 48 112 96 33 29 81 16 105 136 52 8 30 17 132 52 132 148 212 8 136 96 176 192 195 217 0 18 66 128 66 35
3 142 3 158 20 147 138 236 86 1 88 70 96 226 184 228 89 42 18 141 167 170 15 255 40 38 139 136 28 14 56 140
104 48 112 96 33 29 81 16 105 136 52 8 30 17 132 52 132 148 212 8 136 96 176 192 195 217 0 18 66 128 66 35
72 48 120 96 34 76 81 16 41 168 52 40 159 31 128 16 134 21 221 0 8 64 240 0 195 249 33 177 98 128 70 51
24 141 66 222 20 131 207 246 150 0 220 2 113 233 176 64 89 234 23 203 10 171 10 191 248 39 162 136 55 138 48 168
99 32 112 65 108 25 248 80 105 104 244 11 139 8 150 48 202 132 87 13 140 114 228 192 22 88 0 160 71 140 82 197
38 160 9 153 220 3 170 200 22 176 208 66 208 202 112 64 89 136 51 145 34 242 75 215 28 6 175 236 213 8 48 128
97 32 121 64 108 9 232 80 107 160 240 72 154 8 212 50 202 197 86 9 129 114 228 192 22 152 35 48 77 136 66 161
49 141 67 238 20 131 74 252 86 0 218 70 115 227 184 224 89 234 30 168 139 139 13 191 176 174 162 128 61 138 112 40
130 140 22 159 29 195 182 230 158 21 72 3 172 248 34 65 201 123 139 1 34 169 74 255 37 54 154 11 16 8 61 138
61 162 65 249 204 131 233 216 86 176 212 66 209 195 248 228 89 136 34 156 11 242 79 153 204 203 167 100 63 136 120 160
162 201 2 137 116 131 174 237 12 0 80 2 32 10 48 64 216 42 19 225 98 186 0 253 36 16 142 192 21 26 240 136
2 143 2 158 23 131 146 230 22 5 88 163 96 232 50 192 89 122 131 1 38 170 10 191 32 38 138 11 21 14 60 138
9 201 67 207 20 134 111 53 36 8 90 66 121 99 176 100 114 162 22 232 193 152 37 253 101 168 162 128 55 130 241 40
16 141 10 172 148 128 47 55 164 1 218 2 113 99 48 64 114 35 31 161 88 153 1 221 224 161 170 192 52 2 177 8
48 193 56 171 149 199 150 237 78 1 216 2 182 24 40 0 216 27 147 97 90 170 80 157 233 197 142 115 17 10 245 138
2 142 18 155 85 131 178 230 30 5 88 3 172 232 34 64 217 123 131 1 34 184 74 255 45 54 158 75 20 14 189 138
33 143 43 233 52 175 235 127 84 9 90 66 241 105 176 96 217 42 6 60 154 184 97 31 237 175 178 192 144 138 240 137
232 32 252 97 44 61 73 26 67 59 180 24 147 9 88 59 201 132 125 24 186 124 225 144 207 217 240 244 194 200 82 33
145 195 71 238 20 130 111 53 100 0 210 230 115 67 176 97 126 162 62 238 249 139 37 221 240 234 226 128 61 138 240 41
120 133 110 238 156 146 78 121 197 0 255 2 115 235 184 100 120 166 31 234 248 171 45 157 250 237 162 192 55 170 240 0
33 149 25 235 213 175 227 123 78 65 125 6 150 89 56 32 216 10 18 28 19 184 120 157 109 157 130 100 216 10 208 178
36 99 0 137 78 1 160 72 6 180 208 10 4 128 113 11 72 136 66 241 0 51 67 144 20 0 139 60 21 41 89 128
130 170 150 153 235 225 184 71 190 23 66 177 172 166 98 75 231 59 235 145 54 77 130 241 29 18 90 235 144 68 173 203
1 135 7 139 180 167 171 123 76 9 91 70 245 98 184 96 120 10 26 172 147 152 5 223 172 36 170 192 156 10 177 32
187 222 4 190 60 149 78 246 132 72 208 231 167 136 179 193 204 235 151 71 239 47 66 189 176 81 168 152 28 29 56 153
130 149 185 157 178 228 173 167 28 75 90 117 180 62 36 64 133 19 19 129 241 152 16 71 109 54 62 194 152 64 165 123
86 81 18 190 27 194 22 232 173 132 233 171 76 254 41 80 242 241 239 226 72 3 138 253 179 241 15 27 49 55 39 83
42 180 177 233 245 237 178 71 31 9 124 18 188 157 100 32 217 59 131 17 19 186 112 211 79 213 26 107 211 74 197 186
77 73 123 101 52 14 111 48 100 232 127 72 211 1 145 112 94 228 76 106 201 176 101 12 230 233 33 0 100 179 66 33
145 200 95 254 6 192 111 246 196 72 214 34 49 211 160 97 106 242 62 200 105 143 50 237 241 171 242 8 53 144 96 43
36 181 57 233 213 239 179 203 78 41 121 2 148 93 56 32 217 27 19 25 19 184 120 149 109 157 139 100 209 75 213 162
179 206 70 158 28 145 142 230 132 72 208 231 33 200 183 197 76 224 143 199 238 175 70 189 48 34 170 153 61 157 56 157
60 77 126 254 84 199 203 112 212 4 245 2 115 201 49 96 120 248 2 234 104 163 62 189 115 175 130 9 119 187 116 162
173 2 192 249 100 171 232 18 86 49 82 210 147 1 208 172 73 140 6 28 155 188 69 146 132 158 178 100 188 137 88 128
128 209 31 254 20 196 53 55 140 4 66 2 180 215 40 65 192 50 27 8 115 137 50 157 225 163 178 8 16 8 165 106
130 186 134 153 235 177 184 199 158 31 80 183 172 174 98 203 239 59 163 149 54 94 130 241 12 18 222 235 156 76 173 159
2 157 19 159 245 133 190 239 30 9 89 66 236 254 40 192 253 123 147 1 114 152 26 255 45 22 30 170 16 74 161 155
28 85 56 229 48 78 87 49 52 168 79 0 215 55 1 112 20 92 29 106 105 144 113 14 227 239 37 4 32 242 4 51
40 184 50 120 237 189 241 215 251 25 116 24 190 155 68 60 141 58 230 24 147 122 178 241 95 217 112 106 210 128 195 171
23 75 74 188 22 134 110 114 164 192 210 199 57 202 179 64 110 233 31 207 205 139 20 236 240 105 170 136 45 181 57 24
61 203 105 102 4 147 79 252 65 192 180 206 115 105 191 32 92 224 20 238 205 35 44 189 114 201 165 184 127 191 240 120
109 81 125 101 52 15 107 56 108 168 127 72 211 49 152 48 22 68 108 106 201 176 97 12 231 255 33 132 64 186 66 33
130 220 22 153 109 133 188 231 158 27 80 50 172 158 32 65 239 59 147 1 98 28 2 247 45 18 94 234 20 24 161 155
160 176 120 120 105 253 113 223 123 57 116 24 190 159 64 60 157 155 215 24 154 126 250 211 95 221 17 126 211 136 194 171
9 158 18 251 49 182 58 151 63 11 78 80 172 211 32 228 245 43 142 28 179 156 2 255 171 255 26 66 154 4 169 13
60 69 106 230 84 19 239 248 85 160 255 2 91 233 185 96 120 236 23 234 200 179 45 142 242 237 167 132 103 187 112 160
208 170 158 185 170 201 49 71 174 23 194 177 165 151 96 91 231 55 239 144 50 205 163 113 221 227 122 91 128 0 165 235
33 207 64 7 244 130 230 181 64 40 90 230 113 96 144 132 92 70 4 111 215 184 77 61 44 12 165 192 45 154 216 141
53 65 97 69 84 31 239 56 117 224 251 78 83 0 157 244 124 204 118 238 201 178 125 12 36 172 161 4 111 187 82 164
4 148 57 237 112 47 163 56 126 40 123 64 213 55 8 96 149 29 23 41 177 176 89 30 109 174 43 68 80 34 67 161
40 133 96 248 220 144 76 119 85 17 252 16 187 9 180 64 74 170 23 137 218 42 102 215 226 253 186 200 55 136 240 136
139 248 177 217 125 245 185 214 31 89 84 18 188 159 176 236 207 59 151 25 131 188 115 243 79 223 58 226 146 12 165 251
2 144 18 155 101 173 184 199 158 25 81 18 172 222 104 72 247 59 179 17 18 220 10 241 5 18 26 202 144 8 161 139
220 89 190 100 160 78 87 20 161 204 182 1 95 31 3 83 164 244 125 106 72 225 177 8 227 233 100 17 98 243 70 115
6 190 148 151 137 224 182 174 190 159 66 17 236 230 72 75 129 119 163 19 50 88 139 115 45 22 95 67 128 116 133 10
130 141 128 147 147 160 182 167 30 23 75 145 204 42 42 64 129 67 163 17 118 88 8 247 45 22 94 67 144 68 141 70
10 156 91 219 246 163 191 247 30 75 94 242 253 127 160 96 127 123 23 144 179 156 41 255 110 47 190 192 183 202 165 217
130 133 128 149 147 160 180 39 30 7 74 17 164 42 34 64 129 3 131 17 118 72 0 215 45 54 94 67 128 68 141 14
34 221 114 222 253 213 190 230 223 76 252 3 40 252 55 228 236 251 147 67 230 171 58 255 55 62 158 139 87 93 253 223
162 160 224 154 79 241 184 72 155 119 81 187 136 140 126 9 203 27 179 145 22 118 238 209 31 16 218 239 213 12 215 214
248 176 186 248 41 237 81 83 163 95 181 25 30 159 74 27 173 147 253 16 26 111 178 209 219 217 80 123 226 132 198 115
34 201 0 136 84 129 140 229 4 0 80 2 32 8 52 64 72 42 19 193 82 42 0 189 32 8 142 192 21 24 240 136
1 134 10 187 28 131 170 252 22 1 88 86 113 200 184 64 89 10 2 173 163 58 79 191 44 134 187 236 61 10 176 136
33 4 115 85 118 143 235 112 125 96 126 66 216 49 180 36 126 108 18 40 161 176 53 206 37 62 2 0 103 170 65 165
97 32 112 65 108 25 232 64 105 32 240 74 139 9 148 178 234 197 87 1 140 114 196 192 22 216 130 48 79 140 74 132
38 162 0 137 205 3 160 200 22 180 208 139 192 200 114 128 121 200 227 145 6 114 207 144 28 0 143 63 213 12 24 134
2 15 6 158 28 131 174 96 148 4 218 231 96 234 48 193 120 99 171 231 68 169 15 253 32 38 202 129 29 46 56 132
134 141 130 159 147 176 182 167 30 23 75 145 236 106 46 192 145 67 163 23 54 72 8 247 45 54 159 67 144 119 141 6
53 101 74 110 92 27 198 248 84 224 251 70 83 200 181 112 120 236 94 111 205 179 13 30 178 237 167 180 125 187 122 132
189 203 105 110 212 145 207 244 64 192 252 206 115 105 182 32 92 226 21 238 201 42 44 191 122 201 165 184 127 191 240 104
130 176 154 153 108 165 184 200 158 25 81 50 172 222 104 73 199 27 19 17 18 84 10 209 5 16 90 238 144 9 33 131
53 96 107 202 76 3 203 216 199 208 177 206 83 200 253 43 88 200 86 255 139 99 174 144 16 136 161 188 125 187 112 180
166 112 176 152 79 229 184 200 139 125 80 27 140 156 118 11 205 25 147 209 22 103 218 240 31 16 219 239 149 29 55 215
60 69 106 238 84 19 79 248 85 128 255 2 91 233 185 96 120 236 23 234 200 179 44 142 242 237 167 132 103 187 112 160
130 220 22 153 109 133 188 230 158 27 80 50 172 158 32 65 239 59 179 129 98 60 2 247 37 18 218 234 20 24 161 155
139 248 48 217 237 221 184 214 31 89 84 18 172 158 246 237 207 59 151 81 131 252 115 241 79 217 30 227 146 28 141 255
160 97 0 136 79 1 128 72 132 164 184 11 4 128 97 10 72 136 74 226 64 35 194 152 20 0 139 61 17 123 60 128
183 14 71 158 12 179 206 112 196 202 211 231 99 232 179 205 76 224 63 239 173 167 78 174 144 34 234 136 61 255 120 213
242 69 98 228 84 42 198 101 97 38 187 11 2 40 20 18 232 132 71 99 232 167 69 206 50 44 128 19 101 251 210 10
216 94 206 188 10 226 27 82 176 142 214 163 33 231 163 91 108 241 173 194 44 143 2 234 210 227 234 137 53 241 44 11
1 135 13 137 148 167 43 187 68 9 91 70 213 98 184 96 89 2 10 44 147 152 69 159 172 164 170 192 156 138 177 33
205 4 237 69 134 114 109 55 116 103 86 150 217 37 146 107 118 198 53 188 185 216 37 2 70 47 254 128 167 244 240 120
157 12 236 69 150 114 237 55 116 71 86 18 89 33 146 105 114 134 54 172 181 188 37 142 102 111 242 128 167 252 252 96
1 134 23 219 52 173 96 51 236 25 91 84 150 51 56 100 193 10 14 28 147 184 17 215 141 190 50 68 152 8 209 33
4 181 27 233 149 239 163 210 78 41 120 2 148 157 112 32 217 27 18 17 19 184 56 223 109 156 11 100 209 75 21 162
34 221 58 158 252 213 190 230 223 76 124 3 44 252 55 96 205 123 147 195 230 171 58 255 55 62 158 139 85 89 253 223
130 186 134 153 235 181 184 199 158 27 80 247 172 234 102 201 239 43 179 149 54 92 146 243 12 22 222 235 156 76 169 159
194 170 150 153 203 161 184 199 190 23 66 177 172 166 98 73 231 59 171 145 54 92 130 241 13 50 94 203 144 68 173 203
185 94 5 190 44 149 78 254 148 74 208 231 183 136 179 193 204 227 159 71 239 47 82 191 178 243 168 152 28 157 24 217
249 131 71 239 164 130 79 53 69 8 211 198 241 67 184 97 92 130 62 236 249 138 101 221 224 234 234 192 61 138 240 41
208 74 127 252 46 192 79 246 212 14 214 226 49 167 161 97 78 242 46 194 232 143 38 233 240 227 234 137 53 177 36 41
1 149 61 235 149 175 227 251 78 97 121 6 150 89 56 32 216 10 18 61 179 184 121 157 237 157 139 116 216 10 209 162
180 73 110 222 28 199 195 112 196 4 245 2 115 209 53 100 72 240 18 202 232 163 50 189 115 171 130 8 81 187 116 162
1 141 59 233 180 167 235 55 84 9 90 70 245 51 48 64 217 42 23 61 146 184 113 31 237 173 162 64 144 138 241 171
109 81 125 101 52 15 111 56 108 168 127 72 211 19 153 48 22 68 108 106 201 176 97 12 231 249 33 148 64 179 66 33
237 65 121 101 52 14 111 48 100 224 103 72 211 3 145 49 92 228 76 106 201 176 113 12 231 249 33 0 97 187 66 32
86 81 90 238 10 66 30 232 173 132 241 171 78 223 45 80 254 241 239 226 72 131 138 204 243 225 15 159 49 51 39 83
39 101 71 79 92 27 230 120 93 224 251 70 72 72 157 164 120 204 86 239 197 179 109 204 54 44 131 132 79 191 122 132
173 34 242 80 109 189 112 81 235 31 117 28 138 137 222 191 140 41 198 28 150 103 162 192 7 217 80 107 194 132 75 197
2 149 19 159 124 165 186 235 30 9 88 82 228 254 40 192 255 27 19 33 51 154 27 223 45 22 11 238 24 74 161 153
70 38 148 151 235 112 176 10 186 191 67 177 140 174 75 203 167 95 171 17 54 84 139 194 12 54 91 175 128 101 13 135
41 184 115 89 109 141 241 215 251 89 116 88 190 153 196 61 141 58 86 24 147 126 162 241 79 216 114 234 210 140 194 173
35 140 65 217 116 139 234 206 95 105 122 90 170 8 180 228 217 42 23 25 179 190 69 255 44 30 147 192 223 140 80 172
130 142 22 159 29 131 182 226 156 22 194 3 236 234 34 193 201 115 171 67 38 201 74 255 161 50 218 3 16 12 61 138
49 134 64 239 20 131 74 252 86 1 216 66 115 226 184 96 121 170 14 172 171 163 79 191 184 174 163 140 61 138 248 136
232 48 250 248 105 237 81 83 171 93 181 25 30 159 78 27 141 145 255 16 26 111 178 208 91 217 80 123 194 132 70 115
17 207 0 174 146 128 134 167 68 0 72 195 97 32 176 192 105 99 0 199 100 8 12 63 40 38 174 0 53 114 185 8
38 160 68 137 204 11 168 200 30 176 208 74 208 200 112 0 89 136 119 145 10 242 75 221 28 2 175 188 221 8 80 160
32 176 113 89 108 173 241 95 95 185 240 88 182 153 68 61 157 154 70 24 147 126 250 211 95 156 81 126 209 136 194 175
35 140 113 201 124 175 235 127 95 73 120 66 240 200 180 100 217 10 23 25 179 190 67 223 37 30 18 202 213 136 208 173
99 32 112 65 108 25 248 80 105 104 240 10 138 9 150 50 206 205 87 13 140 114 228 192 22 88 130 178 71 140 66 197
88 48 120 224 34 93 81 16 41 40 52 40 159 31 192 16 166 149 221 0 128 96 176 192 211 249 32 179 98 128 7 19
105 48 121 64 101 29 113 16 105 72 180 8 26 31 132 54 140 212 86 8 137 96 240 192 71 217 32 146 66 136 66 37
39 134 1 155 220 147 138 232 86 1 88 82 96 200 184 196 89 10 2 181 54 50 79 183 60 6 159 236 29 14 184 140
134 142 132 155 147 224 182 167 30 23 75 17 196 226 106 72 145 67 163 17 54 216 26 119 45 54 95 67 144 69 141 66
198 6 148 149 171 42 180 11 190 183 3 177 204 34 13 207 163 23 234 1 52 197 3 194 4 50 90 7 128 101 141 6
252 120 190 112 105 76 85 208 169 190 164 25 31 159 67 27 160 213 253 82 40 103 178 128 219 217 85 63 194 49 70 115
105 48 113 64 101 29 113 16 105 8 180 72 27 27 132 182 132 212 78 8 137 96 224 192 71 249 32 146 66 136 66 37
6 190 148 151 153 132 54 174 190 159 66 117 228 242 72 75 129 119 235 19 50 88 155 115 45 54 95 67 136 112 133 19
53 65 65 69 20 31 231 56 116 224 251 78 211 16 149 240 120 204 126 238 201 178 125 12 164 237 161 4 109 187 114 180
38 162 0 137 205 3 176 200 22 180 208 139 192 200 114 64 121 136 227 145 6 114 79 145 28 0 143 63 213 12 24 134
186 181 52 250 157 237 144 75 143 21 161 25 142 223 110 27 201 19 203 16 58 107 90 213 155 209 90 127 210 76 199 66
97 32 112 65 108 25 232 64 105 32 240 74 138 9 148 178 202 197 87 1 140 114 196 192 22 24 130 49 79 140 74 133
49 13 79 238 20 130 79 112 196 0 218 70 115 227 176 96 120 230 30 234 201 155 13 63 240 175 163 128 61 170 112 40
34 32 68 137 77 11 176 72 22 180 240 139 128 200 114 0 121 140 227 145 6 114 75 209 28 0 143 63 21 12 124 134
3 11 6 142 28 130 174 96 132 128 218 231 96 234 176 196 124 102 42 231 69 129 15 253 48 38 139 128 29 62 56 4
6 172 132 155 147 176 182 174 30 23 75 17 236 234 106 200 145 91 163 19 54 88 138 247 45 54 95 71 144 119 141 78
189 207 104 94 212 145 207 244 84 194 92 246 113 105 178 97 93 226 21 238 233 110 44 63 122 43 165 128 127 186 240 232
6 120 56 152 108 133 184 200 142 24 80 34 132 222 101 11 207 25 23 81 130 99 138 209 29 16 91 238 148 25 33 147
60 69 107 236 86 82 206 248 85 224 255 226 83 239 189 224 126 252 22 234 201 179 45 142 114 237 167 132 111 187 112 176
27 159 110 239 182 163 255 247 150 9 94 230 125 239 176 96 127 123 31 156 146 153 45 255 110 239 174 192 189 218 161 185
60 69 106 238 84 18 79 248 85 128 255 2 83 233 185 96 120 236 23 234 200 179 45 174 242 237 167 132 103 187 112 160
130 220 22 153 109 173 188 230 30 27 80 50 172 190 32 73 231 59 179 1 34 92 2 243 5 50 90 138 16 92 33 155
3 249 56 219 229 157 188 214 223 89 84 18 172 159 102 109 207 123 183 81 198 248 114 241 15 88 94 235 22 92 137 159
181 20 239 140 132 118 229 83 84 194 215 86 81 224 191 111 120 164 58 173 185 183 53 194 80 42 226 4 173 248 240 116
240 69 80 140 79 99 134 101 0 166 185 11 2 40 37 3 104 132 202 227 104 35 65 138 49 4 138 57 85 123 118 138
176 13 96 77 23 42 198 39 81 38 251 27 67 41 20 80 248 134 5 163 120 190 65 206 50 174 144 17 101 219 254 2
1 135 5 171 180 167 75 187 68 9 219 70 213 98 184 96 80 2 14 60 155 152 77 157 172 164 162 196 188 138 240 32
201 140 237 211 182 176 233 146 126 211 86 146 253 38 218 107 39 70 58 156 183 220 47 227 78 43 254 192 166 192 89 96
130 186 134 153 235 176 184 199 190 23 64 181 172 234 98 201 231 43 171 149 54 92 131 243 12 50 222 203 152 68 169 222
185 94 15 190 44 149 90 114 149 74 208 71 55 248 51 193 204 226 63 79 237 15 82 191 210 235 234 152 60 189 56 89
244 30 238 254 36 160 75 82 148 142 247 230 49 231 177 75 108 244 45 202 168 135 38 232 210 235 234 136 165 243 36 49
25 149 53 235 181 174 67 55 68 8 234 70 255 51 32 196 80 34 30 40 25 168 81 157 233 252 34 64 58 142 241 42
109 81 125 101 52 14 111 56 104 168 119 72 215 17 153 51 22 84 108 106 201 240 225 12 231 249 97 148 64 179 66 33
165 73 121 101 84 78 111 48 117 224 231 72 211 17 17 49 88 236 86 110 233 180 117 14 103 169 33 0 105 187 82 32
214 67 90 174 10 66 31 232 180 132 209 163 77 207 43 80 126 245 239 227 104 131 138 76 240 225 239 157 53 51 39 67
239 34 118 88 109 120 248 64 233 92 181 13 138 142 215 63 202 160 198 94 134 103 162 192 86 217 64 59 66 141 79 214
23 73 103 207 23 210 235 96 228 192 199 130 89 222 53 100 122 229 27 239 73 145 53 204 177 232 139 0 37 179 49 100
17 73 107 222 23 194 227 96 196 0 206 2 113 223 53 100 104 232 18 234 73 163 54 253 113 168 138 9 53 59 116 234
1 134 24 157 124 167 186 107 30 11 89 82 244 250 40 96 247 27 50 33 54 156 11 95 12 38 59 236 152 8 41 129
6 183 132 145 147 178 184 15 62 183 75 245 140 170 78 207 167 31 171 149 54 216 141 214 12 22 159 199 142 68 137 151
2 184 147 91 228 173 161 87 127 25 112 80 180 219 76 60 157 59 70 24 147 252 146 115 13 156 18 106 192 0 195 169
163 136 64 217 116 155 232 71 95 41 114 82 160 136 180 236 217 42 22 21 167 184 69 255 4 30 154 192 93 140 88 140
2 14 22 158 13 130 180 96 156 22 194 3 236 234 32 195 200 103 234 35 100 201 75 253 160 50 203 19 16 44 57 6
49 134 64 187 28 131 74 216 86 1 208 194 115 193 184 192 89 138 6 172 170 178 79 191 188 142 167 108 61 138 248 128
238 48 247 112 109 253 113 83 171 93 181 24 26 159 68 63 143 145 247 24 147 103 178 208 87 217 80 251 195 140 70 243
117 79 70 14 142 18 78 252 196 128 152 230 99 96 187 166 122 226 12 239 204 131 12 45 176 40 165 152 61 187 248 12
33 34 68 137 76 11 232 72 30 176 242 74 209 200 208 0 121 204 115 153 0 242 203 208 28 8 175 60 85 8 112 128
32 32 240 197 108 9 232 64 111 160 242 74 154 8 84 2 234 205 87 1 128 242 197 208 20 24 163 184 69 136 83 128
90 32 80 224 35 72 56 80 45 132 182 168 143 31 64 82 166 213 253 128 8 65 129 192 215 241 10 147 38 128 7 3
97 32 121 68 108 29 249 16 105 168 176 72 154 27 212 50 206 196 78 8 137 98 224 192 23 152 33 50 74 136 66 165
1 148 17 201 116 175 162 47 94 105 122 80 244 48 148 96 221 42 18 57 179 184 81 95 44 14 50 192 216 10 209 169
38 162 8 153 220 131 138 200 22 49 208 211 224 200 122 64 89 138 35 149 54 114 79 215 28 6 143 109 29 8 248 132
6 172 132 155 147 224 182 174 30 23 75 17 196 230 106 72 145 123 163 19 54 88 154 119 45 22 95 71 144 85 133 82
135 158 148 23 162 42 38 167 62 187 66 244 244 98 136 75 151 71 32 22 51 216 11 99 44 54 95 64 136 112 129 25
105 32 113 64 100 29 248 16 105 72 180 72 138 24 148 182 206 196 86 8 141 98 224 192 7 216 0 18 79 140 66 165
70 190 149 159 136 132 182 168 190 155 66 117 228 242 72 75 149 127 106 3 35 88 155 115 44 54 95 46 152 112 129 27
53 73 89 101 52 95 231 56 100 224 251 74 211 24 145 240 120 236 126 110 201 178 125 12 180 237 33 4 109 187 112 32
34 32 76 136 77 11 176 72 22 180 240 139 128 200 114 0 249 136 227 145 6 114 75 145 28 0 143 63 21 12 124 134
238 176 180 248 205 237 80 203 155 53 165 25 142 221 108 27 137 147 255 16 58 107 90 209 219 219 81 127 210 77 198 66
96 32 112 193 109 25 232 64 105 32 240 11 138 8 22 130 234 197 198 5 132 114 196 192 22 24 130 49 69 140 90 134
57 141 71 238 20 131 79 240 196 0 250 70 115 227 176 96 120 226 30 238 201 187 45 63 240 236 163 128 61 170 112 32
83 75 3 142 28 131 174 96 132 64 218 199 96 226 180 196 124 228 110 239 205 131 15 253 176 36 171 152 29 62 48 20
50 32 4 137 79 11 176 72 158 180 240 11 68 200 96 0 249 137 235 145 10 99 203 209 29 0 143 63 17 8 52 130
99 34 112 65 108 25 248 80 105 168 240 72 138 8 212 180 202 133 87 8 132 114 228 192 22 88 1 50 79 140 90 133
38 162 72 153 204 131 168 200 22 180 208 139 192 200 122 64 89 136 35 149 6 114 79 209 28 2 143 109 149 8 112 130
97 34 113 69 108 13 232 16 105 168 240 72 154 9 212 50 206 196 70 8 137 114 192 192 22 152 33 48 77 136 66 161
90 32 82 224 35 8 120 64 45 128 178 139 143 31 64 210 166 213 253 128 0 65 129 192 147 241 11 131 34 128 47 3
32 32 208 205 108 9 232 72 111 160 240 74 155 136 84 130 74 205 70 9 8 115 197 208 20 24 131 48 69 8 90 128
56 32 70 137 76 11 168 72 22 180 240 10 193 192 114 128 121 140 98 153 10 115 79 145 28 1 143 61 53 8 120 128
66 14 150 157 13 131 164 42 158 154 194 71 228 226 36 199 208 103 106 7 100 195 11 253 128 50 203 2 24 124 57 6
102 112 119 64 109 89 240 80 233 84 176 205 138 140 85 191 202 145 215 82 132 99 182 192 23 88 64 59 71 189 86 215
55 79 106 12 92 19 238 104 68 224 250 207 67 200 183 224 120 236 126 239 205 179 77 252 54 45 171 148 93 191 120 148
25 149 21 235 181 255 67 59 69 9 235 64 239 115 40 229 208 146 156 104 123 169 89 157 169 249 2 82 58 142 192 32
189 149 21 235 149 175 99 187 77 97 91 70 214 81 56 229 240 2 26 124 179 184 121 157 169 218 138 84 26 10 208 32
253 28 142 188 12 164 90 82 148 202 213 71 115 247 51 75 204 224 63 206 173 135 82 168 211 235 234 136 56 235 120 81
84 99 90 174 26 66 31 120 36 164 223 163 85 199 171 80 126 221 237 226 72 147 201 14 240 165 171 157 37 179 39 227
2 186 134 153 237 181 184 199 158 91 80 23 172 170 114 201 205 43 179 149 22 94 194 241 12 18 222 235 152 76 185 159
130 170 134 153 235 161 56 207 190 23 64 181 172 174 98 73 199 59 187 149 54 92 66 243 12 50 222 235 144 68 173 223
137 141 244 115 181 178 120 159 119 215 95 144 217 107 210 111 39 110 53 156 182 220 175 247 78 255 247 197 166 197 193 100
11 132 228 119 181 186 124 183 117 215 87 147 233 109 150 109 51 238 53 157 182 248 173 167 111 255 212 197 167 196 212 100
17 149 31 235 180 167 99 187 68 73 75 70 215 115 56 97 80 2 30 124 187 152 89 157 233 172 162 68 152 138 241 32
169 76 39 252 13 213 67 114 212 74 208 2 178 216 49 233 200 226 62 75 233 175 114 191 129 251 210 24 16 57 116 44
173 81 101 71 84 15 71 56 85 224 231 76 83 17 157 53 88 204 82 110 233 178 125 12 37 168 129 20 123 187 82 160
189 207 108 126 212 147 207 252 84 130 124 230 113 105 179 33 93 226 23 238 232 110 46 191 122 107 229 160 119 250 240 168
176 4 66 172 213 42 198 103 17 38 250 27 66 40 6 17 248 134 132 35 60 191 65 142 177 166 80 19 97 89 254 2
217 132 239 193 132 114 237 215 116 83 214 18 17 34 210 107 105 198 58 157 185 220 53 226 93 43 254 68 167 208 244 108
38 48 106 208 109 221 248 65 201 81 177 143 136 156 126 43 206 153 215 17 134 103 214 192 23 88 218 255 199 13 94 215
198 6 156 149 171 40 184 11 190 191 135 49 204 43 77 79 167 21 233 145 48 69 131 192 197 50 90 23 128 101 13 7
131 175 5 147 210 130 172 175 62 115 74 247 228 36 156 231 5 71 50 189 247 220 109 255 44 50 222 198 12 84 145 252
0 189 27 233 210 239 35 63 52 1 106 64 181 119 0 64 50 59 19 56 19 152 49 63 237 164 42 64 176 66 165 251
176 5 18 140 221 99 214 103 17 166 185 27 2 40 33 17 248 212 198 35 120 167 65 138 177 166 138 19 65 120 246 130
216 120 190 244 9 76 84 84 171 158 164 25 62 159 67 27 160 245 253 66 106 71 146 224 211 209 84 59 98 52 39 91
6 190 132 155 153 229 54 175 158 159 67 53 196 246 104 73 145 123 163 19 50 88 154 119 45 22 95 79 144 85 133 82
0 148 25 225 240 239 163 23 62 41 106 64 181 23 0 0 17 58 19 24 19 184 81 31 109 132 50 64 144 66 133 185
2 156 150 153 101 165 184 198 30 27 80 50 172 254 32 72 231 59 179 129 34 220 2 243 5 54 90 170 144 88 33 139
61 77 106 236 20 18 79 248 85 128 254 2 83 233 177 96 120 236 23 234 200 179 45 174 242 237 167 132 103 187 112 160
53 71 107 238 86 18 238 248 85 160 255 226 83 233 189 96 126 236 22 234 201 179 44 142 114 237 167 132 111 187 112 176
236 60 188 80 237 253 81 218 219 63 52 24 30 157 101 59 137 154 211 16 50 110 250 210 95 217 81 127 210 73 70 178
71 188 151 31 168 133 166 168 190 218 66 228 244 242 201 75 149 111 106 7 35 200 139 123 44 38 127 170 136 112 1 25
5 158 157 23 160 174 47 190 58 219 67 244 244 226 202 235 23 111 32 14 243 216 159 115 44 38 127 128 136 113 129 25
57 93 83 76 85 15 103 124 69 192 124 78 123 209 181 244 120 236 22 110 201 178 117 190 52 60 1 0 127 191 114 188
57 199 64 14 154 18 70 237 86 68 137 131 99 96 186 196 121 194 8 239 126 11 13 63 184 102 133 93 55 254 184 76
3 249 58 219 228 157 189 231 223 29 88 35 172 250 102 105 207 123 55 81 198 248 122 241 47 24 94 171 20 88 161 207
0 221 59 191 244 197 191 246 30 76 88 3 181 253 33 64 220 123 19 67 66 186 26 61 101 167 174 8 20 91 53 251
27 143 106 205 182 179 239 247 4 73 222 230 121 239 176 64 126 235 31 252 211 153 45 255 254 237 174 192 191 202 177 153
61 207 102 126 196 147 206 252 213 146 244 198 115 105 185 165 92 230 52 238 232 226 14 189 114 235 229 144 127 251 248 8
70 92 158 157 13 116 180 2 140 150 74 1 228 58 39 74 193 117 43 3 4 212 211 224 5 54 218 3 144 113 45 14
53 71 106 238 86 2 239 248 85 128 255 226 83 233 189 96 122 236 22 238 201 179 45 142 114 173 167 128 109 187 112 176
61 77 106 236 84 146 79 248 213 128 254 2 83 233 181 96 120 236 23 234 232 179 60 174 242 239 167 0 103 187 112 160
2 152 154 157 236 165 184 199 158 27 88 18 180 254 96 72 239 59 51 145 18 216 18 243 13 54 218 138 144 72 161 155
2 255 59 219 228 141 191 239 142 77 88 3 188 254 124 64 223 123 51 1 194 56 58 241 45 28 62 170 20 90 165 207
178 5 146 132 213 99 150 103 17 38 248 27 6 40 32 25 248 214 198 32 120 175 65 142 177 38 218 19 193 120 246 130
29 140 236 211 133 112 237 151 118 87 86 18 57 45 218 107 105 198 186 152 186 252 173 227 95 239 254 69 167 217 244 104
186 4 214 228 213 98 84 103 17 163 242 19 67 56 36 27 248 215 165 160 56 250 65 138 179 239 212 3 229 104 244 2
178 12 66 134 213 42 198 103 17 7 251 27 66 40 4 25 248 134 134 33 60 187 65 238 177 166 80 19 225 104 246 2
21 148 31 235 148 167 99 186 68 9 219 70 215 115 168 97 113 2 30 56 187 185 25 159 169 143 35 68 184 139 49 33
142 204 246 115 180 178 94 156 127 151 127 16 203 107 252 121 147 79 53 91 182 248 47 231 42 255 85 195 166 215 208 5
2 162 132 155 203 165 184 79 190 55 65 149 172 174 74 74 197 11 235 149 22 76 203 211 13 22 222 235 144 68 167 222
117 28 159 188 13 244 84 83 212 202 194 70 55 253 33 234 200 160 63 5 173 135 114 136 211 251 202 24 152 105 112 82
53 149 31 235 149 159 66 185 77 96 203 70 86 81 40 97 240 2 62 108 89 169 57 157 187 235 131 86 56 10 240 34
29 149 21 235 189 255 66 57 197 25 143 64 207 115 40 229 208 146 156 120 59 137 89 157 171 249 2 87 58 143 200 55
237 80 125 101 36 14 127 56 105 168 54 72 223 19 153 51 22 84 108 106 225 244 225 12 199 249 97 132 66 177 66 33
173 65 69 79 125 31 199 56 85 224 243 92 82 80 157 183 88 196 82 110 233 246 125 12 39 186 65 20 123 187 82 164
84 103 74 175 18 2 79 120 36 164 207 167 83 71 137 80 126 221 109 230 72 147 201 14 240 229 171 133 37 179 36 112
53 77 110 12 92 19 238 104 84 224 218 143 115 200 183 224 120 236 122 231 205 179 69 172 50 45 143 24 125 63 120 140
98 112 123 200 108 13 224 64 233 16 48 73 144 152 85 59 238 145 87 65 129 39 146 192 21 24 66 42 76 57 83 149
54 66 96 192 108 13 250 64 137 168 177 107 2 152 117 10 236 145 95 247 136 39 66 192 22 24 138 186 85 43 82 134
210 221 55 22 147 196 30 167 184 223 11 53 108 118 14 83 133 119 129 67 112 73 152 111 41 50 92 147 0 86 167 91
67 10 135 156 8 130 164 98 254 2 194 71 228 226 32 199 224 101 42 133 33 201 135 237 148 50 218 18 24 120 57 12
52 163 72 169 158 131 226 200 86 164 216 130 67 193 250 68 89 136 34 220 14 178 79 159 188 132 135 101 181 138 124 128
135 159 149 23 176 174 63 183 58 91 75 244 220 118 138 79 135 87 168 22 51 220 25 103 44 54 126 194 136 81 129 25
32 32 64 137 76 9 232 72 111 164 240 10 139 136 84 0 106 141 74 9 8 243 199 208 20 24 131 57 69 136 90 128
90 34 82 160 3 8 120 64 45 128 178 137 143 139 64 210 166 213 239 128 8 67 129 192 147 241 11 131 35 4 43 2
97 34 112 193 108 9 234 80 121 160 240 72 155 8 212 48 250 140 86 13 128 114 196 194 20 156 35 32 77 136 83 128
36 160 12 185 222 131 160 200 22 180 208 139 224 193 112 0 89 232 106 145 2 114 79 151 28 6 143 125 213 8 48 130
6 188 149 155 153 231 54 172 158 191 1 53 196 246 104 73 149 123 171 16 50 72 155 119 45 22 95 239 152 117 133 83
9 189 145 203 213 205 175 247 14 65 72 78 188 246 124 224 255 59 146 25 211 58 90 247 45 28 158 104 220 74 217 184
184 4 214 172 197 50 212 103 17 131 242 26 75 57 32 155 200 213 166 32 60 251 1 142 19 243 212 23 227 108 252 130
197 141 10 186 204 40 230 224 232 2 57 82 197 226 56 82 97 99 74 106 52 33 142 111 60 36 70 76 208 123 163 128
126 232 228 115 199 208 252 150 117 51 87 18 105 57 92 235 105 214 189 210 186 248 201 225 111 107 212 193 231 149 252 2
85 132 31 233 148 167 67 184 68 33 203 70 83 115 56 96 113 128 14 60 187 165 89 159 233 142 35 84 184 139 112 33
112 25 191 224 133 230 53 71 192 193 206 18 20 182 32 106 200 244 57 17 25 139 176 128 249 247 222 67 128 72 180 122
29 85 28 224 22 135 67 152 70 105 158 70 87 81 33 96 112 128 30 124 155 161 25 158 251 205 39 84 190 139 112 3
109 144 101 233 12 15 65 57 71 121 181 94 211 81 24 97 89 128 126 44 251 36 121 149 205 154 225 116 62 136 208 48
163 204 109 87 196 210 239 191 85 250 94 18 112 61 150 103 73 70 51 206 241 252 47 255 111 58 213 198 71 248 212 236
254 253 150 54 203 68 22 236 176 206 133 61 108 247 43 151 181 243 241 227 104 71 186 111 57 71 93 187 99 119 166 123
65 14 135 159 20 130 161 32 252 192 194 70 244 226 162 231 112 102 42 140 33 217 39 236 20 34 254 0 8 104 49 44
52 164 136 169 220 203 226 200 86 164 248 139 99 192 106 0 121 200 66 156 42 50 223 155 189 196 133 125 241 10 118 130
139 159 228 87 226 62 189 183 248 219 78 244 216 54 150 239 39 71 49 172 181 220 45 238 110 58 118 192 142 245 169 253
