104 48 56 96 33 77 81 16 105 136 52 8 159 23 0 48 132 21 93 8 136 96 176 0 195 217 32 144 66 128 66 35
253 74 78 38 14 2 78 216 193 176 147 238 83 193 249 27 92 228 108 238 232 99 142 40 242 201 229 188 111 187 112 0
97 32 112 64 100 29 248 16 105 104 180 8 138 8 150 48 202 132 70 8 140 98 228 192 22 216 0 50 71 140 82 5
130 143 6 158 23 195 178 230 22 5 88 163 32 234 34 64 89 123 131 129 34 184 10 255 32 38 154 11 20 8 60 138
104 48 56 96 32 76 81 16 105 136 52 8 159 23 0 48 132 20 93 8 136 96 176 0 195 249 32 16 64 128 66 35
125 101 97 110 140 19 79 248 195 242 188 78 83 225 249 183 89 196 92 238 201 99 174 56 186 201 229 188 127 251 242 32
88 48 184 112 169 237 80 83 171 59 180 56 158 159 64 26 135 147 253 16 26 79 146 144 219 209 112 251 194 64 135 19
53 203 64 14 132 129 78 244 64 192 144 198 115 96 185 32 92 226 20 238 201 34 12 61 56 8 165 144 125 187 240 136
162 205 6 152 92 129 142 230 148 0 80 2 32 136 48 65 72 42 19 195 98 175 2 191 48 0 154 136 21 24 48 136
2 140 2 158 23 195 146 230 22 5 74 34 96 250 32 64 89 122 131 129 34 168 10 255 33 38 154 11 20 14 52 138
210 201 86 156 6 128 236 103 173 2 210 2 44 138 52 65 106 227 63 193 104 143 2 237 176 170 218 136 53 16 161 8
104 48 56 96 32 76 81 16 105 8 52 8 159 23 0 48 132 21 221 8 136 96 176 0 195 249 32 16 64 128 66 35
24 157 123 234 31 231 83 114 148 0 255 34 125 255 32 96 122 187 159 160 27 139 56 191 251 239 35 73 49 10 36 114
130 204 22 153 55 193 184 230 30 31 80 19 172 218 34 64 235 59 131 129 98 156 2 247 173 22 30 67 16 12 173 139
184 69 98 236 21 66 86 120 85 4 255 3 75 57 48 81 120 140 151 226 104 179 17 142 243 237 130 5 119 186 116 194
24 141 74 234 20 163 75 119 150 1 222 2 115 225 176 64 120 170 31 168 26 185 40 191 250 239 162 192 54 138 240 40
6 20 144 149 161 126 180 3 62 191 75 17 204 62 79 204 149 95 179 17 54 220 211 194 13 54 95 71 128 100 141 23
86 89 18 142 13 196 18 96 141 12 203 3 238 210 33 196 208 177 239 99 76 131 26 253 145 244 139 27 16 47 53 6
188 97 122 100 86 198 107 112 112 132 119 2 83 211 177 48 122 252 6 234 200 179 48 14 115 173 33 4 97 179 102 160
71 73 7 158 13 198 162 96 204 64 203 2 228 192 39 206 200 36 106 99 69 129 27 221 145 54 203 26 16 43 49 70
214 98 95 236 42 66 61 72 164 22 151 179 77 199 168 91 102 213 239 226 96 71 170 192 208 163 107 143 37 49 39 227
2 156 18 155 21 197 146 230 30 9 88 2 164 250 32 64 217 122 147 1 34 168 90 255 37 54 154 11 16 14 53 154
220 32 159 226 138 106 81 24 182 55 131 185 215 215 72 91 55 149 109 178 56 69 171 18 217 163 97 93 160 163 38 99
57 141 47 94 157 215 71 229 212 68 236 10 115 245 50 112 88 234 90 106 121 171 58 63 123 239 133 89 115 58 244 106
38 160 0 153 204 131 168 200 22 177 208 2 192 200 120 64 89 136 51 145 2 114 75 209 28 2 143 252 85 8 48 128
181 205 64 94 212 129 207 228 80 194 140 154 115 96 176 33 89 226 0 238 235 110 60 63 56 14 197 16 125 251 240 8
57 205 111 206 20 82 207 236 84 64 238 130 115 225 50 96 120 230 26 238 105 187 61 191 123 239 135 0 119 186 240 104
220 20 156 180 41 44 88 24 184 186 147 56 223 31 73 91 135 85 253 35 40 69 219 130 209 243 123 158 0 113 1 19
130 143 6 158 29 131 182 226 148 6 90 163 96 234 32 193 89 107 139 195 38 171 10 255 32 38 138 3 21 12 60 138
104 48 56 96 32 76 81 16 97 136 52 8 159 23 0 48 132 20 93 8 136 96 176 0 195 249 32 16 64 128 70 51
88 176 144 240 169 237 16 215 171 25 180 57 142 159 64 26 135 147 221 16 26 111 130 240 219 209 52 251 210 64 135 19
53 207 65 14 148 129 207 244 64 192 24 230 113 96 184 32 92 226 4 239 201 42 44 61 56 8 165 128 125 187 240 136
162 204 6 156 76 129 142 230 148 0 80 2 32 136 48 65 72 106 19 195 98 175 2 191 48 34 154 136 21 24 48 136
34 142 2 158 87 193 178 230 22 5 88 163 32 234 34 64 89 123 131 129 34 170 10 255 32 38 154 11 21 14 60 138
210 72 86 156 78 128 174 230 133 2 208 2 44 170 49 67 110 227 63 193 64 143 2 237 48 34 218 136 21 16 33 8
104 48 56 96 32 76 81 16 105 8 52 8 159 23 0 48 132 20 93 8 136 96 176 0 195 249 32 16 64 128 70 51
66 176 16 152 137 233 48 67 175 21 160 25 140 158 98 24 129 19 203 16 18 75 146 209 157 144 26 123 144 4 135 66
125 104 97 78 12 19 207 248 65 224 181 206 115 73 189 182 88 196 84 238 201 35 44 40 50 201 165 188 127 187 114 52
2 160 16 152 201 233 176 71 143 21 160 25 140 158 102 10 201 19 203 17 18 11 2 209 157 16 26 123 144 12 167 202
130 177 20 153 236 141 188 239 159 25 112 50 172 158 124 1 207 27 87 17 114 120 74 213 44 24 30 238 148 8 129 137
56 157 127 238 23 198 87 114 132 0 254 34 127 255 32 96 122 243 159 226 25 171 56 63 251 237 162 73 51 170 36 50
218 184 150 240 139 237 16 71 171 19 160 56 174 159 100 91 163 179 237 16 58 79 146 209 155 211 90 123 194 64 167 26
184 69 114 236 85 66 86 120 85 4 254 3 75 61 50 81 120 188 135 226 104 179 17 142 243 239 130 5 119 190 116 194
215 87 103 133 50 14 111 56 61 224 91 198 93 38 157 101 54 197 62 239 229 144 181 206 180 46 234 132 45 183 33 117
2 156 18 159 85 197 178 230 30 13 88 3 172 248 34 64 217 123 147 1 34 184 90 255 37 54 154 11 16 10 61 138
6 20 144 145 145 110 180 15 62 175 75 17 204 190 78 204 149 31 179 17 54 216 211 194 13 54 31 71 128 68 141 135
237 87 109 101 52 10 111 56 116 232 247 228 211 33 153 113 126 204 124 110 233 176 109 14 230 255 33 132 109 179 80 49
173 97 117 71 118 91 226 88 125 232 115 98 89 16 157 165 122 76 6 106 161 176 109 204 36 24 35 4 111 187 82 165
126 89 18 174 61 192 18 96 141 12 201 43 239 218 33 68 216 177 175 67 72 3 74 189 177 245 10 27 16 47 44 7
180 77 123 78 84 198 103 112 240 140 247 2 115 211 177 113 120 248 6 234 232 182 48 46 115 169 160 0 97 187 102 160
163 189 83 89 213 223 166 103 92 64 120 66 168 152 180 165 200 42 146 89 247 184 52 253 47 88 2 66 95 12 249 172
86 65 3 140 29 198 130 64 205 192 203 3 198 210 37 196 216 161 46 99 77 131 18 218 177 52 138 27 24 47 48 6
86 98 219 228 106 98 57 72 38 134 255 163 77 167 233 90 119 221 239 130 0 211 173 64 208 229 43 135 165 243 39 225
180 79 122 78 86 194 103 112 240 132 119 34 115 211 161 49 120 248 6 234 104 183 32 46 115 169 33 0 97 187 102 162
160 204 122 74 84 207 231 244 84 4 116 10 51 209 164 49 120 184 2 106 106 190 48 63 119 137 32 32 115 154 102 170
130 14 6 159 28 131 174 96 148 6 210 231 96 234 176 193 120 99 171 231 100 253 15 255 36 34 203 129 29 44 56 132
104 48 56 96 32 76 81 16 105 136 52 40 159 23 0 48 134 20 93 8 137 96 176 0 195 249 32 144 64 128 70 51
90 184 208 242 171 233 24 199 171 29 176 185 143 159 64 26 167 147 221 16 18 79 138 240 155 213 62 251 130 196 135 75
177 207 64 30 212 131 207 244 86 192 72 198 113 96 178 37 92 226 18 239 251 42 44 63 40 44 133 64 125 186 240 172
0 204 6 156 12 133 142 230 150 10 80 2 32 136 49 65 72 106 51 195 98 46 2 191 33 38 218 8 21 25 48 136
2 143 6 158 23 131 178 230 150 4 88 163 32 234 50 65 89 107 131 129 34 187 10 255 32 38 154 11 21 12 60 138
2 72 2 156 76 128 174 230 148 2 216 130 40 174 49 64 108 227 59 195 64 143 2 233 48 38 218 136 21 121 49 136
104 48 56 96 33 77 81 16 105 168 52 8 159 23 0 48 132 149 93 8 136 96 240 0 195 217 33 49 66 128 70 35
66 176 16 184 137 237 48 67 175 29 160 25 140 158 96 24 129 19 203 16 18 15 146 213 153 208 26 123 144 4 135 83
61 203 105 110 4 19 79 248 65 192 244 206 115 73 189 164 92 228 20 238 201 35 44 61 114 233 165 188 127 187 112 56
2 161 16 152 201 225 176 71 143 21 160 25 140 158 102 8 201 19 203 17 18 15 2 209 157 16 26 123 144 12 167 202
2 160 112 155 236 137 188 239 143 25 56 18 172 142 124 64 207 27 127 17 210 42 74 213 12 30 158 238 148 8 129 137
56 157 127 236 151 195 95 114 5 4 254 162 91 255 32 96 122 247 159 226 88 139 49 189 251 229 163 209 55 171 36 122
218 184 146 184 139 233 16 71 187 19 160 56 174 159 64 91 163 147 233 16 50 79 146 243 155 211 90 123 210 64 167 26
215 84 109 197 18 86 239 48 124 226 87 214 89 38 155 101 54 197 61 239 225 148 53 78 245 43 234 132 45 179 33 117
2 156 16 159 53 205 178 230 30 13 72 3 172 250 34 64 217 123 131 1 34 184 83 255 45 54 26 11 16 12 141 139
6 181 144 145 177 254 180 15 62 175 75 17 140 190 78 204 145 31 163 17 54 216 209 194 45 54 31 71 128 68 141 135
165 67 117 69 118 91 226 112 124 224 115 226 217 28 157 165 126 92 70 106 225 244 109 204 36 90 35 4 103 187 67 165
248 91 18 190 61 201 82 112 149 12 241 43 47 219 35 208 222 185 135 67 78 15 74 191 243 241 34 59 50 63 44 11
164 76 127 94 116 198 103 112 244 140 245 32 115 209 177 49 88 248 6 106 232 166 96 45 103 171 32 8 113 187 102 160
1 149 12 43 149 159 176 111 78 65 120 71 178 216 62 160 216 11 18 21 183 168 84 157 44 29 10 83 221 14 217 158
252 76 3 174 29 196 66 96 149 72 193 11 111 218 33 212 216 169 140 99 108 7 72 190 177 244 138 27 48 47 56 70
164 94 126 94 80 134 247 112 244 134 245 2 113 195 167 17 120 248 2 234 104 183 48 46 115 171 32 0 99 187 102 162
161 137 119 91 213 223 166 229 93 64 112 66 42 28 180 165 200 58 130 120 243 186 116 253 45 88 4 66 83 12 240 172
177 205 101 30 215 133 207 231 86 66 72 22 113 96 52 37 89 226 2 239 123 110 60 63 41 14 149 64 125 152 240 236
34 200 2 156 108 133 140 230 150 26 88 2 160 170 49 64 200 106 51 193 66 11 2 253 33 54 218 136 16 88 48 136
130 143 6 158 28 131 174 230 148 6 218 231 96 234 178 193 121 107 138 231 38 185 14 255 40 38 202 131 29 12 56 140
130 72 130 158 76 164 170 198 148 138 208 2 40 234 49 66 108 235 51 195 34 139 130 233 16 32 154 136 21 89 49 136
104 48 56 96 33 77 81 16 105 168 52 8 159 23 64 50 132 213 93 8 136 96 240 0 195 217 33 48 66 128 66 35
194 182 16 184 169 237 16 67 171 31 144 57 142 158 100 24 135 19 207 16 50 79 146 211 153 208 26 251 144 68 135 83
61 203 96 110 20 19 78 252 65 128 244 206 115 73 189 160 92 228 20 238 201 163 12 61 114 233 165 184 127 187 112 40
162 173 48 186 201 225 148 199 143 23 185 27 140 190 102 10 201 147 203 17 50 15 26 243 187 84 30 123 144 76 167 202
2 165 112 155 252 137 248 111 79 49 185 26 172 202 124 0 255 155 31 17 146 42 74 215 156 28 154 254 212 10 129 137
122 141 71 236 159 194 95 102 133 4 222 163 111 175 32 65 238 247 143 224 120 155 1 253 243 241 138 147 55 172 52 122
210 184 144 184 139 225 16 71 171 23 160 57 174 158 64 90 163 147 235 144 18 79 210 211 155 211 90 123 144 64 167 26
219 68 109 197 6 118 239 50 116 226 87 146 89 63 147 99 54 196 61 174 225 212 181 206 119 43 234 132 39 241 117 112
2 156 16 159 53 205 178 230 30 13 72 19 172 250 34 64 217 123 131 1 34 184 83 255 45 54 26 75 16 12 141 139
2 181 144 145 177 254 180 143 62 175 75 17 140 186 78 204 145 31 163 17 54 216 217 198 45 54 31 71 128 68 141 134
77 87 255 101 52 14 111 48 100 232 127 228 211 99 153 112 86 196 124 110 137 176 237 12 230 255 33 132 108 179 66 113
5 10 119 69 36 91 238 48 124 226 115 226 219 12 149 173 126 252 38 107 197 180 109 204 4 250 99 4 109 187 65 164
188 94 90 254 122 137 82 112 21 4 117 47 127 215 35 209 78 249 135 98 108 166 74 61 242 233 32 9 114 187 44 155
164 94 126 95 100 198 227 112 212 142 245 34 115 81 163 113 88 240 6 106 104 167 98 44 71 171 224 0 113 187 102 163
1 181 44 171 149 191 179 75 78 125 89 23 150 56 58 0 153 11 19 21 150 184 92 149 236 21 10 119 221 78 153 198
86 35 200 163 48 38 107 24 52 173 223 199 193 35 155 80 126 205 63 188 136 146 221 192 196 229 171 132 173 247 32 240
188 92 90 190 125 211 82 112 149 8 241 99 127 219 35 209 216 168 151 98 108 134 74 191 242 227 160 137 48 191 120 195
164 76 126 94 64 134 247 112 244 142 245 0 112 195 167 21 72 112 2 202 104 167 98 110 67 170 98 9 113 187 100 162
39 166 168 43 181 191 242 218 94 47 89 71 130 136 94 8 153 10 3 29 150 184 93 147 76 29 25 247 221 79 217 198
60 160 232 234 28 165 75 216 199 17 173 10 83 201 121 40 89 200 10 122 154 39 62 177 219 207 129 124 247 235 112 32
131 142 6 159 28 130 174 224 148 2 210 231 96 234 176 193 121 103 42 231 228 221 15 255 48 34 235 128 29 124 56 4
104 48 57 96 33 77 81 16 105 168 52 8 159 23 0 48 132 149 93 8 136 96 240 0 195 249 33 48 66 128 66 35
185 207 96 94 214 147 206 244 84 128 92 230 113 97 188 197 94 226 22 238 232 42 12 63 106 43 165 128 119 190 248 168
166 189 184 186 217 225 148 231 155 31 184 27 172 254 110 10 201 147 207 17 50 111 26 243 63 87 95 123 144 76 167 219
98 137 119 204 95 211 92 103 133 4 254 163 40 191 36 84 110 179 159 192 88 171 32 253 51 48 130 195 55 142 244 126
58 77 102 236 22 130 238 116 45 128 250 2 107 11 53 81 122 237 31 227 232 187 1 237 178 249 138 128 103 186 112 8
90 184 144 248 139 225 16 71 171 23 160 57 174 159 64 26 129 147 237 144 26 79 210 241 155 211 90 123 146 68 167 90
184 76 126 237 85 82 246 114 85 14 246 19 11 61 50 65 248 180 167 160 104 191 33 142 243 235 194 1 103 168 116 194
2 140 24 159 181 205 178 230 30 13 72 19 172 254 34 64 217 59 131 1 54 184 82 255 45 54 30 67 16 8 141 138
109 83 119 101 52 14 107 48 109 232 127 108 219 97 145 240 86 228 124 110 137 176 229 12 230 253 33 132 110 187 66 113
13 74 103 69 36 154 239 48 124 170 122 230 219 0 149 164 126 108 38 110 201 180 101 14 4 254 227 128 111 185 65 181
188 28 94 254 102 163 90 112 149 130 117 163 127 95 35 209 94 177 135 98 44 166 82 157 82 235 96 9 63 251 104 147
172 24 94 124 106 162 114 80 132 134 247 39 83 243 35 89 94 176 135 106 40 167 82 12 66 171 96 1 115 251 108 131
60 30 18 190 127 171 82 112 149 130 217 238 111 194 161 85 222 185 134 99 172 134 68 159 176 245 32 138 60 111 58 149
14 166 161 171 149 175 179 218 15 53 89 7 142 201 122 4 153 10 11 29 146 184 89 213 205 20 25 102 214 79 21 226
44 14 94 126 104 162 214 112 148 138 255 99 112 243 163 89 88 96 135 106 40 163 74 46 66 175 224 137 113 251 108 131
166 112 233 176 77 73 180 200 18 240 1 155 129 157 81 15 72 88 211 211 75 118 222 144 21 80 221 47 229 61 22 242
189 207 68 94 220 147 206 252 84 130 248 246 99 105 189 133 93 226 4 238 236 239 15 191 58 106 229 144 127 255 248 140
32 190 153 186 248 229 180 239 154 27 184 127 181 254 104 8 221 187 7 17 22 11 26 55 221 199 63 255 144 72 135 147
2 169 51 152 213 141 184 99 143 33 104 2 12 158 116 0 237 59 19 145 146 59 16 213 61 28 11 106 144 8 161 130
59 153 114 202 55 149 90 93 71 73 253 34 42 220 182 228 252 186 150 216 159 58 54 245 51 93 128 235 63 142 120 239
178 73 102 236 52 130 232 96 173 0 242 2 107 11 53 65 110 165 31 225 232 187 1 237 178 251 202 128 39 168 96 8
170 177 16 217 125 197 177 103 159 29 84 19 172 151 36 5 200 59 147 144 114 62 82 221 13 16 154 107 82 12 53 174
90 176 148 248 137 237 16 79 171 55 160 25 174 159 72 26 137 147 233 16 26 79 210 209 155 209 90 127 210 68 135 26
9 31 103 69 52 155 233 51 125 236 126 230 219 32 149 164 126 172 126 44 169 176 101 206 38 254 35 128 111 236 65 245
178 0 94 188 66 39 92 67 149 130 224 139 79 198 33 89 254 185 23 37 44 151 80 140 145 243 74 11 48 105 32 134
188 16 223 229 226 34 124 83 37 130 247 147 91 191 32 90 254 149 39 32 28 183 17 136 83 235 226 4 227 232 224 146
60 23 86 172 98 34 84 113 149 194 241 231 79 230 33 217 222 185 134 39 45 131 80 142 176 243 192 2 188 238 120 149
155 2 72 161 52 10 105 59 60 236 86 231 153 3 146 81 126 140 61 172 249 152 197 142 206 235 171 196 46 164 88 81
44 23 222 124 226 34 84 113 148 138 247 231 91 235 33 217 94 180 167 34 60 163 64 8 66 235 96 129 251 235 104 147
247 117 56 198 207 5 158 124 137 170 153 107 76 61 69 35 140 213 223 227 232 99 200 234 49 16 109 190 73 123 19 155
42 41 34 250 85 133 200 70 199 1 228 8 171 137 116 16 200 170 19 153 10 43 82 245 139 221 144 105 211 136 114 138
175 180 99 10 213 245 250 207 91 77 125 158 8 220 254 188 253 138 146 157 151 62 62 243 31 92 144 239 223 143 254 245
120 176 152 224 137 109 80 75 163 53 165 24 31 159 72 26 129 147 249 16 26 103 210 144 219 217 16 127 242 64 142 2
1 31 126 69 52 158 233 55 125 200 126 244 155 37 150 100 38 38 126 12 177 184 37 206 70 254 50 128 79 128 73 125
150 12 138 154 130 34 60 71 28 3 211 147 148 34 48 73 234 151 19 135 56 151 16 226 209 50 218 1 132 89 169 130
61 18 229 103 165 127 111 184 83 254 53 118 75 105 159 175 61 196 117 234 185 240 125 156 71 223 225 164 255 247 214 85
203 30 49 181 52 158 120 55 125 107 94 116 188 62 146 244 167 47 157 13 245 156 101 207 134 127 58 130 14 132 25 93
61 87 214 44 195 38 124 113 133 194 251 215 91 239 43 218 254 164 166 36 157 179 16 136 114 235 96 4 235 236 232 209
102 100 117 230 124 3 158 236 25 162 184 40 78 120 29 19 159 213 85 99 232 227 88 238 178 62 77 178 68 243 18 1
