25 19 87 97 66 216 97 87 228 85 102 102 187 131 192 254 96 166 106 24 147 184 183 65 214 225 50 64 43 136 197 40
139 64 102 149 71 4 168 68 16 82 82 215 153 13 52 207 110 13 51 141 225 220 215 224 5 41 218 128 47 140 121 248
208 170 250 125 178 178 153 39 114 15 102 177 179 238 150 120 183 127 37 149 190 220 165 35 203 239 126 193 225 64 167 91
185 50 239 101 62 134 89 56 83 253 86 205 83 141 150 115 22 124 117 108 169 217 175 29 74 235 113 212 111 160 82 113
73 66 73 129 76 152 97 85 236 65 182 78 147 2 130 246 104 128 74 28 67 43 244 64 84 33 178 104 42 0 203 232
251 18 229 101 40 3 89 56 87 252 246 236 83 13 148 59 22 212 117 44 137 220 231 13 202 235 113 208 111 132 82 113
25 58 3 169 74 249 33 80 36 85 207 231 145 133 226 108 108 8 170 156 15 154 231 16 212 225 162 64 51 142 52 240
232 161 80 106 77 141 224 73 33 29 241 25 131 19 12 145 104 136 70 152 26 50 194 85 85 233 162 104 97 8 226 130
123 50 233 100 46 114 88 26 83 232 86 250 83 253 212 184 22 92 53 141 137 246 175 8 90 239 113 188 111 172 88 113
25 17 27 41 66 95 49 80 100 73 207 230 19 135 226 96 108 8 170 204 139 152 245 0 86 225 34 64 106 130 43 241
66 129 123 242 46 129 217 65 137 17 145 234 156 159 232 2 166 147 31 145 19 11 6 193 152 152 186 250 20 138 33 33
66 219 132 149 141 212 165 166 206 253 138 5 160 162 86 199 193 70 170 208 85 216 243 225 45 50 222 83 128 92 221 94
67 145 133 151 189 94 164 15 142 255 27 55 196 60 78 206 193 6 234 17 23 233 123 192 45 54 223 87 152 108 157 87
153 19 26 129 82 29 33 81 228 108 198 102 145 149 162 100 96 8 74 72 195 147 117 64 84 225 34 64 42 128 39 241
73 82 45 1 8 29 33 20 228 92 198 228 147 5 130 111 104 4 106 12 201 149 229 4 214 33 50 80 106 132 118 241
199 208 125 74 110 20 249 188 201 80 84 234 120 92 191 103 79 209 23 238 231 118 62 245 6 24 192 238 31 159 112 125
116 114 16 161 10 41 82 0 47 169 162 105 134 18 65 216 236 149 238 83 12 39 193 16 148 144 0 59 168 27 12 19
198 90 148 87 43 60 180 136 239 190 162 117 232 200 69 207 163 117 234 2 132 101 219 226 6 122 87 27 202 117 73 31
81 159 62 38 186 58 22 167 236 12 174 40 199 106 130 243 166 247 204 98 252 169 45 63 187 231 39 83 96 98 173 7
137 82 11 129 4 77 165 81 236 12 182 102 150 2 162 97 104 128 78 232 67 165 101 68 212 129 42 16 56 0 163 248
89 174 233 103 50 190 75 178 98 200 127 228 115 101 155 50 55 230 85 140 139 136 237 63 234 239 165 144 239 226 66 121
89 146 43 44 58 251 27 27 22 107 78 228 215 197 170 104 23 28 191 12 155 148 47 31 192 231 57 252 178 134 1 113
65 66 15 129 76 92 97 20 236 92 182 68 150 2 163 107 104 128 78 78 1 36 100 64 212 33 242 0 40 16 35 248
210 114 2 161 9 12 32 68 173 32 162 197 134 134 73 138 236 21 204 103 77 181 209 64 145 240 74 22 72 23 15 28
165 50 11 129 72 104 33 64 224 93 224 254 16 2 195 219 104 136 66 204 33 54 228 64 20 32 226 104 201 9 126 240
215 81 7 140 3 206 164 97 172 192 195 71 76 210 34 215 224 45 106 231 69 147 146 200 177 48 74 14 8 38 161 214
161 18 27 152 104 129 33 89 30 11 65 244 148 199 232 88 214 56 2 8 3 150 194 19 20 164 50 44 24 8 33 177
67 64 81 228 36 0 76 0 137 2 176 64 191 10 53 10 134 129 29 11 73 37 0 192 128 184 202 152 28 176 1 8
210 81 82 164 7 14 188 100 169 36 163 71 76 138 46 215 250 133 74 231 65 23 144 204 176 176 74 6 9 54 163 222
65 25 55 94 89 212 179 66 230 72 200 0 176 212 37 96 200 58 106 67 6 139 114 61 69 48 138 11 16 1 53 238
161 50 155 63 96 137 160 64 94 11 113 116 180 192 40 8 216 40 2 0 35 180 66 19 196 165 50 8 88 8 35 129
34 153 60 219 93 205 179 206 142 29 76 1 160 213 37 68 200 58 235 66 2 10 122 53 71 48 18 59 18 9 85 238
132 26 27 187 48 171 1 80 22 137 67 112 183 195 161 72 88 40 34 24 9 156 66 60 196 135 49 0 152 8 48 160
230 128 229 194 77 112 232 73 139 49 241 27 8 31 92 31 104 149 55 137 154 82 235 192 23 56 218 175 37 132 246 166
113 158 29 126 50 138 67 186 118 11 102 116 243 97 128 112 23 96 44 8 171 140 111 63 232 175 49 80 248 161 0 33
6 248 16 26 73 221 50 200 191 29 65 9 172 214 66 157 129 123 226 82 6 94 218 113 141 16 9 123 18 7 15 143
1 2 19 55 36 172 96 49 125 11 115 92 190 82 136 61 164 35 76 12 165 176 0 77 128 186 112 2 72 64 195 45
41 34 129 41 164 45 107 22 118 107 218 196 147 0 209 120 93 142 38 156 155 186 229 2 132 188 176 160 200 218 210 241
7 17 185 218 139 212 189 17 142 200 21 86 220 255 108 106 197 49 191 184 145 1 58 208 75 169 239 234 152 114 165 51
37 171 193 129 244 43 106 213 118 105 88 228 147 32 217 64 94 138 6 220 155 154 197 32 204 132 182 224 237 202 242 153
185 155 78 43 146 131 34 213 116 65 226 230 83 0 160 96 122 138 14 252 59 153 69 62 248 197 34 64 125 138 160 177
24 5 27 168 188 171 3 87 132 1 201 98 215 193 40 64 80 42 10 112 27 161 64 30 232 197 34 88 176 202 161 33
249 203 93 126 24 138 71 49 224 72 231 108 115 193 128 115 0 228 108 110 217 203 230 45 242 233 33 24 120 162 194 33
241 7 75 100 128 42 71 119 224 226 238 76 115 225 177 51 88 230 76 110 233 179 164 10 242 171 100 16 105 250 210 40
81 132 223 253 22 6 107 191 125 3 98 82 125 35 184 112 115 199 44 168 49 156 5 239 220 239 242 64 169 128 161 40
1 168 93 121 34 142 105 18 62 17 70 192 189 195 208 120 38 15 62 28 131 216 167 113 204 185 58 192 8 128 33 41
102 161 18 136 137 197 136 204 174 184 128 9 140 210 108 214 201 129 234 241 94 67 218 209 153 16 143 127 144 2 43 14
66 169 148 152 169 233 148 138 142 183 136 9 172 242 101 206 129 115 234 17 6 73 218 241 157 18 95 123 144 93 13 14
66 56 182 156 13 205 176 67 206 141 146 9 164 184 116 2 200 119 234 1 20 107 210 96 29 54 91 59 192 40 151 14
4 172 150 30 145 222 22 173 118 23 73 17 230 242 42 212 145 74 160 34 114 216 27 55 169 182 21 79 210 98 141 14
181 206 87 126 152 131 71 184 214 2 96 124 115 225 168 49 17 102 32 106 105 254 11 63 104 166 101 16 120 242 194 168
36 160 16 155 219 195 32 200 22 177 192 10 228 210 104 192 89 90 234 16 50 83 219 63 157 134 79 127 144 8 5 162
81 4 135 93 28 2 165 104 246 130 194 66 112 224 160 103 120 100 42 170 41 241 143 13 52 34 195 0 49 120 112 32
96 34 192 5 74 9 160 72 58 180 224 139 130 232 68 18 57 204 74 17 8 115 207 80 28 0 7 61 65 40 86 130
81 32 135 133 10 10 40 64 108 160 226 192 212 162 80 86 35 197 106 156 1 209 133 64 156 34 79 0 40 32 35 4
22 172 148 146 155 227 22 200 22 183 9 17 100 230 105 204 145 90 160 178 54 208 11 62 169 6 29 103 176 119 173 6
165 78 143 94 204 34 134 184 210 146 66 70 112 224 177 43 89 102 96 46 169 228 239 42 40 42 229 8 233 249 112 40
6 8 148 186 29 173 146 202 158 17 192 11 174 194 33 141 201 123 138 81 34 13 74 189 137 214 26 59 144 73 13 142
193 134 20 57 56 174 40 59 238 31 139 84 253 67 168 82 167 3 108 12 178 141 15 95 192 182 34 212 24 128 33 1
148 33 128 131 139 129 160 64 134 149 193 19 129 128 97 74 104 8 10 85 2 66 206 0 157 192 142 61 144 91 181 166
33 36 194 21 228 41 228 103 112 179 112 152 179 160 208 57 89 106 66 8 49 248 196 0 12 144 116 32 201 232 210 136
81 2 203 225 6 34 97 80 100 33 194 66 19 3 176 104 120 132 42 156 25 145 133 192 212 172 178 68 165 139 112 32
53 2 192 137 150 39 198 223 86 35 218 198 195 0 49 72 89 138 10 156 154 184 77 156 172 134 149 20 181 218 240 136
21 100 75 161 82 34 106 82 49 163 234 210 25 3 89 24 122 141 6 188 1 183 149 66 212 140 162 68 169 209 99 128
160 72 22 158 77 129 132 111 156 2 192 3 166 128 32 64 200 35 10 1 100 15 66 251 177 50 90 27 16 24 161 138
4 172 148 27 217 233 53 175 190 23 67 16 228 242 74 77 129 106 234 16 50 88 138 119 13 54 95 107 144 64 133 138
245 197 67 46 18 3 71 248 80 162 234 76 115 97 169 17 89 228 68 106 105 167 77 63 176 166 101 20 121 250 114 32
6 236 132 147 137 224 182 143 158 147 65 17 204 242 107 206 145 107 160 18 50 84 154 114 45 22 95 111 144 117 137 134
181 76 206 22 148 34 70 248 80 162 235 126 83 225 185 11 89 230 0 110 168 247 12 42 120 15 229 20 229 251 240 0
16 0 6 137 76 11 32 72 100 0 194 66 192 130 32 64 104 12 106 136 0 147 199 0 20 32 138 0 0 8 49 0
48 32 6 29 72 11 32 72 118 160 96 64 83 224 32 80 89 76 34 8 10 210 207 17 28 162 33 36 113 8 34 128
0 32 134 29 73 139 32 72 246 160 66 0 68 224 32 64 113 108 106 0 0 211 11 28 21 34 67 8 64 0 34 128
32 32 4 137 78 11 160 72 86 0 192 2 128 192 32 64 120 140 42 136 8 163 195 16 20 32 138 24 49 8 50 128
49 32 7 137 76 11 160 72 118 32 226 66 17 192 32 64 120 12 106 136 0 179 207 16 20 0 131 32 113 8 96 128
0 0 6 136 72 3 32 72 164 0 194 2 64 194 32 64 104 12 106 128 0 147 131 64 20 160 139 8 1 0 35 128
32 32 2 137 76 9 32 72 118 32 224 10 65 131 96 80 120 140 106 8 0 243 195 16 20 128 131 40 113 8 114 128
0 32 22 137 72 11 160 72 230 32 194 2 68 130 32 64 104 12 106 0 0 243 145 80 21 34 2 0 0 8 35 130
96 32 12 169 72 11 32 72 38 32 224 10 147 0 0 80 72 132 106 128 8 115 201 16 148 0 3 48 112 8 50 160
80 32 6 129 8 9 160 72 100 0 194 0 210 130 0 64 104 4 106 0 8 195 195 0 148 32 3 16 0 8 51 0
96 32 0 129 72 9 32 0 102 160 194 8 194 0 64 80 72 140 106 0 8 209 197 16 148 0 3 48 64 8 18 128
80 32 2 129 8 9 32 64 230 160 194 8 130 128 0 82 96 196 106 8 8 83 197 16 148 32 3 24 0 8 50 0
80 32 6 5 74 10 32 64 228 32 194 9 198 128 0 82 40 196 106 0 0 195 199 64 148 32 2 24 64 8 35 0
32 32 4 1 74 11 32 72 102 32 226 136 131 130 64 84 104 140 106 8 0 210 197 16 20 0 3 32 97 0 114 128
80 32 2 129 70 9 160 64 108 0 226 10 134 128 0 16 104 132 74 0 8 51 193 64 148 160 2 17 64 8 3 0
0 32 6 137 12 3 32 72 230 0 194 2 196 192 32 64 104 12 106 8 0 147 199 16 148 32 131 24 16 8 49 0
48 0 4 169 78 11 160 72 20 0 192 3 192 192 32 64 120 140 42 128 8 178 195 0 20 32 130 0 48 8 48 128
96 32 0 136 76 13 96 64 102 32 226 74 130 3 0 80 72 132 106 128 8 51 209 80 149 32 130 32 113 8 114 130
80 0 14 129 12 9 161 64 108 0 226 2 150 2 0 64 104 4 106 136 0 161 193 64 212 128 42 16 0 8 35 128
96 0 2 129 77 73 160 0 110 32 226 74 134 128 0 80 72 140 110 0 8 179 213 80 149 128 130 48 65 8 86 130
65 0 10 129 8 9 97 64 102 32 194 8 150 130 0 64 104 140 110 136 8 3 197 80 148 160 2 24 32 0 35 32
80 32 3 129 75 73 160 64 44 36 226 11 134 128 0 80 40 132 74 0 8 179 209 64 149 0 2 17 64 8 7 2
16 0 6 137 13 83 32 72 198 68 194 6 64 128 34 68 104 12 106 128 4 211 247 16 21 34 131 1 16 8 116 70
33 16 13 137 74 11 161 72 6 68 196 166 208 196 162 98 104 76 106 12 1 210 223 16 84 32 163 8 56 8 48 240
32 32 4 9 77 83 160 72 70 36 228 6 128 128 66 4 72 12 234 8 12 115 255 16 21 0 3 57 81 8 46 198
17 18 14 9 10 67 33 88 164 64 198 230 208 130 34 66 104 76 106 128 9 211 195 0 20 35 163 0 41 0 32 48
96 32 0 9 73 89 161 72 70 164 228 10 128 128 66 148 104 140 234 8 0 114 209 16 21 0 131 57 81 8 14 130
81 50 11 9 74 9 33 80 100 36 194 70 210 130 32 82 96 196 106 8 1 209 165 64 148 32 35 0 40 0 33 0
88 32 6 37 11 90 32 64 100 36 198 130 195 0 2 214 96 204 234 0 4 209 197 0 148 33 2 1 99 4 46 64
97 50 7 1 72 13 160 72 166 168 224 108 0 128 192 80 104 12 106 0 1 195 203 16 20 0 3 56 72 8 50 144
64 32 18 129 66 9 97 64 108 4 226 138 135 130 0 208 104 140 106 0 0 178 197 64 148 161 2 1 97 8 43 128
96 34 2 129 72 9 96 64 44 32 224 76 6 130 0 80 104 136 74 8 1 35 192 64 148 0 2 56 73 0 98 128
201 82 47 65 74 157 101 86 100 94 198 228 147 5 131 235 96 128 110 12 201 180 231 0 214 225 114 0 106 148 84 121
199 193 101 65 79 86 239 169 203 112 23 2 216 88 158 103 111 129 91 239 229 36 125 213 47 24 199 164 87 182 209 100
108 123 16 160 193 45 98 0 45 32 170 77 14 2 65 218 228 149 206 82 14 50 208 96 148 145 0 56 232 27 10 18
233 82 43 1 72 92 33 84 228 88 230 252 18 4 195 251 104 132 202 12 129 54 229 0 84 33 114 40 10 152 118 249
89 191 109 110 58 170 75 57 225 200 190 236 115 109 152 51 54 230 93 236 249 105 111 61 250 237 37 144 111 162 82 121
173 58 46 17 72 61 161 82 116 90 244 254 145 132 195 105 104 8 66 28 163 246 231 0 84 129 242 96 201 13 114 240
83 120 146 161 3 44 38 72 172 98 130 135 142 134 75 202 226 133 106 198 65 1 145 64 149 160 10 22 40 87 43 92
68 179 156 83 249 221 177 143 238 61 47 48 140 242 76 198 163 31 234 16 19 105 219 86 13 20 31 103 192 0 141 135
195 81 7 140 9 198 164 69 236 72 195 1 220 214 40 239 224 45 122 227 65 135 146 64 145 48 202 11 0 54 169 230
195 70 221 198 100 40 109 6 137 18 185 78 62 11 84 19 162 131 31 139 65 101 2 200 148 56 106 184 44 248 65 8
19 64 19 135 3 76 174 228 172 98 138 3 140 130 107 198 98 197 106 231 69 1 144 192 145 32 74 6 9 82 33 220
153 50 155 185 48 131 35 81 22 75 65 116 151 195 168 72 92 40 6 24 11 180 66 18 192 199 58 8 248 8 33 177
32 153 53 222 125 253 147 194 142 28 200 8 164 212 37 100 200 122 203 66 2 43 122 189 37 16 26 59 16 9 21 174
2 240 24 17 233 205 48 239 174 61 8 25 140 159 74 2 133 27 203 16 82 76 218 85 111 20 21 111 210 4 135 219
249 191 109 124 42 2 71 59 209 202 188 236 115 101 146 51 22 230 108 110 249 107 238 15 242 235 101 188 109 226 66 113
24 18 159 185 52 139 97 81 20 11 67 118 215 193 168 72 88 40 46 24 43 180 1 14 192 199 50 64 184 136 48 49
102 3 110 192 204 32 232 194 200 59 248 107 0 24 124 27 233 149 51 179 144 115 130 192 23 8 234 239 133 73 118 130
121 150 95 124 56 162 67 59 240 74 239 252 83 97 160 113 84 228 108 44 185 203 101 15 242 239 96 84 107 224 66 49
70 33 42 160 206 36 189 75 232 59 217 19 24 184 124 11 234 159 83 163 144 115 130 192 85 8 234 236 197 67 179 130
249 37 193 196 220 38 73 91 18 166 158 78 83 225 217 18 121 172 125 188 40 71 145 138 88 141 165 188 167 232 114 232
2 248 16 59 105 221 50 238 174 61 40 9 172 150 66 144 137 91 194 82 70 74 218 117 47 213 29 107 80 21 15 159
124 1 242 68 85 70 210 64 193 140 251 10 74 185 44 146 248 148 131 112 8 179 144 202 51 188 128 15 199 106 116 130
105 42 233 117 44 59 201 18 86 242 86 204 211 129 211 175 217 108 100 28 201 124 237 16 78 219 241 52 78 168 82 104
118 0 214 160 5 98 72 98 105 1 187 3 74 42 36 218 232 129 45 161 8 163 17 196 145 214 218 83 225 10 116 6
145 16 31 92 32 172 113 86 252 27 178 84 190 210 168 127 164 35 76 12 177 165 18 65 144 186 114 18 72 64 227 39
33 46 201 1 228 41 75 23 66 225 92 236 145 160 208 48 89 140 38 156 153 154 229 2 4 21 160 160 220 234 210 168
193 26 147 22 237 172 97 87 233 11 50 92 158 176 48 122 165 34 110 28 177 45 146 98 149 190 118 74 200 72 195 43
89 80 184 240 139 196 157 95 206 136 20 118 28 223 228 98 229 49 189 176 209 1 50 192 123 137 175 254 153 48 169 51
249 207 78 107 18 147 71 181 116 96 246 230 83 1 130 113 126 132 46 238 233 156 101 63 248 235 224 208 127 138 248 89
33 46 201 169 244 40 234 70 18 35 120 246 145 32 212 16 91 142 6 156 29 62 196 2 44 149 166 236 205 202 210 152
249 203 79 171 150 3 71 245 116 4 198 230 115 1 160 65 114 132 46 110 105 149 37 61 240 227 102 64 61 154 240 40
249 211 127 108 40 130 71 53 224 74 230 108 115 193 168 113 84 228 108 110 233 135 228 13 242 235 96 24 105 178 226 57
113 71 207 100 132 10 103 119 224 202 238 76 115 161 177 115 120 230 108 110 217 179 165 8 242 233 100 0 105 250 242 40
81 140 223 253 22 38 107 59 112 3 110 82 125 35 128 112 115 199 44 168 49 156 21 111 254 239 178 64 169 160 33 40
91 136 93 121 50 134 57 19 62 1 70 208 253 83 128 120 54 59 61 152 147 156 21 87 198 239 58 194 188 128 33 33
2 50 25 248 106 225 177 82 142 80 24 231 156 151 224 10 206 57 159 144 3 10 210 208 196 144 170 170 28 8 37 243
66 169 18 152 41 197 144 79 139 180 136 9 132 210 100 214 193 161 234 17 6 75 218 208 153 16 143 127 144 4 47 6
4 188 148 27 153 223 54 172 182 23 65 17 230 240 106 213 145 122 160 18 54 88 27 63 41 54 85 79 210 101 141 14
66 57 146 158 9 205 144 70 142 133 128 9 164 152 64 134 200 115 234 65 18 107 210 97 153 20 26 59 192 13 15 14
181 207 71 126 152 3 71 184 82 194 106 236 115 225 168 113 17 102 36 110 105 199 15 63 96 174 101 16 120 242 66 40
6 236 148 19 153 231 54 140 22 183 64 17 196 230 107 76 145 95 161 48 54 80 155 59 41 22 93 111 146 117 141 6
181 78 207 126 140 34 71 248 82 226 98 102 115 224 185 43 89 102 32 62 233 243 175 42 104 47 101 4 237 249 112 32
2 136 148 186 77 237 48 207 143 53 128 11 172 210 97 142 201 179 234 17 6 107 82 209 149 16 90 59 144 12 13 142
33 169 154 23 228 40 228 103 106 9 120 96 183 168 192 56 187 10 38 8 19 248 130 33 12 158 116 64 200 202 195 136
85 66 203 225 150 34 105 82 100 33 202 66 17 3 209 104 120 140 46 152 11 176 133 128 212 173 162 68 161 138 112 32
48 137 136 137 140 35 2 79 6 161 216 130 0 161 96 64 88 170 34 152 24 154 69 146 140 4 141 116 180 74 144 136
0 64 2 141 77 136 164 70 148 2 208 2 164 224 40 64 120 42 10 1 64 161 2 139 180 36 154 9 16 88 49 136
21 37 75 33 210 42 107 82 116 33 234 66 17 3 152 80 120 140 6 188 25 145 5 70 244 141 162 68 233 195 226 128
32 32 2 137 74 11 160 72 102 32 224 66 16 128 32 208 104 140 106 128 0 243 195 16 20 128 131 56 113 8 112 128
16 0 22 137 11 3 32 64 230 0 194 2 192 130 32 64 104 12 106 136 0 195 195 80 149 32 2 0 33 0 35 128
80 32 6 129 74 9 32 64 108 32 226 138 134 2 0 80 104 140 106 0 0 145 197 64 148 32 2 0 96 8 35 128
96 32 2 1 72 9 160 64 102 32 224 8 2 128 0 80 104 132 106 128 8 179 197 16 20 0 3 24 65 8 98 128
0 0 6 137 72 11 32 72 230 32 194 2 192 128 32 64 104 12 106 0 0 243 71 16 20 32 3 0 16 8 112 128
32 0 6 137 74 3 32 72 134 32 194 10 64 194 32 64 104 12 106 0 12 211 203 16 20 160 131 24 48 8 50 128
17 32 22 137 72 11 160 72 230 32 194 2 192 128 32 64 104 8 106 0 0 179 71 16 20 0 3 0 81 8 48 128
0 0 6 137 74 3 32 72 166 0 194 2 64 130 32 64 104 12 106 128 8 147 195 16 20 160 138 8 49 8 34 130
33 32 2 137 72 3 160 72 70 32 224 10 0 210 96 64 104 140 106 128 0 115 195 16 20 0 3 56 81 8 32 128
16 0 6 33 11 11 32 64 100 0 194 2 192 130 32 66 104 76 106 136 0 241 195 64 148 32 2 0 33 0 33 128
25 18 159 169 178 163 67 91 22 73 215 246 151 131 168 104 95 8 14 60 59 149 37 30 224 199 50 68 184 136 160 177
162 157 52 218 57 253 178 202 142 29 136 8 172 212 33 230 200 115 202 67 34 43 122 255 53 20 26 59 16 29 5 47
74 240 16 17 249 205 180 239 174 61 9 25 140 151 74 146 135 27 203 16 82 77 218 87 47 20 31 127 130 4 143 211
25 22 31 224 48 162 97 119 117 73 239 118 83 3 168 121 113 132 46 60 57 153 37 28 216 231 50 64 186 136 224 97
121 151 239 101 32 10 71 119 113 234 246 252 115 37 146 51 124 198 100 46 249 251 165 15 242 239 116 128 111 224 242 121
205 1 28 84 139 26 21 48 197 182 166 16 202 35 163 239 3 84 234 106 124 65 33 200 67 211 65 85 34 173 13 66
105 34 233 101 36 187 107 23 118 226 94 204 179 129 211 32 17 108 100 12 129 248 229 18 78 221 181 176 78 202 82 104
193 2 155 88 104 172 33 86 252 27 114 124 158 146 168 123 166 1 110 12 179 103 34 65 148 186 114 10 200 1 227 33
54 1 210 224 69 110 82 64 5 132 187 3 74 25 37 208 248 133 175 145 12 163 17 194 147 252 130 23 225 42 124 6
178 216 151 226 43 69 16 212 139 184 176 114 28 159 96 107 237 209 189 210 73 75 26 240 153 208 254 190 24 17 36 59
33 34 201 29 244 169 235 22 18 227 112 252 147 160 210 8 89 172 2 28 185 190 196 10 68 21 184 176 221 200 82 248
249 203 109 109 154 19 79 53 85 100 214 230 83 5 146 113 126 132 126 238 233 150 101 31 242 235 224 208 127 154 240 120
249 203 79 173 134 3 71 181 117 102 214 230 115 1 162 97 126 134 46 238 249 158 101 61 244 227 230 128 63 186 240 120
253 90 239 109 2 66 103 212 113 202 230 228 115 33 145 123 120 196 108 110 233 247 165 42 242 235 100 0 107 243 98 121
249 111 239 100 128 10 103 117 96 202 254 100 115 33 177 51 56 230 108 110 233 251 165 8 240 233 100 0 105 242 226 40
81 133 93 237 18 162 107 55 32 3 78 66 121 35 160 115 114 247 60 168 49 152 33 207 254 239 234 192 41 130 161 40
89 128 89 121 18 166 59 19 62 1 110 64 253 19 128 112 55 53 60 152 147 156 53 95 206 239 58 64 188 130 33 33
66 185 16 152 25 205 146 67 170 132 128 9 174 146 102 212 193 161 202 17 78 11 218 113 153 20 15 123 16 4 47 14
130 49 217 251 234 193 185 80 30 81 80 247 157 151 224 41 110 27 151 144 3 94 210 208 196 145 186 234 60 136 37 241
66 185 144 158 25 221 144 78 142 189 128 9 172 214 70 198 129 115 234 17 6 75 210 241 153 20 31 59 16 12 15 30
66 169 144 158 25 205 144 206 138 13 128 9 172 212 68 134 128 115 234 81 22 107 210 241 157 16 26 123 16 12 15 14
34 160 148 154 73 237 176 75 142 53 161 27 172 210 102 138 201 19 234 0 6 11 90 209 21 16 26 63 16 12 141 142
1 163 194 9 224 168 226 71 110 1 120 224 151 224 200 32 58 10 34 24 18 184 134 3 12 180 50 64 193 202 195 128
17 3 73 225 150 170 107 21 116 1 106 198 147 3 209 96 114 142 14 220 27 184 69 194 236 173 162 64 173 130 240 40
162 44 144 156 93 161 130 75 26 163 88 27 36 192 96 12 217 42 2 17 54 62 202 147 29 22 153 107 145 74 17 136
16 128 130 189 7 8 160 70 20 1 194 18 164 160 32 64 120 32 10 0 2 171 5 131 148 36 154 8 48 8 177 138
17 39 75 33 150 10 98 87 100 96 234 198 19 3 144 112 120 138 14 252 27 152 5 92 244 140 162 68 233 130 226 160
193 10 219 24 100 136 97 22 120 67 116 92 159 128 144 121 50 41 102 12 179 126 166 65 68 59 114 72 204 145 99 160
199 88 159 218 234 133 25 208 191 27 180 112 156 151 225 123 199 51 62 210 33 79 10 240 220 154 126 186 24 17 33 41
126 17 82 236 93 230 82 64 197 140 253 11 74 217 37 212 216 184 135 34 12 163 82 200 19 252 0 27 115 239 124 2
242 88 23 242 104 197 24 208 139 186 176 106 62 223 237 43 206 243 245 194 139 71 154 224 155 208 237 186 24 48 32 51
185 143 109 105 136 131 79 53 85 96 222 236 211 37 146 113 94 134 126 238 249 154 101 28 238 235 228 208 127 138 240 120
249 135 77 237 128 3 79 53 85 96 222 230 243 39 176 113 90 134 46 238 249 154 101 29 230 227 224 192 63 170 240 120
221 126 239 101 2 122 103 148 113 194 246 230 115 37 147 122 122 228 108 254 169 244 229 42 246 235 102 128 239 243 98 121
217 123 239 101 130 10 103 85 113 194 246 102 115 1 209 59 58 228 108 234 233 244 165 74 246 235 103 0 107 242 98 104
217 135 93 237 2 2 111 53 120 0 110 230 249 35 128 115 114 231 44 234 121 152 165 77 230 235 234 128 45 162 227 40
83 133 93 233 18 162 107 51 45 1 78 194 253 7 160 112 118 183 61 184 51 152 101 221 238 239 170 192 189 130 161 33
114 57 16 152 25 205 18 70 171 140 128 9 174 150 102 148 192 187 204 65 78 11 82 253 145 16 26 59 16 4 15 78
10 176 201 235 162 225 59 83 30 67 85 243 157 199 232 32 87 27 151 148 19 148 124 211 196 197 186 224 180 202 149 241
82 177 16 154 25 221 144 78 175 61 128 9 172 214 78 214 128 179 200 1 6 75 210 241 145 20 26 123 16 4 15 14
82 161 16 154 9 205 144 207 171 21 128 9 172 214 110 132 128 147 232 1 6 11 210 213 145 16 26 123 16 12 15 14
66 177 16 154 9 237 144 75 142 61 161 25 172 214 110 222 201 19 202 16 22 11 218 209 17 16 26 123 16 13 141 70
36 164 130 8 214 169 162 194 98 3 120 10 2 232 76 24 121 138 2 17 18 62 194 19 28 36 16 106 209 74 99 128
17 3 73 225 148 138 99 21 100 0 126 230 147 3 144 112 114 138 14 220 219 184 37 204 236 237 166 64 45 130 112 40
162 32 128 155 93 169 178 78 26 35 112 27 164 192 104 8 217 43 2 17 54 30 194 243 5 22 25 107 144 74 155 134
17 131 77 225 22 138 111 53 108 0 114 198 185 3 144 112 50 136 14 238 209 152 37 93 228 137 162 68 45 130 97 40
50 129 16 138 13 1 128 73 14 17 192 11 6 192 40 196 216 139 138 1 26 3 91 209 145 48 10 123 16 10 161 6
145 131 75 225 22 10 227 121 100 32 218 70 83 1 184 64 120 140 6 248 201 185 5 140 248 168 162 68 37 138 112 160
99 88 95 210 106 5 61 144 139 26 112 232 60 214 237 59 199 209 54 130 131 86 154 224 22 152 111 170 28 144 33 49
233 135 77 239 164 10 79 51 21 96 255 228 243 39 184 113 92 134 46 238 249 154 101 29 238 251 224 208 31 170 240 112
249 126 237 101 34 10 111 21 113 194 246 230 115 39 145 115 126 228 108 238 233 246 229 106 246 235 230 128 111 242 226 120
201 135 77 239 52 42 107 53 53 64 254 230 241 35 152 113 126 230 46 238 57 152 101 159 238 251 226 192 62 170 240 48
203 135 93 109 178 130 107 53 53 0 126 224 249 35 128 113 118 151 60 232 241 152 101 93 238 235 234 192 61 130 163 40
11 135 73 235 178 163 43 27 31 1 95 224 157 71 168 96 87 27 31 188 51 144 45 223 238 221 170 192 148 202 129 113
114 177 16 154 25 205 16 75 171 29 160 25 174 214 46 148 136 155 204 1 30 11 210 213 145 208 26 123 16 4 143 94
118 32 16 154 153 237 144 75 139 53 177 25 142 218 111 156 137 147 207 17 30 43 90 209 153 16 26 127 144 77 143 6
193 131 79 225 52 138 107 48 108 64 118 228 179 1 176 113 114 136 14 252 251 184 37 93 236 185 162 64 28 130 112 40
226 160 208 24 77 41 160 74 123 19 113 25 0 200 100 153 153 139 162 17 34 118 218 82 21 24 80 47 209 76 98 134
226 168 20 146 205 237 176 207 138 55 48 27 44 152 78 143 137 19 227 17 22 110 218 241 29 16 95 127 81 12 207 142
193 66 93 237 6 10 111 48 108 2 114 198 253 3 145 97 50 165 46 238 225 180 101 205 196 235 98 128 61 179 65 32
50 176 16 186 73 221 80 107 139 13 160 9 174 222 46 148 136 179 197 1 94 11 82 245 145 208 24 59 16 12 14 222
203 135 95 235 176 130 111 61 61 0 119 224 249 67 184 113 86 151 62 234 241 152 37 95 230 251 234 192 62 130 161 40
11 135 77 233 48 131 107 56 29 8 87 224 221 7 184 97 86 17 31 252 179 152 45 223 238 219 170 196 156 130 33 49
50 176 16 186 89 253 80 74 139 61 169 25 46 222 110 156 137 155 197 1 30 11 90 149 153 208 24 127 16 13 14 214
54 48 80 186 249 237 80 202 139 61 185 25 14 222 111 156 137 155 197 17 30 35 90 144 155 208 25 127 243 77 14 198
201 148 127 239 34 6 51 48 124 66 119 100 253 19 168 113 246 37 62 170 225 148 33 223 198 251 98 130 28 131 33 33
98 232 116 88 77 205 176 202 203 22 176 25 40 216 116 155 137 179 235 1 6 107 218 241 31 24 65 59 81 44 78 134
60 112 208 242 109 125 84 216 131 191 177 27 11 223 107 154 137 209 199 18 14 103 90 130 83 221 85 63 243 253 78 211
50 160 112 82 141 221 80 111 203 53 185 25 10 157 94 148 137 147 213 17 222 107 218 209 155 92 21 127 215 12 222 78
