90 48 80 224 34 8 120 80 45 128 178 169 143 31 0 80 166 149 223 132 8 64 129 192 150 241 11 131 102 132 39 17
66 2 134 157 12 2 172 104 180 2 210 199 64 226 48 199 120 100 42 167 32 241 135 204 20 34 202 128 28 120 57 4
83 50 80 161 34 41 56 2 45 33 177 253 143 14 193 220 166 145 223 180 150 16 128 192 148 208 26 226 172 196 3 21
2 217 16 153 245 133 190 231 30 1 72 2 172 158 32 64 223 59 147 65 66 184 82 253 45 20 30 106 16 24 161 154
104 48 56 96 32 77 81 16 105 136 52 8 159 23 0 48 132 20 93 8 136 96 176 0 195 249 32 16 64 128 66 35
3 133 161 137 149 236 165 167 78 97 8 16 132 52 20 100 193 66 18 29 19 24 117 214 45 22 158 66 148 92 145 116
67 48 19 153 232 173 56 19 174 89 18 245 156 150 192 90 167 27 255 145 147 73 194 208 140 16 58 234 156 68 161 81
29 136 239 223 12 114 233 154 118 223 86 18 121 226 178 106 105 228 62 153 33 221 175 193 77 43 251 193 165 232 116 104
3 141 67 222 20 131 174 242 20 0 90 66 112 226 180 228 88 106 18 202 3 184 8 255 32 46 170 128 28 138 112 172
189 207 97 110 4 19 79 252 65 194 188 206 115 73 191 36 88 224 20 238 233 39 44 47 114 201 165 184 127 187 114 40
90 50 214 236 42 40 56 88 175 17 177 237 143 223 1 218 166 181 255 128 4 131 130 192 146 240 91 154 142 164 15 17
104 48 56 96 33 93 81 16 105 136 52 8 158 23 0 52 132 20 221 8 136 96 176 192 195 217 32 16 66 128 66 35
2 141 2 158 23 195 178 230 22 4 74 2 96 250 48 64 89 122 147 129 34 184 10 255 33 38 138 3 20 10 52 138
67 50 80 161 42 168 56 16 171 81 50 229 157 134 212 80 38 17 95 156 131 0 134 209 140 152 42 232 12 132 3 21
3 141 3 158 20 131 170 230 22 0 90 70 112 226 176 228 89 106 18 137 35 152 10 255 32 38 138 128 28 10 48 140
72 48 120 96 32 77 81 16 105 136 52 40 159 23 0 48 134 21 221 8 136 96 176 0 195 249 32 144 66 128 67 35
87 89 7 158 13 198 162 32 140 72 203 7 228 242 37 100 208 101 122 99 69 129 27 253 145 54 202 26 24 47 49 86
104 48 56 96 33 77 81 16 105 136 52 8 159 23 0 48 132 21 93 8 136 96 176 0 195 217 32 16 66 128 66 35
72 216 150 255 9 205 52 160 191 18 227 0 254 255 33 91 197 119 251 2 96 77 219 253 199 243 83 27 18 113 37 26
164 97 121 101 116 79 111 56 96 172 117 8 83 19 153 49 26 212 68 106 201 176 113 12 103 169 32 20 99 187 70 161
28 98 90 101 83 10 122 120 33 164 127 131 79 27 9 208 54 157 197 226 76 144 1 76 243 233 34 5 99 163 47 3
224 160 156 184 205 237 144 71 138 19 160 24 142 184 100 27 129 2 121 17 50 111 146 145 153 219 84 123 208 72 215 10
222 88 190 254 9 199 16 64 143 22 199 19 236 255 33 75 232 117 251 66 0 199 27 213 211 243 203 27 18 45 37 82
130 149 146 149 147 116 180 167 28 15 10 49 172 62 34 192 133 19 147 1 116 72 16 199 45 22 158 195 128 84 141 95
2 142 6 158 31 193 178 230 150 5 88 34 32 232 32 65 73 123 131 129 34 168 10 255 33 38 154 11 20 8 52 138
90 48 249 240 43 253 121 64 175 85 181 168 159 159 66 122 167 145 221 144 2 67 178 208 211 217 26 191 166 4 7 115
67 50 208 177 34 168 56 18 171 49 48 245 141 14 196 94 167 147 125 148 147 88 134 209 140 216 58 226 140 192 11 21
104 48 120 96 32 76 81 16 105 136 52 40 159 23 0 48 134 20 93 8 136 96 176 0 195 249 32 144 64 128 66 35
70 83 150 143 42 130 186 32 174 68 219 167 236 254 33 66 230 117 255 195 0 129 3 220 144 50 203 130 20 46 37 83
214 50 214 172 42 42 56 88 189 130 243 253 207 207 129 154 182 181 239 164 164 133 131 202 150 243 107 130 238 165 11 17
60 117 122 97 118 143 123 112 112 136 127 34 83 211 161 48 126 188 6 234 201 178 48 14 119 141 33 128 97 179 98 161
209 200 239 159 12 82 239 236 244 70 198 130 113 246 50 99 121 228 58 239 249 253 191 239 125 43 199 0 53 186 244 124
97 32 121 64 108 9 233 80 105 104 176 72 147 8 148 48 202 133 86 8 141 98 228 192 86 152 32 48 77 136 66 165
189 32 237 64 76 19 201 88 67 242 181 90 83 72 221 43 88 132 119 187 137 103 239 144 86 9 225 188 247 170 82 228
91 2 214 229 34 42 120 88 45 128 243 163 207 79 129 91 54 181 255 164 128 208 133 200 150 251 107 128 166 167 35 1
53 134 73 233 156 3 75 216 86 32 208 66 211 65 184 96 89 140 6 172 171 178 77 31 236 143 165 244 61 136 80 160
2 156 16 155 61 205 176 230 30 25 88 16 172 220 32 64 205 59 147 1 34 56 82 255 45 22 26 106 16 8 149 155
18 201 98 252 84 128 236 119 229 0 250 2 41 139 52 64 106 171 31 192 200 139 2 255 178 237 158 136 55 152 240 136
209 207 198 143 12 2 230 236 244 130 194 198 97 224 176 71 120 228 42 238 252 255 29 175 48 42 199 0 61 186 112 12
57 141 107 254 20 131 75 246 214 0 222 2 115 227 176 100 89 234 31 136 171 155 44 191 242 239 162 128 55 138 112 40
198 64 148 151 104 40 184 10 184 186 19 16 204 170 73 91 167 69 123 3 32 69 203 192 20 50 91 142 132 113 1 1
2 2 150 189 12 34 168 10 191 19 195 215 196 106 32 203 243 37 42 165 0 213 3 196 132 242 218 2 156 104 41 0
63 106 224 24 109 157 218 192 219 238 180 143 74 200 247 140 221 233 198 119 140 39 206 250 18 93 141 191 223 127 90 198
2 201 18 154 31 193 146 230 22 5 72 2 36 216 32 64 72 122 131 193 66 170 2 189 33 4 154 75 20 26 52 138
33 188 136 89 77 189 192 31 91 123 168 92 178 8 86 184 201 10 66 29 159 62 211 19 143 221 16 120 216 72 218 140
2 156 18 159 53 199 178 230 30 9 88 34 172 252 32 64 217 123 147 1 34 184 90 255 37 54 154 11 16 14 53 155
36 97 121 69 116 74 103 56 96 172 119 40 211 19 137 52 26 92 70 106 65 176 97 12 103 185 33 4 99 187 70 161
205 50 159 97 32 14 96 16 105 170 55 92 223 19 201 187 148 4 108 56 145 244 145 0 199 249 97 4 202 163 74 33
17 13 71 238 20 130 79 112 132 0 218 66 115 227 176 100 120 230 30 234 73 155 13 63 176 174 163 128 60 170 112 32
162 233 20 152 221 197 148 231 158 17 64 18 44 152 96 65 201 59 131 1 114 47 18 183 57 16 30 107 80 8 181 138
2 141 10 158 20 131 170 230 22 0 88 2 32 234 48 64 89 106 19 129 2 184 8 255 32 38 138 128 20 10 48 136
210 184 150 184 137 237 16 79 171 31 160 25 174 222 100 91 129 179 233 16 50 79 218 241 153 210 91 123 144 68 167 74
2 205 2 158 148 131 174 230 22 0 88 2 48 232 49 64 89 106 19 195 98 152 10 255 32 38 142 128 20 26 48 136
56 65 98 108 13 83 86 104 65 132 228 11 75 141 54 20 248 212 197 98 76 163 97 140 115 249 1 27 115 190 126 98
2 141 2 158 149 167 174 231 20 1 74 2 96 234 32 64 89 106 2 144 18 152 24 255 41 38 142 64 148 74 176 136
77 65 125 101 52 14 111 56 108 232 127 72 211 1 153 115 22 196 108 106 201 176 253 12 231 251 33 20 100 179 66 33
82 79 90 188 114 208 188 103 172 5 218 163 44 158 167 192 166 187 143 129 70 139 134 239 178 101 58 139 37 20 45 207
35 175 194 73 215 179 170 79 95 65 120 230 40 200 246 164 127 170 146 157 151 186 4 255 62 28 130 235 223 206 250 141
162 170 226 154 87 241 184 71 94 7 80 179 40 204 118 12 251 43 131 149 150 190 38 243 30 20 154 235 213 76 255 206
86 91 86 158 62 130 186 96 140 0 219 227 237 206 33 64 230 177 191 195 64 129 15 253 176 246 138 155 20 47 45 25
227 168 132 248 141 189 192 23 139 27 160 28 170 152 116 155 201 35 123 20 190 110 210 177 139 218 208 122 208 76 218 14
160 113 121 101 116 79 103 56 108 44 118 8 211 17 128 49 20 92 70 106 193 176 113 12 231 185 32 0 64 186 70 161
55 111 66 12 84 147 206 250 85 224 252 207 2 200 183 164 120 236 22 111 205 179 4 255 50 12 133 168 127 191 122 132
2 132 180 145 163 224 176 2 190 23 66 17 140 62 66 75 135 23 163 145 50 220 131 194 13 54 90 71 128 68 5 66
194 16 148 145 43 108 176 2 190 255 130 49 140 190 72 75 167 21 251 145 32 69 147 192 5 50 90 87 128 68 5 83
125 32 101 78 76 19 203 216 65 240 181 78 83 65 253 63 88 196 92 238 137 99 237 8 82 201 225 188 127 187 114 32
120 157 30 254 25 205 84 103 171 25 172 8 63 255 32 16 160 179 221 0 90 11 26 189 243 245 18 59 50 0 167 27
72 48 56 96 32 76 81 16 105 8 52 8 159 23 0 48 132 20 221 8 136 96 176 0 195 217 32 16 66 128 66 35
120 180 124 232 57 127 81 121 35 125 189 25 95 127 74 146 157 149 221 32 26 98 251 21 219 201 33 125 242 170 206 83
3 141 3 222 20 131 170 242 86 0 88 66 112 226 180 228 88 106 18 203 163 184 12 255 32 46 138 128 28 138 48 172
91 207 214 255 162 10 127 253 189 130 122 228 255 239 130 115 54 247 255 238 224 217 175 237 182 251 111 128 38 242 163 73
82 2 134 157 12 2 172 96 148 2 210 199 72 234 48 194 120 100 59 167 36 209 3 204 148 34 203 128 28 120 56 0
39 162 0 153 220 147 170 200 86 176 208 66 192 200 122 192 89 8 2 149 22 114 79 151 28 6 143 125 221 8 56 132
66 2 134 157 12 2 172 104 148 2 210 199 72 234 48 194 120 100 43 167 36 209 3 204 20 34 203 128 28 104 56 0
181 207 198 175 148 2 110 253 117 130 250 198 115 96 180 103 120 230 46 238 237 248 13 239 60 170 231 128 45 251 248 12
90 48 80 224 34 72 56 80 45 132 178 169 143 31 64 16 166 149 221 128 0 65 128 192 150 249 43 131 38 132 7 17
97 32 113 64 100 29 248 16 105 104 240 72 138 9 148 178 202 196 70 8 140 114 224 192 22 216 0 50 71 140 66 133
90 48 80 224 34 72 56 80 45 132 178 171 143 31 0 80 166 149 221 128 0 65 128 192 150 249 43 131 38 132 7 17
117 65 105 103 52 11 71 56 100 224 255 78 83 1 153 112 122 196 92 238 201 178 109 12 244 237 161 20 109 187 114 32
66 2 134 157 12 2 172 104 180 2 210 71 72 234 48 194 120 100 123 165 0 193 131 204 20 34 202 0 12 120 57 0
2 249 18 153 253 133 188 231 158 17 72 2 172 158 32 64 231 59 147 129 82 24 18 245 45 20 30 106 20 8 161 139
2 205 10 158 148 131 174 231 22 0 88 2 112 232 49 64 88 106 19 195 98 184 8 127 32 38 174 136 20 90 48 136
88 157 30 236 185 70 86 53 165 12 142 1 119 119 34 83 224 247 253 226 120 137 49 141 243 225 224 81 50 162 164 90
38 161 80 139 252 41 200 9 15 49 185 26 206 72 92 8 91 138 95 49 26 114 75 151 140 156 155 252 213 10 210 128
83 2 134 141 12 2 172 104 190 130 210 198 196 226 176 194 122 229 106 173 165 209 135 204 148 34 234 128 29 104 57 132
2 140 18 159 21 199 178 230 30 5 72 3 172 250 34 64 217 123 147 1 34 184 90 255 45 54 154 11 16 12 61 138
82 50 82 161 34 8 120 64 45 128 178 235 143 30 0 80 166 149 255 133 0 65 129 192 150 216 11 130 36 132 43 81
83 0 134 157 12 2 168 104 174 128 210 2 204 234 48 194 98 237 127 133 4 209 147 200 148 34 202 128 5 40 49 128
35 32 112 65 108 25 232 64 107 168 240 74 138 8 212 160 202 133 87 13 132 114 196 208 22 88 3 160 79 140 91 133
72 48 56 96 33 77 81 16 105 136 52 8 159 23 0 48 132 21 93 8 136 96 176 0 195 249 32 16 66 128 71 51
82 34 82 161 34 8 120 80 45 128 178 235 141 14 64 82 166 213 255 132 8 65 129 192 150 249 15 131 37 132 35 1
38 162 64 153 205 27 168 200 86 180 208 139 192 200 114 128 89 136 226 145 6 114 79 145 28 2 143 125 213 12 120 134
83 2 134 157 12 2 172 104 188 2 210 198 204 234 48 70 122 229 63 165 13 211 135 204 148 34 202 128 12 120 49 4
3 141 3 158 20 131 170 242 86 1 90 70 96 226 180 228 121 106 18 201 165 186 12 255 32 46 138 128 29 10 56 172
2 207 6 159 29 131 170 226 158 4 216 163 160 232 183 196 72 106 138 195 102 169 78 255 36 54 138 11 21 31 61 140
2 156 20 155 61 205 178 230 158 25 80 16 172 252 32 65 197 59 187 1 34 168 91 255 173 54 90 27 16 8 133 155
3 141 67 222 20 131 174 242 84 0 90 70 112 226 180 228 120 106 18 234 131 186 12 255 32 46 170 128 29 138 112 172
88 48 120 224 34 76 81 16 41 8 52 40 159 31 0 80 166 149 221 0 0 64 176 128 195 249 32 131 98 128 7 19
130 143 6 158 28 131 190 226 148 6 218 227 96 234 48 193 121 107 139 195 38 187 10 255 32 38 202 3 21 12 60 138
105 48 113 96 101 93 81 16 105 8 52 8 30 21 132 180 132 148 214 8 129 96 240 192 71 217 32 18 66 128 66 35
88 48 120 224 34 76 81 16 41 136 54 40 159 31 0 82 166 213 253 0 0 64 176 128 195 249 32 131 98 128 7 19
2 141 2 158 23 195 178 230 22 5 72 131 32 232 34 64 89 123 131 129 34 186 10 255 40 38 138 11 21 14 60 138
35 132 3 219 92 147 138 236 86 1 88 70 96 232 188 228 89 42 18 137 163 186 79 255 44 14 159 232 29 10 184 140
60 36 232 227 222 43 202 216 83 176 189 26 75 73 93 24 59 204 87 251 152 115 205 146 222 205 161 244 231 235 82 128
62 173 98 233 212 187 234 218 71 33 252 2 11 9 180 0 122 139 23 185 154 186 101 254 62 205 171 196 247 203 240 128
210 217 62 188 8 70 84 37 173 20 130 25 103 31 34 91 226 245 237 227 108 79 19 45 243 243 202 19 16 48 173 90
84 72 94 228 36 78 95 48 32 136 167 8 247 19 1 82 118 245 93 106 72 129 17 40 241 233 160 16 32 179 32 34
67 34 80 129 162 168 56 3 44 17 82 212 157 2 192 88 166 5 95 156 147 24 133 192 140 56 58 192 140 128 131 1
3 34 81 129 42 136 232 17 174 81 18 228 157 130 208 112 38 5 127 156 131 8 135 209 132 56 186 232 44 128 3 17
2 249 18 137 213 141 190 239 14 1 72 2 172 158 96 64 220 59 19 65 82 58 82 245 45 20 30 106 16 10 161 138
67 48 27 145 42 232 57 3 174 85 147 181 140 134 66 88 167 19 95 149 19 13 179 208 132 16 26 250 136 64 3 85
11 176 28 153 232 189 185 23 174 89 86 117 188 150 194 232 167 59 255 16 147 216 99 209 14 81 58 194 154 4 137 251
2 184 146 153 237 173 184 199 158 29 80 17 172 158 98 201 199 59 147 17 22 92 2 241 141 16 26 235 144 12 169 143
86 65 7 140 29 194 131 64 140 200 195 34 196 214 35 100 248 37 122 227 76 131 34 204 177 48 138 155 20 47 53 102
35 174 226 8 245 177 186 79 91 73 124 239 40 200 246 164 223 43 130 149 150 186 198 251 62 29 154 235 223 78 250 140
188 113 120 101 102 75 115 120 96 172 117 40 87 19 139 48 54 212 68 106 72 180 241 12 247 201 33 36 97 179 70 163
92 97 125 101 36 78 119 56 104 160 119 8 223 19 137 115 54 84 108 106 192 240 249 8 199 233 97 4 96 179 71 33
28 67 82 229 115 14 122 88 37 164 251 11 79 11 9 144 62 157 197 226 12 177 17 204 215 237 34 5 99 163 111 131
210 184 146 184 137 237 16 79 187 31 160 25 174 222 100 91 129 179 239 16 58 79 210 243 155 210 91 123 144 68 167 90
94 80 190 252 13 197 16 64 143 148 199 3 238 223 43 75 224 177 251 66 72 199 18 208 211 241 203 27 18 45 37 82
248 193 102 238 20 18 78 121 101 0 247 2 91 107 184 113 122 196 63 234 232 179 45 141 242 235 226 148 39 186 240 0
130 201 20 152 221 197 148 231 158 29 32 24 172 156 96 1 201 59 194 17 114 47 18 247 57 18 30 123 16 8 133 138
36 115 120 101 100 79 119 56 104 172 119 40 83 19 137 49 54 92 70 106 192 176 33 12 103 169 33 4 97 179 70 161
90 48 248 224 43 249 121 67 171 117 181 8 159 159 67 122 166 145 223 144 18 1 178 208 215 217 26 251 130 4 7 115
162 233 18 152 223 193 150 231 158 5 200 2 44 156 96 64 200 59 131 193 82 43 18 247 57 20 158 107 16 24 181 138
3 201 55 219 29 197 183 230 206 17 76 2 172 222 36 100 232 59 27 193 67 169 50 253 37 62 154 2 18 28 177 238
70 48 150 149 227 44 184 11 58 187 83 48 204 190 73 74 167 95 187 17 48 212 139 194 13 54 91 174 132 101 1 147
86 73 18 172 62 128 26 96 173 128 219 163 239 206 33 64 246 245 255 231 74 3 130 217 176 244 139 155 20 47 37 65
49 4 199 109 148 42 102 123 117 226 242 86 83 33 148 113 121 198 54 174 185 250 69 14 52 174 240 128 237 232 112 32
56 133 106 238 212 178 234 121 85 0 255 2 121 107 188 96 120 170 23 234 152 187 45 159 250 237 162 192 55 138 240 128
165 92 123 79 118 143 239 112 116 192 127 66 113 81 181 52 126 248 22 234 225 182 44 110 119 172 33 0 103 187 98 161
88 157 63 254 27 228 115 242 169 93 109 0 62 255 32 80 167 115 253 66 82 11 58 237 243 255 18 75 50 67 167 123
117 104 97 206 76 19 207 248 193 224 177 206 83 73 253 178 88 196 85 239 201 35 44 168 50 73 165 188 127 191 114 52
56 133 104 233 156 51 73 123 71 1 252 18 19 41 184 96 89 138 22 184 154 42 101 151 222 237 178 204 183 200 240 160
37 93 39 158 116 195 163 112 214 72 83 102 240 244 165 101 222 42 22 99 225 186 106 189 36 62 35 130 28 43 116 245
237 34 158 103 32 62 113 17 105 138 119 92 215 81 203 59 148 4 108 62 129 244 225 8 198 249 97 4 74 163 74 33
17 4 199 141 28 34 224 104 116 130 194 198 113 192 48 67 120 228 42 175 41 245 5 79 20 46 203 0 61 168 112 4
67 48 149 129 42 168 56 3 175 81 50 229 156 150 192 90 166 21 127 148 147 72 131 208 140 56 90 234 140 132 3 81
81 0 238 157 12 50 233 72 118 19 215 2 209 130 179 107 97 132 58 153 160 213 183 192 213 47 218 0 37 168 117 96
10 184 51 155 105 213 177 71 158 93 68 53 172 222 106 205 199 59 179 17 23 76 50 241 13 81 26 235 146 4 165 223
53 69 75 103 20 10 79 120 100 224 255 70 83 65 153 112 122 204 20 238 201 178 109 14 240 237 161 132 109 187 114 32
83 32 81 161 50 168 120 64 41 1 177 157 141 2 64 92 166 137 95 148 15 3 148 208 148 208 10 238 41 0 35 20
90 200 175 222 13 210 177 72 230 94 215 2 248 214 50 107 105 116 255 131 73 197 171 233 211 35 251 153 4 41 53 107
81 0 199 141 12 34 224 104 116 194 194 70 83 128 177 66 120 196 42 172 9 245 133 204 20 42 194 4 61 168 112 4
195 72 175 158 13 214 161 72 238 84 199 2 244 214 115 110 96 52 251 155 1 199 183 193 213 51 218 25 20 41 53 118
120 189 62 254 27 205 80 127 171 25 172 8 62 255 32 16 160 179 221 0 90 11 154 245 251 245 16 123 114 0 166 27
2 178 48 209 171 169 184 71 175 25 144 249 140 159 64 24 167 19 223 144 18 73 130 209 142 208 26 250 158 4 131 3
130 158 180 147 163 228 184 135 190 31 66 177 140 62 66 75 135 87 163 17 54 220 11 247 13 54 94 195 128 69 141 87
160 65 125 101 116 79 111 56 108 44 119 8 211 19 153 49 26 84 70 106 201 176 121 12 103 185 33 4 64 187 70 160
86 75 22 190 26 130 58 96 141 0 211 199 237 206 33 192 118 181 191 231 68 131 10 221 176 244 139 152 52 47 33 17
67 32 212 129 34 42 56 3 45 1 83 199 157 2 144 88 38 5 127 156 16 144 133 192 148 56 218 192 164 128 3 4
83 49 215 160 58 104 56 1 175 85 179 133 141 142 69 90 166 149 255 148 23 9 146 192 148 240 26 218 140 128 35 85
8 18 238 221 29 58 105 26 254 189 86 22 233 170 146 106 97 36 190 152 134 220 151 193 79 235 250 193 167 204 117 32
89 0 239 205 12 50 225 82 116 19 215 18 81 160 176 106 105 196 42 152 136 245 165 192 87 171 242 64 167 200 112 32
248 120 122 110 98 79 91 240 97 12 246 40 127 83 131 48 54 244 69 106 72 167 176 61 211 233 32 17 96 179 78 43
162 184 163 154 71 241 184 71 30 71 80 179 172 204 118 140 251 59 147 145 54 254 30 243 29 20 154 235 149 12 181 222
82 2 214 165 34 42 104 18 45 129 242 199 141 10 149 90 54 149 127 172 144 144 133 192 148 250 218 192 164 164 43 1
65 0 174 141 12 18 161 72 228 13 199 34 208 146 178 106 96 36 106 153 128 183 167 192 81 32 226 21 132 42 117 100
195 54 223 137 34 42 57 27 61 199 242 245 156 38 134 95 167 149 127 180 177 212 165 194 148 190 122 198 140 192 35 85
2 140 18 159 85 197 178 230 30 5 88 3 172 248 34 192 217 123 131 1 38 184 90 255 45 54 158 75 16 14 189 138
87 64 2 172 30 130 122 96 141 136 211 231 79 206 177 64 126 177 63 231 205 131 5 204 144 224 171 152 60 47 33 21
0 18 215 245 20 238 232 19 127 121 82 87 149 43 20 72 99 15 46 144 147 216 215 196 12 186 250 192 172 192 97 149
3 143 3 158 20 147 174 242 84 0 90 70 96 226 180 228 120 106 2 206 229 154 12 255 32 46 170 128 29 138 120 140
82 32 82 161 42 8 120 64 45 160 178 131 207 138 68 82 230 213 127 132 0 209 129 192 148 248 139 130 36 0 35 1
1 143 66 222 20 147 174 246 86 0 90 70 96 226 180 228 88 106 2 206 199 184 12 255 40 46 162 128 29 138 120 140
83 33 251 161 43 92 121 69 173 85 182 137 156 150 70 126 166 149 255 212 19 9 177 192 157 177 10 239 128 6 39 117
105 48 113 64 109 29 121 16 105 168 180 72 26 27 212 54 134 212 94 8 129 98 224 192 87 217 33 178 66 128 66 165
225 4 201 101 244 42 111 55 116 226 122 80 211 33 144 112 59 230 54 42 249 184 101 14 36 174 166 0 109 250 208 40
75 176 56 145 171 249 57 7 174 85 6 177 156 150 194 104 167 19 251 148 22 8 163 209 207 17 26 235 146 4 141 115
22 79 6 158 60 131 170 96 156 4 219 163 224 202 181 197 88 34 171 199 100 169 14 255 176 38 138 155 20 47 57 132
165 83 127 221 124 195 181 112 212 204 215 230 240 244 163 109 222 116 190 99 225 179 39 220 64 59 226 130 28 170 116 245
11 32 220 129 42 152 121 7 175 113 22 128 157 134 210 122 38 5 127 156 18 153 167 192 204 57 154 192 132 132 131 97
1 0 213 197 52 10 104 19 127 81 114 70 209 3 144 104 118 140 62 156 145 248 69 196 12 170 242 192 173 128 113 161
220 16 158 166 41 76 80 0 169 156 135 8 223 95 73 91 166 213 253 99 8 67 155 136 211 241 107 31 32 51 39 3
130 141 6 158 23 195 178 230 150 5 72 131 32 234 50 65 121 107 131 129 34 186 10 255 40 38 158 75 21 12 188 138
10 152 146 155 101 181 184 199 158 29 80 49 172 222 98 201 231 59 179 17 22 220 2 241 13 23 26 235 146 12 173 207
75 115 81 131 104 152 104 20 172 88 23 228 157 130 208 112 38 9 95 221 131 24 132 240 132 25 170 232 12 147 3 177
35 134 0 155 220 147 138 236 86 1 89 82 224 232 186 196 89 74 2 149 54 58 79 191 44 6 159 109 29 14 184 140
88 48 120 224 34 88 88 16 41 8 54 169 159 31 192 82 166 213 253 0 0 64 161 192 210 249 34 131 34 128 7 19
34 170 224 155 87 241 185 207 94 7 80 191 168 204 118 140 219 43 131 149 150 62 206 243 12 20 155 235 215 76 255 206
82 67 58 140 61 131 147 104 140 132 207 2 198 210 47 100 240 181 235 99 72 131 2 204 145 48 138 27 20 43 53 38
60 114 90 100 98 74 123 88 33 172 125 234 95 19 139 16 54 220 69 106 72 178 129 8 214 205 33 165 99 179 78 131
28 65 83 228 83 78 122 80 33 160 251 7 79 15 9 144 190 157 197 226 76 179 17 204 179 241 2 135 107 167 42 146
81 2 135 157 12 2 172 104 252 130 210 198 208 226 176 102 120 228 42 173 161 209 159 204 148 34 203 0 29 104 57 4
82 0 134 157 13 10 168 104 190 128 194 2 204 226 48 70 112 229 123 141 0 209 131 200 157 34 207 0 4 96 49 4
90 80 58 236 13 208 80 64 143 4 135 3 78 223 99 90 232 181 239 194 8 7 178 192 211 241 202 31 18 47 37 82
16 2 230 213 4 50 232 82 116 27 242 86 65 11 176 106 105 132 46 152 142 252 149 192 94 234 242 64 175 200 112 0
92 112 252 101 34 74 121 24 105 164 55 8 223 19 9 122 54 85 109 106 64 244 177 64 199 235 97 5 100 179 7 35
130 14 6 159 28 131 174 96 148 2 210 231 96 234 176 197 120 102 42 231 100 241 15 255 48 34 203 128 29 108 56 132
90 49 122 224 27 221 121 65 171 101 181 10 31 159 66 120 162 153 223 144 26 3 176 192 219 217 10 123 163 2 39 114
38 160 4 153 205 131 176 200 22 180 224 139 192 200 106 64 121 136 227 149 6 115 79 209 29 2 143 127 149 12 60 198
82 34 82 161 34 0 120 64 45 0 178 195 141 11 68 210 166 213 127 133 4 67 129 192 148 248 139 130 36 132 43 1
88 48 80 224 35 77 88 16 41 160 52 40 159 31 64 16 166 149 221 0 0 96 144 192 211 249 3 51 98 128 7 19
252 193 102 236 84 18 78 120 117 0 247 2 91 107 184 113 122 196 63 234 232 179 45 140 242 235 227 148 55 187 240 0
162 204 22 152 79 193 148 231 158 23 192 19 44 156 32 65 201 59 163 1 98 47 2 245 57 18 94 123 80 24 165 138
181 76 123 79 86 199 235 112 116 194 103 2 115 81 53 37 126 248 18 234 233 182 52 110 119 175 0 0 101 187 98 160
188 114 120 101 98 15 123 120 96 172 119 36 95 19 139 17 54 156 71 106 64 180 17 12 87 137 33 5 97 179 70 179
3 162 149 145 112 136 168 19 44 17 82 212 156 2 128 73 166 15 126 157 147 216 193 69 140 58 122 192 140 128 129 137
130 156 20 159 57 205 148 166 158 27 194 1 236 254 32 67 197 115 251 3 34 73 91 253 165 178 90 27 16 8 5 27
189 32 225 202 76 35 201 88 86 112 241 86 83 193 249 105 89 136 22 190 155 103 111 144 88 137 227 252 189 171 112 160
65 0 207 141 84 34 233 11 116 131 66 210 145 34 144 233 112 140 42 172 49 216 197 76 4 46 210 0 173 160 113 128
35 32 112 193 108 25 232 64 107 160 240 74 139 8 212 146 234 197 71 5 140 114 196 208 22 88 131 57 79 140 90 132
56 141 106 232 148 178 234 250 85 0 254 2 91 107 176 64 120 170 23 232 152 187 37 159 250 237 162 196 55 139 240 128
34 181 16 152 253 237 176 71 143 17 40 24 172 152 100 0 137 27 147 17 18 43 18 213 45 148 26 123 208 8 135 138
58 13 98 233 212 163 234 242 85 33 254 2 11 9 53 64 122 171 23 249 154 186 5 254 190 205 171 192 247 203 112 128
6 52 146 145 243 46 184 11 62 179 75 146 204 190 72 72 183 31 179 17 50 216 145 194 13 54 95 70 132 64 161 147
18 201 55 154 29 213 148 230 206 25 136 0 174 154 52 228 201 51 250 65 78 41 114 189 161 212 154 27 18 28 37 46
3 186 17 187 232 141 168 7 174 25 17 244 148 146 100 74 135 27 123 145 19 8 130 113 140 16 58 234 152 0 129 137
164 64 125 101 36 79 103 56 108 172 119 8 211 23 153 49 16 212 78 106 105 180 121 12 103 185 33 4 98 187 70 160
28 17 122 101 114 26 123 80 33 160 255 34 95 23 169 80 118 157 197 234 136 177 33 12 210 237 34 133 103 163 102 131
83 32 25 129 18 105 105 66 41 101 177 25 142 2 66 88 34 129 94 156 31 19 133 208 149 144 154 248 1 0 35 100
60 88 122 110 102 75 123 112 97 12 127 42 127 83 163 48 54 252 5 106 72 179 40 44 243 237 32 128 101 179 102 171
72 18 182 201 12 54 160 80 228 9 215 102 128 146 225 234 96 4 234 152 128 167 131 192 84 33 170 65 2 8 121 131
6 190 148 147 177 228 188 135 62 31 67 49 236 254 74 72 135 91 163 17 54 88 155 247 13 22 95 195 128 69 141 83
101 2 254 101 36 14 99 24 105 140 119 72 211 65 155 59 16 196 76 110 136 244 233 8 198 249 97 4 98 163 66 97
120 189 58 122 89 237 80 255 171 25 172 8 63 255 32 16 161 179 221 0 26 75 154 181 251 249 17 123 82 0 166 27
72 2 182 221 45 54 176 72 230 144 199 35 232 219 41 234 224 52 251 129 0 193 131 201 87 115 203 27 2 44 61 34
53 65 75 103 20 11 79 120 100 224 255 78 83 65 153 48 122 204 92 110 201 178 109 14 240 237 161 148 109 187 82 32
80 170 154 185 170 168 57 135 46 23 206 161 239 167 66 88 183 55 237 144 26 152 195 49 207 231 62 65 160 66 173 91
88 0 230 221 5 34 224 2 102 145 194 66 201 35 16 75 96 132 42 152 0 208 135 192 22 110 218 1 175 168 113 2
1 128 149 213 176 170 41 55 116 3 66 80 213 35 144 104 115 14 58 156 49 216 101 15 12 174 114 64 140 128 161 168
218 64 63 220 13 212 145 64 206 94 135 18 220 213 115 107 232 52 251 195 72 103 178 208 211 51 203 27 18 45 53 98
82 32 82 161 42 8 120 64 45 0 178 130 143 138 64 80 238 149 127 133 8 67 129 192 148 248 139 130 4 132 35 4
82 0 198 141 15 2 232 72 172 128 210 2 204 138 48 66 106 197 127 137 8 211 135 192 149 34 138 1 4 8 49 6
98 32 192 141 77 25 232 72 111 160 240 139 138 8 86 130 234 205 194 1 4 114 197 208 22 24 3 57 69 12 91 134
83 34 82 161 42 8 120 64 45 128 242 199 207 138 64 82 238 197 127 132 8 211 133 192 156 176 139 128 44 128 35 4
50 32 68 137 79 75 176 72 143 180 176 11 0 200 102 0 233 137 235 145 14 115 75 209 29 16 143 63 21 12 124 194
39 162 64 153 221 145 162 200 86 181 240 155 96 200 126 128 89 138 162 149 54 114 79 151 28 6 143 125 149 12 248 132
130 141 6 158 31 211 166 230 150 5 200 3 96 234 32 193 233 107 139 195 102 171 10 255 41 38 218 3 17 12 60 142
90 50 122 224 34 8 120 64 45 132 182 169 143 31 192 82 166 213 253 128 0 65 129 192 214 241 42 131 38 128 39 3
83 0 134 141 14 2 232 72 236 192 210 70 220 162 176 98 106 197 126 141 137 211 135 192 148 34 238 128 44 40 49 4
3 143 2 158 20 147 170 230 86 0 90 70 96 234 180 196 120 106 2 141 167 186 12 255 32 46 138 128 29 14 56 140
151 71 6 156 60 130 170 96 148 132 211 231 224 232 181 197 122 224 46 231 236 167 7 206 176 34 234 137 29 47 57 132
92 96 248 101 35 90 120 8 41 164 119 171 223 23 73 218 54 213 237 178 0 213 129 64 215 233 98 5 230 163 15 3
48 141 110 232 148 178 74 246 69 0 254 2 83 43 176 64 120 166 31 232 248 187 37 159 250 237 162 192 55 138 112 8
66 156 148 159 41 204 148 162 158 26 146 33 236 254 32 67 199 115 239 3 34 73 91 253 129 242 90 155 16 44 5 91
189 207 96 110 20 147 78 252 81 194 252 206 115 105 185 33 92 232 21 238 233 167 44 191 114 207 165 184 127 187 112 8
3 14 7 159 28 2 174 104 148 66 210 199 96 226 176 199 120 100 42 175 229 209 15 237 52 34 235 128 29 120 48 20
90 48 88 224 3 77 120 64 45 160 166 137 159 31 64 16 166 149 253 128 0 97 145 192 215 249 3 51 98 128 7 19
130 78 6 158 71 163 178 226 148 6 64 179 32 202 35 73 121 123 131 131 102 254 10 255 0 38 218 11 21 93 60 138
5 72 213 243 36 138 104 20 110 81 115 70 213 3 156 104 102 12 62 94 131 240 71 97 4 186 50 192 172 131 81 161
60 97 82 164 17 66 122 96 37 132 235 11 79 154 41 212 250 141 204 226 76 179 1 204 177 241 130 7 33 39 38 6
176 205 122 250 95 193 87 230 148 4 228 10 50 215 32 49 104 186 19 202 106 175 50 63 115 137 128 41 113 24 246 170
252 73 102 236 68 18 110 248 117 128 246 2 91 41 181 113 122 196 63 234 232 179 45 142 242 235 227 132 39 187 112 0
2 180 148 145 185 228 184 7 190 31 2 177 140 182 66 75 135 27 171 17 54 88 130 211 13 22 94 235 144 68 141 83
34 200 22 154 79 193 148 231 158 31 208 59 44 190 98 64 201 59 163 1 66 47 2 245 57 18 94 123 80 92 165 139
177 76 55 92 69 215 231 230 213 66 224 2 50 216 53 229 104 232 18 207 233 191 54 255 49 58 194 0 91 57 112 172
156 112 90 101 98 14 122 88 33 162 103 5 95 23 9 25 62 157 199 226 0 180 17 76 215 201 33 5 107 179 107 146
8 201 56 184 61 221 84 175 198 89 136 9 183 152 42 224 201 155 223 1 79 43 82 53 235 213 62 121 16 24 156 10
6 164 150 145 147 226 184 15 62 179 75 18 204 190 72 73 183 31 187 145 50 216 145 198 45 54 31 71 132 64 165 130
82 65 18 140 29 2 90 64 141 4 203 2 78 194 33 84 248 189 203 227 72 131 16 204 177 180 138 31 20 42 57 6
244 64 123 101 4 79 103 48 116 166 231 8 211 19 29 53 56 212 76 106 105 180 121 14 229 249 97 20 67 187 70 34
188 115 90 100 114 14 123 88 33 172 127 239 91 131 171 16 62 156 5 234 200 178 0 10 242 237 33 133 111 179 110 145
117 65 107 103 52 10 111 56 96 224 255 74 83 1 153 48 122 196 92 110 201 176 237 12 244 237 33 148 109 187 82 33
170 168 160 155 207 241 184 207 30 119 80 187 172 204 118 140 219 59 147 145 22 126 238 243 13 20 155 235 215 12 159 222
122 112 186 236 41 213 16 72 175 12 191 43 14 223 99 82 216 181 239 64 8 3 162 208 211 241 11 187 18 46 39 83
120 189 56 120 89 237 80 255 187 25 172 8 63 255 32 16 133 187 215 0 26 75 210 53 219 221 17 123 210 0 38 155
195 218 165 145 170 156 173 191 14 123 18 244 180 52 212 239 135 71 126 29 247 76 255 245 12 58 126 214 140 20 145 125
1 152 23 219 96 133 41 151 62 25 66 112 181 211 168 232 135 59 54 24 147 220 3 117 140 162 58 192 152 128 161 185
7 51 229 1 178 62 168 27 110 249 27 246 220 60 220 238 55 15 126 189 149 208 181 192 12 62 127 198 140 228 129 245
83 83 67 172 54 2 106 120 141 200 219 231 77 206 185 68 126 165 63 239 201 131 36 204 144 240 170 140 61 175 49 85
60 59 90 110 82 14 123 80 49 132 117 15 95 67 35 80 62 189 133 234 8 179 152 8 211 237 32 1 99 179 110 130
5 106 85 195 100 136 106 144 238 81 83 196 149 130 216 98 102 13 126 222 131 144 207 241 4 184 170 192 44 147 97 149
248 49 122 224 23 93 89 65 41 108 181 10 31 159 102 112 250 153 221 240 26 35 48 194 211 217 2 127 99 3 102 114
77 112 249 97 52 77 113 24 105 236 53 40 159 29 201 56 150 28 84 120 131 48 241 0 199 217 32 166 102 131 71 99
196 176 153 240 200 108 17 194 186 51 161 24 150 151 72 59 131 151 105 16 59 79 250 83 217 145 82 126 136 65 135 178
82 176 146 186 153 237 16 79 187 23 168 25 174 222 100 90 161 187 235 16 18 79 154 243 153 212 26 123 144 68 167 218
28 19 82 229 114 2 122 88 37 168 255 231 95 31 169 208 126 157 149 226 8 179 1 204 242 237 162 132 39 163 99 145
67 0 199 193 68 160 232 4 111 17 82 66 129 139 80 74 98 141 58 152 19 152 199 192 4 184 218 64 172 128 161 0
1 0 213 209 196 170 104 19 126 17 82 86 145 3 148 72 99 15 46 152 147 248 199 64 12 170 242 64 172 128 225 128
82 34 0 129 3 56 40 66 40 9 146 82 140 2 192 120 106 129 95 152 26 11 132 208 212 0 186 237 128 4 35 36
72 170 147 200 195 233 115 87 39 7 108 40 44 183 96 84 127 186 35 152 18 26 226 243 93 148 16 106 178 194 166 235
237 34 245 101 100 46 99 24 105 236 115 72 211 65 153 27 144 4 76 46 129 244 225 8 70 185 97 132 66 163 66 97
88 0 134 216 13 114 240 75 246 3 195 18 10 155 49 203 232 164 235 161 8 199 131 192 211 98 218 27 179 108 125 2
34 32 64 137 77 9 240 72 79 164 240 11 138 136 86 0 232 141 203 129 12 99 199 208 22 16 131 59 69 12 94 134
34 34 6 152 79 201 176 72 159 180 240 11 206 204 98 64 249 185 235 145 10 115 218 209 29 16 143 63 81 12 52 194
66 24 158 158 41 192 20 38 142 30 210 33 238 254 32 66 198 119 239 1 2 73 203 253 193 179 123 155 16 40 37 91
82 48 120 224 3 77 121 64 41 164 166 11 31 31 4 16 162 149 221 128 8 67 144 192 211 249 11 51 96 0 7 18
82 34 90 225 34 8 120 64 45 160 178 233 143 11 64 82 166 213 239 128 8 65 129 192 150 249 47 147 36 128 43 3
67 34 86 133 110 8 104 64 45 160 242 198 221 130 144 82 110 197 127 140 1 211 133 192 148 48 139 128 13 0 35 0
83 74 6 157 36 2 168 122 148 130 210 231 64 162 181 205 126 164 46 173 236 151 7 204 144 34 234 132 29 173 121 5
67 2 143 157 12 2 173 120 252 194 210 198 208 226 178 103 126 101 42 175 165 209 39 204 20 34 238 128 13 240 49 116
3 143 67 158 20 147 174 230 86 0 72 198 96 224 180 228 88 106 2 207 231 184 12 255 40 46 130 0 29 142 120 140
94 98 210 229 35 10 120 0 41 165 179 171 15 11 73 218 54 149 237 176 12 209 129 192 214 253 34 133 167 165 47 3
65 0 199 141 12 2 232 72 118 192 210 70 209 226 176 98 122 196 122 140 129 211 135 196 148 42 239 0 45 168 113 0
6 14 130 158 146 163 178 67 22 7 74 183 96 234 35 192 123 107 131 133 36 156 4 255 32 38 154 3 156 109 44 142
130 167 142 145 178 162 188 231 62 53 90 179 140 46 88 65 103 95 155 145 50 216 1 199 44 22 222 199 132 68 173 139
176 133 110 234 212 163 107 125 85 1 255 18 113 235 188 65 120 162 23 170 184 187 61 95 122 173 162 192 53 138 112 8
181 206 105 254 20 131 78 252 81 194 240 206 115 105 189 1 93 230 21 238 233 103 12 191 114 239 229 152 127 251 112 152
60 162 233 169 76 107 201 73 22 119 149 155 67 77 90 136 89 136 135 181 154 118 111 18 95 71 185 253 245 172 86 208
156 0 91 101 67 94 122 88 33 226 231 3 91 31 1 152 58 157 211 238 12 151 17 72 215 201 0 5 99 163 106 194
188 73 122 108 83 71 123 80 97 132 103 10 123 195 35 17 122 248 7 234 8 179 48 12 83 233 32 0 99 179 106 178
242 51 58 232 56 225 82 81 173 12 189 43 6 223 99 80 222 185 207 96 8 3 162 210 211 245 11 187 16 42 39 83
126 69 18 188 29 134 82 104 133 132 233 11 111 194 33 80 248 185 139 227 76 131 18 156 179 245 129 27 48 47 60 2
42 184 160 155 79 241 176 207 31 117 80 171 172 156 118 140 203 59 147 145 22 122 218 241 13 80 219 235 215 12 159 222
176 53 58 224 181 103 87 81 49 72 253 58 31 159 37 48 248 157 85 176 56 167 48 206 243 217 34 191 99 0 230 115
28 221 58 254 155 212 22 246 187 12 252 33 63 255 35 240 230 251 253 194 78 11 186 253 243 253 102 187 122 55 46 219
76 49 120 225 54 121 123 16 105 165 61 40 159 31 193 52 182 29 221 120 130 48 225 192 198 221 32 167 102 131 79 35
66 180 146 186 185 237 16 79 187 31 169 57 174 222 104 88 163 187 239 16 26 75 154 241 155 212 27 123 144 68 167 219
254 77 102 236 4 10 78 240 101 162 246 2 75 9 181 81 122 229 61 234 232 183 69 238 242 235 231 132 39 187 112 0
191 91 97 110 44 23 86 248 195 200 181 239 115 221 255 55 220 240 213 111 205 35 46 185 114 201 165 190 127 191 82 119
34 143 138 158 90 161 146 198 150 5 72 167 36 234 35 64 201 123 131 193 38 42 10 127 48 38 154 11 21 89 45 142
60 65 82 228 81 2 94 96 33 132 235 3 79 11 41 80 248 157 129 226 76 179 17 204 179 225 130 7 35 163 110 130
157 118 83 100 115 30 122 80 49 234 243 255 95 31 161 149 62 141 149 238 173 151 16 138 178 201 160 132 111 167 106 209
172 76 127 101 68 78 103 48 116 162 102 8 211 85 17 49 88 244 66 106 105 180 113 12 101 171 65 0 97 185 70 32
9 220 253 119 226 218 253 182 82 119 118 176 249 61 146 43 7 82 181 10 243 252 127 191 111 203 117 193 231 196 197 249
68 176 153 242 232 237 49 195 186 59 33 24 150 151 72 122 129 27 75 16 19 94 186 83 221 133 50 109 208 65 135 178
82 157 87 204 27 66 79 53 161 0 174 160 126 55 0 87 98 246 125 234 89 137 113 77 177 176 192 18 34 162 164 122
56 189 56 120 121 237 81 119 191 9 252 8 190 191 32 48 129 187 223 0 26 43 114 181 219 221 48 123 82 0 134 187
91 83 67 164 54 2 123 80 45 72 218 230 29 14 177 228 126 141 159 237 137 147 37 204 176 252 170 132 47 174 49 85
13 156 253 95 45 246 145 186 215 223 84 180 248 253 155 175 23 118 181 0 177 240 63 169 79 127 117 131 214 236 84 115
43 176 210 90 195 253 176 79 123 67 101 8 40 218 236 188 187 59 162 16 23 62 186 243 31 30 16 107 219 68 234 143
82 200 30 204 15 149 138 232 204 4 194 2 228 202 53 68 104 225 107 203 72 3 18 253 145 32 138 25 17 11 57 14
156 87 82 228 115 18 122 112 53 232 247 247 75 15 185 208 126 157 149 234 237 183 1 206 242 233 162 132 47 166 106 145
109 34 200 97 100 59 96 24 105 170 119 104 219 1 217 191 18 4 100 62 145 240 193 0 198 217 97 133 206 171 74 177
82 0 134 161 141 98 160 71 101 17 194 19 128 139 100 74 232 133 106 145 18 217 131 192 149 160 218 67 129 9 245 2
1 18 69 145 132 236 104 19 110 89 82 116 149 146 192 104 98 14 46 156 147 152 215 64 4 168 186 192 140 128 225 177
67 146 16 145 160 173 40 83 172 25 176 116 132 2 192 88 34 3 79 152 146 8 68 80 156 16 186 232 152 0 131 129
157 207 104 87 246 154 239 189 80 60 28 242 249 105 158 165 55 66 21 239 242 252 109 191 110 75 165 229 55 158 208 233
62 158 181 114 163 85 20 188 27 223 52 189 110 125 78 159 151 83 181 81 190 106 42 225 75 215 93 255 210 245 134 95
120 76 50 254 93 197 82 224 215 12 232 8 98 219 33 80 200 186 141 66 74 3 74 191 243 245 128 59 18 10 118 42
245 123 81 202 110 65 143 248 202 248 177 238 84 213 217 51 30 209 93 235 203 103 234 120 48 8 45 188 125 187 3 177
75 249 188 83 169 212 179 148 202 121 22 48 188 253 218 230 135 82 253 89 215 72 250 177 79 89 125 235 134 14 157 127
46 156 252 118 115 246 89 186 155 223 117 161 109 127 26 31 151 115 181 5 166 220 42 189 75 223 85 227 247 228 78 123
181 77 238 254 140 35 79 232 209 226 188 138 115 105 191 59 89 230 20 238 233 231 44 46 242 174 197 16 117 251 112 104
60 5 115 100 83 66 111 96 33 128 234 2 75 155 33 52 120 141 66 234 72 179 32 204 179 236 128 5 99 163 102 226
82 217 62 190 58 209 86 252 171 76 188 45 110 255 35 80 230 243 221 192 206 11 10 253 243 245 39 187 56 18 47 95
79 184 245 95 111 244 185 24 207 221 87 164 248 253 214 238 7 118 243 29 151 64 255 209 79 127 121 171 158 172 21 245
9 144 183 249 180 174 105 23 118 89 66 84 213 19 176 105 49 14 54 24 147 216 49 21 205 170 114 64 136 128 193 33
58 179 104 169 126 83 88 253 7 125 157 239 207 45 218 144 223 157 215 165 158 42 109 149 218 213 169 255 247 142 158 211
40 126 112 92 110 249 147 214 91 14 124 168 171 145 135 180 14 122 134 64 34 42 102 187 70 213 48 187 87 221 70 171
40 211 88 233 124 201 87 191 15 61 60 57 183 23 138 80 211 26 7 64 90 56 75 53 230 149 48 245 116 136 196 107
33 208 33 15 109 93 197 173 95 91 80 28 242 120 30 164 217 10 18 13 199 36 115 145 39 58 208 58 90 28 216 222
188 72 90 100 68 198 99 80 165 140 246 32 83 215 163 17 88 236 71 234 72 179 32 8 83 169 97 129 99 179 110 227
77 51 216 97 96 26 112 17 105 168 119 236 143 19 194 190 182 12 228 60 149 176 193 64 134 221 97 199 206 166 75 145
111 184 240 26 235 189 176 202 75 29 125 12 40 216 110 188 169 43 226 17 150 122 222 241 30 28 83 107 219 79 235 143
158 216 244 247 181 214 221 180 251 157 182 177 239 127 31 207 167 215 253 211 238 228 169 237 235 251 207 215 167 181 93 119
34 184 168 155 205 253 176 207 11 117 92 139 172 220 102 140 201 59 211 145 22 58 250 241 31 84 159 235 213 14 159 222
2 184 57 184 124 229 186 207 30 77 88 55 172 222 98 64 223 59 19 17 22 15 58 243 159 212 154 239 148 8 165 223
153 86 82 224 114 22 126 114 49 106 246 246 11 14 135 245 126 141 151 230 237 151 37 206 178 249 162 134 111 180 106 85
106 176 56 186 237 213 185 207 139 93 188 43 172 222 110 142 239 187 151 17 150 43 186 241 95 81 154 255 214 12 173 223
219 91 99 136 54 86 123 82 45 76 222 230 31 158 183 100 110 157 191 237 201 159 37 206 246 125 170 128 47 172 53 125
169 105 21 77 93 223 71 52 101 40 230 72 242 17 21 181 136 164 82 106 233 190 113 29 39 186 65 16 66 184 66 172
68 176 155 115 240 237 49 210 50 57 105 24 149 151 72 120 49 26 2 24 19 28 186 18 77 133 50 108 224 67 135 163
78 40 130 180 9 52 152 130 168 210 138 133 236 170 71 218 231 103 249 199 4 67 147 224 144 119 218 155 140 119 43 94
76 251 234 65 199 216 49 212 102 85 102 7 9 133 98 76 96 8 170 208 134 56 183 176 95 65 134 69 227 140 124 254
58 179 104 169 126 27 90 61 7 109 156 239 143 13 218 144 94 157 215 245 158 26 101 149 206 213 169 245 126 142 158 209
46 31 120 123 122 185 146 19 157 140 125 237 171 77 167 144 206 59 135 82 182 170 66 191 102 213 32 187 223 237 78 151
33 88 253 221 126 121 145 158 94 79 84 42 182 60 151 44 74 74 22 65 166 40 103 187 68 62 48 155 116 92 84 239
11 51 242 65 114 26 120 17 105 105 126 237 143 26 198 176 166 13 214 20 151 184 165 192 142 221 34 198 238 134 203 213
164 90 122 124 108 194 87 80 229 140 246 32 82 213 167 59 216 244 70 106 72 163 98 8 83 185 224 137 66 187 102 227
226 232 232 26 237 249 242 206 219 71 188 25 40 204 118 148 139 171 195 21 22 47 250 243 31 92 22 123 213 92 207 222
222 80 180 86 139 118 28 136 175 246 135 29 78 254 79 223 133 213 253 3 236 69 251 240 147 123 93 23 130 117 13 87
130 188 49 186 244 229 186 207 30 75 80 87 181 222 96 0 223 27 23 17 50 30 26 243 237 148 154 234 148 8 165 155
211 76 98 192 53 182 127 71 61 2 198 146 143 155 182 100 110 189 155 141 232 159 52 238 178 124 138 2 7 140 53 44
