104 96 90 220 77 221 208 69 155 4 253 11 42 217 110 148 216 186 195 0 66 54 210 147 87 221 16 59 83 158 206 138
32 249 120 114 72 221 148 207 202 61 36 9 50 155 102 16 137 27 226 64 70 43 218 51 95 141 53 127 81 8 79 138
197 72 215 89 40 132 112 148 231 152 166 80 222 147 229 111 194 116 110 90 32 197 35 96 195 186 101 16 18 145 32 41
165 38 177 19 96 189 224 74 122 75 113 93 150 200 222 56 177 10 6 29 135 118 174 82 4 30 112 108 200 197 67 196
18 232 146 186 73 173 144 198 47 5 232 9 174 146 68 28 232 155 162 17 14 58 210 97 145 148 90 43 192 11 175 142
118 116 252 246 136 108 85 10 171 190 143 25 86 247 75 90 129 213 109 2 76 71 219 64 211 183 85 63 128 113 6 82
193 194 93 229 36 10 109 49 108 2 118 208 221 3 144 115 102 68 62 110 225 180 101 205 228 187 226 128 44 160 193 41
24 9 20 65 129 31 37 23 100 0 174 0 131 35 128 228 96 2 72 8 64 137 113 16 227 220 18 20 58 208 128 44
0 128 144 152 111 233 176 202 142 19 64 18 172 210 104 74 195 59 34 1 2 68 154 211 5 22 91 47 144 73 1 131
86 33 152 182 169 124 80 11 171 191 141 25 14 247 75 26 129 215 237 16 30 75 218 64 219 245 21 63 128 225 142 66
229 38 221 97 164 46 101 17 121 170 51 92 211 33 208 59 149 4 108 60 185 244 229 2 206 219 101 84 200 234 210 33
178 8 151 190 72 237 64 66 155 0 224 72 38 218 37 155 136 185 70 1 41 47 82 56 145 178 0 58 80 40 6 172
82 161 20 184 9 200 16 105 171 53 129 25 174 210 74 159 129 187 237 1 94 75 202 209 145 208 75 127 0 4 143 70
178 8 18 190 73 141 1 66 155 6 224 9 38 218 37 20 200 179 71 1 10 15 82 249 145 176 88 26 80 9 38 14
50 200 20 186 9 205 80 232 143 20 160 9 38 218 46 21 200 179 69 65 78 43 90 181 147 208 24 123 80 13 14 142
50 232 17 186 73 205 64 230 171 21 160 73 46 154 64 145 129 187 196 65 75 79 210 245 145 208 88 58 16 0 7 172
132 136 22 155 129 169 160 202 190 23 66 16 236 210 104 72 177 11 34 144 34 84 10 115 13 2 95 103 144 0 165 130
161 203 13 225 44 143 79 189 78 184 16 78 243 1 112 33 216 64 62 110 249 124 73 157 173 218 229 116 24 138 208 40
52 77 3 60 24 195 70 226 133 164 232 9 7 128 33 16 72 236 64 66 76 187 0 46 176 228 1 25 112 57 38 128
224 232 18 18 73 201 16 192 170 49 161 9 38 130 72 214 128 128 234 82 70 71 202 113 29 16 1 123 64 7 42 6
177 44 200 52 64 43 68 106 80 178 161 88 115 32 192 59 25 238 64 46 104 118 204 42 84 131 117 56 97 248 82 168
48 0 2 137 72 9 32 64 118 32 226 2 67 130 32 80 120 140 106 8 0 210 197 16 20 160 3 32 97 8 112 128
32 0 6 137 72 3 32 72 164 32 194 3 64 130 32 64 72 12 106 128 8 211 195 0 20 34 130 8 16 8 48 128
48 32 6 9 74 9 32 64 116 32 194 2 195 128 0 64 120 140 106 8 8 211 199 0 148 34 131 0 33 8 16 128
64 32 22 136 72 11 32 72 230 32 194 8 132 128 32 64 96 12 106 0 0 243 129 16 20 32 3 56 0 8 35 130
64 32 0 1 72 9 96 64 100 32 226 8 131 0 0 80 104 140 106 8 0 82 197 0 148 32 131 8 32 0 3 128
112 32 2 5 72 9 32 64 172 32 162 8 134 128 0 80 104 140 106 0 0 195 193 64 148 32 11 48 64 8 35 128
50 201 17 186 72 205 64 238 143 21 160 9 39 219 32 145 136 179 195 65 14 43 90 53 147 208 80 58 112 8 6 138
198 233 150 146 201 201 176 198 172 17 128 25 140 146 109 143 193 19 202 81 86 75 194 224 157 16 94 127 128 92 173 14
193 19 157 125 184 44 49 19 168 89 55 244 220 55 128 123 134 23 124 0 177 72 163 69 196 187 114 198 136 225 3 49
32 165 120 65 216 109 81 159 99 53 44 24 18 53 78 20 25 26 64 56 58 106 250 23 111 141 17 125 193 192 206 234
161 40 200 53 64 11 230 34 114 162 96 216 243 33 192 58 25 236 96 14 120 246 196 34 68 134 117 48 97 249 82 128
181 96 129 149 148 3 128 74 18 163 1 218 0 192 97 140 89 108 2 21 43 254 205 130 136 6 157 60 148 105 16 164
