81 32 151 133 10 10 96 64 236 160 194 66 212 130 80 114 96 197 106 140 1 209 133 64 156 34 143 0 32 0 35 36
80 32 7 136 72 8 33 64 102 32 194 10 2 130 32 86 104 204 106 136 9 211 149 64 20 32 3 40 0 0 35 0
32 32 2 129 73 73 160 72 54 164 226 10 192 128 96 16 120 140 106 0 0 243 197 16 20 0 3 49 65 8 22 130
88 0 134 29 73 2 32 72 246 128 198 0 66 225 32 66 113 100 106 8 8 211 207 16 93 35 101 9 66 32 112 0
32 160 148 13 10 15 32 200 22 184 192 72 210 240 64 0 89 76 106 16 10 211 203 16 28 2 37 52 16 40 34 128
32 32 128 164 78 73 160 72 46 160 240 139 130 128 68 2 104 204 66 1 0 114 203 80 29 0 7 57 65 40 86 130
64 0 151 29 8 2 101 104 244 130 226 64 82 225 160 66 112 100 106 40 32 241 139 13 20 34 103 0 80 120 112 32
81 34 86 173 74 10 224 72 46 32 242 206 223 130 0 82 106 197 110 128 13 243 199 192 148 160 170 0 105 8 43 128
20 160 148 153 219 195 32 200 22 176 192 10 70 210 104 68 89 88 226 16 2 82 203 21 157 130 5 125 184 8 8 130
48 0 134 157 9 11 160 72 54 164 194 3 228 227 32 66 120 204 106 32 2 211 219 157 149 34 203 19 16 8 52 130
32 32 2 137 75 15 160 72 22 160 224 74 212 192 96 208 120 12 106 0 3 243 219 17 21 128 3 40 121 8 42 160
80 34 14 137 72 11 33 72 230 32 194 2 208 130 32 66 104 76 106 136 0 209 131 0 21 34 35 1 32 0 33 160
48 32 7 144 75 195 160 72 246 128 242 10 64 194 96 208 121 173 106 128 4 243 223 208 20 2 11 9 65 8 107 134
81 32 158 133 10 14 96 64 236 160 194 66 220 130 80 114 96 197 106 136 1 209 133 64 156 34 143 0 32 0 35 4
32 32 192 164 76 9 160 72 14 160 240 139 130 128 68 2 104 220 66 1 0 114 203 80 29 0 7 57 65 40 71 130
64 0 158 93 8 10 36 104 244 130 226 64 82 240 160 98 112 100 106 40 41 241 139 13 20 162 103 0 88 120 96 32
20 160 148 153 219 131 32 200 86 176 224 10 198 210 104 192 89 88 226 16 2 82 203 21 157 130 5 125 176 8 5 162
81 32 151 133 10 10 96 64 236 160 226 66 220 130 80 246 98 197 106 136 1 209 133 64 156 34 143 0 32 0 35 36
33 32 7 1 72 11 160 72 102 160 226 76 192 192 64 80 105 12 106 0 1 211 207 16 20 2 3 16 73 0 115 128
32 32 192 172 76 73 160 72 14 160 240 139 130 128 68 2 104 220 66 1 0 114 203 80 29 128 135 57 65 40 70 130
64 2 151 93 8 2 100 104 244 130 226 64 82 225 160 198 112 100 106 40 41 241 139 13 20 162 231 0 8 120 96 32
20 160 148 185 219 203 32 200 86 176 224 10 230 210 104 196 89 88 226 16 2 82 75 21 157 130 5 127 208 8 44 130
48 0 134 157 73 139 160 72 54 160 194 3 228 226 32 194 248 236 106 32 0 211 219 157 149 34 203 17 16 8 48 130
96 34 5 161 76 11 96 72 70 160 194 78 215 128 64 66 104 196 106 12 9 115 207 144 156 162 167 48 56 8 48 128
32 32 22 128 75 3 160 72 254 128 242 10 64 194 96 80 120 141 106 128 0 243 203 208 21 2 11 11 65 8 99 130
17 32 10 141 74 2 224 72 118 0 242 66 217 194 160 98 120 204 106 136 0 243 207 80 84 160 162 8 97 8 99 128
96 0 134 157 73 11 32 72 182 176 194 11 194 194 96 194 120 204 106 0 12 83 203 208 149 32 139 61 16 8 50 130
48 32 14 157 76 139 97 72 86 160 66 2 211 192 96 64 120 236 98 8 8 241 79 156 220 162 167 0 49 136 112 128
48 32 6 129 75 139 160 72 110 16 242 2 192 194 64 66 104 236 106 128 4 227 223 80 149 2 131 15 65 0 107 134
96 34 74 129 78 9 161 72 46 164 242 10 194 128 64 80 104 140 110 136 8 243 195 80 20 32 35 40 65 8 67 160
80 32 142 5 72 10 32 72 118 160 194 8 82 128 96 82 112 204 106 8 0 211 141 16 20 32 7 0 0 0 115 128
64 0 142 29 72 66 33 72 246 128 198 0 210 224 32 66 113 100 106 8 8 211 239 16 29 34 103 8 64 32 112 32
48 32 132 13 8 75 32 72 22 176 192 64 66 224 64 0 89 76 106 16 8 211 219 16 29 2 5 52 16 8 38 130
81 32 159 133 10 10 96 64 236 160 226 66 222 130 80 114 98 197 106 136 1 209 133 64 156 34 143 0 32 0 35 4
48 32 6 137 73 11 160 72 110 160 226 8 194 192 64 82 105 204 106 128 0 243 223 80 157 2 7 49 65 8 115 134
96 32 192 172 76 73 160 72 46 164 240 139 130 128 68 18 104 204 66 1 0 114 203 80 29 0 7 57 65 40 70 130
64 2 151 93 8 2 101 120 244 130 226 64 80 227 160 66 112 100 106 40 41 241 139 13 20 162 231 0 1 120 96 32
32 34 7 141 74 11 161 72 62 164 242 66 199 194 64 212 120 204 106 0 0 240 193 80 148 160 35 32 97 40 39 160
20 160 20 185 219 195 32 200 86 176 224 10 230 210 104 132 89 72 98 16 2 114 75 21 157 130 7 127 144 8 44 130
81 32 159 133 10 10 105 64 236 160 226 66 222 130 80 114 98 197 110 136 1 209 133 64 156 34 143 0 40 0 35 36
96 32 6 5 75 9 160 72 38 160 226 10 64 193 64 146 104 204 106 0 0 211 203 16 29 2 7 40 0 8 18 130
49 32 134 29 73 143 32 72 150 184 198 0 98 224 32 68 121 108 106 8 10 211 203 31 24 134 5 36 80 40 42 128
96 34 1 5 74 9 160 72 38 164 242 74 194 160 192 146 104 204 106 8 0 242 195 80 20 160 35 40 97 8 35 160
16 2 150 157 11 131 32 104 182 132 194 3 68 226 32 66 120 108 106 160 36 195 75 220 149 34 195 11 16 8 41 130
96 32 192 172 77 73 160 72 46 164 240 139 130 128 68 2 104 220 66 1 0 114 219 80 29 0 7 57 65 40 70 130
33 32 14 169 78 11 160 72 22 160 242 10 211 192 64 64 120 140 106 8 13 242 203 16 92 129 167 41 121 8 120 128
112 34 82 129 74 73 96 72 238 32 242 202 10 130 64 80 106 140 110 128 8 243 199 80 148 0 131 57 105 0 103 134
96 32 72 161 76 9 224 64 44 36 242 138 194 0 0 80 104 140 106 136 0 242 193 64 212 160 3 41 97 8 107 128
80 0 142 29 8 2 32 72 246 128 194 4 210 226 32 64 120 100 106 0 8 211 199 16 84 163 227 24 72 32 120 128
32 32 20 13 74 203 160 72 86 180 192 6 194 128 0 6 89 108 106 0 12 243 219 16 28 0 3 53 80 8 36 132
112 0 142 157 72 15 32 72 166 164 194 11 194 194 64 82 104 196 106 12 11 195 219 17 149 34 131 56 16 8 16 0
48 34 7 141 78 75 33 72 22 160 242 74 211 193 64 64 120 140 106 8 8 242 219 16 93 130 37 40 113 8 116 162
48 32 22 129 75 195 160 72 230 144 242 2 192 210 64 98 104 236 106 128 4 227 223 80 149 2 3 15 65 0 35 134
104 34 208 101 40 25 120 0 41 168 178 9 207 43 68 146 202 197 236 0 8 98 193 0 198 249 33 49 64 160 79 2
64 2 143 93 8 2 101 120 244 130 226 64 80 225 160 66 112 100 106 40 41 241 139 9 84 162 231 0 9 120 96 32
20 160 148 184 203 207 32 200 86 176 224 10 198 210 104 132 121 88 226 16 2 82 219 21 157 130 5 127 208 8 45 130
72 34 134 29 88 131 32 72 246 128 194 68 64 225 32 82 89 108 106 32 32 211 139 28 92 163 103 8 88 32 40 130
0 48 22 9 73 75 160 72 254 160 226 33 196 210 98 66 248 204 234 0 5 243 155 64 28 2 3 3 72 0 43 134
96 32 4 13 75 75 32 72 6 176 192 74 212 128 64 210 105 204 106 0 8 83 219 16 29 2 3 60 80 8 6 130
81 32 142 13 8 11 33 72 118 160 194 0 210 160 64 66 112 196 106 8 0 209 199 16 21 34 99 16 96 32 113 32
112 34 135 156 74 195 32 72 182 164 194 194 64 194 96 214 120 236 234 128 0 211 195 192 20 34 131 10 16 8 37 164
121 34 16 32 45 13 80 16 107 168 176 77 143 11 66 146 141 197 76 28 140 98 201 16 139 217 37 48 66 140 75 3
80 34 19 128 75 73 97 64 124 32 242 10 140 130 0 84 120 140 110 136 0 243 193 192 149 160 131 41 33 0 103 160
88 18 134 29 72 2 32 88 246 128 194 100 66 225 160 66 113 100 106 0 8 211 207 20 28 163 101 8 72 32 112 144
113 160 148 173 44 11 64 168 79 177 162 232 199 98 200 214 201 196 110 0 15 99 207 145 152 242 69 126 24 44 16 4
80 34 134 140 10 2 32 72 182 164 194 7 193 195 32 66 120 196 234 128 8 211 195 0 212 34 131 17 32 40 36 2
115 32 131 164 40 8 72 72 237 168 178 72 203 194 192 86 232 197 110 140 13 67 195 192 152 176 15 24 72 0 99 4
112 34 67 129 72 9 225 72 238 40 242 232 3 130 196 212 106 140 110 128 8 243 199 80 148 0 163 184 65 128 39 165
121 128 142 20 8 2 33 200 246 128 198 5 82 224 34 82 81 100 234 12 4 243 143 25 88 35 101 9 64 96 120 80
112 0 6 137 79 9 96 72 174 32 242 139 198 194 32 194 104 204 110 136 8 115 207 208 148 32 139 57 49 8 114 128
96 32 7 9 74 11 160 72 46 160 226 140 194 194 64 16 104 140 106 128 13 83 199 16 20 2 131 56 121 8 34 128
32 160 148 29 11 27 33 200 86 184 196 8 192 224 66 134 89 108 234 16 10 211 203 17 28 0 5 53 16 40 42 128
113 34 0 168 44 13 73 8 15 60 176 77 134 194 16 86 204 196 110 12 10 35 203 145 145 240 131 60 16 8 80 4
64 32 14 13 72 74 160 72 228 36 194 10 194 128 0 82 104 204 106 136 4 211 135 64 148 32 2 1 64 32 39 128
80 32 134 5 72 11 32 72 164 160 194 10 66 160 64 82 104 204 106 128 0 211 151 0 20 34 3 8 96 32 51 128
33 32 14 9 72 11 161 72 118 160 194 8 192 192 64 80 121 204 106 12 0 211 207 16 28 2 167 48 64 0 50 160
80 0 6 9 78 75 32 72 118 160 194 6 64 192 34 64 120 140 106 8 4 211 223 24 20 34 131 9 48 8 52 132
32 32 6 137 74 11 161 72 230 32 194 195 192 192 32 194 104 204 106 0 3 211 203 21 20 34 3 48 48 8 40 160
96 2 14 137 77 15 33 72 166 36 210 11 198 194 32 66 104 204 110 8 8 115 203 208 149 32 139 57 17 8 118 130
80 32 6 13 74 10 33 72 102 32 194 10 210 130 0 210 104 196 106 128 0 243 199 64 148 32 2 40 65 8 43 128
32 34 7 1 73 75 160 72 102 164 226 8 194 194 0 80 104 12 106 0 0 243 207 16 21 2 3 16 65 8 115 128
33 32 6 137 76 11 160 72 22 160 242 10 210 208 64 64 121 140 106 0 13 242 203 144 28 128 167 40 121 8 120 130
4 160 134 29 153 83 0 200 22 240 192 12 66 226 66 16 17 108 234 16 10 209 251 31 13 6 69 53 16 32 6 214
97 162 142 29 8 11 33 200 246 184 198 8 80 224 192 98 81 100 106 8 8 83 235 17 93 34 101 61 64 96 48 32
92 176 132 21 219 11 32 200 22 176 194 72 212 240 64 192 81 124 234 32 11 83 223 29 29 3 69 52 56 32 10 176
16 32 134 29 74 139 32 72 246 160 194 0 210 192 0 194 120 108 106 0 8 243 207 0 20 32 35 0 96 40 50 160
96 32 6 137 77 15 160 72 126 160 242 9 194 194 68 18 249 204 106 128 12 115 219 80 157 2 7 59 65 8 123 134
32 32 143 141 78 11 161 72 254 160 242 98 212 226 192 66 56 204 106 8 0 241 197 80 148 32 35 16 65 40 99 160
113 32 5 129 12 11 33 72 78 160 210 74 214 128 64 102 104 196 106 8 9 243 207 208 156 34 135 48 16 8 49 164
33 32 7 137 76 75 160 72 30 160 242 2 208 130 96 224 120 140 106 128 9 243 75 208 148 32 139 48 17 8 113 164
32 34 10 205 78 139 160 72 86 176 240 98 65 128 160 0 121 236 106 136 8 242 203 144 92 128 163 44 113 8 116 160
72 0 6 57 72 15 32 72 118 176 194 66 80 194 32 208 120 140 106 8 10 211 203 29 28 34 35 12 16 8 48 128
1 32 135 141 74 11 160 72 126 160 242 194 212 226 64 2 56 204 106 0 1 240 199 80 148 32 35 16 72 40 35 128
80 32 6 13 72 75 32 72 102 36 194 138 194 160 2 82 104 196 106 128 0 211 199 64 148 34 3 41 65 8 39 130
32 34 14 137 76 11 160 72 22 160 242 74 208 128 192 64 120 12 106 8 9 243 203 208 220 32 167 56 17 8 112 128
33 34 66 177 78 11 160 88 54 160 114 206 195 193 192 16 120 204 98 8 0 242 207 80 92 130 39 32 105 136 67 128
32 34 2 129 77 9 160 64 62 36 224 10 128 128 96 64 120 140 106 0 0 243 197 80 148 0 131 48 81 8 91 160
33 34 7 133 78 11 160 72 174 160 242 70 214 194 64 82 104 204 106 8 0 243 193 80 20 32 3 32 97 40 99 128
80 2 10 128 72 8 33 64 102 32 194 10 134 130 32 86 104 204 106 136 8 211 133 80 148 32 10 9 41 0 43 0
32 32 6 137 73 11 160 72 110 160 242 10 198 194 64 210 105 204 106 128 0 243 207 80 157 2 7 49 65 8 107 130
17 0 7 137 76 67 225 72 118 128 210 2 209 194 32 96 120 140 106 136 10 243 79 157 84 162 171 0 49 8 113 160
112 0 6 137 77 9 96 72 47 32 242 10 134 194 32 198 104 204 110 136 8 115 207 208 149 32 139 57 49 8 114 128
96 32 2 137 76 73 224 64 172 36 224 10 134 128 64 80 104 140 106 0 12 179 197 64 148 0 131 49 113 8 83 128
48 32 6 1 75 3 160 72 246 128 226 72 64 130 96 64 120 140 106 0 8 243 207 16 20 130 3 8 65 0 34 128
65 0 6 129 72 11 32 0 238 32 194 2 194 130 34 212 104 140 106 0 12 211 69 80 148 32 131 49 16 8 88 4
1 32 6 29 72 138 160 72 246 32 226 2 192 194 0 212 120 108 106 136 0 243 199 64 20 32 2 0 97 8 43 128
32 34 90 193 76 9 224 64 110 36 240 74 133 137 112 16 104 140 106 9 0 242 193 208 20 144 163 32 117 8 83 160
96 2 2 137 74 9 32 72 102 32 194 206 130 192 32 66 104 204 106 8 8 115 199 16 148 32 131 56 57 8 50 128
80 0 151 141 75 67 32 72 246 160 242 2 200 243 32 70 120 196 106 128 8 211 67 192 149 162 203 11 33 32 37 2
80 2 142 93 8 2 32 104 118 128 226 64 82 225 160 66 112 100 106 40 9 211 139 12 20 34 231 0 40 40 96 0
0 0 15 137 78 11 160 88 118 176 210 98 209 193 160 64 121 204 106 136 10 243 207 157 20 162 163 20 113 8 112 160
49 32 142 61 10 11 33 72 54 240 198 128 82 228 130 98 113 108 106 44 9 210 239 29 20 34 225 20 48 40 48 240
32 160 22 153 75 207 32 200 22 180 224 10 198 192 96 132 89 12 98 16 2 83 91 29 29 130 5 125 80 8 45 130
117 166 174 53 140 2 39 248 82 242 66 108 83 224 145 11 89 100 104 62 185 243 143 10 104 47 101 4 237 248 112 0
6 160 148 23 155 23 20 200 150 183 0 9 228 226 75 142 145 78 233 48 50 83 155 57 9 2 77 127 128 116 15 134
16 0 6 137 77 11 160 72 174 32 210 2 198 130 32 198 104 196 106 128 0 241 211 208 149 34 139 17 17 8 49 130
17 32 135 133 74 11 160 64 126 160 226 194 223 194 64 98 120 204 106 140 1 243 199 80 148 34 35 16 97 40 33 160
65 32 142 133 10 10 96 64 108 160 226 66 212 130 16 114 96 196 106 136 1 209 133 64 148 34 139 0 40 32 35 32
48 32 0 141 79 9 160 72 46 164 176 11 2 128 64 146 104 204 106 1 8 115 219 80 29 0 15 57 65 8 70 130
80 2 143 77 8 2 32 104 118 128 226 66 208 225 160 86 112 68 106 40 1 211 131 12 20 34 231 0 40 40 96 32
32 176 20 153 75 203 32 200 22 180 224 42 68 208 96 128 89 28 226 16 2 83 75 17 29 128 13 125 80 8 45 130
65 32 31 133 14 8 97 64 108 160 226 66 220 130 80 114 96 197 106 136 1 209 133 64 148 32 139 0 40 0 35 32
48 32 6 137 11 75 160 72 102 0 242 2 192 194 64 64 104 140 106 128 12 243 199 208 149 0 139 25 97 0 43 134
96 34 3 129 76 9 161 64 44 36 242 138 130 128 128 68 104 140 106 136 0 242 193 192 148 32 3 40 65 8 103 160
96 32 6 137 77 9 32 72 174 32 242 10 130 194 32 86 104 204 106 128 8 115 223 208 149 32 139 57 17 8 114 130
48 32 64 141 79 73 160 72 46 164 176 10 2 128 64 146 104 220 74 1 8 115 209 80 21 0 3 57 65 8 70 130
80 2 143 77 72 2 33 72 118 128 226 66 208 227 160 66 112 196 106 136 1 209 131 68 20 34 231 0 32 40 96 32
48 32 7 137 78 75 160 72 14 160 210 74 210 128 192 96 104 140 106 0 9 227 199 208 148 32 139 48 17 8 49 164
32 32 20 137 75 79 160 72 22 176 224 10 68 208 96 128 121 28 226 16 2 83 91 17 29 128 15 61 80 8 45 130
65 34 143 5 8 10 33 64 100 160 194 74 208 130 208 114 97 196 106 136 1 209 135 64 220 34 167 0 40 32 99 32
48 32 128 141 75 75 160 72 34 164 160 11 6 160 64 146 104 220 234 0 8 115 219 16 29 0 15 57 65 40 14 130
80 2 143 205 12 2 33 88 118 128 194 66 209 227 160 66 120 196 106 136 1 209 131 68 84 162 231 0 40 40 97 32
32 32 20 137 79 79 160 72 150 180 224 10 68 208 96 132 249 156 234 16 2 115 91 145 29 128 7 63 81 8 45 130
32 32 3 5 72 9 160 72 38 160 242 74 195 128 192 18 104 204 106 8 8 243 195 80 20 160 35 40 97 8 67 160
0 0 134 157 9 131 32 104 150 132 194 3 192 194 32 66 248 108 234 128 12 195 91 156 149 34 195 27 16 8 37 134
121 34 144 32 41 13 80 16 107 172 176 73 159 9 66 146 132 197 76 12 140 98 192 0 203 217 37 48 66 128 74 1
96 32 6 137 73 15 96 72 111 32 242 10 2 194 64 212 104 140 106 128 8 243 195 80 21 0 131 40 81 8 98 132
48 32 3 129 72 9 160 64 44 32 242 79 210 129 0 16 104 140 106 12 8 243 193 64 148 32 3 56 105 8 67 128
113 34 129 172 44 12 64 8 111 168 178 76 195 194 80 22 200 196 108 5 15 99 203 1 152 240 135 58 72 0 98 4
99 34 0 168 44 13 72 8 47 60 176 73 135 66 80 150 201 196 108 12 10 99 203 145 149 240 1 60 16 140 82 5
80 32 134 141 75 3 32 72 54 160 194 11 194 195 0 86 120 204 106 128 8 211 195 80 148 34 131 9 48 40 36 130
80 32 22 13 74 11 160 64 118 160 226 10 64 130 0 212 120 220 234 128 0 243 195 64 20 32 131 41 65 0 39 162
48 32 6 137 9 75 160 72 230 0 242 2 194 210 64 100 104 140 106 128 12 227 203 80 149 0 131 9 65 0 47 134
96 34 7 137 77 15 32 72 174 164 242 11 134 130 32 198 232 204 106 0 8 243 139 208 149 32 131 59 17 8 126 130
16 32 6 61 72 139 160 72 246 160 226 1 198 208 98 64 120 100 106 0 4 243 139 64 156 2 67 3 73 0 41 134
120 34 152 37 36 29 112 16 41 168 178 105 159 11 64 146 128 197 236 4 12 96 193 0 198 241 33 49 72 168 74 129
96 32 6 137 77 11 96 72 63 164 240 10 130 194 32 86 120 204 106 128 14 83 203 209 21 32 139 57 17 8 118 134
32 32 7 137 77 15 96 72 6 32 242 138 192 194 32 198 104 204 106 128 8 243 195 208 21 32 139 40 17 8 52 164
24 2 6 9 10 11 32 72 246 168 194 2 66 129 32 64 120 76 106 8 0 209 203 16 84 163 99 17 48 8 52 130
4 160 150 31 137 195 176 232 246 144 194 40 224 240 64 210 209 126 234 48 38 195 203 61 28 34 69 31 208 32 43 134
48 32 7 137 76 11 160 72 54 160 242 202 195 129 96 132 120 140 106 8 8 243 195 144 20 128 3 40 113 8 80 160
64 16 134 29 72 147 32 72 118 168 198 40 112 224 160 114 81 108 106 0 0 211 203 17 92 35 101 9 0 32 102 2
24 48 134 29 25 15 1 72 54 176 194 0 80 240 96 0 89 124 234 0 40 209 203 28 93 3 37 36 48 40 0 162
96 0 23 137 75 15 32 72 246 184 194 74 210 128 32 208 88 12 106 0 1 211 203 20 21 34 35 60 16 8 56 162
96 32 3 137 72 9 32 72 102 32 194 142 130 128 32 210 104 204 106 0 9 115 199 16 148 32 131 56 25 8 50 128
25 34 6 25 74 131 32 72 118 128 194 12 64 192 96 64 121 108 234 0 12 211 207 28 28 130 71 8 64 0 50 144
112 32 10 137 77 13 96 72 62 36 194 11 194 130 64 82 120 196 106 12 8 211 211 208 149 32 131 24 0 8 80 130
1 32 134 29 72 131 32 72 246 188 194 0 66 224 160 70 120 108 106 0 9 211 207 28 20 34 1 4 72 40 58 128
80 0 6 129 14 11 32 64 102 36 194 10 194 130 32 64 104 140 106 0 0 209 197 80 148 34 131 48 0 8 57 128
16 32 7 1 10 11 161 72 230 160 194 8 210 128 64 66 104 76 106 8 0 241 239 16 20 2 3 16 97 0 115 224
65 32 134 29 72 11 32 72 54 240 194 8 192 224 66 70 81 108 106 0 10 83 207 17 28 34 197 60 16 44 50 96
33 32 15 137 76 11 160 72 86 160 242 74 210 128 96 64 120 140 106 136 12 243 67 208 20 128 163 40 81 8 112 128
112 2 134 29 10 91 32 72 246 244 194 12 67 224 130 66 81 76 106 0 12 209 239 28 28 34 69 53 17 40 52 196
96 32 6 13 74 75 32 72 102 164 194 12 192 130 0 82 104 204 106 128 8 83 223 16 20 32 3 57 0 8 54 128
24 0 6 9 74 11 32 72 118 32 194 130 210 193 32 64 120 68 106 8 8 211 79 16 20 35 227 16 48 8 32 128
120 32 134 29 74 2 32 72 118 136 198 8 64 225 32 82 81 108 106 8 8 211 207 25 92 34 101 8 98 32 50 0
48 34 70 141 78 11 160 64 172 32 242 66 13 130 128 84 104 140 106 136 0 243 195 192 148 160 3 0 97 8 99 160
8 48 150 29 27 15 32 72 246 176 194 8 64 240 96 144 89 108 234 16 2 209 203 28 29 2 5 52 16 36 0 146
48 0 6 9 9 11 32 72 118 176 194 2 194 192 32 192 88 132 106 0 8 211 207 16 21 34 3 12 16 8 48 128
16 32 22 129 13 73 160 64 110 160 242 10 142 130 96 80 106 133 110 128 0 243 145 208 149 128 11 17 65 8 107 130
48 32 2 9 72 11 160 72 102 160 226 74 192 128 0 64 104 140 106 0 0 243 133 16 20 0 35 32 97 8 115 128
112 32 6 9 73 9 32 72 36 32 226 10 64 194 32 208 104 140 106 136 0 211 199 64 20 32 130 8 65 8 43 128
6 172 148 26 153 247 22 168 182 183 0 17 236 230 77 220 145 95 160 48 54 80 27 63 41 22 93 111 210 117 143 6
53 14 199 126 138 34 71 184 82 226 98 232 115 224 185 59 25 102 96 42 233 242 175 46 96 174 101 16 225 241 66 33
48 34 7 153 76 139 32 72 22 160 226 66 80 193 160 64 120 172 106 8 2 243 15 145 84 32 35 32 49 8 112 160
0 0 7 137 74 11 32 72 102 32 194 198 194 129 32 64 104 132 106 0 9 243 199 16 148 34 162 16 57 8 48 128
80 48 135 29 74 2 32 72 118 128 194 100 64 225 160 82 120 108 106 0 9 211 239 16 20 162 103 8 104 32 50 80
96 32 6 137 75 11 32 72 182 160 226 11 198 130 96 66 120 204 106 0 4 211 219 208 21 32 131 43 17 8 50 134
32 34 14 141 76 3 160 72 118 128 240 66 145 194 192 64 120 204 98 136 10 242 207 81 84 160 35 8 121 8 99 128
32 32 22 153 73 203 160 72 118 160 240 11 196 194 32 64 120 236 106 128 0 243 219 80 21 2 3 43 81 8 35 134
6 174 148 18 153 183 22 172 54 183 0 17 108 230 75 220 145 95 160 48 54 64 27 63 41 22 93 111 146 117 143 6
165 78 206 126 136 34 70 184 82 130 98 236 115 224 185 59 21 102 96 46 233 240 143 46 40 175 101 16 233 241 66 0
96 34 69 169 76 9 96 72 78 32 240 78 148 2 64 192 104 140 110 136 0 114 197 208 148 176 171 16 56 8 113 128
48 34 14 137 76 11 160 72 30 160 210 66 214 130 128 64 120 140 106 8 0 241 69 208 212 32 139 16 16 8 113 128
32 32 150 29 75 91 32 72 182 244 198 8 64 224 98 6 89 76 234 0 4 211 235 16 28 2 5 55 16 8 6 196
33 32 71 141 78 139 160 72 60 32 242 66 156 130 128 64 122 172 106 140 0 241 135 192 20 32 2 32 97 8 99 128
112 0 6 137 13 75 32 72 102 36 194 10 194 130 34 64 104 132 106 0 12 195 207 80 148 34 3 57 16 8 52 134
70 172 132 18 145 183 22 172 54 183 10 17 110 226 73 220 145 79 160 50 50 192 27 63 169 22 5 103 208 119 135 6
173 220 206 62 152 34 71 184 210 194 96 236 115 224 137 27 21 102 96 42 233 224 142 47 104 47 101 16 233 241 66 9
70 164 132 23 139 67 22 200 146 178 0 1 228 242 75 78 145 78 233 18 34 67 139 58 41 38 77 111 128 116 11 130
117 166 135 23 140 2 7 184 82 186 66 108 83 225 209 11 25 102 96 62 184 243 207 42 104 46 101 68 225 248 80 32
97 32 6 9 72 11 161 72 38 160 226 8 210 128 66 0 104 140 106 0 1 83 199 16 20 0 3 56 81 8 35 128
16 32 6 129 15 9 160 72 110 160 242 10 206 130 64 208 106 133 110 128 4 241 213 208 149 0 11 17 97 8 107 130
80 32 6 5 73 75 32 72 182 36 194 6 192 128 2 80 120 204 106 136 8 211 215 0 149 34 130 1 0 32 39 128
104 32 134 13 72 27 32 72 118 160 198 0 82 224 192 114 113 108 106 8 8 211 235 16 92 35 101 0 32 32 50 0
112 48 134 13 75 15 32 72 54 184 192 8 64 240 64 16 121 124 234 0 0 211 203 16 157 2 5 46 48 40 2 130
65 160 142 29 72 3 33 200 22 240 198 136 80 228 202 98 17 108 106 12 8 211 239 25 93 34 197 60 80 32 16 96
120 144 167 29 27 75 0 168 246 240 194 201 64 244 0 66 81 124 232 32 136 209 223 28 29 34 69 52 16 36 20 82
88 32 134 29 9 23 0 104 182 184 198 0 64 240 34 198 81 100 232 0 40 211 203 29 25 35 69 13 50 36 56 130
6 172 148 27 153 215 22 168 190 183 64 1 236 246 79 156 145 123 224 16 54 80 155 63 41 22 69 111 146 116 15 6
32 34 7 137 78 11 160 72 118 32 242 66 193 195 160 64 120 140 106 136 0 243 71 208 20 162 162 0 49 8 113 160
112 32 6 137 79 9 160 72 102 128 242 11 2 130 96 80 104 141 110 128 12 99 199 208 149 0 139 25 113 8 42 130
0 34 67 137 78 11 160 64 44 36 242 74 140 130 0 64 104 140 110 8 0 243 197 192 148 32 3 16 65 8 99 160
112 32 6 137 77 13 160 72 174 160 242 11 130 130 32 210 104 196 110 128 12 243 219 208 149 32 139 57 17 8 123 130
96 32 5 137 78 11 160 72 46 160 210 74 214 130 64 96 104 140 110 0 9 243 199 208 148 32 139 16 48 8 49 160
16 34 10 137 78 11 160 72 44 0 242 66 17 130 32 64 104 140 106 136 0 243 195 192 20 160 3 0 97 8 99 128
64 160 150 30 73 131 32 200 182 176 194 9 224 240 72 70 217 108 106 16 38 195 219 61 29 50 79 31 208 32 43 130
32 32 7 137 78 11 161 72 54 160 242 74 209 192 96 64 120 140 106 0 0 243 199 208 20 0 163 0 113 8 113 160
0 34 2 129 76 9 224 64 174 32 242 10 142 128 0 0 104 140 110 8 0 243 193 208 148 32 35 48 97 8 67 128
96 0 6 137 73 7 32 72 150 32 194 11 196 194 32 196 248 204 234 128 8 195 219 208 149 34 139 27 16 8 56 134
32 32 7 137 76 11 160 72 38 160 242 138 195 129 96 128 104 140 106 8 0 243 207 208 148 0 3 48 113 8 80 128
96 32 6 136 73 75 160 72 62 4 240 10 192 194 64 212 248 140 106 128 4 115 195 208 21 0 131 59 81 8 102 134
0 34 3 129 76 9 161 64 46 32 242 74 130 129 0 128 104 140 106 8 0 243 193 208 148 0 3 48 97 8 67 160
96 32 2 136 79 15 96 72 46 36 226 11 70 146 32 86 232 204 106 0 8 211 211 208 21 32 131 59 16 8 114 134
37 166 206 61 152 10 37 248 214 242 194 228 83 225 145 43 17 100 104 60 185 241 143 8 104 43 101 4 232 248 112 0
48 162 134 53 72 139 97 200 54 180 194 136 67 224 64 16 25 108 106 24 8 211 207 28 28 130 69 36 32 32 2 160
48 34 7 137 76 11 160 72 38 160 242 74 194 128 224 64 104 140 106 8 8 243 203 144 148 128 131 32 113 8 112 160
16 32 6 137 73 75 160 72 110 32 242 2 198 194 64 68 232 140 234 128 12 243 195 208 149 0 131 19 80 8 45 6
104 34 24 165 32 13 88 16 41 8 178 105 159 11 0 146 130 197 236 0 12 96 193 0 194 241 34 17 64 128 75 1
0 32 7 137 73 11 160 72 174 32 226 11 196 194 32 198 232 204 106 0 0 211 195 208 21 34 131 35 16 8 49 130
102 160 134 28 217 139 160 200 54 176 64 9 224 226 64 86 209 110 98 16 34 83 219 25 29 50 69 47 144 32 39 134
96 32 22 136 75 11 176 72 118 32 242 3 196 210 96 68 248 204 106 128 4 243 195 80 149 0 3 11 81 8 35 130
22 160 132 23 155 23 20 200 22 182 64 9 100 242 75 142 145 78 233 16 6 211 155 57 25 2 77 111 130 116 15 198
68 160 150 29 153 131 32 232 182 176 194 0 228 224 64 210 145 126 234 48 38 209 203 29 29 50 69 23 208 32 42 134
16 32 6 137 75 11 160 72 228 32 242 10 192 130 64 82 104 220 106 129 4 227 195 64 149 34 131 9 65 8 35 130
117 38 206 126 152 2 6 184 210 178 98 236 115 224 177 123 21 100 96 46 169 243 143 46 104 239 101 0 233 240 66 0
105 162 21 165 41 13 64 136 103 184 178 73 207 32 64 210 129 197 108 5 12 98 201 144 142 243 37 52 82 172 66 5
96 32 70 141 74 11 32 72 54 32 210 171 192 195 128 84 120 204 106 4 8 211 199 144 20 34 163 9 48 8 32 130
6 160 148 27 153 151 22 232 62 183 64 1 108 230 75 156 145 91 224 48 54 208 155 63 41 22 69 111 144 116 15 6
96 34 0 168 45 13 64 8 43 60 176 73 135 9 84 148 200 132 78 12 14 98 202 145 151 216 1 60 82 140 90 5
98 34 0 152 104 13 200 72 47 184 176 201 130 194 212 144 204 129 78 0 14 99 203 17 148 144 163 189 80 8 74 4
117 162 207 117 158 11 101 248 86 243 194 238 83 225 208 34 25 76 104 44 169 241 239 24 92 43 101 20 237 232 112 48
113 34 1 173 45 13 64 8 111 168 176 77 195 2 64 214 200 196 108 4 13 98 203 144 145 240 35 58 72 12 82 4
86 160 132 20 139 87 20 232 182 182 64 9 68 246 66 134 145 124 232 18 6 83 219 24 25 2 77 127 130 100 7 198
105 34 16 32 41 13 80 16 107 172 178 73 159 11 64 146 132 197 76 12 12 98 192 0 195 217 37 48 66 132 74 1
17 34 15 5 8 10 33 64 236 160 226 66 208 130 208 114 104 196 106 136 1 209 133 64 148 32 163 0 9 0 99 32
96 32 0 141 75 77 160 72 38 164 240 10 134 128 64 146 104 204 234 0 8 115 195 16 21 0 11 59 65 40 46 130
81 2 143 205 14 2 97 88 246 32 194 102 209 227 160 66 120 236 106 136 9 209 143 28 84 163 227 0 57 168 48 160
32 48 20 152 75 223 176 72 150 180 224 10 196 210 66 132 249 56 234 16 6 115 219 17 29 130 7 63 80 8 45 134
81 34 143 77 10 2 97 88 246 160 226 102 81 227 160 114 120 228 106 136 9 241 143 12 84 163 231 0 41 168 96 160
96 32 0 136 79 73 160 72 46 164 240 11 134 144 64 146 104 204 234 128 8 115 211 80 21 0 3 59 65 8 110 130
14 172 150 19 153 215 50 232 190 181 0 17 204 246 79 159 145 127 234 16 54 65 155 119 47 22 77 111 146 116 143 198
53 174 239 126 154 2 71 184 210 242 102 236 115 225 153 59 29 238 100 46 169 243 175 47 104 239 101 148 225 248 66 32
17 34 15 133 14 10 233 80 236 160 226 66 213 130 144 114 104 196 106 136 1 209 133 64 212 32 171 0 40 0 99 160
14 160 150 22 201 215 52 200 190 182 0 9 204 246 75 142 145 127 234 18 38 67 155 49 13 18 77 127 130 116 15 198
117 166 207 117 142 10 71 248 86 178 226 230 83 225 209 43 89 236 108 46 169 242 239 14 120 175 101 4 237 248 114 33
32 32 20 9 75 95 48 72 22 176 192 11 198 210 98 196 217 8 234 16 6 83 219 17 29 130 5 63 80 8 45 134
1 2 143 93 8 2 33 88 246 160 226 100 81 227 160 82 120 100 106 8 9 241 175 28 84 162 99 0 40 168 96 32
112 32 7 136 79 9 160 72 174 32 242 11 6 130 32 208 104 140 106 128 4 243 219 208 21 32 139 59 17 8 99 130
64 0 6 9 72 11 32 72 118 40 194 10 194 192 32 64 120 204 106 0 8 211 207 16 20 32 163 24 48 8 48 128
112 32 134 29 74 2 32 72 118 168 194 0 65 224 0 82 81 76 106 0 8 211 207 29 28 34 101 24 64 0 50 128
8 48 134 29 11 15 32 72 182 176 194 40 64 240 64 130 121 76 234 0 2 211 203 29 28 2 5 52 2 12 32 130
4 32 150 61 219 131 32 104 182 176 194 0 96 224 64 67 209 109 104 48 34 195 203 31 9 38 69 13 64 96 35 130
87 162 133 37 168 11 4 168 111 178 130 236 195 32 213 31 1 197 108 183 185 65 207 16 156 210 205 118 140 101 3 36
4 160 150 30 153 131 2 232 118 176 66 1 228 224 104 70 145 111 106 1 34 211 139 63 25 54 69 11 208 32 33 6
104 0 6 137 73 15 32 72 102 32 194 10 194 128 96 192 104 132 234 0 8 211 207 16 21 34 3 48 16 8 48 128
32 32 6 153 73 27 32 72 166 32 194 2 192 194 32 66 104 76 106 128 14 211 203 145 21 34 139 59 16 8 40 134
16 32 6 1 72 11 32 72 102 160 226 66 194 128 0 64 104 12 106 128 0 243 197 16 20 0 35 0 97 8 51 128
48 32 2 137 73 9 160 72 54 32 226 10 192 130 32 208 120 140 106 128 0 211 195 64 20 32 3 40 65 8 42 128
48 32 7 9 74 11 160 72 102 32 194 78 194 128 0 66 104 196 106 8 9 211 207 16 20 34 35 48 120 8 48 144
112 48 135 29 74 131 32 88 118 224 194 228 98 224 128 82 80 108 106 0 1 211 239 21 28 34 101 40 56 32 34 208
96 0 6 9 75 75 32 72 102 36 194 10 194 128 66 80 104 140 106 0 12 211 203 16 20 34 131 41 48 8 52 198
53 46 207 126 138 34 71 248 82 226 242 236 115 225 153 59 31 238 100 46 233 243 175 47 248 175 101 148 237 249 82 49
113 128 142 29 10 3 5 248 22 242 70 136 113 228 138 114 21 110 96 44 161 210 239 29 8 42 101 60 112 160 32 112
36 100 22 137 41 19 182 96 132 8 248 1 6 136 43 2 200 8 194 98 68 179 0 140 32 144 0 7 67 59 42 134
0 32 134 29 9 219 32 72 246 244 198 8 64 192 98 68 89 100 234 0 36 209 235 28 28 2 5 7 16 12 4 198
182 179 80 50 224 137 80 201 41 17 49 185 47 198 14 20 191 147 196 16 30 34 10 117 144 144 16 127 225 130 142 149
118 32 132 129 172 91 68 136 43 182 130 169 195 96 215 158 129 196 236 17 30 67 207 128 136 210 205 127 132 124 94 4
4 69 50 140 13 67 22 104 196 100 218 3 198 192 43 66 216 4 170 98 8 147 1 136 177 48 2 7 16 127 52 66
32 31 16 139 108 201 146 194 140 36 184 41 166 208 162 16 200 50 202 0 8 43 64 60 164 148 2 59 80 74 87 139
32 29 16 13 41 193 150 72 132 4 184 41 162 148 33 66 200 34 206 66 72 43 64 58 164 180 130 59 80 11 38 195
101 162 141 86 172 1 133 152 214 186 128 236 241 224 217 42 81 198 104 156 147 67 239 48 92 26 237 252 136 248 18 33
66 80 166 141 13 54 176 40 142 190 130 54 196 184 38 74 192 100 234 67 132 101 179 144 3 54 218 23 20 45 21 71
95 34 133 37 139 26 4 40 98 178 130 204 203 40 197 202 129 196 236 167 237 193 207 136 136 242 207 54 170 116 19 4
96 0 6 153 75 139 48 72 166 160 194 11 196 210 32 66 232 236 106 0 4 195 219 208 149 34 11 27 16 8 59 134
0 32 7 137 76 11 160 72 38 160 242 74 195 129 96 64 104 140 106 8 0 243 207 144 20 0 3 48 113 8 16 128
112 32 2 136 77 9 96 64 111 32 242 11 134 146 0 84 232 140 106 128 12 35 211 208 149 48 139 59 17 8 98 134
32 32 7 137 73 11 160 72 190 32 240 11 196 192 64 192 248 140 234 128 4 227 219 208 149 0 139 59 81 8 39 134
66 32 150 29 73 131 32 104 190 144 194 1 228 226 32 82 208 108 106 32 36 195 219 29 29 50 71 31 16 32 35 134
32 32 4 129 72 11 160 64 46 32 242 74 130 129 0 0 104 140 106 12 0 243 209 80 20 32 3 48 113 8 67 160
32 34 4 137 76 11 160 64 14 32 242 74 195 128 32 64 104 140 106 8 0 243 197 144 20 0 131 48 113 8 115 128
64 32 2 136 77 9 96 72 109 32 242 10 198 130 96 68 232 140 106 128 12 243 195 192 149 32 131 19 80 8 41 6
16 32 22 137 75 11 160 72 174 32 242 3 198 194 32 194 232 204 106 0 0 243 195 192 149 32 131 51 16 8 41 6
72 34 25 164 36 13 80 16 41 168 178 77 159 11 64 144 132 133 236 12 12 96 193 0 195 209 33 17 72 128 75 3
96 32 22 136 73 11 160 72 38 32 242 3 196 194 96 198 232 204 106 128 0 243 195 208 149 32 131 11 16 12 35 134
0 32 66 137 79 9 160 72 100 32 240 10 74 130 32 84 104 140 110 128 8 243 195 192 148 0 139 27 97 8 99 134
32 32 6 137 73 11 160 72 182 32 194 3 196 194 32 66 248 76 106 0 4 211 203 144 21 34 139 51 16 8 49 134
112 32 66 137 76 11 160 72 166 32 242 171 67 130 160 80 106 140 110 128 8 243 199 208 148 32 171 187 21 8 50 128
105 34 145 161 41 13 64 24 47 184 178 77 207 0 64 210 129 196 108 4 13 98 201 16 137 241 37 52 74 140 66 1
96 34 0 169 44 13 72 72 15 184 176 73 135 200 80 148 204 128 206 5 14 99 203 145 145 208 131 61 80 8 90 4
87 34 133 37 169 11 68 168 107 178 130 236 199 32 209 190 129 197 108 21 137 67 207 144 152 211 77 254 140 100 18 36
105 34 24 96 33 29 80 16 105 172 180 73 159 19 0 144 132 133 76 12 12 96 192 0 195 249 33 49 66 128 74 3
113 34 1 168 45 13 64 8 43 168 176 76 135 2 64 22 200 196 108 4 9 99 203 144 145 240 5 58 72 8 82 4
118 32 132 165 173 91 68 136 43 182 130 169 199 40 87 158 129 196 236 17 12 67 207 128 156 210 205 127 132 124 30 4
40 176 22 153 73 223 176 200 150 180 194 11 196 208 98 132 217 56 234 0 6 243 219 145 29 18 7 63 82 12 45 198
81 2 143 45 74 2 97 88 118 192 226 230 83 227 160 98 120 204 106 140 9 211 231 12 84 163 227 0 57 168 96 160
6 172 148 27 153 215 50 200 191 181 64 17 236 246 79 140 145 91 235 17 54 64 155 123 45 22 93 111 146 116 143 198
117 6 207 126 138 2 71 248 114 226 242 236 115 225 145 59 29 230 100 46 233 243 175 46 248 175 101 144 237 248 114 33
14 164 148 27 153 215 50 200 190 181 64 1 236 246 111 157 145 95 232 49 38 80 155 127 43 22 77 111 146 36 15 134
113 6 207 126 26 2 71 248 114 130 98 236 115 225 185 123 21 230 100 46 169 243 175 47 104 175 101 144 237 240 114 33
28 133 10 160 213 15 166 248 140 40 255 10 70 160 40 192 249 196 202 98 96 177 0 142 179 197 6 20 64 251 153 128
140 53 10 44 241 6 182 104 180 138 255 32 204 240 43 128 248 92 202 98 64 163 0 78 176 115 6 14 64 59 43 131
140 87 18 136 93 67 54 96 132 140 218 7 70 160 43 194 248 108 138 98 64 179 16 136 176 49 2 15 6 126 52 211
28 69 22 5 9 87 180 96 4 12 250 3 66 136 35 128 248 12 130 98 76 179 33 0 177 16 2 7 75 62 40 214
32 25 82 136 121 21 150 96 129 0 248 8 0 210 32 212 200 176 130 98 112 171 82 174 49 180 0 26 81 47 98 131
243 141 79 79 34 10 127 245 37 0 242 32 115 41 148 83 110 198 125 106 249 155 193 47 118 169 96 192 101 160 226 169
40 93 16 138 123 201 18 108 31 33 152 137 166 20 33 16 218 179 206 64 0 34 92 60 181 20 0 59 80 10 7 27
32 149 80 168 59 201 18 194 31 37 184 169 167 84 42 16 30 155 198 64 10 34 84 55 177 148 0 51 80 88 7 201
70 88 178 134 13 52 146 128 138 238 139 15 196 188 107 74 192 84 235 67 128 103 179 224 17 50 202 26 132 127 53 87
146 217 54 75 141 83 151 228 76 94 150 6 194 12 54 71 200 82 238 67 232 169 85 224 177 48 78 19 92 60 173 31
34 149 82 73 217 123 182 111 156 104 252 7 128 167 46 133 216 14 194 48 113 187 32 204 43 24 6 119 91 76 237 223
216 195 86 175 12 2 78 181 88 2 82 206 127 34 144 81 82 102 44 106 224 159 133 173 240 171 96 144 36 186 208 9
160 76 16 140 73 221 22 72 140 46 97 9 142 196 35 192 200 57 130 34 100 7 106 27 181 48 0 59 18 62 13 198
1 38 224 67 145 12 236 52 104 139 127 76 155 41 28 18 35 78 68 12 144 248 156 66 103 14 52 128 195 194 195 137
96 32 6 152 104 201 128 72 166 168 240 169 131 194 224 84 72 172 110 128 14 99 207 209 148 16 171 185 17 8 34 132
98 162 0 40 40 73 64 136 11 188 176 41 135 0 192 150 201 196 236 1 14 99 203 17 156 208 13 191 64 140 94 4
44 21 2 140 125 215 54 96 157 204 95 39 206 196 35 68 220 104 162 98 64 147 50 142 227 113 2 11 26 127 40 215
40 28 18 156 121 209 150 104 140 204 252 7 164 236 35 128 200 97 202 98 100 35 114 174 53 117 2 27 82 47 45 215
42 29 16 141 123 253 150 78 26 76 252 10 100 22 39 144 222 51 194 64 7 35 98 191 53 52 2 27 91 29 79 223
86 88 186 140 45 36 151 132 138 78 142 11 206 188 103 74 196 85 253 67 128 99 227 226 177 52 78 187 128 127 41 83
54 228 64 32 209 75 76 73 59 100 241 153 207 70 78 16 187 137 197 178 60 50 24 82 185 212 7 247 96 38 135 214
9 179 87 71 3 86 190 220 120 72 112 100 124 118 136 176 54 83 84 234 135 208 137 105 46 139 39 129 106 114 43 147
46 29 34 158 253 148 183 120 140 204 92 39 236 244 35 196 220 123 147 102 100 131 114 174 183 119 134 10 18 126 45 215
54 57 64 33 193 95 67 73 51 232 249 61 78 86 2 152 248 169 199 178 24 210 88 90 157 212 129 231 227 39 206 214
9 119 49 69 34 86 190 60 121 202 114 100 92 22 128 180 54 213 196 226 193 208 57 74 39 242 39 132 99 114 39 241
43 21 50 158 253 212 182 120 157 204 252 2 236 254 34 100 220 107 147 96 167 163 98 239 55 119 134 139 18 126 45 223
190 48 98 34 225 111 115 64 57 236 245 13 74 86 7 156 252 249 215 114 28 215 88 78 159 83 1 147 195 39 110 215
62 112 122 67 225 94 126 88 57 204 244 43 74 94 15 48 254 217 215 242 220 211 121 232 63 219 7 147 203 55 110 215
