60 160 148 185 219 207 32 200 86 176 224 10 214 209 104 192 121 92 98 24 11 82 219 21 157 131 5 124 248 8 40 130
64 142 150 223 9 130 36 224 246 158 226 34 224 227 32 69 241 126 234 2 32 209 11 237 52 178 67 3 18 120 101 130
36 34 88 185 206 139 128 88 86 180 240 234 227 193 232 16 89 202 110 16 10 114 206 145 220 209 37 125 113 136 118 128
96 32 196 141 75 75 160 72 62 180 240 139 130 224 64 130 121 204 226 17 2 114 219 17 29 0 15 61 65 40 79 130
64 0 159 93 8 6 37 104 246 134 226 0 80 240 160 102 112 100 106 40 33 243 171 9 21 162 199 0 16 120 96 32
96 32 132 173 74 75 160 72 54 176 224 139 130 224 64 2 121 204 98 1 2 114 219 17 29 0 15 61 65 40 7 130
52 160 20 185 219 131 32 200 86 176 224 10 228 210 104 64 121 92 98 16 2 82 75 21 157 130 7 125 144 8 32 130
81 32 135 5 8 14 32 72 236 160 194 66 208 162 80 114 104 196 106 136 9 211 135 64 157 34 207 0 0 32 99 36
64 2 140 159 10 195 0 104 134 20 192 163 225 231 130 66 74 254 234 128 10 67 207 57 148 34 239 25 16 168 45 128
32 32 132 165 78 11 160 72 22 176 224 139 130 192 64 2 121 220 98 1 2 114 219 17 29 128 15 60 65 40 7 130
81 32 143 5 8 10 33 72 236 160 194 66 208 162 80 114 104 196 106 136 9 211 135 64 156 34 207 0 0 32 99 4
81 32 151 133 10 14 104 64 236 160 226 66 222 130 64 114 104 197 106 136 9 211 149 64 157 34 143 0 32 0 35 4
96 32 193 173 76 73 160 72 46 160 240 139 130 128 68 2 104 204 66 1 0 114 219 80 29 0 7 57 65 40 71 130
20 160 156 185 219 203 32 200 86 176 224 10 198 210 72 128 121 92 226 16 2 82 219 21 157 130 5 125 208 8 12 130
81 32 159 133 10 10 105 64 236 160 226 2 222 130 68 114 104 197 106 136 9 211 133 64 156 34 143 0 32 0 35 36
64 0 158 93 8 74 37 104 244 134 230 0 80 225 160 98 112 100 106 40 40 243 171 9 85 162 231 1 16 120 100 32
96 32 132 141 75 75 160 72 58 180 224 11 130 224 64 130 89 220 226 17 10 115 219 16 29 0 15 61 65 40 7 130
52 160 28 153 203 207 32 200 86 176 224 10 198 208 104 0 121 92 98 16 2 114 91 29 157 130 7 127 208 8 44 130
80 2 134 221 8 2 36 104 246 130 226 98 80 227 160 70 120 228 106 168 41 211 139 13 20 162 231 0 41 248 96 32
52 160 20 153 203 207 32 200 86 180 224 10 230 208 104 132 121 124 226 16 2 114 91 29 157 130 7 127 144 8 44 130
104 34 208 101 109 13 112 0 107 172 176 9 143 11 214 18 128 196 76 28 12 98 192 128 142 217 5 49 66 140 74 133
80 34 158 132 74 75 33 64 254 164 226 34 196 162 192 82 123 197 110 128 8 195 135 64 156 162 163 9 33 32 39 2
64 2 159 93 8 74 37 104 244 130 226 64 80 224 32 98 112 100 106 40 40 243 171 9 85 162 231 0 16 104 100 32
81 2 196 141 10 26 32 40 54 128 194 198 194 98 128 198 112 228 104 140 13 193 223 72 156 34 199 16 168 96 56 4
82 34 82 161 9 8 104 0 43 160 162 200 207 2 64 214 34 197 108 128 12 209 197 192 156 176 3 49 40 128 43 4
89 34 209 165 40 8 120 16 109 160 178 73 207 10 64 214 162 197 108 4 12 97 193 192 148 248 7 18 74 132 67 5
32 174 30 186 91 139 178 234 158 20 80 175 228 192 32 193 217 123 130 16 38 250 74 191 236 151 15 43 24 8 13 147
20 162 149 185 219 139 32 200 86 176 226 74 198 210 104 192 121 92 98 16 2 82 219 21 157 130 5 125 176 8 36 128
64 2 151 29 8 6 36 104 246 138 226 64 80 224 32 66 112 100 106 40 32 243 139 9 29 34 231 0 16 104 112 32
81 0 151 220 9 70 97 72 230 128 198 2 92 243 32 102 96 228 106 136 1 209 179 192 145 162 71 1 130 96 97 34
104 32 209 165 109 9 96 64 41 160 176 137 143 8 68 150 202 213 238 0 12 243 209 192 148 209 1 51 65 44 66 134
65 32 83 193 41 8 104 0 239 176 162 76 159 130 80 246 34 197 110 12 1 65 157 64 156 184 15 52 8 0 11 4
81 32 159 5 10 10 96 72 236 160 194 66 210 162 84 114 105 196 106 152 9 211 151 64 156 34 79 0 0 32 99 164
64 0 151 29 28 2 160 104 244 128 194 64 80 224 32 98 112 100 106 40 33 243 139 9 21 34 199 0 16 104 112 32
81 32 135 5 8 10 32 72 236 160 194 64 210 162 84 246 105 196 106 140 9 211 135 64 156 34 207 0 0 32 99 4
96 162 216 172 108 9 192 200 11 188 176 233 135 137 84 18 201 196 110 1 10 98 203 145 212 153 33 61 84 168 90 128
82 32 23 133 9 78 161 64 238 36 226 2 206 146 4 86 104 197 110 128 8 211 145 208 149 176 139 51 0 0 39 166
96 32 73 164 108 9 97 72 47 160 242 204 151 130 64 18 74 196 110 128 9 115 193 80 148 176 35 48 73 8 67 32
113 32 83 128 79 73 97 72 255 160 242 10 78 130 68 84 58 205 110 8 0 115 153 80 149 32 3 35 33 8 99 132
0 142 22 191 121 135 178 232 150 136 242 71 228 227 42 65 217 106 170 36 38 235 11 191 168 182 87 11 88 40 41 139
80 32 14 129 72 72 32 64 102 32 194 10 18 130 32 214 104 204 106 136 9 243 149 64 20 32 3 9 9 0 43 32
64 0 30 140 13 75 176 72 174 12 210 42 196 210 32 86 232 212 234 0 0 227 131 208 149 50 139 27 16 8 61 130
48 32 7 1 74 11 160 72 102 0 226 64 208 130 64 64 104 140 106 136 1 211 207 80 20 0 3 8 97 0 34 128
16 32 10 13 72 11 160 72 118 0 226 2 210 128 32 66 120 76 106 136 0 243 199 16 20 32 2 0 65 8 39 128
96 32 5 133 74 75 160 72 172 160 226 74 198 128 64 80 104 140 106 0 12 243 197 0 148 0 3 49 96 8 19 130
32 32 10 9 74 7 160 72 22 176 224 10 84 192 96 80 89 12 106 0 2 211 203 17 28 2 7 44 16 8 42 128
33 32 15 1 72 75 160 72 102 160 226 72 208 130 0 80 104 12 106 0 1 211 207 16 20 2 3 16 65 0 115 128
80 32 6 13 72 11 32 72 38 32 194 202 210 128 0 146 104 196 106 0 1 243 199 64 148 34 3 40 73 8 43 128
80 2 142 29 10 2 33 72 246 132 194 4 194 224 160 66 120 100 106 0 8 211 207 24 84 162 71 8 104 32 112 160
32 34 20 29 10 11 32 72 86 180 192 12 192 192 194 2 89 76 106 0 12 211 203 16 92 0 5 52 80 8 36 128
48 0 14 141 74 11 32 72 102 32 194 195 210 192 32 66 104 76 106 8 1 211 207 21 20 34 99 48 56 8 40 128
80 0 6 9 10 75 32 72 118 180 194 2 64 192 34 64 120 4 106 8 2 211 207 29 20 34 3 13 48 8 52 224
48 0 14 173 13 75 161 72 54 36 210 3 212 211 32 66 120 204 106 0 0 211 219 149 213 162 203 49 16 8 53 130
96 34 6 9 72 11 161 72 118 168 194 72 192 192 64 144 121 204 106 0 0 211 203 16 29 2 167 56 64 0 54 160
17 34 3 153 76 131 96 72 86 128 242 102 67 194 160 68 120 140 42 8 11 243 79 153 148 162 163 12 57 8 112 180
96 32 130 13 73 75 32 72 102 176 194 8 194 128 0 214 104 204 106 136 9 83 207 16 21 32 7 60 0 8 50 4
97 32 141 165 72 11 96 64 47 224 226 204 215 34 64 82 40 196 110 12 9 211 213 80 148 161 3 48 104 40 3 176
80 34 14 137 78 75 161 64 230 32 194 2 208 130 32 66 104 204 106 128 0 209 131 64 148 34 2 1 1 0 33 128
88 32 134 5 73 75 32 72 182 160 194 8 195 224 66 82 120 236 106 128 12 211 151 0 21 35 3 1 96 32 54 128
32 32 2 129 77 9 160 64 62 164 226 10 128 128 96 0 120 140 106 0 0 243 197 80 20 0 3 48 65 8 82 130
97 0 134 157 73 13 32 72 182 160 194 15 194 194 98 194 120 204 234 4 12 83 219 208 20 32 139 56 24 12 58 128
81 16 142 29 8 2 32 72 246 128 194 4 82 224 32 66 113 100 106 0 13 211 223 21 24 34 101 8 72 32 112 18
32 160 133 29 8 15 0 200 22 184 192 64 64 224 192 4 89 108 234 16 10 211 203 17 29 2 5 52 16 40 34 144
81 0 6 137 78 75 32 72 118 32 194 2 64 192 34 64 120 140 106 136 4 211 79 16 20 34 131 8 48 8 48 132
88 16 135 29 72 66 32 72 246 128 194 96 66 225 32 194 121 100 106 0 9 211 207 16 28 162 103 8 72 32 116 48
48 32 23 129 75 71 161 72 238 0 242 10 194 210 96 228 104 141 106 128 9 227 219 80 149 2 131 0 65 0 103 164
96 32 140 13 74 11 32 72 134 176 192 8 212 224 64 210 105 204 106 0 8 82 207 20 28 2 5 60 24 40 10 130
56 2 135 61 74 11 33 72 118 36 194 135 194 193 32 66 120 76 106 0 0 211 79 21 84 34 99 16 48 8 36 208
114 32 74 129 73 29 240 72 175 36 242 15 14 138 102 80 232 141 238 128 12 243 147 208 148 16 131 59 73 0 43 134
8 8 158 254 9 194 53 104 246 158 230 32 230 243 32 69 209 118 170 34 40 193 11 61 193 178 67 11 16 112 36 34
57 162 142 29 24 139 33 200 214 180 194 0 98 224 32 64 81 108 106 8 10 211 75 31 88 135 5 4 80 40 34 128
81 32 5 173 45 27 64 40 103 176 130 64 195 98 0 214 201 196 108 129 45 195 207 157 144 242 203 30 24 44 56 4
96 16 142 157 73 77 33 72 182 180 194 10 66 211 96 82 121 204 106 0 8 83 219 16 85 32 131 63 16 8 54 162
56 130 78 253 92 131 97 216 86 168 246 98 115 225 160 96 121 108 106 40 171 242 79 29 94 235 103 4 113 136 112 160
64 32 6 5 74 11 32 72 164 32 226 10 66 128 0 82 104 204 106 128 0 243 135 64 148 32 2 8 104 0 43 128
72 160 134 29 9 31 32 200 246 184 198 8 64 224 192 214 81 68 106 8 8 83 203 16 93 34 69 52 66 32 52 32
72 34 134 29 88 135 32 72 246 128 194 64 80 224 32 66 88 124 106 0 0 211 131 28 85 34 35 9 80 40 36 130
33 46 19 186 91 139 178 72 30 128 112 239 100 200 36 144 254 171 130 5 39 243 138 123 52 54 11 42 89 12 107 151
32 32 28 29 75 203 160 72 86 180 192 8 192 128 64 132 89 108 234 0 8 211 203 16 29 0 5 53 80 8 46 132
112 32 6 153 75 3 32 72 54 48 194 15 196 192 32 64 88 76 106 0 2 83 219 17 149 34 3 44 24 8 37 144
64 176 134 31 27 135 2 232 150 240 66 5 101 244 32 65 17 110 234 36 35 83 155 63 141 166 69 60 24 44 1 210
16 0 14 137 13 75 32 72 118 176 194 2 64 192 34 64 120 132 106 0 6 211 79 17 20 34 3 13 16 8 60 132
96 148 134 29 25 131 33 232 214 176 194 1 96 240 42 80 81 100 234 32 36 211 155 29 73 34 69 13 16 44 48 130
9 0 150 221 9 135 32 104 150 136 194 66 212 243 32 230 248 124 106 168 33 195 155 220 149 162 203 10 26 8 41 160
65 32 65 129 12 9 225 72 110 32 178 76 198 130 208 86 106 196 110 12 9 99 221 80 148 144 3 56 72 0 67 36
81 34 135 165 9 10 104 40 239 160 162 204 207 226 144 86 224 197 108 141 13 195 199 128 144 242 71 26 8 100 35 4
81 32 7 133 3 30 168 64 126 160 226 66 221 130 16 230 114 77 106 140 1 209 151 64 149 42 11 0 40 0 33 164
1 32 6 1 72 15 224 72 254 176 98 64 213 194 192 230 120 76 106 12 1 241 223 64 28 2 3 4 72 0 107 132
32 180 7 185 93 199 162 200 30 48 240 79 100 216 36 208 249 232 130 33 39 243 90 159 53 6 139 46 89 8 114 150
48 160 10 251 92 131 99 216 86 4 244 2 115 195 168 64 121 232 38 168 42 242 75 191 254 231 163 69 113 136 116 130
32 34 10 129 76 9 160 64 54 164 224 10 130 128 96 128 120 140 106 0 0 242 197 16 20 0 131 48 89 8 26 128
80 2 7 128 72 8 33 64 102 32 194 74 2 130 32 82 104 204 106 136 8 211 133 64 148 32 3 8 33 0 35 0
124 32 21 161 141 27 0 8 110 176 176 202 199 0 64 134 201 204 238 16 9 98 219 144 156 208 15 118 152 12 3 132
48 32 6 137 75 195 160 72 230 4 226 139 194 194 98 194 104 236 234 128 12 227 207 80 148 2 131 9 97 0 47 134
32 34 64 137 77 73 192 72 75 36 240 11 130 200 84 16 200 136 110 1 14 98 203 209 21 24 129 57 81 8 86 130
80 32 5 137 15 75 96 72 111 160 210 74 198 130 64 196 104 132 110 128 8 227 207 216 148 34 139 50 16 12 17 36
81 32 142 141 10 11 160 72 46 160 226 11 198 226 64 82 104 197 110 128 12 211 223 64 148 34 139 27 73 40 43 134
33 34 2 9 72 15 161 72 118 164 226 72 192 192 64 80 120 140 106 0 4 211 207 16 20 2 131 48 73 0 51 132
67 32 135 156 9 83 32 72 183 200 194 2 192 210 36 230 248 228 106 128 9 195 235 208 149 50 131 27 16 44 49 36
0 0 135 221 77 194 97 72 246 136 194 2 80 243 32 102 120 236 106 136 0 211 155 205 85 34 194 0 32 40 116 162
33 32 5 9 77 79 128 72 110 176 240 10 226 192 68 150 201 200 106 1 15 99 91 85 29 18 139 60 89 8 114 134
114 34 67 133 72 9 224 72 47 164 242 232 194 128 196 22 104 204 110 128 8 243 199 80 148 48 3 56 65 8 71 132
32 50 30 185 108 139 176 72 22 180 240 39 196 193 32 0 217 56 226 0 2 243 75 157 92 130 7 47 81 8 37 130
64 32 6 13 72 11 32 72 164 36 194 6 192 128 0 82 104 204 106 136 0 211 199 64 149 34 3 0 64 32 35 128
32 34 2 145 74 139 160 72 62 160 242 239 70 192 226 144 252 237 234 5 5 243 138 80 20 32 43 42 73 8 43 129
96 32 74 136 76 75 163 72 62 164 226 139 194 194 70 16 121 204 106 128 0 115 207 82 92 6 135 41 65 8 102 128
96 176 141 29 89 207 1 232 86 240 194 9 86 244 96 80 81 108 106 52 33 211 219 28 13 35 69 62 16 40 0 2
32 16 22 185 93 135 168 104 150 8 240 71 96 203 32 65 248 57 162 161 36 243 27 221 21 163 203 11 89 8 121 130
48 34 7 137 74 75 160 72 230 32 194 195 192 192 32 194 104 204 106 0 1 195 195 20 20 34 35 48 49 8 52 128
44 160 21 153 203 203 48 200 150 180 224 10 228 208 96 128 217 88 234 16 2 99 219 25 29 130 7 127 208 8 45 130
17 32 6 41 72 15 161 72 118 164 194 12 208 128 0 64 120 140 106 0 0 211 221 16 20 0 35 32 104 8 51 128
80 32 7 5 73 11 33 64 54 32 194 66 192 128 0 208 120 204 106 136 8 211 199 0 149 34 2 0 65 32 49 0
68 160 132 21 139 67 5 200 150 242 0 9 228 242 73 142 17 78 232 48 34 83 139 24 9 2 77 127 128 112 3 130
80 0 135 205 12 2 33 72 118 128 226 66 208 224 32 66 120 68 106 8 9 211 131 4 20 34 227 0 32 40 112 32
48 32 22 137 75 11 32 72 22 176 224 10 196 192 96 0 121 12 98 16 2 83 91 17 157 128 15 60 16 8 41 128
117 164 135 85 140 10 36 248 118 186 194 96 83 241 209 175 89 100 104 56 57 241 207 8 24 34 101 68 233 248 112 32
70 160 132 21 203 83 20 200 146 182 0 9 228 226 73 142 145 94 233 18 34 83 139 24 13 34 77 127 128 116 31 134
65 34 135 5 8 74 33 64 100 160 194 72 208 130 16 114 96 196 106 136 1 209 135 64 156 34 135 0 32 32 99 32
48 32 132 141 75 75 160 72 166 164 160 11 2 128 64 146 104 220 234 0 8 83 203 16 157 0 15 57 65 40 14 130
4 172 148 26 153 179 22 168 54 183 64 17 238 242 107 152 145 95 160 48 54 80 11 63 41 22 69 111 208 117 143 6
80 2 143 205 12 2 33 72 118 128 226 66 208 227 32 66 120 196 106 136 8 211 131 68 84 34 227 0 32 40 101 32
32 32 20 137 75 75 160 72 22 176 224 10 196 208 96 0 121 28 98 16 2 115 91 17 29 128 7 61 80 8 45 130
81 32 143 5 8 74 33 64 100 160 226 2 208 130 16 114 104 196 106 136 1 211 135 64 156 34 143 0 0 32 99 4
100 28 167 126 168 42 6 184 210 186 98 108 115 245 137 43 21 118 96 42 161 240 219 43 104 171 101 0 224 240 66 49
12 172 148 26 155 243 22 168 182 191 4 48 238 242 75 156 145 94 224 48 54 80 43 63 107 215 69 111 146 117 135 67
113 32 141 141 8 75 160 72 46 176 226 75 210 162 64 82 104 197 110 128 13 195 207 64 148 34 139 60 72 8 35 130
48 32 12 141 79 75 160 72 54 160 160 10 2 128 64 144 120 220 106 0 8 115 203 16 29 0 15 57 65 40 14 130
64 2 143 93 8 70 33 104 246 140 230 4 80 225 160 82 112 100 106 8 1 211 171 8 93 34 231 0 32 104 100 32
81 32 81 129 14 73 97 64 108 32 178 72 159 2 80 116 106 132 110 137 1 99 245 192 148 176 3 24 72 0 67 36
82 32 27 129 9 76 97 64 111 40 162 0 206 146 4 84 232 141 110 129 8 195 209 208 145 176 139 19 0 0 37 38
97 32 73 133 108 9 97 64 45 32 178 204 147 2 0 16 200 132 110 4 9 99 209 192 148 176 1 56 72 136 66 160
44 160 148 25 203 207 33 200 22 176 224 10 82 208 96 132 89 76 98 16 3 83 91 29 93 131 5 125 88 8 0 130
17 4 74 217 84 131 99 88 118 132 246 66 113 193 176 96 120 172 34 168 40 178 15 158 118 175 163 4 115 136 112 160
80 50 30 157 15 138 48 72 238 4 194 35 196 210 34 66 232 252 234 128 4 211 195 208 212 32 138 19 16 8 37 131
65 32 143 5 8 74 33 64 100 160 226 74 212 130 80 114 96 196 106 136 1 209 167 64 212 34 175 0 33 32 99 32
80 0 158 205 76 6 33 72 230 132 194 2 208 227 32 66 104 228 106 136 0 211 131 64 213 34 227 0 0 40 101 32
48 32 16 141 79 75 160 72 14 164 176 10 6 128 64 18 104 220 234 0 8 115 219 80 29 0 7 51 65 8 15 130
36 160 22 153 203 207 48 200 150 180 224 10 230 208 96 0 217 24 234 16 2 115 219 25 29 130 7 127 208 8 45 130
97 32 2 137 79 15 224 72 174 32 242 11 134 130 34 192 104 140 110 132 4 243 211 208 149 32 138 57 17 8 122 134
81 34 158 133 14 2 104 64 108 160 226 66 213 130 144 114 98 196 106 136 1 209 135 64 148 34 175 0 41 32 35 0
105 32 197 173 72 9 96 72 47 160 226 136 151 2 64 50 40 204 110 12 1 82 213 80 213 177 3 48 96 8 3 160
81 32 19 129 11 28 104 64 109 160 162 0 222 130 64 246 34 197 110 12 5 209 181 192 157 184 11 0 34 0 35 4
120 32 89 165 44 9 224 0 40 160 178 232 143 8 192 146 202 213 206 1 12 114 193 128 148 209 35 49 76 8 75 128
48 32 0 141 79 75 160 72 46 164 176 11 6 128 64 146 104 220 234 1 8 115 219 80 29 0 7 59 65 40 78 130
80 2 143 93 8 2 32 120 118 136 226 102 81 227 160 194 120 228 106 168 33 209 143 12 20 163 231 0 41 232 96 0
48 48 7 137 9 223 160 72 230 136 242 74 194 210 96 228 232 172 234 128 9 227 219 80 149 2 139 27 81 8 35 166
112 48 7 137 79 75 33 72 166 164 226 11 134 146 32 70 104 220 234 0 0 243 155 208 149 32 131 59 17 8 54 146
104 34 208 37 44 9 72 0 107 164 176 41 143 10 86 146 130 197 76 5 12 98 192 128 158 217 5 49 64 140 74 128
25 2 14 233 76 11 227 88 118 128 254 226 209 193 160 96 120 140 106 140 138 179 239 159 84 175 163 4 113 138 112 160
80 0 158 220 9 210 97 104 246 140 230 32 66 242 32 118 240 100 106 128 0 195 139 72 147 178 199 3 128 96 101 38
112 162 140 189 40 73 65 200 143 52 128 169 231 198 138 82 73 212 238 128 10 67 207 17 148 178 139 61 16 8 6 0
96 32 91 156 72 193 97 72 181 132 226 170 194 194 192 84 90 253 238 128 8 67 199 64 148 48 135 27 1 0 38 36
89 32 5 173 45 27 64 8 110 176 162 232 207 0 192 146 203 196 236 16 13 225 207 156 140 211 39 54 24 44 0 4
112 32 14 137 11 75 160 72 182 4 242 171 194 198 66 64 120 140 234 128 12 227 207 80 148 0 139 25 97 8 47 210
81 0 134 141 13 31 64 8 238 32 194 198 195 224 0 198 72 196 110 140 13 67 223 144 149 178 203 25 24 44 57 4
33 46 19 187 87 131 162 72 30 64 112 199 100 200 32 128 252 41 2 5 39 242 10 255 52 38 11 42 89 12 43 148
96 34 6 137 77 27 32 72 174 36 242 139 130 130 34 214 104 204 234 132 12 243 207 144 148 32 139 57 17 12 126 196
32 32 13 185 76 203 129 72 22 48 208 11 242 209 96 64 89 112 106 0 10 227 203 145 221 130 171 57 16 8 20 162
96 162 76 33 78 9 224 200 106 180 240 171 198 136 68 18 41 204 106 1 6 115 203 81 28 0 3 61 81 8 87 130
121 34 145 164 40 13 104 16 111 168 178 73 207 2 80 150 162 197 108 12 13 99 193 192 148 248 7 48 72 132 67 5
8 30 22 191 27 139 52 104 158 22 64 231 230 227 34 193 223 122 170 0 38 217 74 189 236 210 67 3 24 12 41 147
33 180 22 185 95 135 176 200 158 56 240 7 228 208 32 193 249 121 98 33 39 243 91 157 53 2 75 46 89 8 59 150
25 32 6 21 73 159 224 72 254 160 230 68 195 224 226 228 120 100 106 12 5 241 143 64 28 2 67 0 74 0 121 132
16 4 103 253 20 195 99 88 118 8 242 66 113 195 176 96 121 172 46 168 171 176 47 159 116 174 227 0 49 136 112 160
96 32 14 9 72 11 32 72 38 160 194 8 208 128 66 2 105 76 106 0 0 83 199 16 92 2 15 56 64 8 34 128
125 164 135 21 140 2 36 248 118 242 66 64 83 224 209 43 89 100 104 56 185 243 207 8 8 34 101 68 233 248 112 0
17 42 10 185 78 139 160 64 60 36 114 239 76 194 162 0 126 173 34 133 4 243 130 192 20 34 43 32 65 8 43 192
56 0 22 201 13 147 160 72 134 0 210 98 198 210 32 228 232 188 234 128 9 227 203 208 149 162 139 27 19 8 57 166
96 32 14 137 72 15 160 72 190 32 242 13 70 130 102 80 248 205 106 133 12 243 147 64 21 0 139 11 73 0 43 134
82 32 7 140 76 82 32 72 254 40 194 34 192 210 36 230 248 204 106 128 12 211 195 208 149 50 139 19 16 8 53 166
1 32 7 137 13 79 160 72 110 160 242 10 198 128 4 132 232 140 106 1 9 241 91 208 149 146 11 16 81 8 83 164
109 52 175 119 136 6 7 184 82 186 66 104 83 241 145 43 25 118 96 58 185 241 143 42 105 47 101 4 225 248 80 32
12 180 148 23 155 83 22 200 182 183 4 32 228 242 73 42 145 94 232 18 54 65 171 59 41 199 77 111 130 112 7 166
112 34 5 129 12 75 96 72 79 160 242 234 198 2 196 212 106 132 110 1 13 99 197 208 148 178 139 18 20 8 53 132
0 16 23 205 77 66 32 72 246 0 194 66 192 211 32 196 120 76 106 136 0 211 219 208 21 162 131 2 18 8 116 162
32 32 22 185 78 203 161 72 150 164 242 167 213 195 32 64 120 60 106 0 0 243 91 144 212 130 3 41 81 8 37 146
98 34 65 129 44 9 96 64 45 36 178 232 143 8 132 212 202 141 110 129 8 227 197 192 148 144 3 56 68 8 102 132
16 0 14 137 76 75 161 72 174 36 210 34 214 147 32 64 104 132 106 0 0 241 139 208 213 163 11 17 17 8 53 130
81 32 14 129 13 30 104 64 236 32 242 66 222 130 16 240 106 133 110 136 5 193 151 192 149 32 139 0 41 0 41 4
20 172 133 18 147 247 6 168 54 247 0 16 68 246 105 92 145 78 32 56 51 64 59 63 169 134 5 102 144 113 129 114
16 2 7 137 10 11 160 72 102 32 194 194 194 129 32 64 104 132 106 8 8 211 199 16 148 34 162 16 49 8 49 128
49 0 6 137 12 15 32 72 102 32 194 2 194 128 32 64 104 132 106 0 12 211 207 80 149 34 130 24 24 8 48 132
113 16 143 29 10 2 33 88 118 128 194 164 82 240 160 82 81 108 106 0 0 211 239 25 24 162 101 8 120 160 48 64
0 160 143 29 24 7 32 200 22 184 194 64 80 228 96 208 17 124 106 16 3 209 203 29 29 2 5 54 16 32 8 128
28 172 148 26 177 227 22 168 54 183 0 17 110 230 107 88 145 79 160 48 54 64 11 63 169 6 5 103 144 117 133 66
32 32 67 136 69 203 227 72 127 164 242 139 66 202 102 20 120 172 98 128 0 243 204 210 28 36 131 41 65 8 102 228
0 48 150 29 27 11 32 72 182 184 194 168 64 228 96 130 25 124 234 16 0 209 203 28 28 2 5 54 16 36 2 148
49 34 7 137 78 3 161 72 86 208 242 230 193 192 160 68 120 140 34 140 11 242 79 145 148 162 163 12 57 8 48 148
96 32 134 29 72 11 32 72 246 224 194 32 64 224 224 82 81 108 106 0 0 211 203 25 28 34 69 8 32 32 50 0
96 32 6 9 73 9 32 72 54 36 194 12 64 192 34 80 120 204 106 136 0 211 223 0 20 34 2 8 32 8 35 128
81 0 6 137 76 11 32 72 102 32 194 2 194 128 32 192 104 140 106 136 13 147 199 16 148 34 131 1 16 8 49 0
0 162 134 13 10 3 32 200 150 180 196 4 64 224 98 68 89 76 106 8 2 211 219 25 77 2 5 45 16 8 36 128
121 32 134 13 74 75 32 72 182 176 192 40 80 224 64 80 121 76 106 0 4 211 203 16 92 2 37 37 56 40 10 128
112 16 142 29 74 18 32 72 118 128 198 32 80 224 160 114 81 108 106 8 9 211 239 25 28 34 101 8 96 32 114 0
112 2 14 137 8 75 32 72 102 112 194 6 194 128 34 80 104 132 106 0 8 211 203 16 148 34 3 13 16 8 52 192
80 32 134 29 10 135 33 120 246 140 194 0 96 224 32 83 81 108 106 32 32 195 203 29 29 34 69 8 96 32 32 128
32 34 7 41 72 11 32 72 118 160 194 72 66 192 0 64 121 76 106 0 8 210 205 16 28 2 229 32 96 8 50 160
22 160 174 31 138 195 17 232 182 212 194 161 96 246 98 82 209 127 235 177 38 195 219 61 29 34 77 95 176 32 55 214
16 0 15 137 74 11 160 72 118 32 194 194 210 129 128 64 120 68 106 8 9 211 79 16 212 34 35 16 48 8 40 128
88 34 80 37 44 9 96 0 43 164 178 137 143 8 82 18 138 197 76 5 12 96 193 128 140 209 3 51 64 140 79 64
81 32 83 169 77 73 97 64 109 32 178 8 159 130 16 116 106 133 110 137 9 99 245 192 149 176 3 16 64 0 99 36
80 32 30 161 10 74 97 64 109 36 178 32 206 146 0 80 98 133 110 128 8 209 193 192 149 176 11 19 0 0 39 34
97 32 65 161 109 77 225 64 45 32 178 8 158 8 4 20 232 132 110 12 9 115 209 192 149 176 3 56 72 8 66 160
48 34 74 217 84 131 227 88 86 132 246 66 115 193 160 64 120 168 34 12 10 242 79 159 118 175 163 8 115 136 112 160
80 18 30 141 11 10 176 64 188 36 194 167 204 131 34 64 114 93 234 128 0 209 135 192 212 34 138 1 32 8 45 146
80 0 14 137 14 75 33 72 166 164 214 10 214 147 32 66 104 204 110 128 8 227 203 208 213 34 3 25 49 8 53 162
65 48 135 29 74 131 33 88 118 164 194 228 114 224 128 82 81 108 106 4 8 211 239 21 84 34 101 56 32 32 34 208
24 32 7 29 8 15 32 72 182 184 194 8 80 240 224 64 121 108 106 0 40 211 171 28 28 2 37 36 96 40 16 194
49 34 7 137 78 3 161 72 86 112 240 198 81 194 160 100 120 140 42 132 139 243 111 145 20 162 131 4 49 8 48 228
48 34 14 169 73 11 160 72 166 140 242 3 196 130 34 64 104 140 234 132 4 243 195 208 213 129 139 25 81 8 43 130
97 32 74 129 76 9 224 64 45 32 242 10 158 3 0 48 104 132 110 12 0 115 193 192 213 177 35 49 97 8 66 160
96 34 6 136 77 31 160 72 190 40 242 75 4 194 34 208 248 204 234 128 4 243 203 208 21 32 11 59 17 12 123 134
22 164 148 26 153 195 22 168 62 183 0 1 108 242 73 152 145 79 160 48 54 192 139 63 41 22 69 111 208 116 15 6
101 182 135 117 152 2 68 248 214 186 194 96 83 241 209 43 17 116 104 40 185 243 139 8 104 235 101 20 233 248 80 33
78 160 150 22 137 211 20 200 150 182 68 1 196 230 75 142 149 127 232 18 38 81 139 58 75 215 77 111 130 116 7 198
80 32 18 128 9 88 97 64 237 168 162 8 78 146 68 118 104 197 110 136 12 195 161 192 153 176 3 3 1 0 39 38
89 34 149 165 40 25 104 16 45 168 178 236 207 2 192 146 194 205 236 1 13 240 197 0 132 241 35 177 72 168 7 1
96 48 23 137 75 15 160 72 238 160 242 74 198 146 96 196 232 156 234 128 13 227 211 208 149 0 139 27 89 8 43 134
112 48 7 137 75 75 160 72 174 32 226 11 198 150 32 198 104 220 234 128 9 227 219 208 149 32 131 59 49 8 39 182
81 32 15 133 8 74 97 64 236 160 226 66 212 130 16 114 104 196 106 136 1 209 133 64 149 32 171 0 1 0 99 32
40 32 8 201 78 11 163 88 86 160 244 130 209 193 32 64 89 140 106 12 10 50 95 147 86 167 163 12 113 136 112 160
64 2 158 220 73 130 48 72 230 132 230 32 202 242 36 82 224 116 234 128 0 195 131 64 31 50 199 11 16 32 108 7
89 34 21 165 44 91 64 24 111 232 178 233 207 0 192 208 139 133 236 0 13 96 201 16 140 243 35 144 0 140 1 1
112 32 7 136 75 73 161 72 166 164 242 171 66 198 96 80 104 156 234 128 12 227 207 208 149 0 139 27 81 12 38 210
96 32 0 129 79 73 160 72 38 164 240 138 134 144 64 144 104 140 234 128 8 115 195 64 21 0 3 57 97 8 38 130
17 36 7 155 80 135 163 104 54 64 114 198 228 194 160 101 248 41 2 165 37 243 28 255 180 38 11 2 89 8 33 180
1 10 23 189 31 131 160 96 150 32 210 231 228 227 32 192 252 45 170 36 36 209 11 157 132 242 75 2 24 44 41 145
100 190 135 126 184 14 7 184 146 186 98 108 115 225 169 91 21 118 96 42 169 243 155 47 104 238 101 16 232 240 66 49
96 34 14 137 76 11 160 72 238 36 242 143 194 128 34 66 104 204 106 12 4 241 207 192 148 32 131 33 16 12 127 196
12 172 180 27 153 211 22 168 62 183 68 1 78 246 73 156 145 123 224 16 54 80 171 63 43 87 69 111 146 116 15 71
80 32 143 93 8 74 33 72 246 160 226 68 80 227 160 82 120 100 106 8 8 241 171 8 85 35 231 0 0 40 100 32
125 180 135 85 156 14 70 248 118 250 198 98 83 241 193 175 25 236 104 42 169 240 207 10 62 239 101 4 235 248 114 48
121 34 17 224 45 13 72 16 109 168 178 77 143 11 80 146 136 197 108 12 13 98 193 192 147 249 34 48 74 132 66 1
96 34 74 1 74 9 224 64 107 164 178 141 130 130 70 82 106 205 110 128 12 227 223 80 148 144 3 57 65 0 106 128
32 34 5 161 78 11 161 72 46 164 242 139 215 128 64 2 41 204 106 1 2 243 201 81 220 0 35 48 97 8 87 130
40 32 21 185 79 75 33 72 22 48 208 106 214 213 96 196 89 216 106 0 11 115 203 145 157 130 131 56 50 8 20 160
115 32 204 140 9 30 64 8 239 160 130 137 194 162 6 86 104 196 110 132 12 67 223 192 149 50 199 25 8 32 58 6
16 34 135 5 8 78 33 80 236 168 226 66 208 131 144 114 104 196 106 136 1 209 149 64 213 34 163 0 1 32 99 32
16 32 7 129 15 91 160 72 238 160 162 162 198 144 128 166 106 204 110 1 9 241 77 80 156 162 11 19 97 8 31 166
102 32 140 28 202 4 164 232 50 182 192 9 96 224 91 90 209 230 107 181 4 67 223 0 29 34 207 61 128 112 50 6
114 32 81 152 104 73 64 72 143 164 224 168 226 194 132 212 72 156 238 128 10 67 207 81 148 48 131 59 80 8 38 164
114 160 0 168 40 73 65 136 15 180 160 169 199 6 64 86 201 213 238 0 10 67 207 17 156 144 141 63 16 40 6 4
61 36 215 126 184 66 71 184 19 170 118 104 115 229 137 191 29 254 100 42 105 243 171 47 170 239 101 148 226 248 66 33
70 160 148 30 203 67 148 172 182 179 128 153 200 247 76 222 19 215 235 144 50 67 223 113 29 34 223 127 151 116 143 2
96 32 0 136 75 77 160 72 38 164 240 11 134 208 64 146 233 220 234 0 0 115 219 16 29 0 15 59 65 8 46 130
56 16 135 125 24 2 37 120 246 174 226 100 83 241 160 82 120 108 106 40 40 241 187 28 84 162 99 0 0 168 100 98
50 32 20 137 75 95 176 72 22 180 228 11 196 214 98 196 249 24 234 16 6 115 219 17 157 18 5 63 82 12 45 198
6 172 150 27 185 223 54 168 191 183 4 1 236 246 111 156 145 123 235 16 54 65 139 127 43 22 69 127 146 36 13 198
89 34 142 109 8 6 96 88 118 168 226 102 209 227 128 194 112 204 106 140 137 209 207 12 84 163 231 0 41 160 104 144
96 32 0 136 79 73 160 72 46 164 240 139 134 128 64 150 104 204 234 128 8 115 211 208 21 0 3 59 65 8 110 130
14 172 180 19 217 215 50 200 191 181 4 17 204 246 75 159 149 91 235 16 54 65 187 119 47 22 77 111 146 116 143 198
61 6 206 63 170 2 70 248 114 162 242 228 115 224 155 27 29 238 100 46 237 243 207 47 248 239 101 148 237 248 114 16
17 34 14 133 10 10 169 80 236 160 226 66 213 130 208 114 104 196 110 136 129 209 133 64 212 33 171 0 40 128 43 128
32 176 20 24 75 223 48 200 150 188 192 9 198 210 98 196 217 40 234 16 2 83 91 17 29 130 5 127 80 8 13 130
112 34 7 136 76 74 160 72 254 32 210 98 68 194 36 208 248 156 234 129 4 83 195 208 148 32 139 43 17 8 53 132
80 0 6 9 72 75 32 72 230 32 194 10 194 192 32 80 104 140 106 136 12 211 143 16 20 34 131 33 16 8 52 128
96 32 6 1 72 11 160 72 230 160 194 0 210 128 64 64 104 140 106 0 8 211 195 16 148 3 35 48 96 8 51 128
14 176 182 22 201 151 52 200 190 182 4 9 204 246 75 142 145 127 235 18 34 67 155 49 15 83 77 127 130 116 15 198
86 32 132 133 139 75 132 136 42 182 130 139 194 36 83 14 33 196 233 177 44 193 223 0 157 2 207 55 132 124 31 198
17 32 7 9 72 11 161 72 102 160 226 66 144 128 0 192 104 12 106 8 1 243 69 16 148 0 35 0 97 8 35 160
14 188 148 19 185 243 54 168 190 191 0 53 204 246 75 159 145 127 224 16 54 80 155 119 45 22 93 111 138 117 143 23
125 38 206 53 142 10 71 248 86 166 214 231 83 225 211 11 29 236 108 46 168 242 207 10 248 231 101 132 237 248 112 1
56 32 6 13 74 11 32 72 182 240 194 8 64 192 98 80 113 108 106 0 4 211 143 16 28 3 37 36 32 40 6 128
70 176 150 22 233 87 52 232 182 190 2 41 196 246 75 142 149 127 233 18 6 67 139 48 13 50 77 127 128 116 15 215
17 32 14 153 77 159 160 72 254 0 246 6 74 192 98 244 120 236 106 12 4 243 151 80 20 34 3 1 73 0 105 132
120 48 134 29 74 3 33 72 118 232 198 4 114 224 192 114 112 108 106 8 1 211 251 21 84 34 101 56 56 32 34 144
71 176 150 29 137 143 160 232 254 184 66 76 228 240 100 214 145 111 106 48 39 209 219 29 29 50 69 30 216 32 43 133
87 34 229 5 186 11 141 8 126 178 130 232 203 32 197 174 23 212 108 177 169 208 207 8 140 210 239 150 166 244 19 37
64 32 2 9 74 11 32 72 164 36 226 10 194 130 32 208 104 140 106 128 9 211 135 64 148 32 130 32 33 8 35 160
2 162 142 63 24 195 48 232 182 180 66 161 228 226 42 67 209 111 235 49 38 211 203 61 168 179 77 31 144 32 47 130
112 32 14 137 74 75 32 72 230 32 194 2 210 128 32 64 104 132 106 8 8 195 203 16 84 34 35 56 48 8 48 128
81 0 14 9 72 11 32 72 118 32 194 2 210 128 130 64 120 140 106 12 9 211 79 16 20 34 163 16 56 8 32 144
52 160 204 61 152 75 66 232 86 184 226 9 115 225 88 16 25 204 110 56 42 242 207 31 252 199 101 117 241 106 90 130
103 140 214 94 153 146 70 168 127 19 100 8 98 240 142 247 145 110 224 8 39 202 139 63 42 126 85 11 218 116 106 12
32 34 14 169 73 15 176 72 166 44 242 75 196 194 34 194 232 204 234 1 4 243 203 144 149 32 11 27 17 8 59 130
112 48 23 137 79 73 160 64 174 32 242 10 2 150 32 212 104 157 238 128 9 227 211 208 149 32 139 59 57 12 39 150
97 48 22 136 73 31 176 72 254 160 226 78 68 146 96 212 248 140 234 0 4 243 219 208 21 32 11 26 89 12 43 134
96 32 11 200 76 75 163 72 86 36 244 10 83 193 224 32 121 136 34 12 8 114 235 154 85 4 163 40 81 8 112 160
64 34 150 221 9 2 48 72 238 132 226 33 200 194 36 82 232 244 234 128 0 211 131 192 148 50 131 3 0 32 45 130
89 34 21 165 44 29 64 16 110 168 178 76 223 3 64 240 132 133 236 4 141 96 193 16 135 211 37 16 72 128 2 49
96 32 7 137 77 75 161 72 174 36 242 139 132 134 0 68 104 140 234 128 0 243 195 208 149 32 139 25 16 8 54 242
17 0 6 153 84 135 160 104 22 64 210 198 244 226 160 100 120 40 34 173 45 243 31 221 144 34 203 0 89 8 33 164
1 2 135 191 15 131 32 104 182 0 194 199 228 226 32 192 252 108 42 132 5 209 3 237 148 34 203 2 24 44 33 148
16 34 14 137 76 15 161 72 238 36 242 131 78 192 34 66 232 204 106 4 4 243 135 208 212 32 131 1 1 8 117 194
93 34 132 37 168 31 72 40 110 184 130 200 207 32 208 179 133 196 236 53 169 193 207 28 140 243 237 244 192 164 18 32
17 34 14 152 72 159 160 72 230 4 242 7 66 192 98 66 232 236 106 132 4 243 131 80 20 32 3 11 81 8 33 198
121 34 17 224 45 13 64 16 47 232 178 77 143 11 80 144 136 133 108 12 13 98 193 144 147 249 1 56 74 132 66 33
96 32 3 1 73 9 161 64 42 164 178 137 146 130 64 82 104 197 110 132 8 227 223 64 213 0 3 56 65 0 98 192
56 32 20 141 75 27 32 72 22 176 198 202 198 195 224 228 121 220 234 8 3 243 203 145 157 192 129 54 58 140 24 164
97 160 156 31 91 147 16 232 86 48 192 0 96 240 110 114 209 78 106 0 38 211 207 61 30 42 69 43 88 32 42 134
112 32 206 141 12 91 64 72 175 160 130 11 198 144 2 82 104 196 110 0 12 67 199 80 148 34 195 27 48 8 90 6
80 32 14 133 12 91 64 8 239 160 130 170 198 240 128 118 106 196 238 1 12 227 207 80 152 50 3 27 64 8 63 6
112 32 0 169 104 73 192 72 15 160 176 168 131 138 132 212 200 149 238 0 10 99 203 145 148 241 139 57 80 12 78 164
98 32 64 128 41 73 64 8 47 180 176 137 143 6 68 150 203 212 238 0 12 67 219 144 148 208 5 63 80 12 70 4
88 32 80 165 45 9 72 0 43 164 178 137 143 10 82 148 162 133 108 5 8 96 193 128 148 208 7 51 102 132 67 69
70 160 132 25 139 83 148 168 174 183 128 153 192 242 76 214 65 215 232 145 2 67 219 81 157 2 207 127 147 100 143 6
70 164 180 27 153 215 150 232 191 182 130 1 236 246 79 223 145 95 235 49 38 65 139 127 43 22 77 127 208 36 13 70
117 4 207 125 178 18 78 248 118 226 226 228 115 96 145 113 89 236 116 46 173 242 237 14 248 239 101 148 237 248 122 16
112 32 2 129 73 77 160 64 47 36 178 11 142 132 2 148 104 140 234 0 8 227 209 208 149 160 11 59 65 12 15 194
65 34 74 129 74 9 105 80 108 32 246 102 149 130 144 112 106 141 110 140 128 211 197 64 212 32 163 0 40 128 35 160
117 166 207 117 214 11 103 184 119 182 246 238 83 97 144 19 61 204 108 172 168 240 205 14 126 175 229 132 229 232 82 97
21 172 203 94 158 3 71 248 86 227 192 78 115 248 220 32 49 206 52 173 171 225 175 63 56 47 229 188 253 224 80 32
6 176 150 27 185 215 16 232 190 189 66 45 236 246 111 156 145 127 234 48 38 209 155 125 9 18 69 111 144 36 13 215
125 6 215 125 170 2 71 120 55 162 102 224 115 225 129 255 23 124 100 42 169 241 175 15 168 239 101 128 235 240 114 33
70 176 148 21 233 87 52 232 182 254 66 13 196 246 66 134 149 93 233 16 7 83 155 24 13 50 77 63 136 100 15 215
117 160 206 85 172 26 68 184 86 234 70 108 83 240 208 166 17 108 104 44 173 242 239 10 26 239 101 4 233 232 122 5
23 79 44 187 28 135 26 51 150 12 206 135 231 76 34 64 196 35 63 85 174 137 79 189 234 231 171 209 148 10 25 83
104 32 5 129 73 9 160 72 46 160 242 72 130 129 64 214 104 196 234 140 9 243 223 80 148 0 139 56 99 12 34 160
96 162 148 29 74 139 176 200 86 180 194 1 96 224 102 66 217 76 106 5 6 211 207 29 92 34 67 44 80 8 34 194
120 32 67 141 104 73 97 72 174 160 162 169 194 146 4 210 104 196 110 1 8 67 199 208 148 48 3 56 0 8 86 2
112 32 8 168 44 73 80 72 239 164 178 168 135 194 64 80 200 149 110 0 12 99 199 80 144 176 3 59 80 8 6 4
112 32 0 169 40 89 64 8 15 164 176 136 135 2 0 86 200 213 238 1 12 99 203 144 144 240 3 59 80 136 14 4
120 32 64 161 41 89 64 8 47 180 160 137 207 2 64 150 139 197 236 0 12 67 221 144 156 209 5 61 16 12 78 6
118 160 132 37 137 75 0 136 47 180 128 9 195 50 68 22 9 212 236 144 14 67 223 17 157 146 207 119 48 32 31 6
86 32 134 133 139 95 16 8 171 180 130 9 194 244 71 158 161 213 237 17 12 67 203 128 157 146 207 63 130 124 30 6
