2 132 3 155 28 131 138 232 22 1 88 82 96 200 56 192 89 10 19 161 35 50 75 191 40 6 155 236 21 10 176 168
105 48 113 64 101 29 81 16 105 8 52 8 26 25 148 180 140 148 70 8 137 96 240 192 199 217 32 18 66 128 66 39
1 142 10 190 20 129 138 236 86 1 88 86 113 226 184 64 89 42 2 141 162 138 15 191 104 38 187 200 60 10 176 136
104 48 56 96 32 77 81 16 105 136 52 8 159 23 0 48 132 21 221 8 136 96 176 0 195 249 32 16 64 128 66 35
67 0 134 149 4 32 40 2 174 17 210 86 136 2 192 74 99 7 123 144 19 217 131 192 28 34 218 192 140 64 49 4
2 140 3 139 52 175 171 39 30 9 90 82 244 65 48 64 217 43 19 25 51 188 65 255 45 54 154 192 144 10 145 169
97 32 112 69 108 9 232 64 105 32 240 74 138 8 20 146 202 197 70 1 140 114 196 192 22 24 130 48 77 140 74 129
2 141 2 158 21 199 186 230 22 4 90 3 96 234 50 64 217 106 147 129 34 152 26 255 33 54 138 3 20 10 60 138
3 142 2 154 20 145 138 236 86 1 88 86 96 232 188 196 89 10 18 141 167 162 15 191 40 14 155 200 28 10 184 140
105 48 113 64 101 29 81 16 105 8 52 8 26 25 148 180 140 148 70 8 137 96 240 192 199 217 32 18 66 128 66 39
3 142 2 154 28 145 138 236 86 1 88 70 96 232 188 196 89 42 2 141 167 162 15 191 40 14 155 200 28 14 184 140
105 48 113 64 101 29 81 16 105 8 52 8 26 25 148 180 140 148 68 8 137 96 240 192 199 217 32 18 66 128 66 39
49 143 67 222 20 146 78 242 213 0 218 70 113 227 176 228 88 234 30 238 137 139 12 191 176 238 162 128 63 170 112 44
33 32 121 225 108 9 233 80 108 104 112 72 151 9 148 48 74 13 87 9 129 114 228 64 4 24 34 32 69 136 67 161
17 4 105 237 52 11 75 56 86 232 94 64 211 35 144 96 89 140 28 40 169 176 109 30 236 175 161 132 52 138 80 96
6 188 180 159 170 132 190 168 190 218 82 177 236 254 11 107 151 119 179 135 244 216 139 255 44 54 95 138 132 116 133 95
134 76 130 151 149 34 174 167 60 39 74 18 204 42 32 73 115 71 2 162 48 220 9 238 37 38 222 1 132 89 181 0
37 193 117 65 60 79 231 57 237 112 191 0 210 17 156 55 8 4 90 106 193 161 121 76 103 152 5 84 67 170 194 160
34 160 16 155 237 173 184 143 14 49 41 24 172 136 88 8 205 11 115 17 18 40 91 209 13 20 30 126 144 8 209 138
3 143 2 156 20 131 170 230 86 0 90 70 32 226 180 228 89 106 18 141 135 184 4 255 32 46 138 128 28 8 56 140
210 184 156 184 137 237 16 71 171 31 160 25 174 158 64 91 129 51 237 16 58 79 210 241 155 211 90 123 144 64 135 90
3 142 3 138 20 163 170 103 84 1 90 230 96 232 176 68 89 42 2 141 147 184 4 255 40 38 138 192 156 138 176 140
216 176 148 112 137 109 80 23 171 59 164 24 158 159 64 27 161 147 236 16 58 111 146 128 219 217 80 127 194 64 135 11
3 143 3 158 20 131 170 230 86 1 88 70 96 224 180 228 89 106 2 140 167 184 12 255 32 46 138 128 28 10 112 172
3 141 3 222 20 131 170 242 86 1 88 70 96 232 180 228 89 106 18 201 163 184 12 255 32 46 138 128 28 10 48 172
105 141 66 87 244 26 230 39 121 3 127 152 235 40 158 148 91 230 70 8 116 184 197 111 46 255 22 65 231 206 202 140
200 185 19 124 75 205 53 103 255 67 96 56 190 151 32 112 162 187 234 0 67 15 178 115 241 244 82 43 72 0 167 42
57 125 83 77 84 223 198 118 69 224 250 64 51 16 181 180 88 236 22 106 205 186 117 44 38 172 32 0 123 187 106 172
16 141 11 190 20 131 171 246 22 0 94 2 113 227 48 64 89 106 23 137 43 152 10 191 224 167 170 128 52 138 48 168
105 180 24 104 121 61 80 59 107 57 172 92 158 19 14 180 149 146 70 44 159 58 113 85 199 217 16 118 202 0 202 11
104 48 56 96 33 77 81 16 105 136 52 8 159 23 0 48 132 21 93 8 136 96 176 0 195 249 32 16 66 128 66 35
38 162 0 137 205 3 160 200 22 180 208 139 192 200 98 0 121 136 227 145 6 114 79 145 28 0 143 63 213 12 28 134
97 32 112 69 108 25 232 64 105 32 240 74 139 8 148 146 234 197 70 1 140 114 196 192 22 88 130 49 79 140 74 132
36 162 9 153 204 3 168 200 22 176 208 203 192 200 112 64 89 136 35 145 2 114 79 145 28 2 175 108 85 8 48 128
33 32 120 64 108 25 248 80 105 96 180 74 138 8 148 48 202 129 87 9 132 98 228 192 22 88 2 48 79 140 90 133
38 160 0 137 204 11 168 200 22 176 208 203 192 200 112 0 121 136 99 145 2 242 79 144 28 0 143 188 85 8 16 130
96 32 112 65 108 25 232 64 105 96 240 74 139 9 150 48 234 133 87 1 136 114 228 192 22 120 130 48 79 140 74 132
17 143 67 222 20 131 174 242 84 0 90 70 113 224 180 100 88 106 2 207 135 184 12 191 32 46 162 128 60 138 112 172
2 143 0 156 147 176 180 167 30 7 72 147 172 42 34 192 129 67 131 133 118 8 0 255 40 54 158 67 16 84 169 14
40 184 56 121 232 141 241 222 126 57 116 24 151 151 64 48 157 26 86 24 146 122 250 51 207 205 53 108 80 136 195 171
104 48 56 96 33 76 81 16 105 136 52 8 159 23 0 48 132 20 93 8 136 96 176 0 195 249 32 16 66 128 66 35
3 143 3 158 20 131 170 230 86 0 90 70 96 226 180 228 89 106 18 141 135 152 14 255 32 46 138 128 28 14 48 140
2 149 146 156 179 244 188 167 30 79 72 53 172 62 34 192 133 83 147 1 118 72 16 215 45 54 30 195 144 68 173 95
104 48 56 96 33 77 81 16 105 136 52 8 159 23 0 48 132 21 93 8 136 96 176 0 195 217 32 16 66 128 66 35
58 134 99 232 22 243 75 127 23 69 220 163 99 101 186 68 89 138 143 188 58 171 101 159 250 239 146 217 183 142 244 120
3 141 3 158 20 131 170 230 86 0 88 70 96 226 180 228 88 106 18 136 167 184 12 255 32 46 138 128 28 10 120 172
104 48 56 96 33 77 81 16 105 136 52 8 159 23 0 48 132 21 93 8 136 96 176 0 195 217 32 16 66 128 66 35
130 140 2 154 93 229 130 198 150 3 64 18 32 216 48 64 201 42 19 129 34 174 18 191 33 38 154 41 17 72 176 138
3 143 3 158 20 147 170 230 86 0 88 70 96 224 180 228 88 106 2 140 167 184 12 255 32 46 138 136 29 10 120 140
2 140 2 158 21 195 170 230 22 0 90 2 96 250 48 64 89 106 19 129 34 152 10 255 33 38 138 1 20 10 48 138
105 32 113 64 101 29 120 16 105 8 180 72 138 27 148 182 142 196 78 8 141 96 224 192 71 216 32 146 66 136 66 165
130 141 6 158 20 195 170 230 150 0 90 2 96 234 48 65 121 106 19 193 32 184 10 255 32 38 138 129 20 12 52 138
37 134 9 187 220 131 139 200 22 33 80 210 113 200 184 64 89 10 2 189 34 178 79 183 124 6 175 236 189 136 176 128
104 48 120 96 32 77 81 16 105 136 52 8 159 23 0 48 134 21 93 8 128 96 176 0 195 217 32 145 66 128 70 35
1 0 135 145 12 34 168 82 110 81 210 82 156 130 240 106 99 6 58 152 147 221 135 192 12 34 186 192 140 200 49 0
130 151 144 145 177 100 60 39 60 15 74 53 140 54 34 64 135 19 145 1 52 216 16 194 45 22 30 195 128 68 141 83
98 32 112 193 108 25 232 64 105 32 240 10 138 8 20 146 234 197 70 5 132 114 196 192 22 56 130 49 69 140 75 132
67 160 16 153 232 169 56 7 174 17 18 212 140 134 192 88 167 27 127 148 18 8 130 209 140 16 186 232 156 0 129 17
34 32 4 129 77 11 160 72 30 180 240 139 192 200 82 0 121 136 227 149 6 114 79 209 28 16 143 63 85 12 127 134
2 156 2 158 21 227 162 226 22 8 88 2 160 248 33 64 217 106 2 195 34 186 24 255 33 54 138 138 20 75 48 138
105 32 113 64 101 29 121 16 105 8 180 72 138 27 148 182 142 196 78 8 141 98 224 192 71 248 32 146 66 136 66 37
130 141 6 158 21 199 178 230 158 13 88 3 164 250 32 193 217 107 131 129 38 184 74 255 41 54 138 3 16 12 60 138
39 134 8 155 220 131 138 232 86 5 88 211 96 232 186 64 89 74 2 181 54 178 79 183 56 6 159 109 157 10 184 132
105 48 113 64 109 29 248 16 105 40 180 72 138 25 212 180 142 132 70 8 141 98 224 192 23 216 1 178 67 136 66 165
39 134 8 155 220 131 138 200 22 17 80 211 96 202 58 64 89 10 3 133 54 50 79 183 60 6 159 237 29 8 184 140
105 48 113 64 101 29 121 16 105 72 180 104 138 27 148 182 142 196 86 8 141 96 224 192 71 216 32 146 66 140 66 165
39 134 8 155 220 131 138 200 22 33 80 211 96 200 56 64 89 10 2 133 54 50 79 247 60 6 143 237 29 8 184 132
105 48 113 64 109 29 248 16 105 168 180 104 138 25 212 182 142 196 70 8 141 98 228 192 87 216 1 178 67 136 66 165
39 134 0 155 220 147 138 200 86 1 80 211 96 200 56 192 89 10 130 133 54 50 79 183 60 6 159 109 29 12 184 132
104 48 56 96 32 77 81 16 105 136 52 8 159 23 0 48 132 20 221 8 136 96 176 0 195 249 32 16 64 128 66 35
49 143 67 206 20 147 78 242 213 0 218 70 113 224 180 228 120 234 14 238 203 171 12 191 50 172 162 128 63 170 120 44
1 32 25 225 100 13 233 16 124 104 114 64 149 17 144 48 94 12 86 9 129 240 225 64 69 137 34 160 76 136 67 161
17 4 121 101 52 15 107 56 116 232 126 64 211 33 144 112 81 12 28 40 169 176 109 30 239 175 33 128 48 138 80 97
64 48 17 96 0 76 65 0 32 0 34 8 150 23 64 112 0 20 104 8 1 64 177 0 193 168 1 0 64 0 6 34
96 32 49 64 0 73 65 0 112 36 100 8 18 21 0 48 16 84 64 8 9 112 224 2 65 140 0 48 64 8 70 34
130 20 148 189 161 110 48 2 61 159 99 49 204 63 9 219 129 31 131 0 52 212 83 202 135 242 90 7 130 101 15 3
38 160 176 227 205 45 248 73 79 49 169 24 142 88 92 24 217 139 83 17 26 50 219 211 159 220 153 126 208 74 211 130
3 143 10 156 20 131 170 119 84 1 90 70 49 234 180 224 120 42 18 141 165 184 4 255 32 46 186 128 28 8 56 140
194 184 156 184 137 237 17 71 171 31 160 25 174 158 64 27 129 51 235 16 58 79 210 241 217 211 90 123 144 64 135 90
105 56 113 64 101 29 120 23 105 8 180 72 10 25 148 182 142 132 70 8 137 104 224 192 7 216 16 146 67 136 66 45
3 142 67 138 20 163 170 103 86 1 90 230 96 224 176 228 121 42 2 173 147 184 4 255 40 38 170 192 156 142 176 140
2 157 8 158 147 192 182 167 30 1 72 131 100 126 46 64 245 115 147 131 118 8 24 255 41 38 158 195 21 86 189 30
3 143 3 158 20 131 170 230 86 0 90 70 96 224 188 228 89 106 2 141 167 184 12 255 32 46 138 128 29 10 112 140
3 143 3 158 20 131 170 242 86 1 88 70 96 232 180 228 89 106 18 205 167 184 12 255 32 46 138 136 28 10 112 140
168 140 192 23 213 186 230 167 121 7 127 147 203 104 30 148 123 198 198 56 60 184 205 175 46 239 22 65 231 204 218 132
253 135 71 206 146 18 78 184 69 64 223 230 75 98 188 245 118 230 174 238 249 147 45 157 178 234 163 196 63 175 120 36
104 48 56 96 33 77 81 16 105 136 52 8 159 23 0 48 132 20 93 8 136 96 176 0 195 249 32 16 66 128 66 35
34 32 4 137 77 67 176 72 22 180 240 139 128 200 98 0 121 140 227 149 6 114 91 145 29 0 143 63 21 12 124 198
96 32 112 193 109 25 232 64 77 32 240 11 138 8 22 130 234 197 199 5 132 114 196 192 22 24 130 49 69 140 91 132
8 184 147 124 83 192 53 71 187 67 104 56 62 151 32 116 163 187 130 0 83 155 178 115 241 244 18 43 82 0 167 187
49 93 87 77 20 223 198 116 69 192 250 64 115 24 181 180 88 234 22 104 237 186 117 61 34 172 32 16 123 154 106 140
24 141 11 254 20 131 107 246 22 0 222 2 113 227 176 96 121 234 23 137 43 153 42 191 224 231 170 128 52 138 48 168
104 48 56 96 33 77 81 16 105 136 52 8 159 23 0 48 132 21 93 8 136 96 176 0 195 217 32 16 66 128 70 51
34 32 68 137 77 11 176 72 31 180 240 139 128 200 118 0 121 140 227 149 6 114 75 209 29 16 143 63 21 12 124 198
36 162 65 137 204 11 160 200 30 176 208 203 208 200 112 0 121 136 98 145 11 242 79 144 28 0 175 60 213 8 80 160
33 34 112 197 108 9 232 64 107 160 240 74 139 8 84 18 234 197 70 1 140 114 196 208 22 24 131 56 77 136 82 132
32 160 4 185 76 11 160 200 22 176 240 139 209 192 112 64 121 140 98 145 2 114 79 145 28 2 143 124 21 8 112 128
96 32 112 197 108 9 232 64 111 160 240 75 138 8 84 2 234 205 87 5 128 114 197 208 22 24 131 56 69 136 83 128
17 143 3 190 20 131 238 246 86 0 90 70 113 226 176 224 121 106 6 207 171 184 14 255 160 174 170 128 60 138 112 140
2 143 2 156 147 192 182 167 30 7 72 145 172 42 34 192 129 67 131 133 118 8 0 255 44 54 158 67 16 84 173 78
1 143 67 222 20 131 134 246 86 0 88 70 112 224 180 228 88 106 2 78 131 170 12 191 40 46 162 8 29 138 112 172
137 130 128 185 84 163 168 75 30 17 81 211 133 192 120 200 89 9 130 21 54 156 79 147 140 6 187 100 156 12 25 128
232 176 151 88 75 236 176 83 235 27 101 88 28 155 108 191 165 147 242 16 19 79 146 193 31 217 82 106 218 0 227 179
104 48 56 96 33 77 81 16 97 168 52 8 159 23 0 48 132 149 93 8 136 96 240 0 195 217 33 49 66 128 70 35
186 128 225 201 31 243 72 79 23 103 212 178 3 13 180 228 89 152 159 188 59 190 117 159 158 206 147 215 183 140 244 244
65 69 113 69 36 74 111 48 100 64 122 68 211 1 145 112 114 196 4 234 201 176 117 76 100 168 34 0 109 178 64 32
1 143 66 158 20 147 174 238 86 1 88 70 96 224 188 228 89 106 2 204 231 184 12 255 40 46 162 136 29 138 120 140
236 34 190 101 36 110 113 16 233 206 119 24 159 21 195 59 128 4 109 62 152 244 160 0 195 249 96 1 194 161 70 99
245 32 233 106 76 3 75 88 66 240 181 74 83 65 217 59 88 196 84 254 137 99 175 16 80 136 225 188 117 171 114 32
3 143 67 222 20 131 174 242 84 0 90 70 112 224 180 228 88 106 2 207 167 186 12 255 32 46 130 128 29 138 112 140
37 69 127 101 52 14 107 48 108 168 127 72 211 19 153 48 54 196 70 106 201 176 105 12 231 175 33 4 96 179 66 161
3 142 2 158 20 145 170 236 86 1 88 215 96 234 190 192 89 42 2 133 38 186 15 255 40 38 155 201 28 14 184 140
105 48 113 100 101 29 113 16 105 168 180 40 158 27 196 54 134 212 76 8 137 98 240 192 199 249 33 50 66 128 66 35
88 48 120 96 33 73 80 16 41 168 54 40 159 31 64 18 166 213 253 0 8 96 144 0 211 249 37 179 98 128 7 19
3 142 2 154 84 145 170 236 86 1 88 215 96 232 190 196 89 42 2 141 166 186 79 255 56 38 155 200 29 14 184 140
17 142 10 187 92 129 234 236 86 1 88 210 113 232 184 64 89 42 22 141 174 186 79 191 188 6 187 136 61 138 184 136
50 32 96 141 77 9 248 72 111 164 240 11 138 136 86 0 106 141 198 1 12 115 197 192 22 24 131 51 101 12 90 134
96 32 209 197 108 9 232 72 111 160 240 203 146 8 84 2 106 205 70 13 0 114 197 208 20 24 163 56 69 8 83 128
32 32 5 161 78 11 161 72 22 176 240 202 209 192 80 0 121 204 98 157 3 114 207 145 28 0 175 60 125 8 115 160
105 32 113 68 109 29 248 16 105 168 244 72 138 9 212 182 206 196 70 8 133 114 244 192 23 248 1 50 79 136 66 133
130 140 6 159 61 194 190 226 156 14 210 35 236 250 48 193 249 99 187 227 100 201 10 255 33 54 202 131 20 44 60 138
38 162 12 155 220 131 170 200 22 53 208 131 224 200 122 64 89 138 3 149 22 114 79 247 28 6 143 109 149 8 120 130
25 141 107 254 20 131 111 246 150 0 222 2 113 227 176 100 121 234 31 202 171 153 46 255 242 239 170 128 54 138 112 168
38 162 8 155 220 131 170 200 22 53 80 147 224 200 120 64 89 10 3 149 22 114 79 183 28 6 143 109 149 8 184 130
34 32 96 141 77 89 240 72 111 164 240 15 10 136 86 128 104 133 198 1 132 115 212 208 22 24 131 59 69 12 94 134
34 48 4 137 79 75 176 72 158 180 240 15 0 204 98 0 249 157 235 129 6 115 91 209 29 0 143 63 21 12 60 210
104 48 56 96 33 76 81 16 41 8 52 8 159 23 0 50 132 85 93 8 128 96 176 0 195 249 32 0 66 128 70 51
38 162 0 155 221 147 170 200 22 53 208 147 224 200 122 192 89 138 131 149 22 114 79 183 28 6 143 109 213 12 248 132
104 48 56 96 33 77 81 16 105 168 52 8 159 23 64 50 132 212 93 8 136 96 240 0 195 249 33 48 66 128 66 35
3 143 3 158 20 131 170 230 86 0 90 70 96 234 180 196 121 106 18 141 167 184 14 255 32 46 138 128 28 14 48 140
38 162 4 155 221 147 170 200 22 53 80 147 224 200 122 192 89 10 131 149 22 114 79 183 28 6 143 111 149 12 184 134
145 143 11 175 20 130 174 119 84 0 90 70 113 226 176 96 120 42 22 141 249 152 5 255 160 175 170 128 61 138 248 136
38 96 232 192 108 45 203 216 83 187 181 26 19 201 93 56 217 200 87 154 138 118 250 146 95 93 133 252 199 251 82 128
41 48 17 65 77 93 224 8 107 96 32 72 26 16 4 180 128 12 82 8 129 112 248 208 7 24 1 50 74 12 66 164
130 143 6 158 28 131 174 226 148 6 210 34 96 234 48 65 121 114 171 227 96 249 10 255 32 38 203 129 20 40 56 136
25 21 121 101 52 15 79 48 117 232 254 64 211 49 144 112 20 196 28 44 169 176 121 30 231 239 33 144 98 170 64 97
3 143 2 158 20 147 174 230 86 0 90 198 96 224 180 196 89 106 2 207 167 184 12 255 32 46 138 128 29 10 120 140
99 56 113 80 101 157 248 23 105 9 244 88 170 26 148 182 142 183 86 8 149 122 240 192 7 216 16 18 74 136 195 173
9 48 57 225 52 15 107 16 116 232 118 64 215 19 144 32 94 92 54 8 129 240 113 14 197 143 35 0 96 136 67 225
105 48 113 64 101 29 81 16 105 8 52 104 30 25 132 180 140 148 214 8 137 96 240 192 71 217 32 18 66 128 66 39
104 48 56 96 33 76 81 16 105 136 52 8 159 23 0 48 132 20 93 8 136 96 176 0 195 249 32 16 66 128 70 51
3 143 3 158 20 131 174 230 86 0 90 198 96 226 180 196 89 106 2 207 167 184 12 255 32 46 138 128 29 10 120 140
105 48 113 100 101 29 81 16 105 168 180 40 158 27 192 54 134 212 92 8 137 98 240 192 199 249 37 50 66 128 66 35
32 32 96 205 108 9 232 72 111 160 240 75 138 136 84 0 106 141 70 1 136 115 197 208 20 24 131 32 69 8 82 128
49 143 70 206 92 147 206 246 213 0 250 198 97 224 180 228 120 234 14 238 207 171 12 255 48 46 130 0 61 138 112 12
32 32 68 137 78 11 160 72 30 176 240 10 192 192 112 0 121 140 98 145 2 115 75 209 28 128 143 61 53 8 112 128
50 32 4 137 79 75 176 72 30 180 240 11 64 200 98 0 249 141 227 145 14 115 75 208 29 0 143 63 21 12 116 130
105 32 113 64 109 29 248 80 105 232 244 72 138 9 212 182 206 196 70 8 133 114 244 192 22 216 1 50 79 136 90 133
38 162 12 155 220 131 138 200 22 21 208 147 96 202 122 64 89 10 3 181 54 114 79 247 60 6 143 109 149 8 184 130
105 32 113 64 100 29 248 16 105 104 244 72 138 8 148 180 206 132 86 8 133 114 244 192 22 216 0 50 79 140 90 165
34 32 64 137 79 75 176 72 15 164 240 11 8 136 102 0 232 141 235 129 12 115 219 208 29 16 143 59 21 12 124 194
105 48 113 64 101 29 248 16 105 104 180 104 138 25 148 180 206 148 86 8 133 98 244 192 23 216 0 50 79 136 74 165
104 48 56 96 33 77 81 16 105 136 52 8 159 23 0 48 132 20 221 8 136 96 176 0 195 217 32 16 66 128 70 51
50 32 96 193 77 25 248 64 109 36 176 11 10 8 22 144 234 133 206 1 140 115 196 192 150 88 131 51 69 12 90 134
233 48 190 88 105 188 241 82 235 27 53 92 28 155 102 59 165 57 118 24 147 111 178 192 95 217 114 106 202 1 107 131
53 166 65 185 220 131 195 216 22 49 80 210 113 193 248 64 89 10 2 188 59 114 79 159 252 134 175 108 181 136 176 160
204 34 190 100 36 108 113 18 233 222 54 16 159 21 67 27 134 52 109 28 128 229 160 0 195 249 112 129 194 161 70 115
3 142 3 155 20 179 170 111 86 1 88 194 96 224 180 196 89 42 2 157 183 184 77 255 44 38 154 72 157 14 184 140
73 81 127 101 36 78 109 17 104 76 126 100 191 23 161 115 6 36 28 108 193 176 33 72 199 249 98 128 2 242 101 105
58 144 225 217 21 243 72 79 23 97 213 179 131 141 244 236 89 186 151 152 31 190 117 147 15 94 146 119 191 140 92 252
8 162 0 185 77 179 160 75 22 53 80 131 141 130 98 205 89 8 163 149 18 216 79 145 132 65 219 109 182 12 57 128
216 48 158 240 41 108 80 19 169 155 183 24 30 159 72 91 164 181 253 16 24 71 146 0 211 249 112 91 194 0 39 19
8 189 19 88 211 217 48 71 255 65 108 32 190 151 36 244 163 59 194 0 83 139 50 119 179 244 18 107 90 0 167 175
13 17 127 101 36 14 111 48 108 232 119 64 219 19 153 51 54 84 126 106 193 240 41 12 231 249 97 132 98 179 66 33
226 176 157 240 201 237 81 71 187 31 160 25 62 159 68 27 129 147 239 16 50 79 146 209 223 211 90 123 144 64 135 59
245 64 65 110 12 3 203 216 194 192 177 206 83 192 249 51 88 192 84 238 169 103 46 58 48 136 229 188 125 187 114 48
97 42 249 65 108 107 97 18 107 236 52 9 138 9 212 28 138 140 70 28 128 126 225 80 71 222 17 100 194 129 70 229
2 28 2 158 21 167 186 226 30 10 90 34 228 250 33 64 217 106 19 129 34 172 74 255 33 54 154 138 20 75 48 139
195 32 148 145 238 160 169 19 174 83 82 18 157 138 210 106 103 7 123 152 147 92 167 208 12 56 186 192 132 192 161 0
13 76 119 101 52 14 111 48 116 232 119 64 219 67 149 116 118 236 110 106 233 176 109 14 228 255 33 4 103 179 66 33
194 149 18 158 163 116 30 167 152 79 8 53 172 62 34 192 135 83 145 1 116 8 24 195 169 54 30 131 144 86 173 95
63 7 71 204 149 51 74 248 69 232 223 198 75 96 185 229 120 196 142 238 233 147 13 156 186 232 163 196 63 175 120 36
44 132 198 27 213 186 226 162 127 23 247 147 195 104 30 212 57 206 226 20 62 252 77 247 46 119 22 65 231 13 218 134
2 149 8 158 146 133 182 175 30 11 73 19 100 126 42 64 181 83 19 163 118 8 8 127 41 38 143 199 16 82 185 11
2 156 26 159 20 163 182 231 30 2 72 2 228 248 33 64 223 58 147 1 2 184 90 255 37 38 138 10 148 74 49 136
99 32 112 65 109 29 248 80 105 32 244 72 138 24 148 180 238 133 86 8 140 114 244 192 22 88 0 50 79 140 74 132
38 162 76 169 204 3 160 200 22 180 208 139 192 200 114 64 89 136 107 149 6 115 79 145 156 2 143 125 213 8 84 130
97 32 112 69 109 29 232 64 233 160 240 72 138 136 84 178 234 205 86 4 140 114 244 192 23 24 1 48 79 136 90 132
36 162 12 185 220 131 162 200 22 176 208 139 192 200 121 72 89 8 99 149 50 115 79 151 156 6 143 124 149 8 48 128
99 34 112 65 109 29 248 80 105 160 240 72 139 8 84 182 234 204 87 12 140 114 228 192 22 216 1 48 79 140 90 132
38 162 12 185 222 131 162 200 22 180 208 131 192 200 120 64 89 8 107 149 34 243 75 159 156 6 143 125 149 8 52 128
97 32 112 65 109 29 248 80 233 160 240 72 138 136 84 182 234 205 86 8 140 115 240 192 22 88 1 50 79 140 74 132
38 162 4 153 221 147 176 200 22 180 208 139 192 200 122 192 249 136 227 149 38 115 79 149 28 18 143 127 213 12 24 134
104 48 120 96 32 77 81 16 105 136 52 40 159 23 0 48 134 149 93 8 136 96 240 0 195 249 32 144 98 128 70 51
51 143 67 222 84 151 238 226 213 0 218 198 97 234 180 228 120 234 2 239 205 171 12 255 48 46 130 8 61 138 112 140
9 48 61 225 52 15 107 16 116 104 118 64 223 19 144 96 22 92 22 8 137 240 113 14 197 207 32 0 98 136 65 225
249 21 125 101 53 30 71 48 117 104 190 0 219 49 144 117 20 212 92 106 169 176 113 14 227 255 33 16 98 170 64 97
130 159 144 149 211 236 52 167 62 31 74 49 172 182 64 64 133 59 171 0 114 216 16 71 45 54 94 67 128 80 133 155
167 96 225 84 236 29 205 216 91 250 180 74 83 200 221 63 89 200 119 250 201 118 254 194 23 24 197 60 71 249 82 164
153 135 78 191 148 130 238 117 84 1 219 214 113 226 184 97 120 170 30 172 249 153 13 255 224 239 186 192 61 138 240 8
98 176 223 80 105 237 113 71 171 57 48 56 28 159 68 27 131 155 247 16 18 107 146 209 95 152 80 111 192 0 199 171
99 168 115 211 229 157 248 7 233 25 113 88 172 154 148 182 142 43 86 9 151 122 210 225 6 24 18 66 74 136 203 141
54 162 12 153 205 67 176 207 22 180 208 139 128 200 114 0 89 136 227 149 14 123 79 145 156 2 159 127 213 12 28 206
105 48 113 64 101 29 121 16 105 72 180 104 10 29 148 182 142 212 86 8 129 96 240 192 7 216 0 18 75 140 66 37
3 131 4 153 29 179 138 111 22 1 200 135 224 200 62 196 89 42 130 149 54 186 93 223 12 38 154 67 157 12 184 140
134 143 157 190 154 163 191 173 150 27 73 115 244 242 40 64 149 75 43 163 114 73 11 127 168 38 175 196 144 67 161 3
74 184 176 240 235 237 16 71 171 25 180 56 174 159 68 26 163 27 237 16 18 75 146 241 219 213 90 123 210 64 135 27
127 79 78 14 159 179 78 248 213 132 206 166 75 234 183 245 122 228 142 238 172 131 12 190 58 111 133 149 63 255 120 4
104 48 56 96 32 77 81 16 105 136 52 8 159 23 0 48 132 21 93 8 128 96 176 0 195 217 32 145 66 128 70 35
50 48 8 169 79 79 176 72 14 172 240 11 135 156 66 64 232 157 239 129 12 243 219 208 157 193 171 59 21 12 60 210
17 189 26 120 179 253 48 103 255 9 236 32 62 146 36 176 163 59 198 16 23 171 18 87 187 221 18 107 208 0 171 143
177 201 87 77 54 219 230 117 100 64 242 98 115 24 180 241 122 176 6 106 237 185 37 63 48 235 32 0 113 154 232 45
34 34 98 129 109 217 248 64 237 36 240 47 138 136 22 144 234 165 207 1 140 115 196 192 22 56 131 51 69 12 79 198
32 40 225 65 108 171 224 6 107 225 120 200 155 8 85 56 136 172 86 29 145 186 213 80 7 28 16 96 205 138 82 176
104 48 112 96 97 93 89 16 105 136 52 40 158 31 128 52 134 20 221 8 137 96 176 192 199 217 32 18 66 128 70 51
50 32 8 169 79 73 176 72 14 164 240 11 143 200 70 0 232 153 235 129 12 243 219 208 157 193 143 59 21 12 124 194
34 32 98 129 109 25 248 64 237 36 240 11 138 136 22 144 234 133 206 1 12 115 196 192 150 120 131 51 71 12 79 134
33 32 5 169 78 11 161 88 22 176 242 202 209 192 192 224 121 140 106 140 3 242 79 145 156 130 175 52 61 8 113 160
32 32 83 137 76 9 233 72 110 160 240 74 159 136 84 2 106 204 78 9 1 243 197 208 20 24 35 32 77 8 83 160
32 32 68 137 76 11 168 72 30 164 240 2 193 136 80 0 120 140 106 129 8 243 203 208 156 128 143 49 53 8 113 128
49 134 14 187 156 131 74 252 22 17 200 211 113 226 56 64 89 202 2 189 58 186 79 191 188 166 159 100 61 138 176 136
105 48 113 64 109 29 120 16 105 232 180 8 26 25 212 182 142 212 94 8 129 98 240 192 23 216 1 50 75 136 66 165
131 143 6 158 20 151 174 238 86 1 88 198 97 224 188 229 89 106 2 207 167 185 14 255 40 38 142 72 29 10 248 140
10 98 0 169 77 145 160 79 134 181 92 131 133 130 98 206 72 40 194 149 6 58 70 144 142 81 155 109 150 12 25 142
13 96 178 120 109 189 241 66 235 29 117 16 140 137 119 30 175 41 66 28 134 118 178 192 71 217 82 106 194 133 67 199
130 223 7 158 146 192 134 175 158 27 89 247 228 126 172 193 211 115 147 163 119 200 12 127 40 38 254 195 29 86 185 31
94 122 190 240 11 112 24 194 163 159 148 187 12 223 99 219 167 209 253 146 14 71 130 224 219 209 222 187 162 117 47 83
104 48 121 96 97 93 89 16 105 168 180 40 159 31 196 54 134 212 92 8 136 96 224 192 199 249 37 50 98 128 66 35
35 48 96 201 15 243 216 83 71 97 221 130 130 156 118 236 76 184 147 145 158 186 117 144 7 93 154 115 191 14 88 150
39 134 4 155 221 147 170 200 86 21 208 211 224 200 58 196 89 10 162 181 38 226 79 255 60 6 159 125 149 12 184 132
76 56 190 112 107 252 112 82 169 223 55 57 30 159 67 27 166 53 237 16 20 71 162 64 211 249 112 203 194 5 103 83
52 162 12 169 156 11 160 200 30 176 146 67 195 8 80 64 121 140 111 181 42 227 79 157 157 130 143 52 21 8 17 128
35 32 122 193 100 29 248 64 237 32 114 74 138 136 84 48 234 141 87 5 132 241 144 192 23 24 3 34 77 136 75 133
52 160 12 169 156 11 168 200 30 176 210 195 211 65 16 64 121 136 111 189 42 227 79 157 140 130 143 52 52 8 17 128
35 32 122 193 100 13 248 64 237 32 112 10 142 136 84 16 234 141 87 5 132 243 144 192 22 24 3 34 77 136 75 132
20 162 12 169 156 11 170 200 30 176 146 195 195 65 16 64 121 136 111 181 42 225 79 157 156 130 143 52 20 8 17 128
99 32 114 197 111 29 232 64 105 160 112 74 142 136 84 182 234 205 70 1 132 115 144 192 22 24 3 35 79 140 107 133
58 162 4 169 29 27 250 200 30 180 146 131 207 72 50 192 249 141 239 149 14 243 75 157 140 211 143 55 21 12 57 134
88 48 120 224 34 76 81 16 41 140 54 40 159 31 128 82 166 213 221 0 0 64 160 0 211 249 32 145 98 128 71 35
49 143 67 158 84 151 238 230 214 0 218 70 97 232 180 228 88 234 2 207 207 171 28 191 56 46 130 8 29 10 112 140
9 48 113 101 36 79 105 16 116 104 118 0 223 23 128 116 86 28 54 8 129 240 113 10 199 255 32 0 98 128 70 161
105 20 117 69 53 94 79 48 125 106 246 64 219 53 148 247 148 196 124 46 169 240 113 204 231 251 97 18 66 164 64 101
105 50 112 0 37 29 80 16 105 236 52 76 138 24 214 180 134 5 204 13 133 96 180 192 130 217 5 179 74 132 75 21
28 172 158 189 157 143 6 170 190 182 194 1 231 234 1 65 193 111 104 129 40 217 219 63 233 231 255 21 128 112 1 10
130 157 146 157 147 204 52 167 62 15 74 49 172 182 34 64 133 123 131 0 114 216 0 127 45 54 94 3 128 84 173 155
231 100 233 69 236 29 236 248 91 250 176 74 242 248 221 47 217 204 119 107 237 118 254 200 55 26 197 60 77 248 82 164
153 135 70 190 148 162 107 121 84 3 219 214 113 99 184 97 121 130 46 174 251 189 15 255 240 239 242 192 63 139 240 0
3 160 82 211 228 157 184 199 253 17 115 80 172 218 92 164 171 43 66 13 150 248 154 225 4 24 26 66 205 8 203 141
18 142 12 169 156 139 160 207 30 181 146 147 135 8 50 64 233 175 111 149 46 249 67 159 172 134 159 53 20 8 149 138
66 186 162 152 235 228 184 71 175 87 128 183 172 174 98 74 231 59 235 149 22 77 146 209 157 22 218 235 148 4 189 223
2 129 4 153 29 135 136 77 6 17 192 7 224 202 52 197 200 3 139 149 62 169 87 221 141 50 154 83 16 12 184 140
66 178 146 176 171 228 48 71 171 29 184 57 172 158 64 90 167 27 255 144 18 73 130 209 155 212 26 235 128 4 175 155
140 159 12 191 154 3 7 191 150 31 142 182 245 99 170 199 87 71 233 239 114 65 11 63 232 167 239 212 144 113 165 97
63 79 110 172 159 147 78 248 213 196 206 135 107 232 55 224 120 228 138 239 237 163 20 190 50 111 133 17 63 255 120 68
24 161 88 120 59 249 80 75 111 21 233 32 174 154 46 48 163 155 66 16 22 43 2 85 219 221 16 107 240 0 175 130
176 75 119 77 6 154 230 116 100 2 242 98 115 1 165 245 126 244 14 106 233 181 37 45 49 232 98 0 97 184 96 40
57 132 111 219 29 199 75 236 87 65 196 18 115 241 56 101 89 234 51 168 42 171 123 191 251 239 223 76 51 138 244 168
32 33 243 65 116 141 224 67 105 137 122 72 54 136 84 48 184 40 70 25 3 184 144 64 23 28 2 0 73 10 67 136
104 48 120 68 101 93 121 16 105 40 52 40 31 29 132 52 142 148 222 8 136 96 240 192 87 217 1 51 67 128 70 39
24 2 14 161 13 75 112 72 62 164 210 131 207 143 66 64 248 157 239 1 12 241 203 152 213 211 171 17 52 12 29 66
98 34 82 129 79 25 248 64 237 4 240 7 140 138 54 130 234 205 206 129 4 243 135 192 22 121 10 11 69 12 111 134
32 32 83 225 102 9 233 64 109 32 242 74 157 138 20 0 106 141 78 141 1 243 213 192 20 184 170 0 69 8 99 160
52 134 12 187 220 135 202 232 22 49 208 83 209 225 56 65 89 202 42 173 58 114 91 183 189 134 143 124 61 8 240 128
99 32 115 65 109 93 248 80 105 32 116 8 30 152 148 182 170 221 86 8 133 115 176 192 23 216 1 34 79 136 66 167
17 134 6 191 28 135 174 232 214 19 194 66 225 232 58 193 121 66 42 175 46 227 95 255 188 38 223 76 29 8 120 140
18 43 140 137 13 153 48 71 143 61 158 131 134 130 98 74 200 42 206 148 14 137 67 176 134 208 154 243 144 12 28 206
12 96 243 72 111 216 240 65 235 85 112 9 140 155 101 30 170 9 66 28 6 54 178 192 23 216 18 107 211 6 103 230
131 223 5 158 154 2 142 189 150 26 217 246 245 98 168 195 85 83 120 231 243 205 15 63 40 34 255 212 28 122 185 25
94 122 166 176 139 244 24 194 139 215 132 175 12 158 103 218 231 177 249 145 6 71 146 192 155 209 218 187 146 85 45 87
104 48 113 64 99 93 121 80 105 168 52 40 30 31 132 52 166 148 95 8 128 112 160 192 87 248 1 162 102 128 70 39
51 49 96 201 29 191 152 0 15 33 219 3 130 152 118 224 204 185 159 145 158 184 81 144 135 220 138 83 157 14 88 134
50 134 4 155 28 3 130 232 22 53 208 215 194 232 58 65 217 200 106 181 46 227 79 191 172 6 207 125 149 44 184 196
94 178 186 176 235 228 48 194 171 93 49 57 140 159 106 26 167 59 253 145 22 75 130 192 219 209 26 235 130 5 39 211
0 128 13 173 28 139 97 200 142 176 210 74 215 1 48 64 105 172 110 60 40 241 75 157 156 178 207 52 20 8 16 0
17 32 94 161 102 11 184 64 124 160 242 66 156 202 116 0 250 77 110 9 4 241 149 192 148 152 11 32 77 8 99 128
0 130 5 173 28 11 96 200 142 176 210 78 215 3 48 68 105 132 110 188 40 241 75 157 156 178 207 52 28 8 16 0
19 32 86 165 71 25 184 64 125 160 242 74 15 200 116 148 250 205 206 129 4 241 135 192 148 216 3 35 77 12 107 134
88 4 12 173 61 11 88 40 47 180 146 131 199 42 18 194 201 197 239 37 44 225 75 156 156 243 207 21 20 12 25 6
72 50 120 96 96 12 121 80 41 172 182 40 159 31 0 18 166 213 205 8 8 66 192 192 215 249 33 177 98 128 71 35
35 142 2 190 84 135 234 238 86 1 216 71 97 232 60 192 249 234 19 141 46 187 30 255 48 38 154 8 29 10 120 140
9 48 117 101 53 95 123 16 117 72 118 64 223 23 128 244 86 92 252 40 169 240 113 142 231 255 32 0 98 128 68 33
73 20 117 69 37 94 105 48 109 104 182 68 219 60 150 247 196 196 124 44 173 224 117 204 135 251 97 146 74 164 72 101
107 50 120 32 101 28 120 16 105 236 182 77 142 8 150 22 134 197 220 13 141 96 244 192 198 121 33 179 75 140 74 85
212 140 150 181 149 206 70 162 191 162 202 1 231 242 0 67 241 103 108 34 104 201 153 46 185 246 79 19 0 112 33 10
2 159 18 29 243 224 54 167 62 15 74 177 172 182 34 212 151 123 131 0 118 216 0 127 45 54 30 3 144 84 173 155
167 100 237 197 236 15 204 232 90 250 176 74 211 120 213 43 217 204 127 47 237 102 207 200 5 26 239 188 77 120 82 128
29 134 77 187 156 162 75 216 86 19 223 210 81 227 185 104 89 202 46 190 59 150 79 183 220 239 243 204 180 203 240 32
34 49 83 64 79 217 176 65 235 1 177 10 12 152 68 182 170 185 194 16 18 43 146 192 23 28 2 107 193 8 71 134
5 160 222 155 246 137 186 205 254 17 113 114 252 218 172 32 183 11 2 145 55 248 14 247 60 62 62 74 204 0 171 141
0 142 14 183 60 139 161 166 254 49 210 213 255 32 16 65 107 38 110 13 50 248 65 253 236 50 126 80 28 8 145 8
131 192 5 153 13 143 136 7 142 49 130 23 166 8 52 207 200 0 106 149 79 141 83 213 133 80 218 82 24 12 49 14
2 187 146 154 123 197 176 71 175 29 32 173 172 158 96 24 166 59 203 144 18 9 146 241 157 144 26 235 152 4 39 155
114 31 106 172 212 150 94 115 213 196 206 135 99 232 55 80 120 230 7 229 204 171 52 190 123 111 135 9 61 234 124 94
60 176 187 106 93 237 81 200 230 5 237 8 22 217 104 16 168 24 66 16 18 35 186 17 219 197 0 111 240 3 102 226
157 8 223 103 98 42 107 16 32 130 103 64 87 19 129 123 50 228 84 238 33 148 1 8 212 171 96 0 233 243 34 161
41 128 45 219 93 215 195 200 87 113 212 18 240 217 56 101 217 138 59 169 43 99 123 183 95 223 207 124 23 8 244 226
48 41 18 96 86 141 226 67 104 9 122 10 52 153 112 48 184 170 2 25 18 187 128 72 21 140 34 0 97 10 99 136
97 32 121 65 101 89 249 64 105 164 244 8 26 25 212 54 170 212 86 8 132 114 244 192 87 217 1 51 103 136 70 167
88 2 12 165 61 11 80 24 47 164 146 163 207 11 2 192 226 133 237 33 12 129 65 156 198 243 203 17 54 12 29 2
24 34 6 165 15 27 176 72 62 160 242 135 207 202 86 192 250 77 239 133 4 243 199 192 148 225 139 19 109 12 105 134
3 32 69 133 77 15 96 72 207 224 242 78 200 130 196 230 104 196 106 140 129 243 223 212 156 50 131 18 26 140 113 36
1 32 87 133 78 74 233 72 108 0 242 2 221 131 16 102 106 204 110 136 1 243 215 192 213 160 138 8 101 8 99 160
0 8 14 177 76 139 224 64 254 164 82 2 205 130 32 64 104 172 110 8 0 241 203 220 212 179 139 1 0 8 81 0
36 160 5 185 221 135 224 200 22 184 208 66 208 193 120 192 89 140 42 156 42 115 91 149 157 130 207 124 17 8 80 128
0 32 123 81 102 203 248 64 249 160 114 10 28 152 116 48 186 61 66 0 129 241 128 192 20 24 3 35 69 8 67 131
17 132 4 191 29 131 192 232 214 21 192 3 226 96 58 193 217 198 106 173 46 99 79 189 188 34 223 93 16 12 56 0
2 35 12 179 13 141 113 68 143 61 146 15 166 136 98 66 200 163 79 21 14 41 66 241 149 16 186 251 16 12 29 79
221 199 133 191 172 6 14 189 22 26 209 246 241 98 184 231 85 70 124 239 249 69 79 63 168 162 255 156 60 248 176 13
24 32 86 161 39 27 248 64 108 0 242 3 143 138 22 130 234 205 238 129 12 243 199 192 148 217 42 3 109 8 107 130
80 2 28 165 44 11 96 40 175 160 146 7 207 42 18 67 227 197 108 37 44 241 73 156 156 243 107 17 44 40 25 2
104 34 113 64 96 29 121 80 105 172 244 40 31 11 196 52 46 149 71 8 128 114 224 192 87 216 1 176 67 128 70 161
32 142 2 187 221 129 162 236 22 5 88 87 224 232 58 192 217 10 3 133 38 186 74 191 44 54 159 105 29 14 248 142
25 16 125 65 37 95 121 16 125 40 118 96 219 19 132 244 118 28 124 8 137 240 113 132 199 251 32 2 98 128 64 37
105 16 125 69 45 30 120 16 109 104 182 72 219 56 150 118 132 196 124 8 173 224 241 204 199 251 97 146 74 172 72 101
37 32 173 165 236 11 205 216 78 186 176 74 211 105 209 43 201 196 127 47 232 103 207 128 92 26 239 188 213 248 82 128
45 64 193 155 236 33 79 216 86 179 212 154 209 225 249 108 89 202 58 158 42 114 111 178 92 143 255 108 182 249 112 160
162 49 83 65 75 201 176 67 232 29 177 56 140 154 100 14 170 57 194 144 18 47 162 192 21 144 18 107 193 0 231 135
66 8 29 153 45 233 177 2 238 19 66 0 164 146 32 79 195 35 122 1 2 77 115 241 133 50 90 67 16 8 21 46
2 184 27 154 122 133 184 64 175 25 33 13 172 150 96 16 166 59 219 208 19 9 154 113 157 16 26 106 24 2 35 155
172 124 59 90 117 237 211 210 218 10 125 24 22 213 97 56 153 56 66 18 3 39 58 50 81 156 33 42 216 91 70 179
157 150 211 97 162 42 105 153 49 51 111 240 95 119 200 120 55 156 20 184 49 212 41 66 222 207 39 196 162 227 162 33
36 160 33 217 205 211 241 200 95 113 212 26 240 248 124 100 217 74 58 177 2 114 123 149 31 26 143 127 19 8 244 230
223 30 238 54 162 176 60 18 185 71 83 183 109 174 182 235 166 103 189 135 181 221 180 226 18 115 250 131 172 245 169 87
104 32 121 65 109 89 249 64 105 164 244 8 138 28 212 50 170 213 198 1 132 114 228 192 87 217 1 51 71 136 71 231
88 2 92 165 45 11 88 16 45 32 146 175 207 11 2 208 226 133 237 5 12 225 65 196 210 243 67 19 46 140 9 3
25 34 4 169 45 27 248 64 45 32 242 199 207 10 18 194 234 205 238 133 12 241 197 192 148 241 138 1 108 12 41 130
99 32 71 129 77 31 232 72 79 96 242 78 204 130 84 228 106 140 238 141 5 243 215 208 148 58 139 18 31 12 113 132
0 32 87 137 78 75 233 72 111 0 242 66 221 131 16 102 106 204 110 136 1 243 247 208 149 48 138 16 101 136 99 164
0 0 30 177 78 139 224 64 254 36 82 2 205 195 32 64 122 173 106 8 0 241 131 208 213 163 171 1 32 8 105 130
17 32 22 189 78 131 168 72 252 0 242 2 237 194 32 192 122 169 106 136 6 243 7 201 148 162 138 1 37 0 41 128
36 136 6 153 205 143 32 200 22 168 210 2 192 193 96 196 217 172 42 28 42 242 91 159 157 134 199 100 16 8 120 130
16 32 87 208 70 203 184 64 253 0 114 130 29 202 52 32 126 189 66 129 0 243 134 192 20 168 10 1 101 0 103 161
