116 75 102 38 142 66 79 172 128 196 144 171 99 68 179 18 90 228 77 239 76 3 46 40 240 0 165 153 53 191 116 88
104 48 56 96 33 12 81 16 97 8 52 8 31 23 0 52 132 148 221 8 136 96 176 128 195 249 32 18 66 128 66 35
97 237 119 82 236 141 252 247 233 88 184 72 170 139 212 183 206 99 70 75 211 107 202 225 55 88 86 58 67 218 195 173
2 132 180 145 163 224 176 3 190 23 66 17 140 62 66 75 135 23 163 145 50 220 131 194 13 54 90 71 128 68 133 66
24 13 74 238 20 131 79 112 132 0 222 2 115 227 176 96 120 234 31 234 72 169 41 191 242 239 162 128 54 170 112 32
34 136 16 155 221 197 144 199 30 25 64 16 164 154 32 64 201 58 163 17 50 56 82 183 45 22 30 107 16 8 181 138
3 141 3 222 20 131 170 248 22 1 88 66 112 224 188 228 89 106 2 200 35 184 8 255 32 46 138 136 28 10 48 172
2 132 148 21 145 106 48 3 58 183 66 17 204 54 0 75 129 23 161 16 50 216 131 64 13 54 90 67 128 64 133 2
104 48 56 96 32 76 81 16 105 8 52 8 159 23 0 48 132 20 93 8 136 96 176 0 195 249 32 16 64 128 66 35
60 96 232 226 28 35 139 216 86 178 177 26 83 201 249 40 89 204 23 243 138 54 44 50 216 205 167 252 245 59 114 160
164 224 128 185 78 161 160 200 22 49 81 211 133 195 104 201 89 9 3 209 18 214 75 177 148 0 155 108 189 9 57 128
84 64 24 165 36 10 95 56 36 128 214 0 215 3 17 80 118 197 29 235 72 144 65 12 224 225 35 144 36 179 33 1
6 5 146 133 147 102 188 3 62 163 75 18 76 238 105 72 245 95 179 145 16 208 145 192 13 38 159 68 128 99 161 18
99 111 216 68 236 25 236 231 233 186 184 73 42 168 215 19 202 227 70 101 196 107 198 192 54 24 68 59 77 248 202 140
210 74 146 156 75 192 60 102 173 6 210 163 44 182 35 91 230 251 239 129 66 207 130 235 177 34 90 139 4 20 39 203
66 169 148 146 153 200 180 167 170 181 138 49 140 178 76 206 129 87 232 17 86 73 203 225 185 54 94 127 128 84 141 14
34 133 80 139 244 139 170 109 14 49 121 18 136 72 60 0 90 10 23 49 114 184 73 149 44 156 139 244 85 10 209 128
92 76 222 188 36 38 126 18 164 138 218 2 127 227 33 75 102 229 61 195 8 133 130 232 210 231 234 128 36 243 33 9
33 134 65 235 52 171 74 26 86 35 219 242 211 1 152 224 89 138 6 28 187 188 77 31 140 142 177 212 253 139 80 160
210 72 86 158 14 128 108 36 173 2 210 2 236 202 49 67 98 225 63 195 104 143 3 237 176 178 218 136 52 48 33 8
160 165 24 171 188 139 140 109 30 49 217 18 183 8 56 1 90 10 23 49 122 56 73 157 172 209 170 116 85 10 209 136
52 132 106 234 20 163 75 248 84 1 223 2 113 227 184 96 121 170 31 170 154 163 45 63 250 175 162 192 181 139 240 160
229 107 221 68 236 13 237 214 233 152 48 72 151 136 213 59 138 68 70 108 193 99 194 64 118 152 103 44 73 248 67 129
220 72 158 188 40 100 20 2 172 150 130 17 239 190 67 75 227 117 237 131 44 69 147 32 209 243 122 27 0 113 45 74
54 165 96 227 220 43 202 217 79 49 185 26 75 75 92 24 123 141 87 179 154 114 73 212 158 204 129 244 247 203 210 128
105 239 112 68 236 29 236 255 235 56 60 72 186 168 213 183 143 130 70 12 195 107 226 217 62 217 117 184 75 248 202 173
49 134 65 175 60 171 74 59 86 33 219 230 243 33 152 96 89 142 14 172 155 186 77 31 172 174 161 212 189 138 208 32
94 37 150 180 169 124 20 11 190 191 139 17 206 186 74 218 163 23 237 17 22 73 131 194 153 247 95 95 128 100 141 7
97 160 127 80 108 173 249 71 233 25 48 88 178 139 212 59 206 163 70 16 146 111 226 97 68 152 114 104 197 136 195 137
23 21 227 197 214 102 239 121 116 225 95 198 81 62 188 100 126 140 23 189 153 144 53 206 60 44 175 196 173 226 241 244
60 45 226 233 212 163 234 210 87 33 252 2 11 137 53 0 121 138 23 185 154 178 72 222 62 205 171 196 247 203 112 128
38 176 44 152 79 213 176 203 159 125 208 175 132 222 103 77 205 25 179 145 6 87 122 209 31 80 155 239 17 12 53 215
101 239 92 64 236 29 236 239 235 186 184 72 154 232 213 51 139 195 70 108 214 107 194 209 62 152 101 124 73 248 203 141
195 253 149 151 137 204 181 135 190 115 130 20 188 182 70 111 129 87 248 17 115 77 251 115 173 50 94 126 136 84 133 126
178 140 105 219 92 227 203 202 87 101 245 179 99 76 182 96 89 170 23 223 190 190 111 191 94 14 147 113 245 139 84 252
130 220 22 155 119 133 188 230 30 27 80 18 172 222 32 65 239 59 147 129 98 188 18 247 45 22 26 234 16 24 161 139
41 2 90 81 116 191 105 18 127 9 119 88 159 3 148 60 151 12 70 28 179 188 33 87 78 255 50 192 202 129 75 161
3 141 67 206 20 130 174 242 84 0 90 70 112 226 180 228 88 106 18 234 129 152 12 255 32 46 170 128 28 170 112 172
53 101 105 239 220 3 207 120 86 226 249 74 83 97 153 96 89 204 54 238 233 178 109 30 252 142 165 180 125 251 80 224
104 48 48 96 33 93 81 16 105 136 52 8 158 31 0 52 132 20 93 8 136 96 176 192 195 217 0 18 66 128 66 35
181 68 109 69 100 26 239 56 117 226 251 74 211 105 149 48 90 204 118 110 201 178 109 142 118 234 33 4 111 251 82 224
21 65 75 237 20 2 111 176 36 160 122 66 83 3 145 96 114 196 20 234 73 144 41 12 228 169 165 132 37 179 112 32
33 125 17 77 117 95 198 52 76 96 106 8 242 16 21 180 216 104 82 104 201 176 113 44 37 188 0 16 74 58 82 174
88 173 27 232 146 232 83 87 39 5 78 32 183 151 0 80 54 186 13 152 26 152 160 63 249 164 32 64 162 194 166 107
60 79 78 254 28 130 78 96 213 4 255 162 99 233 177 65 120 224 143 234 104 163 14 191 242 231 162 153 119 171 124 0
24 157 31 237 176 230 67 55 36 8 238 64 247 119 32 96 80 182 28 104 89 137 113 63 233 229 162 80 58 138 160 56
88 168 147 248 171 224 17 79 191 55 160 56 190 215 96 92 103 183 237 144 26 79 162 115 217 180 90 123 162 0 39 107
33 181 19 73 253 255 226 126 111 96 234 72 178 216 20 180 152 46 90 120 151 185 241 28 47 188 1 114 218 10 90 174
18 79 82 156 82 146 190 118 180 132 218 231 45 142 167 196 102 251 135 197 196 155 4 236 48 36 170 131 39 181 45 205
130 176 179 81 104 237 177 87 251 27 113 80 180 159 100 57 173 59 51 16 147 126 178 81 77 24 82 106 192 8 195 171
1 140 149 215 180 170 173 55 60 67 91 84 213 35 144 104 119 79 50 140 49 216 97 111 12 166 122 192 140 192 161 33
131 138 136 153 124 171 168 79 94 33 80 82 128 128 176 200 89 10 2 145 183 190 69 23 12 6 186 228 157 8 24 140
49 67 66 237 20 2 78 96 69 128 250 199 67 9 53 84 120 133 6 231 204 179 17 204 176 232 130 0 125 186 120 4
222 20 28 180 41 76 80 24 169 186 131 56 223 30 73 91 134 213 253 99 40 69 219 128 209 241 107 158 0 33 1 19
70 137 134 159 140 2 40 172 174 145 66 2 232 226 48 74 96 103 59 209 16 217 155 225 28 34 223 64 132 34 49 8
245 34 197 67 76 59 202 24 66 243 179 222 83 104 221 191 57 196 124 191 173 118 237 0 22 10 225 180 239 235 90 20
2 140 18 158 23 195 146 230 22 5 72 2 40 234 32 64 89 59 131 129 34 170 10 191 41 38 154 11 16 8 180 138
38 162 8 137 204 3 168 200 22 180 208 11 192 200 114 0 89 136 34 149 6 114 79 145 28 2 143 109 213 8 56 132
82 10 150 158 13 131 148 96 142 14 194 3 228 234 32 194 232 244 235 1 12 227 11 245 145 50 203 27 16 104 56 2
97 37 123 85 228 138 236 55 105 107 122 88 178 40 148 48 202 167 87 0 212 184 193 74 36 56 48 0 69 216 210 137
101 96 112 68 100 26 234 16 105 224 179 74 203 8 149 179 218 196 87 107 140 166 197 200 22 248 0 16 103 191 82 133
104 48 56 96 33 77 81 16 105 136 52 8 159 23 0 48 132 21 93 8 136 96 176 0 195 249 32 16 66 128 66 35
97 32 113 65 100 25 232 16 105 104 240 72 138 8 148 178 202 197 87 0 141 114 196 192 22 24 0 50 79 140 82 165
90 32 82 224 35 72 120 64 45 128 162 137 143 15 0 80 166 149 223 132 8 67 144 192 151 249 139 3 38 132 35 2
130 140 148 147 129 40 180 135 62 51 66 85 204 34 64 79 129 87 163 17 54 220 91 226 44 50 94 71 136 84 129 14
125 103 192 78 204 19 206 232 67 176 189 202 67 232 255 151 88 192 68 238 204 99 143 184 58 201 229 60 127 251 250 132
39 32 4 136 76 1 168 200 6 176 193 10 0 200 115 136 89 136 98 243 6 119 79 144 28 0 139 125 85 43 56 132
39 162 0 155 220 147 136 200 86 49 208 83 64 202 122 192 89 10 34 149 22 114 79 183 28 6 143 109 157 12 184 132
39 162 8 155 220 131 136 200 86 49 208 83 64 202 122 64 89 10 35 149 22 114 79 183 28 6 143 109 157 8 184 132
105 32 113 64 100 29 248 16 105 104 180 72 138 9 148 180 202 132 70 8 141 98 224 192 22 248 0 50 71 140 66 5
105 32 113 64 100 29 248 16 105 104 180 72 138 8 150 180 202 132 70 8 141 98 228 192 22 216 0 50 71 140 66 37
2 141 2 158 149 163 170 231 22 1 72 2 96 232 48 64 89 106 19 129 50 184 24 255 40 38 142 72 148 74 176 136
38 160 8 137 204 3 160 200 22 176 208 10 192 200 112 64 89 8 115 145 2 114 75 145 28 2 143 252 213 8 16 128
1 141 67 222 20 131 174 242 20 0 90 66 112 226 180 228 88 106 18 234 3 184 8 255 32 46 170 128 28 138 112 172
34 165 0 248 221 173 200 71 159 25 184 24 170 154 116 16 201 171 23 16 26 43 82 215 155 220 146 122 209 8 210 138
97 32 112 65 108 25 248 80 105 40 244 8 139 8 148 50 202 197 86 8 140 114 228 192 22 216 0 48 71 140 66 133
104 48 56 96 32 77 81 16 105 136 52 8 159 23 0 48 132 20 93 8 136 96 176 0 195 249 32 16 66 128 66 35
104 48 56 96 33 77 81 16 105 136 52 8 159 23 0 48 132 20 93 8 136 96 176 0 195 217 32 16 66 128 66 35
104 48 56 96 33 77 81 16 105 136 52 8 159 23 0 48 132 21 93 8 136 96 176 0 195 217 32 17 66 128 70 35
25 13 106 238 20 147 79 112 133 0 222 2 123 227 176 100 120 226 31 234 201 171 45 191 242 237 162 128 55 170 112 32
97 34 112 64 108 25 232 64 107 168 240 74 138 8 212 176 202 133 87 9 132 114 196 192 22 88 3 32 77 140 91 133
97 34 112 64 108 25 232 64 107 168 240 74 138 8 212 178 202 197 87 9 133 114 196 192 22 216 3 32 79 140 75 133
36 162 8 153 204 131 160 200 22 181 208 131 192 192 120 64 89 136 35 145 6 242 79 145 28 2 143 124 213 8 48 128
38 160 4 153 205 131 184 200 22 53 192 139 224 202 106 192 89 170 163 145 6 114 79 209 28 0 143 127 149 12 60 134
104 48 56 96 32 77 81 16 105 168 52 8 159 23 64 50 132 213 221 8 136 96 240 0 195 249 33 48 64 128 66 35
33 34 113 225 108 9 233 80 104 40 240 74 147 9 148 50 106 205 86 9 129 242 197 64 84 24 34 32 77 136 83 161
90 32 82 224 11 8 120 64 173 160 162 11 143 139 64 208 162 149 207 128 8 67 129 192 147 240 11 51 35 4 43 2
97 32 88 69 108 25 232 64 105 32 240 74 138 8 148 178 202 205 86 1 132 114 196 192 22 24 2 49 77 136 90 132
160 193 28 171 188 143 220 189 12 49 145 18 215 9 56 65 201 3 31 33 122 44 91 149 237 195 254 84 16 138 209 8
210 192 102 190 44 0 92 45 141 2 210 2 237 74 60 67 206 129 63 195 232 15 67 255 178 250 218 136 52 152 176 8
3 143 3 222 20 131 174 242 84 0 90 70 96 226 180 228 120 106 18 206 165 154 12 255 32 46 138 128 29 138 120 140
82 234 210 158 99 192 188 71 169 7 88 163 44 230 34 80 230 187 167 129 66 159 130 227 176 36 154 139 5 84 167 203
1 157 19 205 52 174 170 55 92 9 90 68 245 50 176 224 80 46 22 40 145 184 81 31 172 174 34 64 24 138 209 169
99 32 112 65 108 25 248 80 105 104 244 8 139 9 150 50 206 197 87 9 132 114 228 192 22 216 2 178 71 140 66 197
198 34 132 149 75 36 184 2 186 183 3 151 204 174 75 75 231 69 251 151 36 85 203 192 12 50 219 175 132 117 13 214
166 129 116 201 188 139 252 105 79 49 145 18 140 8 60 1 218 3 31 113 242 184 73 221 44 24 143 244 85 10 209 129
92 8 154 252 36 164 91 18 160 136 222 2 51 227 49 90 68 245 61 202 8 131 130 104 211 237 170 136 160 243 32 10
218 48 150 240 43 109 80 66 187 59 165 24 159 159 73 27 167 145 253 16 42 71 146 194 219 211 82 127 130 1 39 19
0 176 147 249 112 237 161 87 62 11 97 80 180 151 96 8 177 59 18 24 19 188 18 83 77 134 58 64 208 0 167 187
2 142 18 158 149 193 146 230 22 13 72 19 172 234 34 64 217 59 131 145 34 170 2 255 41 54 158 75 16 12 188 138
38 162 0 137 204 3 160 200 22 180 192 139 64 200 114 0 121 136 107 145 6 99 79 153 28 2 143 61 149 8 80 130
53 204 105 233 28 163 75 218 86 3 216 82 115 193 185 96 89 200 23 248 171 166 111 63 248 142 163 204 181 153 112 160
66 10 150 158 13 130 176 64 142 152 194 101 228 226 32 198 192 101 234 1 12 195 139 225 144 50 79 27 24 104 41 7
17 141 75 206 20 130 238 242 84 0 90 70 113 226 176 224 88 106 22 234 201 152 12 63 160 174 170 128 60 170 112 168
61 166 64 233 156 27 106 216 86 160 86 194 211 1 240 228 89 140 6 188 43 242 79 159 172 207 165 36 191 136 88 160
36 107 0 185 206 129 164 206 6 52 80 139 132 131 97 9 72 137 35 211 66 82 67 144 148 0 207 45 177 88 185 128
49 142 65 233 52 171 74 186 86 35 218 246 211 1 144 96 89 142 14 188 187 188 77 63 172 174 161 212 189 137 80 32
38 160 13 153 220 139 168 200 22 176 208 74 240 200 112 0 89 136 115 145 3 114 75 151 28 6 175 252 221 8 48 160
21 65 91 229 52 2 111 48 36 160 118 66 83 3 145 112 118 196 20 234 201 144 109 12 228 169 165 132 37 179 96 32
2 220 22 155 101 165 184 230 30 27 88 2 172 222 32 72 237 59 179 129 66 188 18 247 5 22 90 194 16 88 33 139
129 171 155 113 228 141 236 87 122 27 112 80 190 128 196 57 140 43 70 28 195 124 194 64 4 152 118 40 72 192 195 169
180 216 233 217 220 203 199 206 86 97 240 211 179 204 181 104 89 250 19 209 171 190 119 55 109 14 189 112 245 153 212 248
62 44 224 225 222 43 202 216 83 176 189 26 75 9 85 24 59 204 87 122 152 114 205 146 158 221 161 244 247 235 82 128
248 217 22 252 9 78 84 37 173 24 166 24 238 27 0 91 192 245 253 98 104 77 83 173 243 251 64 27 2 48 196 10
248 197 102 236 20 2 78 121 101 0 247 2 107 107 56 81 120 196 63 234 248 179 9 157 242 235 226 148 55 170 240 0
136 184 187 249 100 173 161 87 126 25 116 16 181 147 64 9 157 59 6 25 147 252 178 49 77 137 122 232 192 0 131 169
3 142 2 158 20 147 138 236 86 1 88 66 96 226 188 228 89 106 2 140 167 170 15 191 40 46 155 136 28 14 184 140
2 140 2 154 213 227 170 231 22 3 72 2 32 250 48 64 121 106 19 129 50 186 10 255 41 38 158 73 149 78 176 138
2 168 16 153 253 201 176 207 30 29 80 48 172 152 96 64 195 27 163 17 50 120 66 247 45 22 30 107 144 8 133 139
56 249 50 250 221 197 86 236 195 21 164 9 34 221 97 16 201 250 193 82 74 107 26 181 251 209 133 123 83 30 246 202
98 98 114 80 109 217 248 64 233 85 180 143 170 136 87 159 202 161 199 65 134 39 230 192 22 121 18 59 71 13 78 214
218 117 82 168 50 11 94 120 61 2 185 171 15 94 33 81 190 185 221 230 104 7 0 222 178 217 11 186 117 182 35 81
34 48 49 137 78 197 176 72 143 252 209 111 132 156 101 10 236 25 83 145 6 127 82 208 21 16 155 190 21 8 21 215
161 202 192 187 148 171 106 142 22 33 210 210 163 128 176 200 89 170 6 28 46 188 69 63 140 134 176 96 189 136 216 136
129 163 147 91 236 141 228 93 250 25 113 92 188 200 220 169 159 43 70 28 211 122 138 81 12 152 118 104 88 192 195 137
165 98 192 249 228 139 232 154 86 49 114 218 147 129 209 168 89 136 6 92 139 244 69 16 132 138 181 100 252 153 88 160
36 249 105 153 206 203 199 206 22 225 208 203 243 204 125 8 89 202 51 209 75 246 85 59 44 6 189 116 245 25 212 186
70 57 130 156 237 164 186 2 170 137 218 0 172 254 113 74 197 127 187 145 18 10 194 224 13 52 154 170 128 103 33 147
34 47 76 164 236 9 228 103 200 178 184 139 163 168 85 3 203 163 67 5 64 107 198 192 60 16 222 57 69 104 83 136
97 107 213 101 236 9 237 87 232 152 120 72 147 137 213 59 138 44 70 12 193 122 198 64 36 152 102 40 72 232 67 169
97 167 94 164 236 9 232 103 232 178 56 73 172 168 84 19 202 163 70 5 212 107 194 193 28 24 118 40 77 72 75 140
119 66 112 68 100 26 238 0 105 160 243 74 75 9 149 179 250 228 87 99 204 178 197 200 54 248 128 16 103 191 90 132
53 68 101 69 100 10 239 120 117 226 242 74 83 105 149 48 122 204 126 110 233 178 109 14 54 170 161 20 109 187 82 160
161 46 193 113 52 171 66 150 86 163 114 252 147 1 144 32 25 172 70 28 187 188 69 62 140 142 177 116 252 137 80 168
61 104 234 227 4 3 207 216 86 162 183 10 83 201 249 40 121 236 85 251 200 247 172 42 240 205 165 180 231 251 82 160
97 175 120 85 236 157 236 119 235 57 124 88 170 170 212 55 139 47 70 12 212 122 226 221 14 217 118 168 74 192 203 141
60 113 56 96 105 77 81 80 99 169 181 8 31 159 73 24 132 153 213 88 10 35 112 0 211 221 32 61 226 131 70 179
90 32 208 240 139 169 120 67 171 51 161 25 143 139 68 154 163 147 217 144 18 79 146 209 155 216 26 123 146 68 11 2
86 201 134 143 29 194 170 200 174 145 203 2 236 202 112 66 98 229 123 209 74 11 155 225 189 32 143 89 20 2 49 8
198 16 148 149 9 76 176 0 170 191 131 17 140 158 72 75 129 21 249 17 34 69 147 192 133 50 90 31 128 36 5 82
194 48 180 145 169 104 176 7 190 127 2 49 140 190 66 75 133 23 235 17 50 77 147 192 13 50 94 71 128 68 133 83
33 34 122 81 116 187 233 18 127 45 118 24 147 9 151 60 90 140 102 28 162 180 101 214 70 255 48 64 199 137 66 228
250 184 150 184 139 237 16 79 191 23 160 25 174 223 96 91 163 179 233 16 50 79 146 241 155 211 90 123 210 68 167 74
56 65 106 108 29 83 71 109 197 132 236 10 67 217 55 112 120 228 65 106 72 163 44 157 115 233 133 25 115 186 246 226
252 237 224 14 223 115 198 236 209 166 172 11 67 232 127 150 89 198 192 226 108 99 156 46 122 199 133 61 247 127 254 70
180 216 105 249 158 195 71 220 22 97 208 214 243 213 169 104 89 218 50 218 43 182 93 55 237 134 181 68 181 153 212 184
5 98 88 171 164 11 104 24 86 168 83 66 147 3 209 73 90 12 38 222 10 244 77 16 132 136 225 68 188 187 24 128
2 79 42 156 80 208 188 103 164 5 216 227 169 142 182 192 78 187 135 193 78 139 6 237 34 53 190 137 21 148 173 205
33 175 104 228 236 9 237 111 202 246 120 136 179 168 214 19 203 138 70 45 194 122 230 219 124 24 119 44 85 232 215 200
120 153 16 174 57 205 86 224 143 12 233 41 111 219 33 144 136 187 204 66 78 43 90 189 179 213 1 59 114 63 14 3
179 73 2 156 93 212 238 230 213 64 192 7 48 218 55 228 232 234 19 207 111 139 18 239 49 40 138 10 27 61 120 158
253 106 230 38 14 2 78 216 193 182 179 239 67 201 219 27 94 228 109 239 236 103 207 40 242 233 229 188 103 191 114 64
60 164 96 225 156 43 202 216 71 176 185 26 75 41 89 24 121 204 95 243 152 115 73 144 154 205 129 244 247 235 82 128
99 32 112 65 108 25 232 64 105 32 240 74 139 9 148 48 238 133 87 13 140 114 196 192 22 88 130 48 77 136 74 132
36 160 67 137 204 11 160 200 30 180 208 203 193 192 112 64 89 136 98 145 10 242 79 145 28 0 143 60 85 8 80 128
38 162 132 153 205 19 176 200 23 180 240 139 192 200 118 128 121 200 227 149 14 115 207 208 28 0 143 127 213 12 124 134
97 32 81 229 108 9 232 80 104 32 240 72 159 9 148 178 74 205 70 9 129 114 196 64 84 152 34 32 77 136 67 160
82 34 18 160 3 8 120 64 45 128 178 75 14 139 64 80 226 133 111 128 12 67 129 192 145 240 11 19 33 4 35 2
98 34 80 193 108 9 232 64 105 32 240 11 139 8 20 18 234 197 70 5 12 115 196 192 22 24 130 49 69 136 90 132
57 34 64 233 76 27 225 88 86 164 84 130 195 129 242 228 91 140 34 156 12 242 79 144 140 203 167 36 119 136 120 132
67 18 151 156 9 134 160 72 174 136 194 103 196 226 32 198 224 101 106 129 13 195 131 192 144 50 202 26 8 32 33 21
34 32 70 136 76 11 160 72 158 180 224 11 128 192 116 0 89 136 99 145 10 115 75 145 28 0 143 61 21 8 116 130
2 158 18 158 93 133 178 230 158 29 72 19 172 202 34 64 201 59 131 129 34 171 66 255 45 54 154 75 16 12 189 138
1 143 67 207 20 131 174 242 84 0 90 70 112 226 180 228 120 106 18 238 227 184 12 255 40 44 162 128 29 170 112 172
144 129 28 227 156 207 77 57 6 49 135 26 215 25 56 1 89 130 31 58 122 60 89 21 237 203 165 116 112 138 208 34
98 192 196 222 108 0 76 174 137 18 208 2 236 170 61 91 206 197 63 129 72 7 195 209 182 58 218 136 20 120 113 8
194 192 52 159 108 9 220 173 141 58 210 18 236 74 56 67 206 1 63 163 224 45 75 213 180 50 218 150 20 24 145 9
104 48 56 96 32 76 81 16 105 136 52 8 159 23 0 50 132 84 93 8 137 96 176 0 195 249 32 16 64 128 70 51
53 64 101 69 100 10 238 120 117 226 242 66 83 41 149 48 122 204 126 110 233 178 109 12 52 174 163 0 109 187 82 160
57 76 73 233 52 163 75 190 84 0 218 66 211 35 177 96 89 232 30 248 137 184 69 31 232 175 167 212 189 184 112 40
1 175 147 53 100 169 168 103 126 25 120 80 189 160 208 129 138 43 66 13 211 248 194 65 4 16 122 40 72 200 195 137
99 32 112 65 108 25 232 64 105 32 240 74 139 9 148 178 234 197 70 9 140 114 196 192 22 216 130 49 79 140 74 132
18 244 210 254 83 192 180 71 59 7 120 163 44 222 44 80 254 187 131 128 66 159 130 211 49 100 26 171 49 6 167 203
15 188 157 147 177 244 63 159 190 95 71 53 252 246 234 237 151 91 177 21 55 88 186 119 111 87 127 239 154 69 141 115
161 74 192 249 180 139 104 23 86 33 210 246 147 1 177 72 89 170 6 28 43 188 69 31 132 142 178 64 188 136 80 168
7 164 132 145 209 62 184 11 62 243 3 213 204 170 94 206 177 15 179 21 55 220 219 194 12 22 223 231 140 68 153 150
199 36 183 85 199 126 168 3 123 243 67 80 204 252 221 239 179 95 178 145 181 244 191 194 13 62 95 70 135 101 37 228
1 176 147 251 86 229 160 67 94 11 81 82 180 220 108 40 255 27 18 25 19 188 18 83 13 132 58 66 216 8 161 185
1 56 155 123 19 205 177 87 254 11 106 84 188 147 32 112 163 59 18 16 3 156 16 115 229 150 22 2 200 0 163 171
54 173 96 225 244 43 234 83 15 177 185 26 11 9 84 24 123 141 87 114 154 112 73 212 158 220 129 244 247 235 210 128
240 149 62 238 153 222 84 53 237 24 174 8 126 127 32 115 160 246 125 106 120 107 51 221 243 249 64 91 50 160 196 27
208 203 14 172 50 131 95 181 164 12 134 181 247 7 34 81 230 177 205 231 104 141 1 61 241 225 238 209 48 16 173 91
48 37 20 137 202 161 36 79 6 180 72 139 129 130 97 72 73 10 34 144 90 26 67 144 156 128 143 45 49 88 184 136
248 137 102 236 132 2 78 241 69 0 246 2 75 11 52 81 120 228 63 234 248 187 65 253 178 235 226 132 55 168 240 0
2 217 146 157 109 165 184 198 158 9 88 2 172 254 32 64 205 59 179 193 2 184 18 241 5 22 154 10 144 88 161 139
152 184 186 251 49 239 51 214 54 11 116 16 191 215 64 104 181 59 149 16 58 188 49 51 203 199 50 64 242 129 37 187
160 217 233 249 212 203 229 215 86 96 112 194 179 141 177 104 89 186 19 25 235 184 85 27 109 6 188 48 221 216 212 184
129 171 186 95 224 141 245 119 254 13 112 85 182 184 70 32 132 43 6 12 214 248 162 113 79 152 54 34 64 192 195 203
102 192 192 238 108 8 76 57 11 51 241 26 75 107 92 90 91 141 55 162 88 86 203 211 22 254 209 252 55 170 210 0
161 107 192 177 132 11 100 23 86 176 82 194 147 129 209 169 90 136 6 28 74 248 71 144 132 136 245 36 253 152 88 136
220 184 190 114 73 236 80 82 169 27 164 24 62 223 64 27 163 179 253 16 26 79 146 33 219 249 80 123 194 1 39 19
129 43 147 117 228 140 244 87 124 155 112 84 190 147 192 43 132 43 6 12 211 248 194 64 5 152 114 40 72 192 195 169
34 48 29 185 78 141 160 64 14 57 81 127 148 159 100 11 204 25 115 145 3 86 82 80 21 0 186 232 29 9 17 179
5 35 64 163 228 11 104 73 84 176 83 66 211 65 217 73 90 12 6 62 72 240 77 0 132 136 231 36 60 234 88 128
161 131 192 185 164 139 96 7 86 33 82 210 227 193 184 200 91 42 2 28 78 188 69 147 140 150 182 0 188 136 216 136
210 101 82 172 19 79 94 104 57 2 233 138 79 78 33 81 122 185 91 226 104 135 16 222 179 217 138 57 53 50 35 2
1 174 57 85 100 169 233 103 254 61 120 88 180 168 212 17 139 43 70 13 214 248 226 87 76 152 114 32 64 200 195 201
161 162 193 51 180 139 96 3 118 33 83 216 227 192 216 172 25 42 6 28 127 252 77 19 140 150 181 96 236 136 210 140
189 223 105 118 180 54 79 188 81 206 126 246 123 109 159 161 63 226 21 238 233 244 45 175 98 207 229 132 111 255 208 113
98 112 97 64 108 205 240 64 233 76 176 143 130 156 23 30 234 177 87 67 140 35 246 192 23 24 2 187 69 27 86 215
254 253 160 26 219 117 150 236 147 158 141 57 74 252 111 151 157 211 193 115 126 67 138 187 123 87 77 63 211 127 142 214
117 32 229 67 228 59 232 25 83 243 59 222 211 40 220 174 27 140 116 61 157 116 237 0 12 140 229 244 239 235 218 180
184 69 106 124 93 211 87 104 195 132 236 10 99 249 58 48 88 248 193 98 104 35 58 159 115 193 129 57 115 58 118 98
124 101 102 224 156 43 74 216 197 176 191 10 91 73 217 11 122 196 93 251 168 225 9 140 250 201 229 212 231 251 80 0
44 113 56 96 112 77 83 88 97 168 53 8 31 23 73 48 148 152 85 122 200 50 240 0 231 201 33 52 96 163 70 179
161 217 73 249 132 143 101 159 22 32 82 194 179 145 161 104 89 154 54 152 203 248 85 27 173 142 181 132 61 248 208 184
120 253 24 46 123 205 86 254 39 12 172 9 47 251 1 144 138 251 197 66 78 11 88 63 243 197 32 59 114 27 78 139
130 133 148 155 147 176 180 39 30 23 75 17 140 170 98 200 129 27 163 17 54 88 10 247 45 22 94 67 144 68 141 78
252 172 238 54 157 83 199 232 83 166 172 27 67 236 63 149 89 198 224 163 124 99 189 62 251 231 197 63 227 126 254 70
33 175 185 181 108 233 233 119 126 255 120 221 181 171 208 17 139 47 66 13 80 122 227 89 76 152 114 96 64 200 199 249
120 253 2 186 29 197 82 228 151 4 168 8 34 219 96 80 216 250 201 83 74 11 154 191 187 245 133 123 18 10 118 10
2 248 27 187 202 133 160 199 158 25 80 117 180 150 96 65 197 59 51 145 19 88 18 113 13 0 254 232 152 8 161 187
255 34 228 35 142 59 74 152 3 191 177 255 67 72 223 159 31 196 125 191 186 118 205 16 158 200 225 244 255 239 90 69
32 96 105 81 100 235 225 16 127 101 114 140 147 13 151 56 74 168 70 28 131 244 117 80 70 152 48 0 69 137 86 248
32 221 65 169 212 139 229 159 22 32 82 194 179 1 145 96 89 158 18 153 107 188 85 31 108 134 189 20 189 152 208 184
101 34 80 133 100 10 234 224 104 162 242 74 211 96 153 18 58 196 66 107 32 178 205 110 20 172 163 16 69 171 91 128
214 48 188 176 9 76 16 8 171 247 131 25 142 158 72 91 132 149 253 19 8 71 146 192 145 241 90 63 128 33 7 83
41 32 64 133 108 9 232 80 110 160 118 202 139 1 208 182 106 204 66 8 0 242 197 192 20 137 163 32 79 136 75 128
82 50 18 160 9 8 96 64 45 8 178 103 206 130 68 86 232 197 110 129 8 211 129 192 148 176 139 2 8 0 35 6
48 32 64 137 76 9 224 72 111 164 176 11 2 136 84 16 104 133 74 1 12 115 196 208 20 16 131 57 101 10 82 130
57 32 64 137 77 27 98 72 86 164 102 130 195 128 242 196 121 140 34 140 12 178 111 146 158 205 135 37 119 142 88 196
65 26 159 141 44 130 161 72 172 200 194 102 212 162 160 66 236 100 106 133 1 211 131 64 148 34 234 2 8 40 33 21
48 32 0 137 79 67 162 72 134 164 232 11 0 192 96 128 121 136 234 129 10 35 219 19 29 4 143 63 17 10 52 130
34 158 6 153 61 133 176 231 158 29 200 7 172 234 34 193 201 43 139 1 38 169 82 255 173 54 154 11 24 12 57 158
15 188 189 155 185 244 63 190 158 223 69 117 220 246 234 237 151 123 177 18 183 72 186 247 111 87 127 207 154 85 141 119
66 208 144 159 110 44 188 142 143 27 88 34 236 190 57 66 230 95 63 1 2 21 203 209 20 54 218 138 20 120 17 137
15 140 237 115 160 250 61 183 123 119 86 144 221 63 222 239 39 95 181 156 179 216 237 226 110 255 254 192 166 212 161 125
1 143 67 142 20 130 174 246 84 0 90 198 96 226 180 228 120 106 2 239 229 184 12 255 32 46 162 0 29 170 120 140
45 13 21 193 253 175 75 240 85 184 186 74 219 17 241 229 88 162 30 120 187 184 121 188 13 216 129 84 218 139 80 36
242 201 102 236 68 130 110 247 245 0 242 2 43 11 52 81 106 229 63 226 200 191 0 237 178 234 194 128 55 184 240 8
96 157 127 76 124 238 83 51 237 24 175 8 114 119 44 115 160 182 126 120 144 43 51 125 123 185 0 90 176 130 228 51
22 173 114 225 246 171 250 99 175 176 59 26 15 136 116 8 175 173 95 115 144 249 8 244 158 220 11 244 229 169 209 129
26 157 95 250 147 226 49 103 172 1 106 162 60 215 32 113 34 51 139 208 51 153 32 125 249 132 10 67 48 0 165 43
8 171 64 177 36 171 96 3 22 161 74 194 163 129 226 196 74 42 162 28 18 152 69 145 140 209 154 1 62 200 153 136
117 38 192 3 196 59 234 88 66 242 187 222 83 104 223 174 125 204 124 255 157 246 205 0 30 12 225 244 239 239 90 148
9 14 10 249 52 143 104 55 124 41 126 68 183 1 176 96 193 42 14 28 161 184 65 30 172 191 50 192 152 136 217 41
9 189 187 63 112 140 177 119 124 11 107 84 180 147 32 64 180 59 2 12 211 152 16 111 197 190 58 64 64 0 163 171
116 72 66 4 76 11 192 192 96 36 160 10 67 64 25 16 120 196 74 106 72 163 197 12 144 160 193 49 97 58 90 128
1 180 147 115 19 205 49 87 254 11 107 20 188 147 32 112 161 59 26 16 3 157 16 111 165 156 18 2 136 66 163 187
252 64 110 64 76 51 75 216 193 176 183 10 91 105 253 123 120 196 127 250 168 115 189 156 90 203 229 60 231 251 112 32
16 188 186 235 19 239 83 150 55 11 174 0 190 87 32 80 181 186 93 24 26 137 49 63 235 223 16 83 242 131 36 59
133 48 145 177 100 173 161 80 30 57 83 114 149 147 224 201 94 56 18 25 3 212 83 16 68 128 250 224 156 9 17 161
1 180 27 91 19 143 49 87 252 1 106 68 188 147 32 96 161 59 26 24 3 153 16 79 237 156 22 2 136 64 161 171
98 112 105 129 108 141 160 64 168 16 112 107 148 152 21 26 238 177 83 67 130 54 210 64 21 16 42 40 77 27 67 179
1 13 73 253 180 139 109 55 22 169 90 208 179 33 144 96 88 62 30 8 121 184 81 30 228 174 182 128 28 200 209 184
1 189 187 63 81 205 177 119 254 13 107 20 188 211 32 112 177 59 18 1 82 152 50 127 229 159 26 2 88 0 163 203
1 13 9 253 180 203 108 55 54 161 90 224 183 5 176 96 64 62 22 24 65 184 65 60 172 190 182 128 28 138 208 184
2 185 144 153 221 173 188 207 14 17 72 0 172 186 96 64 205 59 51 17 18 56 82 241 45 20 158 106 144 72 161 138
165 162 196 3 252 59 200 25 74 113 17 222 211 72 222 187 31 140 93 63 191 112 205 16 142 73 161 244 237 207 218 149
254 237 172 62 217 243 150 238 155 182 141 153 110 236 111 151 157 115 193 99 126 71 138 191 251 87 77 63 210 119 143 71
32 130 200 185 20 171 96 11 86 33 82 211 163 192 176 72 89 170 2 28 26 184 69 151 140 134 176 1 60 200 88 128
18 181 218 190 210 192 183 111 62 5 105 163 60 222 40 64 251 59 131 128 82 139 2 87 241 165 26 75 113 2 167 203
37 4 97 231 52 43 107 56 116 226 123 66 211 33 153 96 90 204 22 110 169 176 109 14 228 174 161 4 109 235 80 160
53 64 101 71 116 10 239 184 116 224 243 66 211 1 149 96 122 204 118 110 201 176 109 44 52 168 163 0 109 187 82 160
9 15 1 253 180 143 111 55 52 168 90 96 179 33 144 228 80 46 14 12 105 184 65 30 236 239 54 128 186 136 208 56
1 170 128 25 100 169 224 75 126 17 112 208 135 128 208 137 11 8 2 28 23 124 199 81 140 152 115 108 204 136 91 128
180 92 14 252 69 199 86 96 149 2 229 10 115 251 33 17 248 184 19 234 104 183 24 159 243 203 193 9 113 59 102 130
161 11 200 153 180 139 104 23 86 161 114 208 179 0 145 72 73 170 14 28 206 188 69 26 132 158 182 0 244 136 88 8
71 40 134 145 197 116 176 2 190 243 67 21 140 248 87 202 225 111 187 21 54 212 147 226 12 22 219 107 140 101 57 134
44 112 120 97 112 79 115 80 97 168 125 8 31 23 201 48 148 156 85 106 192 180 248 10 231 221 33 36 98 163 70 179
191 79 225 230 180 50 206 248 81 194 189 238 123 105 191 37 127 226 21 239 237 39 44 170 242 207 229 188 127 255 82 117
6 164 176 83 242 106 173 143 122 167 79 176 204 54 220 44 55 31 50 153 178 216 173 194 45 30 31 230 133 64 133 164
211 217 22 92 13 86 148 37 205 82 130 16 238 24 38 239 192 53 236 99 253 109 55 253 179 114 90 19 26 60 169 14
112 239 88 32 240 201 86 254 51 37 44 41 55 179 74 16 179 155 69 64 94 26 128 63 250 197 52 109 96 146 206 11
33 161 113 75 253 45 73 159 75 49 45 88 179 1 92 52 89 10 82 24 155 106 123 21 45 156 148 124 210 138 210 168
118 123 35 174 104 7 158 248 137 232 177 237 118 221 45 16 222 241 85 103 201 35 88 253 177 16 45 190 89 59 34 23
62 188 174 126 157 87 151 232 147 190 228 59 98 253 47 149 217 254 161 35 124 227 171 191 251 231 69 63 243 124 222 102
6 190 148 147 185 228 182 143 190 31 3 177 236 254 75 75 133 123 171 17 54 88 154 243 45 22 95 239 144 85 141 87
146 199 14 191 26 130 28 109 164 4 194 227 229 71 40 65 110 179 143 225 106 137 1 125 240 225 170 129 53 144 165 218
15 188 188 251 187 182 63 156 191 219 77 181 252 255 238 236 151 91 181 21 183 88 171 247 111 95 127 207 150 247 141 119
15 189 188 83 176 188 63 191 255 95 15 161 252 255 222 236 151 91 189 159 150 216 171 247 111 127 127 199 134 215 137 125
214 48 188 176 9 76 17 0 171 247 131 25 158 159 73 91 133 85 253 19 8 71 146 64 209 177 90 63 128 33 7 83
66 200 177 156 108 9 252 167 143 59 218 90 172 170 52 66 231 181 63 131 194 15 202 209 148 60 218 186 20 120 177 9
61 9 80 193 53 191 74 184 69 232 190 72 219 48 245 228 216 168 62 120 157 186 125 188 139 221 161 116 154 143 88 132
34 165 17 139 221 173 248 79 31 49 233 26 172 248 120 0 221 139 19 17 18 42 90 213 173 20 154 126 208 72 145 138
82 201 66 188 68 130 110 103 189 2 242 2 45 138 52 80 106 237 63 194 72 191 0 237 178 254 202 128 37 184 96 8
22 41 114 240 246 171 250 99 173 160 178 10 15 136 117 8 175 173 95 17 144 249 0 252 154 216 11 224 229 169 65 128
104 153 115 108 73 76 245 49 104 16 96 8 126 255 36 113 176 125 49 66 81 58 178 85 85 248 64 106 67 34 231 186
218 203 87 92 162 192 61 103 165 0 230 162 45 151 160 117 102 179 170 192 96 143 36 125 241 162 90 131 35 144 165 43
217 157 23 222 147 214 52 103 237 64 106 2 126 179 32 245 162 51 186 64 113 185 48 125 179 234 82 66 122 0 161 58
24 149 63 174 19 194 55 103 164 1 234 2 126 247 32 96 50 51 10 32 67 137 18 125 241 165 14 3 48 2 165 42
1 135 19 227 53 141 98 23 236 9 107 68 190 210 32 96 164 42 14 28 147 184 16 255 173 156 50 0 152 10 193 9
216 89 23 244 3 206 117 54 237 194 98 0 126 51 33 119 34 246 124 106 97 153 49 108 241 234 70 2 42 48 37 43
84 72 223 228 34 106 115 18 168 174 94 32 215 247 33 90 34 245 109 34 0 213 129 8 211 231 115 133 164 241 37 43
33 201 61 90 29 157 197 191 198 81 172 8 179 80 20 36 200 162 122 72 203 42 115 61 37 153 16 56 80 154 208 44
7 36 134 145 149 252 176 3 126 243 67 17 140 248 70 234 161 47 187 21 55 216 155 194 13 22 223 71 136 69 185 134
189 76 228 246 228 50 78 250 83 194 124 222 115 105 189 39 127 230 21 238 233 246 44 175 114 207 229 128 239 255 208 120
1 162 144 27 48 191 96 19 126 41 115 84 158 128 80 236 129 42 2 28 147 184 81 87 141 158 50 64 216 128 201 141
88 157 55 106 91 207 83 150 173 9 170 8 126 87 36 82 164 179 95 48 26 9 49 125 123 158 0 82 208 2 100 59
44 14 202 183 198 50 122 19 18 135 123 243 65 107 49 216 123 239 163 149 52 212 13 130 78 103 245 129 167 235 248 128
1 0 155 249 52 175 104 16 54 1 83 80 151 147 168 104 85 8 22 24 19 148 65 19 132 143 50 64 184 137 1 160
37 64 85 231 68 14 239 184 108 224 99 66 211 65 25 96 120 204 122 106 193 176 125 44 37 170 131 0 105 187 83 160
165 96 19 161 108 13 169 64 172 16 113 72 148 147 113 11 46 25 82 83 3 52 210 64 68 0 106 40 76 59 3 160
17 149 23 90 19 236 49 103 236 65 106 32 124 243 40 112 178 51 138 16 19 153 18 125 185 172 22 66 216 2 161 58
152 221 31 254 18 194 21 103 164 64 234 32 127 87 32 113 34 179 73 224 105 137 33 109 241 163 70 3 48 16 165 43
17 145 23 239 21 142 103 117 236 9 107 68 126 211 32 96 244 59 26 40 81 185 48 109 225 188 6 0 24 10 161 41
32 243 88 73 242 203 119 255 54 37 124 169 49 179 32 16 58 26 3 120 82 186 0 95 111 140 37 100 113 144 198 171
182 123 18 174 105 193 22 232 129 140 184 109 102 208 37 148 216 241 196 98 72 39 10 63 176 144 5 59 88 59 6 159
137 10 80 149 36 186 104 18 124 161 114 80 151 2 129 237 34 44 6 12 32 188 197 72 132 169 114 0 40 129 11 137
133 4 93 103 52 15 107 56 116 226 103 64 211 33 153 96 18 204 48 110 169 176 125 14 229 175 33 4 100 171 80 32
24 149 31 239 147 206 51 119 172 1 107 64 190 247 40 64 180 51 26 8 83 137 17 95 225 229 18 66 24 2 161 59
73 93 23 238 53 206 103 55 236 8 106 68 246 51 32 112 160 54 44 40 65 185 17 13 225 249 38 0 10 2 193 41
134 172 188 179 193 116 52 167 59 63 2 17 172 63 78 11 161 87 161 145 50 220 11 226 239 87 94 103 130 85 143 74
246 65 102 237 44 10 110 104 41 162 242 2 75 43 21 83 122 197 125 226 104 247 193 204 178 251 203 20 39 187 112 0
8 44 19 225 48 238 99 23 124 73 114 80 151 23 0 64 183 58 6 28 51 188 1 30 205 175 50 64 200 128 3 161
245 237 65 66 204 141 199 244 193 146 185 74 83 233 125 51 89 226 78 106 235 35 254 43 49 136 133 60 121 251 210 160
125 117 111 110 142 71 71 248 80 194 188 74 115 117 153 51 61 212 124 234 233 103 255 46 241 175 229 188 109 251 118 121
52 104 235 196 84 3 239 84 84 160 226 10 81 201 113 8 120 236 19 250 201 183 52 10 125 12 165 4 229 187 114 168
5 128 127 202 20 175 107 216 126 81 101 80 211 193 184 104 88 136 50 126 155 161 63 21 207 188 3 76 216 139 112 160
35 161 0 137 213 221 162 99 79 97 88 79 156 152 118 160 217 11 18 21 151 58 84 213 44 29 143 111 221 14 217 150
118 163 236 171 142 35 75 152 3 61 181 255 67 77 222 27 95 132 109 255 158 98 205 144 222 201 225 253 245 171 222 65
66 179 23 90 91 211 176 105 175 25 225 232 76 214 44 247 238 149 238 240 55 67 171 85 31 176 67 95 67 0 175 167
82 74 142 188 0 4 93 54 164 134 198 133 245 163 35 91 228 229 109 199 72 135 147 104 208 163 250 136 40 113 33 90
88 72 83 220 66 208 52 103 225 66 226 162 61 150 164 244 98 181 172 128 65 159 164 237 50 226 114 3 39 176 37 47
176 239 88 45 114 139 111 247 52 36 116 175 55 3 130 17 62 186 7 104 106 154 4 63 100 133 32 160 125 144 6 185
84 90 218 164 2 38 59 18 160 134 238 165 13 167 99 90 38 245 45 192 0 209 144 104 211 231 106 129 160 241 37 27
87 14 202 172 32 38 106 18 176 194 202 197 117 163 51 218 118 237 61 239 141 147 148 106 208 39 234 128 44 245 43 24
95 51 130 164 147 54 24 65 169 197 139 247 77 238 251 222 246 141 237 181 156 209 148 192 154 117 143 207 174 102 169 87
50 241 105 200 95 193 151 77 3 228 184 139 48 156 116 32 216 185 147 193 75 43 244 209 115 12 140 59 117 10 246 254
210 72 122 252 102 128 124 103 189 0 226 2 61 139 52 80 106 169 51 129 72 159 0 239 178 236 154 8 37 128 225 136
96 217 123 74 81 207 83 149 239 9 170 72 58 23 36 240 180 176 95 88 195 43 49 125 127 221 0 82 80 130 224 43
9 146 191 85 59 214 25 24 86 233 70 100 89 247 210 236 21 60 180 24 129 208 63 29 75 235 117 196 170 132 12 113
141 34 17 89 68 171 105 16 86 53 71 80 147 131 225 237 120 8 34 158 3 148 103 16 132 136 2 64 178 137 64 160
208 203 15 190 10 128 29 53 164 14 194 225 229 71 32 83 102 177 173 194 104 143 3 109 241 227 250 137 48 144 37 107
216 74 223 252 2 64 53 52 161 142 230 162 63 151 33 91 102 245 173 192 104 207 162 72 241 163 114 137 32 176 37 43
24 145 23 232 27 194 27 105 164 1 201 130 125 87 40 64 122 177 139 224 90 139 83 93 241 228 10 73 49 2 165 42
37 40 152 65 253 189 162 74 74 171 57 76 146 184 85 168 153 40 66 29 151 114 222 50 14 29 19 124 201 107 91 132
25 129 19 234 52 142 98 113 108 9 107 64 246 211 40 224 176 42 14 108 211 169 16 61 161 237 34 64 24 138 225 33
46 160 160 227 93 173 218 202 75 57 185 8 138 217 124 24 217 137 23 25 26 50 72 145 143 221 129 127 211 139 82 130
9 41 16 241 37 139 104 7 116 1 102 64 191 3 128 236 18 46 34 24 3 248 65 0 132 233 50 0 106 128 139 168
88 149 23 236 147 206 67 53 165 0 170 64 222 51 0 247 34 54 204 106 89 137 17 221 185 240 2 82 34 134 165 43
21 73 123 199 71 78 239 224 236 192 107 2 85 215 53 96 50 125 26 234 65 177 56 108 53 172 139 0 105 51 97 178
48 72 3 60 1 196 65 100 164 64 224 1 50 215 33 16 96 160 81 196 72 131 18 13 241 168 130 8 34 48 98 74
88 72 151 126 9 40 6 164 172 22 163 80 239 102 9 143 129 117 236 66 72 69 139 33 145 243 90 19 64 115 5 42
78 179 31 72 107 81 185 121 174 88 247 232 220 214 236 249 254 149 238 160 149 67 163 85 31 243 99 223 64 2 39 183
189 239 66 154 196 181 70 246 85 90 248 94 115 224 241 181 89 234 6 238 239 103 92 186 176 216 133 56 123 255 250 140
82 188 250 243 178 164 187 151 191 71 14 179 20 191 70 96 167 55 121 17 150 9 187 119 75 63 30 67 132 192 133 83
194 216 60 158 233 28 180 37 236 90 146 57 236 152 70 203 129 37 235 3 244 109 211 241 22 51 90 123 88 36 137 15
44 135 202 179 246 34 110 19 50 135 123 247 65 107 248 200 123 110 35 148 54 216 141 66 110 39 183 197 165 224 248 128
70 141 152 178 187 232 55 167 190 23 139 49 236 119 74 82 131 83 201 18 50 73 8 103 237 151 30 91 128 83 133 74
60 91 92 62 109 153 86 96 139 12 181 173 111 200 47 145 206 177 198 98 110 35 74 189 178 209 65 59 90 62 78 151
83 1 167 129 131 70 45 7 105 253 194 16 220 54 218 110 49 5 125 189 157 217 181 192 185 54 222 198 132 100 165 100
47 182 44 1 157 191 203 154 7 253 29 223 194 44 95 140 157 66 223 61 191 112 125 180 76 31 141 244 222 207 88 85
45 232 252 83 249 157 89 152 211 249 5 8 249 253 223 190 151 122 113 92 199 72 254 49 79 91 101 252 214 166 90 109
47 231 236 73 236 51 204 157 82 123 188 222 209 104 222 175 93 198 118 189 191 98 239 144 110 11 229 252 223 252 216 244
175 122 169 21 165 63 239 210 90 238 20 223 145 12 215 46 157 76 20 31 165 244 253 138 68 95 189 180 207 253 90 213
112 50 27 8 77 111 1 74 72 108 168 12 6 128 34 144 216 132 78 32 9 43 240 4 145 164 48 63 88 8 102 207
152 32 216 121 32 187 97 2 118 5 102 16 191 3 130 124 18 8 4 24 10 180 101 1 198 233 48 1 98 128 74 160
92 10 90 39 34 26 122 64 32 140 215 160 79 3 128 208 34 244 205 202 8 147 5 40 210 225 34 129 36 163 47 3
196 0 151 23 136 40 39 8 174 146 163 80 212 227 73 95 1 68 104 26 49 69 139 64 140 178 71 92 128 115 3 32
90 48 51 104 106 87 185 120 175 120 244 232 28 214 236 244 254 157 254 224 129 3 231 84 223 241 43 254 82 130 39 245
