52 160 20 153 219 131 160 200 86 176 224 10 212 208 104 64 121 216 98 16 2 115 75 21 157 130 7 125 177 8 40 130
25 48 6 1 9 83 32 72 246 240 230 36 64 212 226 182 121 76 234 0 5 211 175 28 28 3 97 7 67 0 42 214
0 32 134 28 73 75 160 72 246 128 192 0 64 224 64 134 56 92 234 0 2 243 143 17 21 34 3 9 65 32 39 130
96 32 4 129 13 15 160 64 206 160 194 11 192 130 64 192 104 132 106 0 0 211 213 16 149 32 139 17 16 8 57 134
33 32 14 1 72 79 160 72 102 168 226 12 208 128 66 82 105 76 106 0 5 243 207 16 20 2 35 25 73 8 122 128
120 18 132 29 11 31 1 88 22 236 198 142 67 229 194 70 81 204 234 140 10 211 255 17 220 35 97 48 51 44 20 112
80 32 6 12 75 14 32 72 102 36 194 8 194 162 2 82 104 204 106 128 8 211 199 0 149 32 3 16 33 0 38 0
80 50 7 1 74 72 33 64 230 164 194 110 66 128 224 214 96 204 106 8 1 211 141 80 20 32 35 8 32 0 39 160
32 32 19 1 74 73 160 72 230 160 226 8 64 128 96 210 104 76 106 0 0 211 199 16 20 0 3 49 64 8 70 128
32 0 14 137 8 15 161 72 198 40 192 7 212 193 34 66 104 76 106 4 1 211 67 16 212 34 162 56 24 8 56 208
88 16 134 12 10 146 33 88 246 132 198 164 66 229 162 86 112 108 234 0 8 211 175 24 88 163 101 8 98 32 36 112
40 48 134 29 75 219 32 72 86 176 192 8 192 208 64 128 89 108 234 16 3 211 219 16 13 1 5 53 88 40 10 130
48 48 6 8 74 67 161 72 118 32 230 32 80 194 224 116 120 12 226 128 1 211 227 16 20 0 3 0 97 0 38 160
0 32 7 13 72 203 160 72 246 0 226 1 64 192 34 0 120 108 106 0 5 243 135 16 20 32 2 8 65 8 35 134
33 32 6 1 73 27 160 72 230 160 226 8 192 128 66 114 105 76 106 4 4 211 239 16 29 2 39 17 64 0 114 132
80 32 134 12 75 11 32 72 102 160 194 200 194 160 64 210 104 204 106 128 0 211 199 0 20 32 35 48 32 0 34 2
56 2 7 137 14 11 32 72 70 36 194 199 193 192 32 194 104 76 106 0 9 211 207 28 20 34 131 16 57 8 48 144
88 16 134 28 10 82 32 120 118 160 194 100 67 225 160 210 113 108 232 128 9 209 203 12 26 35 65 7 107 32 40 18
32 160 132 29 73 155 32 200 214 180 196 8 196 224 66 4 25 108 106 24 2 67 235 25 12 2 69 61 80 32 10 192
16 0 6 136 8 3 160 72 230 36 194 2 192 192 34 64 104 12 106 8 4 211 79 16 20 34 3 1 16 8 56 132
49 32 14 1 74 11 161 72 118 160 226 136 80 192 66 80 121 76 106 0 5 242 207 16 20 2 133 24 105 8 122 128
32 4 134 29 25 83 0 104 86 244 194 1 96 224 34 80 81 108 234 32 44 211 239 29 24 34 69 5 16 44 116 84
80 32 6 5 74 74 32 72 100 164 194 136 67 224 2 82 104 204 106 136 8 211 135 0 148 34 3 1 32 0 38 192
96 32 2 13 72 73 33 72 230 160 194 72 194 128 0 82 104 204 106 8 8 195 203 16 20 32 3 56 32 8 50 32
32 48 22 1 75 73 32 72 230 160 226 8 64 128 96 82 104 76 106 0 4 210 223 16 21 0 1 49 64 8 86 130
16 34 30 137 10 11 160 64 230 32 194 70 208 130 32 66 104 76 106 128 0 211 133 80 212 34 34 0 40 0 33 130
96 34 134 13 8 11 33 72 118 188 198 72 194 224 192 86 113 196 106 8 8 211 207 16 92 34 229 21 96 32 54 32
32 176 135 29 72 143 32 200 118 184 64 73 192 208 64 16 217 108 106 16 0 211 203 16 13 2 69 62 80 32 2 130
80 32 6 13 10 10 32 72 38 32 194 74 192 130 0 210 104 196 106 128 1 211 199 64 148 34 2 0 8 0 43 128
9 32 135 61 24 135 32 104 246 136 66 64 101 224 32 211 21 108 106 36 33 193 139 29 72 227 101 8 104 32 40 128
64 32 2 1 74 11 32 64 164 160 226 10 198 128 64 208 104 140 106 0 8 211 197 0 148 0 3 48 96 8 11 128
32 32 14 9 72 75 161 72 118 172 224 8 192 192 194 82 121 76 106 0 0 211 207 16 92 2 5 57 64 8 118 164
104 34 132 13 73 11 0 72 54 180 192 8 192 224 66 150 89 196 234 0 8 82 203 16 156 35 5 61 16 40 10 128
36 160 149 152 203 155 160 200 22 176 224 74 228 210 104 132 121 88 226 16 2 83 203 149 28 130 7 126 211 8 1 164
101 36 142 23 140 66 164 168 210 210 194 16 112 224 209 107 89 102 104 59 60 209 143 40 40 34 229 4 129 121 240 0
36 156 22 30 216 131 7 184 214 18 98 108 98 225 160 85 17 106 32 42 104 216 11 63 104 38 101 16 88 240 64 9
20 140 147 30 146 195 7 168 118 19 104 48 102 242 168 244 17 74 32 34 51 193 43 63 168 166 21 86 176 98 164 37
85 0 199 93 134 10 101 56 116 130 226 70 83 99 128 103 112 228 42 168 41 208 175 12 20 170 231 0 41 240 96 32
96 34 193 133 77 9 224 72 47 164 240 139 130 136 68 22 104 204 66 1 8 115 219 208 29 16 7 56 65 40 86 130
22 160 133 23 155 7 7 200 22 183 64 140 68 226 73 142 17 78 96 30 114 83 219 50 189 6 77 110 162 116 19 164
96 34 129 165 78 9 160 72 46 164 224 139 130 128 68 146 104 204 66 5 8 115 207 80 28 0 7 56 65 40 86 130
45 46 142 30 140 34 71 184 210 182 70 128 97 224 235 11 89 102 96 46 124 243 175 42 104 39 101 0 193 249 112 128
81 32 135 133 10 10 40 64 236 160 194 66 212 130 80 114 96 197 106 140 1 209 133 64 156 34 143 0 32 0 35 4
81 32 215 197 10 10 40 64 236 160 226 66 221 130 208 246 34 197 110 140 1 209 133 64 156 34 143 0 8 0 35 36
36 160 28 185 203 67 160 200 22 176 192 74 196 210 96 128 121 24 226 16 2 83 75 17 29 130 143 125 17 8 41 130
65 0 150 29 12 2 101 104 244 130 226 64 80 224 32 226 112 100 106 40 40 241 143 13 20 34 231 0 80 120 112 32
45 204 30 30 152 131 7 168 214 2 102 12 99 225 168 213 17 102 32 42 104 250 11 63 104 167 101 16 122 240 74 136
22 164 132 23 155 115 6 200 22 179 64 48 68 242 73 174 17 78 168 50 55 80 139 50 168 6 77 111 176 117 169 4
32 32 192 165 76 9 224 72 14 160 240 139 130 128 68 2 104 204 66 1 8 115 203 80 28 0 135 57 65 40 86 130
81 32 135 133 10 10 40 64 236 160 194 66 222 130 80 82 96 197 106 140 1 209 133 64 156 34 143 0 32 0 35 4
20 160 148 185 219 131 32 200 22 176 192 10 228 194 104 192 89 88 226 16 2 83 91 21 156 130 15 125 184 8 41 130
20 166 148 31 155 143 22 232 118 23 64 21 102 226 42 80 145 74 160 4 54 88 27 63 168 166 21 79 208 96 137 70
64 2 150 29 28 2 100 104 244 130 194 66 80 224 160 66 120 100 106 40 40 241 139 13 20 34 231 0 24 120 112 32
37 158 22 30 152 131 71 184 212 2 98 236 115 224 168 81 17 110 32 46 105 210 11 63 40 166 101 0 88 240 66 128
52 160 156 153 218 131 32 200 22 176 192 10 212 210 104 0 121 88 98 16 2 83 219 21 157 130 5 124 176 8 33 130
101 46 142 87 140 34 70 184 210 186 66 64 80 225 217 11 89 102 96 58 184 243 143 42 40 38 101 0 193 249 112 128
81 32 143 5 8 14 97 72 236 160 194 66 208 162 80 114 96 196 106 140 1 209 151 64 157 34 207 0 0 32 99 36
64 0 150 93 12 2 164 104 244 130 194 64 80 240 160 98 112 100 106 168 41 241 139 9 85 34 231 0 24 120 112 32
81 32 135 5 10 10 97 72 236 160 194 66 210 162 80 242 97 196 106 140 1 209 135 64 156 34 207 0 0 32 35 4
181 204 237 30 216 35 71 188 210 194 100 220 115 225 153 63 21 102 32 110 233 230 46 47 32 46 101 24 121 243 194 248
84 164 132 55 155 39 6 200 22 179 64 24 68 226 73 142 17 94 232 18 50 83 203 51 185 134 77 111 128 113 143 130
65 6 135 95 24 2 101 120 244 130 226 68 114 225 160 71 81 100 106 42 41 241 155 45 116 162 101 0 73 248 96 0
96 32 133 165 78 75 160 72 62 176 224 139 194 224 64 2 121 220 98 17 10 115 203 16 29 0 7 61 97 40 70 130
81 32 159 133 10 14 97 64 236 160 194 66 220 162 80 114 96 197 106 140 1 209 149 64 156 34 207 0 32 32 35 36
32 32 136 164 78 9 160 72 14 180 240 139 130 193 68 2 105 220 66 1 10 115 203 17 29 128 7 61 97 40 70 130
65 4 142 93 24 6 100 120 244 138 226 68 82 241 160 67 112 100 106 40 41 241 155 13 116 170 231 0 73 120 96 32
20 162 156 187 219 139 33 200 86 181 224 10 102 211 104 64 89 90 226 16 2 83 203 53 221 130 5 125 240 8 5 162
80 2 1 137 78 9 33 72 68 36 194 206 195 192 2 66 104 204 106 12 9 115 215 0 148 32 163 56 48 8 20 96
0 160 134 29 90 135 1 200 22 184 64 8 112 228 104 100 81 110 106 32 34 211 235 29 29 34 109 60 48 40 4 224
20 180 136 23 154 7 134 200 22 183 64 15 68 224 73 10 17 78 104 54 114 83 219 58 232 7 77 44 168 112 49 146
60 157 19 127 193 205 167 224 232 8 248 70 254 124 13 148 248 250 194 99 105 178 90 47 181 228 6 2 73 122 67 178
142 172 134 83 209 178 39 174 127 151 15 145 104 226 78 220 17 74 160 26 50 216 30 119 47 22 21 71 194 119 135 38
253 94 231 94 208 102 71 248 80 234 254 236 115 245 189 55 29 230 116 110 233 247 189 46 113 174 101 148 231 251 86 113
14 172 132 18 153 39 6 200 22 179 68 25 68 227 73 30 209 78 96 158 50 82 219 51 233 6 77 109 130 117 138 134
12 151 147 249 226 160 61 127 47 27 95 230 189 243 232 100 119 59 174 184 211 24 170 209 238 213 47 170 154 242 161 177
64 48 132 29 8 6 160 104 150 176 194 13 192 224 64 66 81 124 234 33 2 67 219 29 29 34 69 28 16 40 0 144
56 0 132 45 11 67 0 72 22 224 194 137 67 229 64 66 81 204 234 132 10 211 207 17 93 99 97 49 51 172 16 64
212 190 152 50 146 163 22 172 50 147 43 181 102 226 74 16 151 75 232 54 54 73 139 63 232 135 21 71 152 115 171 18
181 78 206 62 160 43 70 248 208 138 104 236 115 225 153 27 25 230 100 110 232 230 78 43 96 171 101 152 109 251 90 9
100 46 135 23 140 34 70 184 210 186 66 244 80 224 249 139 89 102 96 58 121 243 143 42 40 38 229 4 201 249 248 176
86 170 132 54 139 39 22 200 150 179 64 221 68 226 73 138 149 79 232 23 54 83 155 51 152 6 205 47 136 117 171 146
181 102 206 119 132 34 71 248 82 186 66 246 83 97 153 11 89 102 96 62 248 242 207 42 104 46 229 4 229 249 240 32
165 206 197 31 170 171 134 190 210 218 104 252 241 97 145 139 23 98 32 110 225 244 110 63 36 2 117 160 121 249 144 185
80 0 14 137 77 11 33 72 118 32 194 2 65 130 34 68 120 140 42 136 8 147 215 16 20 34 131 0 48 8 120 160
84 173 150 18 147 226 22 172 114 151 43 16 98 226 46 212 145 71 160 50 62 73 11 63 41 6 5 95 128 119 175 6
40 132 134 30 25 131 1 168 150 184 66 0 112 224 40 215 17 110 232 32 40 209 139 63 40 39 101 12 18 36 24 0
96 32 4 129 8 11 160 64 206 160 194 15 192 130 0 64 104 132 106 0 8 83 213 16 149 34 139 16 24 8 52 130
80 0 7 136 76 7 32 72 118 32 194 66 192 194 32 64 120 140 106 128 0 211 71 16 21 34 131 0 17 8 48 132
92 164 140 55 155 35 6 200 22 179 64 16 68 226 75 10 17 94 232 18 54 81 139 51 232 7 77 45 160 113 139 130
117 46 135 87 132 34 102 248 210 242 194 118 83 224 217 43 89 102 104 58 185 243 175 42 44 42 101 4 237 249 240 0
80 0 0 137 78 9 32 72 118 100 194 139 195 192 2 64 120 204 106 12 8 115 199 0 212 33 163 56 48 8 20 80
48 32 7 137 74 75 160 72 86 32 192 195 196 192 32 192 120 76 106 0 3 211 203 17 21 34 3 56 48 8 52 224
165 206 197 63 168 171 70 190 210 154 104 252 99 96 137 31 17 98 32 110 224 244 78 63 32 170 117 32 248 249 194 9
9 128 166 63 56 155 0 248 214 240 70 128 245 228 170 97 17 110 106 44 166 208 175 61 76 35 109 60 18 172 0 192
112 134 134 92 25 135 2 168 22 188 66 5 98 224 40 81 81 108 32 32 44 211 139 31 123 38 69 4 17 32 48 2
92 133 146 58 147 50 22 173 51 135 143 25 66 226 42 148 145 198 232 98 122 9 24 63 186 231 5 95 178 119 170 6
92 141 22 126 145 154 86 189 115 7 45 25 98 225 42 20 145 70 224 38 122 73 27 63 43 230 5 95 242 119 142 2
53 182 205 53 150 55 198 188 82 251 151 254 83 96 219 43 93 206 116 175 189 242 253 26 60 47 229 180 237 249 216 80
195 142 214 91 168 185 104 159 255 23 102 212 201 194 214 255 39 7 238 156 182 92 175 243 14 122 82 205 158 197 233 4
6 174 164 23 217 240 63 166 187 215 70 145 236 238 70 79 129 123 161 129 54 216 171 243 111 54 93 7 130 116 141 78
39 174 229 159 222 19 142 168 214 242 66 231 225 232 153 135 31 110 241 175 164 192 207 191 44 38 205 149 175 252 16 212
71 54 235 2 224 124 187 216 42 223 189 253 221 238 223 59 191 197 86 255 149 99 174 96 220 25 111 174 205 247 35 245
25 191 87 225 147 182 108 183 116 0 110 196 189 131 128 244 50 47 46 152 211 152 21 125 238 233 174 192 42 192 169 41
172 95 6 35 209 63 102 214 104 73 248 125 142 2 11 24 172 130 198 114 189 182 80 102 180 193 34 194 201 83 202 151
116 32 133 149 143 123 132 136 242 179 130 26 196 240 75 174 81 198 250 179 20 67 203 0 157 2 207 127 128 125 159 70
7 156 148 147 233 188 188 135 190 187 2 21 236 62 78 75 133 87 243 17 182 216 155 227 45 50 95 195 136 84 137 159
253 75 194 163 133 31 70 144 21 168 214 70 75 65 123 197 216 236 174 255 77 178 73 168 178 240 197 147 59 255 88 5
50 175 105 159 182 193 142 238 150 65 88 227 97 236 188 64 219 107 3 215 126 168 76 63 42 6 173 251 53 202 212 220
168 242 168 187 252 141 59 157 30 105 85 255 159 87 170 168 223 26 159 21 243 28 89 147 204 199 60 244 152 140 156 241
36 162 148 153 203 139 33 200 22 180 224 42 198 193 96 4 89 92 226 16 2 83 75 29 29 130 5 127 80 8 37 130
72 32 134 28 72 147 32 88 246 224 198 136 192 228 160 114 81 124 234 12 0 211 239 17 94 35 101 8 66 164 34 112
56 48 134 29 25 75 0 72 118 176 194 8 66 240 0 32 25 92 234 16 12 209 221 28 29 2 5 55 113 8 6 134
32 34 6 137 73 5 32 72 214 12 194 10 68 194 96 64 88 140 106 0 0 67 203 16 21 34 131 56 16 8 48 134
96 32 2 137 75 73 33 72 6 32 194 139 146 128 32 82 104 204 106 12 8 83 207 16 85 32 163 57 48 8 50 224
24 48 6 25 75 151 160 72 246 128 196 8 64 210 96 100 120 124 234 128 0 211 255 24 93 3 7 8 113 0 35 160
0 48 134 29 75 195 32 72 246 128 194 33 64 192 32 194 120 108 234 128 0 243 139 24 20 34 3 1 64 4 40 128
80 0 6 129 75 11 32 64 102 160 194 2 194 128 32 192 104 12 106 0 0 211 215 16 148 34 3 16 40 8 25 16
24 34 6 1 11 11 160 72 118 164 194 4 195 128 64 64 56 76 106 8 12 241 207 16 157 3 33 1 97 8 86 70
56 0 5 169 14 11 32 72 70 36 194 134 195 0 0 192 104 140 106 140 9 208 215 16 148 34 131 16 49 8 48 192
81 48 134 13 74 146 32 72 118 144 194 228 66 225 192 82 112 108 234 128 12 211 207 8 22 34 69 12 107 32 42 146
32 48 6 21 73 219 32 72 246 244 198 4 192 192 98 2 89 108 106 8 4 211 251 24 29 2 69 49 0 8 7 214
32 160 28 153 79 155 176 200 150 176 224 10 100 192 96 128 249 157 234 16 6 115 203 145 29 0 15 127 17 8 45 134
80 0 14 137 10 75 32 72 102 36 194 2 194 0 34 64 104 140 106 0 12 211 207 16 149 32 3 49 16 8 52 4
97 32 2 9 72 75 161 72 38 160 226 8 194 128 66 16 104 140 106 0 13 67 227 16 20 0 3 56 65 8 34 128
64 32 7 9 72 75 32 72 54 32 194 200 65 194 64 80 120 204 106 128 0 211 215 0 21 34 3 0 1 8 38 146
112 0 142 5 72 14 32 88 118 164 198 76 66 225 160 82 112 68 106 8 0 211 139 16 92 34 101 0 64 160 114 0
32 32 150 29 74 143 33 72 214 184 194 0 80 208 32 130 209 124 106 0 2 209 75 29 28 2 37 52 80 8 8 128
17 2 199 205 30 2 101 120 118 162 198 230 81 163 160 102 120 196 106 168 33 209 165 204 84 162 230 0 45 168 112 160
64 0 6 137 74 7 33 72 230 168 194 2 192 192 32 192 200 12 106 0 0 195 203 20 20 34 3 56 16 8 57 0
80 32 6 13 75 11 32 72 164 32 194 2 194 130 0 210 104 204 106 136 8 211 197 64 148 32 2 0 32 0 43 128
25 2 134 61 10 130 32 120 118 136 194 64 83 240 34 82 81 108 106 36 44 209 207 28 8 226 101 0 96 32 48 128
114 32 65 141 77 13 160 72 47 160 176 11 2 128 68 150 104 204 234 1 8 115 219 208 29 0 7 58 65 44 66 130
4 172 150 30 153 139 22 168 182 19 68 17 230 240 42 84 145 110 160 52 54 208 11 63 104 54 85 111 218 36 137 78
37 142 206 30 152 19 70 184 86 130 102 104 115 225 168 209 17 102 32 42 104 208 15 63 34 167 101 16 114 240 74 0
117 166 143 21 140 2 36 248 118 250 194 102 81 224 209 203 121 100 104 56 41 209 143 8 28 34 229 68 233 120 120 0
65 34 223 133 10 10 104 64 108 160 242 70 221 130 144 242 98 196 110 136 1 209 133 64 148 34 171 0 40 32 43 36
48 32 132 141 79 11 160 72 54 160 224 11 130 128 64 130 120 204 98 1 8 115 203 16 28 0 15 57 73 40 26 130
81 34 135 5 72 10 32 64 100 160 194 74 208 130 80 82 96 196 106 136 1 211 135 64 148 34 143 0 40 32 99 32
4 172 156 26 153 135 23 168 182 55 68 21 230 226 42 80 145 110 224 52 54 80 27 63 41 166 85 111 208 100 141 66
32 160 22 153 75 135 32 200 22 180 192 14 68 194 96 64 89 12 226 16 2 83 91 29 28 130 15 125 16 8 41 130
80 2 135 93 72 2 33 104 118 128 226 70 82 224 160 66 120 100 106 40 9 243 139 12 20 34 231 0 40 40 112 32
12 160 132 55 139 83 20 200 22 183 68 9 196 226 75 10 17 78 232 50 54 83 139 59 73 7 77 45 130 116 27 130
12 172 148 26 153 179 22 172 55 183 68 17 108 231 107 220 17 78 160 48 50 64 27 63 171 86 21 111 146 117 133 6
117 38 199 55 136 34 6 184 82 186 98 100 115 224 145 11 25 102 96 62 185 243 143 42 40 174 101 4 225 248 80 32
32 160 22 153 75 203 33 200 22 176 192 10 196 210 96 132 89 28 226 16 2 83 75 17 29 128 15 60 16 8 33 162
81 32 143 133 14 10 96 64 108 160 194 66 212 130 16 114 96 196 106 136 1 211 133 64 148 34 139 0 40 32 35 32
165 78 198 62 168 35 70 184 210 170 98 236 115 224 169 27 17 102 96 46 233 240 143 47 40 174 101 16 233 249 66 33
80 2 134 77 12 10 32 104 118 128 226 66 208 225 160 66 120 68 106 40 9 243 147 12 84 34 231 0 40 40 112 32
61 12 239 94 136 34 71 184 82 226 102 204 115 224 189 59 25 102 96 46 233 242 175 46 96 174 101 16 233 249 82 96
14 164 148 23 155 83 22 200 150 183 0 1 196 226 75 140 145 78 232 48 54 81 139 59 41 6 77 47 130 116 47 134
81 0 143 93 8 2 33 120 118 128 230 68 83 225 160 86 112 100 106 40 9 241 139 12 84 162 231 0 40 104 96 32
84 172 148 18 145 243 22 172 55 183 10 17 110 226 79 220 145 95 160 50 54 64 27 63 169 86 21 71 194 119 143 6
48 32 192 141 79 9 160 72 46 160 240 11 130 128 64 2 104 204 98 1 8 115 209 80 20 0 3 57 65 8 70 130
117 38 206 119 156 10 103 248 82 186 242 244 83 225 145 11 89 228 96 62 184 241 207 42 104 174 101 4 237 248 240 32
65 34 143 133 14 10 105 64 108 160 194 70 212 130 144 114 96 196 106 136 1 209 151 64 148 34 175 0 40 32 99 32
48 34 132 141 79 11 160 72 62 164 240 11 130 129 64 2 120 204 98 0 8 115 203 80 29 0 15 57 65 40 70 130
81 0 143 93 8 10 33 120 118 136 226 70 83 225 160 66 112 100 106 40 33 241 139 12 84 162 231 0 41 104 112 32
25 0 6 169 10 15 32 72 102 96 198 2 210 144 34 98 104 76 106 12 5 241 75 16 212 35 3 0 48 8 48 192
181 222 207 126 152 3 71 184 82 194 100 236 115 225 185 49 21 102 32 46 233 194 62 63 96 174 101 16 120 240 66 56
200 150 26 236 124 38 126 123 244 10 253 85 221 187 40 209 211 78 63 170 176 15 154 31 242 239 163 141 58 224 104 11
146 148 23 231 63 103 19 104 143 170 219 119 206 255 44 192 223 125 159 35 57 149 24 158 169 214 11 246 24 43 33 151
166 112 227 254 123 229 186 72 155 204 241 255 108 221 45 8 222 121 215 227 163 103 218 239 55 118 11 170 93 63 39 215
2 172 164 23 241 244 181 175 27 191 70 17 236 236 70 15 129 127 161 1 54 88 235 243 109 54 221 35 130 84 149 94
140 156 39 187 189 189 98 184 238 24 91 213 251 246 248 101 113 106 46 82 246 156 31 247 239 208 167 192 178 79 229 39
133 252 245 91 176 238 103 184 125 75 115 80 214 119 137 125 53 120 31 122 163 212 57 255 173 158 39 198 240 243 101 119
73 105 42 65 226 188 175 86 228 232 214 224 153 23 211 126 108 252 223 204 128 144 229 64 117 45 162 128 103 181 167 241
25 37 118 103 179 62 127 119 108 170 126 0 95 55 144 118 55 126 95 46 240 184 41 238 239 207 103 132 227 246 227 169
201 159 1 166 188 94 111 191 93 234 158 236 255 37 211 247 87 102 222 110 241 105 237 174 188 223 167 180 158 254 216 121
71 188 148 147 137 252 182 174 190 251 2 21 236 254 74 111 133 115 251 19 55 88 155 243 45 22 95 67 136 116 137 159
255 95 66 223 237 29 86 241 21 238 254 47 106 105 175 215 220 238 174 110 236 247 233 170 178 249 229 147 59 254 120 93
14 172 132 18 153 167 22 172 54 183 2 149 236 231 75 220 149 79 161 54 54 80 27 127 104 22 93 111 146 119 139 66
245 78 206 62 184 42 70 184 82 170 114 236 115 225 185 27 29 230 100 46 233 242 13 46 96 175 101 148 237 249 82 1
190 206 238 85 197 82 255 224 117 254 246 39 73 110 255 59 249 236 134 226 236 247 45 232 114 75 231 135 231 245 126 199
6 164 140 55 153 7 22 200 150 179 0 5 228 226 75 11 145 79 233 54 54 83 155 59 169 6 77 111 136 116 11 146
25 149 23 109 19 93 166 121 173 66 252 68 254 244 32 166 252 249 198 226 105 177 58 223 169 244 7 10 123 38 107 182
71 160 140 54 137 20 22 232 146 250 0 9 196 242 75 203 145 79 232 23 119 67 155 50 169 38 207 111 136 116 25 134
89 157 94 125 147 158 108 55 117 72 110 68 235 3 146 245 38 167 108 140 245 152 53 93 166 251 70 128 107 144 233 29
89 157 111 253 149 222 99 55 117 77 238 34 123 23 166 244 112 182 188 152 249 152 49 175 191 255 178 195 34 132 236 125
96 34 6 136 72 3 161 72 166 40 194 72 212 192 32 128 72 12 106 0 1 3 219 16 21 32 35 56 16 8 33 144
14 172 148 27 153 245 182 172 190 183 64 17 200 230 111 204 145 75 226 16 54 88 187 119 47 86 95 111 210 85 141 198
141 94 21 179 240 252 231 247 233 90 184 117 223 118 139 50 239 227 206 54 229 164 120 110 172 211 38 198 200 119 227 223
14 164 132 23 139 83 6 232 150 178 4 0 192 224 75 174 149 94 232 51 102 83 171 58 41 6 77 111 130 116 25 132
189 86 239 94 134 114 71 248 80 226 254 238 115 117 157 59 31 254 116 46 233 247 189 46 122 239 101 20 239 251 114 241
2 218 247 251 54 139 184 198 63 17 218 226 185 158 180 104 111 187 191 209 139 184 77 241 142 219 190 194 181 154 176 25
117 182 237 53 142 15 71 184 86 251 214 238 83 96 219 43 57 204 124 47 253 240 253 10 124 175 229 164 237 248 80 112
207 95 127 196 38 94 127 182 253 226 150 206 223 191 183 119 38 245 127 111 225 197 181 202 247 59 111 148 46 248 5 125
13 118 233 34 240 61 255 216 42 250 189 237 221 126 219 186 159 205 215 255 133 114 236 64 252 89 47 236 204 247 43 241
229 82 197 179 141 204 101 148 175 94 115 213 243 199 75 95 69 192 238 82 163 116 251 162 133 240 244 144 186 153 212 243
141 242 248 187 181 29 126 156 31 107 87 191 223 87 170 228 87 26 223 94 247 148 125 179 206 223 61 245 62 158 153 209
25 5 183 123 177 254 97 87 124 77 111 0 255 151 162 252 112 58 174 24 19 184 51 132 195 255 50 65 210 198 101 120
6 172 172 26 145 243 22 172 54 183 14 21 108 242 107 88 145 79 161 54 54 64 27 63 234 22 13 103 144 119 141 86
40 157 106 249 213 248 119 247 151 65 124 179 177 255 96 112 105 186 147 128 122 58 242 183 255 245 150 105 55 200 244 250
152 125 111 255 151 198 255 55 229 192 190 6 249 255 17 97 110 243 95 202 233 169 119 239 231 235 134 0 111 176 228 250
181 206 199 30 170 35 71 184 82 194 96 236 115 225 185 63 29 102 32 46 233 226 46 47 32 174 101 16 253 249 82 105
78 168 134 18 201 245 38 200 158 183 4 17 204 242 79 142 145 110 234 30 114 64 154 242 13 22 95 111 130 117 139 134
76 111 107 101 160 122 111 222 117 230 190 164 219 103 211 113 95 220 204 234 233 177 45 10 230 221 167 165 230 243 102 240
8 95 102 255 199 188 118 21 228 82 87 119 185 159 176 98 100 58 187 194 228 188 63 227 103 233 178 1 62 223 245 250
136 217 30 63 3 217 119 244 173 93 119 17 239 199 42 84 98 122 142 66 70 52 42 241 231 241 114 75 50 23 173 219
200 93 151 68 43 90 53 119 168 206 246 44 238 183 163 215 226 117 238 106 97 207 178 72 240 243 102 154 10 112 39 123
43 190 186 218 253 189 250 245 251 95 125 63 108 248 254 52 237 107 182 22 246 123 170 243 126 93 54 235 203 206 235 223
25 151 254 103 183 62 127 247 117 175 191 16 127 115 154 246 55 246 223 170 176 185 41 238 255 223 39 193 235 230 233 41
205 150 238 27 236 188 248 152 255 27 119 245 216 248 254 251 247 77 190 30 166 116 223 243 78 59 119 204 222 245 217 149
103 237 237 22 232 90 95 189 113 246 188 173 243 108 215 51 95 230 222 238 237 107 239 108 126 91 231 188 111 246 210 221
50 160 20 153 73 159 176 200 30 180 208 11 228 194 66 132 249 89 234 16 6 99 219 209 157 18 15 63 16 12 45 134
60 122 239 117 45 82 220 244 116 254 246 167 107 237 119 139 255 253 167 227 236 243 111 200 91 75 231 133 71 116 116 251
59 87 102 214 101 90 118 117 217 206 246 175 106 236 190 87 252 236 134 102 236 243 228 237 114 123 229 131 7 252 252 223
59 151 18 190 153 159 86 253 245 72 253 76 238 252 34 181 253 243 222 110 189 43 122 223 187 255 3 158 123 46 170 215
202 242 233 151 138 105 189 252 190 253 149 183 205 238 214 2 63 79 239 215 164 77 174 242 239 3 255 189 37 55 167 251
71 162 234 27 232 61 249 217 255 31 117 245 201 238 254 90 215 75 239 149 182 87 174 243 206 31 255 236 148 197 247 197
81 2 239 77 78 66 97 56 116 196 230 230 81 227 144 114 122 196 106 140 137 240 167 76 92 171 231 0 101 160 100 112
14 172 132 27 153 215 178 200 190 181 0 17 236 238 111 143 145 91 234 17 54 65 219 119 47 23 95 111 146 116 143 134
98 32 2 140 77 93 160 72 175 164 240 10 134 216 68 150 233 204 238 129 12 115 219 208 149 16 3 59 65 12 90 134
53 52 231 117 150 2 71 248 112 226 246 238 83 117 149 49 127 252 116 170 249 243 253 14 250 239 101 20 237 248 114 48
65 34 79 133 74 74 105 80 110 224 226 228 213 130 208 114 98 204 106 136 129 208 229 64 148 33 171 0 44 128 99 160
205 127 169 147 172 12 103 157 191 218 182 117 222 247 205 251 197 86 254 94 243 101 251 226 167 185 103 188 24 121 217 115
136 29 119 253 13 206 125 55 173 130 182 6 249 255 1 227 106 179 255 128 105 233 19 239 247 251 246 1 111 244 228 58
8 141 107 251 253 233 121 103 191 77 124 179 189 255 56 64 235 59 159 0 51 187 2 255 239 245 178 233 22 140 245 251
78 168 148 30 233 83 52 200 186 191 0 57 204 242 79 142 145 79 234 18 54 67 138 241 15 18 79 127 130 116 143 134
215 191 162 208 185 29 94 191 191 218 188 245 206 255 230 247 215 219 221 53 249 73 202 222 170 94 223 254 154 244 154 29
157 147 248 243 165 31 125 216 31 126 151 191 223 125 218 173 63 216 159 110 222 240 109 145 206 219 101 245 62 255 137 81
13 126 236 225 253 62 255 216 104 250 125 204 221 63 211 187 95 93 215 255 165 118 236 200 239 217 239 164 206 247 75 241
201 89 243 214 103 94 127 54 237 194 22 14 189 191 53 246 38 247 255 203 225 105 180 234 247 255 111 136 14 247 1 123
125 180 239 117 134 11 101 184 118 242 86 230 83 113 144 99 57 196 124 173 173 240 253 12 92 235 229 132 237 232 112 48
129 222 95 251 54 171 104 150 190 25 218 210 253 203 56 96 111 187 63 209 235 156 79 247 172 216 190 192 60 216 49 25
233 159 110 119 113 158 114 180 121 73 127 96 251 118 154 245 245 230 220 110 189 248 237 175 239 255 38 194 106 134 202 127
218 126 247 87 107 114 55 244 173 222 246 181 108 183 135 255 102 119 239 194 225 215 167 232 118 227 118 131 46 245 39 255
89 157 126 219 149 246 117 55 125 77 254 54 122 119 166 245 97 190 188 152 255 152 49 253 251 251 182 195 50 196 236 127
91 157 126 95 145 214 125 55 253 92 238 4 122 62 182 113 102 167 188 136 255 152 55 253 231 187 246 129 43 196 236 125
231 253 213 72 232 92 110 221 235 90 184 108 90 230 205 187 191 195 246 126 215 99 254 112 62 24 69 238 200 243 234 149
67 188 148 159 203 220 180 174 190 251 2 17 236 254 70 207 133 119 251 17 54 72 155 243 45 54 95 107 128 116 137 159
77 213 22 122 171 85 54 185 255 90 254 100 236 246 235 252 247 83 254 186 243 5 59 243 171 255 7 206 154 87 169 117
163 176 238 88 232 253 88 206 203 223 180 188 0 204 254 59 239 234 118 148 183 111 190 113 30 27 85 255 205 136 238 221
94 156 171 18 131 244 55 246 186 219 158 109 252 246 79 122 229 243 255 147 247 75 122 99 189 22 127 186 136 116 39 127
40 34 20 137 75 27 160 72 22 180 224 10 196 192 96 196 121 152 234 16 2 243 219 17 29 130 7 63 82 8 45 134
81 50 143 77 14 2 97 88 246 160 226 102 209 163 160 98 120 204 106 136 137 241 135 8 84 163 227 0 41 160 96 160
14 172 148 27 153 247 54 168 191 183 36 17 236 230 78 157 149 123 224 22 54 88 155 119 47 86 85 111 146 117 143 86
32 32 0 137 79 9 160 72 38 164 240 10 130 128 64 144 104 140 234 128 8 243 211 80 21 0 3 57 65 8 70 130
53 6 207 126 166 42 71 248 80 170 242 236 115 225 145 59 29 230 100 46 233 243 143 46 248 175 101 144 237 249 82 1
17 32 15 133 14 10 233 80 108 160 226 70 213 130 144 114 104 196 106 136 1 209 133 64 148 32 170 0 41 0 99 32
79 176 134 22 137 87 52 168 146 246 2 9 196 242 75 138 145 111 232 19 100 67 155 48 13 50 77 127 128 116 27 134
32 32 20 137 75 75 32 72 22 180 224 10 198 208 96 132 121 140 234 0 2 243 203 17 29 128 7 63 113 8 45 130
6 188 148 27 153 223 22 168 62 183 64 17 110 246 111 212 145 90 224 48 54 208 155 63 43 22 85 111 210 36 141 70
32 32 0 141 75 75 160 72 38 164 240 10 134 128 64 130 104 204 234 0 8 243 203 16 29 0 15 57 97 8 10 130
6 172 148 26 153 211 22 168 63 183 0 17 108 246 79 156 145 91 160 48 54 208 139 63 43 22 85 111 146 116 143 70
81 32 135 77 8 2 33 72 246 160 230 70 81 227 160 98 120 196 106 136 1 209 163 12 84 34 227 0 8 40 112 32
117 44 231 126 152 2 71 184 210 242 102 200 115 225 185 63 17 230 96 46 233 242 175 46 106 239 101 20 235 248 82 32
17 34 135 5 8 10 33 64 108 160 226 70 208 130 144 114 104 196 106 136 1 209 133 64 148 34 163 0 9 32 99 32
86 160 132 23 139 83 20 232 18 182 64 41 100 226 75 142 145 78 232 18 6 211 203 56 28 2 77 127 130 116 15 199
37 166 175 85 156 18 38 248 214 242 198 196 83 225 209 171 17 100 104 44 169 241 239 8 46 43 229 52 231 248 80 112
10 91 234 141 52 240 95 150 87 77 220 167 168 142 183 100 210 106 159 196 142 136 102 255 98 125 178 137 150 220 116 93
97 142 198 30 24 6 6 184 210 186 98 204 115 224 169 123 21 102 96 46 169 242 143 63 32 174 101 16 248 240 66 33
64 34 135 93 8 2 32 88 246 160 226 68 80 224 160 66 120 100 106 8 9 241 139 12 20 34 231 0 8 40 96 0
117 142 199 62 186 34 70 184 210 186 96 236 115 225 185 27 21 230 36 46 233 242 14 47 40 174 101 144 233 241 66 1
6 172 180 91 145 251 22 168 190 151 66 17 104 230 77 156 145 123 161 18 54 88 139 63 43 86 85 111 146 117 143 6
101 166 134 63 152 2 68 184 210 178 66 228 83 225 145 11 17 100 104 60 184 243 143 40 40 42 101 4 232 248 112 0
94 160 132 21 203 19 20 232 18 178 64 9 68 242 66 134 17 76 232 3 4 83 203 24 29 34 77 63 162 100 31 134
53 132 238 94 152 2 71 184 82 194 102 204 115 225 185 49 21 238 100 46 233 243 47 63 96 174 101 20 249 248 66 48
1 32 150 21 91 155 33 72 182 188 198 0 64 224 162 4 25 108 106 0 6 209 139 29 28 3 5 39 3 4 8 128
112 32 142 21 72 10 32 72 118 168 194 73 83 225 160 82 112 76 106 4 0 211 143 20 84 35 101 8 64 160 114 64
96 32 6 8 75 5 33 72 102 32 226 2 64 130 0 210 104 204 106 128 0 211 199 64 21 32 131 40 1 8 34 146
32 32 7 9 72 11 161 72 102 160 226 8 130 128 128 68 104 12 106 0 0 243 69 16 148 0 3 48 65 8 118 160
96 0 7 137 75 75 32 72 102 40 194 74 194 130 0 80 72 140 106 0 8 211 223 16 149 32 3 32 16 8 52 66
16 48 23 13 11 75 32 72 246 248 194 73 192 212 32 66 121 76 234 0 0 211 223 28 29 2 5 52 80 12 20 210
17 32 7 137 72 11 32 72 102 32 194 202 194 128 0 196 104 132 106 4 9 243 207 16 148 32 131 24 49 8 48 224
29 126 234 227 165 31 127 208 125 236 223 70 223 191 211 189 127 236 223 126 204 240 237 232 255 217 231 181 174 247 91 215
206 120 247 87 235 120 63 212 169 210 246 179 124 254 205 255 103 247 255 194 165 213 191 224 23 122 71 130 231 247 39 245
10 157 126 218 183 246 116 183 255 93 254 50 104 255 174 116 119 186 191 144 190 137 59 245 127 251 182 195 183 204 236 127
29 180 232 179 131 125 127 187 55 255 159 7 223 247 202 116 115 203 188 152 159 92 255 211 219 215 175 231 186 102 165 119
203 157 126 94 235 214 125 183 237 93 254 52 120 254 182 114 231 183 255 128 246 137 55 247 127 123 246 193 67 68 228 127
40 160 20 153 75 223 176 200 150 180 228 8 196 194 98 132 217 28 234 16 6 115 90 17 31 16 7 63 82 12 47 134
81 18 207 109 72 2 97 120 116 136 226 102 83 227 160 114 120 196 106 136 137 243 135 8 84 171 231 0 105 168 96 32
117 6 207 124 178 2 71 248 114 234 242 236 115 97 145 113 29 236 100 46 233 243 205 14 248 239 101 148 237 240 114 33
14 168 148 27 153 221 48 136 191 189 4 17 236 254 79 142 145 123 235 16 54 72 154 113 15 82 93 111 146 116 143 214
78 176 148 21 201 87 52 232 182 182 192 9 204 242 66 134 145 77 235 16 4 83 219 16 29 114 77 63 130 100 15 198
117 166 207 117 156 11 101 248 118 178 194 238 83 225 144 115 57 196 104 44 169 241 237 12 124 170 229 132 237 232 82 32
6 188 150 27 153 211 18 168 190 181 66 17 236 246 79 157 145 127 225 16 54 208 155 127 43 22 69 111 146 100 143 6
49 134 239 126 26 2 71 248 82 130 102 232 115 225 185 51 17 238 100 46 233 243 175 47 106 175 101 20 249 248 82 32
191 183 124 55 236 127 255 249 121 254 125 253 255 124 218 55 191 255 246 47 253 250 253 238 254 219 111 229 79 230 207 255
78 188 148 158 169 215 180 162 190 190 130 1 236 254 70 199 129 119 235 1 38 73 219 253 15 114 95 27 130 100 13 15
