2 142 2 158 23 131 146 230 22 5 74 163 96 226 34 192 91 123 131 129 38 136 14 255 32 38 154 11 20 14 60 142
3 143 3 222 20 131 174 226 86 0 88 198 96 232 180 228 88 106 2 207 163 184 12 255 32 38 138 128 28 138 112 172
72 48 56 96 33 77 81 16 105 8 52 8 159 23 0 48 132 20 93 8 136 96 176 0 195 217 32 16 66 128 66 35
2 143 2 158 23 131 178 230 22 5 88 163 96 234 50 192 89 107 131 133 38 152 14 255 32 38 154 139 20 14 60 142
104 48 56 96 33 77 81 16 105 136 52 8 159 23 0 48 132 20 93 8 136 96 176 0 195 217 32 16 66 128 66 35
216 244 58 96 48 76 121 190 123 59 182 24 223 151 72 49 181 84 125 56 226 125 177 6 251 249 53 68 64 128 194 43
2 143 2 158 23 131 170 230 22 5 88 231 32 232 34 192 89 107 131 133 6 152 14 255 32 38 138 11 28 14 56 140
104 48 56 96 33 77 81 16 105 136 52 8 159 23 0 48 132 21 221 8 136 96 176 0 195 249 32 16 66 128 66 35
40 52 126 101 116 47 123 56 121 42 126 8 223 49 137 49 148 92 84 106 169 176 49 12 231 255 33 4 66 227 66 161
33 207 104 14 214 129 143 230 70 68 92 230 97 96 182 100 90 226 2 239 210 8 44 61 40 44 173 192 53 154 240 236
2 142 2 158 23 131 154 230 22 5 90 163 32 234 34 192 91 107 131 129 38 136 14 255 32 38 154 11 20 14 60 142
49 138 108 30 76 147 203 112 212 128 85 230 113 224 177 33 92 224 54 239 200 34 14 61 64 42 225 128 61 171 112 172
120 242 62 112 105 239 81 246 227 191 188 56 31 147 72 27 161 150 76 56 106 107 162 2 219 207 116 117 98 192 198 163
172 53 120 101 112 15 123 25 97 40 127 8 95 17 137 48 180 28 84 106 160 180 49 14 231 253 32 4 66 163 66 163
33 207 104 14 214 129 143 247 70 64 92 230 97 96 182 100 74 226 2 207 211 8 44 61 40 44 173 192 61 154 240 236
223 198 14 161 168 154 124 49 172 250 147 213 223 10 18 83 231 133 125 183 252 205 141 12 234 243 239 212 44 132 153 81
1 192 69 95 36 25 164 175 126 83 218 86 235 136 156 228 123 10 126 141 199 188 103 209 6 126 114 0 95 156 249 140
2 158 16 155 253 133 144 198 158 13 80 85 172 202 34 192 205 43 131 5 38 170 90 255 45 22 158 235 24 12 137 155
35 207 96 14 214 129 143 228 70 4 88 230 97 96 182 36 74 98 2 207 210 8 12 61 40 36 173 192 53 158 240 172
240 177 62 112 73 207 81 246 233 27 164 24 23 191 8 26 133 243 93 72 8 227 242 32 211 219 80 95 98 1 70 187
70 40 146 151 71 164 184 66 184 130 66 18 172 186 97 74 231 109 59 147 0 213 146 224 21 50 203 10 132 113 33 130
6 160 208 129 236 41 248 73 47 49 49 26 142 8 92 10 171 11 95 17 18 112 201 208 12 24 31 244 196 8 211 129
32 32 0 137 78 9 160 72 6 164 240 10 132 136 64 0 104 140 106 0 8 243 203 208 28 0 143 57 53 8 56 128
32 32 64 137 108 9 232 64 109 32 240 75 138 8 20 16 106 133 78 129 8 115 196 192 20 56 131 56 69 8 82 128
104 48 57 96 33 76 81 16 105 8 52 8 159 23 0 48 132 20 93 8 128 96 176 0 195 249 32 0 66 128 70 51
53 207 104 78 212 145 206 253 70 4 92 198 113 96 188 4 92 226 2 239 218 42 12 61 122 44 165 192 117 154 216 136
2 142 10 158 22 131 154 230 22 5 72 167 96 234 34 192 91 107 131 133 38 136 14 255 40 38 154 11 20 14 56 142
104 48 49 96 33 77 81 16 105 168 52 8 158 23 64 52 132 149 93 8 136 96 240 192 195 217 33 50 66 128 66 35
50 143 96 142 150 145 143 172 70 4 72 162 97 96 188 100 91 98 2 239 210 8 12 63 40 38 143 193 53 158 240 172
34 142 10 154 86 129 186 238 22 5 88 163 96 234 58 192 123 107 131 129 38 186 14 255 40 38 154 11 21 14 60 142
104 48 57 96 33 93 81 16 105 136 52 8 158 23 0 52 132 20 93 8 137 96 176 192 195 217 32 16 66 128 70 51
19 207 65 142 150 147 143 172 6 64 88 230 97 96 188 228 94 98 18 239 215 136 44 127 40 38 175 192 61 158 176 252
2 143 10 158 22 131 170 230 22 5 88 231 97 232 50 64 121 107 131 133 6 154 14 255 32 38 138 139 29 10 56 140
104 48 57 96 33 76 81 16 97 136 52 8 158 23 0 48 132 20 93 8 137 96 176 64 195 249 32 16 66 128 70 51
13 49 183 101 117 62 115 16 105 168 123 64 223 55 137 52 148 84 118 106 129 176 49 136 199 255 33 4 194 227 66 163
49 207 106 14 150 131 207 252 70 0 220 230 113 96 184 96 90 226 6 239 218 168 44 61 40 44 173 208 117 186 240 172
162 162 148 155 203 133 152 207 158 23 1 159 172 238 106 9 207 27 235 145 50 78 218 241 13 16 94 123 144 76 133 218
44 52 51 101 113 14 123 16 97 168 123 72 223 23 9 48 180 156 84 106 137 180 177 14 231 252 33 4 66 163 66 163
224 178 150 112 169 172 81 214 185 31 176 93 134 179 72 30 133 151 77 16 42 111 218 2 219 210 85 94 202 192 194 27
211 208 143 165 40 46 105 180 188 123 146 85 215 42 154 114 167 69 125 39 237 197 133 7 192 178 255 148 12 240 17 81
0 165 187 211 151 239 165 239 126 35 75 18 220 56 92 32 179 31 2 177 50 248 57 87 45 6 31 71 193 66 165 102
1 192 237 95 52 58 236 142 94 97 250 82 243 40 156 96 122 78 126 9 143 248 109 49 164 174 50 16 85 88 81 172
3 239 64 30 150 129 142 236 86 5 88 226 97 224 188 64 90 106 2 239 214 40 12 63 40 4 175 192 61 158 240 12
240 184 177 248 40 204 81 214 171 27 160 88 54 223 64 18 165 179 125 0 10 79 178 99 217 152 16 58 96 0 71 59
41 52 125 97 116 15 115 48 113 8 118 72 219 55 128 53 20 28 22 40 161 240 113 14 103 223 32 128 98 136 66 161
162 78 10 158 86 163 154 234 20 6 88 163 96 202 51 65 89 107 131 135 102 166 10 255 0 38 218 11 21 91 60 138
6 40 154 146 195 230 184 67 190 147 83 18 12 254 97 74 231 127 51 145 16 217 146 224 29 50 223 195 132 97 39 146
75 50 16 160 33 28 88 16 41 232 48 237 142 14 66 150 134 197 221 5 133 64 144 192 130 241 41 178 10 132 11 85
6 160 112 145 236 173 184 203 239 49 49 26 140 140 124 8 167 31 127 17 146 112 155 208 13 24 31 230 148 8 129 129
34 142 14 154 222 193 130 236 22 5 88 147 96 232 58 64 89 43 35 133 38 186 79 191 60 6 159 73 21 14 184 138
104 48 113 96 97 93 121 16 105 168 180 40 158 31 132 180 166 148 93 8 129 96 240 192 199 249 0 50 106 128 66 51
18 141 96 142 150 147 142 237 86 5 200 130 97 96 56 196 121 66 130 227 126 8 29 63 40 38 143 65 53 94 180 12
2 142 14 191 94 131 170 236 150 5 200 179 97 234 42 65 121 107 11 165 38 171 15 255 44 38 155 9 21 8 188 138
105 48 113 64 101 29 121 16 105 8 52 72 30 19 4 180 132 148 214 8 137 96 240 192 71 249 32 18 74 128 66 39
179 135 97 139 150 147 143 237 86 65 217 230 97 96 188 224 91 74 18 239 255 40 109 63 40 6 175 196 53 222 176 236
34 142 10 186 94 129 178 236 22 5 88 147 97 234 58 64 89 43 3 133 38 186 79 191 124 6 155 9 21 10 188 138
134 113 17 69 113 78 98 52 125 168 115 64 222 55 12 180 148 85 86 106 241 176 17 206 45 252 5 6 74 34 67 165
49 207 65 46 158 131 206 252 68 0 216 230 113 96 184 64 90 194 12 239 203 171 77 61 248 101 175 208 61 154 240 40
64 113 25 161 64 78 55 20 52 4 106 1 149 23 1 80 146 29 11 98 64 144 145 2 229 165 42 4 32 19 7 226
98 180 151 50 232 45 97 147 187 91 33 93 182 247 76 31 133 23 102 12 51 78 218 97 141 154 84 62 200 64 195 59
213 20 157 182 168 108 121 25 190 122 135 84 246 182 9 123 167 71 125 13 179 69 187 99 213 162 122 144 136 97 3 113
133 28 21 127 176 14 228 51 124 138 114 80 253 115 0 231 148 116 126 42 241 252 81 44 37 250 98 0 72 32 193 161
86 141 24 167 185 14 22 160 172 12 138 33 207 94 10 192 150 85 237 97 92 129 73 45 233 245 14 83 0 6 141 3
34 78 138 190 78 161 190 200 22 6 89 147 100 234 43 72 89 123 163 131 34 182 74 251 80 38 218 9 149 123 61 138
6 40 155 146 211 226 186 193 190 131 83 18 92 254 97 72 255 127 51 145 50 209 154 226 29 38 159 203 133 97 165 162
6 176 23 147 238 141 184 199 191 49 49 90 220 218 108 8 167 31 115 17 18 88 26 209 29 24 31 230 148 8 129 131
54 132 12 187 156 195 130 232 22 21 192 147 229 232 42 64 89 11 43 181 62 227 79 191 188 6 159 93 20 12 184 138
158 4 148 183 33 126 176 10 62 191 71 17 205 118 15 207 145 87 169 33 36 212 91 134 131 243 91 7 130 101 13 71
106 48 115 64 99 88 120 80 105 128 116 40 30 159 132 180 166 149 87 8 1 112 176 192 23 248 0 130 71 128 67 167
6 165 128 187 145 229 146 173 22 21 73 17 196 240 106 192 209 91 163 145 54 72 91 183 173 22 159 111 144 79 189 134
2 134 12 191 28 3 138 232 22 21 210 167 227 106 56 65 91 195 111 165 42 163 79 253 224 34 235 157 61 40 56 128
105 50 112 68 109 29 120 16 105 168 180 76 138 27 212 182 142 196 78 8 137 98 224 192 23 216 1 178 74 136 74 133
194 95 6 21 203 50 60 167 185 150 66 181 172 34 6 223 167 119 232 161 116 220 131 74 36 50 94 131 0 116 143 15
151 167 5 187 154 163 142 237 22 113 201 247 97 98 184 193 113 74 24 183 127 73 15 63 168 6 159 228 189 79 185 20
16 132 8 187 94 131 163 236 22 5 88 147 245 227 40 64 89 123 3 129 34 154 75 191 252 134 191 108 53 10 181 138
89 199 75 101 178 58 71 183 97 227 46 248 51 33 128 50 7 230 12 40 249 152 229 46 234 239 52 128 35 240 202 41
28 165 73 171 150 163 6 237 22 33 137 226 81 224 184 64 123 202 8 187 123 8 77 55 248 135 175 244 189 74 176 0
145 21 195 37 178 50 68 55 112 195 74 116 83 34 144 240 49 38 20 44 253 152 53 14 168 238 116 128 232 224 226 9
199 180 149 80 232 45 97 219 171 91 121 92 148 179 68 30 165 15 118 28 179 126 154 66 29 26 87 238 200 64 131 181
64 181 185 230 176 106 7 158 42 164 143 8 247 119 8 80 18 214 121 106 16 129 249 46 249 164 47 16 0 115 133 99
130 133 148 21 145 126 52 35 56 167 66 17 204 38 2 205 145 23 161 48 52 220 81 78 45 54 94 67 130 100 141 86
54 196 140 191 78 99 134 200 22 23 89 147 101 227 41 72 89 91 163 131 98 54 75 179 148 6 219 45 53 123 53 138
6 40 139 190 222 96 174 200 150 131 209 146 108 255 121 72 249 251 51 145 50 211 138 234 29 38 223 203 149 121 181 162
6 184 31 178 199 143 184 204 190 49 83 18 92 223 104 0 183 27 115 17 19 81 26 241 29 16 31 238 157 8 161 163
6 172 148 155 153 231 18 175 158 55 9 17 196 246 74 205 145 91 235 19 54 72 75 183 173 22 31 119 144 69 141 6
0 134 4 189 28 11 12 168 22 51 146 231 227 96 136 67 91 198 111 173 42 193 79 157 140 34 239 212 60 168 24 0
87 110 131 22 195 48 174 198 178 194 8 237 108 226 213 158 55 111 16 199 165 199 140 106 56 6 13 170 173 119 35 93
151 167 133 179 158 51 130 200 22 243 137 214 65 96 217 175 121 78 122 183 191 193 79 54 168 6 143 116 189 127 185 132
113 239 103 86 136 24 70 180 225 200 168 204 115 225 213 183 36 230 76 78 201 75 174 41 50 233 100 184 107 243 226 60
194 205 2 23 177 250 54 167 56 7 75 17 236 50 6 214 129 103 128 0 116 156 137 111 47 54 92 3 130 86 143 78
31 110 131 22 211 50 174 206 50 195 72 231 104 238 111 148 55 107 145 199 167 193 140 107 56 6 13 138 173 119 43 221
23 164 197 147 158 51 14 168 22 243 130 214 193 96 217 175 89 198 122 191 191 193 79 62 44 6 205 116 191 125 152 4
