188 237 128 26 203 97 7 236 146 150 169 15 99 224 107 146 25 194 200 114 122 99 158 59 56 6 5 125 241 123 218 130
67 34 82 129 34 8 104 80 45 32 242 206 141 2 144 80 102 133 110 140 129 81 133 192 148 48 171 128 12 128 35 1
130 221 21 31 217 207 182 166 158 114 66 21 236 100 4 133 129 99 170 67 119 220 91 127 45 50 95 66 24 84 137 158
65 2 199 141 12 2 104 80 108 192 210 198 209 130 144 98 98 196 126 140 129 209 135 192 148 42 174 128 45 160 113 0
131 173 133 19 209 239 166 175 62 115 74 17 172 54 78 165 129 79 18 17 119 216 121 127 45 22 30 71 128 68 129 222
53 162 8 169 204 3 224 200 22 176 208 194 193 193 112 64 89 8 34 157 10 114 79 151 156 134 175 124 245 8 56 128
72 48 56 96 32 77 81 16 105 136 52 8 159 23 0 48 132 20 93 8 136 96 176 0 195 249 32 16 66 128 66 35
32 32 64 137 76 9 224 64 109 36 240 11 138 8 20 0 106 141 78 129 8 243 193 192 20 56 131 57 69 8 82 130
61 6 207 30 132 50 79 248 82 226 214 198 115 96 187 235 93 238 52 174 233 243 173 46 48 47 229 148 237 249 112 112
53 162 65 169 220 11 225 216 22 176 208 194 211 193 240 64 89 8 2 157 11 114 79 151 220 134 167 124 253 136 48 160
32 32 64 137 77 9 224 64 109 36 240 11 138 8 20 0 106 141 78 129 8 243 197 192 20 48 131 57 69 8 90 130
2 143 2 158 23 131 186 230 22 5 88 163 32 234 34 192 89 107 131 133 6 152 14 255 32 38 138 11 20 14 60 142
33 207 105 14 214 129 143 246 70 64 92 230 113 96 178 36 90 226 18 207 219 8 44 61 40 12 173 192 53 218 240 236
2 141 2 158 23 131 170 230 22 0 90 135 96 234 50 192 89 107 147 133 38 152 14 255 32 38 138 131 28 14 56 156
104 48 56 96 33 77 81 16 105 136 52 8 159 23 0 48 132 21 93 8 136 96 176 0 195 217 32 16 66 128 66 35
2 140 2 158 20 131 170 230 22 1 90 2 96 234 48 64 89 106 19 129 34 136 10 255 32 38 154 136 20 10 48 136
104 48 56 96 33 77 81 16 105 136 52 8 159 23 0 48 132 20 93 8 136 96 176 0 195 217 32 16 66 128 66 35
38 162 8 137 204 3 160 200 22 180 208 139 192 200 114 64 89 8 35 149 6 114 79 145 28 2 143 125 213 8 60 130
97 34 112 65 108 25 248 80 105 40 244 72 138 8 148 182 202 197 86 8 140 114 228 192 22 24 0 48 79 140 90 133
1 134 8 187 92 131 130 200 86 1 81 211 113 192 184 64 89 10 2 165 38 50 79 191 44 6 191 108 29 10 184 136
2 14 6 159 28 131 174 96 148 22 210 227 96 234 176 197 120 102 43 167 96 225 15 253 32 34 203 129 20 40 56 4
105 48 113 64 101 29 121 16 105 8 180 72 10 27 148 182 142 196 70 8 137 96 224 192 7 248 0 146 66 128 66 37
114 205 69 30 154 192 70 237 128 128 200 234 115 228 177 17 120 226 121 227 73 11 142 61 176 36 205 24 61 250 176 56
90 50 88 224 34 72 88 16 41 136 52 168 159 31 64 16 166 149 221 0 0 64 128 192 210 249 34 131 34 128 7 19
4 112 59 88 112 205 99 222 127 8 112 64 182 223 5 24 181 25 87 16 2 148 59 123 101 158 7 0 192 17 103 187
130 14 6 158 28 130 174 96 148 6 210 195 96 234 48 197 120 102 171 231 100 201 15 255 32 34 202 129 20 44 56 132
17 134 66 187 28 131 74 200 86 1 208 210 97 195 186 64 89 138 2 172 46 178 79 191 172 166 191 108 53 138 248 136
6 142 136 186 146 163 150 173 30 19 73 147 68 226 42 64 209 75 35 183 54 8 10 127 40 6 143 71 144 67 185 2
88 48 120 224 34 77 80 16 41 8 52 40 159 31 192 16 166 149 221 0 128 96 128 192 195 217 32 131 98 128 7 19
105 48 113 64 101 29 121 16 105 8 180 72 10 25 148 182 142 212 70 8 129 96 224 192 7 216 0 146 67 136 66 37
38 162 8 137 205 3 144 200 22 180 208 139 64 200 114 0 89 136 163 149 6 114 79 145 28 2 143 127 213 12 60 134
210 221 35 87 146 14 20 183 49 203 10 117 50 60 4 82 133 119 21 32 248 152 17 106 41 62 20 130 128 80 130 27
29 143 0 190 146 131 6 173 22 7 205 146 101 226 42 196 81 74 8 174 126 9 15 63 168 231 141 84 176 115 168 0
201 207 16 7 160 10 14 167 56 10 10 80 252 34 0 210 135 103 0 10 112 152 9 107 40 39 60 0 128 82 171 8
36 162 8 169 206 3 128 200 22 180 208 131 64 200 112 64 89 9 35 149 2 114 79 145 28 2 143 109 149 8 52 130
22 141 8 190 146 195 6 173 22 71 201 147 101 102 42 64 81 66 9 162 126 9 29 63 168 38 141 85 48 114 180 82
88 50 120 96 34 72 88 16 41 8 52 40 159 31 192 80 166 149 221 0 0 64 128 192 210 241 32 131 98 128 7 19
3 14 6 159 28 131 174 96 148 18 210 199 96 234 48 197 120 102 42 167 100 193 15 253 32 34 203 0 28 108 56 4
36 190 134 30 152 6 4 168 210 186 66 100 98 224 41 79 17 102 104 32 48 241 155 45 40 34 101 6 200 120 16 2
96 32 65 129 76 9 224 64 109 32 240 75 142 8 20 16 106 141 110 129 0 114 193 192 20 48 3 40 69 8 99 130
104 48 56 96 33 93 81 16 105 136 52 8 159 23 0 50 132 85 221 8 136 96 176 0 195 249 32 16 66 128 66 35
34 32 96 129 108 9 232 64 109 36 240 11 138 8 20 0 234 133 79 1 12 115 196 192 22 56 131 59 69 8 90 130
189 14 239 94 148 50 79 248 80 226 246 206 115 97 185 43 89 230 52 174 237 243 45 46 122 239 229 144 239 249 114 48
34 32 0 137 79 73 160 72 6 164 240 11 132 136 96 64 232 141 107 129 8 243 203 208 157 0 139 59 21 8 116 130
97 32 121 69 108 9 232 64 105 32 240 202 155 8 20 18 202 197 70 9 128 114 196 192 22 24 34 48 77 136 66 128
37 162 73 169 206 11 225 216 22 176 208 202 209 193 240 0 89 136 34 152 11 242 79 145 220 130 175 60 253 136 112 160
196 141 148 23 176 162 46 174 58 147 75 81 244 226 40 65 147 67 32 114 115 216 11 127 40 38 95 68 128 115 129 8
2 142 10 158 22 131 186 230 22 4 90 167 96 234 34 192 121 107 131 133 38 152 14 255 32 38 138 131 20 14 60 142
173 181 123 67 244 142 111 53 124 137 119 80 219 83 144 48 31 46 70 24 243 184 105 78 111 191 38 192 194 130 194 161
33 207 104 14 214 129 143 247 70 64 92 226 113 96 180 32 90 226 2 239 210 40 44 61 104 44 173 192 117 154 240 172
3 141 11 158 20 195 170 230 22 65 88 163 96 234 50 192 89 107 19 133 6 152 12 255 40 38 138 131 20 14 56 204
104 48 56 96 33 93 81 16 105 136 52 8 159 23 0 48 132 20 221 8 136 96 176 0 195 249 32 16 66 128 66 35
2 141 10 158 20 131 170 230 22 0 90 2 96 234 48 64 89 106 19 129 2 184 10 255 40 38 142 192 20 10 176 136
104 48 56 96 33 77 81 16 105 136 52 8 159 23 0 48 132 21 221 8 136 96 176 0 195 217 32 16 66 128 66 35
130 12 14 159 20 131 174 104 148 2 210 2 96 234 48 65 120 107 59 227 96 249 10 255 32 34 203 128 20 40 48 128
38 160 4 137 206 75 160 200 22 180 208 143 192 200 96 0 89 136 107 145 6 114 95 145 28 0 143 61 213 8 20 130
97 32 96 69 108 25 232 64 105 32 240 10 138 8 150 18 202 197 70 1 132 114 196 192 22 24 2 49 79 136 90 132
88 48 120 224 34 72 88 16 41 136 52 40 159 31 128 80 166 149 221 0 0 64 128 128 211 249 32 131 98 128 7 19
52 130 0 187 220 131 130 200 22 49 80 211 241 192 248 192 89 10 34 157 50 114 79 183 140 6 175 108 53 8 176 128
3 6 6 157 12 131 174 104 148 2 210 199 96 234 176 199 120 100 42 167 100 241 15 221 48 34 235 128 29 120 56 4
97 32 241 64 108 29 248 80 105 168 180 72 10 9 212 182 206 196 70 8 141 98 244 192 23 216 1 50 79 136 74 133
90 50 88 225 34 8 120 16 45 128 178 169 143 31 0 82 166 213 253 128 0 64 129 192 214 241 43 131 38 128 15 19
34 32 4 137 79 75 176 72 31 164 240 11 196 200 96 64 248 153 235 129 8 243 203 208 157 16 143 59 21 12 52 130
138 20 164 21 129 54 176 35 60 187 79 48 204 50 1 239 145 87 163 32 48 212 1 78 69 50 90 135 130 100 37 7
3 14 6 159 12 135 172 104 148 2 210 199 96 234 52 193 121 102 42 175 228 225 15 253 52 34 203 0 29 120 56 132
34 32 96 137 77 9 248 64 109 36 240 11 138 8 22 0 234 141 207 129 12 243 197 192 22 56 131 59 69 12 94 134
52 130 72 185 220 131 202 200 22 53 208 147 225 192 184 64 89 138 34 157 58 114 79 151 156 134 175 108 53 136 240 128
90 50 88 224 34 72 24 80 45 140 180 169 159 31 64 80 166 149 221 128 8 65 128 192 210 241 42 131 38 128 7 19
66 6 134 157 12 130 172 104 180 6 210 199 96 226 48 199 120 100 106 175 100 209 15 205 20 34 203 0 20 120 56 4
97 48 121 64 100 29 248 16 105 104 180 72 155 25 148 180 206 148 86 8 141 98 240 192 6 216 0 50 79 136 66 165
38 160 0 137 207 3 176 200 22 180 208 139 68 200 96 64 249 137 99 145 14 115 75 209 28 0 143 63 213 8 20 130
23 134 128 186 146 167 22 172 22 59 73 49 68 242 40 64 149 75 49 178 54 73 11 55 168 6 157 198 144 67 185 2
252 221 7 22 147 4 7 165 176 138 139 248 112 116 8 19 21 243 217 99 225 73 152 47 121 39 109 152 9 114 162 59
99 32 96 65 109 25 232 64 105 32 240 139 139 8 150 146 202 197 71 1 140 114 196 192 22 88 130 49 79 140 90 132
90 50 88 224 34 9 120 16 45 132 178 169 143 31 64 16 166 149 221 128 0 96 128 192 218 249 35 131 102 128 15 19
36 160 4 153 206 203 160 200 22 180 208 143 192 192 96 0 89 136 107 145 2 114 95 145 28 0 143 125 245 8 20 130
67 14 6 159 12 130 172 96 148 130 210 199 96 226 52 195 120 100 42 175 228 193 15 237 52 34 203 0 28 120 56 4
212 133 136 26 146 243 6 172 22 87 73 149 65 230 42 68 81 74 40 114 62 73 47 63 170 166 141 85 176 67 164 86
221 207 22 54 177 16 30 167 176 146 46 24 109 99 139 151 17 102 200 106 116 73 136 47 170 227 69 17 2 246 171 12
35 32 96 65 108 9 232 64 107 160 240 139 138 8 214 18 202 193 71 1 140 114 196 192 22 24 3 49 69 136 90 132
33 32 83 133 108 13 233 64 106 32 240 74 159 136 20 18 234 205 78 9 1 114 196 192 20 24 35 48 77 136 67 160
33 32 69 137 78 11 224 88 86 176 208 202 211 193 192 32 89 140 106 152 11 242 79 144 156 128 167 36 125 136 80 160
14 188 132 159 155 211 54 202 159 183 68 165 204 238 111 143 145 111 235 49 38 89 155 251 42 87 79 111 146 116 13 214
45 245 113 115 244 159 110 49 125 137 119 80 223 83 152 180 23 46 70 58 243 188 105 110 111 255 52 192 194 130 194 161
2 140 11 158 20 131 171 238 22 0 90 2 113 234 56 64 89 106 19 129 34 168 26 255 104 38 190 200 20 10 176 136
105 48 48 96 97 29 81 16 105 136 52 8 30 31 0 52 132 20 93 8 137 96 176 192 199 217 32 18 66 128 66 35
18 12 46 159 28 131 172 104 148 18 210 2 113 234 48 65 120 99 59 163 96 233 75 253 244 35 235 129 21 40 48 128
90 50 80 224 98 72 121 16 41 136 180 169 159 31 0 80 166 149 221 0 8 64 128 192 214 249 34 131 38 128 7 19
52 162 4 185 220 131 226 200 22 176 208 195 193 193 120 192 89 8 42 157 26 114 79 151 156 134 143 124 181 8 56 128
83 2 134 156 12 2 172 104 148 2 210 199 193 234 176 194 120 228 110 175 173 227 7 204 144 34 235 128 29 104 56 4
82 34 90 224 98 8 121 80 61 160 242 171 159 15 68 18 182 221 255 128 0 83 129 192 214 248 47 163 100 128 39 1
99 32 120 64 101 29 248 80 105 32 176 72 154 24 148 48 238 133 86 8 132 99 240 192 23 216 0 50 79 136 74 133
83 2 142 157 12 130 172 104 150 2 210 198 225 234 48 66 120 229 123 175 36 209 31 221 144 34 203 128 29 104 57 4
52 162 68 169 220 3 234 200 22 176 208 130 195 193 240 64 89 136 34 157 10 114 79 151 156 134 143 125 181 136 112 128
90 50 122 224 98 8 120 80 45 132 242 171 143 31 4 16 166 149 223 128 0 80 128 192 214 249 43 130 38 128 39 19
97 32 120 65 100 29 232 80 105 32 240 72 154 8 148 48 234 133 86 12 132 114 228 192 22 24 0 48 77 136 90 133
83 0 134 156 12 2 172 104 180 2 210 199 193 226 48 194 120 229 106 173 44 195 151 200 144 34 203 0 28 120 57 4
50 32 6 137 78 11 160 72 30 180 208 139 196 200 96 64 217 137 107 145 10 243 75 144 157 128 143 61 85 8 21 130
34 34 98 193 109 9 224 64 111 36 240 11 138 136 22 18 234 197 79 1 140 114 196 208 150 24 130 59 69 8 90 134
221 157 6 62 155 134 6 173 178 27 75 88 124 119 8 147 21 83 208 99 115 73 154 63 41 39 77 14 2 114 139 41
82 50 90 224 98 8 120 80 45 128 114 235 159 15 68 16 166 157 255 128 0 83 129 192 214 249 43 130 36 128 35 1
128 29 23 199 112 78 39 184 60 40 106 64 244 119 9 81 20 92 82 106 97 176 25 111 101 186 99 0 0 51 3 185
16 140 11 190 148 195 139 252 22 1 88 66 113 227 56 64 89 106 19 137 35 170 27 191 233 166 191 72 52 10 176 168
105 48 113 64 101 29 113 16 105 232 180 8 26 25 212 180 140 148 86 8 137 98 240 192 199 217 33 178 66 128 66 167
66 2 143 191 12 2 205 56 150 18 210 66 241 235 48 67 88 230 127 171 40 195 203 253 212 163 235 152 20 168 49 32
82 48 83 224 98 8 121 80 41 160 242 234 28 159 196 20 38 157 255 128 1 114 129 192 22 248 34 162 39 128 39 177
37 160 4 169 157 15 226 200 22 176 146 2 195 65 96 64 121 136 106 188 42 227 95 159 157 134 135 116 184 8 24 128
65 2 143 189 44 129 236 56 134 18 210 199 243 234 176 66 76 228 110 141 141 227 79 217 144 50 235 152 28 104 48 0
97 32 122 193 77 13 224 64 105 160 240 10 26 136 84 18 234 205 70 129 132 243 213 192 21 152 3 32 77 8 67 128
82 34 123 225 98 8 121 80 57 0 242 235 29 143 4 16 126 157 215 132 128 210 128 192 86 248 171 128 39 128 35 129
18 0 6 161 13 11 96 72 63 164 210 131 207 131 64 64 248 141 111 1 8 209 201 152 149 242 139 19 52 8 21 2
65 0 142 191 12 7 165 40 214 146 210 67 243 226 48 66 88 230 110 143 44 195 79 249 148 34 235 24 52 120 112 0
36 160 4 137 204 3 224 200 22 176 208 130 211 193 112 64 121 136 106 156 42 243 95 157 156 2 143 52 53 136 80 128
82 34 83 224 98 8 121 80 61 164 242 235 29 143 68 16 62 221 119 128 0 243 128 192 22 184 131 160 37 128 35 161
33 32 114 193 100 13 232 64 237 32 114 74 154 136 20 16 234 141 70 13 132 243 208 192 20 24 2 32 77 136 91 128
65 2 140 191 12 1 108 40 150 18 194 71 241 226 48 66 88 230 110 133 12 195 207 249 144 50 235 24 20 104 57 0
66 130 165 189 44 9 73 184 143 56 146 98 247 235 152 66 201 214 127 137 10 99 203 209 212 242 235 184 20 168 20 32
82 32 83 193 98 0 121 80 169 136 240 234 29 159 148 116 110 157 95 132 129 243 160 192 22 248 162 130 39 128 99 177
115 34 197 188 108 1 73 88 191 128 208 207 243 227 176 82 88 238 111 141 10 67 207 209 148 178 171 152 28 168 48 0
33 32 114 225 77 9 224 64 109 32 240 10 158 136 84 16 234 141 95 9 128 243 209 192 149 152 3 32 69 8 67 130
34 34 83 201 104 3 233 64 173 128 240 234 13 139 228 16 110 141 119 140 0 243 134 192 22 184 162 168 69 128 98 161
80 0 6 133 13 139 96 8 175 164 210 3 206 227 32 66 106 229 110 0 8 209 201 220 149 178 75 17 32 8 5 0
16 32 30 185 15 11 160 72 190 132 210 3 206 194 34 64 122 77 110 133 36 241 3 204 148 162 11 1 96 8 41 130
113 2 141 173 76 1 105 72 30 0 210 74 246 227 48 66 121 236 110 141 10 67 203 209 212 178 235 24 60 40 48 0
96 130 133 237 44 9 72 152 31 48 176 72 243 227 200 118 217 220 110 8 11 99 203 209 156 178 227 60 28 168 80 32
19 32 95 193 108 3 232 64 173 136 242 234 155 138 212 48 238 157 127 136 9 227 199 192 150 248 171 128 77 128 99 165
