2 143 2 158 23 131 186 230 22 5 88 163 32 234 34 192 89 107 131 129 6 184 14 255 32 38 138 11 20 14 60 142
72 48 56 96 32 77 81 16 105 136 52 8 159 23 0 48 132 21 221 8 136 96 176 0 195 249 32 16 64 128 66 35
2 142 2 158 23 131 178 230 22 5 90 163 96 234 34 192 89 123 131 129 38 136 14 255 32 38 154 11 20 14 60 142
104 48 56 96 33 77 81 16 105 136 52 8 159 23 0 48 132 21 93 8 136 96 176 0 195 217 32 16 66 128 66 35
56 189 188 126 233 237 84 247 187 27 188 56 190 255 0 27 135 243 253 0 58 107 90 189 251 211 116 59 210 80 134 155
33 207 104 14 214 145 142 247 70 4 92 226 97 96 180 68 74 226 2 207 210 8 12 61 40 4 173 192 53 218 248 140
2 142 2 158 23 131 178 230 22 5 74 163 96 234 34 192 89 123 131 129 38 136 14 255 32 38 154 11 20 14 60 142
232 248 62 97 32 142 123 180 237 8 118 8 255 23 0 48 166 84 125 106 192 188 57 61 231 249 36 64 66 146 66 43
35 207 64 14 214 129 142 246 70 4 88 231 97 96 176 68 88 226 2 207 222 8 12 61 40 4 173 192 53 190 248 140
12 53 254 101 241 110 113 17 97 136 119 16 95 119 8 59 182 181 87 56 176 240 48 12 239 235 100 0 226 226 226 163
130 143 6 158 23 147 170 230 150 1 88 163 96 234 34 193 89 107 131 133 38 152 12 255 40 38 138 11 20 12 56 140
104 48 56 96 32 77 81 16 105 136 52 8 159 23 0 50 132 84 93 8 136 96 176 0 195 249 32 16 66 128 66 35
48 157 156 254 171 237 84 247 187 27 188 56 255 255 0 27 135 115 253 0 58 107 90 177 251 219 117 251 208 112 135 27
162 207 64 14 214 145 142 231 86 4 88 230 97 96 180 196 90 98 2 239 242 40 12 63 40 36 173 192 117 154 248 140
2 142 2 158 23 147 178 230 22 5 74 163 96 234 34 192 89 107 131 129 38 136 14 255 32 38 154 11 20 14 60 142
72 252 58 103 40 206 123 180 237 8 254 8 255 87 0 48 182 116 125 106 192 165 59 63 227 253 32 16 98 147 66 43
35 207 64 142 150 129 142 166 6 0 88 231 97 96 180 196 78 98 2 207 214 8 12 63 40 38 174 192 61 158 248 140
124 49 190 127 176 78 117 81 225 136 247 0 95 119 1 58 164 180 93 40 152 161 50 8 219 239 100 0 224 226 226 163
130 143 6 159 28 130 174 226 148 2 210 227 96 234 176 193 121 99 42 231 100 201 15 255 32 38 235 129 20 44 56 140
104 48 57 96 33 77 81 16 105 136 52 8 159 23 0 52 132 21 221 8 136 96 176 0 195 217 32 18 66 128 70 51
80 173 220 250 170 233 85 231 191 31 188 57 247 255 64 19 167 243 125 16 58 75 202 115 251 146 117 251 176 80 135 11
177 207 64 30 214 129 206 255 86 0 88 231 97 96 180 1 90 226 2 239 254 42 12 63 40 38 173 192 117 218 248 140
2 142 10 158 86 131 186 230 22 5 90 163 96 234 34 192 123 107 131 129 38 186 14 255 32 38 154 11 21 14 60 142
88 60 51 110 49 236 83 240 125 8 254 8 255 215 1 48 182 245 93 106 136 33 57 63 243 253 32 16 98 211 99 43
49 207 73 14 214 131 207 252 68 64 88 231 113 96 182 128 92 226 6 239 223 170 44 61 40 44 165 128 125 186 240 204
244 49 191 124 184 78 119 113 225 136 246 24 87 247 0 50 164 245 125 72 184 235 50 10 251 252 36 80 224 160 226 163
44 181 185 99 240 15 115 29 114 169 123 72 87 51 8 48 149 30 84 56 144 248 57 14 111 220 36 68 194 130 194 163
178 207 69 30 150 131 142 236 20 18 192 211 97 96 188 69 89 226 2 239 110 207 15 63 40 34 205 80 53 158 240 140
80 21 51 108 114 78 71 89 61 0 98 40 246 119 9 113 182 189 95 32 33 147 177 76 245 184 0 10 96 163 39 50
194 7 134 21 177 58 52 39 185 182 138 181 204 34 6 223 167 71 233 165 116 205 5 206 44 50 94 147 138 100 137 95
