90 50 88 224 34 9 120 80 41 128 178 169 143 31 0 16 166 149 223 128 0 64 128 192 150 217 43 131 102 132 15 17
130 143 14 158 28 131 174 226 156 6 210 131 228 234 50 193 249 106 139 231 38 153 10 255 32 38 203 3 20 8 56 142
177 207 72 30 212 129 206 247 84 146 88 214 97 96 184 1 89 226 0 207 254 78 12 63 40 10 237 192 53 184 240 136
88 48 120 224 35 76 81 16 41 136 52 40 159 31 0 80 166 149 221 0 0 64 176 128 195 249 32 147 98 128 7 19
67 6 134 157 12 2 172 104 180 2 210 199 64 226 176 195 120 100 42 175 228 209 7 204 52 34 203 128 28 120 56 4
82 50 88 224 34 9 120 80 45 8 178 169 159 31 0 16 166 149 223 128 0 64 128 192 214 217 43 131 100 128 7 19
160 207 12 30 220 129 134 166 214 22 64 81 224 96 48 1 217 98 34 67 118 76 74 63 44 2 221 65 16 120 216 142
34 32 68 137 77 75 176 72 30 164 240 11 128 140 114 0 248 140 239 129 12 115 91 208 29 16 143 59 85 12 124 214
67 0 134 157 12 2 172 104 148 2 194 199 64 226 48 194 120 100 42 175 37 209 23 204 20 34 203 0 28 120 56 4
32 32 112 205 77 89 232 64 109 36 240 11 138 8 22 2 106 205 198 1 140 115 212 192 21 24 130 49 69 12 94 134
5 164 159 159 184 3 47 168 62 178 66 192 252 226 136 225 23 111 120 168 33 208 139 127 44 54 239 4 136 96 1 32
181 206 198 30 148 35 70 248 82 162 240 78 115 96 185 43 89 230 32 174 233 227 14 63 48 46 229 16 253 249 112 0
82 50 88 224 34 8 56 80 45 128 178 171 143 31 64 80 166 149 221 128 0 65 128 192 214 249 43 131 36 128 47 1
57 32 68 161 78 27 224 72 86 164 244 138 131 129 210 132 120 140 98 140 12 114 111 144 222 193 135 57 55 140 120 132
198 141 190 22 145 160 22 175 187 23 11 17 108 106 46 83 147 99 129 35 118 201 8 127 42 118 93 71 128 119 135 6
124 9 59 126 29 196 67 64 225 128 239 10 122 209 33 48 104 248 72 202 8 163 178 40 243 233 0 25 99 43 102 34
65 0 199 141 12 2 168 64 100 192 194 198 209 130 176 98 98 196 106 140 129 209 135 192 20 42 174 0 44 168 113 0
65 0 142 156 76 138 96 72 230 160 210 2 211 194 48 66 104 228 110 141 8 227 199 192 148 176 139 24 16 8 49 0
83 32 74 160 68 8 234 64 61 0 242 203 31 138 100 80 122 141 63 140 8 19 197 194 212 172 171 136 37 2 35 0
0 14 14 191 28 131 172 104 150 2 210 199 228 234 40 65 249 99 42 167 100 201 11 253 224 34 235 1 16 40 49 130
181 207 76 30 140 3 206 254 86 146 192 214 115 96 153 1 89 226 48 239 232 238 79 63 96 43 245 16 61 250 240 136
181 229 73 98 154 1 70 253 194 49 169 88 83 224 216 48 25 194 68 126 251 35 142 54 120 137 37 124 253 219 210 8
88 48 113 96 98 72 121 80 41 128 52 168 159 31 0 84 166 149 223 0 0 64 128 192 215 248 36 130 98 128 7 51
65 2 142 189 12 2 172 40 182 2 210 199 209 226 176 66 120 228 106 175 173 195 199 200 148 162 235 24 60 120 56 0
177 206 142 30 140 3 135 190 214 146 192 86 115 224 185 65 89 102 32 111 232 231 79 63 96 39 245 16 57 120 208 136
133 167 136 19 208 171 167 173 90 99 9 220 209 96 216 49 17 74 0 127 243 88 76 39 44 6 45 100 200 82 131 128
82 34 90 224 98 8 121 80 61 128 242 235 29 11 68 16 62 221 127 128 0 83 129 192 214 248 171 128 37 128 35 1
81 0 134 159 12 2 172 104 166 2 194 199 241 226 48 66 104 228 106 141 13 195 223 233 148 34 203 8 60 120 48 4
245 229 73 18 154 3 71 253 82 114 169 92 115 96 216 49 25 202 68 110 251 103 173 63 56 142 101 124 121 251 210 44
82 34 90 224 98 8 120 80 61 128 242 235 13 139 68 16 190 157 95 128 0 83 128 192 214 248 43 129 101 128 35 1
81 0 142 188 12 2 164 104 132 130 194 3 209 226 48 66 104 228 106 141 12 195 215 200 144 34 207 0 52 120 48 4
53 12 206 62 140 35 70 248 82 162 232 206 115 224 185 2 89 230 108 46 233 227 79 47 184 174 229 16 253 251 112 0
9 168 150 159 24 135 41 232 190 176 194 0 252 226 32 230 19 109 122 136 33 217 139 125 12 50 79 20 0 32 9 160
34 32 12 137 77 11 176 72 30 164 240 11 194 128 98 68 216 140 235 129 12 243 75 208 221 18 143 51 21 12 61 130
17 6 142 191 12 2 229 104 150 130 210 71 245 226 32 67 120 102 42 167 104 193 75 253 212 162 235 16 28 104 48 0
181 175 204 51 146 170 71 253 82 243 41 92 83 97 216 49 57 106 0 126 243 124 12 63 104 142 101 100 233 243 194 128
82 48 83 65 98 72 121 80 41 160 112 234 12 31 4 20 166 157 95 128 0 83 128 192 22 184 6 162 103 128 39 161
97 2 140 190 44 5 200 40 134 0 208 207 243 226 48 66 72 228 110 141 14 99 207 241 148 178 235 24 28 40 48 0
177 206 141 63 140 35 7 190 86 178 72 212 115 97 152 75 17 70 104 46 233 101 79 63 224 39 117 20 60 250 208 40
98 34 90 224 98 0 105 80 61 132 242 235 29 139 4 80 126 205 119 140 0 243 128 192 86 168 163 128 37 128 99 128
97 0 132 189 12 1 96 8 214 0 194 70 241 226 48 66 88 228 106 141 14 67 207 209 148 34 203 24 24 104 48 0
181 230 205 54 146 35 71 253 82 243 165 222 83 96 248 51 57 198 68 46 249 103 45 63 248 142 101 116 237 251 210 160
81 2 143 189 76 2 239 120 150 2 210 67 245 227 32 64 120 228 46 141 8 209 75 215 212 166 235 128 60 104 48 0
18 34 87 193 98 10 184 64 169 128 240 202 141 143 196 84 110 157 95 128 1 211 128 192 22 184 14 130 101 128 35 161
97 2 132 173 108 9 64 8 95 48 210 79 247 96 16 66 216 204 110 13 10 98 207 209 212 176 163 60 28 40 80 0
81 2 143 189 92 2 105 88 54 128 210 70 81 227 160 66 120 236 42 140 32 211 143 201 212 34 227 8 36 232 112 160
