32 32 66 137 76 73 224 64 236 36 240 15 130 138 20 16 104 133 78 1 8 115 208 192 20 48 131 49 65 8 67 128
32 32 1 137 78 11 160 72 6 160 240 67 132 128 64 0 104 140 106 128 8 243 75 144 157 0 143 48 49 8 52 128
81 12 134 190 13 134 164 104 148 2 194 67 224 226 32 195 248 100 106 167 100 193 11 253 144 34 203 1 24 104 56 4
7 140 148 30 178 162 14 168 58 147 10 16 112 242 109 81 149 95 49 35 114 200 11 63 40 46 101 196 144 115 130 33
32 32 4 137 78 11 160 72 22 160 240 10 145 128 64 0 120 140 106 128 0 242 65 144 148 128 131 48 53 8 48 128
82 34 90 160 98 8 120 64 61 128 242 239 15 10 192 80 182 149 127 132 4 82 133 192 148 176 43 128 45 128 35 1
68 172 148 26 152 163 15 168 22 179 0 16 116 226 233 73 19 111 32 56 50 192 139 63 104 7 125 108 144 113 137 32
32 32 67 141 76 9 161 64 236 32 240 75 151 128 16 130 104 204 74 1 1 243 192 192 20 16 138 32 69 8 83 128
76 165 56 66 153 57 150 173 138 53 13 8 196 253 72 18 145 91 193 114 82 3 136 48 107 21 5 127 210 115 143 2
40 32 4 137 78 11 161 72 22 160 192 70 209 130 64 196 88 140 106 136 9 210 79 144 220 131 167 16 57 8 56 160
130 207 4 159 153 145 166 174 158 50 66 145 228 96 46 193 129 98 162 99 118 92 79 63 44 50 223 83 16 92 153 140
81 0 206 141 12 2 168 104 230 128 194 198 209 226 176 98 96 228 106 141 141 195 215 200 148 42 202 0 60 232 121 4
29 174 134 93 154 147 6 216 22 178 68 64 67 225 201 61 17 108 32 56 42 208 15 31 234 199 37 116 178 240 24 132
90 50 88 224 98 9 121 16 41 140 176 168 31 31 64 16 166 149 223 0 0 96 128 192 214 249 34 131 102 128 7 35
133 165 128 19 209 154 166 173 82 33 43 16 224 96 92 132 17 74 2 122 114 248 77 55 44 22 5 102 195 86 195 140
85 172 236 94 154 163 70 168 119 179 74 24 99 232 188 81 17 102 32 42 190 193 15 63 170 110 69 85 240 243 194 4
181 204 198 30 140 35 198 232 86 146 194 66 115 224 57 75 89 230 32 174 104 231 15 47 48 46 197 16 117 249 112 8
6 172 151 95 186 135 26 170 150 177 66 80 212 242 105 105 149 126 121 48 50 208 139 63 41 22 77 238 144 240 129 5
9 34 64 129 76 9 225 80 236 32 246 202 157 129 144 166 106 204 66 12 1 242 197 192 68 129 34 32 101 136 67 160
3 14 6 158 12 134 172 104 148 2 194 199 97 226 48 67 120 102 42 175 100 193 31 253 48 34 203 0 28 104 56 4
82 34 88 224 98 9 121 80 45 132 48 168 159 31 64 16 166 149 223 128 8 97 128 192 214 248 34 131 36 128 7 3
245 226 65 90 10 129 66 216 194 24 177 234 83 192 249 59 89 192 68 122 11 103 206 49 184 136 165 252 245 187 114 33
66 186 188 190 43 197 184 138 190 156 0 169 236 254 66 66 135 119 235 145 6 73 138 113 141 51 95 251 16 32 5 91
66 12 134 158 13 134 164 104 148 2 194 3 228 226 32 195 248 102 106 167 100 195 11 253 145 34 203 3 16 104 56 6
82 34 90 160 98 8 120 64 61 128 242 239 15 10 192 80 182 149 127 132 4 82 133 192 148 176 43 128 45 128 35 1
245 162 141 104 12 39 65 89 66 59 177 94 83 65 88 27 89 132 76 190 187 103 207 17 217 137 225 252 249 170 242 32
130 141 4 159 144 137 166 175 158 51 66 145 228 96 12 65 129 115 34 99 118 92 75 127 44 50 95 67 16 88 145 140
65 2 142 157 12 2 169 120 230 192 210 198 209 226 176 66 96 228 106 141 141 195 215 200 148 42 234 24 28 232 113 4
104 48 113 96 99 77 113 80 105 136 52 40 30 31 128 20 166 149 93 8 1 96 176 192 215 249 0 18 98 128 70 35
132 165 128 19 209 170 166 175 58 33 75 16 224 96 76 0 177 78 2 176 50 216 9 119 44 6 13 69 192 66 139 134
181 76 206 62 140 35 78 248 84 130 200 130 115 232 185 99 89 230 48 238 105 231 79 47 48 46 197 16 125 249 112 0
130 140 14 190 29 134 166 234 148 18 194 131 228 234 40 65 217 99 43 231 36 137 11 253 32 34 203 1 24 40 56 138
82 34 90 224 98 9 120 64 45 0 114 201 143 11 4 80 166 149 79 128 8 83 129 192 214 152 11 129 101 128 43 1
2 165 36 147 149 251 166 175 94 49 11 16 228 112 12 229 145 91 130 17 54 216 93 127 45 22 31 71 144 78 149 46
81 0 134 157 12 2 164 104 246 2 194 2 192 226 48 194 248 228 106 173 1 211 151 204 145 34 202 0 0 96 113 4
82 34 90 160 98 8 120 80 61 128 242 239 15 10 192 80 182 133 127 132 4 82 133 192 148 160 43 128 45 128 35 1
160 204 132 31 140 162 134 174 214 146 64 17 224 224 41 75 145 102 32 67 100 236 75 63 32 34 213 19 16 120 145 138
81 0 198 141 12 2 168 40 118 192 194 198 209 226 176 102 112 196 106 140 133 209 215 200 148 42 202 0 45 232 113 4
82 50 88 224 98 9 121 16 41 132 176 168 31 31 64 16 166 149 223 0 0 97 128 192 214 248 2 131 102 128 7 35
181 76 198 94 140 35 198 232 212 130 192 194 99 224 57 67 89 230 32 174 104 231 15 47 48 46 197 16 117 249 112 128
2 12 6 158 29 134 164 104 158 18 194 3 228 226 44 195 200 103 106 39 100 201 11 189 176 34 203 11 16 40 56 6
120 168 191 114 141 253 65 199 227 81 172 24 26 241 96 190 233 162 104 152 27 107 178 49 219 205 21 123 195 72 230 34
130 173 4 147 145 207 166 175 30 55 11 17 228 112 12 1 129 75 130 17 54 88 91 127 45 22 31 103 144 76 149 142
6 173 144 3 209 239 182 167 58 167 107 17 196 96 78 0 145 78 130 17 54 248 89 102 45 22 21 71 192 87 143 134
129 141 70 158 20 151 174 226 212 2 74 198 96 224 180 229 121 106 2 239 167 184 30 255 32 46 130 0 29 12 120 140
130 141 4 158 147 213 134 167 150 87 72 147 44 44 54 197 201 99 131 193 118 72 20 255 41 54 222 67 17 92 189 78
129 141 71 158 20 135 174 226 212 0 90 70 96 224 180 229 121 106 2 239 231 184 30 255 32 46 130 0 29 44 112 140
72 48 120 96 32 76 81 16 105 8 52 40 159 23 128 48 134 21 221 8 136 96 176 0 195 249 32 144 98 128 67 35
131 141 71 158 20 135 175 226 212 0 90 70 112 232 52 101 89 106 2 207 167 184 30 255 32 46 130 0 29 8 112 140
72 48 120 96 32 77 81 16 41 136 52 40 159 23 0 48 134 21 221 0 8 96 176 0 195 249 32 147 98 128 71 35
131 141 6 158 20 135 170 226 214 1 88 2 96 232 52 100 73 106 2 207 38 184 30 255 32 38 138 0 28 8 48 140
104 48 113 96 33 93 81 16 105 136 52 104 158 31 128 52 134 20 93 8 136 96 176 192 195 249 32 18 66 128 66 35
128 143 30 158 22 131 178 230 150 4 90 163 97 232 40 65 89 123 11 129 34 137 10 255 96 38 138 1 20 10 52 138
122 176 16 232 43 65 80 216 15 56 180 40 191 95 72 16 207 145 221 128 10 67 218 145 219 209 35 191 50 0 6 19
104 48 113 96 33 93 81 16 105 136 52 104 158 31 128 52 134 20 221 8 137 96 176 192 195 249 32 146 66 128 66 35
130 140 14 158 22 195 162 230 150 0 90 163 97 226 42 65 89 107 3 129 38 152 14 255 32 38 154 3 20 10 60 142
55 32 100 73 189 31 202 24 95 224 246 74 66 8 150 240 89 140 126 172 173 242 125 222 46 30 133 116 127 140 88 68
41 32 113 97 101 29 233 80 121 72 116 72 159 19 144 182 126 76 70 8 129 240 241 128 71 217 34 0 70 136 67 161
54 160 4 137 205 15 176 200 22 176 208 11 192 200 114 0 89 140 123 145 14 242 75 145 156 192 143 55 221 12 24 130
96 32 114 69 109 29 248 64 105 32 240 10 142 8 20 178 234 197 87 1 132 114 212 192 23 24 2 32 69 12 75 132
104 48 113 96 33 93 81 16 105 136 52 40 158 31 128 52 134 20 93 8 136 96 176 192 195 217 32 18 66 128 66 35
54 162 12 153 205 3 160 200 22 180 208 139 192 200 114 0 89 136 235 149 14 242 79 145 156 2 143 125 213 12 60 134
128 143 14 190 28 130 174 234 148 6 210 163 113 234 32 65 121 98 43 226 96 201 11 255 96 163 235 0 20 40 48 138
97 32 112 65 109 29 248 64 105 32 240 72 138 8 20 176 234 133 86 8 132 114 244 192 22 216 2 32 79 140 75 132
50 160 4 137 76 11 160 200 22 176 208 139 193 200 112 0 89 136 107 145 14 242 79 144 156 0 143 53 85 8 16 130
97 32 122 65 109 29 248 64 105 32 240 74 142 8 20 48 234 133 87 1 132 115 212 192 23 56 2 32 77 136 75 133
104 48 113 96 99 93 113 16 105 136 52 104 30 31 128 20 166 149 223 8 129 96 176 192 215 217 32 146 98 128 70 51
54 160 12 137 204 75 160 200 22 180 208 143 192 204 114 0 89 136 107 149 14 242 95 145 157 2 143 61 213 8 52 210
2 140 14 158 30 195 154 236 22 5 88 163 96 234 42 65 89 43 3 129 38 138 14 255 40 38 154 9 20 10 60 138
97 32 122 65 109 29 232 64 105 32 240 10 138 8 22 178 234 205 70 4 132 114 196 192 22 152 2 33 77 136 75 132
48 134 68 187 92 131 194 200 22 49 208 211 115 193 184 192 89 138 34 173 43 242 79 191 188 134 175 108 61 136 240 128
105 48 113 64 101 29 120 16 105 8 52 104 154 27 148 182 174 196 70 8 129 96 240 192 23 248 0 18 74 136 66 165
52 162 12 169 206 3 160 200 22 180 208 130 195 192 96 0 89 136 34 156 10 242 79 153 156 130 135 124 245 136 16 128
97 32 122 193 108 9 232 64 105 32 240 74 154 136 20 50 234 197 70 12 132 114 196 192 22 24 2 32 77 136 75 132
21 140 140 186 154 163 6 172 22 55 73 17 100 226 42 64 17 78 32 178 62 75 11 63 168 6 77 127 144 99 169 4
120 48 113 96 99 93 81 16 105 136 52 40 159 31 128 20 166 149 221 8 128 96 160 192 198 249 32 130 98 128 71 51
50 32 76 169 76 11 160 72 30 164 240 139 135 0 80 0 120 140 110 133 8 242 65 144 148 208 139 48 53 8 113 130
130 142 14 158 28 130 174 234 148 6 210 163 97 234 176 65 121 99 43 231 100 137 15 255 32 34 235 129 20 40 60 136
52 160 12 169 206 11 160 200 22 180 208 139 193 193 96 64 89 140 106 144 10 242 79 145 156 0 143 53 245 8 52 130
149 140 140 58 154 167 6 173 150 19 201 80 80 242 40 65 81 218 56 162 122 73 27 63 169 166 141 84 184 99 160 0
90 48 115 64 98 72 120 80 41 128 118 234 31 31 132 22 38 221 247 0 129 83 160 192 215 248 4 130 103 128 7 179
8 32 3 161 70 9 225 64 108 0 242 66 157 130 16 130 42 204 74 141 1 243 151 192 20 32 170 8 65 8 99 160
114 34 90 160 66 8 104 64 61 128 114 207 29 131 96 80 126 205 110 140 8 210 199 194 148 164 139 8 109 128 99 128
33 32 122 225 78 9 224 64 109 160 240 10 159 136 84 2 106 205 70 141 132 243 197 192 20 24 3 40 69 8 75 128
33 32 6 137 78 27 32 72 70 160 198 2 210 130 224 100 104 140 106 136 8 209 107 208 156 34 131 48 49 8 56 132
32 34 7 129 76 75 160 64 188 4 242 7 132 130 32 64 120 140 106 129 1 241 131 192 148 32 138 1 65 8 103 128
97 0 142 156 12 130 64 72 246 0 194 2 243 226 48 66 88 228 110 141 13 67 223 209 148 50 203 24 28 40 112 0
32 160 4 137 76 11 160 200 22 176 208 10 195 193 112 0 121 140 106 157 10 242 95 144 156 2 135 52 125 8 80 128
52 174 142 95 152 3 66 232 87 176 194 64 99 224 201 16 17 108 106 56 46 208 207 63 170 142 197 84 176 240 16 4
82 34 82 224 98 9 121 64 45 164 114 234 12 11 196 18 38 221 111 128 0 115 129 192 214 184 43 163 101 128 39 161
2 32 22 181 71 143 168 64 188 0 242 3 204 202 54 64 186 237 106 133 4 241 131 192 149 176 138 3 64 8 107 134
16 32 5 161 12 11 32 72 22 160 194 194 211 130 64 64 120 140 106 136 9 209 207 144 148 162 163 16 48 8 49 128
9 34 66 133 70 25 224 80 124 32 246 66 155 131 144 164 56 76 74 140 0 242 199 192 20 233 162 0 99 136 107 160
24 0 6 161 13 11 96 64 63 164 210 3 207 130 0 64 250 13 111 1 8 241 193 152 133 243 139 17 32 8 5 2
97 32 121 65 100 25 248 80 105 32 244 8 155 27 148 48 238 133 70 8 133 114 244 192 23 248 0 50 79 136 74 133
104 48 56 96 32 77 81 16 105 136 52 8 159 23 0 48 132 20 93 8 136 96 176 0 195 249 32 17 64 128 70 35
81 0 4 191 12 135 132 40 214 18 194 3 225 224 48 67 216 230 106 175 44 227 95 189 148 34 203 24 28 40 56 4
82 34 82 224 66 8 121 64 61 132 112 138 29 143 68 16 62 157 87 128 0 115 128 192 215 184 2 131 37 128 39 161
16 142 14 191 12 130 141 232 150 22 210 131 241 235 56 65 121 98 107 163 106 195 75 253 240 162 251 25 52 40 52 8
18 184 190 191 26 199 184 168 190 180 194 1 229 254 34 66 149 127 249 1 36 201 155 61 201 227 127 19 0 32 13 90
80 0 142 191 12 3 132 104 134 18 194 3 228 226 40 194 201 102 106 35 12 195 75 189 144 34 203 27 16 104 57 2
112 34 66 160 66 8 106 80 61 128 114 207 9 131 228 80 126 205 38 140 8 211 134 194 20 44 175 136 109 128 98 128
104 48 113 64 99 29 121 80 105 168 52 40 14 31 196 180 166 148 222 8 129 96 240 192 87 217 1 50 106 128 74 39
97 0 132 156 44 6 72 72 230 0 194 196 211 226 176 66 200 228 126 141 141 67 215 208 148 50 203 56 28 168 112 4
82 48 115 224 98 72 121 80 41 0 242 170 31 159 0 82 38 213 255 128 0 83 128 192 151 248 2 130 38 128 39 33
52 134 4 185 220 131 66 232 22 49 208 210 243 224 56 193 89 138 42 188 58 114 79 151 172 134 175 124 61 136 184 128
117 204 132 31 140 34 198 170 86 179 194 2 99 97 25 75 89 230 104 175 104 226 207 63 97 46 213 24 53 251 112 8
0 140 6 191 13 130 4 232 150 18 194 3 228 226 40 65 217 98 106 39 110 203 75 189 184 162 219 25 16 40 56 10
82 32 74 160 66 0 104 64 61 128 242 139 29 131 36 80 122 205 39 140 0 83 144 194 84 172 139 8 33 128 98 128
1 40 22 145 103 143 168 64 252 32 114 2 140 202 48 192 242 109 106 1 4 241 0 192 148 177 138 1 72 8 41 128
81 0 134 188 13 130 128 72 230 0 194 2 198 226 48 66 232 228 110 129 12 67 195 192 149 34 202 25 16 40 48 2
134 173 4 147 145 235 182 175 30 51 11 17 228 114 8 193 129 83 138 19 118 216 89 63 173 22 31 103 144 68 149 14
67 34 82 160 66 9 104 64 61 128 114 207 13 131 16 80 126 141 71 140 0 210 133 192 84 128 43 128 45 128 35 128
113 32 134 156 12 128 104 72 246 0 194 67 209 226 48 82 88 228 106 141 13 195 215 192 148 42 202 24 28 32 113 0
116 204 134 30 140 34 134 170 86 130 202 1 226 225 41 75 17 102 104 35 104 197 75 59 161 38 213 24 80 123 80 10
82 34 82 224 98 8 121 80 45 132 112 139 12 31 68 16 166 149 95 128 0 83 128 192 215 184 2 131 37 128 39 161
16 34 20 161 45 11 96 64 191 164 210 3 207 130 64 196 122 12 110 128 8 241 209 208 132 240 139 17 52 8 25 0
52 204 132 31 140 34 198 170 86 146 202 2 99 224 25 75 89 230 104 43 108 226 207 63 32 38 213 24 113 122 112 8
80 0 142 191 13 6 132 40 134 18 194 3 228 226 32 66 200 230 106 167 12 195 91 189 149 34 203 25 16 40 57 2
48 32 122 225 111 73 224 64 105 36 240 11 143 136 22 0 234 141 87 5 132 242 213 192 150 88 2 33 69 8 83 134
132 205 4 159 137 205 134 173 158 54 67 17 228 96 8 195 145 114 232 99 114 204 91 63 173 50 95 19 16 120 149 10
34 134 12 187 94 131 130 232 22 21 216 147 225 232 56 65 89 11 11 161 38 163 79 191 44 6 159 125 21 8 180 138
3 12 6 159 29 150 174 96 212 2 194 2 112 226 52 229 120 102 42 175 101 233 31 253 37 42 202 0 25 40 120 132
20 144 4 169 157 15 160 200 150 176 210 195 210 3 32 64 121 156 107 177 42 193 91 157 189 2 143 52 24 8 16 146
98 48 113 65 98 89 120 80 105 128 116 104 30 31 132 180 166 157 215 8 129 112 176 192 23 216 0 130 111 128 67 179
33 32 122 193 102 13 248 64 237 32 112 74 140 200 52 0 234 13 86 133 132 241 144 192 21 184 10 32 77 8 75 129
48 34 12 169 12 11 160 72 30 176 210 3 195 8 80 0 121 140 127 133 8 241 73 216 156 146 143 52 84 8 17 128
3 12 7 159 28 134 174 96 212 2 194 66 112 226 52 101 120 98 58 175 101 249 31 253 36 42 203 0 29 40 112 164
88 48 120 96 32 73 81 16 41 172 52 40 159 31 128 48 166 21 221 0 136 96 128 0 195 217 37 179 98 128 7 35
129 13 7 158 28 134 175 96 212 2 194 2 112 226 52 101 121 102 42 239 97 249 30 255 33 46 203 0 17 104 112 164
88 48 120 224 34 72 89 16 41 140 52 41 159 31 128 80 166 149 221 0 0 64 128 128 211 249 32 131 98 128 7 19
131 12 15 159 28 135 175 98 212 2 210 2 112 234 52 97 121 98 59 239 96 249 14 255 33 46 203 0 21 40 112 132
48 132 29 187 30 195 131 232 22 21 208 163 97 232 56 65 89 27 43 33 34 163 75 191 236 38 139 29 21 8 52 138
104 48 113 64 99 93 121 16 105 136 52 104 30 31 132 180 166 20 222 8 129 96 160 192 199 217 32 146 110 128 66 51
144 142 14 191 30 131 171 236 150 20 210 163 241 99 40 65 121 114 43 161 42 137 75 253 244 162 251 17 52 40 52 10
120 176 120 232 41 77 80 216 15 56 180 40 159 31 72 16 207 145 221 128 10 98 218 145 219 217 33 191 122 136 6 19
135 165 134 191 173 31 166 232 158 146 144 18 239 232 24 131 251 70 127 103 124 225 219 191 173 210 79 22 12 124 217 134
120 50 120 96 36 77 81 16 41 204 52 13 159 29 2 16 166 149 221 4 136 96 176 0 211 217 32 145 98 136 70 115
146 132 132 191 13 3 142 232 22 130 208 147 226 232 56 129 89 202 123 231 108 99 91 191 185 38 207 61 29 122 184 130
105 48 113 64 99 29 113 80 105 136 116 104 30 31 132 180 166 149 223 8 129 112 176 192 86 249 0 146 74 128 67 163
2 134 7 191 30 195 162 236 150 21 208 163 97 232 56 65 89 75 11 161 38 163 79 255 32 38 155 13 21 8 52 136
26 50 115 193 103 91 249 80 61 64 86 166 143 159 148 164 126 221 215 0 129 240 165 192 214 249 34 131 103 140 39 247
51 32 100 65 125 27 234 8 95 224 242 11 195 8 150 240 217 132 127 53 172 242 93 156 46 90 133 17 93 140 88 4
9 32 115 225 103 89 249 80 125 0 116 66 143 155 148 180 62 92 86 8 129 240 229 192 215 249 34 2 103 136 99 165
48 32 12 169 13 15 128 72 30 176 210 3 195 10 64 64 249 141 127 145 12 241 91 152 156 211 143 52 116 8 25 130
32 32 114 129 111 141 248 64 237 32 240 10 142 216 52 130 234 237 87 129 132 241 209 192 21 152 10 35 77 8 75 134
104 48 113 64 99 92 121 80 105 136 52 40 30 31 132 180 166 149 223 8 129 96 176 192 215 249 0 146 102 128 66 35
38 160 12 169 140 11 160 200 22 176 208 11 194 200 114 64 249 140 107 149 14 243 75 153 156 18 143 53 213 8 24 130
16 142 15 191 12 130 13 232 150 18 210 195 241 227 40 67 121 98 107 175 106 201 79 189 240 162 251 24 52 168 48 8
33 32 114 193 111 25 248 64 233 32 240 10 142 136 20 146 234 205 70 1 132 115 144 192 22 56 2 35 77 8 75 132
4 172 134 31 152 131 6 168 150 178 66 72 241 225 201 9 17 108 104 56 42 209 75 63 40 6 109 116 144 240 16 0
130 205 135 158 141 134 135 166 212 146 66 146 224 96 53 103 73 102 106 199 96 205 14 255 33 34 223 2 17 124 180 44
194 69 148 21 201 106 52 39 185 190 66 49 204 54 15 223 129 87 232 35 116 212 195 66 37 50 94 7 2 116 143 14
132 173 4 19 208 139 166 175 58 183 9 17 68 96 8 1 177 79 32 115 118 220 26 63 45 6 77 71 192 83 131 130
134 189 148 19 209 239 182 135 190 191 74 17 132 240 68 1 145 107 130 17 54 216 152 119 45 22 31 103 200 85 143 134
19 12 7 159 12 134 173 96 212 130 194 2 112 226 48 103 120 102 58 174 96 209 31 253 49 42 203 0 21 120 113 32
48 32 82 161 15 73 224 64 109 32 240 11 143 136 20 2 234 205 78 129 12 243 209 192 149 152 10 57 69 8 103 130
18 134 5 189 28 3 136 232 22 20 210 131 225 107 56 67 89 198 107 161 42 129 79 221 180 34 203 28 20 40 52 128
2 32 4 137 13 15 224 72 142 160 210 11 214 153 112 64 104 140 127 1 8 243 81 216 157 18 143 48 125 8 17 130
34 48 115 65 98 89 248 80 121 128 116 234 8 159 132 180 62 157 215 128 129 115 164 192 22 152 2 130 103 128 99 181
64 130 133 189 12 11 205 168 134 18 210 195 243 99 56 67 73 198 111 175 42 35 75 157 212 178 235 28 20 40 16 32
105 0 108 225 109 27 232 0 127 224 114 11 203 8 22 96 250 133 127 37 140 240 85 220 158 219 3 17 93 140 89 134
35 48 115 65 99 25 120 80 105 160 116 106 28 155 196 180 166 157 86 8 129 242 176 192 22 152 1 162 79 128 99 165
34 32 83 209 67 131 232 64 57 128 242 10 8 195 100 20 122 253 98 136 0 243 130 192 21 40 135 40 97 128 102 162
120 178 80 232 41 13 88 152 47 184 180 76 159 31 64 146 207 213 253 0 10 98 219 145 223 217 1 63 122 128 14 19
16 132 4 189 28 3 137 232 134 21 210 131 243 107 56 67 73 194 111 161 42 161 75 221 192 162 235 156 20 8 52 0
90 50 80 224 34 8 56 16 45 168 178 233 143 31 64 146 166 213 253 0 0 65 129 192 210 249 35 179 34 128 15 19
88 50 80 224 35 9 24 16 45 168 52 233 159 31 192 16 166 149 221 0 0 96 128 192 210 249 34 179 98 128 15 19
97 32 192 173 76 9 64 8 95 0 224 11 246 194 16 82 216 204 110 13 14 99 223 209 148 176 139 56 20 8 114 0
16 132 6 189 13 3 36 232 150 50 194 3 228 226 40 67 217 70 106 35 44 193 75 157 181 162 203 31 16 40 57 2
66 34 83 128 74 8 105 64 173 164 242 202 13 131 68 82 46 221 111 136 0 211 128 192 148 184 138 168 5 128 35 160
16 32 30 189 22 11 160 64 188 4 210 3 207 194 34 64 122 77 110 1 4 241 3 204 144 226 138 3 96 8 33 130
82 34 83 225 98 8 185 64 41 0 242 138 143 31 68 86 166 213 127 128 0 211 128 192 151 184 10 2 101 128 39 161
34 32 66 216 77 135 104 72 61 128 240 11 0 195 100 84 248 173 34 128 8 242 194 192 21 56 130 8 81 8 98 128
80 0 22 165 60 11 96 32 173 164 146 3 207 35 0 82 226 197 110 128 40 209 1 204 149 242 75 16 32 8 5 0
96 32 128 172 77 128 96 72 87 32 194 10 102 210 32 80 248 236 106 1 14 82 219 211 148 36 139 41 48 8 48 2
112 130 133 191 12 2 77 168 150 18 210 194 241 227 40 67 89 230 110 174 42 67 203 253 212 162 235 24 20 232 52 32
99 32 66 136 76 2 232 64 165 128 240 135 136 203 52 80 104 141 74 140 8 211 210 192 20 184 131 8 77 128 98 128
97 32 112 65 108 25 232 64 105 160 240 10 154 24 84 50 234 205 70 8 132 114 244 192 22 24 3 56 69 136 82 134
98 48 115 65 99 89 248 80 105 128 116 42 12 159 132 180 166 157 223 0 129 115 176 192 22 248 0 3 111 128 75 167
37 160 4 185 220 143 224 200 22 176 210 66 192 193 104 68 89 140 34 188 14 114 75 149 28 2 207 124 149 8 56 128
18 34 82 192 66 8 121 64 173 132 240 138 13 143 68 20 46 149 79 136 0 243 128 192 151 184 2 128 37 128 39 160
17 32 30 177 6 139 184 64 252 0 242 2 236 202 32 196 114 45 110 137 4 241 7 192 148 160 10 3 36 0 41 132
82 0 86 129 47 139 104 0 175 36 210 2 206 130 34 68 226 165 110 0 4 209 81 208 148 178 11 17 36 8 1 4
64 204 132 31 137 79 6 172 158 62 66 17 230 224 41 71 145 102 232 35 96 68 219 63 161 54 93 23 16 112 157 14
42 32 38 217 77 219 160 72 207 164 214 139 72 200 102 196 233 172 234 132 4 243 111 208 23 16 139 59 83 12 124 198
97 128 192 172 76 13 72 136 95 48 240 11 243 194 80 80 217 204 110 13 14 98 223 209 148 48 131 56 52 8 82 0
97 0 132 189 13 6 72 40 150 16 194 11 227 226 48 66 88 228 110 141 10 67 203 145 213 34 203 24 20 40 48 2
17 32 82 165 70 15 184 72 252 0 242 66 156 154 20 16 250 141 78 129 4 243 131 192 148 168 10 2 109 8 107 129
0 140 14 159 12 130 175 232 212 130 210 2 112 227 48 65 121 102 42 171 96 209 11 253 113 34 203 0 21 120 112 32
99 48 115 64 98 29 248 80 105 128 116 106 12 159 132 180 166 157 215 0 129 115 176 192 22 216 0 130 111 128 75 183
35 34 67 152 76 129 232 72 183 128 240 207 1 203 116 84 122 237 98 140 8 243 214 192 20 56 130 40 77 128 98 128
112 0 135 188 76 3 4 104 54 130 194 3 230 226 32 66 249 228 106 1 8 67 203 209 149 34 203 25 16 104 48 2
88 48 120 224 33 76 89 16 33 236 180 13 159 31 66 18 166 213 221 5 136 67 209 128 211 249 33 177 34 132 15 83
118 132 132 156 157 7 70 232 23 34 208 27 226 232 40 192 217 198 107 163 120 99 203 159 185 38 207 61 29 122 184 2
64 32 6 161 44 139 232 72 143 160 210 2 206 129 48 68 234 164 110 13 8 241 65 220 148 146 139 16 20 8 17 0
18 48 119 197 23 83 248 80 61 128 246 162 73 95 148 180 126 221 255 128 132 243 229 204 23 90 131 131 39 140 103 247
144 134 5 191 30 3 132 232 150 18 210 195 225 96 40 65 89 194 107 161 42 193 79 189 160 34 219 28 52 40 52 136
104 48 56 96 32 77 81 16 97 140 52 8 159 19 0 48 132 20 77 8 8 96 176 0 195 249 32 17 64 128 70 35
17 32 118 193 103 27 248 80 125 0 246 2 139 154 148 180 126 205 110 8 132 240 229 192 22 217 2 3 103 136 107 133
17 0 6 161 29 15 96 64 175 160 210 3 207 138 48 64 232 140 110 1 44 241 81 156 157 243 143 16 52 8 25 2
16 32 86 165 71 11 160 64 252 32 242 2 141 218 20 128 250 205 78 129 4 241 147 192 148 200 10 35 101 8 107 134
98 48 115 65 99 89 120 80 105 160 116 170 12 31 132 180 166 157 215 0 128 113 176 192 23 184 0 162 71 128 107 167
66 32 4 145 29 143 224 72 142 176 210 11 194 128 48 64 105 164 111 5 8 241 75 220 156 18 143 53 20 8 17 130
17 32 122 161 70 9 184 64 125 32 242 2 141 136 20 16 250 141 78 129 4 243 135 192 148 152 10 35 101 8 107 135
100 164 133 31 141 65 70 172 86 51 200 26 226 224 88 206 89 78 104 11 122 74 203 51 61 38 213 61 176 122 208 10
53 164 231 87 152 3 71 248 214 242 194 200 115 225 193 113 17 110 104 58 169 209 239 62 232 134 101 20 176 240 16 32
134 108 148 23 209 44 38 134 186 183 72 25 228 98 65 155 129 111 160 83 32 220 154 106 45 22 93 35 192 113 135 142
198 205 4 159 137 203 6 174 158 51 3 16 230 96 8 197 145 114 232 99 114 76 75 63 173 50 93 87 16 120 157 14
134 175 144 19 209 171 166 135 62 181 74 17 164 96 68 4 145 106 128 80 50 216 137 127 45 22 31 99 192 117 135 142
64 204 132 31 138 43 6 174 150 130 74 16 230 224 9 202 17 102 40 35 96 196 203 63 169 38 93 25 144 115 145 8
84 140 132 31 139 43 6 172 22 163 74 8 102 224 41 2 17 70 104 34 104 65 139 59 169 38 85 28 176 122 145 10
100 164 132 31 141 1 6 172 86 179 72 25 226 224 73 78 209 78 104 3 106 72 219 51 41 38 85 63 144 120 208 14
148 236 134 22 146 131 134 236 150 179 3 19 68 224 41 1 49 70 96 98 112 213 10 63 56 6 77 84 241 114 131 130
84 172 142 63 154 3 7 184 54 182 66 0 113 225 200 81 17 110 96 42 32 208 143 63 104 167 101 68 240 240 3 128
132 173 132 19 209 171 166 134 58 183 42 17 228 96 65 159 145 111 128 83 50 216 139 110 45 22 85 103 192 117 131 134
148 205 6 31 146 139 166 236 182 182 11 17 64 96 40 1 49 102 96 227 112 221 27 63 41 6 77 68 112 112 129 0
148 173 134 18 155 42 6 233 178 183 43 24 66 224 105 27 177 110 96 115 112 213 26 62 57 6 69 101 225 113 130 130
50 32 86 193 77 3 232 64 173 0 240 2 136 202 100 144 234 141 78 136 8 243 195 192 21 184 138 3 65 0 99 162
180 236 134 22 155 99 6 232 82 178 163 24 66 224 105 155 25 230 96 178 120 215 11 46 185 6 69 87 225 115 170 6
88 4 142 181 10 90 20 40 164 182 130 9 207 126 2 195 225 213 253 163 44 193 201 12 251 227 239 21 32 96 45 66
80 0 134 188 78 139 34 72 54 32 194 11 70 226 32 192 113 236 106 1 14 211 207 147 148 38 75 14 48 40 48 130
34 32 68 201 76 3 232 72 175 32 240 138 129 202 52 148 200 137 78 140 8 99 215 208 20 56 130 56 85 8 98 132
132 173 132 19 145 171 134 171 186 150 3 17 228 96 75 15 145 102 224 115 114 204 27 62 41 18 93 71 192 113 139 142
97 0 64 141 109 9 64 8 95 48 240 11 134 0 84 82 216 204 110 12 10 114 203 209 20 56 129 60 52 8 82 134
82 34 82 193 3 8 232 64 173 0 178 138 143 130 68 84 110 149 111 136 8 195 193 192 149 248 10 128 33 0 35 160
100 164 128 31 217 11 6 172 86 179 64 24 192 224 72 66 209 78 106 50 50 82 203 51 61 38 85 127 144 120 156 134
64 0 134 189 13 11 36 104 150 50 194 3 228 226 32 66 248 228 106 32 0 211 203 157 149 34 203 29 16 40 56 2
34 32 70 201 77 3 232 72 63 128 240 2 0 194 100 84 248 141 66 128 8 242 66 216 21 56 130 43 81 8 98 162
132 45 135 22 153 226 6 170 178 178 66 17 100 240 65 155 145 102 96 114 49 198 154 46 41 2 77 7 200 113 130 134
96 32 146 173 78 9 96 72 87 32 226 11 68 130 32 80 120 204 34 1 6 242 221 211 20 36 131 41 53 8 50 130
198 204 133 159 137 203 6 174 158 54 66 24 228 224 40 79 145 118 168 99 116 92 203 63 173 54 93 15 16 112 149 14
32 32 68 137 77 129 232 72 166 128 242 3 192 194 20 20 72 172 106 140 8 227 211 208 148 48 131 25 81 8 122 132
132 173 4 19 153 139 134 174 190 150 67 21 228 96 11 5 145 98 224 114 114 204 27 63 40 22 93 67 216 96 141 14
97 32 212 141 77 9 96 8 127 48 224 10 198 144 0 82 120 204 106 1 6 51 223 209 148 32 3 61 48 8 82 130
20 222 142 22 154 131 6 232 86 162 202 68 82 224 40 0 25 230 96 162 104 211 31 63 57 6 197 84 225 114 168 0
100 164 132 31 143 79 6 172 22 179 64 25 66 240 72 74 145 78 104 35 51 80 219 51 61 38 85 62 216 120 144 22
132 172 151 22 137 231 150 169 146 179 11 24 68 244 73 43 145 118 224 51 112 213 59 62 41 22 77 71 192 115 135 98
0 12 14 223 12 130 229 104 212 18 210 66 112 243 48 67 120 100 42 170 96 241 11 237 117 34 227 0 21 120 112 32
90 50 81 225 34 8 120 80 45 160 178 237 143 31 64 150 166 213 253 128 1 65 129 192 146 249 11 178 46 128 7 17
82 14 134 158 12 131 173 104 214 2 210 66 240 235 48 67 104 228 123 171 40 227 11 253 213 34 203 152 21 104 113 32
108 176 112 104 233 13 88 216 43 184 180 73 30 27 64 18 175 213 255 24 14 99 216 209 223 217 5 254 98 128 74 3
88 48 120 224 33 76 89 16 33 204 180 45 159 31 2 18 174 213 221 132 8 98 208 128 211 249 32 144 42 132 46 115
102 132 132 156 221 3 6 232 23 178 208 11 70 226 40 196 217 204 107 163 104 115 203 159 61 54 207 63 16 120 56 134
19 32 114 65 66 25 248 64 249 128 240 194 28 218 148 48 62 157 86 128 129 243 150 192 22 40 3 162 109 128 107 133
58 32 102 237 61 19 248 72 61 132 242 131 201 14 20 242 126 213 255 129 136 243 71 204 151 251 139 147 7 132 102 148
64 130 4 173 12 11 200 232 142 48 210 199 231 105 16 67 73 196 110 173 42 161 79 157 148 50 203 28 20 40 17 0
123 0 118 225 111 11 248 80 125 32 242 11 203 136 22 96 250 141 127 13 140 240 69 192 214 251 3 3 103 140 89 198
17 32 118 225 110 27 248 64 109 0 242 10 203 10 148 178 234 197 110 129 140 242 229 192 150 219 2 1 101 136 107 132
80 0 86 161 15 11 104 64 63 160 242 11 207 203 48 84 242 140 110 9 12 241 65 220 149 242 11 1 52 136 57 2
18 32 90 65 98 11 184 64 233 160 240 34 28 154 68 48 174 157 70 128 4 243 133 192 22 184 3 163 69 128 99 131
16 32 82 173 15 10 184 72 124 0 242 2 141 138 20 208 122 157 78 129 12 163 195 192 149 240 138 1 101 0 107 130
66 32 6 141 77 139 224 72 142 176 210 11 198 192 96 68 105 172 111 1 8 243 203 220 156 2 143 55 20 8 17 130
96 128 5 141 12 11 64 168 31 48 208 74 247 97 24 194 89 196 110 8 10 115 75 149 156 178 195 60 16 40 16 32
0 32 86 169 78 11 224 72 237 160 242 2 206 200 116 2 106 205 110 129 12 227 199 192 148 16 139 1 101 8 107 130
82 32 6 133 76 11 224 72 191 160 242 10 206 194 32 84 122 132 110 8 0 243 131 212 148 18 139 48 20 8 121 4
35 32 82 88 66 130 248 72 121 128 240 194 8 202 180 176 126 189 82 128 133 243 150 192 22 56 130 136 77 128 107 132
17 32 23 169 14 11 168 72 108 0 242 66 204 10 16 64 106 141 110 129 12 227 199 192 148 176 138 0 101 8 99 128
112 32 6 137 77 11 224 72 31 160 210 10 198 210 96 64 120 132 110 128 8 243 203 208 157 2 143 50 16 8 49 130
18 130 5 141 12 11 200 168 158 48 210 195 198 35 48 199 121 196 111 173 42 145 75 221 148 34 203 20 20 40 21 0
112 32 80 169 45 73 232 64 109 32 240 11 143 10 20 16 234 141 78 129 8 179 209 192 149 248 130 51 69 8 103 130
66 0 86 144 79 203 104 64 173 32 242 11 78 194 36 80 226 173 110 128 0 209 131 192 149 50 10 1 4 8 101 2
18 32 22 137 14 66 184 72 237 0 210 2 204 202 32 64 106 137 110 129 6 131 7 193 148 32 138 1 37 0 41 134
38 162 4 137 205 11 160 200 22 176 208 10 192 192 96 68 121 140 106 29 6 115 75 145 28 2 143 45 85 8 88 132
96 32 82 129 79 9 96 72 111 48 242 10 142 128 100 208 107 141 110 8 0 115 221 208 149 16 3 55 117 8 67 134
80 32 22 193 73 10 104 64 45 160 242 10 202 194 64 82 106 197 110 136 8 243 195 64 149 176 143 17 1 0 35 2
80 0 134 189 77 11 32 72 190 48 194 10 68 227 32 66 120 236 106 0 0 211 203 209 149 34 203 21 16 40 49 2
50 32 6 137 79 3 160 72 46 128 240 2 192 202 36 0 104 141 106 160 32 243 83 220 21 34 138 3 81 8 99 130
68 172 135 22 217 98 6 168 186 146 66 1 228 242 73 139 145 118 224 50 48 192 203 46 41 54 93 11 192 115 6 134
32 32 131 156 79 203 160 72 182 32 240 11 68 194 32 208 121 236 98 0 34 243 138 217 21 32 131 47 17 8 50 130
70 204 133 30 217 234 7 174 154 183 66 24 228 230 41 91 145 126 224 34 96 208 155 63 41 54 77 7 144 112 149 46
132 172 12 31 153 139 150 172 190 146 66 1 228 224 11 1 145 98 232 114 118 200 91 63 41 22 93 71 208 96 13 14
132 173 150 31 145 147 38 232 150 147 72 16 100 224 107 209 145 110 160 48 38 216 138 63 40 54 5 79 144 112 139 142
68 172 150 30 137 133 6 168 22 179 74 8 96 224 74 4 17 106 98 18 122 200 219 63 41 38 93 110 144 118 160 4
66 2 134 221 44 131 173 40 214 2 210 66 240 227 176 70 88 228 111 137 40 225 75 221 148 50 203 24 20 104 49 32
102 160 80 96 237 13 120 216 43 184 180 73 10 203 196 22 143 204 79 28 8 115 202 208 30 216 5 255 195 136 74 131
104 48 88 224 45 76 88 16 41 200 182 41 159 31 128 82 134 213 221 0 8 66 192 192 211 249 32 147 38 132 70 83
118 164 132 157 221 3 166 232 30 178 210 11 68 98 4 71 249 204 106 162 32 243 219 159 189 54 207 119 17 108 58 134
88 16 60 165 36 26 88 16 45 160 146 171 223 63 16 208 230 149 253 129 140 33 193 128 214 243 107 145 38 128 13 17
122 32 100 237 61 11 232 8 47 32 242 131 207 14 20 194 238 213 255 165 40 193 193 204 133 251 138 145 5 12 123 146
65 128 12 141 76 11 96 168 159 48 210 74 198 160 48 64 121 196 110 13 9 49 91 213 148 34 203 52 28 40 25 0
50 0 114 225 71 75 232 64 125 160 242 11 203 137 52 212 122 141 127 129 140 243 199 192 151 122 3 51 103 140 122 134
32 32 116 225 77 91 248 72 111 32 242 11 203 10 20 208 234 141 110 129 140 242 197 192 151 250 130 3 103 136 106 134
82 0 70 133 79 11 96 72 63 160 242 11 78 195 100 84 248 140 110 128 8 243 195 208 159 186 195 35 49 136 122 134
80 32 20 173 13 11 232 72 47 32 242 2 207 130 0 210 232 205 110 129 12 243 219 208 148 240 139 3 113 40 43 134
18 32 95 225 34 11 248 64 45 128 242 226 159 138 132 0 174 157 95 129 8 227 197 192 212 248 42 144 69 0 99 129
98 32 6 137 79 11 160 72 158 176 242 11 70 194 96 212 249 140 106 0 0 243 203 208 156 2 143 39 17 8 57 134
98 128 69 141 76 9 104 200 31 48 112 74 198 162 80 212 123 204 110 9 11 51 203 209 20 50 131 60 20 40 81 160
64 32 86 137 77 11 224 72 175 32 242 11 206 138 80 82 104 205 110 129 12 243 199 192 148 16 139 3 69 8 99 130
96 32 2 133 76 11 160 72 190 160 242 2 204 194 100 80 120 204 106 128 4 211 199 208 148 34 139 32 17 8 115 132
65 32 22 141 77 3 232 72 239 32 240 2 206 138 32 214 104 205 110 137 8 227 203 208 149 50 138 0 81 8 43 128
80 0 134 141 77 3 32 72 246 36 194 3 196 226 32 70 248 236 106 128 0 211 203 212 149 34 195 9 16 40 49 130
68 172 134 23 217 195 38 168 190 178 66 9 228 240 73 139 145 126 232 50 50 209 203 47 45 54 93 79 192 112 39 142
16 32 6 153 79 139 160 104 182 128 242 2 196 226 32 64 120 108 106 32 4 243 11 221 149 34 203 11 113 8 41 134
102 162 80 65 236 9 248 200 43 176 176 73 10 139 68 18 139 205 78 16 4 114 202 208 30 152 7 127 193 136 67 131
112 32 209 164 76 8 108 72 171 178 162 74 207 162 65 218 99 197 110 128 8 83 203 192 156 240 71 62 164 240 34 4
86 0 132 165 136 11 76 40 47 178 130 64 195 98 0 71 105 197 110 162 104 193 219 200 156 242 207 22 40 112 0 4
50 4 132 165 31 11 162 104 62 176 242 11 198 98 4 71 249 196 110 32 40 227 91 156 188 242 207 22 25 40 59 134
90 0 112 165 45 12 88 16 45 8 146 129 223 47 16 210 230 213 253 129 140 32 193 192 210 249 234 145 38 132 1 17
90 0 118 237 45 10 120 0 47 32 146 131 207 10 16 66 234 197 127 133 8 225 193 156 132 251 170 145 4 140 89 2
58 0 116 225 45 11 232 0 45 32 242 3 207 10 20 192 234 141 255 1 8 242 209 192 151 249 131 19 37 12 123 130
50 32 118 225 77 75 232 64 127 32 242 11 202 138 20 212 250 141 110 129 12 243 193 192 151 250 130 35 101 8 106 134
114 0 86 197 77 11 104 72 45 160 242 11 203 130 4 212 234 141 110 128 8 179 195 192 151 250 131 35 33 8 99 134
80 32 6 141 13 11 104 72 63 32 242 3 206 130 0 84 248 205 110 129 12 243 203 212 149 178 131 19 48 40 32 6
82 32 6 133 13 11 160 72 190 160 242 2 206 130 64 84 120 140 110 128 12 243 219 208 156 178 143 51 48 8 57 134
82 4 4 173 61 11 224 40 47 160 178 2 207 34 0 71 235 196 110 33 40 225 203 220 156 242 79 18 40 40 17 4
