65 0 79 197 70 2 233 0 100 128 194 66 209 130 144 98 98 196 106 140 1 208 165 64 20 42 162 0 45 128 113 32
66 26 149 158 43 136 20 34 143 90 130 229 238 230 32 198 199 119 239 5 7 73 202 253 144 242 75 27 24 44 9 23
173 28 255 125 68 103 111 82 84 75 127 22 113 127 177 57 125 58 19 138 161 246 48 63 71 47 240 128 253 249 112 241
45 166 160 43 252 61 202 152 87 123 189 92 211 72 222 40 217 138 22 63 159 98 127 19 14 221 161 252 218 203 218 132
33 201 55 92 93 213 197 231 214 81 224 24 178 208 52 164 201 42 82 8 75 43 114 53 33 152 148 58 82 24 242 174
82 32 82 161 11 8 104 64 45 0 162 11 143 130 64 80 104 133 110 140 8 67 149 192 148 144 139 1 32 0 35 6
60 22 238 124 149 82 71 248 81 238 246 14 99 105 183 181 89 228 164 42 253 243 125 14 123 239 229 21 231 252 126 118
136 184 249 81 98 92 185 146 74 119 36 184 189 29 198 43 7 19 145 16 131 124 245 97 79 25 80 38 198 128 7 240
80 2 135 141 13 66 160 72 236 140 194 66 192 194 32 66 104 196 106 129 8 211 131 192 149 32 138 3 24 0 49 6
252 245 97 102 221 119 199 248 81 238 188 47 67 252 63 183 25 214 196 99 237 99 188 62 115 207 229 191 123 127 94 86
19 32 75 129 2 8 233 64 108 32 226 194 148 2 16 80 106 133 106 140 1 209 133 64 148 32 138 32 40 0 35 128
6 253 18 154 233 197 190 237 142 90 25 37 236 254 109 66 151 123 147 99 83 1 26 243 45 16 15 171 24 119 165 219
17 32 143 141 12 82 33 64 228 228 198 2 208 162 178 98 104 196 106 136 1 209 181 64 212 34 162 1 32 40 117 224
15 222 188 95 170 191 191 190 158 222 84 244 252 244 155 43 23 119 241 14 225 200 111 127 110 59 125 136 150 245 133 121
246 253 226 206 223 87 150 248 147 238 184 111 74 252 127 34 221 211 213 227 236 35 58 187 59 78 141 191 119 127 246 87
90 32 90 224 35 72 120 64 45 128 178 11 15 27 64 16 166 149 221 128 8 67 128 192 147 241 11 131 32 0 47 3
191 222 244 126 180 55 94 184 19 250 124 239 123 253 191 43 159 247 181 38 233 226 42 175 106 255 101 190 255 255 80 115
49 36 229 85 20 19 70 120 87 226 230 202 83 104 148 52 121 204 100 172 173 242 109 14 122 238 197 20 111 168 114 4
66 18 151 156 45 130 180 40 174 2 194 231 228 226 32 198 228 101 234 5 5 195 11 201 144 50 203 27 24 124 41 23
60 245 224 74 143 85 70 216 131 176 189 138 67 213 121 191 93 216 214 242 203 99 190 48 187 201 197 188 119 255 254 246
53 164 229 93 156 3 198 248 87 226 242 202 83 232 148 49 89 204 100 169 169 243 77 30 56 174 229 20 253 232 114 32
253 172 207 94 216 3 198 248 82 178 188 90 83 225 185 177 25 230 100 42 249 227 174 62 184 143 229 60 225 250 210 160
3 143 2 158 20 147 170 230 86 1 88 198 96 232 180 196 89 106 2 141 166 184 12 255 32 46 138 136 29 14 120 140
104 48 56 96 32 76 81 16 105 136 52 8 159 23 0 48 132 20 93 8 136 96 176 0 195 249 32 16 64 128 66 35
248 189 62 126 25 205 86 113 169 8 237 8 127 255 0 17 160 243 253 66 104 43 154 189 243 249 64 59 114 34 198 27
3 143 3 158 20 131 170 230 86 0 90 198 96 224 180 196 89 106 2 141 167 152 12 255 32 38 138 128 29 14 112 140
2 205 1 156 147 144 134 167 30 1 72 195 44 40 52 196 201 99 147 193 118 8 20 255 40 38 158 67 31 84 185 30
60 180 18 250 25 237 82 75 175 9 173 8 127 223 40 16 187 187 221 16 26 35 26 191 251 213 1 123 242 2 166 19
3 143 2 158 20 147 170 242 86 0 88 70 96 232 180 228 89 106 2 207 167 184 12 255 32 46 138 128 29 142 120 140
2 14 6 158 29 130 174 96 148 2 194 199 96 226 48 197 232 103 170 167 100 201 15 253 32 50 202 3 16 44 56 132
177 204 68 30 132 131 198 254 86 210 72 86 115 96 177 37 89 226 32 239 233 102 14 63 48 42 245 0 125 248 240 140
117 233 65 74 136 129 70 244 194 144 160 72 115 193 249 50 8 226 68 90 203 43 174 57 56 136 37 56 121 187 210 40
3 175 0 11 149 137 166 167 30 1 72 193 164 32 60 132 193 99 2 85 118 56 77 255 44 22 158 66 144 94 145 12
36 100 233 195 212 163 235 216 86 163 121 66 81 201 253 40 121 72 19 187 131 182 108 146 76 12 175 228 245 251 112 160
82 34 80 161 34 8 120 80 45 128 178 239 143 14 64 80 166 149 255 132 12 67 129 192 150 248 43 131 36 128 35 1
107 162 32 40 45 29 216 152 75 252 180 77 139 8 214 144 141 132 204 13 142 98 206 145 146 89 1 191 91 12 90 69
130 143 6 158 21 131 162 230 150 5 72 3 224 232 50 193 217 107 131 133 38 169 10 255 33 54 154 11 16 12 60 142
73 48 17 64 1 92 64 16 41 8 36 72 158 19 0 244 132 20 220 8 1 64 144 192 131 249 0 2 10 0 11 49
248 69 102 236 28 2 78 120 229 0 222 2 75 107 48 83 120 228 125 234 232 131 1 140 242 235 226 144 54 186 112 0
72 48 120 96 32 76 81 16 41 136 52 40 159 23 128 112 134 21 221 8 8 96 176 0 195 249 32 144 98 128 67 35
130 143 4 155 149 161 164 175 30 49 10 245 164 32 6 197 129 75 130 21 118 88 69 255 44 22 158 66 156 76 153 28
120 165 250 98 179 233 93 71 227 1 172 24 31 191 64 16 35 147 89 24 26 107 176 6 251 205 20 121 231 194 230 34
2 14 6 159 13 130 172 96 180 18 194 199 96 226 48 197 248 102 170 167 100 201 11 253 32 50 203 3 28 44 56 132
177 204 76 30 196 131 198 238 212 130 64 18 113 96 49 1 89 226 34 239 108 110 14 63 32 42 197 0 53 248 240 136
253 34 232 105 14 35 67 89 67 178 181 250 83 65 216 59 89 132 68 190 153 103 237 16 218 201 225 252 255 171 114 32
80 32 11 129 14 72 104 64 44 36 226 10 132 130 0 80 104 133 106 128 1 83 145 64 149 32 139 9 41 0 35 2
60 22 231 124 149 86 87 248 83 238 246 111 99 125 151 183 89 244 164 35 173 243 125 14 123 239 229 151 239 252 126 119
114 145 66 142 90 64 158 105 132 5 217 163 105 246 174 68 122 147 183 227 92 131 14 205 48 36 174 139 53 7 164 87
80 18 143 157 12 199 161 72 230 76 194 102 66 192 162 66 232 228 234 0 9 227 227 64 149 34 163 27 24 8 53 119
79 188 189 95 170 210 61 184 158 222 70 164 253 247 203 111 23 119 249 14 179 200 175 43 111 127 109 136 134 245 5 113
14 157 146 158 249 213 191 236 138 27 28 33 236 254 106 194 151 115 151 99 82 1 138 255 45 23 15 174 146 118 173 147
15 156 236 95 186 145 191 186 190 215 70 180 253 255 218 43 23 115 241 143 227 216 175 127 110 111 125 128 150 244 133 121
247 127 49 238 234 69 159 248 139 234 152 110 86 253 253 51 157 243 223 99 233 39 170 186 59 28 45 190 93 255 18 241
83 34 27 129 74 76 33 64 44 76 242 78 30 130 66 208 234 133 110 132 9 83 145 64 148 0 171 18 8 0 35 84
109 158 254 126 168 22 31 184 146 218 70 229 253 245 187 239 151 118 249 46 161 193 175 47 106 127 109 154 142 244 1 113
118 188 242 254 253 7 222 248 147 234 184 43 74 252 189 48 157 247 213 163 252 99 10 190 187 94 205 190 215 254 118 87
65 18 143 141 8 86 33 80 228 204 198 38 212 150 162 118 104 68 234 12 129 195 167 64 213 35 170 24 0 36 53 117
143 220 245 119 182 146 126 190 155 210 84 245 253 111 157 35 23 115 53 143 225 216 110 191 110 219 125 224 62 244 195 89
230 253 177 210 252 100 158 236 155 142 152 42 108 254 125 2 159 83 93 99 240 99 138 255 56 30 47 254 148 123 163 147
82 34 90 161 2 8 120 64 45 136 178 11 141 11 0 80 166 149 95 128 8 67 129 192 145 240 11 131 33 0 43 2
159 236 125 247 182 128 239 182 17 210 58 210 123 107 153 37 63 235 21 207 251 124 44 239 174 207 255 224 45 240 211 76
255 188 245 126 182 7 222 184 27 250 112 253 127 125 156 49 151 247 53 175 233 74 46 255 234 255 109 188 255 244 210 49
57 38 225 77 22 67 199 120 87 226 254 206 83 104 150 180 121 204 100 45 169 242 125 14 58 175 229 20 111 170 122 116
62 156 252 255 166 114 126 184 211 158 118 131 121 253 29 107 23 118 181 170 224 240 239 171 111 251 229 129 231 249 84 115
67 16 151 156 44 130 160 72 174 64 194 231 196 230 34 70 228 101 106 133 5 195 131 192 144 50 202 26 24 104 33 21
253 173 224 94 249 49 215 248 211 170 188 170 83 249 219 182 29 242 220 106 252 103 238 63 122 207 101 253 247 255 218 133
57 164 196 77 30 19 195 248 87 224 254 74 83 232 148 176 89 204 102 169 169 243 109 31 56 175 101 52 127 170 90 32
131 143 7 158 20 131 170 230 214 0 90 199 96 234 52 197 121 106 2 133 166 185 28 255 32 38 138 0 21 12 112 140
104 48 120 96 32 77 81 16 105 136 52 40 159 23 0 48 132 21 93 8 136 96 176 0 195 217 32 144 66 128 66 35
60 188 28 250 185 237 82 202 175 25 188 40 63 223 97 16 135 179 221 16 26 107 74 183 219 221 33 255 242 67 39 3
130 207 12 159 156 131 166 174 158 18 66 241 224 96 180 65 65 98 34 71 96 220 79 63 44 34 254 128 20 120 145 140
244 234 65 90 142 129 71 220 194 16 177 234 115 193 201 27 25 192 68 126 74 99 238 49 56 136 37 252 245 187 82 32
181 204 207 30 156 35 199 248 214 194 192 74 115 224 185 99 89 230 32 174 233 247 47 47 48 46 229 16 125 249 112 136
37 167 192 67 240 139 6 189 98 41 41 108 115 96 216 48 17 74 0 126 211 56 76 63 44 12 37 100 233 210 194 137
90 48 82 248 11 192 16 72 175 148 176 171 46 223 96 80 238 177 239 128 10 67 138 209 147 209 11 187 51 4 39 83
90 50 88 224 34 8 24 80 45 132 180 169 143 31 64 80 166 149 221 128 8 65 128 192 210 241 42 131 38 128 7 19
135 134 71 155 148 167 170 200 86 19 89 214 64 226 189 237 121 8 18 191 183 148 29 255 8 14 139 68 157 203 112 132
81 0 199 141 12 2 168 104 244 192 194 198 209 226 176 102 120 196 58 141 1 209 215 200 148 42 202 0 29 232 121 4
130 141 12 155 144 139 166 175 30 49 74 17 228 96 12 65 145 75 2 17 118 216 73 127 44 22 30 67 144 64 145 14
167 104 227 210 212 163 175 200 86 162 80 90 80 200 245 44 121 104 19 219 227 246 28 250 52 14 143 44 205 251 114 164
83 34 88 161 98 0 120 64 61 0 242 199 141 10 196 80 246 157 127 133 4 82 133 192 148 248 171 128 44 128 43 129
104 162 40 32 45 29 208 152 67 188 180 13 139 8 86 16 141 132 205 13 140 98 232 144 202 217 37 181 82 140 94 71
130 140 14 158 29 134 166 234 156 22 194 7 228 234 32 65 217 99 170 231 100 201 11 253 32 50 203 3 16 44 56 142
105 48 24 96 33 29 80 16 105 136 52 108 159 18 134 176 134 4 204 8 133 96 176 0 194 217 32 130 74 128 74 7
248 69 110 236 12 2 78 56 165 2 246 2 91 107 176 115 122 228 127 234 232 135 53 140 242 235 192 16 39 186 112 0
181 204 198 30 156 35 206 248 84 194 192 206 115 224 185 97 89 230 48 238 233 247 15 63 48 46 229 16 125 250 80 8
165 175 104 83 212 139 198 191 82 33 60 220 113 105 156 33 25 74 0 126 243 120 76 63 110 13 37 100 233 218 210 136
88 48 113 96 34 73 81 16 41 168 52 40 159 31 128 16 166 149 221 0 8 96 128 192 211 249 37 179 98 128 7 3
81 2 206 141 12 2 236 56 246 194 194 198 209 226 176 226 112 228 106 172 165 209 199 200 20 42 234 0 45 232 113 4
131 143 4 31 212 137 167 175 222 115 64 213 224 96 158 37 17 98 34 127 247 124 79 63 44 18 92 64 84 28 145 236
245 234 77 74 10 65 67 216 194 208 181 238 83 193 249 59 25 192 68 250 75 103 174 48 248 136 101 188 245 187 114 96
82 34 88 161 98 9 120 80 45 0 242 239 143 10 128 80 166 149 127 132 4 82 129 192 150 217 43 130 36 128 35 1
67 0 134 157 12 6 44 40 180 2 194 71 96 226 48 194 240 100 106 175 36 193 15 205 20 34 203 0 24 120 57 4
79 190 255 127 186 22 95 184 147 254 86 228 255 253 159 111 151 119 125 44 161 209 171 173 234 251 101 150 174 244 0 85
118 190 244 254 188 3 222 184 27 234 184 239 110 253 125 0 159 255 181 39 171 227 154 255 58 254 237 190 223 254 82 21
15 140 253 127 186 19 95 184 159 242 86 224 121 255 158 37 23 119 117 175 163 192 175 63 110 255 109 204 182 244 67 113
82 34 27 161 34 4 120 64 45 12 178 111 157 130 64 80 230 149 127 129 4 67 129 192 212 176 171 129 8 0 43 3
63 172 229 127 190 7 78 184 27 250 112 202 127 109 156 49 23 207 117 175 169 210 15 255 170 254 125 228 255 240 82 25
83 0 158 141 42 130 169 72 174 136 194 199 212 226 34 98 228 101 106 133 5 195 131 192 148 34 234 130 24 40 33 245
57 180 238 92 28 23 67 248 87 236 246 46 115 249 150 52 89 236 228 45 173 242 239 31 250 239 229 60 119 172 122 116
124 172 236 94 250 19 214 248 83 182 188 184 99 105 223 51 27 198 245 62 254 99 239 63 250 207 101 189 247 254 222 69
131 141 7 159 29 134 174 226 212 2 194 3 96 226 48 197 121 98 42 239 97 153 31 255 33 38 202 0 21 108 112 172
56 236 248 122 186 201 85 206 247 55 172 40 63 147 65 56 171 186 205 24 74 111 106 51 251 205 53 57 243 144 70 42
181 165 204 82 210 42 71 253 114 187 45 120 83 97 216 57 25 78 4 58 186 116 140 38 104 143 101 100 225 243 194 129
133 175 136 19 240 171 166 183 126 161 75 240 208 96 220 32 23 106 2 94 178 248 13 127 108 14 37 68 204 211 195 129
135 12 7 155 156 167 170 200 214 179 211 82 80 226 61 237 121 96 58 255 51 213 31 254 12 10 203 68 157 123 112 164
65 0 134 188 76 2 104 72 246 32 194 66 211 226 48 66 88 228 126 141 13 195 215 210 148 190 202 24 28 40 49 0
245 167 200 66 218 43 70 217 242 179 169 92 83 224 217 50 25 206 68 62 187 99 140 50 56 141 37 124 233 243 194 128
113 34 74 160 82 10 106 64 61 160 242 207 29 131 96 80 126 205 38 140 8 210 133 194 220 164 175 8 109 128 35 128
2 12 14 190 12 134 164 104 158 18 194 3 228 234 40 67 249 103 106 167 108 203 75 253 176 34 219 27 24 40 57 10
242 69 110 204 76 2 111 120 117 2 246 2 83 235 52 113 122 228 63 234 104 247 55 206 115 171 192 9 39 250 112 2
53 76 206 62 140 34 71 184 84 130 202 206 115 224 185 98 89 230 96 238 233 231 79 47 240 175 229 16 109 251 112 0
133 175 205 83 208 171 167 191 94 51 75 212 240 96 156 1 17 74 2 126 242 252 13 63 108 14 117 68 201 194 211 128
90 48 113 96 98 72 121 80 41 4 52 168 30 31 128 52 166 149 223 0 0 65 128 192 215 248 0 130 102 128 7 35
65 0 142 157 76 6 232 72 230 96 210 198 209 226 176 98 72 228 122 141 141 195 215 208 148 58 234 24 28 168 113 4
89 18 142 173 14 2 40 88 166 200 194 230 221 226 160 98 102 101 106 141 1 211 135 192 220 227 239 128 40 32 33 49
49 164 236 95 30 83 67 216 87 244 244 138 115 236 222 101 89 206 116 12 174 242 239 63 186 238 101 61 117 172 86 244
124 166 236 87 186 27 86 248 83 191 180 184 67 233 223 59 27 206 229 40 170 115 239 59 254 239 117 181 231 240 198 69
129 140 7 159 29 135 167 224 212 2 210 2 112 224 48 97 121 98 42 235 96 249 27 255 49 42 203 0 21 40 112 166
181 183 207 114 146 43 71 253 82 251 57 252 83 97 216 27 61 198 36 58 249 101 14 62 120 139 101 244 233 243 194 145
133 175 15 19 146 171 167 255 254 179 74 208 241 224 176 33 55 106 2 127 243 248 14 63 108 6 47 100 200 115 131 129
97 32 137 188 76 129 64 72 87 128 226 74 243 226 16 80 88 236 110 141 10 114 207 211 148 164 171 56 56 8 114 128
133 76 135 211 157 167 230 200 214 178 211 18 80 240 53 237 121 100 42 250 33 245 31 254 57 14 199 4 149 121 112 164
165 46 205 55 210 170 103 154 114 179 41 220 83 96 217 59 17 110 0 126 176 116 140 42 104 142 101 100 237 241 194 128
34 34 67 152 84 135 235 72 53 128 240 203 0 203 100 16 120 233 66 140 0 243 134 194 20 44 131 40 97 128 98 128
16 130 143 189 12 3 132 232 214 50 210 67 244 226 32 67 217 70 106 35 108 193 75 157 212 34 235 20 24 40 49 2
240 68 110 222 76 66 103 104 241 130 246 2 112 251 52 81 120 236 35 234 104 247 154 239 119 170 199 9 117 248 118 162
117 142 141 63 140 34 71 188 86 179 200 94 115 225 153 74 89 198 108 14 232 98 207 59 236 174 245 28 189 250 208 40
181 47 207 118 146 34 71 248 242 178 169 252 83 97 217 59 25 238 100 254 249 231 142 46 232 142 101 244 233 241 194 32
