4 253 152 175 112 78 119 188 54 140 78 33 247 247 9 80 20 125 5 98 72 144 217 47 229 165 47 4 32 243 7 227
18 133 0 174 147 195 142 237 22 1 201 131 97 96 56 192 89 202 9 247 94 9 29 63 169 6 143 85 181 78 184 12
88 48 120 96 34 72 81 16 41 140 52 40 159 23 128 16 166 149 221 0 0 64 160 0 195 249 32 131 98 128 7 3
2 134 12 187 30 131 146 232 22 21 192 179 97 234 40 65 89 11 43 165 38 163 79 191 44 38 155 29 20 8 188 138
104 48 113 96 101 29 80 16 105 8 52 72 30 27 132 180 134 148 70 8 137 96 240 192 71 248 0 18 74 128 66 39
132 244 27 215 224 206 39 246 60 138 115 120 212 247 8 80 51 126 35 42 97 148 184 106 101 166 55 136 0 113 167 187
22 165 128 170 150 195 134 237 22 5 9 147 97 234 58 64 89 75 130 179 126 8 15 55 168 6 143 101 181 14 189 0
0 142 10 187 30 129 130 236 22 5 72 179 101 234 40 64 89 11 43 129 34 163 79 191 104 38 155 73 52 10 180 138
129 12 7 222 29 199 175 96 212 2 194 2 112 226 52 101 233 106 58 170 97 233 26 255 33 42 203 1 17 40 112 166
105 48 113 64 97 93 120 16 105 128 52 104 142 31 132 180 166 20 94 8 129 96 176 192 71 216 0 18 74 128 66 167
88 50 120 96 34 76 80 16 41 12 52 40 159 31 128 16 166 149 221 0 128 64 128 192 211 249 32 131 98 128 7 19
198 180 151 86 232 236 36 190 59 27 123 120 244 247 12 95 167 95 118 10 51 94 154 103 29 186 87 74 200 64 131 177
52 135 1 170 148 131 142 237 86 5 201 131 97 96 56 192 89 202 0 181 126 9 13 63 168 6 143 85 181 74 180 8
194 205 133 157 153 212 132 167 158 19 128 16 172 56 4 199 193 99 232 1 119 77 83 255 169 50 222 83 16 84 153 14
18 134 12 187 26 131 146 236 150 21 192 147 97 226 40 65 89 11 43 165 38 195 79 63 168 38 155 29 52 8 188 138
105 48 113 64 99 77 120 80 105 128 48 72 14 31 4 180 166 149 94 8 129 96 144 192 151 248 0 2 106 128 66 39
196 189 151 214 234 236 39 171 58 27 107 120 246 247 200 31 179 119 119 10 49 126 138 103 61 186 119 74 192 97 135 161
122 251 50 232 41 221 82 80 171 76 180 109 175 222 230 150 142 177 221 81 78 11 226 177 147 213 33 251 90 15 15 95
134 164 0 186 147 227 134 237 22 19 73 147 196 226 104 64 209 91 131 179 54 72 31 55 41 6 159 101 144 66 189 6
176 140 167 222 141 229 197 230 215 146 228 16 114 249 53 111 201 226 122 138 42 239 58 189 83 250 214 27 211 121 116 174
122 251 50 168 57 217 82 88 171 76 188 109 47 223 226 148 206 177 221 80 206 43 226 245 242 209 43 251 30 134 15 95
188 12 174 254 205 245 199 224 215 146 229 18 98 249 61 105 233 234 51 170 56 231 58 191 115 235 215 9 243 123 116 162
16 134 14 191 30 131 162 236 150 20 192 163 225 226 40 65 89 75 10 165 46 129 79 63 224 38 187 141 52 8 48 136
198 60 147 112 240 236 101 87 185 155 107 120 150 183 68 127 167 255 119 24 49 94 144 98 157 186 84 66 200 81 135 179
130 140 6 158 29 199 162 226 148 16 194 2 96 250 48 65 201 106 59 195 32 137 26 253 49 50 218 19 16 8 52 10
88 48 120 96 34 72 80 16 41 136 52 40 159 31 128 16 166 149 221 0 128 64 128 0 211 249 36 131 98 128 7 19
6 12 174 158 205 230 164 235 214 147 203 18 96 248 61 75 233 102 106 163 48 231 26 251 9 42 223 11 145 121 244 130
38 12 166 222 205 231 164 235 214 147 203 18 96 248 61 75 233 226 123 163 48 231 26 250 27 42 215 11 209 121 244 130
123 187 241 168 57 221 24 84 175 125 180 237 174 158 230 244 134 185 223 85 151 11 226 241 154 212 42 251 222 134 15 93
74 187 177 152 105 221 25 85 171 93 180 237 174 158 230 222 134 57 255 85 151 11 226 241 154 80 58 250 154 134 15 95
188 4 102 254 221 34 78 235 213 162 231 18 75 233 61 89 121 238 51 170 120 247 24 142 243 239 215 5 115 249 240 130
188 4 102 254 213 35 78 235 85 130 231 18 75 233 61 73 121 238 19 170 120 247 25 142 243 239 215 21 115 121 240 130
130 140 6 158 29 199 174 226 150 2 194 2 96 250 48 65 233 98 59 227 98 233 26 255 33 50 219 3 16 40 52 138
88 50 120 96 34 76 80 16 41 8 52 40 159 31 192 16 166 149 221 0 128 64 128 192 211 249 32 131 98 128 7 19
33 32 109 137 76 11 161 72 94 96 82 70 208 8 150 32 120 12 122 13 133 240 101 80 4 40 171 160 93 8 81 196
184 108 250 119 98 73 119 237 123 166 116 40 255 223 201 48 51 250 93 74 74 244 170 43 246 207 37 49 98 242 198 171
57 201 123 74 124 197 203 252 197 72 244 10 51 221 180 100 72 184 30 106 203 43 116 189 115 233 160 120 127 138 112 185
2 34 7 137 74 2 168 72 46 96 210 231 192 134 48 64 110 141 127 133 1 211 195 208 148 32 171 128 29 0 49 208
120 35 248 96 106 73 80 77 171 61 188 40 159 159 200 18 166 149 229 80 26 11 194 128 219 221 32 255 226 130 7 3
2 201 38 158 29 213 134 230 134 85 128 3 160 204 55 65 201 106 235 199 110 171 58 189 185 18 158 27 16 29 180 222
56 105 250 102 226 201 119 197 227 134 108 8 55 209 73 48 59 250 66 10 74 49 170 35 247 205 5 57 103 218 198 170
130 140 7 158 29 199 163 230 150 17 192 2 96 250 48 65 201 98 59 129 34 169 26 253 177 50 218 27 16 8 52 138
131 12 6 158 29 134 174 96 212 2 194 70 96 226 52 229 121 102 42 239 101 249 31 255 32 42 203 0 25 44 120 132
114 187 180 184 41 221 16 85 171 125 180 45 174 158 70 158 134 177 255 81 158 43 226 241 155 209 90 251 218 14 15 95
130 207 7 158 13 146 142 166 148 18 192 210 224 96 53 199 73 102 106 199 100 205 14 255 32 50 223 18 21 124 177 44
122 187 180 232 41 221 24 84 171 125 180 109 174 158 198 150 134 177 253 81 159 11 226 241 154 209 58 251 90 6 15 95
248 237 127 118 151 74 119 236 241 22 102 24 127 115 8 49 51 214 104 106 106 237 169 47 247 239 21 21 103 241 198 42
188 76 166 222 77 246 204 224 213 146 231 18 96 249 53 111 233 226 122 138 104 231 58 253 19 123 215 27 211 121 116 166
88 50 120 96 34 72 80 16 41 12 52 40 159 31 128 16 166 149 221 0 0 64 128 192 211 249 32 131 98 128 7 3
90 187 240 168 43 221 88 85 171 125 180 237 175 158 198 150 134 145 253 81 159 11 226 209 154 213 58 251 26 6 15 95
188 76 38 222 77 215 205 224 215 146 229 18 98 249 53 111 233 226 59 234 104 239 58 189 51 107 199 25 115 123 116 166
129 12 71 159 28 135 174 96 212 2 194 70 113 224 176 101 120 102 42 238 225 181 31 255 32 42 195 0 61 232 120 4
188 76 38 254 93 215 207 232 215 146 231 2 114 249 61 109 120 232 51 234 104 231 58 189 115 235 199 9 115 123 116 162
131 141 5 158 157 144 134 166 156 18 192 211 232 106 52 199 201 99 234 199 117 205 70 255 44 50 222 19 24 92 185 14
188 228 127 102 207 207 71 224 242 242 173 10 82 241 105 49 121 236 72 106 105 119 184 62 121 139 69 53 99 123 118 162
131 204 6 30 141 130 134 166 212 146 66 146 224 96 53 103 73 102 106 199 100 205 14 239 32 50 223 2 29 125 177 12
88 50 120 96 34 76 80 16 41 12 52 40 159 31 128 16 166 149 221 0 128 64 128 192 211 249 32 131 98 128 7 3
129 12 71 223 28 135 175 96 212 2 194 66 113 226 180 101 120 102 58 238 97 177 31 255 32 42 195 0 61 232 112 36
105 168 175 88 141 189 65 151 210 211 164 92 178 160 112 186 201 98 120 28 155 107 242 51 201 159 212 120 218 72 210 56
36 160 8 187 222 195 131 200 22 53 208 147 197 197 40 64 89 27 163 129 50 114 91 183 189 6 143 125 17 8 181 130
99 32 115 64 99 89 248 64 105 128 112 42 12 155 132 180 166 157 86 8 1 115 144 192 23 184 0 2 111 128 67 165
198 0 148 23 41 126 176 10 190 191 67 17 204 242 79 239 129 85 234 1 36 212 219 192 5 50 91 7 130 101 13 6
6 164 128 187 145 167 18 173 22 21 9 17 196 242 106 192 209 75 171 147 50 72 91 55 173 22 159 111 144 71 137 2
1 12 7 159 12 134 229 96 212 2 194 66 112 224 52 101 120 100 42 175 97 241 31 125 49 42 195 0 25 104 112 36
124 99 122 96 18 75 83 73 97 164 231 170 75 193 40 16 58 156 192 242 72 179 173 14 243 229 1 85 103 163 102 34
90 50 80 224 34 8 88 16 41 132 176 233 143 27 64 144 166 149 205 0 8 64 128 192 210 249 34 131 34 128 15 3
163 205 5 31 205 197 135 166 220 90 64 84 224 96 180 103 193 98 106 79 225 204 127 127 36 50 223 18 28 124 145 188
16 134 4 185 30 131 128 168 22 49 192 131 227 98 40 65 89 198 107 165 42 1 79 157 236 34 203 21 52 136 48 128
99 48 114 64 103 29 120 80 105 0 116 72 14 27 132 180 166 149 70 8 133 113 144 192 22 248 2 2 75 128 75 135
198 108 134 23 193 44 54 166 56 146 98 25 100 34 67 31 129 111 160 71 96 220 154 106 37 54 84 35 192 117 139 142
16 134 4 187 30 131 130 232 22 21 192 147 225 99 40 65 89 10 43 161 42 227 79 191 236 134 139 21 52 8 180 128
99 48 80 64 101 29 120 80 105 0 116 72 14 25 148 180 174 149 86 8 133 113 208 192 23 216 0 2 75 128 75 133
204 80 156 183 8 92 176 8 174 190 135 17 220 214 75 203 128 85 233 67 100 69 219 64 197 163 123 29 0 33 13 66
16 132 12 187 30 195 130 232 22 21 192 131 229 195 40 65 89 131 43 161 42 195 75 63 236 166 139 117 53 8 53 130
99 48 114 64 101 29 248 80 105 0 116 76 10 25 148 180 174 132 70 8 133 112 208 192 23 216 2 2 79 136 75 135
84 221 25 166 176 78 87 184 36 172 139 65 247 87 9 80 148 221 13 98 72 129 89 47 249 229 47 85 32 51 5 19
11 86 109 133 114 18 191 48 44 110 95 230 221 46 158 100 54 69 23 239 225 144 37 206 100 47 174 132 46 182 129 245
178 65 66 236 13 131 200 64 13 32 226 2 3 138 52 80 120 173 75 224 72 183 1 220 145 224 138 17 113 10 114 138
6 172 132 187 153 229 178 206 30 151 1 17 196 246 106 136 145 91 163 145 54 66 218 55 45 6 159 111 144 85 173 194
16 134 4 189 30 131 10 232 22 21 192 131 225 99 40 65 89 10 43 165 42 131 75 31 236 166 203 20 48 8 52 128
0 12 14 222 13 199 165 96 214 18 194 2 224 242 36 99 200 98 106 131 32 233 26 253 177 50 202 27 16 40 116 162
99 32 115 65 99 89 248 64 105 128 112 10 14 25 4 180 166 157 86 8 1 112 144 192 23 216 0 2 111 128 75 135
90 50 80 224 34 8 24 80 45 8 52 237 159 31 0 208 166 149 221 128 12 64 128 192 210 241 42 131 46 128 7 19
133 189 147 223 226 236 167 171 58 27 121 112 212 243 204 61 55 127 50 10 51 248 139 115 13 62 119 70 200 97 131 161
6 172 128 187 153 231 130 142 22 51 9 17 196 224 72 136 145 91 163 145 50 88 219 55 173 6 159 109 144 83 157 130
194 205 149 159 137 220 148 175 222 27 128 24 174 48 4 239 193 115 232 1 118 77 211 181 169 114 94 27 16 116 157 14
16 134 4 189 30 3 0 168 150 20 194 131 225 99 40 67 89 198 106 165 42 131 79 29 228 162 203 29 48 40 52 0
99 32 83 64 99 89 248 64 105 128 112 10 14 155 36 180 166 157 86 0 1 115 144 192 23 184 2 2 111 128 99 133
7 173 215 91 226 233 175 234 59 147 96 120 244 243 132 189 51 127 114 10 51 122 138 113 60 58 87 106 192 97 131 164
115 123 115 168 59 157 26 88 171 108 176 237 174 222 198 52 134 177 221 87 207 3 226 209 146 208 11 186 94 135 7 95
6 172 132 187 153 229 178 142 158 149 1 17 196 242 72 201 145 91 235 145 54 72 91 119 45 22 159 111 144 69 141 130
104 140 181 254 141 245 84 134 207 19 160 24 162 248 100 239 201 98 248 1 46 111 242 177 139 218 84 123 210 93 212 110
90 243 113 168 58 157 91 88 171 100 189 239 175 206 198 148 166 145 221 231 207 3 234 213 178 213 11 250 62 134 15 93
7 160 211 95 98 232 168 202 59 19 105 120 244 242 205 252 51 123 114 10 3 118 138 81 20 58 83 42 192 99 35 164
150 135 5 186 152 67 6 173 22 23 137 147 99 96 40 197 89 194 136 227 122 75 15 63 184 38 205 85 49 94 180 76
2 140 22 158 29 197 149 226 158 22 194 2 230 250 32 65 201 114 235 131 42 171 26 253 129 178 218 27 16 8 52 10
90 50 80 224 34 72 88 16 45 140 52 169 159 31 64 80 166 149 221 0 0 64 128 192 210 249 34 131 38 132 7 19
114 59 58 172 56 207 90 104 175 204 177 173 238 222 39 80 222 185 95 99 200 35 202 220 145 208 11 187 80 34 39 211
102 140 158 158 141 229 149 195 142 151 137 16 230 248 97 75 201 114 105 17 58 107 218 177 153 182 223 123 144 121 244 2
102 12 190 222 141 229 148 195 222 151 137 16 230 248 101 75 201 114 235 17 58 107 218 177 153 246 223 59 208 121 244 2
123 251 113 168 59 217 27 80 175 108 180 237 174 158 230 244 166 185 223 85 199 11 230 209 154 217 42 250 94 134 15 125
75 187 113 136 122 157 153 80 171 77 180 237 174 158 230 244 166 57 223 85 199 11 230 209 154 88 42 250 30 134 7 253
60 12 174 254 205 247 84 107 215 151 229 26 98 249 45 95 233 242 235 130 56 231 26 181 91 235 215 27 243 104 252 130
188 4 166 252 205 243 196 107 213 147 231 18 74 249 61 203 249 248 227 160 56 231 26 140 219 235 215 27 243 104 124 130
66 140 14 158 13 196 148 226 150 22 194 2 224 250 32 67 201 114 235 3 106 203 26 253 177 51 219 27 16 104 52 10
80 50 88 224 34 73 89 80 45 160 52 169 159 31 64 16 166 149 93 0 8 96 128 64 210 241 35 179 100 128 7 19
1 32 47 137 68 15 161 80 126 104 82 70 209 8 144 96 122 12 122 13 129 240 101 80 68 42 171 128 77 136 81 228
204 96 141 227 44 46 75 152 50 187 131 88 215 67 89 91 89 204 125 122 41 86 249 2 205 131 231 60 160 251 16 32
33 174 235 73 244 161 171 215 94 65 120 238 48 200 244 32 93 42 18 157 147 186 100 115 108 12 187 232 221 202 243 248
216 99 120 224 114 73 90 92 43 165 180 169 15 159 202 16 182 153 205 80 74 18 192 192 210 209 32 127 102 130 7 195
3 34 15 137 66 3 169 80 62 96 82 199 213 7 128 64 126 13 123 140 1 208 69 80 4 34 171 128 28 128 33 176
58 201 44 186 29 213 20 166 142 85 128 9 166 156 34 66 201 51 249 65 78 11 114 181 233 209 158 123 16 28 148 90
56 175 122 102 82 73 119 232 227 132 237 170 43 227 224 16 58 218 194 194 74 59 142 43 243 197 5 41 103 243 230 170
165 78 142 30 204 38 134 226 212 146 66 66 112 224 177 79 89 102 34 239 104 197 142 46 32 34 221 0 69 121 112 172
82 187 48 168 43 221 24 80 171 93 176 237 174 158 198 246 134 177 253 85 143 11 226 209 154 209 10 251 26 6 15 95
88 50 80 224 34 9 88 80 45 172 48 233 143 27 64 144 166 149 205 0 12 96 128 192 210 241 35 179 102 128 11 3
120 233 255 118 135 203 85 229 243 22 167 10 83 247 40 51 41 246 104 66 122 235 186 53 251 235 85 85 99 122 230 42
90 250 112 160 43 221 24 80 171 125 188 237 174 158 198 214 134 145 253 85 135 11 226 209 154 209 10 251 30 134 15 95
122 200 166 222 13 213 215 230 199 23 164 8 162 249 39 239 201 114 249 66 74 111 122 181 147 251 214 59 82 29 116 46
1 4 15 221 12 130 230 96 212 2 194 66 112 240 176 101 120 100 42 170 97 241 31 221 37 42 195 0 61 120 112 164
56 200 38 222 13 213 211 226 199 20 164 8 34 217 53 231 201 242 123 67 74 111 122 189 211 219 214 59 82 29 116 174
227 78 135 158 141 130 135 166 220 146 194 64 224 224 181 111 201 102 106 239 97 205 206 111 36 50 223 26 24 124 112 172
165 78 143 30 204 34 199 226 208 146 66 66 112 224 177 111 89 102 106 239 108 229 14 46 32 34 221 0 65 121 112 140
233 166 237 107 172 45 73 31 83 115 181 252 179 33 208 59 73 130 68 28 187 124 229 21 206 219 240 112 222 136 210 40
90 50 80 224 34 8 24 80 45 136 52 237 143 31 0 144 166 149 221 128 12 64 128 192 210 241 42 131 46 128 11 19
1 4 7 221 12 131 231 104 212 2 194 66 112 242 176 101 120 100 42 170 97 241 31 221 36 42 195 0 49 120 112 36
90 50 88 224 34 8 88 16 45 140 52 233 143 31 64 16 166 149 221 0 0 64 128 192 210 249 34 131 34 128 15 3
117 234 205 74 10 129 71 216 194 208 181 234 115 193 249 50 30 224 108 122 203 99 174 57 248 137 37 188 125 187 82 33
1 12 7 159 12 134 228 104 212 2 194 66 112 226 48 101 120 102 42 175 97 241 31 253 48 42 203 0 29 104 112 4
65 0 143 157 12 70 229 104 244 2 194 2 80 240 48 98 120 100 42 170 33 241 23 76 21 42 195 0 17 120 112 32
60 105 51 94 87 213 211 226 225 128 236 10 50 213 37 52 232 248 194 66 72 171 58 46 51 140 0 11 99 59 102 162
83 50 80 160 34 8 56 80 45 128 162 237 143 10 0 212 166 149 207 132 4 65 144 192 150 240 11 130 44 132 11 5
112 130 4 173 12 11 72 168 6 48 130 131 195 99 16 67 73 196 111 173 40 35 79 157 204 178 203 21 20 8 16 0
20 109 130 22 211 100 6 206 178 130 104 9 100 240 105 156 49 111 160 211 36 199 152 106 57 6 13 43 225 119 43 142
113 32 90 68 71 137 240 64 249 160 112 10 12 152 84 144 186 237 66 8 4 243 148 64 20 152 3 34 73 0 107 134
134 173 132 187 153 227 6 168 150 179 137 17 196 240 72 207 209 86 234 115 62 201 75 63 173 22 205 119 144 109 156 6
80 132 4 173 26 3 64 168 150 48 194 131 227 99 40 193 89 196 106 160 42 65 79 29 172 162 203 21 48 168 60 0
86 108 130 22 195 112 22 230 178 130 8 9 108 240 105 148 177 107 128 67 100 71 138 43 49 6 93 43 192 119 47 142
16 134 4 189 30 67 0 232 150 52 130 131 227 99 40 65 89 128 106 160 42 193 79 157 188 162 203 85 48 8 20 0
212 108 146 22 195 96 22 230 178 134 40 9 108 226 105 158 177 123 160 66 96 71 138 43 49 6 93 43 225 115 39 142
56 5 58 236 85 87 82 104 197 4 237 2 75 217 49 209 120 184 131 226 72 163 16 156 243 233 128 27 115 43 124 130
65 32 90 68 71 29 240 64 233 160 112 10 12 154 100 144 170 141 66 0 5 115 148 192 22 56 3 42 73 8 107 134
6 172 132 179 153 231 18 138 150 183 0 17 196 242 67 141 145 123 235 17 54 73 91 55 173 22 159 127 144 117 157 194
80 8 30 158 13 199 132 96 206 30 194 2 230 240 32 67 200 114 106 3 42 235 26 253 145 50 194 27 16 40 117 34
48 132 4 169 28 15 194 232 22 180 194 3 195 97 48 65 89 12 106 37 42 241 75 29 237 130 143 20 16 8 16 128
51 32 90 65 70 153 248 64 233 0 240 10 12 152 52 176 170 173 66 136 4 243 148 192 22 24 2 3 101 0 107 134
116 108 146 22 195 96 134 206 178 130 40 8 100 224 97 148 49 122 128 66 96 71 136 42 49 6 85 43 225 119 46 142
83 48 81 161 34 8 120 0 41 160 162 200 143 31 64 86 166 213 127 132 1 65 145 192 148 248 11 18 76 128 3 4
6 172 132 179 153 239 18 138 150 183 8 17 196 241 73 141 145 122 233 19 50 72 91 55 173 22 159 119 144 85 157 2
194 204 148 31 169 248 148 175 219 31 128 56 166 176 68 207 129 115 232 1 114 77 203 177 173 114 94 59 144 124 133 15
112 128 4 173 29 11 64 168 6 48 130 131 195 99 32 67 73 196 106 173 40 1 91 29 221 34 203 21 16 8 20 0
20 111 130 6 147 32 6 194 162 142 169 8 98 224 105 158 49 234 192 114 32 3 136 42 57 6 5 59 225 115 35 134
134 174 4 187 153 163 6 170 150 183 0 17 196 112 73 141 145 70 233 51 50 201 75 62 173 22 205 119 144 105 153 2
115 113 113 232 58 9 91 72 41 68 169 173 175 14 7 52 254 153 93 231 205 3 116 221 146 221 10 58 54 135 7 85
96 161 188 250 141 109 85 143 70 51 173 24 182 49 74 58 217 2 120 24 90 106 219 17 203 223 84 125 208 72 222 42
96 225 185 248 141 77 85 175 66 115 172 24 182 57 74 50 201 18 121 17 90 106 243 17 235 223 84 125 208 88 222 106
124 61 226 6 146 98 23 200 192 130 140 170 115 244 97 50 59 254 192 242 40 131 140 42 120 4 5 61 229 115 38 162
104 201 58 94 29 221 211 226 199 20 172 8 162 217 37 116 200 242 234 66 74 43 122 189 227 221 16 59 82 27 116 42
60 9 30 254 77 213 82 96 197 132 237 10 98 217 37 212 200 176 235 98 72 35 26 189 83 241 129 59 83 43 124 130
98 136 22 190 13 197 16 230 143 29 128 1 230 250 32 67 201 115 235 1 42 107 74 181 153 178 90 27 16 8 53 10
90 48 113 224 35 8 120 80 45 128 162 169 143 31 0 16 166 149 221 128 1 65 144 192 211 241 11 2 38 128 7 115
114 48 123 172 56 139 89 72 175 196 161 169 183 222 37 80 222 185 95 33 8 3 210 93 209 144 11 58 20 162 7 242
102 169 151 186 141 229 21 199 139 149 137 24 230 243 96 90 193 115 105 17 26 107 218 177 153 246 95 123 144 105 180 34
211 48 113 168 123 153 152 64 173 68 180 175 175 158 246 244 166 185 223 197 199 7 246 221 150 217 10 250 54 134 15 85
124 9 182 222 141 213 208 64 199 149 173 8 106 249 101 78 200 242 235 16 26 107 154 177 219 243 197 123 211 47 124 6
88 8 158 190 13 197 148 96 142 22 194 3 230 250 32 66 200 243 235 3 8 107 10 189 209 227 203 27 16 40 61 2
122 184 236 240 143 244 217 198 131 85 148 27 41 157 118 175 233 147 177 145 30 75 178 241 91 89 216 251 183 12 252 126
40 0 121 232 101 249 81 96 77 4 116 40 191 29 160 57 202 152 135 32 8 54 96 157 199 217 32 51 118 137 84 163
58 176 239 112 143 245 217 198 195 85 148 27 43 157 118 175 169 146 177 145 158 111 178 177 91 89 212 123 247 204 244 126
117 69 69 229 140 14 79 184 1 160 170 78 211 33 17 115 88 196 124 234 73 178 217 12 241 168 229 20 105 251 82 32
154 98 120 225 115 9 90 88 41 36 164 139 15 15 70 16 54 153 197 240 74 54 192 208 215 201 2 111 103 132 7 202
40 177 57 169 153 77 85 175 6 113 173 25 150 23 74 16 217 26 89 48 90 10 123 21 239 213 20 125 144 8 132 122
198 32 132 21 73 56 176 10 187 183 3 17 140 170 71 207 161 93 232 19 36 84 131 192 5 50 91 47 130 117 15 134
37 78 142 31 204 34 230 184 208 130 194 70 113 225 177 75 89 102 104 174 233 227 143 42 96 42 229 0 169 121 112 160
67 57 120 168 42 153 152 0 171 85 132 169 190 158 70 114 166 49 255 85 134 11 226 209 150 145 10 122 20 0 15 95
253 98 205 98 14 35 67 216 66 240 177 238 83 65 217 59 89 196 108 254 137 103 207 24 216 201 225 188 253 171 82 48
1 0 143 221 12 2 228 104 244 2 194 66 81 224 176 99 120 100 42 170 41 241 7 204 21 42 194 0 49 248 112 36
103 78 135 30 140 34 164 168 208 146 194 194 96 224 181 239 89 102 106 175 225 195 175 40 32 34 207 8 136 121 112 36
90 50 80 160 35 8 120 80 45 128 178 237 143 11 0 144 166 149 205 128 4 65 128 192 146 241 11 130 46 132 11 1
177 239 73 114 210 137 71 247 80 51 40 248 115 33 216 17 25 202 4 78 122 74 204 63 248 136 37 252 105 144 194 168
1 12 15 223 12 130 165 104 212 18 194 66 112 240 176 103 120 102 42 42 105 241 15 237 48 42 195 0 25 120 112 36
165 78 143 31 204 34 231 184 208 130 194 66 113 224 177 107 89 102 104 46 233 247 207 42 96 34 229 0 229 249 112 160
83 48 80 161 34 8 56 64 45 128 178 237 143 10 0 210 166 213 255 132 4 65 145 192 148 248 10 130 44 132 43 21
245 237 73 38 10 1 70 252 194 208 185 238 115 193 249 50 26 192 76 110 203 39 142 59 240 201 37 184 125 187 82 40
65 4 143 221 12 131 165 40 214 2 194 66 240 240 176 103 120 228 106 170 41 225 79 221 16 42 195 0 17 104 112 36
165 78 143 94 140 34 135 176 212 130 66 68 115 224 177 75 89 102 40 46 233 229 78 43 96 42 229 0 205 249 112 168
82 50 90 160 98 8 120 80 45 128 112 237 143 15 64 16 166 149 207 132 4 83 128 192 150 241 2 130 45 128 43 1
177 231 73 50 210 137 71 253 114 51 41 252 115 96 216 49 19 202 4 110 251 126 172 63 40 142 37 116 105 210 194 168
17 32 86 161 66 11 184 64 108 160 242 2 159 152 20 32 42 141 78 129 4 243 133 192 148 136 11 2 109 0 107 134
6 236 146 23 145 96 182 143 58 131 73 17 108 242 79 140 145 123 160 3 102 212 154 107 41 54 93 11 192 119 175 142
98 128 4 141 13 75 64 232 150 48 194 139 194 99 0 196 89 196 106 168 42 67 91 157 157 34 203 85 16 40 24 0
246 229 232 206 158 83 223 168 19 230 188 171 75 108 223 18 95 215 221 231 236 99 239 190 186 79 141 189 119 255 222 84
130 236 146 22 193 112 182 173 58 7 73 17 108 242 75 152 145 91 160 3 102 212 154 107 41 54 93 43 192 119 175 142
17 32 86 20 71 75 160 64 248 128 240 2 12 218 68 16 58 205 74 129 4 243 150 64 20 40 7 33 73 0 107 130
166 172 132 155 153 183 6 170 158 183 10 17 198 96 97 143 145 118 232 115 54 217 91 62 173 22 205 119 144 125 156 6
80 2 4 141 12 11 64 104 14 52 130 139 194 35 0 196 73 132 106 8 40 113 75 157 157 178 203 21 16 8 20 0
130 236 146 22 193 112 182 173 58 147 73 17 108 242 73 158 145 91 160 3 102 212 154 99 41 54 85 11 192 118 175 142
127 221 249 238 190 86 223 252 203 200 157 235 92 252 255 50 151 243 149 231 221 99 62 172 123 95 237 190 255 247 246 119
17 32 94 21 70 139 160 64 120 128 242 2 12 218 100 0 122 173 74 129 4 243 151 64 20 40 11 1 65 0 107 130
166 173 134 147 153 167 22 170 150 182 10 17 196 224 99 79 129 102 233 115 60 217 91 62 169 22 205 87 144 125 156 6
0 128 6 169 29 143 96 232 22 48 194 3 198 33 32 65 121 228 106 44 40 241 91 29 221 34 207 21 16 8 16 0
130 204 148 31 201 80 182 173 58 19 97 17 236 242 76 159 145 91 160 2 118 92 138 115 45 54 85 11 192 118 175 142
83 32 83 161 2 12 104 64 45 160 162 136 159 2 64 118 38 213 123 136 8 67 149 192 149 248 11 2 33 0 35 36
198 173 132 18 153 235 6 170 150 182 11 25 198 240 0 69 145 102 232 114 124 216 91 63 169 22 69 119 144 125 156 6
6 236 144 23 129 96 182 175 58 147 75 17 236 224 73 142 145 91 160 3 102 220 154 99 45 54 93 3 192 118 175 142
82 97 81 168 26 9 75 72 41 0 169 136 151 18 21 112 178 145 89 111 65 3 212 94 145 156 10 58 20 130 3 32
253 99 196 70 172 27 78 248 67 188 188 72 195 97 223 183 88 196 108 110 204 99 239 40 178 217 229 60 111 251 90 4
98 136 150 190 9 201 20 226 143 31 128 33 230 243 32 66 193 115 235 1 10 75 202 189 153 178 91 27 16 8 61 10
64 33 91 204 74 139 137 73 172 160 161 136 151 131 0 80 122 181 123 40 8 3 194 92 213 128 11 56 16 0 3 32
104 161 152 233 205 109 85 143 3 49 172 24 182 177 72 58 129 26 105 16 26 106 219 17 207 213 20 125 208 72 198 42
51 0 120 232 7 217 216 64 45 0 228 139 175 30 54 48 234 185 219 165 14 7 52 221 147 217 10 59 119 133 47 70
120 169 56 250 29 221 83 194 207 21 172 8 174 217 103 208 200 242 233 82 10 43 250 177 243 213 0 59 82 15 126 42
235 152 187 224 165 244 217 23 193 93 20 50 24 157 246 42 205 18 149 153 154 47 34 192 75 217 186 239 135 140 244 107
56 0 113 233 103 105 80 3 109 4 100 139 15 31 37 24 170 145 135 32 8 180 113 144 199 217 64 19 118 136 70 226
184 96 115 96 83 75 121 72 33 36 228 11 15 15 8 17 56 153 195 224 72 183 48 204 211 193 0 37 99 132 102 226
245 239 73 118 154 129 71 252 210 130 168 252 115 225 217 49 31 234 68 110 235 103 142 63 184 138 37 184 125 243 194 40
53 78 143 95 140 34 135 184 208 162 194 226 113 224 177 107 89 102 96 46 233 241 175 42 32 46 229 0 173 251 112 160
181 239 73 118 210 137 71 253 114 178 40 252 115 97 152 17 59 202 4 106 251 126 12 63 120 138 117 124 109 210 210 168
65 2 151 159 12 131 165 40 214 18 194 66 240 240 164 102 120 102 106 11 41 227 79 253 16 34 195 24 16 104 112 36
53 78 207 118 140 34 199 248 82 130 202 230 115 225 185 106 89 230 104 46 169 243 207 42 40 174 229 20 229 251 112 32
83 32 90 160 66 8 120 64 61 160 242 207 157 130 68 16 62 205 110 140 4 83 149 192 148 168 11 32 105 128 35 0
181 167 78 50 210 171 71 253 114 51 33 252 113 97 216 17 49 202 0 254 242 214 12 63 104 138 117 228 233 242 210 160
80 0 6 148 77 143 96 72 158 180 194 11 194 224 96 196 121 172 106 8 0 115 219 148 157 2 199 21 16 8 89 2
126 150 237 231 151 118 95 188 83 238 188 239 91 125 95 48 61 215 181 163 253 98 125 191 251 207 229 183 255 255 246 115
70 140 148 31 137 192 182 174 186 23 65 17 236 242 78 134 145 127 224 2 118 72 219 115 45 54 95 47 208 116 143 134
17 32 22 165 15 75 160 72 236 128 242 2 206 216 0 128 106 141 106 129 12 243 215 64 149 128 11 1 97 0 107 130
230 141 6 22 217 223 22 168 158 182 2 25 228 240 101 221 145 102 232 51 116 217 27 62 45 18 77 87 144 125 156 6
80 0 6 140 77 203 96 72 159 164 194 11 194 162 96 212 121 172 106 8 0 83 217 208 149 34 139 17 16 8 93 0
70 140 148 31 201 212 182 174 186 23 65 17 204 242 78 223 145 127 224 2 118 88 154 115 45 54 95 111 144 116 143 134
158 80 249 234 11 117 155 200 23 94 149 178 76 223 235 72 127 217 151 243 43 7 43 242 219 199 171 239 183 55 37 243
143 159 233 247 182 176 255 182 83 203 94 246 121 125 220 32 55 102 53 223 187 248 45 175 110 207 165 192 175 246 208 121
230 140 6 22 217 199 22 168 150 182 66 25 96 226 97 221 145 118 233 50 116 217 27 62 41 22 77 87 144 108 148 6
64 26 151 158 40 130 16 96 142 28 194 101 230 243 32 194 192 116 234 0 0 67 138 41 144 50 99 27 24 104 45 19
70 140 148 31 137 196 182 174 186 23 65 17 236 242 78 194 145 127 224 2 118 88 218 115 45 54 95 47 208 116 143 142
255 246 251 114 168 55 23 252 145 238 189 253 83 253 239 63 159 86 221 119 253 71 168 58 250 95 101 190 222 255 134 117
254 229 108 70 223 83 207 232 193 228 188 143 67 108 255 151 122 196 217 231 76 99 188 172 123 73 133 61 119 191 126 84
64 32 24 233 72 137 105 3 164 32 194 0 181 131 0 88 66 44 75 8 16 152 193 84 196 160 26 88 32 128 3 168
234 186 185 240 37 212 209 23 193 95 20 50 184 157 246 47 207 50 149 17 154 111 162 129 75 217 188 251 134 140 244 107
181 198 79 126 194 3 71 253 114 179 41 216 115 97 152 49 57 74 32 238 251 94 15 63 104 138 117 100 121 241 194 168
117 46 139 62 156 130 70 248 86 130 202 224 115 225 217 104 81 110 108 31 187 243 207 42 184 166 165 8 172 251 48 32
181 198 205 127 202 11 71 252 82 178 32 252 115 97 152 19 57 198 100 238 233 119 15 63 104 170 117 52 125 242 194 168
6 172 148 31 153 214 150 170 154 183 72 17 204 242 78 135 145 127 224 3 118 208 154 127 45 54 77 39 210 116 143 6
239 247 249 114 170 59 95 248 155 234 189 253 95 253 255 59 151 87 213 127 249 71 236 170 250 223 109 190 222 247 130 113
