130 204 2 154 31 129 146 230 150 6 64 147 44 202 34 193 201 59 131 195 102 174 18 255 32 34 154 11 20 29 61 138
6 160 16 129 236 41 184 9 15 49 49 24 140 8 88 8 175 11 127 17 18 112 203 209 12 16 31 244 148 8 129 129
33 36 113 65 116 11 107 48 113 104 116 72 83 1 148 52 90 204 6 40 169 176 101 14 102 142 32 0 103 136 82 161
162 201 18 152 95 193 150 229 158 20 80 19 44 156 32 65 200 59 131 65 98 47 16 255 49 16 158 107 85 8 181 138
198 72 150 148 79 36 188 2 188 130 194 18 108 234 33 75 231 229 123 195 32 197 146 232 21 50 218 138 4 113 33 10
88 34 92 165 34 10 25 16 36 44 150 165 207 7 130 82 38 213 237 128 8 193 129 12 208 227 106 129 36 128 45 83
96 32 121 96 36 73 65 0 96 44 180 40 18 17 128 50 8 212 68 8 8 98 224 0 195 137 32 49 96 8 70 35
34 184 16 153 237 141 176 143 30 25 80 48 172 152 96 64 205 27 51 17 18 106 67 183 13 22 30 250 144 8 145 139
96 32 112 201 108 9 232 64 105 32 240 74 138 8 20 0 106 133 87 1 136 115 196 192 20 56 130 48 69 12 74 128
104 48 56 96 33 77 81 16 105 136 52 8 159 23 0 48 132 20 93 8 136 96 176 0 195 217 32 16 66 128 66 35
34 32 68 137 77 75 184 72 30 164 240 15 128 136 114 0 248 140 119 129 12 115 91 208 29 16 143 59 21 12 116 210
2 140 2 158 23 195 154 230 22 5 90 163 32 234 34 192 91 123 147 129 38 136 2 255 32 38 154 11 20 14 60 138
32 32 112 193 109 25 232 64 105 36 240 11 138 8 22 2 74 205 71 1 140 115 196 192 20 24 2 49 69 12 90 134
34 32 68 137 76 11 160 72 30 160 240 10 147 136 112 128 88 140 102 137 8 115 75 208 28 144 175 56 85 136 89 128
96 32 112 205 108 9 232 64 105 32 240 74 154 8 20 2 74 205 70 9 136 115 197 192 20 24 34 48 69 8 83 128
34 32 5 137 76 75 168 72 22 180 240 139 192 204 112 64 121 136 99 145 0 114 91 144 29 0 143 191 21 8 116 210
32 34 112 193 108 25 232 64 109 36 240 11 138 8 22 2 234 197 87 5 132 114 196 192 22 24 130 49 69 140 90 134
34 32 68 137 76 11 168 72 30 160 240 10 145 136 112 0 88 140 118 137 8 115 75 208 28 0 175 56 85 8 113 128
32 32 112 205 108 9 232 64 109 32 240 74 154 8 20 2 74 205 87 1 136 115 196 192 20 24 34 48 69 8 82 128
41 32 68 201 76 27 232 88 86 160 244 10 145 128 208 164 120 140 114 140 136 114 79 144 92 201 175 56 55 136 120 160
33 32 81 205 108 9 232 80 109 32 240 74 155 9 148 162 74 204 86 9 129 114 197 192 20 25 34 48 69 136 83 160
34 32 4 137 79 75 176 72 22 164 240 11 128 140 96 64 248 141 227 129 12 115 91 144 29 0 143 59 21 8 52 194
96 32 113 201 108 9 232 64 105 32 240 75 138 8 20 0 106 133 70 1 136 115 196 192 20 56 130 48 69 8 82 128
34 78 2 158 87 179 162 226 20 6 88 163 96 232 35 192 89 107 131 131 100 166 14 255 0 38 218 11 21 95 56 142
6 40 146 147 211 226 184 67 190 135 83 18 76 254 97 72 247 127 179 145 48 217 154 194 29 38 143 195 133 101 165 130
6 176 18 147 239 175 184 197 62 49 83 18 204 158 104 8 183 27 243 17 18 112 153 209 13 16 31 230 212 8 129 131
33 0 101 65 116 27 235 80 125 104 114 66 217 0 148 164 126 76 22 44 161 240 101 206 4 30 162 128 79 136 82 165
162 204 22 158 79 193 148 230 148 22 80 51 36 222 34 65 201 115 131 195 98 174 10 255 33 34 218 11 21 28 61 138
70 8 150 150 195 102 184 66 184 130 67 18 76 254 97 74 231 127 187 147 48 213 146 226 21 38 219 139 132 97 37 130
91 18 204 165 32 8 88 16 32 44 150 237 223 35 130 210 38 197 253 133 140 64 193 64 194 227 234 145 44 164 11 17
104 50 120 96 36 73 81 16 96 12 180 40 31 19 128 18 2 212 196 0 8 96 224 0 195 201 32 145 98 136 70 35
34 160 20 155 236 141 176 143 30 57 80 24 172 152 88 64 207 27 51 17 18 120 75 241 12 16 30 254 208 8 145 137
32 32 64 137 77 9 168 72 6 164 240 11 128 136 112 64 104 140 106 129 8 243 203 208 28 0 143 57 21 8 116 128
32 32 96 193 108 9 232 64 109 32 240 10 138 8 20 0 106 133 95 129 140 115 196 192 22 56 131 57 69 136 90 128
104 48 56 96 33 93 81 16 105 136 52 8 159 23 0 48 132 20 221 8 136 96 176 0 195 217 32 16 66 128 66 35
2 142 10 158 23 131 186 230 22 5 90 163 96 234 34 192 89 123 131 129 38 136 14 255 32 38 154 11 20 14 60 142
34 48 97 141 77 73 232 72 111 228 240 15 138 136 84 0 234 141 79 1 140 243 211 208 21 24 131 51 69 8 87 214
40 32 68 137 77 27 233 72 30 164 244 10 193 136 82 132 120 140 234 9 8 243 207 208 92 1 143 49 117 8 120 128
32 32 112 197 108 9 232 64 109 32 240 10 155 8 20 144 106 141 78 9 136 243 197 192 20 56 131 48 69 136 75 128
34 48 69 137 78 75 160 72 30 160 240 79 128 140 116 0 120 141 103 129 9 115 91 208 29 0 143 56 29 8 116 146
34 32 97 197 108 73 232 64 109 36 240 15 138 8 22 2 106 197 70 1 140 115 212 192 20 24 130 51 101 8 86 198
32 32 66 137 76 11 169 72 14 164 240 10 129 136 112 192 104 140 106 137 8 243 207 208 28 128 143 57 53 8 120 128
41 32 68 137 76 27 233 72 94 164 244 10 193 136 242 196 120 140 106 140 12 243 111 208 94 201 135 49 55 140 120 132
41 32 96 201 108 25 232 64 109 32 244 10 159 8 148 164 106 141 94 9 136 243 197 192 86 57 163 48 71 136 91 160
34 48 65 137 79 79 184 72 14 160 240 11 128 140 84 0 232 157 111 129 8 243 211 208 21 0 139 59 21 8 116 146
41 0 117 69 52 27 235 16 125 104 118 66 219 32 148 164 94 76 86 44 161 240 101 206 36 254 98 128 79 136 65 165
130 14 14 158 6 161 178 232 22 6 81 179 100 234 43 72 89 123 163 131 36 182 10 251 64 38 218 11 20 123 60 138
6 44 154 151 215 226 187 67 62 135 75 146 76 254 97 74 243 127 51 147 48 210 136 194 77 38 223 195 133 99 165 130
75 50 128 164 33 28 88 16 41 72 146 205 223 42 18 210 134 197 253 141 141 64 209 128 194 249 234 144 10 164 11 81
104 50 80 96 33 13 81 16 33 12 52 109 15 3 130 20 134 149 197 0 136 96 192 128 194 209 32 147 106 132 78 19
2 176 25 155 252 141 176 143 30 57 81 120 172 152 72 64 199 27 51 17 18 120 91 247 13 22 30 254 212 8 129 137
104 48 57 96 33 93 81 16 105 168 52 8 158 23 0 48 132 148 93 8 136 96 240 192 195 249 33 48 66 128 66 35
96 32 114 129 108 9 232 64 109 36 240 139 143 8 22 0 234 133 79 129 128 115 196 192 148 24 131 41 69 8 123 128
2 143 10 158 22 131 170 238 22 5 88 163 96 232 58 64 89 107 131 133 38 186 14 255 40 38 142 203 21 10 188 140
40 32 114 193 108 9 232 64 237 0 242 2 140 138 22 144 234 141 110 137 128 179 196 192 150 185 2 1 69 8 107 129
34 48 69 137 78 15 168 72 30 168 240 66 148 152 112 192 120 157 127 129 1 243 75 208 156 128 175 176 29 8 113 176
34 48 97 201 108 73 232 64 109 32 240 79 142 8 20 0 234 133 95 1 137 115 212 192 151 56 131 48 69 8 87 146
56 32 70 137 77 91 169 72 30 164 246 2 193 138 114 68 120 140 238 137 8 243 111 208 220 225 139 49 55 8 125 192
6 14 138 190 222 96 187 200 22 135 83 147 100 234 41 72 121 123 163 131 50 199 139 235 80 38 218 11 149 123 53 130
6 36 139 190 214 226 187 72 182 135 67 147 76 254 105 72 121 127 51 147 50 211 138 226 89 38 159 203 133 115 181 130
2 176 25 155 238 141 184 207 30 49 81 18 188 222 104 64 183 27 51 17 19 120 27 241 13 18 31 110 220 8 129 171
104 48 113 96 101 29 81 16 105 8 52 72 158 27 128 180 132 148 222 8 137 96 240 192 199 249 32 18 74 128 66 35
59 32 86 137 108 15 233 88 15 160 242 98 220 154 240 228 108 157 254 129 9 243 75 208 148 176 139 176 31 8 121 129
34 142 10 186 222 129 154 236 22 5 88 179 97 232 58 64 89 43 3 129 38 186 75 191 60 6 159 73 21 10 188 138
32 48 103 133 77 15 232 72 255 168 242 66 28 158 84 176 122 157 127 129 129 241 209 208 149 56 3 32 69 8 99 176
52 6 147 191 223 98 191 200 22 151 209 179 100 231 105 72 249 95 163 147 50 214 203 226 153 166 223 13 181 123 53 130
5 160 17 187 215 143 186 204 158 49 81 18 220 218 104 72 183 27 51 17 51 120 26 247 29 134 31 100 156 8 129 163
