67 6 134 157 12 130 172 96 148 2 210 199 96 226 176 199 124 100 42 175 228 209 15 205 20 34 203 0 28 252 56 4
60 77 106 236 84 18 78 252 85 128 254 2 83 233 177 96 120 236 23 234 200 179 36 174 242 237 167 132 103 187 112 136
249 172 191 122 141 229 65 199 210 83 164 24 50 241 96 59 201 162 120 8 43 111 178 51 219 203 80 122 208 72 246 42
163 207 4 30 220 131 142 230 148 22 64 147 96 96 48 197 89 226 34 239 108 76 14 63 40 38 221 1 21 124 248 140
57 223 71 236 54 131 234 246 149 64 218 231 121 207 176 192 126 232 23 236 205 187 37 191 122 239 166 192 63 141 120 217
56 77 98 236 84 130 238 117 117 128 254 2 123 169 181 64 120 236 23 234 200 187 5 174 242 237 166 128 119 186 112 136
210 252 218 240 186 200 20 207 187 155 184 57 151 191 72 91 167 215 253 144 122 79 130 98 251 243 126 255 160 208 167 11
161 207 68 30 212 129 206 230 86 2 72 215 97 96 52 133 89 226 2 207 126 108 12 63 40 2 205 64 117 220 248 140
116 96 122 100 34 106 83 64 169 128 239 40 223 159 1 80 178 181 125 106 8 147 160 8 211 253 0 3 96 163 39 2
82 79 82 188 10 194 30 100 165 132 248 163 45 222 33 80 126 249 143 226 72 139 130 238 178 228 142 155 53 54 39 219
64 48 17 224 0 77 81 16 32 136 34 8 150 23 64 48 128 20 76 8 1 64 144 0 193 168 33 0 64 0 7 51
232 121 190 118 232 204 85 181 233 138 180 8 191 159 65 51 132 247 253 74 200 107 178 40 247 217 100 56 64 240 194 43
104 32 57 96 5 77 67 0 112 4 172 8 18 17 0 48 24 212 64 8 8 34 240 2 195 141 0 17 66 10 70 34
104 56 56 96 33 77 81 18 105 136 52 8 159 23 0 48 132 21 93 8 136 104 176 0 195 249 32 16 66 128 66 35
92 116 56 104 56 237 81 218 102 25 252 8 31 23 1 56 165 17 85 24 138 38 50 23 219 205 32 93 226 129 70 163
26 219 66 184 54 129 58 246 30 65 88 231 172 202 34 192 254 43 151 213 198 154 2 255 172 69 142 202 28 156 185 217
48 77 66 172 84 130 198 101 53 128 250 2 107 168 49 80 120 238 14 227 72 187 0 237 178 236 134 0 101 186 240 136
35 157 114 204 87 150 182 103 205 0 94 98 40 185 36 228 120 59 146 129 209 187 16 253 51 126 146 2 63 14 184 174
2 169 18 153 244 137 184 231 14 1 120 2 172 194 96 64 235 43 2 144 18 24 66 245 44 20 158 232 148 8 161 137
35 143 10 220 116 151 246 103 205 12 94 2 40 232 182 100 248 42 134 5 214 186 34 253 54 62 134 11 29 206 248 141
131 143 0 158 23 144 134 39 28 4 72 231 104 106 54 197 72 35 130 133 116 136 12 255 40 36 142 3 21 78 185 12
37 108 195 195 84 163 235 216 86 163 121 82 81 201 253 44 121 104 18 251 163 182 12 186 8 14 167 228 253 251 112 160
248 69 110 236 12 2 78 56 229 0 246 2 83 107 48 83 120 228 125 234 232 131 1 140 242 235 224 144 39 186 112 0
11 201 3 168 21 213 78 230 22 72 88 3 168 200 48 224 216 171 18 197 79 154 18 191 185 84 142 104 28 12 176 142
48 77 66 173 20 130 238 101 45 0 250 2 107 138 37 80 120 230 14 226 72 187 1 237 176 232 142 0 117 58 240 136
35 157 90 204 87 146 190 103 13 1 94 34 40 186 38 96 74 187 146 128 87 154 80 253 54 61 154 3 29 10 184 158
3 143 3 158 20 147 170 230 86 0 90 198 96 224 180 196 88 106 2 141 167 184 12 255 32 46 138 128 29 14 120 140
130 143 0 156 147 145 182 167 30 1 72 147 44 42 38 196 193 115 147 129 118 8 0 255 40 54 158 67 157 84 185 14
172 121 56 101 104 93 87 240 121 184 116 8 159 31 65 51 132 124 117 74 200 122 250 32 231 217 101 56 66 241 66 163
104 48 56 96 33 77 81 16 105 136 52 8 159 23 0 48 132 20 93 8 136 96 176 0 195 217 32 16 66 128 66 35
90 50 88 224 98 72 121 16 41 12 182 168 159 31 64 82 166 213 253 0 8 65 129 192 214 249 34 131 38 128 7 51
56 77 106 236 84 18 111 116 213 128 238 2 123 233 53 96 120 236 19 234 232 187 52 174 242 237 134 0 103 186 112 168
57 77 71 252 54 135 111 114 149 72 254 230 57 143 179 96 110 164 63 204 233 185 37 255 50 239 162 128 63 172 112 249
19 12 6 159 29 135 174 104 148 18 194 3 96 234 48 193 248 98 42 167 100 201 27 253 176 34 203 1 28 40 56 134
25 27 123 236 86 130 109 115 228 132 126 230 57 135 177 96 110 185 23 172 193 153 36 204 242 173 170 128 61 168 33 185
50 141 114 233 118 131 250 103 29 1 248 2 45 138 52 64 126 171 23 129 218 186 0 255 190 220 138 192 53 138 241 137
82 34 88 224 34 9 120 80 45 132 178 235 143 15 4 16 166 149 223 128 0 112 128 192 214 249 35 131 36 128 15 1
130 173 4 155 153 197 166 175 158 55 72 17 228 112 14 193 145 107 138 17 118 72 91 63 45 22 158 67 144 76 157 14
5 149 17 165 176 78 47 187 44 232 202 100 213 119 129 96 22 95 56 106 65 144 89 13 237 166 47 148 8 114 129 185
177 204 69 30 85 131 198 234 212 146 200 71 97 96 49 197 89 230 32 239 109 231 15 63 32 42 197 16 125 122 112 140
217 69 102 173 4 18 78 56 229 194 214 70 75 104 182 243 120 228 124 239 237 165 21 142 178 235 194 16 47 190 120 4
64 48 17 224 32 76 81 16 36 136 50 104 150 23 128 112 2 20 76 8 1 64 177 0 193 160 33 128 0 0 7 51
114 79 98 140 92 130 238 102 133 132 200 135 32 142 51 64 104 237 187 199 76 139 214 237 176 36 138 153 21 60 52 216
103 34 134 129 204 42 168 72 42 247 147 223 200 168 91 10 109 205 127 151 132 87 207 192 156 2 203 180 141 125 27 212
3 73 70 157 84 155 166 102 92 64 90 66 224 136 182 36 122 42 58 77 197 184 103 253 52 62 138 0 93 24 121 140
105 32 49 64 69 93 65 0 113 32 100 8 26 21 0 180 24 220 66 8 9 114 240 0 71 217 0 32 66 8 70 162
38 167 216 171 250 233 154 207 31 53 57 187 141 206 76 16 95 155 135 145 18 58 202 211 28 213 63 255 213 74 135 131
131 15 71 157 20 134 172 119 84 2 74 214 48 34 180 229 120 46 2 173 229 188 21 255 32 46 154 0 29 136 240 140
104 56 56 112 33 205 81 22 233 136 52 40 191 159 0 16 134 55 221 8 0 104 176 32 195 249 48 145 66 128 70 43
112 124 56 104 56 237 81 150 227 57 188 40 23 31 65 56 135 177 93 24 10 47 96 20 203 205 48 245 224 128 70 43
130 140 132 158 155 177 180 167 158 23 72 17 172 170 38 197 129 11 171 129 118 73 2 255 40 54 158 67 144 68 173 78
11 217 66 185 87 149 40 231 30 64 88 199 45 138 48 192 110 43 147 197 199 152 22 221 36 100 138 8 60 140 57 152
50 77 98 236 84 130 238 102 117 0 250 2 43 139 52 80 122 237 31 226 200 187 0 239 178 237 130 0 103 186 112 136
2 203 66 137 118 129 189 103 15 4 92 163 44 131 166 68 110 59 147 192 66 154 2 221 36 52 154 139 23 12 53 137
10 137 98 136 85 133 249 117 77 5 88 7 40 137 52 68 250 41 19 197 210 186 16 221 101 60 138 194 23 14 113 202
34 137 82 153 116 129 238 103 141 1 248 2 172 138 52 64 106 171 23 193 82 187 64 253 60 28 154 200 21 8 241 136
34 153 90 205 87 211 186 101 13 1 126 2 40 184 54 96 218 187 146 129 87 186 80 221 39 60 130 67 29 10 248 158
2 169 19 153 244 137 184 231 14 1 120 66 164 138 48 64 238 43 23 145 82 58 66 245 44 20 158 234 20 8 161 137
131 143 5 158 19 176 162 35 156 5 73 147 104 106 54 197 105 99 130 133 116 200 12 255 40 54 218 67 21 76 181 76
232 104 248 114 248 201 85 197 247 162 164 40 191 151 193 56 131 186 93 24 74 111 96 50 239 221 52 49 224 144 198 42
2 201 35 156 117 195 161 103 205 0 88 2 160 152 52 100 200 168 19 193 74 186 32 221 161 116 138 3 20 12 53 174
178 201 70 236 84 130 238 101 173 0 242 2 43 138 52 81 106 227 31 224 104 187 65 237 182 248 138 0 53 152 96 136
2 173 83 153 252 137 184 103 143 1 88 2 172 138 48 0 238 171 31 145 82 58 66 245 188 20 154 232 84 8 161 137
43 153 114 143 85 146 179 101 12 5 90 39 168 186 38 64 220 59 146 193 22 152 116 221 100 60 138 67 29 14 161 158
120 96 252 114 248 205 81 7 234 185 164 56 191 23 65 58 131 181 221 24 10 103 224 26 219 205 52 57 224 144 194 42
130 143 4 156 147 145 182 167 158 87 72 147 172 170 38 197 225 107 131 133 118 72 2 255 40 54 158 67 144 68 189 78
104 48 120 96 32 77 81 16 105 168 52 40 159 23 64 48 134 149 93 8 8 96 240 0 195 249 33 177 98 128 70 35
232 97 120 103 108 73 117 100 104 176 44 8 183 251 73 51 2 254 64 74 105 118 250 32 231 233 68 57 96 242 194 170
8 203 35 173 87 145 180 103 68 4 88 2 45 136 48 224 204 59 147 1 198 186 84 157 37 69 154 9 54 12 52 136
146 201 82 188 22 130 236 103 189 0 242 2 47 138 52 64 106 163 31 193 72 187 0 255 176 254 138 0 53 24 241 8
131 143 6 158 20 147 174 230 214 0 74 198 96 224 180 197 88 106 2 207 231 152 12 255 32 38 138 0 29 12 120 140
10 131 34 137 117 193 187 65 14 13 88 131 172 204 62 64 248 59 147 81 22 184 0 213 77 52 138 201 149 14 181 218
2 141 82 153 254 137 184 103 143 1 248 2 172 138 52 64 234 171 23 129 114 184 66 253 60 28 158 232 85 8 241 137
80 8 134 190 13 134 132 104 150 18 194 3 224 226 32 67 248 230 106 167 44 195 91 189 145 34 203 25 16 104 56 6
154 90 119 141 50 210 185 114 189 76 86 247 12 158 167 196 38 61 191 193 165 149 36 206 86 103 106 131 38 165 45 253
134 108 148 17 193 120 180 134 58 183 66 17 140 178 69 143 129 95 162 17 54 220 219 98 13 22 93 103 192 117 135 142
134 133 20 155 153 223 182 175 158 63 3 17 228 112 8 195 129 83 234 17 118 76 91 55 45 50 95 87 144 76 157 14
70 44 148 17 225 120 180 134 58 183 66 49 140 186 71 142 131 95 227 17 54 220 195 98 13 54 95 103 128 117 141 143
223 69 70 164 44 58 78 32 233 226 178 66 75 42 151 251 98 197 124 231 237 231 133 204 178 251 207 145 47 245 120 4
82 104 2 156 27 130 30 102 165 128 202 135 36 206 33 80 110 253 235 194 72 139 146 236 177 36 142 27 57 48 35 154
215 98 226 164 230 56 126 192 121 230 178 223 79 42 87 26 55 197 125 247 204 119 141 194 150 126 207 164 173 247 123 68
3 73 7 157 92 195 174 102 140 64 194 131 224 136 49 64 104 236 59 197 68 155 71 239 180 36 138 0 21 56 49 204
87 32 130 133 204 34 170 200 22 162 203 199 193 232 91 74 121 205 123 151 4 215 207 194 156 6 207 36 140 127 56 132
35 201 39 157 92 139 164 111 220 0 210 3 160 200 52 32 232 170 122 133 70 187 71 253 52 60 154 8 85 8 241 204
52 180 248 227 210 99 179 201 30 49 121 186 29 221 104 24 123 155 3 177 50 50 8 210 93 133 35 111 245 75 135 162
129 133 71 223 84 134 237 39 84 66 74 82 241 32 176 229 88 174 18 140 249 188 85 111 36 42 210 0 61 200 240 172
88 38 126 242 58 168 81 23 170 29 186 57 191 155 64 90 167 183 77 16 8 75 130 20 216 225 48 185 224 128 135 11
130 143 4 159 153 144 180 167 158 87 200 147 236 106 46 199 193 99 171 133 118 73 79 255 45 50 222 83 16 84 189 206
58 201 98 236 23 130 238 102 101 0 234 2 41 139 52 80 122 169 27 233 72 187 4 237 179 253 138 1 55 168 112 136
19 73 7 189 86 130 41 103 172 192 82 134 44 134 33 68 110 45 19 133 65 153 20 204 176 36 154 128 20 8 33 220
18 137 98 236 116 130 234 103 13 0 234 2 45 139 52 64 106 171 27 193 72 187 0 253 182 252 138 64 55 136 112 136
2 137 114 249 118 129 248 103 141 1 248 2 173 138 52 64 238 171 19 129 82 187 64 221 182 220 138 72 21 136 113 136
43 176 98 202 127 145 250 196 91 69 124 174 8 140 254 180 223 154 147 149 151 58 62 247 30 92 144 235 95 142 250 213
2 169 115 153 116 137 168 103 143 9 120 66 180 154 52 0 238 59 23 145 146 58 66 221 44 28 154 234 20 8 161 137
56 100 252 114 248 201 117 199 239 162 44 8 59 215 65 56 59 178 80 24 74 118 104 56 247 205 21 49 224 218 70 170
18 22 127 152 50 228 57 19 172 93 94 247 44 31 162 75 230 19 159 149 163 153 32 192 128 49 186 130 140 196 165 113
178 201 98 252 116 130 106 103 189 0 226 2 41 139 52 81 106 161 59 193 104 191 0 239 178 250 138 0 55 136 96 136
43 172 98 82 95 241 218 194 89 88 61 142 10 140 254 181 95 138 151 158 175 35 44 245 30 88 145 239 87 141 122 221
2 169 115 153 126 137 168 103 143 1 88 66 164 138 52 0 238 187 23 145 146 58 66 245 60 28 154 234 84 8 161 136
120 32 252 112 42 201 81 67 226 179 164 56 55 151 64 58 35 176 85 24 74 103 98 16 211 201 52 57 224 128 198 34
130 205 4 158 153 144 166 167 156 82 200 211 232 110 52 197 201 99 234 197 119 205 14 255 44 50 222 19 16 92 185 12
113 172 191 84 221 239 65 98 241 227 164 24 18 177 52 51 137 230 80 8 57 107 176 44 89 154 84 120 201 72 242 34
129 141 6 158 20 135 174 226 212 2 66 70 96 224 52 101 120 106 10 239 101 185 31 255 32 46 194 0 29 40 120 140
171 168 102 80 237 241 216 214 211 95 180 58 8 152 246 164 107 170 146 156 166 47 38 242 22 91 144 187 119 204 124 238
198 196 148 191 169 203 52 173 158 59 3 49 228 240 8 199 145 87 232 99 118 76 75 63 45 50 93 119 16 124 157 15
129 8 7 133 64 66 40 34 60 162 66 194 213 6 145 65 114 45 58 173 97 212 69 76 4 34 235 0 4 160 33 160
253 7 101 78 158 50 71 121 81 226 205 214 67 96 188 231 88 198 40 238 249 35 125 140 50 42 197 28 127 238 248 100
118 96 130 164 77 32 134 200 18 162 201 207 65 232 113 74 121 236 43 183 12 87 202 130 144 38 143 61 141 127 58 130
109 168 249 91 205 233 193 143 3 113 173 24 147 93 92 58 11 218 81 24 27 106 255 51 79 221 21 124 247 73 214 178
4 157 158 165 146 106 51 19 38 197 78 149 213 103 2 64 55 119 105 56 16 152 49 14 205 167 126 64 160 226 133 114
162 141 46 31 204 66 132 175 212 150 194 21 224 104 54 71 201 98 42 45 100 237 95 95 37 50 222 19 17 120 240 204
155 158 239 176 50 244 185 83 156 95 86 247 29 142 162 106 103 51 151 149 183 153 36 193 210 65 186 130 174 196 173 113
50 140 70 252 23 130 232 102 197 0 234 2 33 139 52 64 106 161 27 129 104 171 4 221 147 248 138 1 53 8 112 10
187 159 226 152 247 244 153 87 199 95 220 183 8 188 246 166 239 171 151 133 183 43 54 209 83 89 186 235 191 204 189 215
2 140 82 217 118 129 168 99 156 0 248 66 164 138 52 64 234 169 19 129 98 184 2 221 20 24 154 72 21 8 113 136
59 185 226 88 237 245 217 87 219 93 188 183 8 220 246 164 239 186 151 141 143 43 54 211 27 93 144 235 247 204 254 215
0 139 19 153 116 133 168 99 28 1 120 98 180 146 48 64 238 59 19 137 18 152 2 125 4 12 186 200 20 8 33 137
90 26 110 176 163 212 61 87 141 95 148 183 45 159 226 207 231 179 191 133 215 73 54 193 219 83 250 203 191 132 173 127
242 8 70 252 68 128 104 98 189 0 226 2 33 139 52 81 106 163 27 129 104 175 64 205 144 186 218 1 53 8 96 138
187 154 102 88 239 213 217 87 207 93 180 183 40 188 246 175 207 186 151 133 191 111 54 241 91 89 144 251 255 140 252 223
128 139 19 153 116 141 168 103 28 1 112 82 180 146 48 65 238 59 19 137 34 152 3 125 4 8 186 64 20 8 33 137
163 206 6 158 205 134 135 166 212 146 194 86 224 224 181 79 201 102 42 239 224 205 78 255 36 50 223 18 17 125 240 140
245 32 205 42 14 35 67 88 82 240 161 202 83 192 249 59 89 196 76 254 185 103 207 24 216 137 225 124 253 171 82 32
7 236 164 87 9 213 134 172 214 210 4 4 224 236 255 172 17 96 162 78 231 100 62 59 42 30 85 50 91 127 89 252
87 13 164 14 159 55 2 136 198 225 139 135 98 228 187 230 81 198 248 247 157 3 63 60 152 38 137 23 189 111 56 84
247 193 236 14 143 82 70 237 64 246 133 143 67 108 158 231 120 196 248 231 221 67 239 12 58 43 205 157 37 54 250 84
64 157 185 67 146 238 99 27 54 69 78 20 244 55 128 116 53 94 40 24 19 152 177 111 237 166 54 64 160 130 133 112
27 158 106 184 227 244 185 87 141 95 86 183 29 159 246 236 231 179 159 149 151 13 54 193 91 91 186 203 191 132 189 119
187 158 227 184 175 245 153 83 223 93 148 183 40 156 246 47 239 179 151 149 191 43 54 243 91 89 186 235 159 204 252 223
91 154 110 248 171 212 25 87 135 93 148 183 57 159 246 238 231 179 189 149 159 75 54 241 219 89 254 203 191 132 189 127
59 146 103 184 175 244 153 87 143 93 148 183 40 156 246 111 239 179 191 149 159 75 54 209 219 91 250 219 191 140 188 95
59 154 231 88 175 245 217 215 207 93 148 183 40 156 118 47 239 179 151 149 159 107 54 209 91 89 222 251 255 204 252 223
177 237 64 82 144 137 70 245 82 48 40 216 51 96 192 48 9 202 68 90 255 42 204 63 56 140 37 120 121 146 194 8
123 128 110 242 173 20 220 215 199 95 148 19 57 249 118 106 239 131 191 141 220 79 38 176 91 219 254 251 183 140 248 71
