3 143 2 158 20 131 170 230 86 0 90 198 96 224 180 196 89 106 2 141 166 152 14 255 32 38 138 128 29 14 120 140
3 133 66 139 148 163 170 121 68 1 91 86 112 98 184 100 120 10 19 172 179 152 13 255 40 44 170 192 28 138 240 4
38 100 227 193 212 163 171 216 86 163 57 66 80 200 253 40 121 200 19 187 131 182 44 210 92 12 175 228 213 251 114 160
104 56 56 96 32 205 81 22 105 136 52 8 159 23 0 48 132 52 93 8 136 104 176 32 195 249 48 16 64 128 66 43
0 141 3 158 20 131 175 103 20 0 90 66 48 233 48 64 88 42 19 137 35 184 0 255 32 38 170 128 20 10 48 168
3 143 2 158 20 131 170 230 86 0 90 199 96 224 180 196 89 106 2 141 166 152 14 255 32 38 138 128 21 12 120 140
7 206 2 154 20 163 170 200 86 17 89 82 64 202 189 108 89 104 18 255 179 182 12 255 8 14 139 196 157 91 48 132
167 104 227 210 84 131 174 208 86 162 81 82 80 200 245 44 121 104 19 219 227 246 14 250 56 14 143 172 221 251 112 164
248 69 110 236 28 2 78 120 229 0 246 2 91 107 176 83 120 228 127 234 232 163 1 140 242 235 224 144 55 186 112 0
72 56 58 114 33 204 81 22 169 137 52 8 191 159 0 16 132 55 221 0 0 73 176 32 195 249 48 19 66 0 71 59
