97 32 121 64 100 29 248 16 105 104 176 72 154 8 148 48 206 132 70 8 141 98 228 192 22 216 32 50 79 136 82 133
70 184 150 146 137 192 52 198 171 31 130 49 172 254 104 74 233 215 235 145 18 75 139 241 157 16 222 123 128 84 175 10
2 143 2 158 23 131 178 230 22 5 88 163 32 232 34 192 89 107 131 133 6 152 14 255 32 38 138 11 20 14 60 142
80 88 154 188 42 72 20 38 174 6 138 33 247 182 98 66 163 117 237 3 76 13 131 33 193 231 122 27 16 112 45 75
48 32 0 136 79 65 160 72 134 164 224 11 4 192 96 64 104 136 234 128 8 99 203 144 29 0 143 59 49 8 52 130
104 48 56 96 32 76 81 16 97 136 52 8 159 23 0 48 132 20 93 8 136 96 176 0 195 249 32 16 66 128 66 35
51 199 64 143 90 18 204 189 4 4 217 231 97 14 158 196 94 139 135 237 206 18 77 221 36 40 186 132 63 150 184 221
253 98 199 68 76 59 74 216 113 226 179 206 83 192 213 191 125 196 124 254 173 247 237 10 18 202 229 180 239 251 122 36
30 149 114 168 151 82 178 233 157 5 205 19 76 254 42 192 114 153 147 163 22 163 26 215 243 229 11 79 55 15 173 210
18 184 186 187 146 237 177 67 62 7 136 17 151 159 98 8 179 59 5 17 30 141 146 51 201 197 26 107 144 64 167 211
35 207 64 14 214 129 206 246 68 64 88 230 97 96 178 4 88 226 2 207 223 8 12 61 40 4 173 192 53 158 240 204
6 254 149 147 185 228 54 142 190 31 67 245 236 246 72 75 133 123 161 17 50 88 155 119 45 22 95 239 152 85 133 19
70 190 148 19 170 172 52 167 186 59 66 245 236 246 72 75 135 87 161 16 51 88 139 115 44 54 95 194 136 81 129 27
61 69 107 236 87 86 203 96 68 192 239 2 83 93 59 96 120 172 18 238 73 179 53 140 115 237 130 1 115 43 112 224
96 32 96 193 109 9 232 64 105 36 240 11 138 8 22 0 106 133 70 1 140 115 196 192 22 152 130 49 101 12 90 134
35 165 225 73 244 179 171 215 94 65 88 198 8 168 244 164 95 10 18 157 147 184 100 215 12 30 151 224 223 206 241 188
0 188 27 225 240 239 163 87 62 9 74 80 181 151 32 0 21 58 19 24 19 152 17 23 205 132 58 64 144 74 133 185
50 32 69 137 78 11 176 72 30 164 240 75 2 136 96 0 248 140 99 129 12 115 75 208 29 0 143 59 85 8 116 130
96 32 64 201 108 9 232 64 105 32 240 74 138 8 20 0 106 133 86 1 136 115 196 192 20 56 130 49 101 8 90 128
61 130 65 169 156 19 67 216 86 32 212 194 211 193 184 196 89 136 6 172 59 178 111 159 236 199 167 100 63 136 120 160
212 78 30 188 42 66 92 160 180 158 130 177 247 95 35 75 230 245 237 227 108 197 1 46 209 227 234 145 32 49 45 11
11 18 249 229 52 18 249 54 121 73 87 244 157 47 150 236 6 5 21 141 149 152 37 204 198 251 250 192 174 132 201 117
114 199 100 78 222 80 70 236 193 68 173 171 99 108 190 151 88 198 237 238 236 35 175 191 58 108 197 157 119 254 254 76
48 32 96 137 77 9 232 64 105 36 240 11 138 8 22 0 106 133 70 1 12 115 196 192 20 24 130 49 101 8 90 130
246 109 103 22 207 80 150 236 193 196 184 171 97 236 55 23 120 243 241 227 204 99 174 173 50 40 205 59 103 127 126 222
50 32 64 137 79 75 160 72 142 164 240 11 0 136 96 128 104 140 235 129 8 115 91 208 29 0 143 57 21 8 116 130
15 190 189 219 184 247 63 184 158 219 70 116 220 247 235 236 151 123 177 30 183 88 171 255 107 95 127 238 154 245 141 117
198 157 148 151 177 232 62 167 59 31 75 17 236 126 12 81 183 87 161 19 114 216 27 103 45 54 95 67 128 80 133 3
8 20 56 101 52 46 115 50 124 10 126 16 215 49 129 48 149 92 68 42 161 180 113 14 231 255 48 0 66 225 66 161
33 207 105 14 214 129 207 244 68 64 24 230 113 96 180 4 76 226 6 207 219 40 44 61 40 44 165 192 125 154 240 204
2 143 2 158 23 147 170 230 22 5 88 163 96 232 50 192 89 107 131 133 38 184 12 255 32 38 138 11 20 14 56 142
104 48 56 96 32 12 81 16 97 136 52 8 31 23 0 48 132 20 93 8 136 96 176 0 195 249 32 16 66 128 66 35
104 53 56 101 52 14 119 48 120 8 126 8 223 49 0 48 148 84 84 106 169 176 113 14 231 255 32 0 66 162 66 33
33 207 64 14 214 129 206 244 68 0 88 230 113 96 180 4 88 226 6 239 218 40 12 61 40 44 165 192 125 154 240 140
2 144 16 155 247 205 176 207 30 49 80 178 172 158 40 64 183 27 179 17 50 56 27 247 45 22 30 230 20 8 129 139
2 143 2 158 23 131 186 230 22 5 88 163 32 234 50 192 89 107 131 133 6 184 10 255 32 38 138 139 20 14 60 138
104 53 120 101 52 14 119 48 120 8 126 8 215 51 128 48 148 84 68 42 168 176 241 14 231 255 32 0 66 162 66 35
35 207 64 14 150 129 142 183 70 0 88 230 97 96 180 68 75 98 2 207 210 8 12 61 40 4 173 192 53 218 208 12
38 162 8 153 207 131 144 200 22 52 208 131 64 202 106 64 89 9 163 149 22 114 79 151 28 6 143 111 149 12 56 134
18 135 8 190 154 128 6 175 150 65 201 131 101 98 42 64 113 66 9 227 122 9 12 63 184 38 143 81 52 82 184 10
104 48 56 96 32 76 81 16 97 136 52 8 159 23 0 48 132 20 93 8 136 96 176 0 195 249 32 16 66 128 66 35
130 64 148 149 41 26 176 32 188 158 3 81 204 2 5 207 129 85 235 3 100 196 3 192 4 50 90 19 0 53 9 7
2 141 2 158 20 147 170 230 22 1 88 131 96 232 48 192 89 106 131 197 38 184 12 255 32 38 138 9 28 14 56 156
20 141 8 190 146 131 6 173 22 3 73 147 101 96 40 64 17 67 1 167 122 8 13 63 168 38 143 68 48 114 177 8
128 133 144 21 144 42 36 167 56 3 74 80 164 34 0 80 1 71 0 32 112 156 1 78 44 38 20 64 128 80 129 8
97 32 112 64 100 29 248 16 105 40 176 72 138 8 148 180 206 132 70 8 141 98 228 192 22 216 0 50 79 140 74 133
38 162 8 137 204 3 160 200 22 180 208 139 192 200 114 64 121 8 35 149 6 114 79 145 28 2 143 109 213 8 52 130
16 133 0 174 154 128 6 173 148 1 201 131 99 97 40 64 113 194 9 226 126 11 12 63 184 38 141 16 53 82 176 8
212 65 28 165 56 74 22 32 172 164 139 1 199 14 10 66 162 85 205 99 108 129 73 12 225 229 43 21 32 51 13 66
97 34 112 65 108 25 232 16 105 40 244 72 138 8 148 182 202 197 87 8 140 114 196 192 22 24 0 48 79 140 90 133
36 162 8 187 220 131 128 200 22 53 208 147 97 192 106 64 89 10 34 149 22 114 79 183 28 6 143 109 149 8 184 130
105 32 113 64 100 29 248 16 105 40 180 72 138 9 148 180 202 132 70 8 141 98 224 192 22 248 0 50 79 140 74 5
38 162 8 137 204 3 160 200 22 180 208 139 192 200 114 64 121 8 35 149 6 114 79 145 28 2 143 125 213 8 24 134
112 207 70 174 158 130 78 164 132 128 200 226 99 96 176 196 88 226 12 239 105 11 12 63 176 36 172 144 53 254 248 12
97 34 112 65 108 25 232 16 105 40 240 72 138 8 148 182 202 197 86 8 140 114 196 192 22 24 0 48 79 140 74 133
17 142 10 186 28 131 138 236 86 1 88 227 97 224 184 64 89 42 2 133 38 170 15 191 168 6 187 136 60 10 184 136
105 48 113 96 37 28 81 16 105 8 180 72 26 27 132 52 134 148 68 8 137 96 240 192 195 249 32 146 66 128 66 35
113 79 70 30 30 128 78 244 192 128 216 234 99 224 177 151 90 226 108 238 204 139 142 61 176 40 229 152 45 255 242 12
96 176 49 80 104 141 113 214 123 57 112 88 150 153 68 25 133 155 87 24 130 126 242 81 93 152 81 106 192 128 194 171
61 130 69 185 156 11 99 216 86 160 82 194 211 65 248 192 89 140 34 156 43 176 77 31 204 135 167 100 61 136 112 160
96 32 66 129 76 9 224 64 105 4 240 11 130 8 20 16 106 133 74 129 12 51 196 192 148 48 2 17 69 8 122 130
2 142 10 158 22 131 178 230 22 5 90 163 96 234 34 64 121 123 131 129 38 152 14 255 32 38 154 11 20 10 60 142
230 48 191 248 74 229 17 64 139 19 161 27 20 159 96 27 237 145 123 144 26 71 178 80 211 144 216 123 144 0 38 114
202 214 150 145 171 58 176 166 190 191 130 245 204 162 76 203 167 87 233 145 100 205 131 64 140 50 95 71 136 84 169 31
48 32 2 136 77 73 160 72 134 164 176 11 2 136 96 0 232 136 106 129 8 99 67 208 149 0 139 59 81 8 52 130
104 48 56 96 33 92 81 16 105 136 52 8 159 23 0 48 132 20 93 8 137 96 176 0 195 249 32 16 66 128 70 51
16 134 0 187 94 131 130 200 22 17 208 211 97 192 184 64 89 10 2 165 42 178 79 191 252 6 191 108 53 138 176 128
99 32 96 69 108 25 232 64 105 32 240 10 138 8 20 18 202 197 70 1 132 114 196 192 22 24 2 49 79 136 90 132
34 32 65 129 76 9 224 64 109 32 240 75 130 8 20 16 232 133 75 129 12 115 196 192 20 48 131 58 69 8 82 130
38 160 4 137 206 3 160 200 22 180 208 139 192 200 96 0 89 136 107 145 2 115 79 145 28 0 143 61 213 8 20 130
97 34 120 68 108 29 248 64 105 32 176 74 138 8 20 50 202 197 70 9 132 98 196 192 22 216 2 48 77 136 74 132
82 202 14 184 171 145 156 231 140 22 146 183 237 142 34 201 239 51 235 129 86 13 3 245 152 215 222 219 20 12 173 91
146 138 30 185 170 145 188 167 172 22 130 177 237 14 34 75 231 51 237 145 118 13 3 53 201 195 126 211 16 0 173 75
32 32 1 137 78 11 160 72 14 160 240 75 148 128 96 64 232 157 106 129 0 243 203 80 28 0 143 56 17 8 48 128
6 186 149 146 187 197 54 200 158 223 0 117 236 246 105 138 149 123 251 21 51 64 154 115 41 22 95 238 152 116 133 211
36 162 4 185 206 3 160 200 22 180 208 139 193 192 96 0 89 136 107 145 2 114 79 145 28 2 143 125 213 8 52 130
7 190 157 19 176 228 63 190 190 95 67 116 252 246 202 203 151 123 160 18 51 88 155 119 44 54 127 198 136 81 137 89
7 158 157 147 178 244 63 183 58 91 70 244 252 118 202 107 135 87 177 22 179 216 59 119 108 55 127 194 136 85 137 113
34 32 96 129 76 9 232 64 109 32 240 75 130 8 20 16 234 133 79 1 12 115 196 192 20 56 131 59 69 8 82 134
99 32 112 65 108 25 232 64 105 32 240 11 138 8 22 18 202 197 87 5 132 114 196 192 22 24 130 49 79 140 90 132
38 160 4 137 206 3 160 200 22 180 208 139 192 200 96 64 89 136 107 145 2 114 75 145 156 0 143 61 85 8 52 130
3 22 143 149 226 42 169 23 62 255 66 244 148 38 130 111 39 71 50 156 177 220 39 66 12 54 126 192 140 80 161 117
32 32 3 137 78 11 160 72 14 160 240 75 148 136 96 0 232 141 106 129 8 243 203 208 28 0 143 48 21 8 113 128
32 32 64 141 76 9 224 64 109 36 240 11 130 8 20 16 106 133 74 129 12 115 196 192 20 24 131 57 69 8 90 130
97 34 112 64 108 29 248 64 105 32 240 74 138 8 20 176 234 133 86 9 132 114 196 192 22 216 2 32 79 136 75 132
97 34 121 65 100 9 232 16 105 0 240 72 155 8 148 48 170 133 70 12 132 50 196 192 20 184 2 0 77 136 67 128
36 162 12 185 204 3 160 200 22 180 208 139 193 200 114 0 89 136 107 145 6 114 79 145 28 2 143 125 213 8 52 130
2 184 187 187 66 229 161 199 30 91 80 83 180 223 100 8 253 59 19 17 19 126 146 113 77 0 122 232 208 8 167 251
254 253 102 70 207 80 214 252 193 194 173 139 99 252 127 183 24 210 217 227 237 99 190 171 51 73 197 63 111 127 254 126
61 162 68 169 222 27 227 216 22 164 214 194 195 1 242 196 89 136 34 156 11 242 111 159 204 199 167 36 63 136 120 160
14 158 188 147 177 244 63 183 62 95 71 181 236 246 202 207 151 83 177 151 182 216 59 247 111 87 127 195 130 85 141 119
99 34 112 64 108 25 248 64 105 32 180 74 138 8 150 176 202 133 87 13 132 98 196 192 22 88 2 49 79 140 90 132
48 48 14 137 73 79 177 72 134 184 210 111 212 214 96 128 233 152 234 128 9 243 91 208 157 0 175 63 88 8 45 147
246 149 97 78 223 83 214 232 83 103 169 155 67 108 62 148 89 214 217 227 254 35 61 191 59 46 133 127 247 127 246 86
96 34 64 137 77 73 224 64 109 36 240 143 138 8 22 0 104 141 203 129 8 115 213 192 21 16 131 57 69 12 126 130
242 253 102 94 223 68 150 237 145 202 153 15 104 252 63 131 189 243 209 227 236 107 154 175 59 46 205 187 125 118 190 223
50 50 4 137 79 79 177 72 22 164 240 139 196 204 98 64 120 152 235 128 8 115 219 208 157 0 143 59 17 12 60 210
15 188 190 251 184 151 59 248 158 249 70 112 220 247 235 237 151 127 251 56 183 208 171 255 111 95 111 238 150 244 129 117
3 141 11 158 20 195 170 234 22 0 88 163 96 232 184 192 89 106 2 199 38 186 12 255 32 38 138 137 21 10 56 140
79 172 244 127 176 186 126 188 251 211 71 176 253 250 222 113 151 111 53 63 247 216 47 255 110 255 127 198 150 245 193 101
6 188 148 187 185 231 62 168 158 191 0 49 204 246 110 73 151 123 179 19 54 72 139 247 45 22 95 239 144 117 133 87
104 48 57 96 33 77 81 16 105 168 52 8 159 23 0 48 132 148 93 8 136 96 240 0 195 249 33 48 98 128 66 35
2 143 2 158 22 147 170 238 22 5 88 231 96 232 48 192 89 107 131 197 38 186 12 255 32 38 138 139 21 14 56 140
104 48 57 96 33 93 81 16 105 168 52 8 159 23 0 48 132 148 93 8 136 96 240 0 195 249 33 48 66 128 66 35
54 160 12 153 207 3 176 200 22 180 208 139 192 200 98 64 217 137 235 145 6 115 75 209 156 0 143 127 85 8 60 130
2 143 10 158 22 131 182 230 22 4 90 163 96 234 34 64 121 107 131 197 38 152 14 255 32 38 138 3 20 10 60 142
104 48 56 96 33 76 81 16 105 8 52 8 159 23 0 48 132 20 93 8 137 96 176 0 195 249 32 16 66 128 70 51
2 141 10 158 22 195 174 230 22 0 90 131 96 234 50 64 89 107 3 199 38 152 14 255 32 38 138 129 20 10 56 136
104 48 56 96 33 76 81 16 105 8 52 8 159 23 0 48 132 20 93 8 136 96 176 0 195 249 32 16 66 128 70 51
6 135 138 154 148 162 174 239 20 133 91 179 64 234 56 192 121 110 131 181 22 154 12 206 40 38 159 193 149 110 184 132
2 156 24 155 215 201 184 207 30 33 80 178 236 158 40 64 183 27 147 1 50 56 27 247 45 22 30 227 20 8 133 139
2 143 10 158 23 131 186 230 22 5 74 163 96 234 34 64 121 123 131 129 38 154 10 255 40 38 138 11 20 10 60 138
158 253 146 182 207 133 158 236 138 138 152 75 108 254 105 131 189 123 147 227 68 35 154 235 57 0 207 171 29 127 171 155
29 164 129 31 146 115 7 184 86 231 70 212 115 231 233 228 17 78 32 62 59 208 191 63 233 199 37 68 186 243 180 112
51 195 64 143 124 27 236 189 20 96 81 199 113 10 158 196 126 140 23 237 207 16 77 157 52 40 170 148 63 158 216 220
253 199 108 110 142 18 78 188 65 164 172 143 99 97 159 183 90 198 108 238 236 35 239 45 242 233 197 60 119 190 250 76
241 205 78 158 158 0 70 172 144 0 201 138 115 96 186 81 120 226 72 238 108 11 14 63 176 38 132 24 61 186 176 8
198 188 148 159 177 234 54 175 186 31 75 49 236 246 8 209 151 83 161 19 50 216 27 119 45 54 95 71 128 115 141 19
22 199 96 141 154 82 158 105 5 37 217 243 73 14 190 196 126 157 135 163 222 18 77 223 182 100 171 197 55 166 172 197
23 166 128 186 147 163 6 236 22 179 73 83 68 226 106 192 17 75 161 179 54 72 11 55 168 6 157 71 152 87 185 6
56 0 111 228 5 82 105 64 69 4 230 2 83 9 50 96 120 132 18 168 8 179 53 140 83 233 128 5 99 42 116 226
35 219 1 158 124 149 204 182 214 72 216 68 178 200 181 228 204 42 22 205 207 42 114 189 36 60 186 152 24 156 120 157
240 109 70 62 155 128 6 228 144 134 232 139 99 224 33 19 56 226 232 226 108 75 142 47 48 38 197 25 101 119 170 10
208 205 22 22 144 0 6 167 176 146 42 80 112 98 9 19 1 102 72 66 112 73 136 47 168 162 68 16 0 114 162 8
29 172 133 27 153 243 7 248 86 247 68 148 115 225 203 228 17 78 32 56 59 208 191 63 233 199 165 100 186 241 148 112
148 133 128 186 146 163 6 173 22 19 73 210 68 226 40 193 17 66 40 179 114 73 13 63 168 166 141 68 176 99 184 0
148 132 128 62 147 167 6 173 22 19 201 147 69 227 40 64 81 74 40 179 122 9 31 63 185 166 141 84 176 99 176 0
194 205 134 23 145 74 54 167 184 23 75 145 236 38 10 83 129 119 129 2 116 216 8 111 173 54 92 3 128 84 141 74
137 69 237 229 38 26 111 48 117 194 70 130 217 47 151 97 54 196 49 238 233 148 53 206 102 239 202 0 39 243 113 96
6 172 148 155 153 227 182 172 158 151 67 17 196 226 104 73 145 123 163 19 50 88 139 119 45 22 95 111 144 113 133 2
104 53 49 101 49 15 119 48 121 168 126 72 223 49 128 52 148 84 84 106 224 176 113 14 231 255 37 0 66 226 66 35
200 205 6 23 145 26 7 167 176 151 14 17 106 36 10 147 1 102 128 2 112 220 8 42 41 99 84 3 194 84 142 74
150 141 136 190 146 227 7 173 150 7 201 19 101 98 42 64 17 67 9 163 122 9 8 63 248 39 143 85 176 115 165 66
73 53 121 101 52 14 119 50 121 8 126 64 223 51 128 48 148 84 68 42 161 184 113 14 231 255 32 0 66 162 66 35
104 48 49 96 97 93 81 16 105 136 180 72 31 31 0 52 132 148 221 8 137 96 240 192 199 217 32 18 66 128 70 51
55 135 66 130 150 19 202 248 5 164 223 199 65 78 190 196 126 204 7 239 220 147 77 188 58 12 171 244 53 175 120 212
64 181 53 99 208 204 103 188 59 56 43 72 246 119 8 80 149 87 93 98 99 80 249 125 173 186 5 86 64 3 199 59
54 135 98 131 18 83 202 232 5 164 219 227 65 78 190 64 127 221 135 227 156 147 13 190 154 101 171 197 55 175 60 213
131 84 167 157 140 230 169 39 156 211 66 214 196 54 182 111 231 39 58 149 245 220 55 198 12 50 222 194 156 76 177 244
199 84 135 157 171 38 173 39 188 219 66 212 204 102 148 111 231 103 120 165 181 220 55 202 140 50 222 194 140 116 161 117
255 237 97 78 223 82 71 236 81 198 252 138 99 108 159 180 121 198 244 238 237 35 255 63 123 111 197 57 103 254 246 124
32 32 5 137 78 11 161 72 22 160 194 66 213 130 96 192 120 140 106 128 1 208 91 16 156 162 175 48 24 8 33 160
15 190 181 147 179 244 63 190 190 223 70 244 252 246 235 237 151 123 177 159 183 216 187 247 110 119 255 198 142 245 141 125
32 32 67 133 76 13 232 64 172 32 226 67 20 138 20 16 104 141 106 129 0 243 209 64 149 32 3 32 65 8 99 128
190 224 232 234 222 115 154 200 23 180 149 187 73 205 239 8 123 217 147 243 10 39 45 144 90 65 137 253 183 191 52 242
29 180 133 95 152 87 71 184 22 251 70 100 243 245 235 229 17 110 168 60 191 208 63 63 107 231 101 228 186 244 20 117
35 95 66 156 52 148 206 50 148 192 218 197 177 202 179 192 76 233 23 205 205 139 22 239 32 62 170 136 29 181 56 92
137 158 238 87 246 62 125 183 120 95 86 182 217 63 146 107 103 70 49 156 181 216 37 98 110 111 246 192 164 209 245 241
32 34 66 137 76 9 224 64 236 36 240 11 132 138 20 16 232 141 74 129 4 243 193 192 148 48 131 57 69 8 123 128
255 221 99 86 211 86 87 252 113 202 189 124 115 124 157 183 21 214 213 239 253 103 189 47 59 111 101 158 111 246 242 125
48 32 14 169 15 75 160 72 22 164 224 3 199 130 96 192 120 140 234 128 8 241 91 144 156 160 143 49 49 8 53 130
13 188 135 95 153 215 7 184 22 251 70 4 241 247 235 237 17 110 232 56 191 208 187 63 107 199 69 108 138 116 20 116
41 32 83 225 108 9 233 64 108 32 112 74 159 8 20 128 106 141 66 13 129 242 213 192 84 24 2 32 77 136 67 160
245 68 111 196 5 70 239 96 116 226 198 2 81 53 55 101 120 196 59 239 105 183 53 206 113 42 194 4 41 40 112 116
199 20 183 149 171 102 173 3 189 219 195 16 204 54 69 111 231 23 123 129 177 213 179 192 5 50 90 134 128 117 165 117
255 221 246 86 181 54 222 189 211 222 63 24 106 124 190 183 149 211 181 99 254 99 58 191 123 127 197 223 231 247 218 87
61 160 68 233 223 91 96 216 87 244 212 134 195 193 242 228 89 140 234 156 47 242 127 157 142 195 133 37 55 140 92 196
14 156 180 179 179 244 62 191 190 223 7 181 236 255 75 79 151 123 177 151 182 216 187 247 111 119 223 199 134 117 141 87
122 50 6 137 75 95 177 88 22 232 214 111 212 214 66 196 253 156 234 0 9 243 251 208 221 1 171 187 26 12 45 243
118 180 228 90 153 247 86 232 23 251 168 25 66 252 127 152 157 222 253 179 190 99 27 191 59 94 133 255 219 119 252 22
98 170 238 26 78 225 185 71 139 85 112 139 48 204 118 27 235 171 99 21 22 106 138 113 95 24 216 235 213 8 254 222
254 156 230 94 223 22 158 236 19 10 249 59 104 252 62 145 221 247 177 227 250 107 26 191 59 46 205 223 117 118 254 87
134 237 18 190 253 149 158 237 154 14 29 11 108 250 107 135 157 123 147 103 118 99 138 239 59 87 143 43 18 126 169 143
79 140 244 95 253 218 255 188 251 215 55 148 236 236 158 247 55 103 241 63 247 200 47 255 111 62 95 199 134 245 207 85
2 143 10 155 86 131 154 236 22 5 88 167 96 234 42 64 89 107 3 133 38 170 15 255 40 38 155 11 21 10 60 138
104 48 49 96 97 93 113 16 105 136 52 72 30 23 0 52 132 148 213 8 137 96 176 192 199 249 0 18 66 128 66 51
12 21 177 103 241 46 114 17 125 139 123 80 222 115 9 244 149 94 87 58 177 176 121 238 175 254 32 2 194 227 195 163
49 207 105 14 150 131 143 237 70 65 88 230 113 96 188 96 91 74 2 239 219 40 45 63 40 38 175 192 53 154 240 172
2 142 10 190 86 131 186 236 22 5 88 163 96 234 58 64 121 43 3 129 38 186 14 255 104 38 186 137 21 10 60 138
64 21 21 101 113 78 102 48 125 168 122 72 222 55 0 245 148 85 95 106 97 176 81 206 165 254 5 2 66 50 67 51
49 207 72 14 150 129 143 253 70 0 216 230 113 96 184 0 90 226 6 239 218 41 13 63 104 12 173 208 117 154 240 136
64 29 53 101 113 78 103 48 109 168 122 72 222 55 0 52 148 117 94 106 225 176 81 206 165 254 69 2 66 242 67 35
34 140 11 186 84 193 138 238 22 1 88 163 113 232 56 64 89 107 19 129 38 170 14 255 104 38 191 73 21 10 180 138
22 156 132 58 154 227 23 172 150 51 137 21 212 231 40 65 17 78 104 178 58 73 27 63 233 6 77 116 144 99 165 114
105 48 49 96 97 93 113 16 105 136 52 8 30 23 0 52 132 148 213 8 137 96 176 192 199 249 0 18 66 128 66 51
246 205 134 22 131 16 22 173 177 150 37 153 96 224 43 27 17 226 160 98 108 71 138 47 59 34 85 11 35 119 174 78
2 141 10 155 86 195 170 236 22 1 88 131 112 232 56 64 121 107 19 129 38 186 15 255 104 38 155 9 21 10 52 138
52 162 12 169 140 11 160 200 22 180 208 131 193 193 96 64 89 140 107 145 10 242 75 145 156 130 143 53 85 8 52 130
28 140 132 58 155 163 6 168 150 179 136 144 97 227 40 193 17 78 232 178 58 193 11 63 168 134 77 117 178 103 184 0
213 205 150 30 153 4 6 173 176 18 137 24 97 226 40 19 17 98 32 234 122 71 154 47 57 34 69 24 1 114 162 8
33 34 122 65 108 13 248 64 233 32 240 11 142 136 20 0 234 133 87 5 132 114 212 192 22 24 2 32 77 136 75 132
48 34 4 169 12 11 160 72 30 180 208 131 195 129 112 0 89 140 107 145 8 243 75 144 156 130 143 52 85 8 16 130
20 140 132 26 155 167 6 172 150 51 9 16 96 226 40 65 17 74 40 178 50 201 27 63 169 6 93 100 152 99 176 2
198 205 6 22 209 160 22 175 184 150 11 145 108 102 10 83 145 99 161 98 118 76 138 111 41 50 93 11 0 118 143 78
33 32 98 129 108 13 232 64 233 32 240 11 142 136 20 18 234 205 78 1 140 114 196 192 22 24 130 49 77 136 67 134
52 160 4 169 204 11 160 200 22 180 208 139 193 193 96 0 89 204 106 145 10 242 95 144 156 0 143 53 85 8 20 130
6 172 132 187 153 179 22 170 150 183 0 17 228 226 107 201 145 75 168 20 54 64 203 55 168 6 93 111 144 117 153 6
244 109 75 62 138 128 6 244 176 130 168 74 115 227 33 18 49 226 64 234 105 79 158 43 176 167 101 56 105 243 170 40
97 32 122 65 108 13 248 64 233 32 240 74 142 136 20 16 234 133 70 1 132 115 212 192 22 24 2 32 77 8 75 132
48 32 4 169 76 11 160 72 30 180 208 139 199 128 96 0 121 136 107 145 8 242 79 144 156 0 143 53 85 8 21 130
240 133 69 62 154 2 71 173 150 19 201 154 115 224 56 81 81 194 104 226 122 75 31 63 249 38 197 92 49 114 240 8
33 34 90 129 108 13 232 64 233 32 240 11 142 136 54 0 234 141 78 1 4 115 212 192 22 24 130 33 77 8 75 134
198 221 148 23 129 106 54 167 184 183 11 17 236 98 10 83 129 87 233 98 112 220 27 110 45 50 84 67 128 119 135 74
52 134 12 185 156 131 194 200 22 49 208 195 195 65 56 64 89 138 42 173 58 114 79 159 172 134 175 116 53 136 56 128
63 125 179 202 239 117 159 220 199 200 156 42 124 253 125 39 252 251 151 243 195 35 58 248 123 73 143 186 23 123 53 251
13 188 165 95 184 215 71 184 87 250 70 224 211 245 201 253 21 124 188 56 171 208 111 63 111 255 101 228 186 244 80 117
48 34 74 161 77 73 224 64 172 36 242 7 12 130 34 144 104 141 106 129 4 243 131 192 148 160 3 33 65 8 107 128
24 32 12 129 13 75 97 72 6 164 198 135 195 130 66 192 104 132 238 128 8 193 223 144 149 163 131 17 48 8 61 82
14 190 188 183 251 240 62 174 158 215 6 181 236 255 75 75 135 127 249 151 54 72 171 247 111 87 95 231 150 117 141 91
41 32 82 161 79 89 225 64 104 36 246 10 143 137 16 132 106 140 66 13 1 240 213 192 84 137 2 32 103 8 75 160
111 188 166 91 185 215 87 184 215 255 70 0 226 245 127 247 149 126 249 62 190 192 251 63 107 223 69 111 210 244 88 118
142 156 180 247 227 252 63 167 187 31 79 49 237 127 74 203 167 115 177 147 114 216 187 231 111 243 95 199 130 117 133 219
239 156 244 95 237 246 223 190 211 223 101 21 104 236 95 255 149 119 177 47 246 120 254 191 111 127 213 199 199 245 222 215
41 32 44 201 77 95 96 88 87 252 214 15 195 4 82 100 121 140 234 152 140 240 127 156 31 203 133 53 115 140 92 214
24 48 7 145 71 91 161 72 188 76 246 167 205 198 34 196 122 140 234 133 5 243 183 192 85 33 138 9 99 12 47 246
70 156 180 190 187 230 30 174 155 255 8 181 236 255 79 75 151 119 249 179 182 73 27 255 43 86 79 199 150 119 141 87
26 48 6 153 15 223 177 88 190 108 214 39 204 214 162 228 124 188 238 128 5 209 113 208 149 48 139 131 26 12 61 246
62 148 164 62 249 135 158 232 23 63 244 27 106 253 62 209 221 223 177 167 190 115 27 191 123 111 77 239 215 100 252 131
15 172 246 223 187 215 30 168 223 230 70 0 108 254 54 245 151 127 187 185 164 216 59 255 107 127 93 199 134 116 9 79
134 237 146 158 245 167 158 237 155 31 25 27 236 234 42 4 155 107 131 35 118 79 154 255 187 86 223 63 146 127 175 142
78 188 246 95 235 223 191 170 255 246 6 21 236 238 30 247 151 103 251 63 164 73 191 253 47 58 79 207 150 228 143 87
2 134 10 187 94 131 162 236 22 5 89 147 100 234 40 64 89 91 3 161 34 186 75 191 124 38 159 109 21 10 181 138
105 48 113 64 101 29 113 16 105 8 180 72 26 27 132 182 132 212 214 8 137 96 240 192 71 249 32 146 74 140 74 37
20 77 24 167 16 78 87 184 36 132 78 1 247 87 11 80 144 93 5 99 72 144 217 46 225 229 47 5 32 115 5 66
16 142 10 187 94 131 170 236 22 5 88 179 101 202 40 64 89 11 3 129 42 178 74 191 252 6 155 73 53 10 181 138
134 6 148 21 34 42 160 10 62 179 67 241 196 34 9 75 135 69 34 1 32 212 67 70 4 50 91 6 128 97 1 133
134 4 149 21 96 106 160 42 62 255 67 48 196 98 9 203 129 71 162 0 33 212 67 74 4 50 91 6 128 101 1 68
0 140 11 191 94 195 171 236 22 1 88 243 113 202 56 64 89 11 19 129 34 178 74 191 124 166 187 76 53 10 180 138
105 48 113 64 101 29 113 16 105 8 180 72 26 31 132 182 132 212 214 8 137 96 240 192 71 249 32 146 66 140 66 37
214 205 134 30 203 18 22 173 178 150 65 145 96 228 46 27 145 70 160 226 118 68 155 63 59 38 85 15 2 119 174 70
32 132 11 187 94 195 163 236 22 1 88 83 117 234 40 64 89 91 3 161 34 186 91 191 125 166 187 108 21 10 180 138
0 160 4 169 28 11 224 200 150 180 210 131 194 195 96 64 121 140 106 132 42 243 73 157 156 2 143 53 48 8 17 128
32 32 90 161 78 11 224 64 253 160 242 11 142 136 84 0 250 13 74 133 4 243 129 192 20 152 11 32 69 8 67 128
220 141 134 30 217 6 6 173 178 146 105 24 96 226 40 31 145 198 32 106 114 78 155 63 41 34 69 76 19 114 162 0
32 32 4 169 12 11 224 72 150 176 210 2 195 129 64 64 121 140 110 13 40 241 75 156 156 146 143 52 16 8 17 128
32 32 86 161 78 11 224 64 252 160 242 11 142 200 80 0 250 77 106 141 4 241 129 192 20 144 11 32 69 8 67 128
198 205 132 30 201 98 22 173 186 151 65 145 108 230 10 91 145 71 161 98 118 76 139 127 41 54 93 15 0 116 175 90
32 32 4 169 12 11 160 72 30 176 210 2 199 129 80 0 121 12 106 141 8 241 91 216 156 130 143 52 84 8 17 128
33 32 82 161 79 13 224 64 126 160 242 10 158 200 116 0 250 205 74 141 4 241 209 192 21 144 11 32 69 8 67 128
121 204 131 62 146 38 71 252 18 130 233 88 115 225 41 180 49 234 32 234 105 199 158 47 56 38 85 24 107 242 162 40
32 34 4 169 28 139 160 72 150 180 210 131 195 129 96 64 121 172 106 129 40 241 73 156 156 2 143 53 80 8 25 128
252 133 141 62 152 231 7 173 22 51 137 16 82 241 40 81 81 198 40 162 123 75 91 63 233 166 205 124 176 113 144 32
142 188 180 247 179 242 62 174 187 151 71 49 236 255 78 207 183 127 165 18 118 216 187 247 175 247 95 199 162 117 141 83
40 48 38 193 77 95 224 72 86 236 246 15 194 156 118 100 248 140 234 8 12 243 251 144 95 73 135 49 115 12 92 214
70 188 182 158 187 199 158 168 155 254 10 169 108 254 127 71 151 119 249 179 54 193 155 255 169 54 205 215 148 116 13 95
26 48 38 141 79 86 177 88 182 76 214 163 76 215 34 228 124 220 251 128 132 211 183 216 151 99 138 11 35 12 61 247
14 172 182 222 251 211 190 232 159 182 70 1 108 254 46 215 147 127 251 145 38 217 155 255 107 127 221 195 134 116 45 14
52 164 8 187 222 131 131 232 22 49 208 147 245 227 104 64 89 91 35 177 50 114 91 183 188 134 143 108 177 8 181 130
112 237 11 102 128 66 6 167 160 130 170 72 51 49 0 19 1 246 72 98 88 139 136 43 185 160 100 16 97 114 214 42
113 207 79 6 128 8 71 183 224 194 170 236 51 32 144 19 0 230 76 78 217 9 172 43 120 40 100 144 101 242 210 121
198 140 132 31 201 82 22 168 50 183 96 17 96 230 78 91 145 95 160 34 118 82 155 63 41 38 85 47 145 116 166 150
52 132 1 187 222 131 131 232 22 49 208 82 245 243 40 64 89 90 35 177 51 50 91 183 61 134 143 108 53 10 177 160
228 140 132 30 201 22 6 168 178 191 100 16 224 226 8 215 145 78 96 42 114 82 155 63 41 54 85 111 146 116 170 6
64 32 6 141 13 139 224 72 142 160 210 10 198 129 96 196 104 164 110 12 8 241 69 220 156 18 135 48 16 8 17 0
198 156 132 31 139 194 22 174 186 247 65 181 236 231 74 147 145 127 161 227 114 88 155 127 45 54 93 47 144 117 135 210
17 32 86 161 14 11 160 64 236 0 242 2 206 202 48 64 106 141 110 137 0 243 135 192 148 128 10 0 101 8 99 128
14 174 148 159 189 223 150 168 159 191 80 17 236 238 110 133 145 127 163 3 54 72 74 255 47 118 95 111 146 124 141 135
52 160 9 185 222 131 163 200 22 176 208 131 212 195 104 64 89 24 35 177 50 114 91 151 125 134 143 124 245 8 49 162
113 239 79 38 152 0 71 245 224 192 169 236 115 224 136 51 48 226 76 110 201 75 174 47 120 172 100 24 97 242 194 104
36 160 1 185 222 135 162 200 22 48 208 66 212 217 120 64 89 24 51 185 50 114 75 151 61 134 143 108 189 8 49 160
