82 32 90 160 79 72 224 64 45 0 242 11 14 146 32 80 234 141 111 128 8 83 209 192 149 128 139 3 33 0 39 130
48 160 206 29 94 3 66 232 86 164 226 10 99 224 0 80 89 236 98 40 44 243 207 31 88 38 69 61 113 40 114 0
80 0 158 140 77 66 176 72 172 132 194 3 198 210 32 66 232 212 234 129 8 195 195 192 145 48 138 27 16 8 53 2
65 0 7 205 78 6 160 88 102 192 194 66 209 130 176 98 104 204 106 136 129 243 199 208 20 168 162 0 56 136 113 128
53 164 206 31 140 2 70 168 82 226 106 194 115 224 187 106 89 238 32 46 169 240 143 63 104 46 229 20 237 250 112 36
17 32 7 141 78 2 168 64 236 32 194 70 208 130 176 98 104 196 106 136 1 209 133 192 148 32 170 0 12 136 49 0
190 215 228 126 253 127 223 254 19 254 253 191 106 125 31 180 223 215 247 103 252 231 123 191 251 127 69 151 199 255 254 87
82 32 82 161 2 8 104 64 45 0 178 131 143 11 68 80 102 133 127 132 8 65 193 192 212 184 139 128 36 0 35 0
175 220 127 222 239 213 255 236 219 214 164 26 120 253 55 183 239 243 243 227 225 103 62 251 115 123 197 59 87 255 228 238
81 0 134 188 13 2 160 72 166 0 194 2 194 226 32 194 232 229 106 129 12 195 211 192 145 34 202 24 16 40 49 0
245 109 73 10 140 161 198 200 194 146 169 202 83 192 249 32 121 226 64 254 74 39 14 59 176 136 165 60 117 251 242 0
82 34 82 160 66 8 120 64 61 128 242 207 13 10 68 80 190 141 95 132 8 83 133 192 148 176 11 128 37 128 35 0
81 0 134 157 76 2 160 72 230 0 194 2 192 226 48 66 104 228 106 141 12 195 215 192 148 34 202 24 16 104 113 4
212 237 129 18 154 33 6 238 18 179 137 88 116 224 73 11 17 66 64 114 115 71 143 59 56 6 77 124 176 115 131 0
82 34 90 160 66 8 104 64 61 128 242 203 13 3 64 80 62 141 95 132 8 83 133 192 212 160 11 0 97 0 35 0
58 182 234 252 221 83 221 123 83 239 244 27 107 237 54 160 219 250 151 33 188 107 126 159 91 95 213 191 247 236 254 255
134 173 132 19 209 170 166 167 58 183 75 17 204 98 76 143 129 79 162 19 54 216 201 103 45 22 95 71 128 85 141 134
58 160 236 124 125 123 217 123 83 237 244 27 107 109 150 188 217 220 247 40 188 235 247 157 219 255 81 255 247 172 126 199
160 204 132 31 141 35 134 170 214 146 64 0 224 224 41 75 81 102 32 35 96 228 91 63 33 38 213 17 80 120 80 138
130 141 6 158 21 199 174 226 148 0 74 2 96 234 48 65 89 106 27 195 34 185 26 255 33 38 138 0 16 8 48 138
72 48 56 224 34 76 81 16 41 136 52 40 159 31 0 80 134 21 221 0 0 96 176 0 195 249 32 147 98 128 71 51
56 16 123 224 97 126 81 81 105 73 247 44 31 31 162 120 254 157 151 176 153 179 49 128 211 209 34 135 202 128 47 243
6 172 148 19 217 110 180 143 58 191 11 17 140 48 70 143 129 95 226 17 54 216 203 98 13 22 95 71 128 69 141 134
83 34 90 160 98 0 104 64 45 128 226 207 13 10 64 80 38 133 127 132 4 83 149 192 148 160 11 128 37 0 43 128
52 164 135 30 156 66 70 168 82 162 202 10 99 224 9 74 89 238 96 34 40 243 223 63 40 38 69 21 225 122 112 2
81 0 134 156 13 130 128 72 230 0 194 66 194 226 48 194 232 228 106 133 12 99 195 192 144 34 203 25 24 104 56 6
135 191 165 19 242 58 167 135 122 251 11 244 204 36 212 175 167 79 114 21 183 216 175 103 44 22 95 230 204 85 131 245
254 116 18 174 249 111 86 232 191 174 249 57 78 254 43 81 221 249 207 98 104 7 90 222 179 215 7 191 80 127 39 83
188 221 126 254 125 215 82 248 213 12 245 46 123 221 170 209 252 249 151 106 252 167 58 191 243 251 33 155 115 175 108 211
188 159 114 254 121 221 86 240 191 76 253 109 111 255 162 149 222 251 223 66 254 43 74 191 186 223 33 187 122 143 111 211
184 13 102 254 212 34 238 239 117 130 254 18 91 233 181 65 121 238 23 170 248 191 5 238 114 239 230 129 119 248 240 136
130 141 14 158 21 199 174 226 148 2 74 2 96 234 48 65 89 106 2 195 34 184 26 255 33 38 138 0 16 8 48 138
104 48 56 96 32 77 81 16 105 136 52 40 159 31 128 16 134 21 221 8 128 96 176 0 195 217 32 145 98 128 70 51
156 232 248 120 186 201 87 204 183 31 180 40 63 215 201 56 179 219 221 90 42 103 42 51 251 207 53 61 226 145 102 43
130 141 7 158 29 134 175 226 148 2 194 2 112 234 48 65 121 106 59 227 96 153 27 255 97 38 202 0 20 40 48 136
88 48 120 96 34 76 81 16 41 136 52 40 159 31 0 16 166 149 221 0 128 64 176 0 195 249 32 131 98 128 7 19
160 204 7 154 157 197 132 230 150 19 192 16 160 168 48 201 201 106 123 193 114 111 18 183 41 18 222 120 16 88 176 138
130 143 4 158 155 144 150 167 158 23 200 151 172 42 38 197 193 99 170 197 118 201 6 255 40 50 222 83 20 92 185 78
188 104 248 113 180 75 81 134 114 162 38 24 31 19 65 57 35 252 89 88 40 252 241 58 207 203 17 113 226 145 70 42
131 141 7 222 21 199 174 226 212 2 202 2 112 242 52 229 89 106 26 202 33 153 26 255 33 46 202 0 16 8 48 172
131 15 71 158 20 135 174 96 212 2 66 198 96 224 180 229 120 106 10 239 229 185 29 255 32 46 194 0 29 168 112 132
104 48 56 96 32 77 81 16 105 136 52 40 159 31 128 16 134 21 221 8 0 96 160 0 195 217 32 145 98 128 70 35
131 143 71 158 20 134 174 226 212 2 74 198 96 226 180 197 120 106 10 239 165 185 14 255 32 38 202 0 29 44 120 140
187 92 115 236 117 31 67 112 85 174 242 78 107 25 53 213 248 236 23 238 232 183 113 206 179 255 131 130 123 174 112 246
104 48 56 96 32 77 81 16 105 136 52 40 159 31 128 16 134 21 221 8 0 96 160 0 195 217 32 145 98 128 70 35
122 187 188 184 169 221 80 71 171 125 180 45 174 159 66 154 142 147 253 17 30 43 194 209 155 209 56 251 210 6 143 91
131 141 5 156 147 149 134 167 158 19 72 147 172 172 52 197 201 115 147 129 118 72 20 255 41 54 158 67 18 92 185 14
124 109 122 126 104 201 87 232 227 24 188 40 63 255 193 19 163 243 245 74 10 99 170 53 251 249 101 57 114 147 102 170
116 140 133 30 156 98 71 168 210 182 192 24 99 224 25 47 17 230 104 43 104 225 207 63 41 38 69 21 241 121 212 6
80 32 4 141 13 9 160 72 174 32 210 10 198 192 0 214 104 196 106 0 8 99 195 208 148 48 139 59 16 8 49 6
82 32 66 161 13 8 104 64 45 0 178 3 143 130 64 208 106 133 111 140 8 67 193 192 149 176 139 0 33 0 43 2
80 0 134 189 13 128 32 72 238 0 194 2 198 194 32 210 232 229 110 129 12 195 211 208 149 176 138 25 16 8 57 2
181 205 200 62 212 161 71 236 210 130 168 10 115 224 121 0 89 234 0 110 104 39 76 58 120 134 165 56 241 123 210 136
114 32 82 160 74 8 104 64 173 128 242 11 8 130 36 80 106 141 79 132 8 211 145 192 148 56 139 8 33 128 99 128
248 172 175 120 141 229 65 198 195 83 164 24 50 177 96 59 201 226 120 152 58 111 178 49 217 219 212 123 209 88 246 106
113 0 132 157 13 2 128 72 246 0 194 2 198 226 32 66 216 228 106 129 12 99 211 208 149 34 202 57 16 40 48 6
52 164 132 22 138 35 6 236 18 179 136 24 70 224 73 11 49 70 104 51 114 67 139 59 184 6 93 60 144 115 131 8
70 204 132 31 137 34 134 174 158 178 66 17 228 224 13 15 145 103 104 35 100 64 203 123 45 50 93 27 144 113 129 14
96 32 82 160 74 10 104 64 173 128 226 11 9 131 100 80 106 141 74 140 0 211 128 192 21 40 139 9 97 0 98 130
134 172 134 19 209 174 166 175 186 179 3 17 196 224 76 143 129 111 96 51 118 220 27 119 45 22 95 71 128 117 137 134
112 0 132 156 13 2 128 72 246 0 194 2 198 240 32 66 216 228 106 129 12 35 211 144 149 34 195 59 16 40 56 2
0 204 132 31 137 107 134 172 214 179 64 17 228 224 40 75 145 70 96 35 96 96 219 63 45 38 93 59 208 122 145 138
112 32 66 160 73 0 104 64 173 128 226 11 8 131 96 16 232 141 74 128 0 211 128 192 21 32 139 11 65 0 98 130
132 172 148 19 209 207 182 173 190 183 3 17 196 240 72 139 145 103 224 50 118 92 26 55 45 22 93 71 192 113 143 134
2 12 14 159 29 198 172 98 148 2 194 2 96 250 48 65 233 103 59 163 96 201 27 253 49 50 203 3 16 104 52 130
64 140 132 31 9 106 6 170 150 147 72 1 230 224 41 206 145 102 104 3 102 64 219 59 169 54 93 63 144 122 25 14
24 48 120 96 34 77 81 16 41 40 52 40 159 31 192 16 166 145 221 0 136 96 32 192 211 217 32 179 98 128 7 51
32 32 66 136 77 129 96 72 167 0 224 11 2 194 32 80 104 169 66 140 12 179 210 208 21 0 139 40 113 8 98 128
96 32 16 136 77 9 64 8 94 0 224 10 130 192 0 64 88 140 106 1 12 98 223 208 148 176 139 57 16 8 122 134
134 190 132 19 217 171 182 167 190 191 3 49 196 112 76 143 129 103 224 51 118 220 75 119 44 18 93 71 128 116 141 135
68 170 132 31 137 170 6 168 158 154 74 69 228 224 9 206 145 102 104 3 34 64 203 43 140 54 77 59 152 115 9 2
114 32 66 160 72 8 104 64 173 128 226 11 140 130 0 82 106 197 107 140 8 211 193 192 148 160 139 24 33 0 107 2
100 186 157 31 154 195 135 168 86 175 72 125 118 240 73 194 145 78 224 0 35 104 203 59 104 38 117 57 216 122 156 27
21 182 156 23 154 3 23 236 50 255 7 253 84 230 202 27 181 86 224 54 115 81 171 63 40 6 117 118 200 113 135 121
67 222 141 31 168 58 7 174 150 219 64 244 228 228 139 111 149 102 248 7 231 64 239 59 168 54 125 190 152 125 145 125
135 190 173 19 186 155 167 173 254 243 7 244 212 100 222 47 23 102 114 63 243 88 111 63 108 14 125 196 216 112 131 245
254 116 82 190 185 111 86 248 191 174 249 61 206 255 41 89 223 251 223 34 104 71 74 222 179 215 79 191 82 127 167 83
188 82 126 254 109 214 115 120 213 92 247 39 91 223 175 233 254 245 183 98 236 247 42 221 83 251 99 135 119 175 108 211
190 222 118 190 123 155 30 248 191 78 245 237 239 254 166 149 190 249 223 103 239 239 42 255 186 247 43 155 94 167 47 215
58 135 230 222 196 114 239 239 85 19 254 18 105 235 188 109 121 238 55 170 56 251 45 238 122 239 246 129 247 252 244 168
128 12 46 158 29 199 167 96 212 6 194 2 96 248 48 65 201 98 42 227 96 233 10 255 97 50 203 3 17 40 52 130
88 50 120 224 34 72 88 16 41 8 52 41 159 31 128 80 166 149 221 0 128 64 128 192 211 241 32 131 98 128 7 19
129 12 7 222 29 199 167 96 212 2 194 2 112 242 52 101 232 98 42 234 97 233 26 255 33 42 195 0 17 40 112 166
88 50 120 96 34 77 80 16 41 136 52 40 159 31 192 16 166 149 221 0 128 96 128 192 211 249 36 131 98 128 7 19
57 141 167 222 157 245 198 230 215 83 168 24 34 249 53 175 201 226 122 136 47 107 50 183 187 254 214 59 210 93 240 238
248 232 126 120 138 201 85 207 243 20 164 42 43 211 65 25 35 154 200 88 106 103 138 49 243 195 21 61 231 144 70 42
142 94 126 255 126 155 190 240 157 78 119 231 237 254 167 193 254 121 183 103 228 244 46 253 102 115 107 131 94 191 45 213
0 12 47 158 29 199 175 96 212 2 194 2 112 251 48 65 120 98 59 171 96 233 27 253 97 34 202 1 17 40 52 162
88 50 89 224 34 72 88 16 41 8 52 233 159 31 64 80 166 149 221 0 0 64 128 192 210 249 34 131 34 128 7 19
252 54 149 250 169 109 84 223 59 187 185 121 207 255 73 155 159 211 253 50 56 71 202 242 147 211 119 191 210 117 135 19
244 164 237 235 141 101 67 136 82 51 161 24 211 113 89 27 89 192 121 186 59 103 251 18 201 138 193 124 241 235 86 34
131 204 166 158 141 130 142 166 212 214 194 135 96 224 55 71 73 102 106 231 100 205 30 239 32 34 223 10 29 116 48 76
184 108 255 114 143 107 69 71 227 178 167 26 83 145 65 59 41 182 104 26 104 247 178 40 211 203 84 49 227 88 198 42
130 140 7 222 29 198 166 226 212 18 194 2 96 242 32 101 233 98 42 234 96 201 27 255 49 50 218 3 16 40 116 170
1 12 7 159 20 151 238 96 212 2 194 70 112 226 48 229 120 102 42 175 97 241 31 255 48 46 203 0 61 104 112 36
130 205 5 159 157 213 132 167 158 27 72 81 160 40 52 199 201 99 234 193 118 76 74 255 45 50 222 67 18 92 149 140
88 50 120 96 34 77 80 16 41 12 52 40 159 31 128 16 166 149 221 0 8 96 128 192 211 249 32 147 98 128 7 3
56 173 122 118 14 233 85 234 227 22 172 8 55 249 72 59 43 218 64 74 74 107 170 49 211 201 69 57 103 209 198 162
131 12 6 158 29 134 174 96 212 2 194 66 96 224 52 101 120 102 42 239 101 233 31 255 32 42 202 0 25 120 112 132
185 20 115 236 117 119 112 112 93 202 247 70 107 153 53 197 248 172 151 45 169 183 113 206 147 251 226 130 123 172 112 235
162 205 6 158 141 146 134 166 220 18 192 18 224 96 53 199 201 98 106 199 100 205 78 255 33 50 222 19 16 124 184 44
90 187 176 168 121 217 81 84 171 125 176 109 174 159 66 18 142 153 221 81 142 43 194 209 218 209 50 251 94 134 15 219
88 50 120 96 34 72 88 16 41 12 52 41 159 31 128 80 166 149 221 0 128 64 128 192 211 249 32 131 98 128 7 3
129 12 7 159 28 135 166 96 212 2 194 66 112 224 52 101 120 98 42 239 101 245 31 255 32 42 195 0 29 40 112 164
162 205 5 158 141 195 134 166 156 18 192 16 224 96 52 231 201 98 42 195 102 205 78 255 37 50 222 18 16 124 180 12
88 50 120 96 34 73 80 16 41 140 52 40 159 31 192 16 166 149 221 0 0 96 128 192 210 249 36 131 98 128 7 3
248 165 255 122 223 205 69 231 243 19 172 26 50 243 104 48 105 178 96 24 122 107 186 55 251 207 85 127 99 88 230 42
112 0 132 157 13 8 0 72 238 160 194 11 198 194 64 194 104 196 110 0 12 67 219 208 148 160 143 27 16 8 58 2
114 32 6 152 73 130 224 72 172 128 226 3 128 194 68 150 232 237 106 128 8 195 211 192 149 48 143 43 65 0 98 134
114 32 128 157 77 0 96 72 47 160 226 11 68 194 0 214 232 204 106 129 8 67 219 192 149 32 139 59 16 8 112 6
70 140 132 31 137 42 132 172 158 178 66 17 228 224 13 79 145 70 104 35 102 65 155 121 45 50 93 31 144 113 145 14
48 32 6 137 77 130 224 64 164 128 226 3 0 195 64 210 104 236 106 128 8 211 210 192 149 32 143 9 65 0 106 130
91 59 126 237 41 94 125 82 173 236 222 165 143 159 147 246 230 165 253 206 205 145 165 200 210 249 170 131 46 182 47 93
96 32 148 173 77 0 96 72 86 32 194 11 102 224 32 82 216 204 106 1 14 83 219 145 149 32 3 59 16 40 56 2
68 172 148 30 137 205 166 172 158 51 64 17 228 240 105 207 145 94 232 3 114 88 203 59 45 54 93 47 144 120 149 10
18 8 46 158 13 194 189 96 148 22 194 2 96 250 32 67 232 119 59 163 104 195 27 253 209 50 203 19 21 104 53 2
96 32 6 136 73 2 160 64 172 128 224 3 0 130 96 212 232 140 74 128 0 211 194 192 21 32 139 11 65 0 98 130
132 172 150 23 201 139 182 168 190 179 3 17 228 240 73 11 145 119 96 51 114 216 10 63 45 2 77 71 192 112 143 134
90 50 81 224 34 72 24 80 45 132 180 173 159 31 64 208 166 149 221 128 8 65 144 192 210 241 42 131 38 132 7 83
80 0 150 172 79 9 32 72 118 32 194 75 198 192 32 64 120 204 106 1 12 211 211 144 149 32 10 11 24 8 33 2
70 174 148 30 137 201 22 172 158 59 64 89 228 240 104 206 145 78 232 3 102 88 203 55 45 54 93 63 16 112 141 14
158 210 122 226 115 92 120 212 61 77 247 127 15 31 170 253 254 153 159 82 156 183 32 192 214 217 34 195 46 135 175 215
32 32 7 153 73 195 160 72 166 32 240 10 0 194 32 84 104 168 74 128 8 163 211 80 21 2 131 57 81 8 114 130
68 158 148 31 137 139 182 172 190 187 2 117 196 240 8 135 145 103 232 3 102 80 139 63 44 54 93 127 216 116 143 7
96 32 80 137 78 73 96 72 110 32 224 10 6 128 0 80 104 140 106 0 12 115 207 144 148 32 3 57 49 8 90 130
70 190 132 31 136 138 38 168 158 158 66 109 228 224 105 206 145 110 40 0 35 88 138 59 44 54 93 42 152 112 9 28
61 182 142 22 154 23 23 248 50 251 14 253 81 246 202 59 21 94 224 166 177 211 175 63 104 71 117 244 200 118 163 241
71 62 141 31 184 50 5 184 146 219 68 228 244 228 203 111 21 110 248 7 165 65 239 41 44 50 253 156 152 124 17 125
159 158 118 190 58 155 90 248 191 206 245 175 239 238 175 181 182 249 223 231 229 199 62 255 146 251 75 186 62 167 47 85
62 135 230 222 204 178 238 239 215 19 250 50 105 233 188 78 121 254 167 128 56 251 15 239 122 126 215 197 247 254 252 138
0 12 30 190 13 130 181 96 148 134 194 2 100 251 32 67 232 118 43 163 104 227 11 253 241 34 203 17 16 120 52 34
88 50 113 224 34 73 88 80 45 168 52 237 159 31 64 144 166 149 221 0 136 96 144 192 210 241 35 178 102 128 7 83
0 12 14 222 13 195 229 96 212 2 194 2 112 242 32 99 248 102 42 170 96 225 11 253 49 34 203 1 16 104 116 34
88 50 80 224 34 9 24 80 45 136 52 237 159 31 192 144 166 149 221 0 12 96 128 192 210 241 34 131 46 128 15 19
223 22 245 182 170 59 94 186 187 242 187 253 207 111 137 219 183 247 253 39 189 199 251 234 218 246 95 150 174 245 135 87
225 164 172 248 141 37 69 159 214 19 164 24 178 185 90 59 201 130 121 28 58 110 243 51 207 159 212 120 208 72 208 106
80 12 143 222 13 198 229 96 148 134 194 2 112 243 32 67 248 116 107 162 96 193 27 253 213 34 203 1 16 120 53 34
230 54 213 183 170 107 28 159 63 243 185 253 206 127 73 95 151 223 127 50 49 66 203 242 172 214 95 190 200 113 135 49
117 197 201 103 156 43 79 188 82 162 169 202 83 97 217 51 89 198 68 110 120 98 205 47 248 143 229 52 245 251 210 32
244 34 69 105 30 35 67 89 66 176 161 250 83 65 217 27 89 132 76 190 184 103 205 16 216 136 161 124 245 171 86 32
162 204 134 159 205 132 134 166 222 146 192 80 224 224 53 79 201 102 106 75 96 237 90 127 37 50 223 26 16 121 216 174
245 34 205 42 14 35 66 216 66 240 161 238 83 192 249 59 89 196 108 126 141 103 207 24 216 0 225 60 253 171 122 16
65 12 6 158 13 6 228 96 244 130 194 2 112 226 52 103 120 100 42 175 101 225 31 253 53 42 195 0 25 104 112 4
167 78 134 30 204 34 166 162 212 146 194 2 224 224 181 111 73 102 106 239 96 197 207 43 32 34 221 16 129 121 112 140
88 50 80 224 34 9 88 80 45 172 52 237 143 31 192 144 166 149 221 0 12 96 128 192 210 241 35 179 102 128 11 3
233 162 229 105 172 43 73 31 66 123 177 252 147 33 216 59 73 134 108 156 155 126 237 17 204 219 240 244 253 200 210 40
1 12 7 223 12 134 229 104 212 130 194 2 112 226 52 101 120 100 42 171 97 225 31 237 52 42 195 0 25 120 112 36
166 76 134 30 205 166 134 162 212 146 194 2 224 224 53 79 73 102 106 235 96 205 202 47 37 50 223 16 16 120 112 172
88 50 80 224 34 9 88 80 45 140 48 233 143 31 64 144 166 149 205 0 12 96 128 192 210 241 34 131 102 128 15 3
245 251 81 2 138 129 7 244 194 24 168 236 115 193 200 182 6 114 76 74 203 43 142 55 184 128 37 56 120 179 130 57
1 12 15 223 12 135 229 104 212 2 194 2 112 224 52 101 120 100 42 171 97 161 31 253 53 42 195 0 25 40 112 164
114 32 6 137 77 2 160 64 44 128 226 3 192 194 4 128 104 132 74 128 8 227 211 192 149 160 139 27 81 8 122 134
6 164 148 31 217 137 164 140 158 155 0 1 228 240 109 207 145 126 234 3 38 193 203 57 45 50 93 63 144 112 9 142
16 32 6 137 77 11 160 64 172 0 242 2 198 130 32 196 232 128 106 128 8 163 67 192 149 130 139 19 65 0 43 130
82 0 158 189 13 194 180 104 148 6 194 3 228 251 32 66 248 245 235 163 40 195 11 205 209 34 203 3 16 120 53 2
4 174 150 31 201 133 150 168 158 187 66 85 228 224 73 143 145 119 98 19 114 216 11 63 44 22 77 111 216 112 137 6
0 0 6 137 73 143 32 72 118 40 194 67 4 194 32 210 120 236 106 129 0 211 131 208 148 32 138 42 24 8 35 130
90 48 113 224 35 72 120 80 45 128 178 169 143 31 0 16 166 149 223 128 1 65 144 192 151 249 11 130 38 132 7 51
32 32 7 137 77 73 160 72 174 0 240 66 194 194 36 68 104 128 106 128 8 163 195 208 149 0 139 24 81 8 119 130
5 182 157 31 186 139 17 232 30 252 68 228 244 244 138 103 21 126 234 60 35 209 235 61 76 34 101 124 152 32 31 241
87 12 126 190 58 251 248 104 189 214 245 163 237 238 183 125 255 185 255 167 172 199 46 221 150 251 203 155 53 165 43 69
80 2 158 189 12 130 164 96 148 130 194 3 68 235 32 66 120 116 107 163 32 209 11 204 208 34 207 1 21 120 57 2
230 207 198 222 252 146 238 238 255 145 250 211 104 235 252 198 121 206 107 209 118 235 143 247 62 54 199 77 215 222 248 140
82 48 81 224 34 72 57 64 45 128 178 169 143 31 0 80 166 149 223 128 1 65 144 192 151 249 11 146 38 132 7 113
80 4 158 221 12 66 165 96 212 6 194 2 80 243 32 67 120 116 106 170 32 241 11 204 241 34 195 1 16 120 116 34
83 48 81 225 34 8 56 64 45 128 178 237 143 15 0 86 166 213 255 132 1 65 145 192 148 248 11 130 44 128 35 21
71 36 183 181 170 42 173 171 59 242 203 216 212 118 93 123 183 87 123 183 49 208 223 202 189 54 95 22 132 241 135 100
125 229 73 110 158 1 79 184 66 176 173 202 83 97 217 51 88 194 76 238 105 34 239 56 232 141 229 60 117 251 210 32
218 115 121 224 50 72 89 92 41 108 180 42 31 31 202 48 182 157 221 240 203 26 225 193 211 201 34 228 39 128 7 123
80 8 158 222 12 194 36 96 148 150 194 2 96 243 32 66 120 116 42 162 32 195 139 237 209 162 199 1 16 120 52 34
52 132 205 103 148 99 71 253 82 179 171 90 83 97 89 27 89 198 32 58 57 242 77 42 121 142 245 116 225 251 210 32
160 175 64 115 210 136 6 167 58 51 40 24 39 33 64 17 19 90 0 80 114 92 200 63 108 134 52 101 96 80 195 136
128 181 17 17 210 171 36 175 50 179 104 56 4 50 72 17 19 95 0 16 115 216 21 119 44 6 20 102 192 80 131 138
65 12 135 159 12 194 228 104 244 2 194 2 112 240 48 103 120 100 42 170 96 241 15 237 53 34 195 0 17 120 112 36
229 76 142 30 204 34 166 160 208 146 194 66 112 224 177 75 89 102 106 47 104 245 207 42 100 34 229 0 137 121 112 128
83 48 80 161 34 8 56 64 45 128 178 237 143 10 0 214 166 213 255 132 4 65 145 192 148 248 11 146 44 132 43 21
160 173 9 19 208 141 102 167 50 59 40 88 50 32 64 145 17 74 0 60 114 88 73 63 45 6 52 100 192 80 130 168
65 4 135 221 12 130 228 104 244 130 194 66 80 242 48 103 120 100 42 170 97 241 7 204 53 42 198 0 17 120 112 36
82 50 80 160 34 8 56 64 45 128 178 237 143 11 64 212 166 149 207 132 4 65 128 192 150 248 11 130 110 132 11 5
129 239 25 19 242 137 6 183 112 49 32 252 55 32 192 49 7 74 0 110 243 92 204 63 44 134 52 100 232 208 131 141
65 0 134 157 12 2 229 104 244 2 194 2 80 242 48 102 120 100 42 170 32 241 135 204 21 34 195 0 17 112 112 36
82 10 110 188 46 163 248 72 175 144 243 171 231 202 183 90 234 165 127 129 12 131 7 221 210 250 203 153 53 162 47 6
80 2 134 189 14 2 164 104 182 130 194 195 65 227 32 66 120 100 42 161 0 211 131 204 148 162 206 0 36 120 49 0
167 142 198 159 92 130 234 234 62 176 226 199 224 232 61 192 249 111 106 247 102 253 223 127 44 54 207 68 29 40 120 140
82 32 81 161 34 8 121 64 45 160 178 137 159 31 0 80 166 149 95 132 8 67 129 192 145 248 11 178 37 128 35 33
70 161 215 133 202 10 109 43 186 179 194 136 213 242 88 122 51 253 122 189 49 208 223 72 157 62 95 4 132 96 131 160
69 164 131 18 221 164 166 137 82 179 75 80 192 224 125 204 81 78 32 31 55 80 158 50 44 6 141 108 136 123 248 132
83 2 239 173 46 22 249 81 173 237 214 163 141 158 182 110 238 181 127 149 148 153 167 192 146 248 250 130 167 132 37 101
69 173 153 197 240 11 47 175 62 163 74 128 245 99 200 112 19 94 122 120 81 216 201 126 236 174 47 100 128 242 131 168
160 239 69 95 210 137 7 166 48 50 40 216 99 96 136 17 3 122 0 74 114 92 78 63 44 130 117 96 112 208 134 168
37 76 142 62 140 34 134 184 210 178 66 66 114 225 49 75 89 102 96 42 233 241 207 42 96 35 229 0 201 249 112 128
181 236 77 55 208 137 70 182 82 186 40 124 115 96 128 17 9 106 4 74 123 124 78 63 40 139 117 48 105 112 194 136
65 0 143 221 12 2 164 104 246 130 194 66 80 224 176 98 120 100 106 168 33 241 135 204 20 34 238 0 1 120 112 160
37 78 135 31 204 34 135 184 210 146 66 100 112 224 161 75 89 102 104 46 97 225 139 42 32 34 229 16 200 121 80 129
194 254 149 21 233 104 180 135 186 251 2 117 164 50 76 143 133 71 234 17 119 76 195 98 12 50 95 135 136 116 137 31
70 172 148 19 201 237 166 143 186 187 0 93 132 224 71 142 129 107 234 17 54 72 202 115 12 22 95 111 136 117 139 134
80 2 142 173 44 10 232 9 62 129 195 195 213 139 16 72 122 173 107 137 16 210 195 88 212 162 251 64 148 160 43 128
80 0 207 189 14 2 40 104 166 128 194 194 209 226 32 66 96 228 106 140 8 195 135 200 148 162 206 24 52 104 49 0
120 169 184 250 157 197 17 207 195 21 172 25 38 253 96 18 201 186 201 16 26 107 218 49 251 213 20 123 208 8 166 42
245 173 137 30 152 194 135 172 82 37 137 152 98 224 106 129 89 202 64 126 123 107 157 63 57 6 5 120 209 123 248 44
44 94 152 87 193 251 7 186 82 142 109 60 114 97 203 24 17 106 160 58 48 112 58 42 104 7 117 33 216 115 206 179
154 58 113 240 99 253 120 83 41 93 180 253 175 31 134 29 166 147 223 133 150 28 32 209 214 217 58 235 30 132 7 219
83 2 98 232 44 0 249 65 173 5 210 131 133 138 244 98 238 181 127 157 156 131 199 192 144 248 138 218 5 128 49 37
181 206 197 126 210 163 71 254 82 154 96 120 115 96 137 49 25 226 68 106 233 230 14 63 104 166 101 56 121 243 194 41
222 22 158 180 171 56 156 2 168 190 131 189 205 46 75 219 167 119 237 163 36 69 139 192 144 243 91 159 128 117 13 23
205 221 165 30 137 86 7 191 82 95 5 125 114 116 171 167 17 66 160 102 253 68 127 63 41 99 245 221 58 124 156 127
