2 142 10 158 22 131 146 238 22 5 74 163 96 234 42 64 91 107 131 129 38 136 14 255 32 38 154 11 20 10 60 142
33 32 69 137 76 11 224 88 94 160 240 74 145 128 208 36 120 140 110 140 1 242 101 208 212 136 163 32 61 136 112 160
104 48 49 96 33 29 81 16 105 136 52 104 158 31 128 52 134 20 93 8 137 96 176 192 195 249 32 18 66 128 66 35
208 188 159 250 168 237 17 199 190 27 176 56 182 247 64 91 167 247 125 0 58 79 154 115 217 162 126 56 128 80 167 59
98 32 20 137 79 11 176 72 30 164 242 43 196 156 64 64 248 157 235 128 8 243 67 208 149 16 139 59 17 8 53 130
96 32 114 65 109 29 232 64 105 96 240 74 142 8 20 178 234 197 95 1 129 114 244 192 23 24 2 32 77 140 67 135
208 184 159 248 106 237 17 211 170 27 176 56 182 255 65 26 167 179 125 0 10 79 154 113 217 146 115 184 144 64 39 59
55 162 4 137 141 11 168 200 22 176 208 10 195 200 114 128 89 140 127 145 14 243 79 144 156 194 143 53 93 8 24 132
51 143 64 142 150 129 142 172 86 0 72 231 97 96 188 196 91 98 2 239 254 8 12 63 40 38 175 192 61 158 248 140
2 142 10 154 22 129 146 238 22 5 72 163 96 234 42 64 91 107 131 133 38 136 14 255 32 38 154 11 20 10 56 142
104 48 49 96 33 13 81 16 105 136 52 72 30 31 0 52 132 20 93 8 137 96 176 192 195 249 32 18 66 128 66 35
192 56 191 120 168 237 85 87 187 27 160 24 182 255 64 91 135 179 125 16 58 79 210 82 217 186 84 122 192 80 135 51
50 143 64 142 150 131 142 172 70 4 88 227 97 96 188 64 90 98 2 239 218 136 12 63 40 38 175 193 53 154 248 140
2 140 10 158 22 131 146 236 22 5 72 179 96 234 42 64 89 43 131 129 38 138 14 255 40 38 155 11 20 10 188 138
104 48 113 96 33 29 81 16 105 136 52 72 31 21 132 180 132 148 92 8 137 96 176 192 195 217 32 18 66 128 66 35
208 184 183 252 40 204 81 210 187 26 160 24 182 255 1 91 167 243 125 0 42 79 178 115 209 186 80 26 96 32 7 59
2 142 10 190 18 131 146 238 22 5 72 167 96 234 34 64 91 43 131 133 38 138 14 127 40 38 154 9 20 10 60 138
104 48 49 96 33 93 81 16 105 136 52 72 158 31 0 52 132 20 93 8 137 96 176 192 195 217 0 18 66 128 66 35
2 142 10 158 18 131 146 238 22 5 72 163 96 234 34 64 89 43 131 133 38 138 14 255 40 38 154 11 20 10 60 138
104 48 49 96 33 93 81 16 105 136 52 72 158 31 0 52 132 20 93 8 137 96 176 192 195 217 0 18 66 128 66 35
40 28 49 111 37 47 115 56 125 10 122 72 254 51 1 52 148 84 84 106 129 176 113 191 199 254 32 0 82 243 67 43
49 207 72 14 150 129 143 252 68 0 216 230 113 96 184 64 90 226 6 239 200 40 12 61 104 45 173 144 117 186 240 136
2 142 10 158 22 131 146 238 22 5 72 163 96 234 42 64 91 107 131 129 38 136 14 255 40 38 154 9 20 10 60 138
104 48 49 96 33 93 81 16 105 136 52 72 158 31 0 52 132 20 93 8 137 96 176 192 195 217 32 18 66 128 66 35
49 207 65 14 150 129 143 236 68 64 88 231 113 96 184 64 90 226 0 239 203 8 44 61 40 36 173 192 53 154 240 204
2 142 10 154 22 131 146 236 22 5 72 163 96 234 42 64 89 43 131 129 38 138 14 255 40 38 155 9 20 10 60 138
51 207 96 14 150 145 142 236 68 0 88 230 97 96 188 192 90 98 0 239 202 8 44 61 40 36 173 192 53 158 248 140
49 207 105 14 150 129 143 236 68 64 88 227 113 100 190 224 90 98 20 239 207 8 44 61 40 36 173 192 53 154 240 236
2 142 10 158 22 129 146 236 22 5 72 131 96 234 42 64 89 59 131 129 38 138 10 255 104 38 154 11 20 10 188 138
104 48 49 96 33 93 81 16 105 136 52 72 158 31 0 52 132 20 93 8 137 96 176 192 195 217 0 18 66 128 66 35
2 142 10 158 22 131 146 238 22 5 72 163 96 234 34 64 89 107 131 129 38 138 14 255 40 38 154 11 20 10 60 138
76 81 49 97 49 14 98 57 109 168 123 64 223 19 136 244 182 21 108 122 209 176 153 204 175 252 39 198 66 130 195 33
49 207 73 14 150 129 142 236 70 0 216 231 97 96 188 64 90 226 2 239 202 8 12 61 40 36 173 208 53 154 248 140
216 57 177 126 169 237 87 218 191 27 168 88 62 255 65 20 133 179 125 0 34 43 122 243 211 252 16 58 242 193 70 59
51 143 64 142 150 145 142 172 6 0 216 227 97 96 190 196 90 98 2 239 222 8 12 63 40 38 175 208 53 158 248 140
192 52 153 242 232 237 49 67 186 59 161 25 148 215 64 27 161 179 123 144 50 87 154 82 213 130 51 40 128 64 167 51
104 48 49 96 33 93 81 16 105 136 52 72 158 31 0 52 132 20 221 8 137 96 176 192 195 217 0 18 66 128 66 35
2 142 10 190 22 131 154 238 22 5 72 163 96 234 34 64 89 43 131 129 38 138 14 255 40 38 138 9 20 10 60 138
104 48 113 96 33 29 81 16 105 136 52 72 31 17 132 180 132 148 84 8 137 96 176 192 195 217 32 18 66 128 66 35
2 142 10 158 22 131 146 236 22 5 88 163 96 234 42 64 89 43 131 129 38 170 14 255 40 38 155 11 20 10 60 138
48 32 6 137 79 91 160 72 94 164 244 3 128 130 98 68 120 140 110 128 12 243 107 208 159 16 135 51 55 8 52 198
40 32 82 129 77 153 232 64 237 32 244 10 143 136 22 134 106 237 206 9 0 115 196 192 84 89 2 33 71 12 75 128
33 34 5 129 76 11 224 72 30 176 208 202 209 128 112 0 121 136 106 153 9 114 79 144 156 128 175 52 125 136 16 160
96 34 113 193 108 9 232 64 105 32 240 74 154 8 20 18 234 197 70 13 128 114 196 192 22 24 2 48 69 136 82 128
33 32 68 137 78 11 225 72 14 160 240 74 146 152 80 128 104 156 126 9 9 243 65 208 20 8 131 48 117 8 88 160
104 48 49 96 33 29 81 16 105 136 52 72 158 31 0 52 132 20 93 8 137 96 176 192 195 249 32 18 66 128 66 35
2 142 10 158 22 131 178 230 22 5 90 163 96 234 42 64 89 107 131 129 38 136 14 255 32 38 154 11 20 10 60 138
34 48 0 137 79 75 160 72 14 164 240 15 132 136 64 0 232 157 235 129 8 243 209 208 149 0 139 51 21 8 53 146
48 32 7 137 12 11 232 72 94 160 242 66 211 130 96 64 120 140 110 136 8 241 95 208 157 32 135 48 53 136 112 128
32 32 70 133 76 11 168 64 60 32 242 66 141 194 48 64 122 141 110 137 0 241 135 192 148 32 131 0 101 8 99 128
35 32 114 225 109 29 232 64 105 32 240 10 143 8 20 146 234 205 95 1 132 112 208 192 151 217 34 35 77 12 75 135
50 134 14 187 94 131 138 236 22 21 216 163 97 232 58 65 89 43 11 165 38 163 79 255 172 38 187 25 21 8 60 138
105 48 113 64 101 29 113 16 105 8 52 72 30 25 132 180 142 148 198 8 137 96 240 192 71 217 0 18 74 128 66 37
86 145 25 167 184 78 22 160 172 172 139 97 231 126 8 64 150 87 109 99 92 137 89 45 233 228 47 18 0 35 133 83
25 32 4 161 61 15 232 8 14 160 146 3 207 8 18 192 233 140 127 5 12 225 91 156 140 243 175 49 60 12 89 2
54 167 0 154 150 131 142 237 22 5 73 147 97 96 62 128 89 74 2 183 126 8 13 63 40 6 143 101 181 78 184 140
2 140 10 191 30 193 178 236 22 21 72 179 100 202 42 64 89 11 131 129 38 139 74 191 104 38 155 73 52 10 189 138
105 48 113 64 101 29 112 16 105 168 180 72 26 25 196 180 142 148 86 8 137 98 240 192 7 217 1 50 74 128 74 37
34 132 10 187 94 195 146 200 22 21 209 147 100 200 42 64 89 11 35 161 38 35 79 183 124 6 159 111 21 8 189 138
105 48 113 64 101 29 112 16 105 8 52 76 26 25 148 180 142 148 70 8 129 96 240 192 7 217 0 18 74 128 74 37
192 60 155 253 234 236 49 22 62 143 114 48 149 183 0 88 55 127 55 0 49 92 146 2 69 166 122 136 128 96 7 187
18 133 0 170 146 195 134 237 22 5 201 147 97 96 40 64 121 203 130 227 126 8 13 63 168 6 143 69 53 90 181 8
245 34 237 106 14 35 67 217 66 242 181 238 83 225 249 59 89 196 108 190 185 103 175 18 218 139 225 252 253 171 82 112
105 48 113 64 101 29 80 16 105 8 52 72 30 27 132 180 132 148 84 8 137 96 240 192 199 249 32 18 74 128 66 39
0 25 19 79 112 78 39 112 57 8 113 104 244 23 1 81 182 61 87 106 33 146 16 108 53 186 96 0 64 35 39 179
53 167 104 11 150 131 143 237 86 37 217 226 113 96 184 32 91 202 2 239 250 40 109 63 104 6 173 244 181 202 208 232
34 142 10 187 222 129 146 236 22 5 72 179 101 202 42 64 89 11 3 149 54 50 78 63 120 6 159 77 21 10 189 138
105 48 113 68 101 29 112 16 105 8 52 72 158 25 132 180 140 148 78 8 137 96 240 192 71 217 32 18 74 128 66 37
9 21 177 77 113 47 102 24 125 42 122 72 254 55 13 180 148 84 86 40 161 176 81 221 167 254 0 2 74 227 67 33
49 207 73 174 150 131 143 189 70 0 216 226 113 96 184 64 90 226 12 239 218 137 13 63 232 39 175 144 53 154 240 40
2 142 10 187 158 129 146 236 22 5 72 179 101 194 42 64 89 11 3 145 50 154 78 63 104 6 159 77 52 10 181 138
105 48 113 96 101 29 80 16 105 8 52 72 158 27 128 180 134 148 92 8 137 96 240 192 199 249 32 146 74 128 66 39
68 117 17 69 80 78 35 56 41 40 107 72 214 23 12 84 180 93 82 106 65 144 153 76 165 184 1 6 72 35 3 49
53 167 65 139 150 163 143 237 86 97 217 226 113 96 188 32 91 74 2 253 255 24 109 63 40 6 175 244 181 202 208 228
192 61 27 247 192 110 39 83 56 130 99 24 212 183 1 24 48 62 35 8 49 150 145 74 101 166 51 0 192 112 167 178
2 134 10 187 94 131 178 200 22 5 80 147 100 202 40 64 89 27 3 129 34 163 11 191 120 6 159 107 21 10 181 138
22 167 64 138 150 163 134 237 22 5 9 179 65 104 186 192 91 74 2 183 62 8 15 63 40 6 143 229 181 78 189 196
192 48 153 250 104 237 33 26 62 27 96 24 180 215 64 24 151 27 91 16 3 86 218 113 213 160 123 40 128 64 7 179
21 135 9 174 150 195 143 237 22 65 201 227 113 100 184 96 113 202 24 231 91 9 13 63 232 7 175 196 53 82 177 72
6 134 10 187 222 129 146 200 22 21 81 147 100 202 40 64 89 27 3 145 38 35 11 183 120 6 159 111 149 10 181 138
54 167 64 139 150 131 142 237 22 37 217 163 97 96 190 128 91 74 2 183 94 24 77 63 40 6 175 245 189 78 216 132
16 176 153 171 146 200 51 154 54 13 74 33 247 247 64 80 51 95 5 16 18 152 153 51 237 167 63 64 160 130 7 227
105 48 113 64 101 29 81 16 105 8 52 72 30 27 132 180 132 148 84 8 137 96 240 192 199 249 32 18 74 128 66 39
2 140 10 187 94 195 178 204 22 5 64 147 100 195 40 64 89 59 131 129 34 138 10 255 96 38 154 11 21 10 165 138
49 167 64 10 150 131 142 237 22 1 201 163 97 96 184 64 91 74 2 255 122 8 13 63 168 6 175 116 181 202 176 12
192 84 25 253 248 204 55 190 60 6 96 56 212 247 0 81 23 125 35 32 113 28 210 106 101 166 62 8 16 112 135 187
105 48 113 64 101 29 112 16 105 8 52 104 26 25 132 180 140 148 70 8 137 96 240 192 71 217 32 18 74 128 74 37
34 142 10 187 94 129 146 236 22 5 72 179 101 202 42 64 89 11 3 129 34 50 78 191 120 6 155 109 21 10 189 138
54 167 64 139 150 147 142 237 86 37 201 163 97 96 190 128 89 202 2 183 30 8 79 63 40 6 175 245 181 78 220 132
134 64 132 149 9 122 176 10 190 151 67 145 204 102 15 207 129 85 235 135 36 212 91 194 5 50 91 7 128 117 13 70
105 48 113 64 101 29 81 16 105 8 52 104 30 27 132 180 132 148 84 8 137 96 240 192 199 249 32 146 74 128 66 39
18 133 0 174 147 195 6 173 22 5 201 131 101 98 42 64 113 211 137 227 126 9 29 63 168 38 143 69 53 86 189 14
105 48 113 64 101 29 112 16 105 8 180 76 26 25 148 180 142 148 86 8 129 96 224 192 7 217 0 18 74 132 74 37
34 134 10 187 94 131 186 232 22 21 88 147 100 200 42 64 89 11 131 161 38 50 75 183 124 6 155 111 21 10 189 138
34 32 4 137 79 11 160 72 142 164 242 131 192 130 68 64 232 140 107 128 0 241 75 208 156 50 143 19 53 8 53 130
0 34 82 133 70 9 232 64 253 0 242 131 141 202 54 0 58 77 78 129 4 243 135 192 20 56 138 1 101 8 107 132
49 32 5 129 76 11 224 72 94 160 210 74 211 136 80 0 120 140 110 137 9 243 79 208 156 128 175 56 125 136 81 160
96 32 81 225 108 9 232 64 109 32 240 74 155 8 20 2 234 205 78 9 129 114 193 192 20 152 2 48 69 8 67 128
105 48 113 68 101 29 112 16 105 168 180 72 154 27 196 182 134 212 76 8 137 98 240 192 199 249 37 178 74 128 74 37
50 48 7 137 15 75 224 72 175 36 242 7 206 2 0 64 104 140 110 128 8 241 81 208 149 176 139 17 53 8 53 130
18 32 86 173 14 11 168 72 61 32 242 3 206 138 16 64 250 205 110 129 4 241 67 192 148 178 10 19 101 8 99 134
82 32 4 133 13 11 96 64 175 160 242 11 206 130 0 198 234 197 110 128 8 209 193 212 149 178 139 18 16 8 49 2
48 134 4 191 30 3 142 232 150 23 194 131 225 99 40 65 89 194 107 167 42 195 79 189 244 34 203 29 53 168 56 136
24 32 90 161 44 27 248 64 108 160 242 10 159 24 80 128 234 141 223 1 4 241 193 192 132 217 43 33 109 8 75 130
99 32 114 65 101 29 248 80 105 160 116 72 10 25 212 180 174 157 70 8 133 114 240 192 23 216 1 34 79 128 74 133
194 236 150 23 193 124 180 166 56 190 66 17 172 50 71 159 129 119 161 67 100 220 154 106 45 50 94 3 2 116 143 14
16 132 12 191 30 131 138 232 150 21 192 147 229 107 40 65 89 10 43 161 42 227 79 191 252 6 139 85 53 8 180 130
142 20 148 21 129 126 176 11 61 183 203 17 204 54 15 207 145 23 233 49 52 220 81 202 139 118 91 23 130 100 13 86
48 132 4 187 30 131 130 232 22 53 192 147 229 194 40 65 89 11 11 161 42 227 79 191 236 6 139 117 53 8 181 130
99 32 83 64 103 29 120 64 105 0 116 72 10 27 132 180 166 149 70 8 129 113 144 192 23 248 2 2 75 128 75 135
16 189 26 167 176 206 87 181 36 140 75 33 215 119 2 80 182 255 13 96 88 152 25 46 233 229 44 65 32 162 164 83
6 172 128 187 153 229 54 173 22 31 73 17 196 242 104 200 145 91 163 145 50 72 26 119 169 6 159 111 144 71 173 2
16 134 4 187 30 131 130 232 22 17 192 215 229 99 40 65 89 10 43 165 42 195 79 191 236 134 171 84 61 8 176 128
105 50 112 64 109 29 120 16 105 40 180 72 138 25 148 182 142 196 70 8 141 98 224 192 22 216 1 178 75 136 74 133
214 89 28 180 42 76 145 160 172 28 130 49 212 158 67 75 166 117 105 99 100 69 147 96 209 161 106 25 0 49 45 83
149 133 69 186 146 195 7 237 22 113 137 242 113 98 184 101 121 202 24 243 123 73 45 63 184 38 173 84 181 202 176 32
52 132 8 187 222 131 130 232 22 5 88 147 117 227 40 64 89 91 3 145 50 18 75 55 252 6 159 108 181 10 181 130
105 34 112 64 109 29 120 16 105 168 180 72 138 9 212 182 142 196 70 8 141 114 224 192 22 216 1 178 75 136 74 133
4 81 17 197 240 78 167 53 60 136 99 64 212 55 128 52 20 92 18 106 81 176 113 78 37 36 38 0 72 34 131 177
21 133 72 170 158 131 7 237 22 1 141 230 113 98 184 64 123 194 8 251 123 11 13 63 248 230 175 212 189 218 176 40
36 162 8 187 222 131 131 200 22 21 208 179 229 199 40 64 89 27 3 129 50 114 75 183 60 6 143 109 53 8 181 130
105 50 112 64 101 29 120 16 105 8 180 76 138 25 148 182 142 196 214 8 141 96 224 192 6 217 0 146 75 140 74 165
21 167 65 187 146 163 143 253 22 97 137 246 81 98 248 64 113 202 56 183 59 9 13 63 232 7 175 212 189 75 176 32
22 164 128 154 159 227 130 200 22 247 9 147 69 224 106 136 89 75 163 177 54 66 31 55 169 6 159 109 181 127 189 194
113 207 73 38 162 42 70 183 96 226 138 236 51 32 145 51 39 230 92 237 217 137 133 42 248 169 100 144 109 242 218 9
198 64 148 151 9 28 176 8 190 158 131 17 204 210 79 207 129 69 233 67 100 69 203 192 133 50 90 27 0 53 9 6
21 166 129 187 154 163 131 232 22 241 73 215 81 224 104 0 123 75 51 177 59 66 31 55 232 6 175 108 189 75 177 128
22 165 0 187 147 227 134 237 22 21 201 179 69 230 42 64 113 75 139 179 62 73 15 55 168 6 143 117 181 71 189 2
105 50 112 64 101 29 120 16 105 8 180 72 138 27 148 182 142 196 78 12 141 96 224 192 6 248 0 146 74 128 74 165
206 68 132 151 41 122 176 10 190 183 71 17 204 118 15 207 129 85 233 1 36 212 211 194 5 115 91 7 130 101 13 86
38 164 12 187 222 195 130 200 22 53 208 147 229 201 40 64 89 27 163 145 50 114 75 183 60 6 143 125 181 8 181 130
138 148 148 85 145 126 52 35 56 167 74 17 204 38 0 205 145 23 160 48 52 220 81 78 13 54 94 67 130 100 141 22
105 34 112 64 109 29 248 16 105 168 180 72 138 9 212 182 142 196 70 8 140 114 240 192 22 216 1 50 75 136 74 133
52 132 4 187 222 195 130 232 22 21 208 147 101 231 40 64 89 91 3 129 50 50 91 183 189 6 159 109 53 8 181 130
22 135 0 186 147 227 7 237 22 21 201 147 69 230 106 68 113 91 139 179 58 9 15 55 184 6 143 85 181 71 181 66
130 133 148 21 145 62 52 39 57 167 74 17 140 50 6 215 129 7 129 33 52 216 81 78 45 54 94 67 130 68 137 78
105 50 112 64 109 29 120 16 105 40 180 104 138 25 148 182 142 196 70 12 141 98 228 192 22 216 1 178 75 136 74 165
52 132 4 187 222 195 130 200 22 21 208 147 101 195 40 64 89 27 163 129 50 50 75 183 188 6 159 125 53 8 181 130
105 34 112 64 101 29 248 16 105 8 52 72 138 25 148 182 142 196 86 12 133 98 244 192 70 217 0 146 75 140 74 37
54 128 0 187 223 195 131 200 22 21 208 147 228 203 40 64 89 27 163 177 50 114 91 183 61 134 143 111 53 8 181 130
18 34 82 137 78 3 168 72 124 0 242 67 140 138 54 64 122 141 78 129 4 243 135 192 148 40 138 1 101 8 105 132
1 32 5 129 76 11 224 72 79 160 242 74 219 128 208 228 104 132 110 140 9 243 207 208 156 18 139 56 53 136 80 132
6 172 132 179 153 239 130 202 158 181 137 17 196 240 75 143 217 78 235 49 54 193 219 54 173 22 141 119 144 127 159 134
16 132 4 189 28 67 128 232 150 52 130 131 227 99 40 65 89 192 107 161 42 195 75 157 189 162 203 21 48 40 52 0
99 32 114 64 103 25 248 64 233 0 112 10 12 152 52 180 174 157 70 8 5 115 144 192 22 24 2 2 79 128 75 135
194 236 150 22 193 92 182 167 58 158 66 17 236 118 71 159 129 127 161 67 100 220 154 107 45 54 92 3 192 116 143 206
134 181 132 155 153 231 22 171 150 55 137 17 196 246 42 207 209 83 235 179 54 73 91 55 169 22 159 119 144 71 141 6
16 132 4 173 28 67 128 232 150 52 130 131 195 99 32 65 89 128 107 161 42 193 75 157 188 162 203 85 48 8 20 0
194 236 146 22 193 124 182 166 186 158 72 25 108 246 79 159 177 127 161 67 100 220 154 107 33 54 93 43 194 119 143 206
99 32 90 68 71 25 240 64 249 0 112 10 12 154 36 176 186 205 66 8 5 115 148 192 22 56 2 11 73 0 107 135
0 134 69 173 28 11 72 168 22 48 194 231 227 99 168 65 89 132 106 164 42 129 79 157 172 162 235 20 60 136 48 0
119 124 227 70 210 50 7 250 240 194 168 238 99 224 253 62 51 238 80 239 233 195 188 106 48 14 5 184 237 243 98 180
97 34 120 68 108 25 232 64 105 160 176 73 139 8 214 18 202 196 78 12 132 114 196 192 22 216 1 51 79 136 74 132
36 162 133 161 222 11 162 200 86 176 128 203 193 224 89 138 89 204 106 149 30 114 207 18 140 6 143 116 237 121 18 128
221 133 69 154 154 19 71 189 22 115 139 246 83 98 152 229 113 198 56 234 123 67 127 63 184 38 205 84 191 235 176 52
52 160 9 185 222 131 163 200 22 53 208 195 117 195 104 64 89 155 3 145 58 114 75 151 93 134 175 108 53 8 53 162
97 34 120 64 108 25 232 0 105 168 240 72 138 8 214 50 202 196 70 12 132 114 228 192 22 216 1 51 79 136 90 133
29 166 8 171 146 163 7 249 22 33 201 246 83 97 232 64 113 202 42 190 59 193 13 63 248 199 173 244 189 83 176 32
20 162 25 187 222 131 130 200 22 17 80 211 245 195 104 64 89 27 3 177 58 82 75 183 252 134 175 108 176 8 165 162
253 107 239 118 138 0 79 244 224 202 164 236 115 193 249 51 54 226 124 206 233 67 174 41 240 201 101 184 109 243 98 41
249 255 103 118 154 0 79 189 224 192 168 236 115 224 153 51 54 230 108 110 233 75 190 45 184 233 101 184 109 242 226 56
194 141 19 23 145 126 38 167 57 131 107 16 236 50 12 150 129 87 128 32 116 216 153 111 45 54 20 67 130 86 139 14
22 164 132 179 155 99 150 200 22 183 64 147 68 244 75 136 25 91 163 179 54 82 207 50 61 6 143 111 144 127 189 194
194 109 151 22 193 92 54 165 184 146 98 24 108 242 9 159 161 119 224 66 100 220 154 111 41 50 85 11 64 116 143 14
16 132 4 185 30 195 2 232 22 53 192 147 193 99 40 193 89 200 235 176 42 195 79 159 172 134 207 117 53 40 180 130
194 205 22 22 209 204 54 167 185 22 3 25 236 114 12 151 129 103 225 66 112 220 154 111 41 50 92 3 66 84 135 78
99 32 122 65 109 29 248 64 105 32 112 8 14 136 84 178 170 205 70 12 132 115 144 192 23 152 3 34 77 136 75 135
52 160 4 185 158 195 131 200 22 53 208 131 197 193 40 64 89 26 43 161 58 114 75 159 173 134 143 117 53 8 52 130
99 34 120 64 101 29 248 80 105 8 116 72 10 26 148 54 174 197 70 12 132 115 244 192 22 216 0 2 79 136 75 135
194 237 22 22 193 88 182 165 184 146 98 25 108 242 13 155 177 119 224 67 100 92 154 111 41 50 85 11 64 116 175 14
16 132 4 185 30 195 130 200 22 53 208 147 193 67 40 192 89 136 107 161 42 227 79 159 188 134 143 117 53 8 180 128
99 32 122 64 101 29 248 64 105 0 112 8 10 154 20 50 170 197 70 12 132 115 212 192 23 152 0 3 79 136 75 135
52 160 4 185 159 67 162 200 22 180 208 131 196 195 104 192 89 153 171 145 42 115 91 159 157 134 143 127 21 8 53 130
80 128 4 141 29 75 64 232 142 180 130 11 194 33 0 197 73 132 234 49 42 225 91 157 157 18 207 85 16 12 28 2
130 236 150 23 193 116 182 175 58 159 75 17 236 250 79 158 145 123 161 3 102 220 154 99 45 54 93 11 194 118 175 142
17 32 82 68 79 73 240 64 249 0 240 10 12 218 36 144 186 141 74 128 4 243 150 192 20 184 2 11 105 0 107 134
198 157 20 155 153 247 22 170 158 55 129 17 204 118 42 199 209 87 235 114 118 73 91 183 45 18 77 95 146 117 141 6
80 128 4 141 29 75 64 232 142 180 130 11 194 35 0 196 73 132 106 32 40 209 75 157 157 18 203 85 16 8 28 2
194 204 150 30 201 116 182 173 186 151 65 17 236 246 78 159 145 91 161 3 102 92 154 115 45 54 95 43 194 118 143 206
17 32 90 64 70 9 176 64 249 0 240 2 12 218 4 0 186 141 74 128 4 243 134 192 20 168 10 3 77 0 107 134
134 175 4 155 185 243 22 170 158 190 10 177 196 230 75 199 145 119 234 51 52 201 75 62 45 18 205 247 146 101 157 71
64 130 69 141 12 11 72 168 14 176 130 239 195 3 128 196 73 132 110 172 43 67 79 157 156 34 203 84 28 136 24 0
31 254 194 30 211 52 134 252 114 194 104 199 104 224 189 180 63 110 32 135 229 199 159 43 56 46 85 138 239 119 171 157
97 34 112 97 100 9 232 0 105 40 240 77 139 8 150 16 202 133 78 5 132 114 196 192 150 217 34 48 77 136 91 133
245 181 69 219 154 115 6 184 22 243 130 246 81 96 216 231 121 198 122 250 123 210 127 63 60 2 229 244 191 229 176 52
52 160 1 185 206 131 161 200 22 176 208 194 213 195 104 64 89 24 34 144 2 82 75 145 156 130 175 108 177 8 48 160
113 255 111 78 218 0 79 253 225 0 173 236 115 225 189 51 55 194 108 238 201 67 174 63 250 172 101 184 97 242 226 105
121 215 79 102 154 0 79 253 224 64 173 236 115 225 184 51 55 194 124 238 201 75 142 61 250 233 101 152 109 242 242 57
210 236 150 30 195 96 54 236 58 130 97 17 108 242 41 159 177 127 160 67 100 212 154 107 33 38 85 11 64 119 175 142
194 237 134 30 195 80 22 173 186 22 97 25 108 242 15 159 145 83 160 98 96 79 138 127 57 54 85 11 64 118 167 14
32 132 4 169 29 75 0 200 6 48 210 131 195 67 32 197 73 132 106 160 42 193 75 157 173 130 207 117 49 8 20 128
99 32 122 65 103 13 248 64 233 0 112 10 12 138 20 50 170 205 70 13 132 243 148 192 22 24 2 2 77 8 107 135
194 205 150 30 203 84 182 237 58 22 65 17 108 242 44 159 177 91 160 99 100 94 138 127 41 54 93 11 64 118 175 142
52 132 4 137 157 75 0 200 22 180 144 131 195 65 0 196 89 132 106 161 42 225 95 157 156 146 143 117 53 8 28 128
99 32 122 64 71 13 248 64 233 0 112 11 12 154 52 50 170 205 70 5 132 115 148 192 23 56 2 3 77 8 107 135
66 2 6 156 77 203 32 104 158 180 194 11 194 194 96 212 249 236 234 0 0 83 203 148 157 34 203 23 16 44 28 6
70 172 148 31 203 216 182 175 186 23 65 17 236 254 78 142 129 127 225 3 118 92 138 115 45 54 95 111 130 116 143 198
17 32 86 169 14 11 160 72 108 0 242 34 205 202 0 128 106 141 110 129 12 243 199 192 148 160 10 1 101 0 43 130
150 174 134 22 155 179 22 168 158 190 66 237 100 224 39 133 149 102 233 119 52 217 11 62 42 6 77 215 130 125 25 31
98 0 68 137 76 11 64 8 15 176 146 238 194 0 192 196 73 132 106 140 9 82 79 212 156 2 141 124 28 8 24 4
95 146 132 31 203 16 134 232 114 115 192 255 96 226 206 214 117 79 234 134 182 67 223 51 60 38 79 254 251 100 171 148
23 230 134 30 155 22 142 236 114 91 73 119 104 232 254 198 55 79 176 167 247 71 143 119 42 38 93 174 239 118 171 141
245 143 107 126 154 2 79 189 242 2 169 220 115 101 188 48 55 198 76 238 251 11 173 63 184 174 37 220 113 243 226 33
198 148 148 30 201 82 182 173 186 23 65 17 236 242 14 159 145 87 160 35 118 76 155 119 45 54 93 111 208 117 175 134
198 132 150 30 201 84 182 173 58 23 65 17 236 250 78 207 145 95 161 35 118 68 155 115 45 54 95 111 16 118 175 134
66 0 4 137 77 203 96 72 31 180 210 11 194 129 32 196 121 164 238 128 40 241 91 220 157 18 207 53 16 8 28 4
198 142 134 22 251 179 62 168 158 182 66 173 108 226 111 205 151 103 161 23 116 216 139 254 40 22 93 203 130 117 13 31
23 166 132 31 155 18 142 232 18 243 192 247 64 232 222 199 119 79 232 167 190 195 207 59 44 38 79 255 255 116 171 133
111 182 197 21 219 19 132 232 86 242 130 238 64 224 205 239 85 196 250 188 183 83 207 20 60 2 205 246 191 125 24 5
