53 162 72 185 204 3 224 200 86 180 208 194 211 195 240 64 89 136 34 156 10 242 79 153 156 130 167 108 245 136 80 128
213 141 144 30 178 176 78 173 210 3 13 16 97 99 168 101 19 66 0 234 116 72 12 63 170 239 5 77 186 243 169 4
32 32 0 137 78 11 160 72 14 160 240 74 144 136 64 0 104 140 106 1 8 243 195 208 20 0 139 56 117 8 80 128
252 223 59 218 184 82 55 247 124 78 222 244 94 182 170 97 237 214 207 98 249 223 169 230 251 119 254 199 130 93 183 123
34 32 64 137 76 9 224 64 109 36 240 11 130 8 20 0 232 141 79 129 12 243 193 192 20 16 131 59 69 8 82 130
12 251 237 243 141 220 113 152 231 221 118 103 235 223 207 74 229 236 239 208 207 240 251 241 79 233 231 199 235 14 108 215
7 241 246 91 181 158 126 152 127 145 98 64 203 219 125 252 183 218 178 90 198 240 31 245 175 251 7 70 246 247 193 36
32 32 64 137 108 9 224 64 109 36 240 11 138 8 20 16 106 133 78 129 12 115 196 192 20 56 3 57 69 136 122 134
8 50 104 9 73 217 121 88 238 92 84 133 173 199 115 230 34 40 238 156 135 1 182 209 71 81 35 173 50 132 13 247
32 32 64 137 78 9 224 72 6 164 240 139 128 200 64 0 104 136 106 1 8 115 203 208 28 0 143 57 21 8 116 130
4 172 132 27 154 163 38 168 22 179 66 16 229 226 105 72 17 78 34 58 50 208 139 63 40 6 95 109 144 113 137 0
33 34 120 65 108 9 232 64 105 32 240 74 146 8 148 48 202 133 87 13 128 114 196 192 22 24 34 32 77 136 83 128
2 141 10 158 20 131 186 230 22 0 90 135 96 234 48 64 89 107 19 133 38 152 10 255 32 38 138 131 28 10 56 154
104 48 56 96 33 76 81 16 105 8 52 8 159 23 0 48 132 20 93 8 136 96 176 0 195 249 32 16 66 128 66 35
251 23 59 204 60 82 23 120 125 76 221 228 94 214 162 113 254 188 159 99 233 131 32 206 240 177 170 150 20 170 54 113
212 141 132 23 145 234 38 167 48 7 75 17 98 96 8 83 17 70 128 2 120 220 25 47 41 38 85 65 161 115 214 2
36 162 68 169 204 3 224 200 22 176 208 202 209 193 240 64 89 136 34 157 10 242 79 153 156 130 175 36 53 136 16 128
29 133 128 22 146 50 7 188 82 147 13 208 85 99 169 228 17 66 0 126 123 65 44 63 232 199 37 68 178 243 136 32
32 32 64 137 76 9 224 64 108 32 240 74 146 8 20 144 106 133 74 1 8 115 196 192 20 32 131 56 69 8 82 128
40 32 0 137 78 75 161 72 6 164 240 14 145 128 64 128 104 140 106 136 1 243 219 144 28 129 143 57 57 8 56 128
242 221 102 14 155 80 70 237 145 70 173 159 99 228 46 19 57 242 201 226 108 75 190 47 59 38 133 25 119 118 254 94
32 50 0 137 79 73 160 72 6 164 240 139 132 132 96 64 104 152 234 129 8 115 211 208 21 0 139 59 49 8 52 130
246 107 226 150 78 65 142 204 130 198 144 171 97 204 255 11 122 232 245 243 76 103 142 168 48 0 237 185 53 191 118 212
94 188 164 90 155 247 86 184 23 255 132 57 98 252 111 124 149 222 181 48 190 195 43 63 43 79 69 247 179 117 156 87
6 180 148 27 185 135 30 168 30 191 64 33 204 246 107 72 151 91 177 16 54 64 139 63 41 22 79 239 144 116 13 67
6 140 148 31 177 234 62 172 186 23 74 17 236 246 8 81 151 83 161 130 114 200 10 127 45 54 95 71 128 119 135 3
8 20 124 101 52 46 115 58 124 42 126 0 215 49 129 48 183 84 124 42 161 176 113 14 199 255 96 0 64 243 67 33
2 141 10 158 20 131 170 230 22 1 88 2 96 232 48 64 89 106 19 129 34 184 8 255 32 38 138 136 20 10 48 136
49 207 64 14 214 129 207 244 68 64 88 230 113 96 182 36 92 226 22 239 219 8 44 61 40 44 165 192 125 154 240 236
92 53 186 100 177 46 127 83 97 137 127 8 95 183 1 48 180 190 93 56 152 179 176 10 251 255 32 0 194 226 194 35
2 143 10 158 22 147 170 230 22 5 88 163 96 232 50 192 89 107 131 133 38 184 12 255 32 38 138 11 20 14 60 142
34 143 72 142 150 129 142 166 6 4 88 231 97 96 180 64 75 98 2 207 214 8 12 127 40 38 175 192 61 154 248 140
76 29 177 111 180 46 127 19 125 8 127 72 255 115 1 48 150 118 108 8 153 184 241 46 231 255 32 0 194 227 66 35
104 48 56 96 33 76 81 16 105 8 52 8 159 23 0 48 132 20 93 8 136 96 176 0 195 249 32 16 66 128 66 35
2 142 10 158 22 131 178 230 22 4 90 163 96 234 34 192 89 107 131 133 38 136 14 255 32 38 138 11 20 14 60 142
3 143 3 158 20 147 170 230 86 0 90 198 96 226 176 196 89 106 18 141 167 152 14 255 32 38 138 128 28 14 48 140
35 207 65 14 214 129 143 230 70 64 88 230 97 96 182 100 90 98 2 239 215 8 44 61 40 36 173 192 117 154 240 236
104 48 57 96 33 93 81 16 105 136 52 8 159 23 0 48 132 21 221 8 136 96 176 0 195 249 32 16 66 128 66 35
2 143 2 158 22 147 170 226 22 5 88 163 96 232 48 192 89 107 131 197 38 184 12 255 32 38 138 11 20 14 56 140
72 48 56 96 33 92 81 16 105 8 52 8 159 23 0 48 132 20 221 8 136 96 176 0 195 217 32 144 66 128 66 35
3 143 67 158 20 131 174 226 86 0 90 198 96 224 180 228 88 106 2 207 167 184 12 255 32 46 138 0 29 142 112 140
104 48 56 96 32 12 81 16 97 8 52 40 159 23 0 48 134 20 93 8 136 96 176 0 195 249 32 16 66 128 66 35
3 143 3 158 20 147 170 230 86 0 88 198 96 232 180 196 89 106 2 141 167 184 12 255 32 38 138 136 28 14 48 140
79 205 250 242 187 149 191 230 181 70 198 163 109 255 38 97 239 119 251 71 244 219 57 175 127 127 86 67 134 253 173 126
32 32 67 129 76 9 232 64 172 32 240 75 140 138 20 16 234 141 106 1 0 243 208 192 148 48 3 32 65 8 99 130
252 239 195 54 204 0 199 236 176 130 161 217 115 225 249 147 57 226 64 111 105 103 142 43 120 6 101 60 101 243 210 40
92 220 173 247 32 94 55 248 190 222 182 39 255 127 139 123 253 243 255 226 237 225 43 237 251 195 239 145 131 118 47 123
20 172 135 29 154 3 6 234 22 178 66 197 99 224 73 8 17 110 104 48 46 209 159 31 40 6 69 124 160 112 16 0
253 245 196 78 142 1 78 252 194 130 169 238 115 227 233 179 120 194 124 234 201 67 143 41 176 137 229 188 61 251 250 40
33 32 120 193 108 9 232 64 105 32 240 74 159 8 20 18 234 205 78 9 128 114 196 192 20 24 162 32 77 136 67 128
2 140 11 190 20 131 139 238 22 1 90 135 113 234 56 64 89 107 19 133 34 168 30 255 96 38 186 8 28 10 48 152
196 157 132 23 209 230 38 175 178 159 75 21 96 100 8 83 17 102 160 50 114 220 27 47 45 38 85 71 129 115 150 82
60 162 68 169 222 11 224 200 22 180 208 130 195 193 224 192 89 140 106 140 42 242 79 157 140 131 167 37 117 136 88 128
93 172 132 91 147 54 7 188 22 151 14 16 241 226 203 229 17 110 32 58 51 192 191 63 105 199 109 69 178 243 137 36
32 32 82 129 76 137 233 64 236 32 112 2 157 130 16 128 106 172 74 9 0 113 208 192 20 48 138 32 69 8 107 128
246 213 174 142 219 68 150 237 147 82 137 187 96 252 44 131 61 211 217 227 124 67 154 191 57 6 205 255 53 119 190 87
108 53 51 98 241 78 119 117 121 9 123 72 222 119 8 52 148 223 93 56 185 178 56 206 251 252 5 70 194 130 226 35
49 207 73 14 150 129 142 236 4 64 216 231 113 96 188 64 94 98 2 239 207 9 12 61 40 36 173 208 61 154 240 136
76 85 49 109 177 78 103 51 109 136 123 72 222 119 0 116 148 116 125 56 209 184 209 206 173 252 4 66 194 162 195 35
2 142 10 190 22 131 146 238 22 5 88 163 96 234 42 64 89 43 3 129 38 170 14 255 40 38 154 9 20 10 60 138
200 241 53 107 241 142 114 189 121 9 115 64 255 83 8 113 150 30 68 122 243 248 249 191 239 248 36 64 66 130 195 43
104 48 49 96 33 29 81 16 105 136 52 72 31 23 0 52 132 20 92 8 137 96 176 192 195 249 32 18 66 128 66 35
34 142 10 154 86 129 138 236 22 5 88 163 96 232 58 64 91 107 131 133 38 170 14 255 32 38 155 9 21 10 56 142
131 141 7 158 20 135 174 226 212 0 90 198 96 226 52 229 89 106 2 239 167 184 30 255 32 46 139 0 29 8 112 140
88 48 120 96 33 76 81 16 41 8 52 40 159 23 128 112 166 21 221 0 8 96 160 0 195 249 32 146 98 128 71 35
131 142 7 158 20 151 170 236 214 0 216 198 96 234 60 197 121 106 10 173 167 171 31 255 32 38 138 0 29 12 56 140
0 132 11 187 92 131 171 236 22 1 88 83 113 202 56 64 89 11 19 165 35 178 90 191 120 134 187 200 29 10 176 184
33 32 82 165 76 9 232 64 104 32 242 74 141 9 16 146 106 205 74 9 4 240 197 192 20 152 34 32 77 8 75 128
40 34 4 161 76 75 224 72 86 180 214 142 195 1 194 132 121 140 106 152 12 240 79 156 156 131 133 53 115 136 92 192
29 172 132 95 153 215 70 184 214 255 6 16 227 225 75 101 17 110 232 58 62 192 123 63 107 199 69 117 178 247 152 6
9 32 2 129 71 75 224 64 124 4 118 2 141 194 50 196 122 12 74 8 4 179 151 192 148 161 138 1 97 8 105 128
32 32 6 137 13 91 32 72 198 228 198 7 194 130 34 100 104 140 234 128 12 209 127 144 151 34 131 17 51 12 52 214
246 157 148 154 155 102 158 236 146 187 137 59 76 254 46 1 151 87 177 243 126 75 26 191 57 6 205 255 149 119 171 19
102 172 182 94 249 7 150 168 151 183 66 1 108 236 125 215 149 127 249 33 162 193 139 61 43 58 77 223 211 36 38 7
132 245 57 199 80 78 39 184 56 168 107 72 212 23 8 20 48 92 3 106 97 148 57 111 101 164 47 0 64 50 7 178
21 135 73 174 146 131 142 237 22 65 201 231 113 96 184 64 123 202 8 239 123 9 13 63 248 38 175 212 61 202 176 56
84 17 24 167 16 78 82 32 36 164 139 1 215 31 11 80 146 85 205 99 12 129 25 44 227 229 43 21 32 35 13 82
34 134 10 187 94 131 170 236 22 5 88 179 100 202 40 64 89 27 3 129 34 186 74 191 120 6 155 105 21 10 181 138
105 48 113 64 101 29 113 16 105 8 180 72 26 27 132 180 134 148 212 8 137 96 240 192 199 249 32 146 74 128 66 39
0 140 10 191 30 131 146 236 22 5 72 179 101 226 40 64 89 27 3 129 34 154 74 191 104 38 155 73 53 10 181 138
3 140 7 159 29 134 174 232 212 18 194 2 96 226 60 225 121 98 42 175 101 201 31 255 33 34 219 0 29 104 112 140
126 156 148 158 155 119 159 232 19 247 128 59 64 254 47 149 151 255 177 179 60 195 59 191 57 6 205 255 151 119 158 67
21 165 1 186 146 163 14 253 22 17 201 214 85 226 40 64 113 202 24 191 59 1 31 55 184 134 173 116 189 75 176 0
66 135 129 5 145 46 4 39 49 163 74 81 0 35 4 212 21 38 1 44 112 152 81 78 45 54 20 2 128 112 130 40
97 34 240 68 109 29 248 16 105 168 180 72 138 9 212 182 142 196 78 12 140 114 224 192 22 216 1 50 75 136 74 133
38 160 8 187 222 195 131 200 22 21 208 147 229 207 104 64 89 27 3 145 50 114 75 183 61 6 143 109 53 8 180 130
112 237 6 6 147 72 135 167 160 134 170 169 98 112 8 23 33 230 200 67 104 73 140 47 56 4 68 51 97 118 150 106
64 205 6 6 145 136 6 167 160 130 43 8 112 97 8 151 17 102 64 78 113 137 136 47 40 36 68 24 64 114 194 8
