2 143 2 158 23 131 186 230 22 4 90 167 96 234 50 192 89 107 131 129 38 184 10 255 32 38 138 131 20 14 60 138
53 162 72 201 204 27 224 200 87 180 212 138 195 201 242 4 89 136 55 157 14 242 79 145 158 203 143 189 247 136 120 132
104 48 56 96 33 77 81 16 105 136 52 8 159 23 0 48 132 21 93 8 136 96 176 0 195 217 32 17 66 128 70 35
97 34 112 64 108 25 248 80 105 40 180 72 155 9 148 52 170 132 86 8 140 98 228 192 22 248 32 48 79 136 66 133
52 162 72 185 204 131 224 200 22 180 208 138 195 192 250 64 89 136 34 157 14 114 79 145 156 130 143 125 245 136 56 128
2 142 2 158 23 147 178 230 22 4 74 163 96 234 34 192 89 107 131 129 38 136 14 255 32 38 138 11 20 14 60 142
104 48 56 96 32 76 81 16 97 136 52 8 159 23 0 48 132 20 93 8 136 96 176 0 195 249 32 16 64 128 66 35
218 188 144 242 137 237 80 198 187 51 164 25 174 159 64 27 161 147 253 16 58 111 154 243 219 209 23 123 194 64 135 26
35 207 65 142 150 129 142 166 6 0 88 227 97 96 180 196 74 98 2 207 214 8 12 63 40 38 174 192 53 158 248 204
2 142 2 158 23 131 186 230 22 4 90 163 96 234 34 192 89 107 131 133 38 152 14 255 32 38 138 131 20 14 60 142
104 48 56 96 33 77 81 16 105 136 52 8 159 23 0 48 132 21 93 8 128 96 176 0 195 217 32 17 66 128 70 35
33 207 65 14 214 129 206 244 68 64 88 230 97 96 180 132 92 226 6 239 223 40 12 61 40 44 165 128 125 190 240 204
2 142 2 158 23 131 146 230 22 5 74 163 32 234 34 192 91 123 131 129 38 136 14 255 32 38 154 11 20 14 60 142
104 48 56 96 32 77 81 16 105 136 52 8 159 23 0 48 132 21 221 8 136 96 176 0 195 249 32 16 64 128 66 35
104 25 124 111 52 15 115 16 108 8 127 8 247 113 129 48 150 116 124 106 129 176 121 46 231 255 32 0 66 163 66 41
34 207 64 14 214 145 142 231 70 4 88 231 97 96 180 196 74 98 2 207 210 8 12 61 40 36 173 192 53 154 248 140
92 17 190 124 169 110 85 81 245 138 247 16 95 247 1 58 180 181 253 40 184 227 50 8 211 251 96 16 226 225 98 35
49 207 104 78 214 145 207 244 68 4 28 230 113 96 180 32 72 226 6 207 218 40 44 61 104 44 165 192 125 154 240 172
35 143 64 142 150 129 142 166 70 0 88 227 97 96 180 68 74 98 2 207 210 8 12 127 40 38 175 192 53 158 248 140
252 48 190 116 169 108 81 81 177 139 247 24 95 255 1 26 180 181 253 56 56 231 178 2 219 251 96 25 226 224 230 51
2 142 2 158 23 147 178 230 22 5 74 163 96 234 34 192 89 107 131 129 38 136 14 255 32 38 154 11 20 14 60 142
2 142 2 158 23 131 178 230 22 5 90 163 96 234 34 192 89 107 131 129 38 136 14 255 32 38 154 11 20 14 56 142
3 143 64 142 150 129 142 167 70 0 88 226 96 96 180 68 75 98 2 207 210 8 12 255 40 38 175 192 61 158 248 28
35 207 96 14 214 129 143 230 70 4 88 230 97 96 180 36 74 226 2 207 210 8 44 61 40 4 173 192 117 158 240 172
104 48 56 96 32 77 81 16 105 136 52 8 159 23 0 48 132 20 93 8 136 96 176 0 195 249 32 16 66 128 66 35
2 142 2 158 23 131 154 230 22 5 74 163 32 234 34 192 91 107 131 129 38 136 6 255 32 38 154 11 20 14 60 142
61 162 0 185 206 131 224 200 22 176 208 202 209 193 232 192 89 136 34 156 26 114 79 145 156 130 175 124 189 8 48 128
104 48 56 96 33 77 81 16 105 136 52 8 159 23 0 48 132 21 93 8 128 96 176 0 195 217 32 17 66 128 70 35
2 143 2 158 23 131 186 230 22 4 90 167 96 234 50 192 89 107 131 129 38 184 14 255 32 38 138 131 20 14 60 142
97 32 120 64 108 25 248 80 105 40 180 72 155 8 148 48 234 132 70 8 140 98 228 192 22 216 0 48 79 136 66 133
32 32 0 137 79 73 160 72 6 164 240 11 132 136 64 128 104 140 234 1 8 243 195 208 20 0 139 57 85 8 92 130
96 32 113 201 108 9 233 64 109 36 240 10 155 8 148 128 74 133 70 9 129 114 196 192 20 57 34 48 69 136 67 160
36 160 0 169 204 67 169 200 22 176 208 138 193 201 240 128 89 136 51 153 11 242 79 145 156 131 175 60 117 136 48 160
33 207 104 78 214 145 142 247 70 4 92 230 97 104 180 0 74 226 2 207 210 40 12 61 104 12 165 192 117 154 248 172
32 160 69 137 78 11 160 200 22 180 208 138 193 200 112 0 89 136 115 153 14 114 79 144 28 128 143 60 117 136 80 128
96 32 112 129 109 25 232 64 109 36 242 11 142 8 22 16 106 141 110 129 4 114 197 192 22 56 3 41 69 8 107 134
2 143 2 158 23 131 170 230 22 5 88 163 96 234 50 192 121 107 131 133 6 154 14 255 32 38 138 139 21 14 60 140
104 48 56 96 33 77 81 16 105 168 52 8 159 23 0 48 132 149 93 8 136 96 240 0 195 217 33 48 66 128 66 35
82 188 154 242 136 237 80 198 187 59 160 25 182 223 64 27 161 147 109 16 58 111 154 113 219 211 87 123 192 64 39 27
2 207 65 142 150 145 142 167 6 1 72 227 96 96 180 196 123 98 2 199 86 8 12 255 40 36 142 193 53 30 180 76
2 143 2 158 23 147 150 230 22 5 88 163 96 234 34 192 91 107 131 129 38 136 14 255 40 38 154 11 20 14 60 142
104 48 56 96 33 77 81 16 105 136 52 8 159 23 0 48 132 21 93 8 128 96 176 0 195 217 32 17 66 128 70 35
124 60 58 110 49 110 83 16 233 138 253 8 255 215 1 48 148 188 93 42 136 163 184 8 211 253 32 24 66 227 98 35
35 207 65 142 150 129 142 166 6 64 88 231 97 96 180 196 78 98 2 207 215 8 12 127 40 38 175 192 61 158 240 220
2 142 10 158 22 147 178 230 22 5 72 163 96 234 34 192 123 107 131 129 38 152 14 255 40 38 154 11 20 14 60 142
104 48 56 96 33 93 81 16 105 136 52 8 159 23 0 48 132 20 93 8 136 96 176 0 195 217 32 16 66 128 66 35
77 89 57 111 52 14 123 56 108 8 126 64 255 17 1 48 150 84 124 106 193 176 113 44 231 253 32 0 66 163 67 33
244 48 191 116 168 206 85 81 177 138 247 24 87 255 0 123 148 181 125 56 56 231 178 0 219 251 100 24 192 160 230 51
2 143 2 158 23 131 186 230 22 4 90 163 96 234 34 192 89 107 131 133 38 152 14 255 32 38 138 131 20 14 60 142
72 48 56 96 33 93 81 16 105 136 52 8 159 23 0 48 132 21 221 8 136 96 176 0 195 249 32 16 66 128 70 51
141 84 121 101 52 14 115 24 120 170 119 16 223 19 137 56 148 84 68 42 225 180 113 10 231 251 32 4 66 163 66 163
33 207 104 14 214 145 206 246 70 64 92 230 113 96 180 4 90 226 6 207 219 40 44 61 40 12 173 192 125 218 248 140
49 207 64 14 214 129 142 246 70 4 88 231 97 96 180 196 90 226 2 239 222 42 12 63 40 44 173 192 117 158 240 140
116 48 190 112 137 110 81 87 225 155 238 24 87 255 72 123 173 245 125 56 56 227 178 0 219 251 116 74 194 96 230 51
2 143 2 158 22 147 170 230 22 5 88 227 96 232 178 196 89 107 131 133 38 154 12 255 32 38 138 139 21 14 56 140
2 143 2 158 22 147 170 230 22 1 88 231 96 232 178 192 89 107 131 133 38 154 12 255 40 38 138 139 21 14 56 140
51 207 96 14 214 145 142 230 70 4 88 230 97 96 180 68 90 226 2 239 218 42 12 61 40 36 173 192 125 154 248 140
112 185 62 120 169 204 81 246 163 25 180 24 23 215 0 114 132 179 93 16 8 107 242 36 219 255 116 90 66 0 226 43
104 48 56 96 33 76 81 16 97 136 52 8 159 23 0 48 132 20 93 8 136 96 176 0 195 249 32 16 66 128 70 51
2 143 2 158 22 131 170 230 22 5 88 163 96 232 178 196 89 107 131 133 6 152 12 255 32 38 138 11 20 14 56 140
116 52 186 120 168 237 81 83 235 155 189 24 23 255 73 27 135 179 125 16 24 99 210 0 211 155 80 26 224 64 198 19
104 48 56 96 33 76 81 16 105 136 52 8 159 23 0 50 132 84 93 8 136 96 176 0 195 249 32 16 66 128 66 35
2 142 10 158 23 131 186 230 22 5 90 163 96 234 34 192 121 107 131 129 38 154 12 255 40 38 138 3 20 14 60 142
61 160 4 185 206 131 160 200 22 180 208 138 225 193 224 192 89 136 34 152 10 114 79 145 156 129 143 109 181 136 56 128
104 48 56 96 33 77 81 16 105 136 52 8 159 23 0 48 132 20 93 8 136 96 176 0 195 249 32 16 66 128 66 35
2 143 2 158 23 131 174 230 22 4 90 167 96 234 50 192 89 107 131 197 6 152 14 255 40 38 142 195 28 14 184 140
97 32 120 64 108 25 232 64 105 32 176 74 139 8 148 50 202 197 87 9 132 98 228 192 22 24 34 48 77 136 66 133
33 32 64 137 78 27 224 88 6 160 244 10 131 136 192 36 104 140 106 140 12 243 207 144 94 193 135 48 119 136 112 132
2 143 10 158 86 131 166 230 22 5 88 163 96 234 42 192 121 107 131 197 38 154 14 255 40 38 158 75 21 14 184 142
104 48 57 96 33 76 81 16 105 136 52 8 159 23 0 48 132 20 93 8 137 96 176 192 195 249 32 16 66 128 70 51
80 184 158 250 168 237 17 195 186 31 160 57 182 255 64 27 161 187 109 16 10 79 154 113 217 131 123 121 144 65 39 91
18 207 64 158 146 145 142 239 22 4 72 163 96 224 190 192 123 107 131 195 118 136 12 255 40 38 142 195 53 86 189 12
2 143 2 158 22 131 170 238 22 5 88 231 96 232 186 192 89 107 130 133 38 154 14 255 40 38 142 203 29 14 184 140
104 48 49 96 33 93 81 16 105 136 52 8 158 31 0 52 132 20 93 8 137 96 176 192 195 217 32 18 66 128 70 51
108 61 179 110 177 238 83 81 105 136 121 72 222 247 1 52 148 60 93 42 153 162 240 202 227 252 32 8 194 227 98 35
51 207 73 142 150 147 143 172 6 64 88 230 113 96 188 224 95 98 18 239 219 136 44 63 40 38 175 128 61 186 240 252
2 142 10 158 86 131 170 230 22 5 88 163 96 234 42 64 121 107 131 133 38 154 14 255 40 38 142 73 21 10 184 142
105 48 49 96 33 93 81 16 105 168 52 8 158 31 0 52 132 148 93 8 137 96 240 192 195 217 33 48 66 128 66 35
108 121 49 101 49 14 99 48 109 136 122 72 222 23 1 52 180 116 125 106 193 176 49 204 231 252 32 2 66 162 66 35
49 207 72 14 150 131 142 253 70 0 88 231 97 96 188 64 90 226 2 239 222 168 12 63 40 44 173 192 117 154 240 140
2 143 10 158 22 131 174 230 22 5 90 167 96 234 34 64 89 107 131 193 38 136 14 255 32 38 154 11 28 10 56 142
104 48 57 96 33 77 81 16 105 136 52 8 158 23 0 52 132 20 93 8 136 96 176 192 195 249 32 16 66 128 70 51
44 52 49 101 113 47 114 58 105 170 123 72 223 17 137 52 148 20 84 42 129 176 49 204 231 254 32 4 66 227 66 163
51 207 96 142 150 129 143 236 70 64 88 230 97 96 188 96 94 98 2 239 219 40 44 61 40 44 174 192 61 154 240 172
112 48 183 120 168 236 81 87 169 139 224 88 22 255 64 90 133 181 125 16 24 67 178 0 217 186 84 26 192 96 231 51
192 248 63 240 40 204 81 210 187 26 160 24 182 151 64 27 129 245 125 0 42 79 146 113 209 178 80 56 64 0 39 59
104 48 57 96 33 76 81 16 105 136 52 72 159 23 0 48 132 20 93 8 136 96 176 192 195 249 32 16 66 128 70 51
2 143 10 158 22 131 166 230 22 5 88 227 97 234 42 64 89 107 131 197 38 152 14 255 32 38 138 139 20 14 56 142
104 48 49 96 33 77 81 16 105 168 180 72 158 31 0 50 132 212 93 8 137 96 240 192 195 249 33 50 66 128 66 35
2 143 10 158 22 131 170 238 22 5 88 227 97 232 58 192 89 107 130 133 38 154 14 255 40 38 142 203 21 14 184 140
104 48 57 96 33 92 81 16 105 136 52 72 159 31 0 48 132 20 93 8 137 96 176 128 195 249 32 18 66 128 70 51
2 143 2 158 22 131 170 238 22 1 88 227 96 232 58 192 89 107 131 133 38 186 14 255 40 38 142 203 21 14 184 140
33 34 112 193 108 9 232 64 107 160 240 202 155 8 84 18 234 197 78 9 136 114 196 208 20 24 131 56 77 136 82 128
48 32 69 169 76 11 232 72 30 32 242 202 207 136 64 64 120 157 111 129 8 242 67 208 148 144 139 56 21 8 113 130
2 142 10 190 214 193 178 236 22 5 72 147 100 234 42 64 89 107 131 129 38 154 14 191 56 38 159 73 21 10 189 138
105 48 113 64 101 29 81 16 105 168 180 72 158 17 196 180 140 148 94 8 137 96 240 192 71 217 33 50 74 128 66 37
18 157 152 171 176 203 26 175 46 45 139 1 231 111 10 64 144 31 237 81 30 137 89 61 233 229 47 83 144 66 141 91
34 134 8 187 222 129 146 236 22 5 88 151 100 232 58 64 89 11 131 149 38 178 79 191 60 6 159 109 21 10 184 138
105 48 113 96 101 29 113 16 105 8 52 72 158 27 128 180 132 148 92 8 137 96 240 192 199 249 32 18 74 128 66 35
4 117 51 110 240 78 103 49 57 136 107 72 214 119 8 112 148 125 87 122 113 178 112 76 173 176 5 68 64 50 167 51
17 135 73 139 150 131 143 237 86 65 217 230 113 100 184 96 123 66 18 239 255 8 45 63 104 38 175 196 61 154 176 72
18 142 10 186 222 129 162 236 22 5 89 179 97 234 40 64 89 43 3 145 38 186 79 191 252 6 159 73 53 10 188 138
105 48 113 100 101 29 81 16 105 8 52 72 158 27 128 180 132 148 220 8 137 96 240 192 199 249 32 18 74 128 66 35
64 89 17 229 112 78 35 48 44 136 106 64 214 23 1 80 176 117 123 106 65 144 17 76 101 160 34 0 64 50 7 51
16 207 73 174 158 131 143 189 6 64 216 230 113 96 184 64 122 226 12 239 219 137 13 63 248 165 175 208 61 154 176 56
34 142 10 186 94 129 146 236 22 5 88 131 101 234 42 64 89 43 3 129 38 186 78 191 120 6 155 73 21 10 188 138
20 121 24 163 16 74 19 128 36 4 78 1 247 87 11 64 144 93 13 99 72 144 153 42 225 229 42 1 32 19 5 66
20 133 152 165 144 74 23 168 44 140 138 1 215 103 2 64 176 93 173 99 12 128 9 14 233 229 47 17 128 98 13 66
135 70 142 21 2 42 164 34 60 243 67 212 196 34 129 79 163 69 34 7 33 212 15 78 4 50 91 6 136 113 1 4
16 5 24 167 176 74 22 5 36 5 139 1 215 47 2 64 178 31 141 97 92 137 25 44 225 229 42 17 32 66 141 74
2 142 10 190 86 129 186 236 22 5 88 179 100 234 42 64 89 43 131 129 38 186 78 191 120 38 155 73 21 10 188 138
104 48 113 100 101 29 81 16 105 8 52 72 158 27 128 180 132 148 220 8 137 96 240 192 199 249 32 18 74 128 66 35
34 142 10 186 222 129 130 236 22 5 89 179 97 232 58 64 89 43 3 133 38 186 79 191 60 6 159 73 21 10 188 138
18 132 14 187 95 195 178 236 22 21 208 147 100 227 40 64 89 123 171 161 34 139 75 191 252 6 159 127 53 10 181 138
206 68 148 151 73 126 176 10 190 183 67 17 204 118 15 203 129 85 168 1 36 212 91 194 5 115 91 3 130 100 13 6
107 48 113 68 101 29 112 16 105 168 180 72 10 27 196 182 134 212 78 8 129 114 240 192 23 248 1 50 74 128 74 165
54 134 12 187 222 131 162 232 22 21 208 151 101 227 40 64 89 91 35 161 34 195 79 191 252 6 159 125 53 8 181 138
105 50 112 64 101 29 120 16 105 8 180 72 138 27 148 182 142 196 214 8 137 96 224 192 7 248 0 146 74 140 74 165
194 209 28 149 10 4 176 32 172 60 131 21 212 26 14 75 132 85 105 195 68 69 211 64 129 32 74 31 8 33 13 87
52 134 8 187 222 131 162 200 22 21 80 179 229 193 40 64 89 11 3 177 50 50 79 191 252 6 191 108 181 8 181 130
105 50 112 64 109 29 120 16 105 168 180 72 138 25 212 182 142 212 78 8 129 98 224 192 23 216 1 178 75 136 74 165
21 167 73 171 154 163 15 253 22 33 137 246 113 98 184 64 123 202 8 247 123 9 13 63 248 134 175 116 189 202 176 48
81 205 107 69 146 106 71 183 97 226 174 120 51 49 128 50 35 230 76 44 249 152 165 46 106 175 52 144 43 240 194 105
130 4 148 149 1 126 176 10 62 191 67 17 204 54 1 207 133 87 163 0 32 212 83 66 5 50 91 7 128 101 5 54
54 132 8 187 222 195 146 236 22 5 88 147 100 227 40 64 89 91 131 161 34 154 75 191 249 6 159 109 53 10 181 138
105 50 112 68 109 29 120 16 105 168 180 72 138 27 212 182 142 196 78 8 137 98 224 192 23 216 1 178 74 136 74 165
38 132 4 187 222 195 130 200 22 21 80 147 228 203 40 64 89 27 3 129 34 178 91 183 60 6 159 109 53 8 181 138
16 134 4 185 30 3 2 232 22 49 208 215 209 99 40 65 89 201 107 165 42 195 79 159 236 134 175 116 53 40 180 128
211 110 195 22 195 24 38 164 249 130 32 248 104 232 213 191 33 231 224 67 229 92 142 106 48 18 85 170 71 117 138 12
97 34 120 64 100 29 248 16 105 40 244 108 138 9 150 52 206 132 70 12 132 114 228 192 22 216 0 51 79 136 74 133
29 164 128 147 154 35 135 204 22 179 9 210 81 224 105 12 113 78 34 181 51 80 143 54 168 6 175 100 189 123 177 160
52 162 1 187 222 129 162 200 22 49 208 211 117 195 104 64 89 154 35 145 58 114 75 183 156 134 175 108 181 8 181 128
241 239 111 54 138 8 71 181 224 192 172 236 115 224 219 51 34 230 108 78 233 107 174 47 120 169 100 152 109 242 210 89
21 166 1 170 146 163 15 249 22 33 137 214 81 99 232 64 117 202 42 190 59 201 45 63 184 135 173 116 189 211 176 32
120 255 111 118 234 0 79 181 225 136 190 236 115 225 153 51 38 230 108 202 200 75 174 45 122 233 100 152 111 242 226 41
54 128 4 187 158 195 130 200 22 53 208 147 197 195 40 192 89 26 171 161 58 114 75 191 172 6 143 117 53 8 180 130
24 134 69 173 30 11 8 168 6 48 130 199 195 99 32 199 73 196 110 172 42 193 79 157 172 162 203 116 60 168 24 0
215 110 195 22 195 48 166 236 123 194 104 236 104 232 189 188 55 107 160 199 229 199 174 107 48 38 85 138 105 119 163 221
217 199 111 62 146 128 71 189 240 82 175 252 115 225 186 51 51 194 108 110 251 75 174 63 248 239 101 152 105 242 226 121
21 166 137 179 154 163 3 216 22 179 13 246 81 227 201 104 17 78 42 188 59 80 15 55 232 135 173 236 184 115 176 32
