34 32 96 137 109 25 240 64 109 36 240 11 138 8 22 144 234 133 206 129 12 115 196 192 22 56 131 59 69 12 122 134
50 32 0 137 79 73 176 72 15 164 240 11 140 200 66 0 232 137 235 129 12 243 219 208 157 80 143 59 21 12 60 194
131 14 6 158 28 134 174 98 148 2 194 135 96 234 48 193 121 99 42 231 100 217 30 255 32 38 203 0 28 40 56 132
34 32 64 137 76 11 168 72 14 160 240 10 136 136 80 0 104 140 127 129 8 243 195 208 20 16 139 56 21 8 112 128
137 141 67 221 148 146 236 119 84 65 90 86 185 34 180 229 104 34 18 140 243 184 21 223 36 111 186 64 63 140 248 44
50 203 26 170 30 129 150 228 142 4 208 163 36 202 42 64 216 59 131 195 74 43 10 189 177 128 142 123 21 26 181 138
65 2 198 157 12 2 236 120 246 66 210 198 81 226 176 66 120 100 106 173 165 209 7 204 20 42 234 128 61 248 113 4
30 164 148 26 155 151 22 232 22 183 68 1 108 230 107 76 149 95 179 48 54 192 155 63 43 71 77 111 146 116 13 71
32 32 64 137 76 9 224 64 108 36 240 11 138 8 20 0 104 141 78 1 8 243 209 192 20 48 131 49 69 8 91 128
82 34 88 161 98 8 120 80 45 128 242 239 143 14 128 80 166 149 255 132 12 83 129 192 150 248 43 130 36 128 35 1
32 32 0 137 79 75 160 72 14 164 240 11 128 136 64 0 104 140 106 129 8 243 211 208 149 0 139 57 53 8 124 130
77 188 132 30 184 151 7 184 182 251 70 116 245 246 170 245 21 78 32 46 183 192 63 63 40 39 117 196 186 243 139 93
81 32 7 141 12 2 232 64 236 128 210 66 221 130 48 66 106 197 126 140 1 209 199 192 148 32 138 0 45 8 113 0
12 180 133 25 154 71 7 216 22 242 64 64 244 228 73 40 21 78 106 56 35 209 187 31 105 7 77 108 144 112 5 240
5 78 142 31 140 34 135 184 214 210 66 198 241 224 185 75 81 102 104 47 225 193 143 47 36 42 253 128 28 121 80 152
253 253 97 86 152 17 70 254 82 218 189 92 115 96 217 49 25 194 68 110 251 111 46 63 122 207 101 248 123 243 194 81
6 172 134 31 153 151 22 232 22 186 66 1 228 246 75 12 149 127 251 49 38 209 155 63 43 22 77 127 128 116 25 6
