80 32 6 140 14 2 160 72 166 32 194 2 196 194 32 70 104 196 106 128 8 211 195 208 149 32 139 17 49 8 49 132
68 160 134 28 153 11 34 232 182 176 66 8 96 224 64 2 145 108 104 48 32 211 139 10 29 38 69 109 128 96 38 130
116 162 133 53 138 3 5 232 54 182 194 200 83 224 64 16 17 76 106 28 10 210 207 25 28 2 69 44 225 96 34 160
33 32 7 137 76 11 160 72 22 160 242 74 211 128 64 64 120 140 106 136 9 242 199 144 148 128 131 40 57 8 112 160
80 32 6 12 73 75 32 64 126 160 226 8 192 130 64 208 248 204 106 128 0 243 139 80 149 32 3 41 65 0 35 130
96 34 1 1 78 9 160 72 38 160 242 202 195 128 64 82 104 204 106 136 0 242 199 80 20 160 3 40 97 8 98 128
16 32 135 141 9 2 32 72 230 160 194 3 196 162 32 66 104 196 106 128 8 211 131 208 148 34 131 18 16 40 33 130
32 32 5 137 76 11 32 72 22 160 242 74 211 192 64 64 120 140 106 8 8 242 207 16 28 128 131 40 49 8 112 128
16 32 18 129 8 8 160 64 238 32 226 2 134 130 0 80 104 132 110 128 8 211 129 80 149 32 139 49 1 0 35 130
16 32 6 141 13 2 32 72 230 32 194 2 196 130 32 66 104 196 106 128 8 211 131 208 149 32 138 19 16 8 49 2
68 160 150 28 219 3 34 232 182 176 66 8 102 240 64 146 145 108 104 48 36 211 155 10 28 38 69 111 192 96 10 130
116 162 133 21 154 3 4 232 54 178 194 200 83 224 64 16 17 76 104 24 8 210 207 24 28 130 69 108 225 224 98 128
104 34 152 100 33 12 80 16 41 168 182 73 223 3 66 146 132 196 236 12 8 96 193 0 195 249 37 49 66 160 74 3
80 32 6 5 11 10 32 64 230 160 226 0 194 130 64 86 104 204 106 128 12 211 217 80 148 32 131 49 97 0 35 134
216 6 132 165 9 26 84 40 33 162 130 205 199 40 2 211 129 197 236 167 108 193 205 136 154 243 237 19 44 116 26 6
16 32 134 141 8 66 32 72 230 160 194 2 196 163 32 70 104 196 106 0 8 211 131 16 148 34 130 19 16 40 40 130
89 48 80 32 40 13 88 16 107 168 178 104 159 19 192 178 166 213 108 16 13 96 200 0 154 249 37 50 74 128 11 1
100 160 134 29 153 14 36 232 246 182 226 9 64 224 68 18 17 100 104 32 32 243 139 24 13 34 69 54 192 96 2 130
101 162 196 3 172 11 200 136 106 177 130 153 199 224 216 150 3 70 108 29 10 96 207 49 140 26 37 124 132 168 211 4
20 164 20 153 155 75 2 232 150 180 128 2 194 242 104 197 89 92 234 48 46 195 95 159 169 134 69 119 178 44 12 134
81 6 207 93 16 2 103 56 116 130 226 70 115 97 161 107 121 228 106 170 41 241 175 15 52 174 231 0 41 248 112 32
48 32 132 133 79 75 224 72 15 180 240 139 194 192 68 134 105 220 234 17 8 115 219 208 29 128 7 63 65 40 94 130
134 165 150 19 153 254 182 175 187 23 11 17 236 254 78 223 145 87 233 19 54 205 154 247 45 54 95 87 130 119 143 6
245 110 235 126 138 35 71 248 80 234 184 238 115 225 185 51 31 230 68 110 233 103 44 47 240 143 101 188 125 251 82 41
81 32 159 133 10 10 40 72 236 160 194 66 221 162 208 114 98 197 106 140 1 209 135 64 156 34 239 0 40 32 35 36
70 236 148 18 201 116 54 204 154 183 0 17 204 246 107 206 145 95 235 19 118 69 154 242 45 22 95 111 130 117 141 214
245 110 239 119 148 34 71 248 82 242 243 254 83 97 153 43 89 230 100 62 249 243 173 42 120 175 229 4 237 249 240 32
20 160 20 153 219 195 160 200 22 176 224 10 196 210 104 196 121 88 226 16 2 83 75 21 157 130 7 127 176 8 41 130
64 2 159 93 12 2 37 104 244 130 226 66 80 225 160 98 112 100 106 168 41 241 139 13 20 162 231 0 16 120 96 32
32 32 192 165 76 73 224 72 14 164 240 139 130 128 68 2 104 220 66 1 8 115 203 80 29 0 135 57 97 40 86 130
68 165 146 18 145 254 22 173 58 151 43 17 110 242 74 148 145 91 160 50 54 200 154 127 169 54 85 71 194 119 175 6
165 206 205 126 130 35 71 190 210 146 96 252 115 225 129 59 17 98 68 110 233 230 46 47 96 175 101 56 113 243 194 40
81 32 159 133 10 10 40 64 236 128 194 66 220 130 80 114 96 197 106 140 1 209 133 64 156 32 143 0 32 0 35 36
86 236 132 22 155 119 22 200 150 183 64 17 68 242 73 142 145 94 232 18 50 81 155 51 169 6 205 111 128 117 143 134
101 46 143 87 140 34 71 184 210 242 66 82 83 225 217 43 89 102 96 62 185 243 143 42 104 42 229 4 237 249 240 32
20 172 150 30 155 159 22 172 118 23 64 17 102 224 42 212 145 74 160 34 50 200 27 63 169 166 21 79 210 98 140 6
165 204 30 30 152 131 6 184 214 2 98 236 115 225 168 81 17 102 32 42 105 218 11 63 104 166 101 16 120 240 66 136
20 160 20 155 219 131 32 200 22 177 192 10 100 210 104 196 89 90 226 16 2 83 91 53 157 130 7 127 176 8 41 130
64 6 158 93 28 2 165 104 246 130 226 64 82 224 160 99 120 100 106 42 41 241 139 13 52 162 231 0 88 120 112 32
84 140 150 26 147 246 22 172 118 19 11 17 102 242 42 212 145 75 160 50 54 73 27 63 169 6 21 79 144 103 170 6
96 32 128 165 74 9 160 72 42 180 224 139 130 224 68 18 105 204 66 21 10 115 207 16 28 0 7 61 65 40 86 130
81 32 135 5 10 10 32 64 236 160 194 66 212 162 80 114 97 197 106 140 1 209 133 64 156 34 207 0 40 32 35 4
22 228 132 23 155 115 6 200 22 179 64 16 68 242 105 142 145 94 160 18 54 81 139 50 169 6 93 111 176 117 141 6
36 110 143 22 140 34 135 184 210 178 66 112 81 224 249 43 89 102 96 58 249 243 175 42 104 38 101 4 197 249 240 160
20 172 146 30 153 158 6 172 118 19 105 16 102 240 42 212 145 74 160 34 118 200 27 63 169 166 85 79 210 118 169 14
165 206 30 62 152 131 7 186 214 18 98 220 115 225 168 81 17 98 32 42 104 222 11 63 104 167 101 16 120 240 194 8
52 160 20 153 219 195 160 200 22 176 192 10 196 210 104 192 121 88 226 16 2 83 91 21 157 130 15 125 176 8 33 130
64 2 159 29 12 2 165 104 246 130 194 66 80 224 32 98 120 228 106 168 40 241 139 13 21 34 231 0 17 120 112 32
96 32 132 133 74 75 160 72 50 176 224 139 194 224 64 18 57 204 98 17 8 115 207 16 28 0 15 61 97 40 86 130
81 32 135 5 8 10 33 72 236 160 194 194 212 226 80 114 97 196 106 156 1 209 135 64 156 34 207 0 0 32 35 4
20 164 128 151 155 99 6 200 22 183 64 16 68 244 73 142 17 94 232 50 114 81 139 58 169 6 77 47 160 117 165 130
101 44 135 23 140 34 166 168 210 178 194 82 112 224 217 43 89 102 104 58 57 209 175 42 40 38 229 4 137 249 240 32
36 160 21 153 203 67 160 200 22 176 192 10 212 194 96 192 121 152 98 144 2 83 75 17 29 130 143 125 49 8 37 130
20 164 146 30 155 211 6 232 118 19 64 16 102 226 40 208 145 74 160 50 54 88 43 63 169 166 21 79 176 98 173 38
36 206 151 30 152 131 6 184 214 130 98 72 115 225 168 113 17 102 32 42 105 242 11 63 40 166 101 0 80 248 66 168
81 0 135 157 12 2 225 104 244 0 194 66 208 224 32 98 120 228 106 136 1 209 135 72 21 34 195 0 17 104 112 32
96 34 192 133 78 9 224 72 14 164 240 139 130 128 68 2 104 204 66 5 8 115 207 80 28 0 135 57 65 40 86 130
81 32 135 133 10 10 104 64 236 160 194 194 212 130 64 82 96 197 106 140 1 209 133 64 156 32 143 0 40 0 35 4
20 228 128 151 155 35 6 200 22 179 64 19 68 224 73 10 17 78 160 178 54 210 155 58 169 6 77 47 160 117 185 130
101 46 142 23 204 34 134 168 210 146 194 70 112 224 241 75 89 102 104 190 184 193 143 42 40 38 229 4 129 121 112 0
20 140 146 30 155 202 6 172 118 3 64 16 102 242 40 84 17 74 32 34 54 200 11 63 169 166 21 79 210 98 172 14
164 140 22 30 152 131 6 184 214 2 96 108 99 225 168 81 17 110 32 42 104 250 75 63 40 166 101 16 88 248 64 8
52 165 128 2 155 99 22 236 22 163 137 19 67 115 107 64 17 206 128 178 62 195 13 62 185 6 133 87 179 115 168 2
132 206 133 31 200 162 167 190 210 146 64 112 240 224 161 75 1 102 96 10 96 100 207 43 108 34 245 8 144 121 145 168
16 0 6 136 14 7 32 72 102 32 194 66 208 130 32 64 104 140 106 136 1 211 71 80 149 32 139 0 25 8 48 32
32 48 132 29 72 15 160 72 214 184 192 104 212 208 64 2 217 108 98 16 2 83 203 17 28 0 37 60 80 40 2 129
88 0 134 12 11 2 32 72 118 160 198 0 67 161 96 66 112 204 104 136 8 211 143 0 91 227 69 1 99 160 96 0
32 0 6 137 79 11 160 72 134 32 194 2 208 192 32 64 104 12 106 0 0 179 199 16 21 35 138 25 17 8 48 128
32 32 0 137 76 5 160 72 70 40 226 66 128 128 96 64 72 140 74 0 8 227 203 16 149 0 131 56 81 8 35 134
24 0 6 141 10 2 160 64 36 0 194 130 209 131 32 66 104 204 106 136 8 209 193 0 212 161 130 0 49 0 32 0
96 32 1 1 72 13 160 64 198 168 226 74 192 144 64 0 104 140 106 0 0 115 193 16 21 0 3 56 81 8 66 130
88 0 18 1 74 8 32 64 100 32 198 2 87 130 0 82 96 204 106 136 0 211 133 64 212 161 35 0 32 0 33 32
64 32 6 4 75 75 32 72 228 32 226 141 66 128 0 18 104 204 106 0 0 243 213 64 21 32 2 33 97 8 39 18
97 32 14 1 72 9 33 72 126 160 226 8 18 130 192 80 120 12 106 12 1 211 255 16 20 0 3 56 65 0 66 160
16 0 6 136 15 67 32 72 102 100 194 6 192 130 34 64 104 140 106 136 12 211 87 16 149 34 131 1 49 8 52 198
32 48 132 29 73 91 160 72 214 252 196 9 192 196 66 38 89 108 226 16 6 83 251 17 29 0 5 63 82 40 6 214
89 16 143 13 10 2 33 88 118 228 198 164 83 164 226 98 112 204 232 132 9 211 175 0 24 35 101 0 105 32 96 112
32 0 15 137 76 11 161 72 134 32 194 198 208 192 32 64 104 12 106 5 1 179 199 16 20 34 138 24 25 8 48 240
0 32 0 137 13 65 160 72 70 36 226 6 128 128 98 68 72 140 202 0 12 227 219 16 149 0 131 57 81 8 45 134
16 2 14 141 10 66 161 64 36 0 194 198 209 130 34 66 104 204 106 136 9 209 193 0 148 160 162 0 56 0 32 16
32 32 0 1 73 73 161 64 198 164 226 10 192 128 64 196 104 140 234 0 0 115 193 16 20 0 3 57 81 8 78 128
80 18 19 1 74 8 33 64 100 36 194 102 71 130 0 82 96 204 106 136 1 211 129 64 148 160 35 0 40 0 33 0
72 32 6 4 75 11 32 72 228 36 226 136 66 128 2 146 104 204 106 0 0 243 197 64 20 33 2 33 97 8 43 0
96 34 6 1 72 13 32 72 126 168 226 76 2 130 64 84 120 12 106 0 1 211 207 16 20 0 3 56 73 0 98 128
17 0 6 136 14 3 32 72 102 32 194 2 192 130 32 192 104 140 106 136 8 211 71 16 148 34 171 0 48 8 56 128
40 32 132 29 72 11 160 72 214 176 192 8 192 192 64 130 89 108 98 24 0 211 203 16 28 0 5 60 80 40 10 128
80 0 134 13 10 2 32 72 118 168 194 64 66 224 96 82 112 204 106 128 8 211 143 0 24 34 69 0 96 32 32 2
32 0 6 137 77 11 160 72 134 32 194 66 192 192 32 64 104 12 106 1 0 179 199 16 20 34 138 24 17 8 48 128
0 34 0 137 12 1 160 72 70 32 226 2 128 128 64 64 72 140 74 0 8 227 203 16 148 0 131 56 81 8 33 132
16 0 6 141 10 2 160 64 36 0 194 130 193 130 32 66 104 204 106 136 8 209 193 0 148 160 130 0 49 0 32 0
32 32 0 1 72 9 160 64 102 160 226 74 208 128 96 80 104 12 106 0 0 115 193 16 20 0 3 56 81 8 66 128
80 32 18 0 75 8 32 64 100 32 194 2 70 130 32 82 96 204 106 136 0 211 129 64 149 32 3 1 32 0 43 128
80 32 6 4 74 11 32 72 100 32 226 202 83 128 0 18 104 204 106 0 1 243 197 64 20 34 34 32 105 0 35 160
32 32 6 1 73 9 160 72 110 160 226 8 0 130 64 80 104 4 106 0 0 211 203 16 21 0 3 57 65 0 98 128
96 32 7 137 12 11 32 72 206 32 194 74 130 128 32 64 72 132 106 1 8 211 65 16 148 32 139 16 16 8 16 4
0 32 135 13 72 139 160 72 246 160 226 64 0 192 64 2 56 108 106 0 2 211 135 1 20 32 3 0 64 0 35 128
48 32 6 9 74 3 32 72 118 160 226 0 64 130 96 80 120 204 106 128 0 211 207 0 28 2 3 8 97 0 34 128
112 0 2 137 76 9 0 72 100 32 194 138 195 128 0 64 104 140 106 8 8 211 199 0 148 32 138 24 48 8 16 0
16 0 14 169 12 7 32 72 118 40 194 2 67 192 32 64 120 132 106 128 8 211 71 16 149 34 131 0 49 8 48 2
32 176 132 13 73 15 160 200 214 184 192 40 196 240 64 0 217 92 234 16 2 211 203 24 13 2 5 62 80 40 2 131
88 0 134 28 10 18 32 120 118 160 198 0 83 224 160 114 113 236 104 136 8 209 175 8 90 163 97 0 98 160 32 0
40 0 14 153 72 3 161 72 134 32 192 0 212 192 32 66 72 76 106 0 2 211 203 17 84 34 131 56 16 8 48 128
96 32 18 137 72 8 32 64 110 32 226 2 132 130 0 80 104 140 106 128 8 211 193 80 148 32 131 0 1 0 35 134
64 32 14 141 74 2 32 72 102 0 194 2 196 130 32 82 104 204 106 128 12 211 195 208 148 32 130 17 16 8 41 130
89 34 16 32 32 13 88 16 107 168 178 104 143 19 192 146 166 197 108 12 12 96 192 80 154 249 37 50 74 128 11 1
64 160 134 29 73 10 160 200 54 176 194 1 66 224 64 86 81 108 106 0 0 243 203 25 28 34 69 12 64 32 34 130
100 162 196 1 172 75 224 136 106 177 146 185 195 96 216 142 3 196 108 29 30 97 207 16 140 18 229 245 164 232 219 4
88 132 132 173 25 91 0 168 6 180 130 129 195 96 2 195 73 196 236 32 44 193 95 156 141 226 69 119 50 44 12 6
81 2 207 93 8 2 101 56 246 130 230 102 211 225 128 99 120 228 106 168 41 243 239 13 84 171 231 0 41 232 112 32
56 32 64 165 77 75 224 72 46 164 242 139 143 128 64 146 104 205 238 1 8 243 219 144 156 193 135 51 69 12 79 130
214 133 20 31 155 87 150 172 190 182 131 25 76 126 14 135 145 87 233 99 116 67 27 127 185 50 79 87 82 117 175 6
245 103 207 110 178 34 71 248 80 226 250 238 115 97 153 51 31 230 68 110 233 247 237 46 248 239 101 148 237 251 114 33
65 34 223 133 10 2 105 64 108 160 242 66 221 130 144 114 98 197 110 136 1 209 133 64 148 34 171 0 40 32 35 32
6 172 148 23 155 119 22 200 190 183 128 17 204 246 79 143 145 95 233 48 54 65 155 251 169 86 77 127 130 117 143 198
61 38 239 117 134 42 71 248 82 234 246 230 83 97 145 43 121 236 100 46 249 242 237 10 120 175 101 4 237 249 112 49
36 160 20 153 203 207 32 200 22 180 224 10 68 210 96 132 89 28 234 16 2 83 91 29 29 130 15 127 16 8 45 130
80 2 143 93 72 2 33 120 118 128 226 70 82 225 160 66 112 100 106 40 9 209 139 12 84 34 231 0 41 104 96 32
48 32 4 141 79 75 160 72 30 160 240 10 2 128 64 128 120 204 226 1 8 115 219 80 29 0 15 57 65 8 78 130
6 172 148 18 153 255 22 172 190 183 2 17 236 246 79 220 145 91 160 18 54 88 155 127 41 22 85 103 146 117 143 14
181 206 207 126 138 42 71 184 82 162 98 236 115 225 185 59 25 102 100 46 233 226 175 46 96 175 101 24 233 241 66 41
81 34 159 133 14 10 97 64 108 128 226 66 212 130 144 114 96 196 106 136 1 211 135 64 148 34 143 0 40 32 99 32
70 164 148 23 139 85 22 200 146 183 0 9 228 246 73 142 145 95 232 18 54 67 155 50 41 6 79 111 128 116 15 198
117 166 207 119 156 10 39 248 82 242 194 98 83 225 145 43 89 102 96 62 185 243 207 42 104 47 101 4 233 248 112 32
48 160 22 153 75 139 160 200 22 180 224 10 196 192 96 128 121 28 226 16 2 83 91 17 157 128 7 61 16 8 37 130
80 2 142 205 12 2 33 72 246 128 194 66 208 224 160 66 120 228 106 168 9 211 131 76 84 34 227 0 41 40 112 32
86 172 148 18 145 247 22 172 62 147 11 17 108 242 79 92 145 79 160 50 54 200 27 127 169 22 29 71 146 119 137 6
165 206 205 62 138 35 71 184 210 146 104 236 115 225 137 27 17 102 32 110 224 224 78 47 104 170 101 24 121 243 66 40
32 32 132 141 75 75 160 72 54 176 224 11 134 192 64 2 121 204 98 1 10 83 219 17 29 0 15 61 65 40 31 130
81 34 143 5 12 10 33 64 116 160 194 66 208 160 144 114 120 196 106 136 1 211 135 68 156 34 207 0 41 32 115 36
70 160 132 23 203 87 20 200 150 179 0 9 196 240 75 142 145 94 232 49 54 83 155 58 13 6 77 127 128 116 31 134
116 166 143 85 140 2 39 248 118 178 66 70 83 225 145 43 89 100 104 58 185 211 175 10 120 39 229 68 225 248 112 32
20 172 148 26 153 199 22 168 54 55 64 17 102 242 42 84 145 110 160 48 54 80 27 63 169 166 5 111 210 100 141 6
37 142 207 62 152 3 7 184 86 194 98 108 115 225 168 81 81 102 96 46 105 241 11 63 104 166 101 0 120 248 64 32
64 2 143 93 12 2 33 104 246 128 226 66 82 224 160 66 120 100 106 40 9 243 139 13 84 34 227 0 57 40 112 32
32 32 132 141 79 75 160 72 54 160 224 11 130 128 64 130 120 204 98 1 8 115 203 16 28 0 15 57 97 40 22 130
81 32 135 133 10 10 32 64 236 128 194 66 208 130 80 82 104 196 106 137 1 211 135 64 156 34 143 0 32 32 35 4
22 164 132 23 155 67 22 200 22 183 64 0 68 246 73 142 145 94 224 48 38 81 139 59 169 6 77 111 128 116 31 134
101 46 143 87 140 2 6 184 82 178 66 98 82 224 153 107 81 102 104 58 185 209 175 42 40 38 229 4 233 248 112 32
4 140 150 30 153 159 22 168 54 19 64 16 230 224 42 212 145 110 160 32 54 192 27 63 41 166 69 79 208 96 137 6
37 140 142 126 152 3 7 184 22 130 98 108 115 224 168 81 17 110 32 42 104 208 11 63 104 166 101 16 120 240 66 0
22 164 132 23 155 71 6 200 22 179 64 0 68 226 73 142 17 94 160 48 58 80 155 59 169 6 205 111 176 116 4 134
101 44 143 95 140 2 6 184 210 178 66 64 112 224 249 107 81 102 96 58 49 241 143 40 104 34 229 4 225 248 112 32
40 34 132 13 72 139 160 72 214 176 194 8 196 192 96 130 25 108 106 8 0 211 203 16 12 2 5 60 80 8 8 128
88 0 134 12 75 2 32 88 118 168 194 64 67 225 96 82 112 204 106 128 8 211 195 0 30 226 97 0 98 32 32 2
80 48 6 28 74 15 32 72 54 168 194 72 80 212 0 82 120 220 106 128 1 211 199 0 21 32 35 32 40 0 34 178
40 32 14 1 72 27 160 72 118 160 230 8 80 128 96 112 120 76 106 8 0 211 141 16 85 1 37 9 64 0 51 160
80 16 5 137 75 71 32 72 230 104 194 71 194 0 0 64 72 140 106 128 8 211 223 16 149 34 3 16 16 8 52 82
32 48 165 13 9 207 176 72 214 248 194 109 196 212 96 0 153 124 234 0 128 209 251 24 13 2 5 62 80 8 4 215
89 0 142 28 74 18 33 88 118 224 198 128 80 228 226 114 80 204 234 140 9 211 231 0 92 35 97 0 114 160 32 96
57 0 14 137 10 11 33 72 134 96 198 130 210 128 34 64 104 4 106 12 9 195 239 16 212 35 163 24 16 8 48 224
64 32 6 13 75 72 32 64 100 36 230 138 64 130 2 86 104 204 234 128 0 211 197 64 20 32 2 1 97 0 46 192
33 50 7 1 72 13 161 64 102 160 226 108 0 128 224 80 104 12 106 0 1 243 133 16 20 0 35 8 73 0 99 144
88 0 6 137 11 83 33 72 102 100 198 2 194 128 34 196 72 140 106 128 12 211 207 20 148 35 3 1 16 12 60 68
40 32 134 21 11 219 33 72 214 244 70 0 64 192 98 132 25 108 234 24 4 209 239 24 12 3 69 53 50 12 28 196
64 18 135 28 74 130 32 88 118 156 194 100 64 228 224 82 80 108 106 0 9 195 203 24 28 34 101 14 120 32 34 213
32 50 7 137 8 11 160 72 134 40 194 111 194 128 160 64 104 4 106 0 15 195 203 17 148 34 163 24 24 8 48 208
102 162 132 1 172 75 96 136 170 177 130 185 195 160 204 158 9 196 236 17 30 67 207 16 156 18 237 253 132 236 222 4
88 0 4 165 45 91 64 40 46 164 130 137 199 34 2 208 195 132 236 32 44 225 93 28 140 243 101 17 48 140 12 2
97 2 143 156 44 10 33 24 230 168 226 228 211 226 160 98 72 228 110 140 137 195 231 64 212 34 227 24 24 168 114 33
118 132 196 29 139 90 148 168 131 182 130 27 194 112 14 199 9 213 237 163 124 71 223 29 185 226 205 23 115 116 143 6
117 142 205 127 168 2 79 184 86 250 242 236 115 225 153 123 31 230 100 174 233 226 207 43 104 175 101 156 253 241 82 33
24 32 140 165 13 91 160 8 46 164 162 137 199 0 66 130 72 204 236 0 12 241 221 16 157 195 47 49 96 8 15 130
1 34 143 133 12 10 105 80 236 168 226 102 209 130 144 114 104 196 110 136 1 209 229 64 212 34 167 0 41 160 99 32
86 176 148 21 137 87 20 232 154 182 128 9 236 244 79 142 145 95 233 19 38 195 219 24 153 115 77 119 130 116 15 198
40 160 20 25 75 223 48 200 22 180 192 10 196 210 98 196 217 24 234 16 6 83 219 17 29 130 5 127 16 8 45 130
17 2 143 93 24 2 101 120 246 162 226 100 81 227 160 82 120 228 106 40 41 241 143 12 84 163 231 0 40 168 96 32
32 32 0 141 79 73 160 72 38 164 240 10 134 208 64 146 104 220 234 0 8 243 219 16 29 0 15 59 65 8 14 130
14 172 148 19 153 215 54 168 190 183 0 17 204 246 79 156 145 123 232 16 54 64 155 63 47 22 93 111 146 117 141 70
53 38 207 126 154 2 71 248 82 226 226 236 115 225 153 59 29 238 100 46 233 243 175 46 248 175 101 20 233 248 98 49
81 34 143 133 12 10 33 64 108 160 226 66 209 130 144 114 104 196 106 136 1 209 133 64 148 34 163 0 41 32 99 32
32 32 20 137 75 71 32 72 22 180 192 10 196 210 96 196 89 8 234 16 2 211 219 17 29 130 7 63 16 8 45 134
16 2 143 93 8 2 33 88 246 160 226 68 81 225 160 66 120 228 106 8 9 241 139 12 84 34 227 0 8 168 96 32
6 172 148 27 145 247 22 168 190 151 66 17 236 242 111 220 145 107 160 18 54 88 155 63 43 22 85 111 146 117 143 70
53 142 207 126 154 34 71 184 210 242 100 236 115 225 185 51 21 230 100 46 233 242 14 63 96 175 101 148 249 240 66 33
70 160 132 20 203 87 52 232 22 182 64 9 196 246 66 134 145 92 233 16 6 83 219 24 29 2 77 127 128 100 31 134
53 162 143 85 156 10 37 248 246 178 194 100 83 225 208 98 81 100 104 44 169 241 175 8 92 35 229 4 225 232 114 32
4 160 148 27 155 215 18 232 54 181 64 1 102 242 107 220 145 106 224 48 54 80 155 63 41 6 69 111 210 36 13 70
49 134 199 62 24 2 71 184 214 242 98 228 115 225 161 113 81 100 96 46 169 243 15 63 96 174 101 0 120 240 64 32
9 32 2 13 74 6 32 72 230 8 226 2 64 146 32 210 104 204 234 128 0 211 131 16 20 32 34 40 0 0 34 128
24 32 6 1 75 27 160 72 230 168 226 10 64 128 32 192 104 12 106 8 0 243 135 16 84 1 35 1 97 8 51 130
88 32 12 165 8 91 96 0 46 164 226 129 215 2 2 146 72 205 236 0 12 241 213 0 133 225 43 49 96 8 15 2
1 34 15 133 12 10 233 80 236 232 242 228 209 130 208 114 104 196 110 140 137 209 229 64 212 32 163 48 73 128 99 32
6 172 148 27 153 215 50 136 191 181 0 17 236 246 78 157 145 91 233 17 54 80 154 119 41 22 77 111 146 68 143 198
53 6 207 126 130 2 71 248 80 194 98 236 115 225 145 51 29 230 100 46 233 243 175 46 232 175 101 144 237 248 82 33
78 176 150 20 201 87 52 232 182 182 130 9 196 246 66 134 145 93 235 16 6 67 219 16 29 50 77 127 130 100 15 198
117 162 207 117 142 10 101 248 118 250 194 230 83 225 208 34 25 76 104 44 169 240 239 8 92 171 101 4 237 232 114 49
