48 99 13 161 10 11 32 65 6 176 194 202 147 1 65 9 72 140 106 208 73 150 69 16 212 129 249 32 49 24 16 168
100 72 18 168 93 98 34 64 196 128 193 2 0 210 97 89 200 172 10 115 12 147 146 128 145 32 130 13 16 43 56 130
112 1 18 173 95 75 32 73 4 32 201 10 4 18 41 194 120 140 2 96 72 19 208 16 149 160 130 55 17 10 90 130
56 64 6 1 3 75 32 64 228 52 102 2 3 128 32 200 120 140 162 96 72 181 2 16 145 161 64 5 49 25 116 162
48 34 17 161 74 43 33 87 6 160 66 234 145 129 96 8 104 40 98 128 9 154 67 16 212 128 178 32 57 8 16 168
32 34 6 137 78 11 160 72 22 160 242 202 210 193 96 64 120 140 106 12 8 242 203 144 28 2 135 40 113 8 112 128
56 96 6 9 9 79 33 72 196 32 195 0 66 144 41 236 88 12 42 112 9 151 209 0 149 32 130 5 82 27 116 130
16 0 150 157 11 195 32 104 150 144 194 3 68 226 32 194 120 108 106 32 32 195 155 157 149 162 203 31 16 8 41 130
140 56 147 187 48 173 3 80 22 11 65 85 183 211 33 72 216 40 2 24 11 148 82 58 192 199 58 8 216 9 33 129
176 97 16 141 79 65 128 72 4 164 128 10 4 16 97 139 200 144 74 99 64 51 67 144 149 0 203 59 17 8 57 130
105 34 16 96 41 29 80 16 107 168 180 76 159 19 66 146 134 196 76 12 140 98 192 0 203 249 37 50 74 132 74 3
36 160 148 185 203 207 160 200 22 180 224 10 230 208 72 132 121 92 226 16 2 82 219 29 157 130 5 127 208 8 13 130
65 2 143 93 8 2 101 120 246 130 226 64 80 225 160 66 112 100 106 168 41 211 139 9 92 162 231 0 9 120 96 32
96 32 192 141 77 73 224 72 46 164 240 139 130 128 68 18 104 204 66 1 0 114 219 80 29 0 7 57 65 40 71 130
81 32 223 133 10 10 105 64 236 160 226 66 222 130 192 114 42 197 110 140 9 211 133 64 156 34 143 0 40 0 35 36
20 10 154 251 16 167 2 82 22 137 67 86 183 195 160 72 88 56 46 24 59 148 64 22 192 135 50 64 184 136 40 32
52 160 20 185 203 199 32 200 86 176 224 10 198 208 104 4 121 76 98 16 2 114 91 29 157 130 7 127 144 8 40 130
64 2 143 93 8 2 101 120 244 130 226 70 80 227 160 66 120 100 106 40 41 211 139 13 84 162 231 0 8 104 96 32
81 32 135 5 8 10 33 72 236 160 194 64 210 162 80 114 105 196 106 140 9 211 135 64 156 34 207 0 0 32 99 4
96 32 140 165 74 11 160 72 54 180 224 139 130 224 64 18 57 204 106 1 2 114 219 17 29 0 15 61 65 40 23 130
64 0 159 29 28 2 32 104 244 128 226 64 80 224 32 98 112 100 106 40 33 243 155 9 21 34 231 0 16 104 112 32
96 32 132 173 75 75 160 72 54 176 224 139 130 224 64 130 121 220 226 17 2 114 219 16 29 128 15 61 65 40 71 130
52 160 20 185 219 195 32 200 22 176 192 10 228 211 104 64 121 92 98 16 10 82 91 21 157 130 7 125 176 8 36 130
81 32 142 5 8 10 32 72 236 160 194 66 208 162 80 114 104 196 106 136 9 211 135 64 156 34 207 0 0 32 99 36
32 42 72 161 78 169 160 71 168 33 112 219 147 0 0 18 104 160 66 1 2 62 68 5 84 0 178 104 109 8 211 136
81 34 151 5 8 10 96 72 236 160 194 66 210 162 208 114 105 196 106 136 9 211 135 64 156 34 207 0 0 32 99 36
32 32 132 173 78 11 160 72 22 176 224 139 130 192 64 130 121 220 98 1 2 114 219 17 29 128 15 61 65 40 7 130
64 2 159 93 8 10 36 104 246 130 226 64 80 224 160 98 112 100 106 40 41 243 139 9 29 162 231 0 16 104 96 32
160 97 10 40 73 4 161 73 132 140 225 0 128 195 33 2 216 8 74 106 72 163 66 72 81 160 130 9 64 10 46 130
96 32 81 129 76 9 224 72 46 32 242 74 210 129 192 16 104 140 106 136 0 242 195 80 20 160 3 40 65 8 99 128
20 160 148 185 219 203 32 200 86 176 224 10 198 210 72 128 121 92 226 16 2 82 203 21 157 130 5 125 144 8 12 130
81 32 143 5 8 10 97 72 236 160 194 64 210 162 80 114 105 196 106 136 9 211 135 64 156 34 199 0 0 32 99 36
96 32 132 173 74 75 160 72 54 176 224 139 130 224 64 130 57 204 98 17 2 114 203 16 29 128 15 61 65 40 7 130
64 2 150 93 8 2 36 104 244 130 226 64 80 227 32 66 112 100 106 40 41 211 139 13 20 162 231 0 24 104 96 32
52 160 20 185 219 139 32 200 86 176 224 10 198 208 104 192 121 76 226 16 2 114 91 21 157 130 7 125 176 8 44 130
81 32 143 5 8 10 97 72 236 160 194 64 210 162 80 114 105 196 106 136 9 211 135 64 156 34 199 0 0 32 99 36
96 32 132 173 75 75 160 72 54 176 224 139 130 224 64 2 57 220 98 16 2 114 203 16 29 128 15 61 65 40 7 130
21 33 6 129 65 34 160 72 164 52 235 2 16 130 104 26 104 140 66 250 16 147 16 64 21 128 130 69 1 3 99 130
32 35 68 1 72 9 160 99 232 32 250 203 147 0 0 19 72 164 66 5 72 186 196 0 20 32 34 48 109 10 82 136
64 2 159 93 8 2 36 104 246 138 226 64 80 227 160 66 112 100 106 40 33 211 139 13 20 162 231 0 16 104 96 32
112 65 64 133 95 73 162 96 40 36 186 11 2 8 4 16 232 132 74 97 72 171 80 76 53 32 2 19 65 10 86 138
52 160 20 185 219 207 32 200 86 176 224 10 198 208 104 132 121 92 98 16 2 114 91 21 157 130 7 125 144 8 44 130
104 50 152 100 32 13 81 16 105 172 182 73 159 19 66 18 132 196 108 12 8 96 209 0 195 249 37 49 64 160 74 3
80 34 134 5 72 10 32 72 118 160 194 76 66 128 32 86 120 204 106 128 1 211 141 16 20 32 7 0 8 0 35 128
224 4 3 137 73 105 161 70 36 44 234 10 134 0 32 212 232 132 202 0 8 155 81 0 21 32 10 123 16 10 55 170
33 32 70 165 78 11 160 64 60 32 114 66 151 130 0 0 120 140 106 0 1 241 193 64 20 160 2 32 105 8 99 128
48 32 6 129 75 67 160 72 238 0 242 10 192 130 64 196 104 141 106 128 0 227 223 208 149 0 139 1 65 0 107 134
96 0 134 141 77 11 32 72 182 164 194 11 194 194 32 66 120 204 106 8 12 83 203 208 149 32 139 57 16 8 54 134
64 32 6 5 74 75 160 72 36 36 194 10 192 128 0 82 104 204 106 136 4 243 199 64 148 34 2 1 64 32 35 132
112 32 2 136 75 9 96 72 230 32 242 138 66 130 64 80 104 140 110 128 8 243 199 80 148 0 131 57 97 0 98 128
80 0 134 29 72 2 32 72 246 128 194 64 194 227 32 64 120 68 106 128 8 211 199 16 20 162 195 8 104 32 96 128
113 32 7 9 74 11 160 72 46 160 226 204 195 130 64 80 104 140 106 128 13 83 199 16 20 2 131 56 105 0 34 128
48 34 6 137 75 135 160 72 230 128 226 78 194 194 96 194 104 236 106 128 8 227 219 80 149 2 135 8 65 0 43 132
32 32 20 13 11 11 160 72 86 176 192 10 192 128 64 134 89 76 106 0 8 243 203 16 28 0 3 52 81 8 40 132
113 32 7 9 74 11 160 72 54 160 226 140 195 192 64 80 121 204 106 0 9 83 215 16 20 0 135 56 73 0 34 132
1 34 6 141 78 11 160 72 118 128 242 66 217 194 64 64 120 204 106 136 1 243 207 208 20 160 131 8 105 8 99 128
33 32 4 137 76 11 160 72 86 160 242 74 210 192 224 64 120 140 106 8 8 242 195 144 20 128 131 40 49 8 112 128
96 34 133 165 76 11 33 72 70 160 194 74 214 128 64 66 104 196 106 9 8 115 203 144 156 2 167 48 16 8 49 128
16 32 6 13 72 11 160 72 118 128 194 2 198 128 96 4 120 76 106 0 0 243 199 16 20 32 3 0 65 8 41 128
80 32 90 129 74 9 96 64 124 32 242 42 156 130 128 80 122 140 110 136 0 243 133 64 212 32 163 41 33 0 99 128
0 34 198 141 10 2 32 72 182 168 210 226 193 194 160 210 122 196 110 128 8 211 199 0 148 34 162 145 37 168 32 1
32 32 14 0 72 3 161 72 118 128 226 8 80 130 32 80 120 140 106 128 8 211 207 16 20 0 3 8 65 0 34 160
97 0 142 156 75 135 32 72 182 32 194 139 84 194 34 66 120 236 106 132 12 211 195 208 148 32 131 41 24 8 41 2
96 32 2 1 73 9 160 72 54 164 226 10 192 192 96 20 120 140 106 0 0 211 203 16 28 2 7 57 64 8 26 128
16 32 7 13 10 75 160 72 116 32 226 66 195 128 0 64 120 76 106 128 0 241 215 0 21 34 2 0 97 8 39 128
65 0 6 129 74 11 32 8 230 164 194 2 192 130 32 84 104 140 106 0 4 211 197 20 148 34 3 48 16 8 16 4
96 0 6 141 77 73 32 72 174 160 194 11 70 194 32 194 104 204 106 8 13 83 219 208 149 32 139 56 24 8 58 130
96 32 134 157 75 137 32 72 54 160 194 10 66 194 96 214 121 236 234 128 8 83 223 216 21 32 135 57 49 8 54 130
1 34 7 145 78 143 161 72 94 160 210 70 208 192 96 64 120 44 106 12 0 241 223 144 28 34 135 16 17 8 49 160
0 32 14 145 76 11 160 72 94 160 242 66 209 194 160 64 120 140 106 140 0 241 79 208 148 34 163 16 17 8 113 128
112 0 7 137 74 9 32 72 102 164 194 206 194 192 32 194 104 204 106 8 8 115 207 16 148 32 131 56 57 8 50 128
240 1 3 136 73 105 160 66 36 36 234 10 6 0 32 212 232 128 202 34 73 155 81 2 149 32 2 123 16 10 47 130
96 176 132 13 75 11 32 200 134 176 192 72 212 224 64 82 105 76 106 0 11 82 223 21 29 2 5 60 56 40 2 160
0 34 95 133 78 11 160 64 108 32 242 66 132 130 0 2 42 204 106 8 0 241 197 192 148 176 10 16 64 8 99 128
80 32 142 13 8 11 32 72 246 160 198 0 66 128 32 66 112 76 106 40 0 209 139 28 85 35 103 1 32 0 101 160
32 160 6 9 75 7 160 200 22 184 224 74 84 209 96 208 121 12 106 0 2 211 219 17 28 130 39 44 80 8 34 128
33 34 6 1 72 11 32 72 102 160 226 76 192 192 0 82 105 76 106 0 0 211 207 16 28 2 135 16 73 0 114 128
48 32 6 137 9 11 160 72 110 160 242 9 194 192 0 82 105 204 106 128 12 243 207 80 149 2 11 49 65 8 99 134
96 0 134 29 74 203 32 40 246 240 194 4 64 224 34 66 81 108 106 32 32 211 223 28 28 34 69 53 16 40 20 68
81 128 142 29 10 11 33 232 150 176 194 137 96 224 98 66 81 76 106 4 15 83 207 25 28 34 69 60 112 40 48 240
25 162 134 31 25 151 0 200 22 184 70 0 98 240 42 196 81 108 106 8 10 211 75 63 8 135 69 44 80 40 42 128
96 32 6 157 77 7 160 72 182 32 226 3 196 210 32 68 248 76 106 128 2 83 219 145 21 34 139 43 16 8 57 130
64 32 6 5 72 75 32 72 164 164 194 10 192 160 2 82 104 204 106 136 4 211 199 64 148 34 3 1 64 32 39 132
72 178 134 29 24 131 32 232 246 152 66 100 66 225 32 210 81 124 234 32 40 211 139 28 104 35 101 1 90 32 32 146
96 18 135 28 8 3 160 72 246 168 194 100 66 224 160 82 81 100 106 0 0 211 139 16 24 34 101 8 72 96 96 16
80 32 134 12 72 11 33 72 166 160 194 10 194 224 66 146 104 196 106 0 0 211 199 0 20 34 3 41 1 8 43 128
32 160 140 13 8 219 32 200 22 180 192 0 66 224 66 0 89 108 106 16 14 211 235 17 29 2 5 53 16 8 38 150
5 160 134 29 153 19 3 200 22 180 196 0 64 224 194 148 17 108 234 16 14 210 203 29 12 3 5 53 18 32 10 128
112 68 2 128 69 73 163 68 12 7 163 26 6 0 40 208 232 128 74 162 8 183 65 66 181 4 2 19 81 10 167 134
224 0 10 137 73 9 160 64 228 36 195 30 130 0 42 80 104 132 202 34 30 151 65 2 20 32 2 21 16 11 175 130
81 32 142 13 8 11 33 72 246 160 194 0 82 224 64 66 121 68 106 8 8 81 227 16 29 34 199 16 96 32 48 32
96 32 134 157 77 135 160 72 22 180 226 3 228 194 32 196 120 236 106 128 2 83 219 157 21 34 139 63 17 8 49 134
80 0 134 29 72 2 32 72 246 128 198 0 82 224 160 66 113 100 106 8 8 211 207 16 92 34 69 8 64 32 112 0
16 0 22 157 75 131 160 104 150 0 210 3 196 194 32 192 120 108 106 128 0 195 91 220 149 34 203 9 49 8 49 130
96 32 70 137 77 75 224 72 110 160 242 10 202 130 68 144 104 140 110 128 8 115 211 208 21 0 131 57 65 8 98 130
32 160 142 29 8 15 32 200 22 176 192 8 64 240 64 0 89 108 106 16 10 211 203 17 29 2 5 52 16 40 34 130
0 34 23 1 72 11 161 72 246 164 226 0 196 192 96 66 121 76 106 0 0 243 139 92 29 2 3 3 64 0 39 160
96 32 2 1 77 9 96 72 111 160 226 8 134 128 64 210 104 204 110 8 8 115 223 80 157 0 7 57 65 0 74 132
33 32 7 13 74 11 160 72 174 160 226 66 212 226 64 18 104 236 106 4 1 243 195 80 20 32 3 32 105 40 35 128
96 32 1 133 74 9 160 72 38 160 242 74 210 128 64 82 104 204 106 136 0 242 195 80 20 160 3 40 97 8 98 128
81 16 135 29 8 2 33 72 246 160 194 36 82 224 160 66 113 100 106 0 9 211 239 20 28 34 71 8 64 32 112 16
32 34 14 137 78 11 160 72 22 160 242 74 208 128 64 64 120 12 106 0 0 243 203 144 92 32 167 48 25 8 49 128
32 32 2 129 76 9 160 64 46 32 224 10 146 128 96 128 104 140 106 0 0 242 193 80 148 0 131 32 81 8 83 128
96 64 2 136 73 71 162 72 228 136 193 4 128 130 105 196 120 132 202 242 8 131 16 72 49 32 10 28 16 59 43 130
120 98 18 168 75 45 34 69 4 44 234 12 6 2 35 214 104 132 202 34 12 19 81 10 181 225 2 107 24 26 174 130
1 32 142 141 74 11 160 72 126 128 242 70 209 194 32 82 120 204 106 136 13 243 223 64 148 160 163 0 105 8 107 128
0 2 6 161 78 11 97 88 238 164 210 66 215 192 0 66 104 204 106 8 0 242 77 220 220 162 163 48 97 8 81 32
80 0 6 9 75 11 32 72 246 160 194 2 64 192 32 64 120 12 106 8 2 211 207 29 29 34 3 8 48 8 48 128
32 32 6 133 74 11 160 72 62 160 242 66 68 194 64 64 120 204 106 0 1 241 211 80 20 32 3 32 105 40 99 128
32 42 9 129 78 169 161 71 4 49 202 218 145 1 32 75 104 170 2 136 27 186 69 128 20 129 178 32 105 8 16 168
80 2 143 77 8 10 32 72 118 128 226 66 208 224 160 82 112 68 106 8 1 211 131 68 84 34 231 0 32 40 96 32
32 32 20 137 75 79 32 72 22 176 224 10 198 192 96 0 121 28 98 16 2 83 91 17 29 128 15 61 80 8 45 130
65 34 143 5 8 10 33 64 100 160 194 64 208 130 144 114 96 196 106 136 1 209 135 64 156 34 135 0 40 32 99 32
48 32 142 141 78 11 160 72 62 160 242 66 212 194 0 64 120 204 106 128 1 243 199 64 20 32 3 32 105 8 99 128
32 32 6 157 77 143 160 72 190 164 194 3 196 208 32 68 248 108 106 0 2 211 219 145 21 34 131 43 16 8 49 134
37 14 207 126 136 34 7 184 82 162 98 236 115 225 137 11 17 102 96 46 233 240 143 46 104 175 101 16 233 241 66 32
6 172 148 18 153 247 22 168 54 179 64 17 76 242 75 220 145 79 160 48 54 80 27 63 41 22 77 111 146 117 143 6
48 32 132 141 75 75 160 72 54 160 160 10 2 128 64 146 120 220 234 0 8 115 219 16 29 0 15 57 65 40 2 130
80 2 142 77 8 10 33 72 118 128 226 66 208 224 128 82 120 196 106 136 9 211 131 68 92 34 231 0 40 32 97 32
32 32 148 137 75 75 160 72 22 176 224 10 198 192 96 128 121 220 234 16 2 83 91 17 29 128 15 61 81 8 45 130
48 35 73 161 78 9 165 85 4 32 66 194 145 1 64 2 104 168 10 200 73 178 69 128 212 129 226 32 37 10 16 160
48 32 6 137 11 11 160 72 238 0 242 10 194 130 96 192 104 141 110 128 12 227 215 208 149 0 139 25 97 0 107 134
32 32 71 133 78 11 224 64 60 32 114 66 149 130 0 64 120 140 98 136 0 243 195 192 20 160 34 32 97 8 99 128
96 32 6 137 77 11 32 72 174 32 242 10 134 194 32 214 104 204 106 128 8 115 219 208 149 32 139 57 17 8 114 130
65 34 135 133 76 10 33 64 100 160 226 66 208 130 144 114 96 196 106 136 1 209 135 64 148 34 143 0 40 32 99 32
53 14 207 30 168 34 71 184 82 226 98 232 115 225 169 59 17 102 96 42 169 242 143 46 104 174 101 16 233 240 66 32
32 32 6 137 78 11 160 72 22 160 242 74 208 128 96 64 120 140 106 140 0 243 199 208 20 0 131 40 49 8 112 128
160 3 77 163 70 137 225 96 160 0 251 207 147 0 0 3 104 160 66 9 9 186 68 5 84 32 162 64 105 10 83 160
6 172 148 26 153 227 22 168 182 183 0 17 236 242 73 156 145 95 224 48 54 80 27 63 41 22 93 111 146 117 143 6
80 2 143 93 72 2 33 120 118 128 226 68 82 225 160 66 112 100 106 40 9 209 139 12 84 34 231 0 32 104 96 0
96 32 3 129 78 9 160 72 38 160 242 74 195 128 64 80 104 140 110 136 8 243 195 64 20 160 3 40 97 8 67 128
112 65 2 132 73 79 128 100 32 32 240 11 6 0 0 145 232 133 202 97 72 179 80 12 181 32 8 51 65 10 14 138
36 160 22 153 203 203 48 200 22 180 224 10 70 208 96 132 89 12 234 16 2 83 91 29 29 130 5 127 80 8 45 130
32 97 18 140 73 71 144 104 8 164 240 11 6 146 32 131 200 149 194 99 72 35 64 28 177 0 72 59 80 42 47 138
60 1 2 161 69 198 32 64 228 28 195 0 130 192 105 201 120 44 34 114 12 146 144 0 145 160 130 65 0 11 124 130
36 33 2 138 73 198 34 64 164 132 233 1 128 211 41 212 200 44 74 114 8 131 16 0 17 128 130 13 0 51 118 130
60 1 18 172 73 79 32 72 196 36 201 10 6 146 42 199 248 12 130 98 68 147 16 16 181 161 2 39 16 11 42 130
104 50 24 100 32 13 80 16 41 168 54 77 159 19 66 18 132 196 236 12 8 96 209 0 195 249 37 49 72 160 74 3
16 0 6 137 13 195 160 72 134 0 210 3 196 194 32 194 104 236 106 128 8 195 75 208 149 34 139 27 16 8 53 130
96 32 6 136 73 11 160 72 118 32 240 10 66 192 64 84 120 140 106 128 8 115 195 80 21 0 131 41 81 8 106 134
40 97 22 40 73 71 32 72 132 4 225 1 70 128 43 193 216 12 194 98 76 147 82 24 181 225 2 47 82 26 46 130
8 69 18 136 77 67 39 104 228 132 233 2 130 144 35 194 248 8 202 98 64 163 18 0 241 0 2 13 64 122 60 162
65 32 31 133 14 8 105 64 108 32 226 66 220 130 16 114 98 197 106 136 1 209 133 64 148 32 139 0 32 0 35 32
56 80 38 9 9 223 49 72 196 12 70 0 66 144 35 252 208 60 170 114 8 147 178 16 147 96 0 7 82 31 116 198
32 42 11 177 68 169 225 71 164 17 96 222 183 129 16 11 104 10 66 13 3 188 134 33 196 129 114 96 104 136 211 168
48 32 64 137 79 73 224 72 46 160 176 10 2 136 68 144 104 156 74 1 8 115 209 208 21 128 3 49 65 8 94 130
80 2 143 93 8 2 33 120 118 128 226 70 83 225 160 66 112 100 106 40 9 209 139 12 84 162 231 0 40 104 96 32
36 160 22 153 203 207 48 200 150 180 224 10 230 208 96 132 217 12 234 16 2 83 91 29 29 130 7 127 16 8 45 130
64 34 70 13 74 11 160 64 118 160 242 234 193 130 128 80 122 204 106 128 0 243 199 72 84 32 163 169 101 0 35 129
96 2 12 156 8 137 8 72 134 136 208 201 195 194 160 66 76 236 110 136 12 67 207 208 148 48 171 185 16 136 42 129
189 22 31 122 48 175 64 19 52 9 231 116 211 67 160 89 81 160 14 60 59 148 97 30 202 231 48 64 184 136 224 33
105 34 16 96 41 29 80 16 107 168 176 109 159 11 194 146 134 196 76 12 140 98 192 0 194 249 37 50 66 128 74 3
65 34 143 133 10 2 105 64 108 160 226 74 220 130 208 114 96 196 106 136 1 209 135 64 148 34 167 0 41 32 99 32
32 32 0 141 79 75 160 72 42 164 176 11 2 128 64 146 104 220 234 1 8 115 219 80 29 32 7 59 65 40 79 130
36 160 20 153 203 223 176 200 150 180 240 10 228 208 96 196 217 24 234 16 2 99 219 153 29 2 7 127 18 12 45 134
80 2 143 221 8 2 33 120 118 128 226 102 81 227 160 66 120 228 106 168 41 209 139 12 84 163 231 0 40 232 96 32
96 32 5 161 76 9 96 72 78 160 242 74 212 130 64 64 104 140 106 136 1 114 197 208 148 50 163 24 16 8 115 128
96 32 6 13 74 11 32 72 102 160 194 8 68 128 0 82 104 204 106 0 0 83 203 16 20 32 3 56 0 8 50 130
32 32 6 1 72 11 160 72 118 160 226 73 192 128 64 64 120 140 106 0 0 211 201 16 20 0 35 48 97 8 51 130
96 32 6 13 73 9 32 72 118 32 194 10 64 192 32 208 120 204 106 136 0 211 203 0 20 32 130 8 96 8 43 128
97 32 6 9 72 75 161 72 38 160 226 136 208 128 66 2 104 204 106 4 0 211 199 16 21 0 11 56 81 8 34 128
80 32 7 5 73 75 32 72 54 224 194 7 192 192 0 210 120 204 106 136 8 211 215 0 21 34 3 0 0 32 53 0
17 32 6 1 10 11 32 72 230 160 194 8 194 128 64 66 104 204 106 8 0 211 207 16 20 2 7 0 97 0 115 128
117 36 199 23 136 2 7 184 82 242 66 108 83 225 145 11 25 102 96 58 185 243 143 42 40 46 101 4 233 248 80 32
6 164 148 23 155 83 22 200 150 183 0 1 228 242 73 207 145 78 232 48 50 81 139 59 41 6 77 111 128 116 7 70
37 14 198 126 136 34 7 184 82 162 98 232 115 225 137 59 21 102 96 42 233 224 143 47 104 46 101 16 233 241 66 0
20 172 148 18 153 183 22 168 54 183 0 16 102 230 73 216 145 95 160 48 54 64 27 63 169 150 13 103 144 117 135 6
32 32 78 141 76 3 160 72 118 32 240 66 144 130 0 64 120 204 106 136 1 242 207 208 20 160 170 8 89 8 99 128
17 34 14 129 78 11 160 64 206 160 242 66 221 194 32 64 104 12 106 140 0 243 199 208 212 162 163 16 57 8 113 128
116 166 199 119 136 2 7 184 82 178 66 108 83 225 145 43 25 102 96 62 185 243 175 42 104 46 101 4 229 248 80 32
6 164 148 23 155 71 22 200 150 179 0 1 228 226 75 207 145 94 232 50 54 83 155 59 41 6 77 111 130 116 15 134
32 32 15 141 14 11 160 72 22 160 210 66 210 129 0 64 120 140 106 8 0 241 79 144 220 32 163 48 49 8 48 128
32 32 6 153 73 203 160 72 118 160 240 11 192 194 32 192 120 172 234 128 0 243 219 208 21 2 139 43 65 8 47 134
96 32 6 137 79 11 32 72 190 164 242 11 198 130 32 64 120 204 106 0 4 243 203 208 21 32 131 57 17 8 118 134
0 32 6 129 73 11 160 72 254 160 226 9 198 128 0 64 121 196 106 1 8 243 219 80 149 2 71 17 65 8 51 130
32 32 7 137 76 11 160 72 214 160 242 74 194 192 96 64 121 140 106 8 8 243 207 144 28 2 3 56 80 8 80 128
16 0 6 157 11 131 32 72 150 128 194 2 192 226 32 192 120 236 106 128 8 195 219 220 149 34 195 11 48 8 41 134
32 32 5 137 78 11 160 72 22 160 242 74 195 192 64 64 121 140 106 8 8 242 203 144 20 128 131 40 49 8 112 128
96 32 66 129 77 11 96 72 111 160 242 8 134 128 68 208 104 140 110 0 4 243 145 208 149 0 3 57 65 0 106 134
80 34 6 137 77 11 32 72 62 32 194 11 194 130 64 210 120 196 106 0 8 211 195 208 148 34 131 25 32 8 81 130
48 32 6 137 9 15 160 72 102 0 242 2 194 194 64 194 104 204 106 136 12 227 211 80 149 0 139 24 81 0 35 134
96 32 6 137 77 75 32 72 174 160 226 10 198 146 32 66 232 204 106 0 4 211 219 208 148 32 131 59 17 8 114 134
16 32 22 137 74 15 160 72 236 36 242 2 206 130 96 80 104 140 106 128 0 243 211 192 149 2 139 0 65 8 37 160
32 32 83 129 78 9 224 64 44 32 242 74 142 136 0 0 106 140 110 8 8 243 193 192 20 160 3 32 97 8 67 128
49 32 6 133 78 11 160 72 62 32 242 66 148 130 0 64 120 140 106 136 1 241 195 208 20 32 35 32 73 8 99 128
96 160 134 29 72 11 32 200 54 176 194 136 64 224 64 82 81 108 106 0 10 211 207 17 28 34 197 60 80 40 50 0
32 32 6 136 77 15 32 72 6 32 242 11 192 194 34 66 104 204 106 132 12 243 195 192 85 32 139 41 16 8 56 130
80 0 134 29 10 11 32 72 246 176 194 8 64 224 0 82 113 76 106 0 8 209 207 28 28 34 69 52 16 40 48 128
32 32 6 9 74 11 160 72 100 32 226 130 192 194 64 64 104 140 106 136 8 243 199 64 20 0 163 0 97 8 34 128
33 34 7 137 14 11 160 72 30 160 242 66 214 128 0 64 120 140 106 12 0 241 67 208 148 32 139 48 24 8 49 128
80 0 6 129 74 11 32 64 110 32 194 10 194 130 32 64 104 140 106 0 4 211 197 80 148 34 3 48 0 8 49 128
96 32 2 137 72 9 32 72 230 32 194 138 130 128 0 80 104 140 106 0 0 243 207 16 20 32 3 56 17 8 50 128
16 32 6 141 8 3 160 72 102 32 194 2 192 130 0 70 104 204 106 128 8 227 203 80 148 32 2 24 81 8 33 132
168 116 2 8 73 123 53 68 196 110 236 37 2 148 35 3 200 24 202 96 24 179 97 0 85 129 0 43 82 94 36 210
113 0 135 29 26 2 161 72 118 224 66 128 82 228 32 82 81 108 106 4 1 211 239 25 24 34 69 8 96 32 32 64
120 0 6 9 9 11 32 72 102 176 194 2 194 208 32 208 104 132 106 0 8 211 203 16 20 34 3 12 16 8 48 128
24 48 135 29 26 131 0 120 118 128 194 100 66 225 32 82 81 108 106 32 41 211 203 28 28 34 101 0 98 32 32 208
0 0 6 129 72 11 32 64 118 160 194 2 64 130 96 80 120 12 106 8 0 211 199 16 21 34 131 48 0 8 112 130
4 160 167 29 152 195 0 200 86 244 194 1 64 228 96 16 17 108 106 48 6 209 239 29 29 2 69 54 16 32 4 214
17 34 11 185 4 169 97 87 52 17 70 86 183 129 248 73 96 10 2 28 19 184 7 49 196 129 114 64 232 136 243 168
117 174 199 126 154 2 71 184 210 242 102 232 115 225 185 123 21 230 96 46 169 243 143 47 104 174 101 20 233 240 66 33
48 197 80 97 21 74 102 165 101 4 250 3 67 9 60 80 248 128 6 226 76 176 81 205 55 220 128 3 97 26 244 6
1 38 75 163 68 168 225 96 236 16 123 206 147 0 0 2 104 160 66 44 3 178 68 5 228 161 162 64 109 11 211 160
112 32 2 137 77 9 160 72 238 0 242 10 134 130 0 80 104 141 110 128 12 115 215 208 149 0 139 25 113 8 106 130
112 32 6 137 77 9 160 72 46 32 242 10 134 130 32 212 104 132 110 128 12 243 211 208 149 32 139 57 17 8 123 130
33 32 7 141 78 11 160 72 54 128 242 66 81 130 64 64 120 140 106 136 0 243 199 64 20 32 3 0 97 8 98 128
32 32 7 137 78 11 160 72 46 32 242 66 212 130 32 64 104 140 106 12 0 243 69 208 148 32 131 16 49 8 113 128
80 32 22 129 79 9 160 64 238 32 242 10 14 130 32 192 106 133 110 128 4 243 145 208 149 0 11 25 65 0 43 130
64 32 67 129 78 9 224 64 44 32 242 202 159 136 0 64 106 140 106 136 0 242 197 192 20 160 3 0 97 8 99 128
32 32 7 137 76 11 160 72 110 32 242 74 194 128 32 64 104 140 106 8 0 243 79 208 148 0 131 32 113 8 113 128
0 32 3 137 76 9 224 64 46 32 242 74 142 128 0 0 104 140 110 8 0 243 193 208 148 160 3 48 97 8 67 128
6 172 148 27 153 215 22 168 62 183 64 1 76 246 79 156 145 91 224 16 54 80 155 63 41 22 69 111 210 116 15 6
50 69 2 136 89 79 6 97 9 44 249 9 6 144 32 144 200 149 194 99 72 163 80 12 177 48 8 59 65 10 174 134
96 32 2 129 77 11 160 64 238 160 242 10 14 128 100 208 232 141 106 128 4 243 145 208 21 0 3 57 65 0 107 130
16 32 7 9 72 11 160 72 118 224 194 0 66 192 0 64 120 76 106 0 1 211 111 20 20 34 7 0 96 8 50 192
104 50 24 100 32 12 80 16 41 168 182 77 159 19 64 18 132 196 108 12 8 96 209 0 195 249 37 49 72 160 74 3
16 0 6 141 15 75 160 72 6 32 210 3 196 194 32 70 232 204 106 128 8 211 195 208 149 34 139 19 16 8 60 6
4 2 88 194 244 136 234 0 121 0 51 193 207 74 61 88 18 129 6 78 36 33 12 238 4 158 34 64 221 147 97 0
17 34 143 93 8 2 33 88 246 160 226 68 81 227 160 82 120 228 106 8 9 209 139 8 84 162 227 0 8 168 96 32
32 32 7 13 72 75 32 72 54 228 194 8 64 192 96 80 120 76 106 0 6 211 235 17 20 34 3 40 0 8 54 198
16 32 6 137 73 11 160 72 236 32 242 2 198 146 64 196 104 140 106 128 8 243 195 192 149 32 139 16 80 8 33 6
16 32 22 137 79 11 160 72 238 32 226 2 196 210 32 70 104 204 234 0 0 243 195 192 149 32 131 35 16 8 53 134
32 48 20 137 75 91 48 72 22 176 224 10 198 208 96 196 121 8 234 0 6 115 219 17 29 130 5 63 112 8 45 134
32 81 22 172 73 71 150 108 136 132 232 9 4 146 32 146 200 33 194 99 68 3 82 12 53 144 8 63 16 58 47 130
8 233 16 25 9 221 48 232 174 20 65 9 172 214 107 149 145 57 194 66 70 64 218 85 133 16 9 47 16 54 15 214
96 34 6 136 104 11 160 72 228 40 242 232 195 194 224 86 72 204 110 128 8 227 199 64 20 48 163 185 81 136 102 129
98 34 0 152 104 9 72 72 143 60 176 233 226 194 128 150 200 192 110 0 10 67 203 145 148 176 161 189 80 136 78 4
8 88 16 31 41 221 18 0 30 12 67 9 174 212 3 220 128 59 162 66 6 152 219 57 5 112 80 59 82 7 13 79
89 34 80 32 40 13 80 16 107 172 176 109 143 11 194 146 134 197 76 12 12 96 192 0 150 249 37 48 66 132 75 1
44 89 18 154 73 212 32 64 228 140 201 0 198 208 43 197 216 40 138 82 12 147 82 8 133 176 2 11 18 59 44 134
70 160 196 37 172 11 96 136 43 180 130 137 199 32 83 158 3 196 108 29 14 97 207 0 156 210 13 53 132 108 91 4
50 32 132 137 11 95 144 72 86 180 224 11 194 208 66 132 249 92 234 16 14 211 219 157 157 194 7 55 82 12 12 134
81 34 143 77 10 2 97 88 246 160 230 102 209 227 160 114 120 236 106 140 137 241 175 12 84 163 231 0 41 160 96 160
114 32 0 137 79 73 160 72 47 164 240 11 134 152 64 150 104 204 234 128 8 115 211 208 149 0 3 59 65 12 110 130
44 105 2 26 65 214 32 64 164 140 197 1 194 210 107 205 200 40 130 98 72 147 18 0 145 144 66 3 2 59 126 130
44 20 18 160 73 215 38 96 132 140 235 9 198 208 35 199 200 60 194 98 76 147 26 0 177 208 3 15 66 63 46 134
17 34 15 133 14 10 233 80 238 160 226 66 213 130 208 114 104 196 110 136 1 209 133 64 212 32 171 0 40 0 99 160
44 84 18 40 73 87 54 72 132 172 237 1 70 144 42 198 216 44 202 98 76 147 16 0 245 241 2 15 82 59 46 210
117 166 207 117 158 10 103 248 118 242 198 230 83 225 209 43 25 108 104 44 169 241 239 10 124 47 101 20 237 248 114 32
17 43 15 241 2 169 33 23 68 17 66 214 147 131 224 107 104 138 34 152 27 152 71 0 196 193 178 96 184 136 144 168
49 3 109 105 18 131 65 31 86 105 230 252 83 0 128 120 20 172 44 156 137 218 101 28 208 239 49 80 121 128 96 121
78 160 150 22 137 87 52 200 182 182 64 9 196 246 75 142 145 127 232 18 6 83 155 56 25 18 77 111 130 116 15 198
121 158 235 126 56 170 71 51 241 75 239 252 115 97 146 112 21 230 108 44 185 175 228 15 242 239 32 208 107 162 226 113
249 150 91 120 176 162 67 55 116 75 230 116 83 67 168 120 81 160 46 28 189 141 97 30 202 239 48 64 184 136 224 17
101 162 143 85 152 10 37 248 246 178 194 228 83 225 208 34 17 100 104 44 169 241 143 8 8 43 101 84 224 232 82 32
140 85 18 8 73 87 55 72 132 142 205 9 198 208 43 198 216 24 202 98 64 163 114 10 49 48 2 15 82 126 37 246
86 160 132 21 139 83 20 232 22 178 64 9 68 246 66 134 145 92 232 18 6 83 203 24 29 2 77 127 130 100 15 134
33 35 75 33 66 9 229 20 100 0 123 198 147 1 128 2 104 168 74 78 73 176 197 0 228 161 160 0 109 26 82 136
17 34 143 5 8 10 33 80 236 160 226 70 209 130 144 114 104 196 106 136 1 209 133 64 148 34 163 0 41 32 99 32
117 174 199 126 154 2 71 184 210 178 98 236 115 225 153 27 21 102 96 46 169 242 143 47 104 174 101 16 233 240 66 32
6 164 148 26 153 215 22 168 62 183 0 1 108 242 79 152 145 75 160 48 54 192 155 63 41 22 69 111 208 116 11 6
32 160 20 24 75 223 48 200 22 180 192 9 198 210 98 196 217 8 234 16 6 83 219 17 29 130 5 127 80 8 45 134
57 178 235 117 16 163 65 23 119 233 198 252 115 1 144 56 24 174 124 28 171 221 101 15 210 239 177 144 109 136 80 120
113 66 77 73 26 131 65 88 86 97 230 230 83 1 129 120 88 140 44 28 139 150 69 28 208 171 176 80 249 128 96 56
17 2 143 93 24 2 101 120 246 162 226 100 83 225 160 82 120 228 106 44 41 241 143 28 84 163 99 0 40 168 96 160
117 166 207 85 158 2 71 248 214 178 194 238 83 225 209 43 25 108 104 44 169 243 175 8 40 43 101 20 237 248 80 32
140 81 55 28 73 221 48 72 204 140 79 40 192 212 47 196 208 56 234 98 68 129 242 24 7 113 1 59 82 63 7 231
96 32 0 141 75 73 160 72 38 164 240 11 134 208 64 146 105 204 234 0 0 115 219 16 29 0 15 59 65 8 46 130
33 35 65 161 70 9 101 20 4 48 71 198 147 1 192 75 72 168 10 202 75 176 69 128 196 193 162 32 41 26 80 160
86 160 150 22 139 211 22 232 150 178 64 1 196 246 75 206 145 126 232 18 38 81 139 58 9 6 77 111 130 116 7 134
32 32 6 137 73 15 160 72 38 32 226 11 192 194 32 66 232 76 106 128 4 211 219 144 21 34 139 59 16 8 48 130
152 92 19 162 205 113 167 246 68 78 222 50 130 21 98 231 105 26 202 2 40 51 113 162 181 197 130 3 67 127 188 246
66 33 16 12 89 213 176 105 138 172 8 9 172 214 66 134 128 125 234 97 6 67 138 29 53 16 11 63 0 38 15 143
114 72 18 136 77 75 132 71 8 3 248 27 6 24 36 144 232 149 202 1 72 175 80 66 145 52 24 19 193 8 174 10
152 54 155 185 178 227 3 86 22 207 212 246 151 199 168 40 95 56 6 56 59 149 96 142 232 199 50 80 176 200 165 241
1 32 7 141 78 11 160 72 254 32 242 66 213 194 160 64 122 204 106 140 1 241 71 208 148 162 35 0 105 8 35 128
96 0 6 153 73 1 160 72 150 32 210 11 192 194 32 68 120 204 106 128 14 195 219 209 149 34 139 27 17 8 48 130
48 32 7 137 76 11 160 72 38 160 242 74 194 128 96 0 104 140 106 8 8 243 203 208 148 0 131 32 113 8 113 128
96 32 6 137 73 75 160 72 126 32 240 11 128 194 64 84 248 140 106 128 4 115 211 208 20 0 131 43 81 8 110 134
96 32 2 136 79 13 96 72 111 32 226 11 198 130 32 86 104 204 106 0 8 243 193 192 21 32 131 59 17 8 122 134
80 32 22 140 75 11 160 72 246 0 242 2 196 194 96 68 120 204 106 128 0 243 219 80 149 0 3 9 80 8 43 130
36 160 150 29 153 131 0 232 182 176 194 0 228 224 64 86 145 110 106 32 34 209 203 29 29 50 69 87 144 32 48 6
224 0 18 140 9 101 144 78 142 164 128 25 132 146 34 4 200 33 202 32 20 11 82 88 145 16 10 59 16 8 15 130
53 38 207 127 138 2 71 248 82 226 242 236 115 225 153 59 31 238 100 46 233 243 175 46 248 175 101 132 237 248 114 49
96 0 6 141 73 11 32 72 166 32 194 11 192 194 32 70 232 204 106 128 14 211 219 145 149 32 139 27 16 8 50 130
64 32 150 28 73 195 32 72 182 128 194 1 192 194 32 86 248 108 106 0 6 195 203 21 21 50 71 27 16 0 35 134
0 32 7 137 76 11 160 72 38 160 242 74 195 128 96 64 104 140 106 8 0 243 79 144 148 0 131 48 113 8 17 128
32 32 6 129 79 11 160 64 238 160 242 11 6 128 96 192 232 141 106 128 4 243 131 208 149 0 3 27 65 0 107 130
105 50 24 96 33 13 80 16 41 168 54 77 159 19 64 146 132 197 236 12 12 96 209 0 195 249 37 49 74 128 74 3
112 0 6 141 9 11 32 72 38 32 210 3 198 194 32 70 232 204 106 128 12 83 219 208 149 32 139 27 16 8 58 134
48 32 6 137 75 75 160 72 174 32 240 11 132 128 64 192 232 140 106 128 4 227 219 208 149 0 139 59 81 8 99 134
96 32 6 136 73 11 32 72 174 32 226 11 130 194 96 82 232 204 106 128 12 227 219 208 21 32 131 59 17 8 98 134
16 32 22 137 79 11 160 72 236 32 242 2 206 130 32 64 104 140 106 128 8 243 193 192 149 32 139 3 17 8 41 134
0 32 6 137 73 11 32 72 110 32 226 11 198 210 96 70 232 204 106 0 12 243 195 64 149 32 131 3 16 8 32 6
96 32 6 136 73 15 160 72 36 32 242 3 196 194 32 196 232 140 106 128 8 115 211 192 149 32 139 11 81 8 43 130
48 32 6 137 75 11 160 72 182 32 210 11 192 130 32 80 120 204 106 0 0 243 195 208 20 34 139 51 49 8 49 130
96 34 6 152 104 193 96 72 231 160 240 169 131 194 192 80 72 168 110 129 12 99 199 80 148 16 139 57 81 136 38 132
64 32 134 28 73 143 32 72 54 176 194 1 224 226 96 70 217 108 106 0 2 211 219 29 29 34 67 47 80 0 34 134
98 34 64 168 44 9 72 8 47 60 176 137 130 0 212 148 201 132 110 4 10 99 203 145 148 208 1 61 80 140 90 4
89 34 80 32 33 13 88 16 105 172 176 9 159 11 64 144 166 133 76 4 12 96 192 128 210 217 33 50 98 132 75 1
86 160 132 37 141 75 96 136 43 180 130 137 195 32 85 158 41 196 236 17 14 65 207 0 156 210 141 55 164 108 31 6
88 0 4 173 13 91 64 8 103 164 130 3 195 48 6 194 200 212 236 128 44 225 93 156 153 243 67 19 48 12 13 6
81 2 207 237 78 2 97 88 118 192 226 230 209 227 160 98 120 204 106 140 9 211 231 64 84 171 227 0 41 168 96 32
86 132 148 21 155 87 150 168 191 182 130 9 110 124 6 199 145 85 237 51 44 193 91 29 185 114 77 23 146 100 13 70
117 6 207 125 154 2 71 248 114 226 242 236 115 225 177 115 93 228 116 46 169 243 173 14 248 175 101 132 237 248 114 49
120 32 0 161 77 77 160 64 44 36 242 11 143 24 0 148 104 141 238 128 8 243 209 192 149 193 3 59 67 12 111 134
65 34 75 129 74 8 105 80 108 32 242 70 157 130 128 112 106 141 110 136 1 211 197 64 212 32 171 0 40 0 35 160
25 22 155 249 178 243 67 95 23 203 222 246 215 71 168 96 87 40 14 60 59 133 101 158 200 199 50 196 186 202 160 113
156 158 46 179 205 125 53 242 181 95 246 55 3 37 42 199 237 218 202 68 180 247 59 224 95 193 118 7 227 205 188 215
191 30 38 43 233 117 54 208 36 95 230 21 0 182 34 207 237 138 194 212 188 151 49 98 247 241 6 135 202 93 174 215
121 158 239 108 58 170 67 55 225 73 254 236 83 97 154 114 31 230 92 44 185 171 228 15 242 239 32 216 239 226 226 113
157 84 128 163 213 116 239 246 100 238 252 23 72 50 107 238 105 194 130 138 37 83 121 226 61 195 207 35 139 125 239 214
156 92 147 130 237 85 55 196 100 110 215 50 0 180 99 230 233 218 138 66 109 51 49 162 183 197 134 11 130 127 188 214
121 182 111 100 52 170 67 55 96 233 254 254 115 33 152 48 25 166 92 44 185 191 101 15 250 239 161 208 237 138 210 56
14 160 148 27 153 215 16 232 190 181 66 9 236 246 111 156 145 127 235 49 38 81 155 125 9 18 77 111 146 36 13 198
113 6 207 125 10 2 71 120 118 194 102 228 115 225 177 123 87 236 100 46 169 243 175 15 104 175 101 128 253 240 114 33
153 163 155 185 134 171 97 95 118 81 118 86 189 131 240 105 51 10 6 156 19 216 39 113 204 193 114 96 184 192 225 168
9 168 155 185 194 161 169 223 26 17 80 82 189 131 224 41 127 27 2 152 19 88 134 241 204 193 122 232 184 64 161 169
78 160 148 21 201 87 52 232 182 190 66 9 196 246 66 134 145 93 233 16 6 83 219 24 13 50 77 63 130 100 15 134
44 93 18 28 105 223 22 98 132 206 237 9 132 212 35 198 200 56 202 98 68 163 18 8 101 112 3 43 82 127 47 215
44 93 18 50 73 215 54 96 132 12 235 1 194 212 35 197 200 56 130 66 76 179 26 0 49 209 1 11 66 63 44 134
44 93 2 26 41 213 22 64 156 140 77 1 166 214 35 213 200 56 194 66 76 154 82 40 165 48 66 11 82 63 62 198
44 89 18 159 105 220 54 64 220 140 73 1 230 212 43 197 200 58 130 66 70 2 90 41 133 176 2 43 18 63 45 134
10 249 48 31 41 221 50 142 63 53 76 1 172 148 71 213 129 27 235 67 70 24 91 113 7 112 24 51 18 21 13 78
32 65 18 188 73 207 150 109 142 172 184 9 132 246 34 150 216 49 202 98 68 35 82 28 53 148 11 63 80 58 141 130
10 233 16 26 105 221 54 232 174 52 8 9 172 214 107 132 129 59 194 66 70 2 218 125 165 16 11 43 16 38 15 198
101 6 75 41 64 136 227 48 228 64 105 196 147 0 153 2 40 128 66 238 1 48 68 36 100 165 162 8 105 139 115 160
100 74 89 160 100 8 239 128 232 0 48 198 157 2 53 80 106 193 6 126 1 33 4 206 36 158 38 12 221 49 65 0
48 213 82 168 217 79 150 97 13 4 250 11 66 24 36 144 200 149 194 99 92 163 81 78 49 36 0 19 81 10 238 130
48 141 80 225 213 78 102 101 117 4 186 3 66 9 36 208 248 129 6 226 92 184 17 207 51 156 134 3 97 42 236 6
49 3 77 99 2 137 97 16 100 48 67 230 147 1 192 104 104 168 42 218 75 144 103 0 196 192 160 0 41 154 208 160
121 82 77 121 18 131 65 20 86 97 226 230 83 1 128 120 124 172 44 156 139 150 101 28 212 175 176 80 249 128 80 56
194 48 16 24 105 253 176 72 174 20 128 9 172 214 99 132 145 49 202 33 6 3 218 89 21 16 11 59 16 36 15 70
98 68 18 140 73 111 144 79 138 132 160 25 132 146 34 153 200 161 202 33 4 3 66 88 145 16 26 59 16 24 143 134
1 3 73 43 68 8 226 48 236 1 115 198 147 32 152 2 106 130 74 110 9 48 68 36 228 161 162 0 109 139 82 160
57 74 72 97 6 139 101 16 84 96 231 230 147 1 193 121 120 168 46 222 201 152 69 0 196 225 160 0 45 154 80 128
50 16 18 136 201 111 144 70 8 6 225 25 6 144 38 152 200 145 198 1 28 167 80 66 145 52 26 27 80 72 175 6
226 0 18 136 73 71 148 110 136 2 128 25 134 146 38 149 200 145 202 33 116 15 82 198 145 16 26 59 16 12 175 6
98 4 18 152 217 205 144 71 168 5 176 25 134 144 32 157 200 147 202 1 52 35 80 68 177 48 26 59 208 88 167 130
96 32 0 152 108 73 192 72 167 160 176 169 130 192 196 144 72 129 238 129 12 99 199 208 148 16 139 57 84 12 110 132
48 32 134 13 75 11 32 72 182 160 194 3 64 210 96 214 120 76 106 0 2 211 203 17 28 34 3 19 32 8 32 134
98 160 64 160 44 9 64 136 15 60 176 169 135 0 196 150 201 196 110 0 14 98 207 145 148 208 1 61 80 12 94 4
25 150 207 168 178 179 75 215 5 77 222 230 215 199 170 100 95 178 14 60 155 153 37 158 250 199 54 196 186 202 164 121
158 154 162 243 229 125 53 242 53 78 118 55 8 183 106 204 253 218 167 134 188 190 187 226 223 231 246 195 131 255 188 215
189 52 38 26 249 116 53 222 117 94 246 53 10 190 47 239 237 30 223 34 173 247 243 162 251 121 70 7 218 93 174 215
121 151 111 108 50 42 71 55 225 72 254 236 83 101 152 115 94 230 124 44 185 171 164 13 250 235 96 192 111 226 242 121
89 150 95 104 178 178 67 151 103 73 238 230 83 215 170 112 117 166 46 60 187 155 37 30 250 239 162 196 186 130 224 121
168 221 178 134 237 85 55 228 100 78 214 55 14 180 34 231 233 218 202 66 125 179 49 170 191 213 134 11 66 125 188 215
25 130 219 121 144 138 99 223 118 73 102 116 115 129 184 120 115 134 14 156 179 189 37 127 218 239 50 64 249 128 224 40
145 161 155 249 130 165 169 223 30 25 84 82 189 147 224 41 127 27 23 152 19 216 162 241 204 201 254 224 188 192 161 169
44 93 50 28 249 247 54 66 140 206 205 1 132 244 35 196 204 120 202 66 36 171 114 10 55 117 7 63 18 125 45 215
121 134 111 97 16 139 67 55 116 105 230 252 115 33 144 112 124 134 108 188 187 157 101 63 244 239 176 208 237 136 210 56
142 93 50 26 233 221 54 98 141 204 77 9 172 244 39 198 192 121 234 66 68 138 114 42 39 116 0 27 82 125 13 215
25 139 75 121 144 139 97 23 118 65 102 214 179 129 176 120 112 138 14 28 155 152 101 53 198 235 48 64 120 136 208 56
44 93 22 30 105 221 54 98 140 204 109 1 174 212 35 198 200 120 194 66 68 138 114 40 167 113 0 11 82 127 44 215
10 253 48 27 41 221 54 174 46 125 76 9 172 150 74 132 129 91 235 66 70 88 218 113 39 80 24 111 18 21 15 222
10 173 16 19 73 221 54 232 174 52 13 9 172 214 67 148 129 59 203 67 70 75 90 125 45 16 15 107 18 6 15 206
34 21 82 140 217 79 150 105 156 4 248 9 70 188 38 144 216 149 194 99 88 171 80 14 49 54 0 31 81 42 174 130
48 133 82 64 213 78 198 101 93 4 250 3 66 25 36 208 248 156 134 96 88 187 17 206 59 156 134 67 65 10 252 2
53 3 73 163 2 137 103 208 68 64 194 230 147 1 200 98 104 136 14 206 137 144 101 32 196 193 162 0 41 139 48 176
49 82 109 107 18 138 65 16 118 105 227 230 83 1 129 120 124 172 44 222 203 176 101 20 212 235 176 192 121 154 112 48
194 48 16 24 73 253 144 73 190 52 128 9 172 214 99 148 145 49 202 33 38 3 218 95 145 16 11 59 16 36 15 198
226 0 18 136 137 111 144 79 154 165 160 25 142 146 34 157 200 177 206 1 60 7 82 88 145 16 26 59 208 92 143 206
5 6 73 41 68 8 103 176 236 66 126 196 147 97 152 50 74 136 74 110 201 48 228 64 228 241 162 4 109 187 80 160
37 75 75 227 4 11 103 16 100 64 127 196 147 129 216 96 122 136 14 206 201 176 103 32 196 153 160 0 109 219 80 160
178 16 2 136 137 111 148 67 168 7 160 25 134 148 46 152 200 147 206 1 28 171 80 64 145 48 26 59 208 76 175 6
5 3 67 99 4 10 103 16 100 64 127 196 211 65 152 112 88 136 78 110 137 176 101 40 228 233 162 0 108 155 80 176
175 188 34 235 225 117 53 222 21 79 246 55 136 190 103 236 221 95 183 22 188 183 58 226 223 127 86 195 210 127 172 215
142 53 178 72 233 255 63 236 159 78 222 61 204 191 46 213 222 59 251 98 244 135 242 210 119 89 4 191 18 125 173 223
121 151 111 108 178 178 67 183 225 72 254 228 83 101 186 113 118 230 124 110 185 187 37 13 250 235 34 196 111 130 242 121
121 151 127 232 178 162 107 191 101 73 254 230 83 103 186 112 118 166 14 188 185 155 37 221 250 239 162 196 186 194 224 121
172 212 182 198 237 117 181 222 69 94 246 63 14 180 42 247 237 218 202 66 252 247 57 168 191 211 198 15 194 125 172 215
89 150 111 105 176 162 99 127 117 73 254 116 115 3 186 112 115 166 14 188 185 189 37 127 250 239 34 68 249 130 225 121
121 158 111 101 20 42 103 55 97 104 254 238 115 33 144 112 56 230 124 46 185 184 165 47 254 239 160 208 237 170 210 121
153 203 219 121 182 138 107 159 127 73 118 86 127 3 176 120 51 142 14 188 243 184 37 127 246 239 50 64 186 128 225 56
10 221 48 31 121 221 54 234 142 31 76 9 172 182 35 196 128 123 195 67 102 26 122 55 167 117 24 59 82 93 15 223
10 253 48 27 121 221 54 238 175 127 12 9 172 150 106 148 133 27 203 65 102 24 90 119 47 85 24 111 18 21 15 223
44 93 20 158 89 221 182 107 142 28 109 9 172 246 35 212 200 123 194 66 102 10 90 255 53 86 2 59 82 62 15 223
10 189 16 18 89 221 54 234 174 60 12 9 172 214 99 148 129 27 203 66 102 74 90 119 189 84 27 43 18 15 15 222
40 29 16 158 93 221 150 105 142 140 185 11 236 246 35 132 152 177 194 66 118 35 90 255 53 150 11 59 82 46 15 151
17 111 73 33 2 137 97 210 100 80 78 230 147 1 129 96 104 168 46 76 139 184 101 32 228 169 162 0 108 184 80 184
48 149 114 96 213 70 214 101 93 12 250 3 66 184 52 192 248 158 135 33 88 187 17 206 59 62 4 83 65 10 252 2
34 21 18 8 217 207 150 107 157 4 248 9 78 220 46 144 216 177 194 33 116 163 82 94 49 52 0 91 81 14 238 210
117 66 109 107 2 138 65 16 116 97 231 230 83 1 152 112 124 132 108 222 203 176 101 60 196 235 160 128 109 155 80 49
194 52 16 28 9 221 144 75 190 54 128 25 172 214 98 157 129 57 202 33 54 7 218 89 145 16 91 59 16 4 143 86
114 4 18 136 137 77 144 79 138 39 160 25 142 146 38 159 200 147 206 17 44 15 82 208 145 18 90 123 208 12 143 198
5 3 79 105 4 11 101 16 124 64 111 196 211 1 153 112 114 8 78 78 195 176 109 0 196 233 32 4 108 139 82 48
37 3 75 99 4 11 103 16 108 64 127 196 211 65 184 96 90 136 14 78 201 176 109 32 196 153 160 0 108 155 80 160
178 32 18 152 137 253 144 75 186 5 160 25 142 246 38 153 200 177 206 1 60 15 82 82 145 48 91 59 208 76 143 70
50 148 22 152 9 221 16 198 137 23 128 25 142 146 38 159 201 179 206 1 44 15 82 192 145 18 90 59 16 12 175 78
249 147 111 108 162 22 111 245 113 72 246 228 115 237 178 115 126 230 125 238 249 187 165 45 242 235 98 192 111 162 242 121
46 148 178 222 233 119 181 252 29 94 247 39 204 190 46 253 221 95 183 34 212 247 187 226 159 119 86 143 210 125 173 215
142 117 54 216 233 255 63 240 159 94 213 61 204 255 46 213 223 121 255 35 244 199 250 216 55 83 79 191 146 125 141 215
121 151 127 238 178 179 107 247 229 73 254 230 89 103 186 113 118 166 30 238 185 155 45 253 250 233 166 196 63 130 224 121
142 125 54 156 233 253 63 242 159 206 220 61 140 254 39 165 206 121 251 67 180 143 242 254 63 85 79 187 18 125 175 215
89 223 127 107 178 178 107 191 101 72 254 230 121 35 178 113 118 135 46 172 185 185 45 127 250 239 162 192 59 130 225 121
170 93 54 158 249 213 182 98 157 206 204 9 172 252 39 196 204 123 131 67 102 43 114 239 63 119 30 59 146 93 45 223
153 206 127 107 182 138 107 191 125 73 126 118 123 3 176 112 115 166 46 156 163 188 37 127 246 239 50 192 253 146 225 105
40 157 16 158 121 221 182 235 158 28 60 11 172 252 35 148 205 59 194 2 102 43 90 255 53 86 27 59 83 76 15 223
10 189 48 18 121 221 54 238 174 61 12 25 172 182 106 132 141 27 203 65 102 74 90 247 63 87 31 127 18 12 143 223
9 74 79 121 6 138 101 22 116 80 94 228 179 129 209 112 50 170 46 76 129 184 39 112 228 233 102 128 44 144 81 248
46 28 16 158 217 237 146 97 159 12 184 9 110 254 38 148 136 185 194 1 20 3 90 127 49 22 9 123 209 46 143 198
13 75 79 225 36 10 103 176 108 192 110 228 147 131 241 114 98 232 110 110 129 144 101 34 228 205 166 4 60 185 64 176
125 27 109 101 2 138 97 144 116 96 110 228 211 1 153 112 124 140 108 94 203 176 101 4 196 235 160 128 109 147 80 49
82 48 18 156 9 253 144 79 190 47 128 25 142 214 38 156 192 57 205 1 30 3 218 83 145 20 91 59 144 68 143 70
5 67 111 107 4 10 103 152 116 64 127 196 211 65 153 112 114 140 110 78 131 176 109 24 196 233 32 4 109 155 82 112
5 3 107 97 36 11 103 184 124 64 126 196 211 1 176 112 82 76 46 110 195 176 109 8 230 249 160 4 108 171 80 112
178 8 150 152 137 221 144 75 137 23 176 25 142 214 38 159 201 177 206 17 60 47 82 192 153 18 92 123 208 12 175 70
249 159 111 238 182 150 127 244 117 72 254 230 123 119 186 113 118 182 191 238 249 155 45 189 250 235 230 192 63 162 224 121
46 156 178 220 237 245 191 242 159 207 252 39 140 254 38 236 223 249 183 3 148 63 242 194 95 127 95 175 210 124 173 215
89 159 127 238 50 178 107 254 101 72 254 230 121 103 162 113 118 166 30 238 233 153 45 253 250 239 174 192 63 130 224 121
138 157 48 158 121 221 148 238 159 95 220 9 172 190 47 132 205 123 219 65 102 43 114 247 55 119 26 59 18 76 15 223
42 156 48 154 121 253 180 238 159 127 188 9 172 190 46 132 141 91 195 1 38 43 122 247 63 87 26 63 82 76 15 223
10 180 48 18 249 221 176 239 191 125 140 29 140 254 78 148 141 27 219 17 118 75 250 247 63 87 31 127 146 4 143 223
42 156 16 158 121 253 146 238 159 61 188 11 172 254 103 132 141 123 194 1 38 43 122 247 55 87 26 59 82 13 15 223
10 188 16 18 249 253 176 239 191 127 172 25 172 182 78 148 141 19 219 17 38 75 122 247 63 87 31 127 18 4 143 223
46 156 16 30 249 237 146 75 159 61 185 25 46 220 38 148 137 187 195 1 22 43 90 255 21 22 25 59 211 76 79 222
5 67 107 105 52 10 103 24 124 64 127 228 211 65 153 112 122 200 78 110 137 176 109 26 230 173 37 128 108 178 80 160
