180 253 0 2 209 69 87 237 65 45 173 56 98 116 74 20 153 194 192 114 122 43 40 54 169 128 4 127 208 83 198 110
217 205 7 118 130 12 5 183 176 146 6 80 113 51 129 191 5 118 32 74 97 76 170 43 232 227 116 0 34 240 162 40
58 32 8 169 79 75 176 72 14 164 240 11 135 136 66 0 232 157 235 129 12 243 195 144 149 193 139 59 21 12 124 194
165 204 5 30 204 131 134 174 214 146 64 85 224 96 56 197 217 98 34 71 101 236 91 63 36 34 213 0 88 124 208 140
253 135 68 14 154 131 70 237 210 7 169 218 67 96 170 80 121 198 72 238 126 75 14 63 120 38 165 92 245 242 240 4
105 48 113 64 101 93 121 16 105 8 180 8 10 25 148 182 142 212 70 8 129 96 240 192 23 216 0 18 66 136 66 37
83 2 134 157 12 2 172 104 228 2 194 198 209 226 176 66 104 228 106 141 141 193 151 204 148 34 202 0 28 120 48 4
240 239 75 62 154 192 70 237 144 194 173 139 99 225 185 19 25 226 72 238 104 75 142 47 184 38 229 57 101 242 246 72
88 48 121 224 98 72 121 80 41 8 52 168 31 31 192 16 166 149 223 0 0 96 128 192 214 249 32 131 102 128 7 51
6 172 148 155 153 163 182 168 190 151 0 17 196 230 104 73 145 91 169 17 50 72 139 119 173 22 95 111 144 113 133 2
17 134 12 191 28 131 138 232 86 17 200 215 113 192 56 65 89 10 10 173 46 163 79 191 172 38 171 68 60 138 184 136
97 32 112 65 101 29 232 64 105 32 240 72 138 8 20 180 234 133 70 0 132 115 212 192 22 24 0 50 79 140 90 132
3 14 6 159 28 131 174 104 148 18 194 199 97 226 48 193 120 98 42 167 100 193 15 253 32 34 203 0 28 40 56 4
162 36 121 71 100 107 99 32 121 32 105 24 214 59 132 48 146 93 83 74 49 240 217 98 5 184 0 66 64 163 67 162
88 48 88 224 34 72 89 16 41 8 52 168 159 31 64 80 166 149 221 0 0 64 128 192 210 249 34 131 34 128 7 19
241 205 70 62 158 128 71 172 144 134 200 142 99 96 187 83 88 226 72 238 108 207 14 63 176 34 205 24 37 250 176 12
120 224 247 122 11 232 65 70 227 145 168 26 31 215 72 62 35 243 121 24 74 99 178 192 219 236 20 120 99 66 102 34
38 162 12 137 205 3 176 200 22 180 208 139 192 200 114 64 121 8 163 149 6 115 79 145 28 2 143 127 213 12 60 198
163 143 4 158 149 133 134 175 86 19 72 215 224 96 60 193 217 98 2 239 126 76 28 63 40 38 223 65 25 92 248 140
105 48 113 64 101 29 121 16 105 8 180 8 10 27 148 180 134 148 70 8 129 96 240 192 7 216 0 18 66 136 66 37
194 207 22 20 130 8 52 167 176 22 2 48 164 34 0 27 133 103 32 64 112 220 0 106 44 34 84 2 128 80 131 10
134 133 140 186 146 163 182 175 158 19 73 145 228 226 40 64 145 67 35 3 54 72 26 119 40 38 159 71 152 67 161 2
3 14 6 159 28 131 174 104 148 18 210 231 97 234 176 193 120 98 42 167 228 201 79 253 32 34 203 128 28 40 56 132
88 48 113 224 33 76 81 16 41 136 52 40 158 31 0 116 166 21 221 0 8 96 176 192 195 249 32 147 98 128 71 35
252 41 243 108 155 200 83 65 241 128 225 26 27 247 65 48 50 188 89 24 56 39 176 138 243 236 0 57 227 33 102 34
3 134 12 155 92 131 138 232 22 17 216 211 96 200 56 64 89 10 10 165 38 178 79 191 44 38 155 101 29 8 184 132
177 207 69 30 150 147 206 236 84 64 64 214 113 96 186 229 89 226 2 239 255 76 44 63 40 38 141 64 125 190 240 236
105 48 113 64 101 93 121 16 105 8 180 40 10 25 148 180 142 148 70 8 129 96 240 192 23 216 0 18 66 136 66 37
100 108 113 65 240 79 99 128 121 168 114 40 214 55 5 49 146 125 87 122 33 244 97 110 109 156 5 68 192 177 67 162
145 207 12 190 146 128 134 173 150 22 72 151 101 96 58 65 113 99 1 231 124 72 12 63 168 34 238 1 53 122 185 72
130 143 14 158 22 131 186 238 150 5 216 163 97 234 58 65 89 107 11 133 38 169 15 255 32 38 186 9 20 8 60 138
3 134 6 155 93 147 138 232 22 17 200 211 96 200 58 197 89 10 138 165 38 163 79 191 44 38 155 117 29 12 184 140
104 48 49 96 33 28 81 16 105 8 52 72 31 31 0 48 134 20 221 8 137 96 176 128 195 249 32 18 66 128 66 35
104 48 120 96 33 93 81 16 105 136 52 40 158 31 128 52 134 20 221 8 136 96 176 192 195 217 32 146 66 128 66 35
224 252 49 122 121 205 83 182 59 48 32 104 190 159 64 21 135 251 89 64 106 110 250 247 253 216 20 122 66 128 199 59
165 105 241 65 101 73 101 204 123 160 96 8 150 27 69 63 178 93 66 90 97 116 217 96 37 152 69 38 66 177 67 172
181 207 105 14 212 129 207 252 84 192 220 230 113 96 186 36 92 226 16 239 235 11 45 63 40 40 173 208 125 186 240 236
130 143 12 158 147 129 182 167 158 23 73 179 228 106 46 67 161 99 131 133 118 72 10 127 40 38 222 195 16 84 185 14
131 143 6 158 20 151 170 238 214 0 74 198 96 224 60 197 88 106 2 173 167 184 30 255 32 38 138 0 29 14 120 140
104 48 120 96 32 77 81 16 105 136 52 40 159 23 0 48 134 21 93 8 128 96 176 0 195 217 32 145 98 128 70 35
2 142 10 154 22 131 154 238 22 5 88 163 96 234 42 64 91 107 131 129 38 170 14 255 40 38 154 9 20 10 60 138
253 101 117 97 245 73 119 129 113 34 230 8 251 81 25 52 26 212 64 106 105 246 240 174 231 218 5 49 98 176 194 170
104 48 49 96 33 92 81 16 105 8 52 8 158 31 0 52 132 20 93 8 137 96 176 192 195 217 0 18 66 128 66 35
130 143 4 158 147 208 150 167 158 83 72 147 236 40 38 197 193 99 131 133 118 72 14 255 40 54 222 67 22 84 189 14
96 180 55 112 105 238 81 246 249 27 184 88 22 223 72 31 133 223 93 40 98 239 178 229 217 218 84 126 66 64 71 59
53 207 72 14 150 129 207 252 68 132 216 230 113 96 188 36 92 226 20 239 200 43 13 61 40 40 165 144 117 186 240 172
168 44 250 103 32 107 127 36 113 130 111 24 255 51 128 48 146 126 84 74 56 248 169 42 199 217 32 1 98 243 66 162
130 157 132 156 147 209 182 167 30 23 72 147 172 44 38 197 129 99 131 129 118 72 16 255 41 54 158 195 16 84 189 94
168 60 55 124 97 239 117 114 249 26 240 88 62 63 1 189 165 179 87 10 168 255 50 253 211 218 80 18 66 193 70 171
57 203 96 78 20 131 206 252 196 128 220 230 115 105 185 32 92 226 4 239 201 163 12 61 114 41 165 144 127 186 240 136
61 203 96 78 20 147 206 252 196 192 212 230 115 105 185 160 92 224 20 238 201 163 12 61 114 105 165 144 127 187 240 8
173 240 113 65 100 31 109 56 105 170 55 72 219 17 156 181 20 20 68 106 193 244 105 6 71 217 37 196 66 186 66 161
237 71 100 39 60 27 70 184 97 236 189 237 195 104 155 145 158 196 108 110 237 114 77 63 166 219 101 180 78 191 90 69
53 207 64 14 148 131 206 252 68 128 216 230 113 96 184 192 92 226 4 239 204 171 13 61 32 40 165 144 61 186 248 140
208 120 181 124 41 204 81 24 187 58 178 88 190 159 65 95 165 245 125 66 98 69 179 241 209 250 80 58 64 33 71 59
104 48 49 96 33 28 81 16 105 8 52 72 30 31 0 48 132 20 93 8 137 96 176 192 195 249 32 18 66 128 66 35
2 142 10 154 22 129 146 238 22 5 72 163 96 234 42 64 89 43 131 129 38 170 14 255 40 38 154 9 20 10 60 138
97 113 186 6 108 31 198 124 104 202 241 76 242 216 159 50 152 236 100 111 205 231 206 8 50 187 101 184 73 58 90 141
245 76 69 71 76 14 203 208 64 226 243 206 83 1 153 59 88 196 92 238 233 247 253 40 49 168 224 16 109 187 82 48
140 20 247 117 225 110 117 83 61 155 123 80 94 55 8 63 183 23 119 56 49 245 49 202 207 250 85 70 226 224 226 163
73 0 53 69 36 30 233 48 109 104 182 64 223 43 148 230 198 68 108 40 169 224 97 140 132 251 98 16 70 168 65 37
2 160 27 155 211 205 185 207 30 49 81 18 188 222 40 64 183 27 19 1 50 56 27 247 61 6 30 103 21 8 133 138
49 207 104 78 214 131 206 252 68 4 92 230 113 96 188 0 88 226 6 239 200 168 12 61 104 44 165 128 117 186 248 136
44 20 55 126 233 238 87 113 229 138 249 64 94 247 40 63 221 244 119 42 40 227 50 142 195 254 65 26 194 99 230 163
104 48 49 96 33 12 81 16 105 136 52 72 31 23 0 52 132 148 93 8 137 96 176 128 195 249 32 18 66 128 66 35
2 142 10 158 22 131 162 238 22 5 88 167 96 232 42 192 89 107 131 133 38 136 14 255 32 38 138 11 28 14 56 142
187 13 3 172 145 22 78 103 61 72 218 199 14 162 36 212 248 173 134 231 109 155 4 206 176 116 138 130 58 44 184 21
242 55 186 232 169 116 27 95 171 13 189 57 142 159 106 82 206 155 223 80 26 11 178 194 251 213 14 255 146 86 167 115
104 48 57 96 33 12 81 16 97 136 52 72 159 23 0 48 132 20 93 8 136 96 176 64 195 249 32 16 66 128 66 35
2 140 10 158 22 195 178 230 22 5 88 163 97 232 42 64 89 107 3 129 38 184 14 255 32 38 154 11 20 10 60 138
66 32 83 193 98 73 121 64 41 32 240 170 30 31 196 20 166 157 95 0 0 115 128 192 86 184 2 162 103 128 7 161
6 172 132 159 152 131 6 170 158 179 138 1 228 226 105 75 145 103 105 51 50 201 27 127 168 6 79 118 144 112 1 2
142 173 164 19 209 186 166 167 122 179 75 16 192 96 92 143 145 78 128 19 50 248 13 110 44 22 85 71 194 119 139 132
181 204 4 31 141 71 198 174 214 18 192 18 99 96 24 67 89 66 104 47 104 237 95 63 41 46 213 29 113 120 208 8
17 134 4 191 28 3 74 232 150 49 194 87 243 96 56 65 89 194 42 173 42 225 79 191 252 162 235 84 56 40 184 128
33 32 82 193 101 153 232 64 249 160 114 10 142 136 116 148 250 237 66 9 4 241 148 192 22 24 3 35 77 8 91 134
81 14 142 190 12 134 236 104 150 130 194 199 225 226 48 67 120 102 106 175 108 195 95 253 144 34 203 16 60 104 56 0
197 76 198 86 192 40 102 180 112 146 99 24 113 96 9 59 17 102 32 74 97 212 156 34 33 38 85 0 232 115 130 24
66 34 83 225 98 73 121 64 41 164 240 170 14 31 196 20 166 157 95 0 0 115 128 192 86 184 7 162 103 128 7 161
241 207 71 30 156 0 70 172 144 2 201 218 99 96 56 81 89 230 104 238 104 71 15 63 184 38 245 24 49 250 240 8
68 60 145 18 240 106 22 130 58 163 41 57 198 116 77 24 151 122 128 50 54 80 136 42 45 22 5 103 192 115 135 195
54 160 12 169 157 11 128 200 30 180 208 3 194 200 98 64 249 137 107 181 46 227 79 159 137 6 143 117 145 8 20 130
181 205 4 31 157 135 134 174 150 90 192 21 224 96 58 193 89 66 40 103 127 77 91 63 169 34 223 80 24 92 216 78
98 32 115 65 109 89 248 64 105 32 112 8 30 155 212 182 162 221 70 8 129 115 176 192 23 216 1 50 79 136 66 167
116 108 202 54 202 32 6 230 178 130 40 234 97 224 97 154 49 230 0 194 104 71 142 42 56 134 101 168 233 115 170 8
134 141 140 187 152 163 166 172 158 51 137 17 212 226 40 65 145 67 105 51 50 73 91 55 168 38 223 84 144 67 161 2
65 10 142 191 12 2 140 40 150 18 194 199 225 226 176 67 88 230 106 167 236 195 79 189 132 34 235 16 60 120 56 0
74 48 113 96 99 72 120 80 41 136 116 40 30 31 132 244 166 149 223 0 1 112 144 192 87 248 0 130 99 128 71 163
52 165 208 66 242 41 22 233 139 33 41 153 70 109 76 16 23 91 192 118 146 32 152 34 106 140 5 124 227 243 130 144
21 134 12 187 156 7 130 232 86 49 192 83 194 232 56 65 217 66 106 181 46 225 79 191 172 6 207 116 25 8 152 132
181 197 5 158 157 147 142 236 86 82 192 146 97 96 56 227 89 194 32 239 127 77 63 63 169 35 223 84 53 94 240 108
99 32 115 65 103 89 248 64 233 32 112 74 14 153 212 182 174 213 70 8 129 114 160 192 23 88 3 34 79 136 67 165
201 78 206 87 193 62 100 182 113 146 70 88 96 34 131 191 1 102 32 74 228 220 141 34 38 106 84 0 42 241 138 12
144 142 14 191 30 131 138 236 150 21 208 231 225 106 56 65 89 106 43 165 46 137 79 189 244 34 251 17 52 8 56 136
18 134 12 155 29 135 138 232 22 49 208 19 226 200 58 193 217 130 42 165 46 225 79 191 172 38 207 125 25 12 184 134
105 48 113 64 101 29 120 16 105 168 180 72 14 25 196 180 142 148 214 8 137 96 240 192 71 217 1 50 74 128 66 37
104 48 113 64 98 73 121 80 105 136 116 40 30 31 132 54 166 212 95 8 128 112 160 192 86 248 0 147 98 128 70 163
64 45 17 252 122 233 35 34 62 10 112 232 180 215 129 17 55 59 95 98 98 90 194 127 245 130 43 168 0 1 7 233
117 124 211 82 130 160 70 194 160 130 41 104 114 243 225 186 51 242 64 218 41 3 154 42 176 142 5 44 233 243 34 32
151 167 5 154 150 195 142 237 22 81 201 211 97 96 56 192 89 202 18 253 127 73 13 63 168 6 143 84 181 78 176 76
130 143 13 190 152 2 134 173 148 22 193 215 224 96 40 67 209 67 104 231 118 205 79 63 40 34 223 16 16 122 177 72
131 132 4 159 29 151 162 236 214 17 192 86 224 224 60 197 217 74 10 173 38 227 95 255 40 54 223 88 29 12 248 140
0 142 14 190 30 129 146 236 150 21 200 147 101 226 40 64 89 123 171 129 34 139 11 191 104 38 155 73 52 10 181 138
125 173 174 88 157 189 69 231 225 48 172 8 58 249 54 183 201 230 88 12 137 107 178 164 123 219 197 120 203 120 250 38
131 205 6 158 157 147 134 175 148 18 64 211 224 96 60 199 201 99 234 199 100 205 78 255 40 50 222 3 17 124 185 140
196 60 155 243 224 236 37 87 58 139 115 120 244 247 0 24 23 63 39 0 51 86 138 115 69 134 127 168 192 80 167 179
16 135 64 138 150 131 142 237 22 5 201 227 97 96 184 64 123 66 2 239 126 9 13 63 168 38 175 213 53 222 180 12
156 100 127 119 166 106 119 192 121 2 103 0 119 119 9 48 50 220 88 106 40 244 169 43 247 235 4 1 101 243 70 34
162 25 149 124 233 109 100 119 191 26 112 88 62 191 5 159 164 179 119 0 49 124 18 251 21 218 80 2 66 96 67 187
109 87 113 103 52 27 102 184 109 232 127 236 223 105 159 144 150 68 76 111 237 180 109 14 166 255 37 150 110 191 74 85
64 120 149 220 106 236 33 18 186 27 96 88 182 151 65 91 167 61 123 24 35 92 147 65 213 178 82 42 128 0 7 59
2 140 10 186 219 193 146 236 22 5 73 147 100 227 42 64 89 27 3 145 50 138 10 63 104 6 158 107 17 10 165 138
237 211 114 46 108 26 215 120 105 72 241 104 91 248 190 48 158 204 102 110 205 35 206 15 112 248 97 156 75 187 74 133
52 166 72 138 150 115 142 236 86 7 137 163 97 96 184 192 91 202 128 163 42 1 13 63 104 7 175 85 53 219 60 0
70 53 151 85 225 110 101 119 185 155 123 80 86 183 12 127 165 87 118 56 49 248 147 64 29 186 84 70 200 112 227 181
73 0 244 101 44 31 204 48 109 170 182 72 219 56 148 230 198 196 108 40 137 224 229 196 130 251 99 18 74 168 73 37
6 36 138 187 158 160 146 200 22 135 73 179 101 234 105 72 89 75 35 145 50 82 202 178 104 38 159 73 180 107 181 130
6 160 27 187 215 203 187 205 30 49 81 18 124 223 104 64 187 27 51 145 50 121 26 247 61 134 31 101 21 8 165 170
16 135 104 138 150 131 143 237 86 5 201 226 113 96 184 64 123 66 2 235 218 8 13 63 104 38 175 197 53 218 180 40
36 21 151 126 233 110 71 57 173 139 251 80 214 247 44 94 221 119 127 42 49 163 90 202 41 190 69 30 192 115 226 179
172 92 181 255 169 237 87 152 191 10 121 112 254 247 41 122 215 113 127 10 35 100 122 187 199 254 97 158 210 243 71 179
105 48 113 64 101 29 112 16 105 8 52 72 30 27 132 180 132 148 84 8 137 96 240 192 199 249 32 18 74 128 66 39
2 140 10 186 94 129 178 236 22 5 72 147 100 234 42 64 217 27 131 129 38 138 10 191 104 38 154 107 21 10 189 138
16 65 159 189 158 230 173 71 188 131 202 18 244 246 33 74 226 119 59 145 17 129 19 74 217 166 222 0 128 112 161 42
57 160 169 105 141 103 193 73 66 115 165 26 19 25 88 42 89 140 82 184 27 102 243 18 219 205 145 124 241 72 242 162
104 48 113 100 101 29 89 16 105 168 180 72 159 19 68 180 132 148 206 8 137 96 240 192 199 249 33 50 74 128 66 35
144 140 6 187 30 195 130 236 150 5 200 179 97 234 40 65 89 123 11 129 34 171 11 191 168 38 159 73 52 10 180 138
84 150 156 167 176 46 30 186 52 138 202 213 215 123 9 65 213 95 61 167 108 212 89 15 225 231 239 132 136 114 33 19
43 25 150 92 185 156 92 55 173 200 252 101 234 255 182 246 204 98 255 92 157 171 114 238 170 255 4 218 218 172 234 215
43 25 247 188 253 213 80 127 143 73 252 100 190 255 162 244 198 59 191 16 157 138 114 253 171 255 52 154 154 140 168 255
65 0 140 191 12 6 76 40 150 18 194 3 227 226 48 66 88 230 106 141 8 67 219 181 212 34 203 24 24 40 56 2
197 204 135 87 192 36 39 172 242 146 67 80 112 226 73 59 17 78 32 106 98 212 142 35 44 46 85 4 128 115 162 0
1 32 90 145 70 139 168 64 252 128 114 2 140 202 52 0 186 109 98 1 4 241 135 192 148 24 3 3 77 8 107 134
132 45 150 22 211 174 54 226 58 147 41 152 100 228 65 27 151 127 128 82 50 216 136 46 41 6 77 102 192 113 135 161
228 199 4 30 152 2 70 189 18 19 201 216 98 96 184 209 81 198 32 110 123 79 207 63 56 38 245 124 56 114 208 0
16 0 12 173 28 139 96 40 142 180 146 3 198 32 0 66 201 228 107 37 40 241 89 220 173 2 207 20 16 8 17 2
48 108 202 30 210 34 6 238 18 130 104 168 97 224 169 16 25 238 32 194 104 198 142 47 56 38 245 8 233 242 170 136
34 32 115 65 103 89 248 64 105 32 240 74 14 152 20 182 170 205 70 1 129 243 148 192 23 152 3 50 77 8 107 135
65 2 140 189 12 7 204 40 150 50 130 199 243 226 56 66 88 198 106 175 12 67 223 153 148 178 203 28 28 40 56 0
67 32 83 65 99 73 120 64 105 160 112 234 28 155 196 180 174 157 86 0 1 115 128 192 23 184 3 34 103 128 99 165
132 173 178 83 211 191 166 130 122 179 40 16 72 224 85 156 49 127 128 22 50 248 56 42 45 14 5 100 195 117 131 164
17 132 12 173 28 15 192 168 14 176 146 71 211 64 16 65 73 132 110 173 46 97 91 157 156 130 203 84 24 8 24 0
66 32 115 64 103 89 248 64 249 0 112 234 12 154 164 180 190 157 70 128 129 115 132 192 22 56 2 10 71 128 99 165
172 165 36 27 141 83 134 173 86 59 129 16 224 96 24 163 89 70 104 43 126 101 107 63 233 3 221 85 144 120 148 34
101 108 202 86 210 36 70 142 114 130 106 76 96 224 207 24 49 110 32 90 36 214 158 42 42 46 85 40 232 243 234 140
244 135 5 191 152 3 7 173 150 55 193 209 211 97 24 65 81 70 104 111 122 69 79 63 232 34 245 84 48 120 148 64
64 134 140 191 28 2 12 168 150 18 194 199 225 99 56 67 89 198 107 175 40 193 79 61 196 162 251 20 60 168 48 8
17 132 12 173 28 11 128 232 94 48 130 7 194 104 18 65 217 4 106 53 46 225 95 157 188 146 207 85 24 8 25 2
99 48 115 65 103 29 248 80 105 0 116 104 14 27 132 180 166 149 215 8 129 113 144 192 23 248 0 2 111 128 75 167
98 32 115 64 98 73 248 80 105 128 112 170 12 159 132 52 166 157 70 8 128 115 160 192 23 216 0 2 103 128 71 165
87 108 130 54 195 176 38 194 179 130 40 9 110 226 67 154 177 235 128 215 36 87 140 106 57 6 13 43 225 119 11 196
53 124 210 86 210 166 38 214 242 130 104 72 112 242 97 56 49 234 0 218 39 210 156 42 56 14 5 40 233 115 42 136
159 165 133 187 153 227 6 173 22 49 137 19 193 96 56 193 81 74 120 179 63 72 95 55 169 6 159 117 144 79 184 0
197 199 132 191 136 6 6 173 150 26 193 81 241 96 56 67 209 70 104 103 120 69 207 63 168 34 253 156 16 120 144 8
116 173 195 2 210 32 102 194 115 131 41 72 64 240 77 148 51 238 0 122 51 18 140 34 56 14 5 110 225 115 130 132
196 64 156 183 8 12 176 160 174 190 135 17 213 210 75 75 128 117 232 67 100 69 219 32 197 163 123 21 0 49 9 66
163 206 4 31 205 17 134 172 220 18 66 16 224 96 62 71 217 98 106 103 100 205 79 255 44 50 223 19 24 124 145 140
150 133 4 186 147 227 6 237 22 23 201 179 69 226 40 193 113 91 137 179 62 73 15 55 184 6 143 117 181 79 189 2
22 183 1 186 147 227 6 237 22 23 73 179 68 231 104 192 115 91 171 179 58 9 11 55 185 6 159 111 176 67 165 82
148 228 130 154 139 225 167 236 22 183 73 19 196 240 104 76 49 91 163 179 114 68 11 55 169 6 223 111 176 115 181 162
71 185 151 81 233 46 228 215 255 153 122 80 212 178 68 255 165 95 114 24 177 248 147 224 29 190 86 70 200 97 227 165
89 2 244 69 44 27 72 48 109 168 182 72 203 40 148 246 194 196 108 44 140 224 229 196 150 251 65 17 110 172 72 5
38 32 128 187 223 99 134 200 18 183 192 147 228 227 105 72 89 95 35 145 50 82 219 178 29 134 143 109 181 121 183 130
99 34 104 64 108 29 248 16 41 236 180 141 138 14 214 54 142 196 87 12 140 114 228 192 86 88 129 179 79 132 90 213
4 140 23 186 215 193 170 204 30 49 67 18 124 211 104 64 249 27 3 145 50 209 26 247 61 134 159 109 17 8 161 162
22 133 0 186 147 163 135 237 22 49 201 146 69 226 40 68 113 91 8 179 58 9 29 55 168 6 143 84 181 75 177 36
4 213 153 231 240 78 39 188 52 172 107 96 213 119 8 80 49 92 3 106 64 144 105 42 101 166 39 132 32 243 167 243
105 34 112 68 109 29 120 16 105 168 180 72 138 27 212 182 142 196 78 12 141 114 224 192 22 248 33 178 74 136 74 133
36 132 8 187 222 195 147 236 22 21 208 147 100 227 40 64 89 91 35 145 50 50 75 183 125 134 159 109 21 8 181 130
105 48 112 64 109 29 120 16 105 40 180 104 138 27 148 182 134 212 222 8 128 98 224 192 7 249 1 178 74 128 74 165
148 196 164 23 139 31 150 172 86 243 67 24 70 224 40 161 17 70 232 99 116 117 31 63 169 6 85 87 240 126 144 6
96 128 132 173 76 13 72 136 31 48 194 11 199 98 24 82 89 196 110 13 10 18 219 145 148 50 203 60 56 40 24 0
18 32 87 65 98 75 184 64 237 160 240 234 13 138 132 176 46 157 78 128 1 243 133 192 148 248 11 35 69 128 99 165
150 173 199 82 147 226 134 232 178 178 43 18 96 240 101 149 49 111 0 242 50 207 8 62 59 14 69 103 227 119 166 134
65 0 4 173 76 15 97 104 14 176 194 79 214 1 16 64 105 132 106 13 8 114 219 148 220 34 203 20 24 8 80 0
5 238 130 23 192 32 167 172 122 159 105 85 96 224 79 26 17 110 32 6 98 212 142 43 108 38 117 44 192 115 163 136
18 34 87 193 70 11 168 64 253 0 242 194 13 202 4 164 122 157 78 129 4 243 135 192 148 184 10 3 69 0 107 132
236 198 164 191 141 3 70 173 86 183 131 48 66 224 24 75 209 70 232 35 126 117 203 63 169 39 213 119 144 120 212 2
228 142 133 30 200 67 70 168 22 51 65 248 82 225 152 75 81 70 32 106 121 86 203 55 40 38 245 124 176 248 208 32
96 130 132 173 12 3 72 168 150 48 194 195 227 99 8 66 89 196 106 140 10 67 207 213 212 34 203 28 24 168 56 0
65 0 12 165 14 11 96 40 238 176 130 3 215 32 48 67 225 196 110 37 44 241 77 220 156 162 207 20 60 8 25 2
183 109 130 22 211 50 6 238 178 134 40 11 96 226 107 157 49 235 128 243 44 195 140 106 57 6 77 43 225 119 42 140
165 108 222 22 210 162 166 254 242 147 104 84 113 224 77 9 17 110 0 218 163 194 158 46 40 14 53 8 201 115 235 136
132 165 4 187 157 163 6 169 22 51 131 16 192 96 24 231 209 70 104 123 126 65 91 55 169 2 205 117 144 125 144 4
204 198 132 191 140 3 6 168 150 178 67 88 224 224 8 75 81 70 104 47 120 85 207 55 168 38 253 28 48 120 144 0
134 44 198 22 210 178 166 198 114 131 105 80 96 224 69 152 49 106 2 82 55 216 140 106 46 6 21 99 201 115 138 140
84 124 146 54 195 36 22 230 178 138 40 13 108 240 97 28 177 107 128 66 96 71 152 43 49 134 93 43 233 119 43 158
208 209 30 172 18 206 87 181 180 12 130 29 247 23 2 81 180 181 77 225 120 137 17 45 249 225 44 81 32 0 164 91
134 238 149 154 139 229 182 200 158 159 1 17 196 242 105 143 145 91 170 83 114 68 138 114 13 18 95 111 144 117 165 163
69 51 154 89 232 12 164 223 122 153 114 84 212 242 204 59 183 79 98 92 150 248 146 96 12 42 118 76 200 97 227 133
36 160 129 185 207 99 160 200 22 176 192 3 196 227 105 10 89 221 227 145 18 82 219 147 29 134 143 61 177 120 55 130
28 164 128 187 155 231 6 204 22 183 9 19 196 224 105 200 145 75 162 177 50 81 27 55 169 70 159 111 176 119 181 2
130 132 148 21 209 62 48 7 63 59 79 17 140 51 6 207 129 14 161 16 48 220 81 198 15 54 90 67 130 68 137 6
97 34 120 65 108 25 248 64 105 168 244 8 138 9 214 48 234 133 70 13 132 114 196 192 22 216 1 51 79 136 74 133
54 128 4 185 158 195 163 200 22 53 208 131 228 195 104 64 89 154 43 145 42 115 91 159 221 6 143 125 53 8 53 130
198 238 180 151 205 57 182 142 222 183 0 17 196 232 67 143 129 127 163 83 54 84 203 242 13 22 95 47 144 125 149 198
116 140 134 22 143 11 22 168 86 182 11 155 66 224 107 9 49 118 168 34 124 245 139 62 57 6 69 119 225 123 212 2
100 140 141 95 216 10 6 168 18 179 64 248 80 224 236 114 17 78 96 10 113 80 207 51 44 38 229 108 152 242 152 176
150 237 134 22 155 34 150 238 50 150 104 153 98 224 11 27 57 111 224 247 46 195 27 46 57 38 85 11 225 117 46 142
165 252 140 31 152 34 134 172 210 147 72 116 113 224 137 43 17 70 104 186 163 193 223 47 40 38 245 4 201 114 235 136
198 190 148 19 179 250 52 135 58 59 75 113 204 50 10 223 131 95 161 17 54 220 201 103 12 54 94 67 128 69 141 7
30 172 148 187 153 227 18 202 150 183 9 17 68 242 105 201 145 123 170 145 54 73 139 51 169 6 143 111 146 117 165 134
198 205 151 30 217 212 38 173 184 27 67 16 108 114 12 215 145 83 160 34 118 220 154 127 45 50 85 71 2 116 175 142
162 236 150 23 193 252 166 172 186 146 98 24 236 240 13 155 177 107 160 98 100 220 154 107 45 50 85 3 64 116 139 142
52 164 4 137 159 3 130 232 22 176 192 131 198 99 8 69 89 204 235 176 42 210 91 157 172 2 143 117 181 8 24 130
