52 172 20 187 218 131 162 232 22 49 192 154 196 227 104 64 89 90 106 144 50 83 91 55 189 134 31 124 144 8 165 162
99 34 120 65 108 25 248 64 107 32 240 8 138 8 150 52 202 133 70 8 132 114 196 192 22 216 2 51 77 136 74 132
36 160 200 49 206 11 160 200 30 180 240 139 194 200 84 0 89 204 98 17 6 114 207 80 28 2 7 61 197 8 82 130
36 160 12 185 222 203 160 200 22 181 192 139 228 193 104 0 89 234 98 145 18 114 75 23 29 6 143 125 209 8 21 130
36 164 129 179 218 107 162 200 22 177 192 155 192 224 73 8 89 206 98 21 50 210 207 50 60 6 141 109 229 120 146 128
116 199 76 15 158 3 78 189 64 164 137 234 83 97 152 19 90 198 108 238 248 3 77 63 248 164 229 180 53 186 208 0
245 77 87 94 154 66 71 236 112 130 234 72 115 96 41 117 48 230 104 106 105 199 45 47 176 166 69 24 105 114 226 40
104 160 188 113 141 109 65 143 74 53 36 24 146 57 88 58 129 18 72 24 50 104 243 49 207 219 84 117 210 72 214 42
36 160 204 37 204 11 224 200 94 180 240 139 130 200 84 18 89 204 98 17 6 114 207 80 28 0 7 61 69 8 82 130
99 34 120 65 108 25 248 64 107 164 176 10 130 8 214 16 202 132 70 8 132 114 196 192 22 216 131 51 69 136 74 132
208 221 26 30 146 6 6 236 54 2 239 4 115 99 40 80 49 198 40 106 105 139 29 63 248 167 5 20 120 242 168 8
36 160 4 185 222 139 160 200 22 180 192 139 193 193 104 0 89 202 99 145 2 114 75 23 29 6 143 125 213 8 20 130
52 164 0 187 218 131 162 232 22 177 192 154 212 227 104 0 89 90 34 144 58 210 91 55 188 134 159 124 144 8 165 162
52 160 4 187 218 195 162 200 22 177 192 155 196 227 104 0 89 90 98 145 50 82 75 55 189 6 15 125 145 8 181 162
81 205 26 30 146 2 7 173 118 2 239 0 115 114 42 80 49 102 104 106 107 137 29 63 184 166 5 24 120 114 162 8
36 162 200 53 204 11 160 200 30 180 240 139 195 200 85 8 89 204 98 17 6 114 207 80 28 2 5 61 197 8 82 130
117 199 76 79 158 3 79 188 64 164 153 234 67 97 152 19 90 196 108 238 200 35 77 61 248 136 229 180 117 187 208 0
2 184 18 186 251 197 176 198 158 29 64 17 172 215 32 64 229 59 131 1 34 75 18 247 61 22 26 43 16 8 165 155
49 7 98 141 20 19 238 120 68 104 90 199 65 104 182 196 124 172 22 239 204 176 69 158 36 44 171 128 125 174 120 196
98 162 168 178 205 169 176 207 154 55 20 25 140 169 90 10 137 27 227 17 22 122 202 209 93 17 95 127 213 76 159 138
34 170 40 186 253 141 145 199 158 21 84 27 166 201 114 0 201 59 147 21 18 106 74 179 77 85 158 251 212 12 223 202
18 32 19 137 15 72 169 64 172 32 226 2 140 130 32 212 104 149 110 128 8 211 129 192 149 32 138 50 1 8 39 32
50 34 78 137 77 27 160 72 30 36 240 139 67 136 54 128 248 141 234 133 12 243 199 208 148 225 139 59 81 12 122 134
80 1 88 229 50 74 123 48 36 36 238 0 215 3 0 80 114 220 13 232 72 144 65 12 247 237 162 0 32 162 100 34
85 149 61 101 180 14 79 184 100 232 30 108 211 117 153 112 22 68 124 110 233 129 61 31 233 175 37 148 36 243 80 97
16 32 6 141 12 2 161 72 174 36 194 3 196 131 32 66 104 196 106 129 8 211 131 208 148 32 138 17 16 8 53 130
16 6 14 173 22 11 82 40 52 36 218 163 215 42 2 64 248 205 175 161 12 176 65 14 240 231 171 17 52 10 60 2
112 65 121 101 80 74 103 48 97 164 126 8 83 3 144 48 58 220 68 106 73 176 245 12 101 169 37 0 99 178 70 160
165 68 101 197 100 30 238 56 80 226 115 198 211 8 149 231 88 196 22 111 237 180 125 140 36 58 225 148 111 187 80 180
82 102 224 101 114 10 120 60 57 165 123 197 205 43 156 22 182 197 109 172 164 208 133 204 166 252 143 198 111 182 11 17
195 39 198 133 112 42 238 36 56 192 82 197 212 42 92 19 182 79 127 253 165 208 149 72 172 58 238 132 140 240 19 153
246 112 157 246 79 96 17 202 139 179 161 26 30 255 77 59 139 213 253 18 40 103 250 192 147 210 93 63 192 121 7 35
80 32 18 128 13 72 224 64 45 32 162 2 132 130 32 84 232 133 110 128 8 147 129 192 149 32 139 51 1 8 39 2
80 32 6 136 13 2 160 64 172 36 194 3 196 130 32 64 232 132 106 129 8 211 129 192 149 32 138 19 16 8 49 130
80 32 23 140 73 74 32 64 174 160 226 0 198 130 32 86 232 196 106 128 8 83 201 80 149 32 139 51 0 8 35 6
253 209 93 230 172 14 84 184 225 184 183 104 95 57 137 179 166 213 124 106 105 97 137 168 242 249 101 150 106 187 192 3
32 32 68 137 78 11 160 64 76 32 242 66 129 1 0 0 104 140 106 137 0 176 69 192 20 32 130 32 117 8 112 128
32 32 64 137 76 9 224 64 108 32 240 74 134 8 0 16 104 132 74 1 0 50 196 192 20 48 130 48 85 8 83 128
67 213 245 197 86 6 175 172 124 98 90 194 212 62 156 98 54 85 58 169 225 144 181 74 53 46 238 132 37 114 33 36
213 64 151 118 168 9 84 228 233 58 177 120 223 19 201 63 134 213 108 106 105 103 138 64 144 216 101 62 64 177 131 33
32 34 4 41 74 11 160 72 54 32 224 202 195 128 0 16 120 140 98 0 0 242 197 16 20 32 3 32 113 8 82 128
16 0 7 137 12 11 224 64 54 32 194 66 209 129 32 64 120 132 106 136 8 241 69 144 148 34 131 16 49 8 48 0
80 32 7 1 74 9 160 64 46 32 226 74 207 130 0 80 42 140 106 12 0 241 133 80 148 34 3 32 97 0 35 160
32 32 0 169 76 9 160 72 6 32 240 202 131 128 0 64 72 136 74 128 8 114 69 144 148 0 139 48 81 8 82 128
48 32 4 141 8 11 32 72 22 160 194 66 67 129 32 64 120 204 106 136 8 241 79 28 20 130 129 16 113 8 48 128
80 0 7 13 10 3 32 72 118 160 194 66 81 131 32 66 120 196 106 136 8 209 71 12 20 34 195 0 33 8 112 0
32 32 0 137 74 11 160 72 6 160 224 202 131 128 64 18 72 204 106 0 8 242 207 16 20 0 3 56 113 8 18 128
11 81 251 205 100 20 249 20 109 73 86 100 188 63 190 228 150 20 182 200 133 144 53 192 71 125 162 128 142 180 73 253
48 100 24 172 23 75 210 72 22 164 248 11 19 152 97 128 248 153 135 99 72 55 81 154 241 197 169 61 113 58 126 138
56 245 24 168 27 199 18 200 22 164 136 11 39 210 97 128 216 153 204 96 46 3 90 31 177 197 9 63 16 59 13 10
125 141 108 101 158 23 79 186 71 224 174 142 83 97 26 112 89 198 88 238 249 42 125 31 251 207 133 116 63 235 88 112
70 141 150 30 155 86 182 172 174 21 139 1 236 114 46 198 161 87 233 114 118 73 27 117 169 50 79 87 2 103 141 6
6 237 150 22 203 84 54 237 168 150 1 1 108 242 41 159 177 83 232 99 100 65 154 105 33 34 93 15 2 118 175 142
253 122 237 68 76 55 74 152 81 234 181 204 83 44 215 191 93 204 124 254 173 231 237 42 26 203 229 188 239 255 90 213
33 42 76 133 108 137 232 96 232 32 113 205 179 8 20 19 202 173 66 13 192 178 196 64 4 24 82 32 77 136 83 136
181 2 73 169 20 43 97 27 22 33 210 246 211 3 161 72 91 140 46 156 57 148 69 30 196 167 179 212 189 136 16 160
227 38 107 192 100 60 249 18 233 79 191 61 155 12 150 51 142 133 95 63 140 37 164 192 70 121 234 210 197 132 83 69
70 249 148 19 137 221 176 143 175 53 131 17 140 210 78 206 129 91 232 81 22 73 219 241 141 80 95 127 146 7 143 142
38 233 16 186 73 205 150 200 142 180 160 9 174 210 105 132 137 49 202 83 66 67 218 241 185 208 15 127 16 62 15 134
233 139 77 101 52 10 103 53 112 160 102 196 243 33 144 115 50 228 108 108 249 248 229 12 228 235 96 0 108 170 210 40
26 17 114 233 55 84 88 21 13 9 118 18 11 31 180 228 166 17 149 8 8 128 49 192 195 249 130 195 118 132 236 39
114 41 146 62 25 221 82 38 171 141 138 9 46 218 70 212 128 183 237 65 14 75 210 253 155 244 16 123 2 6 14 14
237 110 205 101 164 42 107 16 120 234 119 236 211 33 145 59 30 100 108 126 185 244 229 42 198 251 97 144 206 251 82 33
201 135 93 229 180 10 111 53 108 0 118 224 219 35 144 113 114 70 60 238 241 184 101 205 230 235 226 192 44 162 225 40
26 248 148 187 137 221 176 142 175 61 130 17 174 146 74 198 129 19 232 81 22 73 219 241 137 244 26 127 18 4 141 14
50 105 16 184 77 221 210 104 139 164 184 11 46 220 101 128 200 185 199 67 76 43 90 153 179 212 137 59 81 46 94 14
65 135 77 101 50 42 111 55 104 96 126 196 217 35 144 113 54 199 124 238 241 152 101 77 228 175 226 192 109 194 195 40
17 67 89 225 70 9 97 93 110 49 67 194 31 3 216 104 50 12 46 124 66 176 133 80 212 136 114 100 45 138 209 160
98 33 82 76 77 221 208 97 233 4 177 11 42 136 54 22 232 161 206 1 12 43 146 197 23 56 0 59 65 12 110 134
53 97 11 137 78 2 166 73 64 0 241 74 83 0 40 16 120 132 74 234 73 179 69 8 52 32 34 4 97 26 242 128
1 2 69 25 0 170 105 16 100 17 99 208 147 2 152 121 96 140 42 156 11 148 71 64 132 160 242 0 44 128 64 32
193 0 217 242 230 168 104 1 232 19 32 218 157 131 200 90 34 10 2 156 18 4 134 64 76 128 58 104 188 128 161 129
128 162 88 177 228 168 225 23 232 17 112 208 151 1 208 11 107 10 66 152 18 60 70 64 196 128 50 100 212 200 195 160
1 0 73 177 196 169 97 22 196 19 80 210 179 1 240 73 104 138 10 136 2 60 70 1 196 136 178 96 53 136 208 168
1 3 83 129 134 136 104 21 236 17 106 198 189 130 240 98 34 42 10 220 19 152 7 64 140 136 38 64 44 128 225 168
224 78 72 168 70 9 101 38 44 18 160 74 179 2 1 91 104 128 78 202 104 6 68 97 212 128 242 8 48 24 64 8
4 34 194 121 228 168 97 80 232 16 113 208 147 129 225 24 106 40 2 24 2 48 134 0 196 144 34 40 232 193 66 160
1 129 79 209 164 137 96 23 110 17 66 210 147 129 248 104 66 10 6 28 27 184 103 17 140 137 178 68 180 136 208 160
113 32 0 137 73 13 128 64 4 32 224 11 130 2 0 64 200 132 106 128 12 51 65 64 149 0 10 58 81 8 50 134
73 32 4 129 8 25 32 0 100 32 198 10 131 2 144 244 104 132 106 136 1 176 229 64 148 32 130 0 32 8 33 36
112 48 2 129 73 77 32 64 44 40 162 10 134 144 0 80 232 132 106 0 9 163 209 64 149 32 2 59 64 8 2 166
73 32 72 1 72 25 96 64 108 96 230 4 147 2 130 80 104 140 106 12 4 16 229 0 212 33 163 32 32 128 11 192
0 16 6 137 9 87 32 72 134 108 194 7 192 192 34 64 104 12 234 128 4 147 115 16 21 32 139 17 24 12 52 214
32 32 6 9 77 83 160 72 70 100 228 6 0 192 162 196 104 12 226 8 5 242 231 16 20 32 2 9 83 8 46 196
1 50 14 9 72 23 161 64 52 76 198 5 68 194 162 64 120 140 106 140 5 211 179 0 20 1 35 0 24 0 41 208
57 2 2 41 73 27 32 88 116 36 102 6 67 129 162 212 120 140 34 136 12 210 247 0 20 227 129 1 99 136 88 128
0 50 23 136 72 75 161 72 230 36 194 172 132 128 162 64 96 12 234 0 1 243 129 16 20 32 35 57 16 8 39 240
112 32 7 5 74 75 33 64 172 36 130 8 134 128 0 208 104 140 106 0 0 195 193 64 148 32 11 48 64 8 39 128
96 32 1 1 74 9 32 64 102 32 226 76 131 128 0 80 104 140 106 8 9 210 215 16 21 32 1 40 105 0 18 128
6 188 148 147 152 161 39 142 190 159 0 49 132 242 75 15 129 91 106 19 50 72 139 115 12 6 95 110 144 113 133 131
36 168 133 180 200 75 160 200 150 176 192 139 196 224 72 2 89 204 98 17 2 115 203 17 29 2 15 124 209 120 23 130
32 32 130 5 76 139 160 72 122 180 224 11 2 136 80 18 249 236 98 17 8 243 207 80 28 0 135 61 65 8 82 130
245 141 92 30 155 6 6 236 118 2 238 20 115 96 42 81 49 198 104 106 104 195 29 63 248 166 69 20 121 114 170 10
52 160 4 153 219 131 34 200 22 177 192 10 228 194 104 0 89 90 106 176 34 211 91 31 157 134 143 124 184 8 17 162
36 160 4 153 206 195 160 200 22 176 192 11 196 192 104 0 121 152 98 145 2 83 91 17 29 2 143 124 145 8 53 130
149 140 151 30 147 142 7 172 118 15 107 16 102 226 40 84 17 74 32 34 114 201 43 63 169 166 85 68 208 114 161 44
4 252 156 147 154 163 54 140 150 179 1 112 212 242 105 72 17 75 34 17 50 80 138 51 44 6 125 111 144 113 137 129
26 28 23 190 19 195 23 98 20 4 202 163 100 247 32 65 125 251 131 131 40 155 24 63 241 167 139 3 48 42 37 154
86 42 158 178 9 173 16 66 171 183 161 25 174 194 67 154 129 177 236 17 14 71 138 17 145 211 91 59 128 97 15 6
1 163 212 129 226 11 174 178 46 176 26 205 213 34 192 2 55 69 106 142 0 208 205 112 140 2 111 164 76 232 1 144
34 162 168 176 205 169 177 207 186 55 21 25 140 169 90 10 137 11 227 17 18 122 202 209 77 17 95 127 192 76 159 138
16 32 19 137 73 72 160 72 238 32 226 2 134 130 36 212 104 148 234 128 8 195 131 80 149 32 139 59 1 8 39 132
48 32 14 169 77 31 160 72 62 36 224 15 195 136 38 128 248 141 234 5 12 243 211 16 148 225 139 57 81 8 123 134
80 7 72 173 20 10 90 48 36 36 202 131 215 35 2 64 114 196 44 225 12 144 69 12 244 229 162 17 36 138 60 2
67 49 85 133 226 14 168 57 40 240 82 229 244 58 5 19 166 79 127 45 133 216 149 77 4 58 106 128 12 162 3 145
80 32 6 141 11 130 33 72 166 160 194 3 196 195 32 70 104 236 106 128 8 195 139 80 149 32 139 58 16 8 37 128
16 7 8 173 22 27 82 40 54 164 202 131 215 42 2 64 248 205 109 165 12 145 69 30 240 231 171 17 32 10 60 2
80 7 74 165 16 74 87 48 36 164 238 169 83 35 2 80 114 196 109 234 72 144 193 12 244 229 161 17 32 162 100 2
240 65 123 69 82 74 103 112 97 164 246 74 83 21 148 53 122 220 68 106 105 178 101 12 117 168 37 0 99 178 70 160
165 68 229 69 100 122 235 16 104 226 115 64 211 24 149 175 90 68 54 111 169 244 125 136 4 58 225 4 78 251 80 164
16 32 6 136 13 2 160 64 172 32 194 3 132 130 32 64 232 132 106 128 8 195 129 192 149 32 138 19 16 8 49 130
16 32 22 140 9 11 160 72 238 32 226 8 198 130 32 214 232 196 106 0 8 195 201 80 149 32 11 51 64 8 35 134
80 0 7 129 74 11 96 64 36 32 226 66 193 2 0 80 104 133 106 136 0 147 197 64 148 32 138 0 33 0 33 160
70 168 140 30 217 153 176 232 154 181 0 9 228 232 78 2 129 111 234 21 38 107 234 177 15 115 79 127 144 100 31 198
193 4 253 197 86 70 175 52 124 34 82 66 209 54 156 99 118 221 59 169 161 144 245 76 101 170 234 4 37 160 33 160
197 98 149 246 40 13 28 216 235 186 161 88 158 210 73 191 167 81 108 74 224 71 138 96 145 154 87 62 192 241 3 33
16 0 7 137 12 11 96 64 38 32 194 66 211 128 32 64 104 132 106 136 8 209 69 16 148 34 131 0 33 8 112 32
17 32 7 1 74 11 160 64 38 32 226 74 195 130 0 80 40 140 106 136 0 241 133 80 20 32 3 0 97 8 35 128
48 116 24 168 90 71 83 120 22 172 236 11 55 147 33 16 88 184 66 98 104 163 90 31 241 133 33 61 48 42 12 130
101 179 141 56 141 7 73 153 214 248 132 76 211 225 81 42 221 108 120 220 203 66 251 17 205 153 197 124 152 168 18 248
131 17 120 73 102 20 249 20 77 64 118 2 28 31 182 96 54 17 23 72 132 180 53 192 71 121 162 133 55 160 73 229
125 156 45 108 157 39 75 250 82 226 172 14 83 101 19 113 89 196 120 188 185 107 121 31 251 207 133 116 249 42 112 112
48 68 106 236 68 207 208 96 16 36 249 11 3 137 32 144 248 188 199 35 76 179 80 14 215 197 32 1 97 10 126 138
161 40 75 37 76 141 232 98 232 32 224 76 183 8 20 19 72 160 66 13 1 190 212 65 21 8 82 40 73 9 83 136
249 97 237 108 142 2 79 61 65 230 164 142 115 109 23 51 88 196 120 238 233 99 253 8 242 235 197 60 111 250 210 120
84 169 152 179 136 220 22 142 186 181 136 1 181 246 67 10 129 91 233 81 86 73 218 51 169 197 63 127 128 112 143 10
95 80 122 90 39 180 89 16 201 218 182 100 26 159 247 255 166 49 157 26 141 5 48 192 195 251 84 154 158 244 104 119
41 6 77 105 16 171 75 27 86 33 206 196 211 35 144 112 95 172 40 188 185 156 117 30 236 239 144 80 188 138 80 32
231 2 111 208 100 44 249 18 233 95 51 121 158 44 156 59 166 1 95 29 180 97 164 192 86 56 250 216 197 197 83 69
248 97 16 172 9 221 18 104 143 164 160 9 175 210 97 148 216 185 206 99 76 39 90 155 145 209 11 63 18 46 15 134
86 249 16 50 137 221 22 142 175 61 128 25 142 214 74 150 129 83 236 83 94 73 219 241 185 208 31 127 146 21 143 94
201 78 95 101 36 10 103 53 121 162 118 204 247 33 144 115 50 100 108 110 225 244 229 15 230 251 96 0 110 162 195 40
58 1 114 108 93 207 210 96 169 36 241 9 74 153 36 144 216 181 197 99 12 163 80 140 147 240 0 27 67 14 70 2
114 249 16 58 57 205 82 14 171 45 160 9 46 222 78 148 128 187 237 65 78 75 218 181 187 212 16 123 2 4 14 78
233 106 207 101 36 42 111 20 121 138 118 204 243 33 145 59 18 100 108 110 233 244 229 42 230 251 96 128 78 243 82 40
193 139 95 237 164 10 111 49 104 0 114 192 253 3 144 113 118 102 60 238 241 152 133 205 228 251 226 192 12 162 225 32
94 241 16 178 185 253 16 207 175 61 136 25 143 158 74 206 129 27 237 17 30 73 219 177 187 213 31 127 162 4 143 71
186 41 16 184 13 221 146 72 143 164 144 11 175 218 97 132 200 185 207 67 78 43 90 153 145 208 11 59 18 14 15 142
193 131 93 101 160 10 111 49 104 2 118 228 253 35 144 115 54 103 60 238 241 156 165 77 228 187 98 128 76 162 195 41
129 2 217 225 50 139 107 144 126 33 114 246 157 3 145 104 54 9 14 28 163 180 69 210 196 205 50 0 188 128 1 41
186 9 114 126 93 221 210 96 201 4 241 11 42 216 52 144 200 177 197 67 12 35 82 141 179 249 0 59 87 14 126 6
145 96 73 97 68 10 97 88 100 48 115 194 147 1 152 106 120 140 2 250 73 180 69 0 212 128 162 4 105 154 82 160
226 136 84 202 111 197 88 192 137 16 176 139 46 159 100 215 238 145 255 210 10 15 2 241 19 24 152 251 23 141 62 14
149 10 69 193 6 41 97 16 100 18 66 210 147 1 209 74 106 128 10 158 9 180 71 0 132 136 226 0 189 201 113 160
129 34 216 177 198 40 104 23 232 19 97 208 157 131 200 91 35 136 2 156 19 20 134 64 204 144 50 108 189 192 163 128
1 162 88 121 166 169 96 150 124 17 112 244 151 129 208 73 35 10 6 28 2 184 6 113 196 153 114 96 252 128 193 136
36 42 200 89 192 40 224 18 96 2 121 224 147 1 129 26 72 170 74 24 26 48 198 0 132 128 34 40 225 233 66 160
12 190 140 23 152 163 6 154 150 179 70 244 228 224 65 10 21 126 160 18 50 216 202 58 236 7 125 109 152 113 153 26
244 133 92 30 154 2 6 168 118 178 226 24 98 96 8 81 17 198 96 106 104 211 15 63 120 39 101 4 113 112 234 0
32 32 131 149 72 203 160 72 182 180 66 11 198 192 96 2 249 108 98 17 0 243 138 16 28 0 15 40 65 8 19 130
52 160 4 137 138 11 32 200 22 176 194 138 192 194 96 4 89 76 106 144 11 210 79 29 140 130 205 52 185 8 16 160
32 160 6 153 77 139 160 200 134 176 192 10 196 192 96 128 89 188 106 144 10 19 74 17 29 130 143 61 17 10 49 130
48 40 131 156 77 201 160 72 162 160 176 11 2 192 64 18 200 236 106 1 8 99 202 80 157 0 13 59 65 40 86 130
70 186 148 145 201 165 37 142 190 179 0 20 164 226 75 142 131 107 106 16 50 72 218 113 12 18 95 110 144 113 129 140
81 71 78 173 20 2 110 48 36 12 218 231 67 35 178 65 118 196 47 239 236 145 5 142 240 47 234 128 37 182 120 64
193 141 158 30 176 142 54 166 252 26 102 16 188 114 2 81 131 99 96 76 98 216 2 127 44 183 84 0 64 80 131 9
21 20 61 231 50 79 3 48 52 232 222 96 215 55 128 96 22 124 28 40 169 144 33 14 233 167 33 144 168 162 1 113
2 162 184 178 205 233 177 207 154 53 17 25 140 173 72 10 137 27 227 17 18 107 202 209 93 144 31 127 208 72 151 226
120 3 75 173 16 74 67 56 36 36 234 131 83 3 0 80 112 204 13 234 72 146 65 12 245 165 161 16 32 170 116 98
1 49 181 165 34 74 45 52 124 224 66 192 213 54 144 96 54 93 50 141 129 208 245 72 196 174 106 128 4 162 129 161
80 32 18 137 9 9 160 64 238 32 226 0 134 130 32 212 104 132 106 128 8 195 129 80 149 32 11 59 64 8 35 134
64 32 150 13 74 11 160 72 246 160 194 0 196 226 64 210 240 93 106 1 4 211 207 16 20 34 15 25 64 32 43 132
248 99 85 69 82 74 103 48 97 160 226 232 83 5 129 21 122 220 68 106 105 182 109 14 119 168 33 0 99 179 70 160
5 0 245 69 164 122 227 16 109 234 115 112 211 57 157 239 18 68 54 58 177 244 109 8 4 186 97 4 198 235 80 161
68 48 145 210 203 109 176 202 138 179 161 24 156 247 73 58 135 83 234 16 19 71 218 192 157 146 95 126 136 97 7 178
0 32 6 141 9 2 160 72 166 32 194 1 196 130 32 66 104 68 106 0 0 195 131 80 149 32 10 59 16 8 33 130
20 164 140 61 158 11 151 232 30 182 136 9 247 232 74 0 145 79 105 53 46 193 203 31 232 167 47 53 144 106 31 194
0 4 253 229 20 66 239 49 116 34 118 2 209 51 144 96 114 92 48 170 32 240 245 10 229 175 226 4 37 224 100 160
197 114 148 16 41 45 56 218 234 187 161 92 158 194 73 191 165 65 106 30 162 103 154 64 149 154 87 62 200 113 3 37
48 34 4 1 72 11 32 64 54 32 226 194 195 128 0 0 120 140 106 12 8 240 197 16 20 162 3 16 113 8 18 128
80 0 7 137 78 11 96 64 38 32 194 194 195 129 0 64 104 132 106 136 8 211 197 16 20 34 131 0 33 8 112 0
4 172 133 31 137 131 134 168 214 178 96 0 224 224 77 11 17 110 96 162 34 216 139 63 41 38 69 36 192 112 3 128
110 172 134 30 153 131 6 168 151 178 66 8 110 225 41 199 17 102 232 42 32 193 155 191 40 118 69 30 178 124 16 4
70 168 156 30 201 144 180 172 251 151 4 25 228 232 78 15 129 99 106 17 54 73 138 113 14 50 95 107 192 112 143 142
33 166 149 83 180 175 100 63 126 51 99 92 246 97 24 24 149 14 96 12 179 248 217 23 45 190 84 80 200 200 211 48
56 20 30 173 88 79 115 112 20 164 238 11 83 19 35 81 88 188 2 32 40 146 81 30 245 135 160 1 48 138 12 138
97 163 137 141 56 13 9 190 10 249 128 76 183 64 88 50 149 198 120 125 203 74 219 17 173 20 173 124 24 160 19 56
3 64 120 65 70 22 249 20 109 4 118 2 25 27 22 96 38 29 23 173 196 180 53 192 71 57 18 133 101 128 101 234
220 237 24 56 152 212 82 168 178 52 130 9 247 254 74 80 145 213 237 113 110 67 155 31 251 231 45 125 48 34 15 66
97 104 11 172 77 141 193 116 160 32 160 76 146 0 16 17 200 164 74 13 9 47 80 4 149 176 144 56 73 8 82 136
32 32 10 60 72 207 243 96 176 4 241 9 86 221 42 16 216 185 67 99 8 163 18 28 209 161 32 41 65 43 126 130
121 156 45 108 29 39 75 186 83 224 172 12 83 37 17 114 89 196 120 172 57 75 121 31 251 239 197 116 123 34 114 112
195 80 254 210 47 20 220 21 201 145 161 22 62 250 53 123 134 177 25 145 132 99 50 192 83 248 94 26 221 240 225 22
64 185 152 183 152 76 16 174 58 181 8 25 183 182 74 2 129 95 105 81 86 72 218 51 237 133 127 125 128 0 143 74
41 0 201 225 20 175 107 19 118 97 79 132 211 1 16 104 80 172 42 28 27 188 117 10 197 205 144 80 184 138 80 48
86 249 24 178 153 221 86 142 171 61 128 25 175 222 74 144 129 219 237 81 94 75 218 49 187 209 29 127 160 20 143 78
56 56 16 172 9 223 82 96 135 172 161 9 175 210 35 148 152 185 206 99 76 3 82 156 147 209 9 59 114 46 15 134
201 110 255 101 36 26 111 52 121 202 118 236 255 33 145 51 50 228 108 110 225 244 165 43 230 251 96 128 110 242 67 41
184 0 18 188 93 207 210 96 137 12 241 9 79 216 40 144 216 177 197 99 12 167 80 140 145 241 0 27 67 47 78 2
152 4 122 96 5 86 112 89 101 4 247 18 11 153 55 105 248 148 135 168 188 183 49 138 83 233 160 5 99 169 108 2
205 46 239 101 164 58 107 16 121 202 118 76 247 33 145 59 146 100 108 126 161 244 165 42 198 251 96 128 206 251 83 41
193 203 95 237 164 2 111 53 120 10 118 100 253 35 144 115 150 101 60 110 241 156 133 207 230 251 98 128 28 162 225 41
90 249 16 178 185 221 84 239 167 61 136 25 143 223 74 208 129 155 205 81 94 11 218 177 187 209 29 127 178 148 142 94
58 56 16 190 77 221 82 96 131 4 241 11 47 219 34 149 200 187 135 67 76 47 82 189 147 209 8 59 50 14 14 142
193 203 223 109 32 10 111 53 120 10 118 224 253 35 144 115 150 101 60 110 225 148 165 79 230 251 106 128 12 162 227 41
65 14 93 233 178 162 59 50 108 1 90 228 221 7 160 113 151 55 30 60 179 152 37 223 236 188 42 192 156 130 1 49
186 9 18 188 93 205 208 96 137 4 240 9 47 216 36 145 200 177 197 65 46 39 82 157 145 241 8 59 83 12 78 6
65 14 93 105 178 170 107 18 124 3 122 228 223 3 144 112 23 33 14 60 177 188 69 95 236 191 50 192 188 130 65 33
186 68 114 72 5 214 80 101 193 12 245 19 11 25 38 245 232 176 133 160 108 175 16 204 51 219 144 83 115 140 236 6
209 6 73 161 70 40 96 24 100 2 211 82 147 2 217 75 120 128 14 172 9 52 69 64 148 128 178 4 189 200 80 160
1 139 207 251 164 137 105 149 126 17 114 212 179 129 240 104 82 42 14 92 147 184 7 113 196 152 114 64 148 136 209 160
32 40 134 181 72 139 160 66 150 160 192 9 134 192 64 6 8 108 106 0 9 123 210 48 156 0 7 56 72 40 19 130
68 175 144 14 152 139 7 168 166 1 72 32 230 242 106 112 145 110 104 16 18 9 171 61 40 38 5 124 208 34 5 105
67 168 148 149 137 137 164 142 154 179 0 24 164 162 65 14 129 111 106 21 2 73 195 113 12 18 95 126 128 80 131 140
82 71 70 133 18 2 111 48 36 132 202 231 65 39 179 80 118 196 45 238 200 145 5 14 240 166 174 128 37 246 116 96
254 99 245 118 9 72 85 4 163 246 167 25 107 239 79 95 128 244 237 66 72 71 170 160 211 241 69 59 34 181 70 114
89 71 70 165 22 22 110 48 100 64 218 70 83 32 178 193 112 196 60 239 205 144 21 140 180 46 226 128 45 254 120 4
244 99 206 69 130 66 15 104 32 164 234 162 65 103 129 83 62 245 236 226 104 211 141 72 48 161 239 1 101 243 38 48
102 162 185 176 201 233 177 202 170 183 177 57 140 173 76 26 137 19 235 17 18 111 202 64 93 16 95 127 192 65 7 242
56 7 67 233 80 75 99 112 53 36 234 74 83 7 0 80 120 140 15 234 72 146 65 30 245 172 161 16 35 138 100 96
216 23 60 103 48 22 95 48 164 168 191 64 95 55 8 112 20 244 221 106 232 129 57 14 235 239 37 144 34 226 8 35
112 32 18 137 9 9 160 64 110 32 226 10 132 130 0 84 232 140 106 128 4 195 193 80 148 32 139 59 0 0 43 130
16 33 8 37 18 11 19 8 102 164 202 131 211 40 2 64 120 205 108 33 12 176 197 14 240 167 43 17 97 10 57 2
177 65 85 69 66 74 102 48 113 162 246 66 83 17 133 181 120 212 68 106 233 182 101 12 55 234 97 0 99 187 66 160
4 176 145 208 203 237 176 202 142 179 161 56 156 247 72 42 131 27 234 16 19 79 218 64 157 144 95 127 200 65 135 179
80 32 22 141 11 3 160 72 166 0 194 2 196 130 32 70 104 76 106 0 0 195 195 80 148 32 10 27 16 8 33 130
5 162 177 67 228 110 225 29 120 187 51 80 215 57 220 174 145 4 54 56 145 244 233 128 15 154 117 196 194 202 209 165
66 160 142 30 8 129 176 232 254 148 198 9 240 232 102 66 145 111 104 1 6 67 219 57 89 34 111 57 64 32 11 130
24 4 248 229 52 10 79 52 116 134 102 0 211 35 144 64 82 204 12 170 40 144 1 14 227 239 160 1 36 226 84 32
197 98 148 20 41 44 68 200 235 186 161 92 142 146 73 155 161 69 108 30 2 71 154 64 145 154 87 62 200 113 11 5
76 172 135 31 137 131 132 168 150 178 66 64 232 224 8 135 17 102 232 32 32 193 203 61 9 114 69 20 194 100 2 4
70 168 156 30 203 153 52 168 159 179 64 8 228 224 108 198 145 110 234 0 38 65 139 113 14 50 69 63 144 108 25 6
4 172 140 55 152 128 183 174 186 151 0 17 245 232 74 11 129 107 105 3 54 200 139 51 109 39 127 13 192 112 141 130
56 4 30 173 16 79 119 112 20 38 230 3 115 51 34 81 120 156 36 42 40 144 17 14 227 231 96 1 48 168 12 130
117 163 129 161 184 11 74 153 2 249 153 204 211 98 216 50 89 204 124 191 219 66 205 16 184 148 173 252 136 162 18 36
146 4 121 193 6 70 237 66 109 38 215 18 3 9 20 100 107 133 23 139 200 183 53 194 85 184 130 6 101 8 245 230
242 101 4 44 9 84 22 40 161 180 136 9 199 48 71 215 128 245 236 227 76 67 219 136 177 240 201 59 0 119 14 6
32 0 30 172 76 79 241 88 148 4 244 9 22 213 43 0 88 24 67 32 8 167 18 12 81 160 32 28 81 40 102 162
97 24 11 190 77 141 193 84 160 42 225 76 178 145 17 25 200 162 74 79 9 174 80 40 149 176 208 56 72 24 82 184
215 65 191 248 205 4 220 73 201 144 32 18 30 251 60 123 164 241 19 79 112 99 18 192 115 56 198 8 89 112 225 34
64 185 152 183 24 205 83 188 50 189 5 9 183 215 74 18 129 95 109 83 78 88 219 51 237 133 61 105 32 3 15 74
121 5 45 109 29 38 75 43 83 224 172 12 83 53 16 51 88 196 120 236 57 107 249 29 251 239 193 124 121 42 114 48
57 56 9 105 5 173 67 18 84 99 231 4 179 129 80 120 88 168 106 156 153 188 113 2 197 205 144 48 88 139 80 176
64 248 24 178 88 205 51 254 186 61 0 9 182 215 74 18 129 223 105 67 66 75 218 117 253 37 57 125 0 1 135 202
112 249 24 178 216 205 84 238 163 60 160 9 54 159 74 16 129 155 77 81 78 75 218 53 251 145 21 127 48 16 14 90
56 24 24 254 73 221 82 112 131 36 229 9 111 219 35 144 200 185 199 98 76 39 82 156 211 209 0 59 115 171 78 130
201 78 239 101 36 30 111 52 121 66 102 196 251 33 146 115 20 228 108 110 225 244 165 43 230 251 96 0 74 242 67 120
60 16 82 56 105 253 82 80 129 4 240 9 111 217 35 145 216 177 199 98 12 167 82 157 211 241 0 27 115 47 78 130
205 46 255 101 164 62 107 16 121 202 118 100 255 33 145 59 182 100 108 126 161 244 161 106 198 251 100 128 206 243 99 33
120 248 88 186 121 221 80 238 163 53 160 9 47 222 74 208 129 155 197 64 78 15 218 55 251 197 49 127 48 20 14 74
201 214 223 239 34 6 127 52 124 10 118 100 253 115 160 115 214 117 60 238 225 148 161 203 230 251 106 130 12 242 33 41
60 177 24 178 217 221 80 255 163 189 129 25 15 223 74 144 129 155 205 16 94 75 218 21 251 193 53 127 48 128 142 218
56 24 80 190 77 221 80 122 147 12 180 11 47 219 35 145 200 186 199 64 78 47 82 189 211 209 16 59 115 141 14 138
184 28 80 186 77 221 208 94 131 28 240 9 47 221 35 145 200 187 199 1 110 47 90 191 211 209 16 59 115 12 78 138
129 202 29 123 36 139 105 153 126 17 114 244 191 67 184 121 147 40 46 28 227 188 13 85 196 187 50 64 28 128 97 41
81 7 78 165 20 6 111 48 36 140 222 199 67 35 178 81 116 196 45 238 232 145 5 204 244 169 174 128 37 182 120 64
246 98 245 118 9 72 85 128 171 150 161 185 14 207 79 91 129 213 237 66 104 71 138 192 211 240 85 63 99 53 70 114
246 99 207 101 130 66 111 96 32 164 242 163 65 38 145 83 126 212 237 238 104 211 173 8 176 161 231 133 101 179 118 112
6 160 145 208 201 233 177 202 170 183 161 185 140 183 72 10 137 27 227 17 18 79 202 80 29 144 91 127 192 73 7 242
120 85 116 100 11 94 86 56 161 136 175 8 95 127 8 242 132 213 253 226 72 3 25 140 243 239 96 155 42 179 72 19
56 5 67 109 80 75 103 112 37 32 234 202 83 7 128 213 120 156 14 106 105 146 97 28 181 232 161 16 99 170 70 32
4 176 145 211 203 233 176 202 142 179 33 56 156 150 72 42 131 27 250 16 19 111 218 80 13 144 31 127 136 73 131 179
66 32 7 28 73 155 32 72 230 160 194 8 194 192 64 214 64 100 234 0 4 67 203 16 21 50 3 27 66 12 40 4
181 64 87 69 64 90 230 112 101 226 242 74 83 16 149 181 120 212 100 106 237 180 101 12 38 170 97 16 107 187 74 164
165 2 245 67 164 122 227 25 92 235 115 120 211 40 221 174 27 68 38 58 185 244 109 2 12 152 101 68 197 235 208 164
66 168 132 31 9 147 0 200 159 176 128 8 236 224 76 198 145 110 234 0 6 65 139 113 15 50 69 63 18 36 11 134
66 168 158 30 72 137 176 200 158 176 128 9 228 232 110 66 145 103 106 17 6 67 138 113 29 35 77 127 16 32 11 6
88 37 140 37 26 10 150 40 102 160 202 131 211 104 18 66 121 69 108 229 12 177 205 12 232 231 173 21 105 98 56 2
24 4 222 231 52 10 94 48 53 4 175 1 87 35 32 80 50 196 13 104 40 133 17 14 227 239 32 17 32 162 76 2
213 98 150 22 41 12 116 192 235 154 160 88 142 146 69 223 161 69 108 78 64 71 138 64 145 154 87 62 64 113 43 7
125 67 204 164 142 10 70 184 3 162 130 203 87 97 65 82 56 196 108 231 76 67 205 8 248 227 229 52 45 186 24 2
56 5 206 165 16 79 86 48 52 6 230 1 83 35 2 80 120 212 140 34 44 176 81 14 227 231 32 17 32 170 108 2
125 34 201 165 120 43 74 152 51 160 161 237 83 3 193 18 91 204 100 254 13 82 205 8 158 197 165 180 173 163 82 0
246 97 4 52 9 72 68 32 169 182 130 137 198 160 71 223 128 228 236 99 76 67 210 0 145 240 200 59 32 55 30 6
161 220 25 123 109 173 64 182 77 43 104 92 178 57 0 25 200 34 66 12 171 188 81 55 135 190 80 16 88 200 210 8
37 28 31 250 205 236 198 130 205 19 40 4 246 249 45 90 201 34 2 8 11 41 26 225 67 250 16 10 216 89 112 10
176 4 123 192 132 70 197 71 85 166 242 18 2 25 60 77 248 148 7 168 40 183 113 194 81 186 146 2 65 8 244 162
213 129 191 250 205 68 236 201 201 19 33 22 28 251 116 91 233 195 51 141 113 99 154 192 123 184 198 12 201 96 225 34
84 188 24 179 16 205 83 184 50 188 6 9 247 87 74 81 145 251 45 83 106 80 219 63 233 199 45 113 32 2 6 66
97 40 41 109 25 167 75 26 86 224 172 12 179 129 81 112 220 172 120 28 139 14 251 27 195 253 145 60 88 138 82 48
33 88 137 191 13 143 65 17 20 98 229 12 146 129 49 120 216 168 74 12 9 182 112 34 197 221 144 48 88 10 80 176
114 248 24 50 88 205 83 238 171 188 160 9 54 215 66 16 129 155 71 67 74 75 218 117 249 144 21 62 16 0 6 218
176 28 88 254 73 237 83 90 151 14 244 9 34 223 39 16 136 178 71 66 46 47 82 63 83 216 1 59 114 169 70 194
233 76 175 111 4 46 111 180 121 66 102 132 243 97 19 115 24 228 104 110 233 180 245 43 231 251 64 0 72 242 82 120
184 24 88 254 105 237 82 90 151 6 244 9 43 221 35 16 8 178 199 2 46 47 82 63 83 249 0 59 115 169 78 138
188 17 122 240 197 214 80 80 213 142 246 19 27 155 33 201 200 180 135 32 40 167 80 130 83 203 176 9 243 169 108 130
205 46 191 103 164 62 111 17 121 202 119 68 223 33 211 59 182 101 108 62 177 244 161 74 206 251 103 0 202 227 99 97
201 86 159 239 32 54 47 176 121 74 118 100 252 115 169 123 214 101 60 110 161 148 161 107 198 251 98 128 24 243 33 41
56 240 88 186 89 205 80 254 167 61 164 25 63 223 74 144 137 155 197 17 78 15 90 53 219 193 49 125 114 4 206 218
184 92 88 254 105 221 84 90 134 14 180 9 59 223 35 144 200 179 135 0 78 47 82 61 83 201 48 57 115 136 76 138
184 144 92 122 105 221 208 254 146 63 180 25 63 221 42 17 9 146 199 0 46 47 90 55 83 193 48 61 115 136 78 203
56 28 124 122 205 244 208 127 212 15 244 19 59 217 34 217 200 178 135 0 60 47 82 163 83 207 112 25 115 204 108 10
181 64 117 69 66 90 102 48 96 162 242 74 83 16 149 177 120 212 100 234 233 182 101 8 55 170 101 16 97 187 66 164
88 37 136 45 26 11 83 56 38 160 138 9 215 97 2 64 112 196 109 97 8 129 205 30 248 165 173 17 32 162 24 2
37 32 229 65 164 122 227 16 96 226 115 202 211 40 221 171 58 196 100 123 157 240 237 8 12 168 97 20 229 235 80 36
16 164 140 37 24 3 130 168 86 160 202 1 211 104 0 64 145 77 104 161 12 209 207 30 232 231 45 21 48 34 11 130
213 98 150 22 41 12 20 192 235 154 161 89 142 242 73 223 160 69 108 70 68 71 154 64 145 176 87 58 64 113 43 5
252 98 200 101 74 10 71 56 48 162 166 201 83 3 193 19 88 204 109 238 104 214 205 8 246 233 165 52 99 179 66 160
253 98 201 165 74 10 70 184 19 162 162 235 83 33 65 18 88 196 108 238 72 86 205 10 252 225 229 60 45 187 18 0
36 162 109 97 164 47 197 29 71 171 55 92 211 1 156 24 25 132 70 56 152 180 73 18 78 219 113 244 203 202 210 161
214 97 134 22 9 72 36 0 168 150 131 25 134 128 65 223 128 228 232 67 76 69 210 64 145 48 94 59 64 117 31 4
97 152 191 122 125 140 193 153 207 25 36 4 178 217 116 106 193 98 43 28 163 104 90 177 79 153 148 10 218 8 208 42
32 20 30 173 72 111 165 91 132 38 108 9 215 151 34 0 88 60 75 40 0 183 80 10 69 161 32 40 80 200 132 226
97 162 9 97 40 15 73 63 82 248 128 76 147 3 208 49 29 140 92 44 203 94 241 21 205 153 177 60 24 128 82 40
80 164 24 180 16 207 82 56 50 164 134 9 247 95 2 81 144 245 237 33 108 65 217 31 249 199 45 61 32 34 14 2
37 24 139 127 149 141 71 17 212 67 239 12 179 209 16 48 216 42 74 12 153 190 112 34 229 221 144 48 216 90 208 176
48 28 112 124 72 237 81 74 157 14 241 9 38 223 37 21 200 177 71 0 42 39 82 25 209 218 0 58 81 104 68 226
184 28 80 126 105 237 81 94 151 62 244 9 43 221 35 17 136 178 71 0 42 43 90 185 83 219 80 59 115 204 70 202
205 44 191 103 165 46 111 16 121 194 103 4 255 97 17 59 176 100 104 126 161 244 177 74 199 251 64 0 202 227 99 112
201 28 159 237 32 38 123 152 121 66 102 68 252 115 33 123 214 69 56 238 161 244 177 107 199 251 66 0 26 241 33 40
56 28 92 126 105 237 80 95 135 30 244 25 59 221 42 9 72 178 135 8 42 47 82 49 83 235 112 57 115 200 76 218
188 144 124 114 232 205 81 217 166 63 181 25 83 215 74 25 9 146 71 10 58 39 90 21 91 139 113 125 115 138 206 211
184 69 30 171 144 111 87 22 52 36 111 17 87 55 34 80 80 26 36 66 44 144 81 44 227 227 32 1 48 218 140 2
37 28 137 123 157 173 67 18 212 67 236 76 178 209 24 48 216 42 74 12 155 172 114 43 229 221 16 80 216 74 80 176
32 28 31 220 200 237 133 71 156 134 224 25 150 247 36 25 200 177 67 0 40 35 82 72 209 162 112 24 208 120 197 226
48 144 117 122 105 237 81 207 167 63 160 25 43 215 44 21 137 146 71 0 10 43 90 181 83 218 80 62 115 204 70 250
201 76 63 127 5 78 111 172 125 66 102 20 219 51 49 123 240 68 56 110 97 180 185 107 231 251 66 0 88 113 97 120
56 144 124 90 45 253 209 221 135 63 181 27 123 255 46 28 9 146 231 8 10 35 122 17 83 219 113 61 243 202 196 250
188 176 124 66 168 109 211 216 6 191 181 25 83 87 74 29 25 144 199 122 58 103 123 16 91 203 101 125 227 171 70 243
217 196 191 127 5 78 101 172 252 82 38 16 82 115 56 123 225 196 120 46 105 229 187 107 211 235 82 0 120 112 114 58
188 144 253 98 173 125 211 216 23 63 181 24 91 95 108 152 25 144 231 42 58 39 123 19 91 201 97 125 243 203 196 114
