2 141 2 158 20 131 170 230 22 1 88 2 32 234 48 64 89 106 19 129 34 184 8 255 32 38 138 128 20 14 48 136
231 104 134 149 77 29 164 64 236 242 210 94 232 168 87 235 233 228 122 199 229 247 215 224 20 58 219 24 77 125 121 140
134 162 132 147 202 41 184 75 190 183 211 151 204 162 90 75 111 15 235 149 54 212 207 208 28 18 219 229 132 69 169 208
180 204 106 206 84 163 75 242 213 0 238 18 113 235 177 96 89 170 19 168 170 171 44 191 122 175 131 64 181 139 112 32
3 143 2 158 20 147 170 230 86 5 88 135 32 234 182 64 89 106 2 133 166 184 44 255 32 38 138 129 20 14 56 204
3 6 6 157 12 130 172 104 212 2 210 199 96 226 176 199 124 100 42 175 228 209 15 205 20 34 203 128 28 120 56 4
165 237 8 22 152 129 7 230 146 218 172 24 114 224 235 49 25 98 64 106 123 111 42 63 56 6 101 56 80 115 130 32
90 50 88 224 34 8 88 16 45 132 176 169 143 31 0 80 166 149 221 128 0 65 128 192 210 241 43 131 38 128 7 19
246 112 186 186 41 237 17 74 187 223 177 57 190 222 107 26 135 249 237 19 10 71 218 242 209 209 127 187 208 81 39 19
184 76 110 254 213 167 235 103 212 2 198 18 113 235 49 97 121 234 19 168 40 255 60 191 123 175 199 64 49 248 112 136
214 126 187 184 169 237 17 90 187 223 184 57 158 247 97 26 135 251 205 16 43 71 138 210 217 213 63 255 144 81 39 243
