48 32 5 137 78 75 160 72 22 160 224 79 128 128 96 0 120 140 98 129 8 115 91 16 29 0 143 56 17 8 52 130
13 168 173 159 186 144 45 184 254 211 70 196 252 226 218 98 39 102 122 157 167 72 175 113 76 35 239 192 142 224 9 113
96 32 80 132 108 9 232 64 105 32 240 11 130 8 20 2 234 197 66 5 4 114 196 192 20 24 130 49 69 136 90 134
242 152 252 250 10 196 81 214 131 21 164 59 54 159 100 91 231 179 125 128 10 75 186 241 219 144 208 59 49 0 36 122
242 138 172 186 13 193 88 192 131 22 148 187 46 205 114 11 201 179 253 133 46 79 138 241 211 81 216 187 52 12 20 86
32 32 5 168 76 75 160 72 22 180 224 139 128 192 96 0 121 136 98 149 2 114 91 17 28 0 143 61 17 8 52 130
127 149 241 78 155 118 95 188 83 206 141 46 90 119 172 244 21 214 157 234 251 3 57 191 251 239 165 222 179 247 228 119
96 32 64 128 108 9 232 64 77 32 240 11 130 8 20 2 234 197 66 5 4 114 196 192 20 24 130 49 69 136 90 134
131 133 37 217 157 151 172 37 222 83 18 214 200 8 180 239 205 3 218 189 243 237 55 223 44 26 222 194 95 12 241 180
32 32 13 168 76 67 160 72 22 180 224 139 128 192 96 0 121 136 98 149 2 114 91 17 29 0 143 61 17 8 52 130
159 156 180 90 179 246 62 191 23 95 15 53 108 255 174 100 151 83 181 18 182 72 58 247 235 255 157 199 146 247 141 119
96 32 64 197 108 9 232 64 109 32 240 11 130 8 20 2 234 197 66 5 4 114 196 192 20 24 130 49 69 136 90 134
181 64 111 140 85 86 203 96 196 192 199 2 83 212 51 101 120 172 18 239 73 183 52 140 17 40 130 4 41 43 112 244
9 0 109 197 38 50 233 18 108 67 70 146 153 6 146 104 54 132 18 173 145 148 37 204 68 43 154 0 165 160 81 100
32 32 13 168 76 75 160 72 22 180 224 139 128 192 96 0 121 136 98 149 2 114 91 17 28 0 143 61 17 8 52 130
95 157 177 94 179 54 95 189 19 75 13 112 124 119 172 244 151 87 149 234 251 73 41 191 235 255 45 214 186 247 161 117
96 32 80 197 108 9 232 64 105 32 240 11 130 8 20 18 170 197 66 5 4 114 196 192 20 24 2 49 69 136 90 134
32 32 13 168 76 75 160 72 22 180 224 143 128 192 64 0 121 136 98 149 2 114 91 145 28 0 143 61 17 8 20 194
95 149 182 94 179 246 30 189 27 95 13 52 108 255 174 100 151 83 181 18 246 72 58 247 235 255 13 199 146 247 141 119
96 32 64 193 108 9 232 64 77 32 240 11 138 8 20 2 234 197 70 5 4 114 196 192 20 24 130 48 69 136 90 134
98 85 55 204 126 4 158 112 137 8 185 72 92 58 36 246 230 245 95 226 225 35 16 206 51 62 2 154 89 50 99 23
91 20 50 77 35 86 94 48 21 74 30 96 74 63 165 244 148 93 157 234 137 129 49 206 227 251 160 131 42 231 36 55
32 32 5 169 76 67 160 72 22 180 224 139 192 192 96 0 121 136 98 149 2 114 75 145 28 0 143 61 21 8 52 130
15 149 183 218 178 182 31 189 30 91 13 112 92 247 168 100 151 83 53 18 243 72 42 247 235 255 47 198 146 243 129 53
222 157 176 94 179 182 30 173 19 27 13 49 104 115 174 228 149 83 177 226 246 73 8 63 171 238 13 199 178 247 168 7
2 141 2 158 23 131 178 230 22 4 90 163 96 234 34 192 89 107 131 129 38 152 10 255 32 38 138 3 20 14 60 138
104 48 56 96 32 76 81 16 97 136 52 8 159 23 0 48 132 20 93 8 136 96 176 0 195 249 32 16 64 128 66 35
2 143 2 158 21 195 186 230 22 5 88 163 32 232 50 192 89 107 131 129 38 184 8 255 32 38 138 11 20 14 60 138
49 207 64 14 214 129 206 247 68 132 24 230 97 96 180 128 92 226 6 207 222 42 12 61 40 8 165 192 125 154 248 136
2 143 2 158 23 131 186 230 22 5 88 163 96 232 50 192 89 106 131 133 38 184 8 255 32 38 138 11 20 14 60 138
2 143 136 156 147 160 180 167 30 7 72 147 172 42 38 192 129 67 131 133 118 8 0 255 40 54 158 67 16 68 169 14
33 36 121 97 116 15 107 48 112 8 124 72 19 19 144 48 30 204 6 40 169 176 96 14 103 175 32 128 96 130 66 161
130 205 18 154 95 193 150 230 150 4 80 147 44 218 34 65 200 59 131 193 98 174 18 255 57 0 158 107 17 28 173 138
3 142 3 158 20 147 170 230 86 1 90 70 96 226 180 196 89 106 2 141 167 136 14 255 32 46 138 136 28 14 56 140
70 72 150 149 71 38 184 66 184 130 66 18 172 162 97 74 231 125 59 131 0 213 146 224 21 50 218 10 132 113 33 130
88 18 88 164 34 8 88 16 32 44 182 237 207 35 130 82 38 213 237 132 140 64 133 0 210 225 106 161 44 160 15 19
6 140 132 155 145 160 182 174 30 23 75 17 236 234 106 72 145 75 163 19 54 88 10 247 44 54 95 71 144 119 141 6
112 34 121 96 34 73 81 16 32 44 52 168 23 23 128 16 34 20 68 0 0 96 160 0 81 161 32 177 96 128 70 99
68 221 3 38 146 4 7 165 168 138 11 72 116 119 9 18 21 115 64 98 113 9 136 111 41 36 44 24 0 114 163 41
4 160 16 131 236 41 184 9 47 49 49 24 142 72 88 8 175 11 127 17 18 112 203 209 12 16 31 116 212 8 129 129
104 48 56 96 33 93 81 16 105 136 52 8 158 31 0 52 132 20 93 8 136 96 176 192 195 217 0 18 66 128 66 35
214 157 129 30 146 226 22 173 18 83 9 149 96 102 40 64 145 66 33 162 118 73 24 63 169 38 13 70 176 115 180 82
34 32 4 136 77 11 176 72 22 180 240 139 128 200 66 0 121 136 227 149 6 114 75 145 28 0 143 63 21 12 28 134
96 32 80 197 109 25 232 64 105 32 240 11 138 8 22 146 170 197 198 5 4 114 196 192 22 24 2 49 69 140 90 132
32 32 4 169 76 11 160 72 22 180 240 139 192 192 96 64 121 136 98 149 2 114 79 145 28 0 143 61 21 8 52 130
96 34 64 197 108 9 232 64 109 32 240 11 138 8 20 2 234 197 70 5 4 114 196 192 20 24 130 49 69 136 90 134
48 130 8 185 92 131 138 200 22 33 80 211 97 194 184 64 89 10 34 141 34 178 79 159 156 134 171 108 53 136 176 128
98 152 125 216 74 193 89 198 139 85 160 171 52 159 100 91 207 179 123 128 10 75 186 241 91 16 216 59 17 8 36 122
13 172 237 119 148 154 111 184 114 247 70 148 249 237 218 235 55 110 177 140 163 216 239 35 110 111 247 132 166 244 240 116
48 32 5 137 79 75 161 72 150 164 224 15 0 128 96 128 120 140 234 129 8 115 91 16 29 0 143 57 81 8 52 130
127 180 243 94 179 118 95 184 83 235 12 116 123 255 255 244 23 222 180 58 255 65 59 191 251 255 37 214 186 247 172 117
112 32 65 141 76 9 224 64 105 36 240 11 130 8 20 0 104 133 98 1 12 115 196 192 148 16 130 49 101 8 82 130
188 12 230 255 133 50 94 191 81 131 126 26 91 61 181 57 89 198 149 42 188 254 45 174 227 239 244 129 231 253 244 10
127 157 98 94 189 118 223 252 251 74 189 44 107 253 190 182 151 199 213 111 253 99 190 239 59 127 5 159 207 247 250 93
48 48 5 137 79 75 161 72 30 164 224 79 128 128 96 128 120 140 98 129 9 115 91 80 29 0 143 57 89 8 116 146
15 188 180 90 177 246 30 188 151 223 70 53 236 255 239 108 151 91 181 22 182 88 187 191 107 223 93 231 150 245 141 87
96 32 64 129 76 9 232 64 105 36 240 11 131 8 20 0 106 133 70 1 12 115 196 192 20 24 130 49 101 8 82 130
150 120 178 146 79 245 178 200 158 27 17 19 76 220 109 140 189 89 147 115 7 103 26 242 25 22 15 111 216 63 37 151
142 156 244 119 177 252 126 183 123 91 31 49 236 126 30 112 151 119 181 135 246 216 47 255 43 126 85 195 134 215 199 87
48 32 5 137 79 75 161 72 30 164 224 15 0 128 96 128 120 140 98 129 8 115 91 208 29 0 143 57 17 8 116 130
112 32 64 129 76 9 232 64 105 36 176 11 3 8 22 16 106 133 78 1 12 99 196 192 20 184 131 49 101 8 74 134
32 48 5 137 79 79 160 72 134 180 224 15 0 196 96 128 105 140 234 17 11 115 91 145 29 0 143 61 17 8 20 146
207 156 180 90 177 246 94 188 95 223 15 53 108 254 110 116 151 95 181 50 182 72 59 255 171 127 29 199 146 247 141 87
48 32 64 141 76 9 224 64 109 36 240 11 130 8 20 0 104 133 70 1 12 115 196 192 20 16 130 49 101 8 82 130
179 109 97 195 196 9 238 215 201 242 155 74 147 8 213 34 104 226 87 223 217 186 108 160 54 8 174 176 101 218 208 232
48 32 4 137 79 75 161 72 22 164 224 11 128 128 96 128 120 140 98 129 8 115 91 144 29 0 143 57 17 8 52 130
7 188 181 218 176 167 63 188 31 219 15 112 252 247 233 108 151 95 49 58 179 72 43 255 170 254 63 198 150 243 129 33
168 20 246 253 69 102 112 50 85 147 119 18 91 125 49 75 121 180 183 168 168 244 17 142 71 235 113 1 247 233 116 146
94 172 182 90 179 182 30 172 19 155 10 49 108 242 106 208 149 87 177 50 62 73 11 63 170 102 141 199 146 119 136 7
206 141 176 22 177 176 30 175 187 7 15 17 108 106 30 208 147 99 129 99 114 200 136 127 43 55 29 71 194 119 143 2
2 140 2 158 23 195 186 230 22 5 90 131 104 234 34 192 123 123 131 129 38 152 0 255 40 38 154 3 20 14 60 138
104 48 56 96 32 76 81 16 105 136 52 8 159 23 0 50 132 84 93 8 136 96 176 0 195 249 32 16 64 128 66 35
2 142 2 158 23 195 186 230 22 4 90 163 96 234 50 192 121 123 147 129 38 152 10 255 32 38 138 11 20 14 60 138
5 1 125 97 180 10 107 57 124 224 127 64 211 1 152 112 114 140 126 58 209 176 109 4 236 253 37 68 108 170 192 33
2 143 2 158 23 131 186 230 22 4 88 163 96 234 50 192 121 107 131 129 38 152 14 255 32 38 138 3 20 14 60 142
2 143 0 158 147 128 182 167 30 5 72 131 100 104 42 192 209 99 131 133 118 8 12 255 40 38 158 67 20 86 185 78
33 36 121 65 116 15 235 48 116 72 126 72 211 3 144 49 94 204 6 40 161 176 97 14 103 159 32 0 103 136 66 161
130 204 2 158 15 193 146 230 148 6 64 179 44 202 35 193 201 123 131 195 102 174 2 255 0 38 218 11 20 29 61 138
3 142 2 159 20 145 138 236 86 1 88 215 96 232 190 192 89 10 2 133 166 186 79 191 40 38 155 72 28 14 184 140
70 8 150 149 195 230 186 66 188 130 67 18 76 246 97 74 243 127 179 147 0 213 146 226 21 54 218 3 128 97 37 130
75 50 129 164 32 28 88 16 41 200 18 237 207 46 130 210 134 197 253 133 141 64 149 192 128 241 42 146 8 164 11 81
6 172 132 155 153 224 54 174 62 151 75 17 196 226 104 72 145 123 163 19 50 88 139 119 45 22 95 71 144 87 133 2
72 50 24 32 32 12 88 16 41 140 52 237 143 3 2 16 134 149 205 4 132 64 128 0 194 241 32 145 72 128 11 19
84 157 147 30 146 134 7 173 178 11 9 112 116 118 40 16 21 83 0 34 115 73 8 63 168 38 45 68 136 114 131 57
4 160 16 131 236 169 184 73 14 49 49 26 140 138 88 8 175 11 110 17 18 120 203 209 12 16 31 118 148 8 129 129
105 48 113 64 101 29 81 16 105 8 52 72 30 31 132 52 134 148 84 8 137 96 240 192 199 249 32 146 66 128 66 39
22 180 135 30 146 167 7 168 22 187 72 81 116 246 104 80 21 95 33 50 59 73 11 63 169 38 45 76 176 115 128 82
50 32 68 137 79 11 176 72 143 164 240 11 10 136 102 0 232 141 235 1 12 115 75 208 29 16 143 59 85 12 92 194
250 237 6 14 155 144 22 237 129 134 137 11 104 226 47 147 177 243 201 226 108 11 138 111 187 38 205 59 35 118 174 14
114 32 96 205 77 25 248 64 105 36 240 11 138 8 22 128 234 133 198 1 12 115 196 192 22 216 2 51 101 12 74 134
126 133 64 14 155 146 6 237 147 1 137 139 99 224 42 212 81 194 201 226 126 11 15 63 184 102 141 95 55 118 184 14
32 32 68 137 78 11 160 72 30 164 240 11 128 128 96 0 120 140 98 129 8 115 75 144 28 0 143 57 21 8 116 130
128 22 132 21 176 42 52 55 56 59 75 212 204 38 0 73 151 87 0 32 176 220 1 78 44 54 126 194 128 112 129 17
31 190 180 90 185 247 30 184 95 255 68 53 108 255 255 124 151 91 181 19 182 72 187 255 107 95 93 239 150 245 133 87
32 34 65 137 77 73 224 64 45 36 240 15 130 8 20 128 104 141 74 129 8 243 213 192 20 0 131 57 69 8 86 130
230 205 226 214 253 88 254 173 137 134 185 139 232 108 127 3 251 195 215 231 252 99 8 235 59 94 207 187 199 255 214 207
198 156 245 247 181 238 222 174 123 27 59 49 236 124 28 113 151 115 181 3 242 200 10 255 43 126 95 195 134 247 199 87
15 188 181 90 184 183 95 184 87 251 68 112 125 255 255 236 151 95 53 56 179 208 43 191 106 223 125 230 158 245 129 53
32 32 65 129 76 73 224 64 109 36 240 15 130 8 20 16 106 133 78 129 8 115 212 192 20 48 131 57 69 8 86 130
6 202 18 155 53 189 178 128 190 27 83 17 204 202 43 200 209 105 131 87 54 148 74 247 13 54 26 67 144 31 9 135
207 140 229 94 180 178 206 188 251 219 63 208 255 232 158 117 151 103 53 47 247 105 46 255 106 127 37 204 198 247 195 101
32 48 1 137 79 77 161 72 6 168 240 79 132 132 64 128 104 156 234 1 9 243 219 208 29 0 143 59 57 8 60 146
14 188 180 90 185 183 30 184 95 255 68 49 108 254 127 124 151 91 181 18 182 72 171 255 107 223 95 239 146 245 141 87
32 32 64 137 76 73 224 64 108 36 240 15 130 8 20 128 104 133 74 1 8 115 212 192 20 48 131 57 69 8 86 128
231 205 227 215 212 8 238 183 249 195 187 218 241 104 220 35 27 226 85 239 241 104 236 235 46 30 175 160 165 254 211 232
198 156 244 119 177 238 126 174 123 159 27 49 238 124 28 81 183 115 181 3 242 200 10 255 43 126 93 195 134 119 199 71
32 32 0 137 79 75 161 72 6 164 208 10 132 128 96 192 104 140 234 0 0 243 219 144 29 0 143 57 49 8 61 130
7 188 181 218 184 39 31 184 22 187 0 112 252 247 249 104 151 95 49 56 179 192 171 191 42 222 127 236 150 241 129 49
197 140 247 94 176 130 110 188 123 83 75 84 253 227 156 113 23 111 52 47 243 72 14 127 40 62 117 204 204 243 195 41
94 172 148 26 185 243 30 168 23 183 70 17 108 227 111 220 147 95 161 48 54 192 139 63 106 87 93 103 146 117 141 70
78 156 180 30 145 242 151 172 187 23 15 17 236 238 14 148 145 83 161 163 118 72 58 127 107 119 93 71 194 119 143 94
2 140 2 158 23 195 186 230 22 5 90 163 96 234 34 192 121 107 131 129 38 152 14 255 32 38 154 11 20 14 60 142
104 48 56 96 33 77 81 16 105 136 52 8 159 23 0 48 132 20 93 8 136 96 176 0 195 217 32 16 66 128 70 51
2 143 2 158 23 131 186 230 22 4 90 163 96 234 50 192 121 107 131 129 38 186 14 255 32 38 138 131 21 14 60 142
141 1 127 97 180 10 111 57 116 224 119 64 211 1 152 112 114 140 126 122 249 176 109 14 236 233 37 68 100 171 192 33
2 143 2 158 23 131 186 230 22 5 88 163 96 234 50 192 121 107 131 133 6 186 14 255 32 38 138 139 21 14 60 142
18 143 2 190 147 208 134 175 22 69 73 131 100 98 42 192 113 99 129 231 118 136 12 63 168 38 158 67 52 86 189 78
33 20 125 69 116 15 235 48 125 8 118 64 209 51 148 53 30 92 86 40 161 240 97 78 103 190 96 128 66 168 66 161
0 60 59 67 112 207 163 182 60 168 106 64 244 87 0 16 149 123 19 74 1 184 89 127 109 142 34 0 64 19 7 187
2 14 130 158 23 179 150 66 22 6 90 163 96 234 35 200 91 107 131 131 36 172 14 255 0 38 154 11 148 127 60 142
38 130 8 155 220 131 138 200 22 21 80 147 96 202 42 64 89 10 3 133 54 50 79 255 60 6 159 109 29 12 184 134
6 44 146 147 211 226 184 67 62 135 67 18 76 254 97 72 243 127 179 145 48 216 154 194 29 38 159 195 133 97 165 130
6 172 148 155 153 227 182 172 158 151 67 17 196 226 105 73 145 107 171 19 50 88 139 119 45 22 95 111 144 113 133 2
75 50 17 160 33 28 88 16 41 200 32 205 159 23 0 210 134 69 221 5 141 64 144 0 131 241 40 146 10 4 11 83
213 157 149 30 176 166 7 188 178 219 75 84 117 226 136 49 21 102 32 106 115 73 10 63 168 166 37 92 136 243 131 49
2 160 22 145 231 175 184 207 62 49 83 18 204 154 104 8 183 27 115 17 18 120 25 209 13 16 31 102 212 8 129 131
105 48 113 64 101 29 120 16 105 72 180 72 10 25 148 182 142 212 86 8 137 96 224 192 7 216 0 146 75 140 66 37
14 188 246 247 187 151 30 248 223 254 70 161 204 254 127 43 151 127 249 49 166 208 171 255 43 223 77 239 134 244 13 87
32 34 66 129 76 73 224 64 173 36 240 15 142 136 0 144 104 133 110 129 0 115 196 192 148 48 3 41 65 8 79 130
245 205 225 151 214 40 238 183 241 243 187 218 241 104 156 35 121 226 21 171 249 126 108 239 188 14 223 196 165 251 210 168
70 140 252 127 253 202 126 168 251 151 66 17 236 254 28 81 151 119 245 35 242 200 10 255 47 126 93 199 148 119 135 67
15 164 181 218 184 135 31 248 94 187 64 64 221 227 217 104 151 127 49 24 179 80 171 63 40 158 111 236 158 240 1 33
77 140 198 94 176 26 111 188 255 211 110 84 253 226 158 181 19 111 52 175 243 200 47 127 104 63 101 196 222 243 203 40
14 184 190 51 185 211 28 168 150 247 70 181 204 230 107 140 147 111 233 48 54 209 155 61 74 83 77 239 130 116 141 87
2 143 10 158 22 131 170 230 22 4 90 163 96 234 58 64 121 107 3 129 38 186 14 255 32 38 138 3 21 10 60 142
104 48 57 96 33 77 81 16 105 168 52 8 159 23 0 52 132 148 221 8 136 96 240 128 195 217 33 50 66 128 70 51
2 143 10 158 22 131 182 230 22 4 90 163 96 234 42 64 121 107 131 193 38 154 14 255 40 38 142 67 21 10 188 142
2 143 10 158 86 131 174 230 22 4 90 163 96 234 42 64 121 107 131 197 38 154 14 255 32 38 138 131 21 10 60 142
158 157 134 190 147 243 22 175 22 87 73 147 100 228 42 193 49 67 169 163 118 73 25 63 169 38 143 71 48 70 189 94
41 20 117 69 52 15 239 48 125 170 118 64 219 51 148 55 30 84 118 42 161 240 97 76 103 187 97 128 66 160 66 161
138 140 149 23 129 122 53 167 56 183 78 17 204 38 2 207 129 87 232 0 48 220 41 110 45 54 94 67 130 116 133 110
6 15 138 158 150 162 190 67 22 135 91 163 96 234 43 72 121 107 131 147 52 146 14 234 32 38 138 131 149 107 188 134
38 162 12 187 222 131 162 200 22 53 208 147 224 194 106 64 89 11 35 149 22 114 79 183 28 6 143 109 149 8 184 130
6 36 138 147 214 226 186 67 62 135 75 179 76 238 50 72 251 63 179 145 50 216 8 198 61 38 159 195 133 98 181 130
0 140 10 190 86 193 186 236 22 5 88 131 113 234 40 64 121 59 3 129 34 186 11 191 120 38 155 9 21 10 180 138
109 76 86 101 52 26 110 48 125 168 118 64 219 1 145 244 18 236 108 106 200 176 65 142 230 255 33 0 110 160 74 33
16 132 11 187 94 195 163 204 22 1 80 147 245 195 40 64 89 27 3 161 34 186 75 191 237 6 191 108 53 10 181 170
