81 2 134 141 12 2 168 88 236 128 210 198 208 162 176 66 96 196 110 141 129 209 135 192 148 34 238 128 12 168 49 4
3 143 2 158 20 131 174 242 86 0 88 70 96 232 180 228 89 106 2 207 167 184 12 255 32 46 130 128 28 138 112 140
1 133 67 207 148 131 170 117 68 1 91 70 113 226 184 228 120 42 18 172 211 184 13 255 32 44 162 192 61 138 240 44
52 36 234 224 212 43 235 216 83 161 121 10 19 201 125 8 121 204 23 177 154 178 72 210 94 141 161 228 229 235 114 128
242 64 70 236 12 2 76 96 161 162 242 10 75 10 37 91 106 197 125 226 104 199 129 200 178 234 206 144 37 184 114 0
177 207 65 14 214 129 206 245 68 64 8 198 97 96 180 192 72 226 2 207 223 8 12 61 40 12 173 192 61 154 240 204
130 143 6 158 23 131 178 230 150 4 90 163 96 234 34 193 73 107 139 129 38 137 10 255 32 38 138 3 20 12 60 138
177 207 64 30 214 129 206 247 84 66 8 214 97 96 180 69 73 226 2 207 251 76 12 63 40 10 197 64 61 152 240 140
3 143 2 158 20 131 174 230 86 0 88 198 32 224 180 196 89 106 2 207 199 184 12 255 32 46 138 136 29 14 112 140
5 135 66 138 20 163 170 122 84 1 91 70 112 226 188 100 121 42 2 174 151 184 12 255 40 46 162 192 157 139 248 132
36 100 235 192 84 35 235 216 86 163 121 74 81 201 245 8 121 232 19 251 131 182 44 218 94 12 167 236 245 251 114 160
242 64 238 236 76 2 76 112 113 130 242 10 75 11 53 91 122 197 125 226 232 231 131 202 178 234 198 152 39 186 114 0
131 143 1 158 148 129 142 167 22 0 72 215 96 96 180 69 73 98 2 207 242 8 12 255 40 38 143 192 21 92 248 204
88 32 248 224 35 104 89 10 41 178 173 56 159 151 65 91 167 149 217 2 0 69 128 128 211 249 80 59 226 225 7 2
130 142 6 159 29 130 174 226 148 6 210 227 104 234 32 193 121 99 171 231 100 201 15 255 32 34 203 1 20 44 56 140
3 143 66 158 20 131 174 230 86 0 88 198 96 232 180 228 89 106 2 207 167 186 14 255 40 46 130 136 29 138 112 140
7 206 66 154 20 163 170 234 86 1 89 198 96 226 181 100 89 106 2 255 183 184 12 255 40 46 163 196 157 139 112 132
39 104 227 214 84 3 175 208 86 226 112 74 112 200 245 44 120 232 19 219 193 246 44 234 52 12 175 172 205 251 112 164
242 65 106 236 76 2 110 120 113 130 246 10 91 203 180 81 122 236 55 234 232 183 167 206 118 235 224 136 39 186 114 0
163 207 4 159 148 129 134 167 86 83 72 246 224 96 180 69 73 98 2 207 243 76 76 255 44 38 223 194 29 92 208 156
117 108 191 84 5 239 73 98 240 114 165 26 82 209 49 59 233 224 96 42 105 103 186 2 81 139 81 56 65 121 114 34
3 143 3 158 20 131 174 230 86 1 88 198 96 232 180 68 89 106 2 205 231 186 12 255 40 38 138 8 29 14 112 140
7 78 3 154 148 163 170 198 86 3 88 198 96 192 181 196 89 104 2 223 167 180 12 255 40 6 143 72 157 31 112 140
165 104 235 222 84 131 174 208 86 130 112 66 112 200 245 36 120 104 18 203 227 182 30 234 48 14 143 40 93 251 114 168
240 65 107 204 76 2 111 120 113 130 240 10 115 233 181 80 120 236 55 234 232 183 138 206 118 43 231 168 119 186 114 160
