90 48 80 224 35 73 120 80 45 4 178 171 143 31 0 16 166 149 221 128 0 64 144 192 151 217 11 131 102 132 7 19
132 204 148 31 137 171 150 174 158 146 64 17 224 240 41 195 145 118 224 2 100 236 74 63 37 50 85 3 80 121 145 10
66 4 150 157 13 131 180 96 156 2 194 3 228 226 32 199 248 101 234 35 100 193 11 221 16 50 203 3 16 124 57 6
90 50 80 224 34 8 88 16 45 132 176 169 143 31 0 80 166 149 221 128 0 65 128 192 210 241 43 131 38 128 39 19
2 12 6 159 13 199 164 104 148 2 194 3 224 234 32 199 248 100 234 163 100 225 27 253 21 50 203 3 16 124 56 6
3 143 3 158 20 147 170 230 86 0 90 198 96 234 176 196 89 106 19 141 167 152 14 255 32 38 138 128 28 14 48 140
104 48 56 96 33 77 81 16 105 136 52 8 159 23 0 48 132 21 93 8 136 96 176 0 195 217 32 16 66 128 66 35
2 141 2 158 20 131 170 230 22 0 90 2 96 234 48 64 89 106 19 129 2 184 10 255 32 38 138 128 20 14 48 136
3 133 74 207 148 130 172 119 68 1 91 70 113 98 184 96 120 34 19 136 211 152 4 221 36 44 170 192 61 138 248 8
38 165 232 235 212 43 235 217 87 33 121 26 81 73 92 0 89 138 23 177 146 50 73 151 78 141 161 236 245 203 210 128
24 13 78 239 20 18 78 120 132 0 222 2 115 99 176 64 120 228 29 234 72 129 41 173 242 237 163 144 54 186 112 0
161 239 4 30 212 129 134 167 84 18 8 82 96 96 180 5 73 98 2 79 242 76 78 63 40 46 213 64 85 92 208 140
67 0 134 157 12 130 172 104 180 2 210 199 64 234 48 198 120 100 42 175 36 209 23 204 20 34 203 0 28 120 56 4
90 56 18 250 3 205 16 64 169 0 36 9 62 223 96 16 160 51 217 0 2 107 146 225 211 241 2 11 66 0 39 19
90 50 80 224 34 8 56 80 45 128 178 171 143 31 0 80 166 149 221 128 0 65 128 192 150 249 43 131 38 132 47 17
3 135 2 138 20 162 170 99 84 5 91 71 96 234 190 64 121 42 18 165 182 152 12 255 32 46 138 192 156 15 240 132
81 0 135 141 12 2 168 72 236 192 210 198 209 162 176 98 104 196 122 141 1 209 135 192 148 42 206 0 12 168 113 4
83 34 66 161 34 8 40 64 45 0 178 199 141 2 196 80 102 133 127 140 1 65 133 192 148 176 139 128 44 0 35 5
66 4 134 157 13 130 164 96 148 2 194 67 64 226 32 199 248 100 106 163 100 241 11 204 52 50 203 3 24 120 56 6
164 206 132 31 236 171 134 190 214 154 64 245 96 224 161 195 145 102 96 6 100 236 74 63 36 38 101 2 88 121 152 13
90 50 80 224 34 9 120 80 45 0 178 169 143 31 0 16 166 149 223 128 0 64 128 192 150 217 43 131 102 132 7 19
66 0 150 156 13 130 164 104 190 2 194 3 196 226 32 198 240 101 106 161 4 195 131 204 144 50 202 19 16 120 57 6
90 48 80 224 35 8 120 64 45 160 178 169 143 15 64 208 166 149 223 128 8 65 128 192 151 249 11 179 102 132 47 3
182 237 128 26 153 161 22 236 146 150 137 25 66 228 107 18 153 250 201 115 126 71 138 59 57 6 5 127 209 127 158 66
66 0 134 156 13 194 164 104 220 130 194 3 196 242 32 198 248 100 106 163 36 195 147 204 145 50 207 3 16 120 61 6
3 143 2 158 20 131 170 230 86 1 88 198 96 224 180 228 89 106 2 141 167 184 12 255 40 46 138 136 29 10 120 140
72 48 56 96 32 77 81 16 105 136 52 8 159 23 0 48 132 20 93 8 136 96 176 0 195 249 32 16 66 128 66 35
2 141 2 158 20 131 170 230 22 1 88 2 96 232 48 64 89 106 19 129 34 184 8 255 40 38 138 136 20 14 48 136
1 133 75 203 148 163 171 121 68 1 91 86 113 98 184 96 120 10 18 172 211 152 13 221 104 44 170 192 61 138 240 0
38 36 233 195 212 163 171 216 86 163 121 66 81 201 253 40 121 200 19 187 147 182 76 242 28 12 171 228 245 235 112 160
248 69 102 236 28 2 78 120 229 0 214 2 75 107 48 83 120 228 125 234 232 131 9 141 242 235 227 144 55 186 112 0
83 2 134 157 12 2 172 104 254 130 210 198 208 226 48 70 120 229 58 173 5 211 151 204 148 34 206 0 12 120 49 4
90 184 26 250 11 196 80 200 171 17 164 9 62 223 104 82 163 243 253 0 10 75 154 241 211 241 18 59 50 0 39 27
82 50 80 225 34 8 120 80 45 160 178 233 143 31 0 80 166 149 223 132 12 67 129 192 150 249 11 179 39 132 3 1
7 142 99 154 20 163 171 234 86 5 89 199 64 234 180 64 89 106 2 255 182 178 12 255 40 46 171 196 149 11 112 196
81 0 199 141 14 10 232 64 108 192 210 66 221 130 144 114 106 197 122 141 1 211 135 192 148 42 142 0 44 160 49 0
83 34 82 129 34 8 104 64 45 32 178 206 141 10 128 80 110 133 127 140 1 67 133 192 148 176 139 128 12 128 35 5
83 2 134 157 13 2 164 104 254 2 210 67 192 226 32 70 248 100 42 161 4 211 3 204 148 50 202 2 28 120 49 6
82 0 134 157 13 66 164 104 254 134 194 3 196 226 32 70 248 100 106 161 8 211 147 204 149 50 206 3 0 104 53 6
3 143 3 158 20 131 170 230 86 1 88 198 96 234 180 196 121 106 18 141 167 186 12 255 40 38 138 136 29 14 112 140
104 48 56 96 32 76 81 16 105 136 52 40 159 23 0 48 134 20 93 8 136 96 176 0 195 249 32 16 64 128 70 51
2 141 2 158 20 131 170 230 22 1 88 2 96 232 48 64 89 106 19 129 34 184 24 255 41 38 138 8 20 10 48 136
135 142 3 154 20 163 171 216 86 1 89 86 80 194 185 68 121 104 18 255 179 176 12 247 8 46 139 68 157 203 112 160
167 104 235 210 68 131 175 216 86 162 112 74 80 200 245 40 121 232 19 219 163 246 190 234 48 14 143 40 205 251 114 160
248 69 110 236 76 2 78 120 229 0 246 2 123 107 176 83 120 228 125 234 232 131 9 141 242 235 225 144 55 186 112 0
83 0 134 141 12 10 168 104 254 128 194 70 208 226 48 66 112 228 106 141 5 209 151 200 148 34 202 0 61 104 113 4
88 176 56 122 11 196 80 216 171 25 180 41 62 223 104 80 167 147 253 0 10 67 154 241 219 241 53 63 114 0 39 27
82 34 80 161 34 8 120 64 45 0 178 197 141 10 68 208 166 149 127 132 4 67 133 192 148 216 11 146 36 128 43 1
131 141 7 158 20 135 174 226 212 0 90 198 96 234 52 229 121 106 26 239 163 187 30 255 32 38 138 0 29 8 48 140
131 140 7 159 21 134 174 226 212 2 194 2 112 226 52 101 121 102 42 239 97 217 31 255 33 42 203 0 25 104 112 172
