16 34 6 9 73 3 32 72 230 160 226 192 64 130 64 18 104 76 106 128 0 211 207 0 20 2 3 1 73 0 34 128
16 32 134 141 11 2 32 72 230 160 194 2 64 162 32 82 104 196 106 128 8 211 199 64 148 34 130 16 32 40 32 130
16 32 6 13 74 2 161 72 118 128 226 0 0 192 64 130 56 76 106 8 2 243 143 17 20 32 3 8 65 0 43 128
64 32 18 128 73 9 96 64 110 32 242 10 134 130 0 80 104 140 106 128 0 243 195 80 149 32 131 41 65 0 35 128
33 50 7 1 72 15 161 72 230 168 226 108 192 192 192 82 41 76 106 0 5 211 203 16 28 2 37 16 72 0 18 144
88 32 134 12 75 66 32 72 54 164 194 136 67 224 66 22 120 204 234 128 12 211 199 0 20 35 1 33 33 32 46 192
80 32 22 133 9 10 32 64 230 32 226 0 198 130 0 82 104 204 106 128 8 211 129 80 148 32 131 49 96 0 35 130
80 32 6 173 10 2 32 72 230 0 194 34 196 131 160 66 96 204 106 128 0 211 195 144 148 34 130 17 48 8 33 130
97 32 14 9 72 27 161 72 246 176 224 8 208 192 64 48 25 76 106 8 0 195 235 16 28 2 5 60 64 0 2 160
105 50 24 96 33 13 80 16 107 168 176 76 159 27 64 146 132 197 76 28 140 96 208 0 203 249 37 48 74 128 74 3
80 32 134 37 75 15 32 72 54 160 194 136 67 160 64 18 120 204 234 0 0 211 199 0 21 34 1 32 33 0 34 146
48 32 6 9 74 3 32 72 118 160 226 136 64 194 64 16 121 76 98 128 8 211 139 0 25 2 1 32 96 0 34 128
0 32 134 21 72 138 160 72 246 128 226 64 80 224 64 2 56 108 106 0 0 243 143 16 20 32 3 8 65 32 35 128
81 130 207 65 4 2 97 16 100 17 98 66 17 3 208 98 96 4 42 152 19 184 133 0 92 168 178 64 169 136 112 32
48 32 6 9 74 11 160 72 102 160 224 136 128 192 0 80 104 140 106 0 0 211 207 16 21 0 3 57 65 0 98 132
65 226 9 129 2 136 105 0 236 17 130 66 149 2 208 112 98 132 74 216 3 24 133 81 148 32 170 64 40 2 35 32
80 32 6 13 10 11 32 72 100 32 194 202 210 128 0 146 104 196 106 128 0 211 199 64 148 34 2 0 97 0 35 128
81 32 135 133 10 10 40 64 236 160 194 194 212 130 80 82 96 197 106 140 1 209 133 64 156 32 143 0 0 0 35 4
32 32 128 133 78 9 160 72 14 164 224 139 130 128 68 2 104 204 66 5 8 115 207 16 28 0 135 57 97 40 86 130
52 160 148 152 203 199 32 200 86 180 224 10 228 210 104 132 89 120 226 16 2 83 219 21 157 130 7 127 144 8 45 130
64 0 142 157 12 2 96 104 244 128 194 66 80 224 48 98 120 100 106 136 0 241 135 72 21 34 195 0 0 104 112 32
83 161 0 128 3 140 106 64 45 17 162 2 140 2 72 212 96 129 74 220 6 9 148 213 149 0 138 108 0 2 43 12
65 2 143 93 24 2 101 120 244 130 226 64 81 225 160 66 112 100 106 40 41 241 139 13 84 162 231 0 41 248 96 32
32 32 192 172 77 73 160 72 14 164 240 139 130 128 68 2 104 220 66 1 8 115 219 80 29 0 7 57 65 40 86 130
37 206 158 30 152 131 6 184 214 2 98 76 115 224 169 81 17 102 32 42 104 250 11 63 104 166 101 16 80 248 64 8
64 1 134 137 29 214 160 64 228 5 203 2 0 144 100 206 224 4 106 16 30 163 147 64 21 32 146 91 144 10 124 6
20 132 146 30 155 135 22 168 118 19 64 16 102 226 42 80 145 74 160 34 54 192 27 63 169 166 69 79 176 98 168 2
81 32 159 133 10 10 41 64 236 160 194 66 220 130 80 114 98 197 106 136 1 209 133 64 156 34 143 0 32 0 35 36
52 160 4 185 203 3 160 200 22 176 192 10 212 194 96 64 121 24 98 16 2 83 91 17 157 130 143 125 17 8 33 130
81 32 135 133 10 10 40 64 236 160 194 66 212 130 80 114 96 197 106 140 1 209 133 64 156 34 143 0 32 0 35 4
96 32 192 165 78 73 224 72 46 164 240 139 130 128 68 2 104 204 66 5 8 115 207 80 28 0 135 57 97 40 86 130
36 160 20 185 203 195 160 200 86 176 224 10 228 208 104 192 121 24 226 16 2 115 91 17 157 130 7 125 145 8 45 130
64 0 159 221 28 2 97 104 244 128 226 66 80 227 32 98 120 100 106 168 33 209 131 12 21 162 231 0 16 104 112 32
96 32 128 164 78 73 160 72 46 180 240 139 130 192 64 2 105 204 66 1 10 115 219 17 29 0 7 61 65 40 70 130
80 0 159 157 12 2 96 104 244 128 194 66 208 224 48 98 120 228 106 136 0 241 135 76 21 34 195 0 0 40 112 32
36 140 23 30 152 131 6 184 214 130 98 108 115 225 169 81 17 102 32 42 105 242 11 63 40 166 101 0 88 248 66 136
81 32 151 133 10 10 33 64 236 160 194 66 208 162 80 114 96 196 106 140 1 209 133 64 156 34 207 0 0 32 35 36
20 164 148 30 155 151 22 232 118 23 64 16 102 226 40 212 145 74 160 50 50 216 11 63 169 230 21 79 242 98 160 6
32 160 20 185 75 67 160 200 22 176 192 10 212 210 96 192 121 152 98 16 2 83 75 17 29 130 143 125 17 8 33 130
81 32 135 5 8 10 33 72 236 160 194 66 208 162 80 114 97 196 106 140 1 209 135 64 156 34 207 0 0 32 99 4
96 32 132 165 74 75 160 72 54 176 224 139 194 224 64 2 57 204 98 17 10 115 219 16 28 0 15 61 65 40 22 130
52 160 20 153 219 195 160 200 22 176 192 10 196 210 104 192 121 88 226 16 2 83 75 21 157 130 7 125 176 8 37 130
64 2 151 29 12 2 101 104 244 130 226 66 80 224 160 98 120 100 106 168 41 241 139 13 21 34 231 0 16 104 112 32
64 0 158 29 12 2 165 104 244 130 194 66 80 224 32 98 120 100 106 40 41 241 139 13 21 34 231 0 24 104 112 32
20 160 20 153 219 135 32 200 22 176 192 10 196 194 104 64 121 88 226 16 2 83 91 21 157 130 15 125 176 8 33 130
96 32 132 164 74 75 160 72 62 180 224 139 130 224 64 18 57 204 98 17 10 115 219 16 29 0 15 61 65 40 86 130
81 32 143 5 8 10 96 72 236 160 194 66 208 162 80 114 97 196 106 140 1 209 135 64 156 34 207 0 0 32 35 4
64 32 6 4 73 11 32 64 118 160 226 8 192 130 64 212 120 204 106 128 0 243 203 80 21 32 3 41 65 0 35 130
20 164 132 23 155 99 22 200 22 179 64 16 68 242 75 138 17 94 160 18 54 81 139 50 169 6 77 111 160 117 139 134
112 2 4 136 74 73 0 72 86 32 194 206 194 192 0 66 88 204 106 8 8 83 199 16 148 32 129 56 56 8 48 0
212 132 144 30 145 143 22 172 118 23 105 21 102 226 42 80 145 74 160 50 114 73 27 63 41 166 21 87 144 115 163 18
165 204 156 62 216 131 7 190 214 146 96 92 115 224 161 49 17 98 32 46 105 238 14 63 104 47 101 24 120 240 194 8
64 34 4 129 9 11 32 72 230 164 194 10 198 128 96 192 104 4 106 0 8 211 207 24 148 34 131 16 16 8 24 0
80 32 22 141 13 2 160 72 230 32 194 2 196 131 32 66 104 196 106 128 8 211 131 192 148 32 138 17 16 8 49 128
80 32 18 129 74 10 32 64 100 32 198 2 87 130 0 82 96 204 106 136 0 209 133 64 212 32 2 0 32 0 35 128
84 164 132 54 155 39 6 200 22 183 64 25 68 226 73 142 17 94 232 19 50 81 155 51 169 6 77 111 128 113 143 130
96 34 2 136 73 9 32 64 102 32 130 72 134 130 0 86 104 204 106 128 8 67 195 64 148 32 3 57 0 8 42 4
165 110 143 87 140 34 71 184 210 242 98 124 115 225 249 43 25 102 96 46 249 243 175 42 40 47 101 4 201 249 240 32
22 236 148 51 155 99 22 204 54 183 64 17 68 242 75 222 145 95 168 18 54 80 139 51 169 134 93 111 128 117 143 134
165 206 197 126 138 35 71 190 210 146 96 252 115 225 129 59 17 102 32 110 233 230 14 47 96 174 101 24 249 251 194 40
196 164 146 18 145 246 22 172 58 151 11 17 110 242 75 216 145 91 160 50 50 201 155 127 169 22 85 71 128 119 175 6
64 32 4 165 78 11 32 64 44 160 226 74 215 128 64 208 104 140 106 8 8 241 197 0 148 128 35 48 96 8 25 0
121 32 132 5 11 11 32 72 22 180 198 8 195 160 66 212 81 76 106 8 8 210 207 28 156 195 69 53 48 40 10 128
36 140 23 62 152 131 6 184 214 2 96 72 114 225 168 81 17 110 32 42 105 250 11 63 40 166 101 16 80 248 66 184
8 24 148 31 73 255 48 8 206 28 99 1 228 212 39 222 128 48 234 0 6 65 123 29 5 50 65 27 82 15 13 198
20 140 150 30 155 194 6 168 118 19 64 16 102 242 40 84 145 74 32 34 54 200 11 63 169 166 21 79 178 98 164 6
64 162 134 29 8 11 0 200 246 184 194 108 194 224 192 82 81 68 106 0 1 67 203 16 28 34 101 60 24 32 0 18
37 110 142 22 140 34 71 184 210 242 66 80 81 224 249 43 89 102 96 58 249 243 143 42 104 39 101 0 201 249 240 128
178 82 80 232 34 1 94 24 9 0 112 233 15 91 36 148 158 145 149 98 12 34 0 223 130 216 2 186 126 138 9 131
162 86 80 232 98 0 88 20 25 2 112 100 15 27 37 9 150 25 149 34 161 38 0 218 130 216 0 138 126 184 65 131
181 79 207 126 146 35 71 248 80 226 104 236 115 97 185 51 29 230 100 110 233 231 46 46 96 175 101 16 105 243 66 41
36 46 142 23 140 34 134 168 210 178 66 82 80 225 249 11 89 102 96 186 120 211 143 42 104 39 229 4 137 249 240 160
54 228 128 30 155 39 6 232 22 167 136 19 64 227 107 8 17 198 168 178 62 193 29 62 185 6 133 85 179 119 168 2
16 0 6 137 13 75 32 72 118 100 194 6 64 192 34 64 120 132 106 0 4 209 87 16 20 34 131 1 16 8 52 196
48 160 134 29 25 211 66 200 214 228 68 5 98 224 34 68 89 108 226 32 46 211 191 31 11 134 5 5 114 44 38 198
65 48 135 29 88 131 33 72 182 192 66 132 244 228 34 118 85 108 106 4 33 195 187 29 8 162 69 8 24 32 33 148
32 0 15 137 74 3 161 72 86 32 192 143 196 192 34 64 120 76 106 0 3 210 95 17 20 34 131 56 56 8 48 240
32 32 2 137 77 1 160 72 22 36 224 10 0 128 96 208 120 140 98 128 0 243 203 16 20 0 131 41 81 8 122 128
70 236 148 23 137 119 54 200 150 183 0 17 196 246 75 206 145 95 233 18 54 67 154 51 41 22 93 47 130 117 143 134
6 172 148 19 145 247 54 172 62 151 3 17 236 246 74 220 145 91 160 18 54 72 26 119 41 22 93 111 146 87 143 70
16 34 22 137 10 11 160 64 230 32 194 66 196 131 32 66 104 68 106 128 1 211 5 80 148 34 34 0 41 0 33 128
96 32 16 136 73 9 33 72 6 32 224 10 0 0 0 144 72 140 106 128 8 115 201 16 20 0 131 57 81 8 122 130
80 2 6 129 10 8 32 64 108 0 194 66 198 130 0 64 96 4 106 8 0 209 133 0 148 160 3 16 40 0 33 0
117 38 207 119 132 34 71 248 82 178 66 118 83 97 153 43 89 102 96 62 249 242 239 42 104 175 101 4 237 249 240 32
36 78 135 94 140 34 135 184 210 178 66 212 112 225 249 11 89 102 32 46 248 242 143 42 40 38 101 4 197 249 208 32
66 49 134 28 9 214 176 9 138 141 135 1 228 252 71 206 128 117 235 17 20 73 210 64 15 50 207 27 130 46 29 86
165 206 205 94 202 171 6 190 210 146 104 252 243 96 137 51 17 98 32 110 225 244 78 63 32 171 117 0 113 241 194 40
96 32 4 129 12 11 32 64 206 32 194 75 192 130 64 68 104 132 106 0 8 19 197 16 148 32 139 16 16 8 48 132
113 6 79 124 16 34 69 123 112 130 230 252 83 97 160 121 88 228 36 44 185 251 5 14 208 175 113 16 105 232 114 33
84 141 150 26 147 230 22 172 51 147 43 17 106 226 46 84 145 87 160 50 62 73 27 63 41 38 5 95 146 119 175 6
80 0 6 169 76 3 32 72 118 32 194 2 67 194 32 64 120 132 106 136 8 211 71 28 20 34 3 0 48 8 48 0
32 160 148 29 8 139 0 200 86 184 64 8 196 224 64 0 217 76 106 16 2 82 203 25 12 2 69 52 80 40 2 128
88 0 134 60 10 2 0 40 118 128 194 0 67 224 32 82 81 108 104 128 8 211 219 28 24 35 65 12 96 32 32 0
32 0 6 137 72 11 32 72 134 32 194 0 192 192 32 66 72 76 106 0 2 243 219 21 20 34 131 24 16 8 48 128
96 160 134 29 89 10 36 232 182 178 194 0 66 224 64 18 17 100 104 32 32 211 139 24 13 34 69 55 64 96 2 130
80 2 18 129 74 0 33 64 230 32 194 78 134 130 32 66 96 204 106 136 1 211 133 64 148 32 2 0 41 0 35 128
20 172 150 30 153 219 22 172 118 7 73 17 102 240 40 212 145 74 160 34 118 200 11 63 169 166 21 79 208 118 140 14
16 0 6 136 11 67 32 72 198 224 194 6 192 192 34 64 104 12 106 0 10 195 95 29 17 34 3 1 16 8 52 198
33 0 14 153 10 11 33 72 6 32 194 130 209 192 34 66 72 76 106 4 3 211 207 21 20 34 163 24 16 8 48 224
32 48 6 29 73 219 32 72 86 244 100 12 196 144 98 16 89 108 234 0 4 82 251 16 13 0 69 55 80 8 6 214
81 16 142 12 10 2 33 88 118 144 198 36 82 224 162 114 112 76 106 136 9 211 175 0 84 34 99 12 96 32 32 116
48 32 0 137 13 65 160 72 70 36 226 10 130 128 32 68 72 140 74 128 12 163 219 16 149 0 139 59 81 8 53 132
80 0 15 137 8 2 161 64 36 4 194 198 209 130 32 64 104 140 106 136 9 145 193 64 148 32 170 0 57 8 32 160
32 32 18 129 75 73 160 64 110 164 226 10 128 128 96 84 104 12 106 0 0 243 209 16 20 0 3 49 65 8 90 128
68 160 134 28 217 11 34 232 182 160 66 0 98 224 64 86 145 108 104 48 32 211 139 10 29 38 69 103 192 96 34 132
165 206 87 62 152 131 7 184 182 66 96 248 115 225 168 113 17 102 32 42 105 222 11 63 104 166 101 16 120 240 194 168
103 162 132 1 172 11 72 136 107 189 144 249 194 96 221 158 129 196 108 29 158 99 203 16 140 18 237 252 128 236 218 4
49 2 207 101 134 2 69 127 82 227 242 238 83 33 208 43 89 204 36 44 185 250 229 8 88 175 245 4 237 232 242 40
100 160 134 31 217 3 34 232 182 176 66 8 224 224 64 2 145 110 104 48 32 211 203 42 13 38 69 111 192 96 2 130
80 2 70 141 74 2 32 72 54 128 210 226 193 194 160 66 122 196 110 128 8 211 199 64 20 34 163 128 37 136 33 1
100 160 134 31 217 11 32 232 182 176 66 8 224 224 0 2 145 110 96 48 32 210 139 63 13 38 69 111 192 96 2 130
105 34 16 32 41 29 80 16 107 168 178 76 159 19 64 146 132 197 108 28 140 96 193 0 203 249 37 50 74 132 74 3
64 160 134 29 91 10 38 232 182 178 194 8 68 224 64 66 17 108 104 32 32 211 139 25 12 34 69 55 64 96 2 130
102 162 132 129 172 9 72 136 107 189 144 249 195 32 221 158 129 196 108 29 158 67 207 16 156 146 197 253 132 172 222 4
113 2 207 125 18 10 65 115 116 97 230 252 83 33 128 121 124 196 36 44 185 250 101 12 208 175 112 80 233 168 114 48
81 194 79 97 6 128 97 16 102 17 98 102 209 3 192 106 96 140 42 152 11 184 231 0 76 169 178 64 169 128 112 32
113 22 235 108 146 2 71 127 80 227 246 254 115 33 144 51 29 230 68 172 185 251 229 14 248 239 117 144 237 232 242 121
193 96 73 129 10 136 105 84 236 0 130 66 181 2 208 112 98 8 74 216 3 5 135 83 212 32 170 104 40 128 99 160
78 57 180 31 57 220 176 9 138 220 131 9 236 252 70 198 132 117 251 17 22 65 250 193 13 54 15 59 2 38 13 87
35 64 81 234 98 32 92 4 25 2 48 232 159 59 37 25 142 153 21 70 1 34 0 232 128 216 90 154 220 217 1 137
178 4 80 232 38 2 94 8 25 2 112 179 15 43 37 148 214 153 21 98 100 36 64 238 162 248 0 34 86 249 9 1
32 160 20 153 75 199 176 200 150 180 240 10 100 208 96 132 249 24 234 16 2 99 219 145 29 128 7 127 16 8 45 134
210 104 2 128 17 205 98 64 105 36 160 10 134 2 2 212 232 129 74 237 78 3 16 87 149 0 138 105 0 4 43 6
80 2 143 205 12 2 33 120 118 128 226 70 81 227 160 66 120 196 106 168 33 209 131 12 84 162 231 0 41 40 112 32
6 172 148 19 153 245 54 172 190 151 64 17 204 246 79 156 145 123 160 16 54 88 154 119 47 22 93 111 146 85 141 70
80 33 2 136 29 84 160 64 236 13 130 0 130 144 102 196 232 4 234 112 14 3 144 192 145 32 138 91 0 12 63 134
181 78 207 126 146 34 71 248 82 226 110 236 115 97 153 59 29 238 100 46 233 243 173 47 112 175 101 20 233 251 98 49
112 32 0 141 79 73 160 72 170 164 176 11 2 128 64 146 104 204 234 1 8 115 219 80 29 32 7 59 65 40 78 130
72 17 148 30 9 221 176 8 142 12 231 1 236 212 39 198 128 49 234 0 6 1 250 49 5 50 1 27 82 47 13 87
65 34 159 133 10 10 105 64 108 160 226 74 220 130 144 114 98 196 106 136 1 209 133 64 148 34 171 0 40 32 35 32
70 160 148 22 203 85 20 200 154 182 0 9 196 246 75 142 145 95 233 18 86 67 155 48 29 18 79 127 128 116 15 134
53 166 207 117 156 10 103 248 118 242 194 246 83 225 145 43 89 228 104 46 185 241 237 10 120 47 101 4 237 248 240 32
36 160 22 153 203 207 32 200 22 176 224 10 196 210 96 132 89 28 234 16 2 83 91 29 29 130 13 127 16 8 45 130
80 2 143 93 72 2 33 120 118 128 226 66 82 225 160 66 112 100 106 40 9 241 139 12 84 34 231 0 40 104 96 32
6 172 148 18 145 243 22 172 190 183 2 17 236 242 75 221 145 95 160 50 54 88 155 127 41 22 93 103 146 119 143 70
181 206 207 126 138 35 71 184 82 226 96 236 115 225 185 59 25 102 100 46 233 226 46 47 96 175 101 16 233 241 66 41
112 32 132 141 75 75 160 72 166 164 160 11 6 128 64 146 104 220 234 1 8 115 219 16 157 0 15 57 65 40 6 130
65 32 143 5 10 10 97 64 100 160 194 72 208 130 208 114 96 196 106 136 1 209 135 64 156 34 143 0 40 32 99 32
70 164 148 23 139 85 22 200 146 183 0 1 228 246 75 138 145 95 233 18 54 65 155 59 41 6 79 111 128 116 15 134
117 166 207 119 140 2 6 248 82 242 194 102 83 225 145 43 89 102 96 62 185 243 175 42 104 47 101 4 233 248 112 32
32 32 20 137 75 75 160 72 22 176 192 10 196 192 96 128 121 28 226 16 2 83 91 17 29 128 15 61 16 8 45 130
70 172 148 26 145 255 22 172 62 23 74 17 110 240 14 212 145 111 160 50 54 72 27 63 169 54 21 103 208 119 143 70
165 206 207 126 152 35 71 184 18 194 96 236 115 225 185 17 21 102 100 42 233 192 14 63 40 175 101 24 120 240 66 40
80 2 143 77 12 2 33 72 118 128 194 66 208 224 160 66 120 196 106 136 9 211 131 68 20 34 231 0 41 40 112 32
70 172 148 18 145 247 22 172 62 147 10 17 108 226 111 220 145 95 160 50 54 192 27 127 41 22 29 103 146 119 141 6
165 206 207 126 138 35 71 184 82 130 96 236 115 224 185 59 17 102 36 46 233 224 46 47 104 175 101 56 253 249 66 40
81 34 143 5 12 10 33 64 100 160 194 66 208 130 144 114 96 196 106 136 1 211 135 64 156 34 143 0 41 32 115 32
6 164 148 23 153 71 22 200 150 183 0 1 228 246 75 143 145 94 232 48 54 81 155 59 41 6 77 111 146 116 13 134
117 38 206 119 140 2 7 184 82 178 66 100 83 225 145 43 89 102 96 62 185 243 143 42 104 175 101 4 237 248 112 0
4 172 148 27 153 151 18 232 182 181 64 17 230 226 104 212 145 110 234 48 50 80 27 63 41 166 85 111 210 36 133 6
49 132 206 63 24 3 7 184 86 194 98 100 115 225 160 81 81 102 32 42 105 243 11 63 96 174 101 0 120 240 64 0
32 160 20 153 75 143 32 200 22 180 192 10 68 194 96 0 89 92 226 16 2 83 91 17 29 128 13 125 16 8 37 130
80 0 134 77 12 2 33 104 118 128 194 66 208 224 128 66 120 68 106 40 9 243 135 12 84 34 231 0 41 40 112 32
6 172 148 26 153 227 22 172 54 183 0 17 108 242 107 92 145 79 160 48 54 64 27 63 169 22 29 111 146 117 141 70
48 32 0 141 79 73 160 72 46 160 160 11 2 128 64 18 104 204 106 1 8 115 203 80 29 0 15 57 65 40 86 130
81 32 135 133 74 10 97 64 108 160 194 66 212 130 16 82 96 196 106 136 1 211 133 64 148 34 139 0 40 32 35 32
6 160 148 23 139 71 20 200 150 179 0 1 196 240 75 138 145 94 232 48 54 83 155 57 9 2 77 111 128 116 31 134
117 166 143 85 140 2 38 248 82 178 66 70 83 225 145 75 89 100 104 58 185 211 175 10 40 47 229 4 225 248 112 32
4 172 150 30 153 211 22 168 182 55 64 16 230 224 40 208 145 110 160 48 54 208 11 63 41 166 85 111 208 96 141 6
49 142 135 62 24 3 7 184 86 130 98 72 115 225 168 81 17 102 32 42 105 210 11 63 32 166 101 16 120 240 66 32
32 32 20 137 75 11 160 72 22 176 192 10 196 192 96 128 121 156 98 16 2 83 75 16 29 128 15 61 17 8 45 130
64 2 143 93 12 2 33 104 118 128 226 66 82 224 160 66 120 100 106 40 9 243 139 12 84 34 231 0 41 40 112 32
112 32 132 141 75 75 160 72 54 160 224 11 130 128 64 2 120 204 98 1 8 115 219 16 29 0 15 57 65 40 22 130
81 32 143 5 8 10 33 64 100 160 194 74 208 130 80 82 96 196 106 136 0 211 135 64 148 34 143 0 40 32 99 0
6 164 132 23 139 7 22 200 22 183 64 1 196 224 75 14 145 94 160 51 38 80 155 58 41 6 77 47 130 116 29 134
116 166 134 87 140 2 7 184 82 178 66 70 80 225 145 11 89 102 96 62 185 211 143 42 104 38 229 68 233 248 112 0
4 140 150 30 153 135 22 168 54 23 64 17 102 224 42 80 145 110 160 32 50 192 27 63 41 166 69 79 208 96 132 66
37 140 134 62 152 3 7 184 22 194 98 76 115 225 168 81 17 110 32 42 105 208 11 63 104 166 101 16 120 240 2 0
22 164 132 23 155 23 6 200 22 183 64 2 64 228 105 142 145 94 160 51 114 80 155 58 169 6 205 47 160 116 20 134
101 174 142 87 140 2 6 184 210 178 66 114 80 224 249 43 81 102 96 59 177 209 143 40 104 35 229 4 173 248 240 0
0 176 150 29 9 195 16 200 214 252 192 5 226 244 32 2 89 124 234 0 6 195 219 29 9 2 5 62 80 8 36 214
17 0 142 29 10 130 33 120 246 192 198 128 83 228 162 98 81 108 106 44 41 211 239 28 72 163 101 0 96 160 48 224
32 32 14 13 73 91 32 72 22 244 198 9 64 192 66 20 121 76 226 0 4 210 235 16 28 3 5 63 16 8 14 212
65 18 135 13 72 11 33 72 118 224 194 108 64 224 160 86 112 76 106 4 1 211 187 16 20 34 69 0 72 32 112 84
81 32 4 13 11 8 33 72 102 32 194 136 194 2 2 210 104 204 106 128 8 211 197 64 148 32 130 49 65 0 43 128
48 34 6 1 72 9 160 64 102 160 226 76 130 128 64 80 104 132 106 0 8 243 197 16 148 0 3 24 73 0 35 128
81 34 6 129 8 11 32 64 230 32 194 10 198 130 96 192 96 4 106 0 8 211 199 16 148 34 131 56 16 8 25 0
96 32 0 137 75 11 32 72 70 32 194 202 194 128 0 66 104 204 106 8 8 114 207 16 148 32 1 49 48 8 18 128
16 32 22 9 74 11 160 72 230 32 226 2 208 128 32 194 104 76 106 136 0 241 135 0 20 32 2 0 97 8 33 128
48 32 150 21 26 139 0 72 86 184 194 0 66 224 0 2 25 108 106 16 8 209 73 28 12 130 37 52 48 40 2 128
72 0 134 28 73 130 32 8 246 128 194 8 64 225 96 210 81 108 106 0 8 211 203 25 24 34 69 9 66 32 50 0
96 32 2 136 76 1 32 72 198 0 194 74 208 130 32 64 104 140 106 136 8 3 203 16 20 32 130 56 16 8 48 128
16 0 6 169 14 11 160 72 100 32 194 2 199 128 32 64 104 12 106 8 0 177 197 0 149 160 130 0 48 8 16 128
64 32 6 12 72 13 32 72 54 40 226 72 65 194 0 16 120 204 106 128 0 211 197 64 21 34 2 40 65 8 34 130
40 32 14 9 72 27 161 72 118 160 226 8 80 128 192 112 120 12 106 0 0 243 175 16 84 1 3 40 65 8 51 160
121 138 205 117 18 10 67 50 112 99 230 254 115 33 144 112 120 198 108 44 185 250 101 15 244 239 240 208 237 168 114 56
145 194 77 97 6 136 97 20 102 17 102 230 147 3 208 120 96 140 46 152 139 180 231 17 68 169 178 64 41 128 112 168
66 49 176 28 57 220 146 0 142 140 133 9 236 220 70 198 128 117 249 81 6 65 218 201 137 52 15 123 2 38 13 87
121 190 233 101 22 10 71 119 80 227 254 254 115 33 144 51 125 230 92 172 185 255 229 14 250 239 245 144 237 232 82 120
1 98 89 201 10 169 107 20 238 0 0 66 157 131 209 104 34 8 74 218 3 4 166 115 196 8 186 104 56 145 1 32
178 4 80 168 135 42 94 3 25 2 120 147 15 42 52 148 187 131 4 165 44 48 80 202 144 248 2 35 245 120 137 4
40 176 22 152 73 223 176 200 150 180 128 9 228 210 98 132 217 56 234 16 6 99 219 17 29 18 7 63 82 12 45 134
7 9 217 168 224 1 76 64 9 130 48 200 188 10 45 24 134 179 22 140 1 3 0 200 128 154 110 184 156 216 1 1
242 36 2 128 17 85 66 64 41 36 160 25 6 18 34 212 232 129 206 163 78 151 16 215 177 144 138 35 1 4 46 70
81 2 207 109 10 2 97 88 118 128 226 102 83 227 128 98 120 204 42 136 137 240 239 12 84 163 227 0 105 160 96 160
6 168 148 27 153 221 54 204 191 183 0 17 236 246 79 140 145 91 235 17 54 64 154 115 45 22 95 111 146 116 143 198
113 162 207 117 22 138 97 51 112 225 247 254 115 33 144 48 56 228 100 140 169 248 229 13 220 175 241 192 109 136 82 56
74 249 180 19 41 221 178 138 174 125 142 9 172 222 71 134 133 119 251 83 6 73 251 245 15 20 27 123 82 7 13 94
53 6 207 126 130 2 71 248 80 226 242 236 115 97 145 59 93 230 100 46 233 243 175 46 248 175 101 144 237 248 114 33
96 32 2 140 79 77 160 72 174 164 240 11 134 208 64 150 233 220 234 0 8 115 219 80 21 0 11 59 65 8 14 130
240 17 18 136 25 213 144 72 204 4 132 9 134 144 38 196 208 184 202 113 4 3 208 194 145 48 10 63 16 12 45 70
81 34 15 133 10 10 97 80 238 160 226 68 209 130 208 114 104 204 106 136 129 209 133 64 212 32 163 0 40 128 99 160
66 120 52 26 9 221 178 8 174 60 141 9 236 214 71 132 129 51 235 67 6 1 123 113 7 16 11 59 82 7 13 86
78 160 150 150 201 87 52 232 190 183 128 9 196 246 74 134 145 95 235 16 6 67 219 112 29 18 79 127 130 100 15 198
117 162 207 117 142 10 101 184 118 242 194 230 83 225 208 98 121 204 104 44 169 240 239 8 92 171 101 4 237 232 114 32
32 32 22 153 75 71 48 72 22 180 224 10 196 208 96 196 121 8 234 0 6 115 91 17 29 130 7 63 16 8 45 130
32 32 20 153 75 79 176 72 22 180 224 10 196 210 64 132 121 24 234 16 6 115 219 17 29 130 5 63 16 8 45 130
16 34 143 77 8 2 33 88 246 160 226 68 81 163 160 82 120 196 106 8 9 241 167 8 84 35 230 0 40 168 96 32
6 188 150 27 153 215 54 168 190 183 64 1 236 242 111 156 145 123 224 16 54 80 155 63 41 22 69 111 146 116 13 70
53 150 207 126 138 34 71 184 82 194 226 236 115 225 185 59 29 238 100 46 233 243 175 63 240 175 101 148 233 248 66 33
96 32 0 129 79 73 160 72 38 164 240 11 134 128 64 144 104 140 234 128 8 115 211 80 21 0 11 57 65 8 110 130
17 32 15 133 14 10 225 64 108 160 226 66 213 130 144 114 104 196 106 136 1 209 133 64 148 32 171 0 41 0 99 32
70 160 150 22 137 215 52 200 150 182 64 9 196 246 75 142 145 127 232 18 38 83 155 59 9 22 77 111 130 116 15 134
117 166 207 117 158 2 71 248 86 242 198 230 83 225 145 43 25 236 104 44 169 243 239 10 124 47 101 20 237 248 112 32
32 32 22 137 75 79 32 72 22 180 224 10 196 210 96 192 121 28 234 0 2 243 219 17 29 128 7 63 48 8 45 130
6 172 148 26 153 223 22 168 62 183 64 17 110 242 111 212 145 122 160 16 54 88 155 63 41 22 85 111 210 36 141 70
113 142 207 126 24 2 70 184 210 242 98 236 115 225 185 113 21 230 96 46 233 242 47 63 96 239 101 20 120 240 66 32
80 34 143 77 8 2 32 72 246 160 226 70 80 227 160 66 120 196 106 136 1 241 131 12 84 34 227 0 8 40 112 32
117 142 207 126 154 2 71 184 210 178 98 236 115 225 185 59 21 230 96 46 233 242 143 47 104 175 101 16 233 240 66 32
32 32 0 141 75 73 160 72 38 164 224 11 134 128 64 146 104 204 234 0 8 243 219 16 29 32 15 57 97 40 30 130
81 34 143 5 8 10 33 64 100 160 194 66 208 130 144 114 104 196 106 136 1 209 133 64 148 34 163 0 8 32 115 32
86 160 132 23 139 87 20 200 22 182 64 9 68 242 73 142 145 94 233 18 6 83 219 57 25 2 77 127 130 116 15 198
37 166 143 85 152 2 37 248 214 242 194 224 83 225 209 107 81 100 104 44 169 241 175 8 104 35 101 68 236 248 112 32
4 164 148 27 153 199 22 168 62 183 64 1 102 242 107 212 145 106 160 16 54 80 27 63 41 22 69 111 210 36 13 70
113 142 199 126 24 2 71 184 214 242 98 236 115 225 169 113 17 102 96 46 169 242 47 63 96 174 101 16 120 240 66 33
86 160 148 23 139 87 22 200 22 182 64 1 68 242 75 142 145 94 232 18 38 81 155 59 9 6 77 111 128 116 13 134
37 166 207 117 152 2 68 184 210 178 66 228 83 224 145 43 81 100 104 44 185 243 175 8 104 42 101 4 232 248 112 32
96 32 6 13 75 74 32 72 230 100 194 12 194 130 2 86 72 204 106 128 12 211 221 16 21 32 131 49 0 0 54 84
65 32 6 1 10 9 33 72 102 224 194 44 210 128 194 82 104 196 106 0 9 241 207 16 20 0 3 24 96 8 18 208
17 66 77 123 6 138 97 20 102 81 119 230 243 3 144 120 98 136 46 156 139 180 103 1 196 169 178 64 125 138 64 40
113 158 237 117 18 42 99 50 112 107 246 254 115 33 144 50 125 230 92 172 185 186 229 47 252 239 240 208 237 168 82 57
58 32 22 169 11 95 16 72 22 180 192 3 203 210 34 196 249 28 234 0 14 209 91 157 153 227 7 55 18 12 45 134
50 16 2 160 129 119 20 98 57 46 224 25 14 22 38 213 232 139 198 163 44 155 16 142 145 208 138 23 65 84 46 70
210 56 48 158 57 221 146 8 142 140 133 9 236 220 71 198 128 121 249 81 6 67 218 255 177 48 11 59 18 6 15 70
81 2 207 109 0 2 97 120 116 192 226 230 83 99 160 114 112 196 106 172 169 240 39 12 84 171 227 0 41 168 112 32
3 1 217 162 226 0 31 4 25 128 49 200 156 2 160 32 150 115 22 79 81 10 4 232 160 152 46 184 28 154 129 161
146 1 212 245 135 134 76 1 25 6 112 19 79 43 54 156 170 161 21 129 60 188 16 192 151 250 218 3 241 0 201 134
14 168 148 27 153 221 178 136 190 181 0 17 236 254 111 140 145 91 233 17 54 73 155 243 143 86 95 111 146 116 143 198
117 6 207 124 178 2 79 248 80 226 246 238 115 97 145 49 95 236 116 46 233 243 237 14 248 175 101 148 237 248 114 49
114 20 18 136 25 221 16 70 157 6 192 9 142 212 38 213 216 185 206 49 44 7 82 206 177 48 10 59 16 12 45 86
70 160 148 30 201 85 180 232 186 182 0 9 236 246 74 134 145 95 235 17 6 67 155 113 29 50 79 63 130 100 15 198
117 166 207 101 156 10 101 248 118 242 226 230 83 97 144 115 57 196 108 44 169 241 173 12 124 235 229 132 237 232 82 32
0 176 22 153 73 223 48 200 150 180 194 9 196 210 98 132 217 60 234 0 6 83 91 17 29 2 5 63 80 12 45 134
113 2 143 45 74 2 33 88 118 128 226 102 83 225 160 114 120 76 106 12 9 243 199 8 84 163 99 0 121 168 112 160
6 172 148 27 153 215 50 136 190 181 64 17 236 246 78 140 145 95 233 17 54 80 155 119 41 22 77 111 146 100 143 6
53 6 207 126 138 2 71 248 82 130 98 236 115 225 177 51 29 230 100 46 233 243 175 46 232 175 101 144 237 240 82 49
78 160 148 29 201 87 52 232 150 182 192 9 204 246 74 134 145 93 235 17 6 83 219 17 29 50 77 63 130 100 15 198
117 162 207 117 142 3 69 248 118 242 194 238 83 225 208 34 25 76 104 44 169 243 239 8 92 171 101 4 237 232 114 32
6 188 148 27 153 215 18 168 190 181 66 17 236 246 111 221 145 127 224 17 54 208 155 127 41 22 69 111 146 100 141 70
53 6 207 126 154 2 71 248 82 194 98 236 115 225 185 59 19 110 100 46 233 243 175 47 232 175 101 144 253 248 82 33
50 16 18 184 41 221 16 73 141 142 224 25 142 212 38 212 216 185 206 33 12 3 82 216 145 246 10 59 16 44 143 86
