112 32 22 129 75 11 32 72 238 164 226 11 70 130 96 210 232 204 106 128 4 211 155 208 149 32 7 59 1 0 43 130
16 32 6 141 8 10 160 72 174 160 194 131 196 130 32 194 104 196 106 128 8 211 131 208 149 34 138 17 0 8 49 130
80 0 150 157 11 131 160 72 230 128 226 11 198 194 32 194 104 237 106 128 12 227 155 208 149 160 11 27 1 0 43 134
68 160 145 208 173 237 81 203 239 123 161 24 142 146 76 62 137 19 106 16 27 111 250 209 157 144 19 127 208 73 199 38
48 0 6 137 77 75 160 72 142 32 242 10 196 192 32 198 104 204 106 129 4 243 219 208 149 34 139 25 17 8 51 130
113 21 127 101 52 14 71 48 100 8 255 68 115 49 128 112 84 244 28 106 201 176 113 12 227 175 32 16 104 171 80 35
249 85 28 100 45 13 87 48 225 168 191 72 119 49 1 51 140 244 108 106 104 99 208 12 243 233 96 48 106 250 74 11
32 32 6 137 73 11 160 72 126 164 240 10 194 192 68 84 121 204 106 0 8 243 219 80 21 2 7 57 65 8 103 130
1 68 127 101 52 143 99 48 116 8 127 96 247 17 144 96 22 60 6 110 129 176 33 14 100 175 32 0 96 139 64 161
96 32 214 133 74 11 32 72 238 160 226 43 198 130 96 210 104 204 106 0 4 211 143 80 148 32 7 59 33 0 47 134
80 2 134 157 10 131 32 72 182 128 242 235 195 194 224 194 122 237 110 128 12 195 207 208 148 162 235 153 37 128 43 128
98 34 4 169 44 9 200 72 143 60 176 201 162 200 244 148 201 128 110 5 10 99 203 145 144 144 163 185 80 8 90 132
105 34 16 96 41 29 80 16 107 168 176 73 143 11 68 146 132 197 76 12 140 98 200 144 219 217 37 50 74 132 74 3
0 225 88 233 114 136 123 24 62 1 108 128 181 3 8 80 54 25 23 200 66 144 129 85 68 173 34 224 48 130 3 169
32 32 3 1 72 11 160 64 118 160 226 72 64 192 96 80 120 76 106 0 0 242 195 16 20 0 1 48 80 8 2 128
80 128 154 165 18 10 106 45 62 5 202 0 215 162 8 80 114 197 44 128 28 152 145 7 217 231 58 69 32 2 173 10
48 32 6 9 75 3 32 72 118 160 226 8 64 128 96 16 120 204 106 128 0 211 143 0 20 2 1 0 97 0 34 130
0 32 6 29 72 139 160 72 246 128 226 0 64 192 64 2 56 108 106 0 2 211 135 1 20 32 3 0 64 0 35 128
80 34 18 128 74 10 32 64 102 32 194 70 70 130 32 86 96 204 106 136 1 83 129 64 148 32 2 8 40 0 35 128
32 50 6 17 72 11 160 72 230 184 194 108 192 192 64 18 9 76 106 0 1 211 203 16 28 2 5 60 72 0 18 144
32 32 18 156 77 205 144 104 158 188 240 10 46 208 100 149 216 185 194 34 64 103 26 221 17 16 73 63 80 40 15 134
114 0 68 200 79 203 224 103 41 52 240 27 2 25 4 27 232 149 194 129 8 190 81 196 21 162 80 19 101 8 118 138
88 32 134 45 74 10 32 72 54 164 198 136 67 224 130 86 120 204 106 136 8 211 207 0 20 35 65 1 33 32 42 196
36 160 22 152 207 199 128 200 150 176 224 10 196 208 104 132 217 216 226 16 2 115 91 149 29 130 143 127 145 8 45 134
81 2 143 221 12 2 101 120 244 130 194 66 209 227 160 67 120 228 106 168 33 209 143 77 84 162 231 0 41 232 113 32
96 32 196 172 79 75 160 72 30 180 240 139 130 192 68 130 121 220 226 17 10 115 219 80 29 0 7 63 65 40 94 130
32 32 2 1 73 9 160 64 102 164 226 10 64 128 96 84 104 12 106 0 0 242 195 16 20 0 3 49 65 8 74 128
96 32 14 1 72 9 33 72 126 160 226 8 18 128 64 80 120 12 106 0 0 211 223 16 20 0 3 56 65 0 98 160
81 32 159 133 10 10 41 72 236 160 194 66 221 162 208 114 98 197 106 140 1 209 135 64 156 34 239 0 40 32 35 32
80 32 6 36 74 74 32 72 228 32 226 137 195 128 0 82 104 204 106 0 0 211 213 64 21 32 2 0 97 0 39 130
80 32 18 1 74 8 32 64 100 32 194 2 87 130 0 82 96 204 106 136 0 211 133 64 212 32 3 0 32 0 33 0
96 32 1 1 72 13 160 64 198 160 226 74 192 128 64 16 104 140 106 0 0 115 195 16 21 0 3 56 81 8 66 130
113 2 207 77 4 2 97 17 100 49 103 66 83 3 160 122 96 4 42 152 25 184 133 4 92 171 242 64 233 136 112 32
96 32 6 1 74 9 32 72 118 160 226 72 2 128 64 208 120 140 106 0 0 211 207 16 20 0 3 57 65 0 98 128
65 160 25 129 74 136 41 0 238 17 203 64 157 130 216 112 98 129 74 152 3 28 133 81 148 32 170 64 40 2 35 32
80 32 6 5 74 10 32 72 236 32 194 136 194 130 0 210 104 204 106 0 0 211 197 64 148 32 2 0 64 0 43 128
112 34 2 137 73 9 96 72 230 32 194 76 130 130 0 214 96 204 106 136 8 67 193 0 148 32 3 57 8 0 34 0
96 34 0 33 76 9 32 64 36 160 226 10 198 128 64 208 104 4 106 0 8 243 197 0 148 0 35 48 96 8 27 128
164 140 30 62 152 131 70 184 214 2 96 72 115 225 40 81 17 106 32 42 105 250 11 63 104 135 101 16 88 248 66 128
65 32 18 136 89 4 168 73 228 0 192 0 28 146 112 240 224 141 106 188 5 3 146 80 145 32 138 76 8 0 43 132
0 128 150 220 77 212 32 8 206 20 100 0 228 210 41 206 193 36 170 80 6 33 218 17 13 176 3 15 18 42 109 134
8 128 22 184 9 205 48 72 142 156 96 0 228 211 105 132 144 56 234 64 2 65 26 17 13 144 65 47 18 40 13 130
32 32 2 41 77 77 160 72 132 36 240 11 2 153 36 10 232 20 235 33 8 163 211 0 85 32 18 59 81 8 118 138
20 140 150 62 155 142 6 172 118 23 64 16 102 226 40 80 145 74 32 0 50 200 27 63 169 166 21 79 80 96 132 2
20 160 20 185 219 195 160 200 86 176 224 10 196 210 104 192 121 88 226 16 2 83 75 21 157 130 7 127 144 8 45 130
64 2 159 93 12 2 101 104 244 130 226 66 80 225 160 98 120 100 106 168 41 241 139 13 20 162 231 0 24 120 112 32
96 32 112 65 108 9 232 64 105 36 240 139 131 9 20 16 234 133 71 1 8 115 196 192 21 152 130 49 101 136 86 130
96 32 192 164 76 9 160 72 42 164 240 139 130 128 68 18 104 204 66 1 8 115 219 80 29 0 7 57 97 40 70 130
198 164 150 18 145 246 22 174 58 151 11 17 108 242 75 220 145 91 160 18 54 200 154 119 169 54 29 71 130 119 141 6
181 110 205 126 138 35 71 188 208 194 96 252 115 224 153 59 25 230 4 110 233 102 46 47 96 175 101 56 125 251 82 168
81 32 151 133 10 10 40 64 236 160 226 66 222 130 80 114 96 197 106 140 1 209 133 64 156 34 143 0 32 0 35 4
86 236 132 22 155 103 54 200 150 183 64 17 68 246 75 142 145 95 233 18 54 81 155 51 169 6 205 111 128 117 143 134
117 46 142 87 140 34 103 184 210 178 194 86 83 225 217 43 89 102 96 58 185 243 143 42 104 42 101 4 237 249 240 32
20 172 150 30 153 159 22 172 118 23 64 17 102 224 42 212 145 74 160 2 50 200 27 63 169 166 21 79 210 98 141 6
165 204 30 62 152 131 7 184 214 2 98 236 115 225 168 81 17 102 32 42 105 218 11 63 104 167 101 16 120 240 66 136
20 160 20 155 219 135 32 200 22 177 192 10 100 210 104 196 89 90 226 16 2 83 91 53 157 130 7 127 176 8 41 130
64 6 159 93 28 2 165 104 244 130 226 64 82 225 160 99 120 100 106 42 41 241 139 13 116 162 231 0 88 120 112 32
37 78 142 31 140 34 134 184 210 146 66 68 240 224 185 11 89 102 32 62 160 224 207 42 40 35 245 12 192 121 80 0
96 32 128 165 74 73 160 72 42 180 224 139 130 224 68 18 105 204 66 21 10 115 207 16 29 0 7 61 97 40 86 130
81 32 135 5 10 10 33 64 236 160 194 66 212 162 80 114 97 196 106 140 1 209 133 64 156 34 207 0 40 32 35 4
22 228 132 55 155 115 22 200 22 183 64 16 68 242 105 142 145 94 160 18 54 80 139 51 169 6 93 111 144 117 141 134
37 110 135 86 140 34 71 184 210 178 66 80 81 225 249 43 89 102 96 58 249 243 175 42 40 38 101 4 205 249 240 160
52 160 20 153 219 195 160 200 22 176 192 10 196 210 104 64 121 88 226 16 2 83 75 21 157 130 143 125 176 8 37 130
156 132 144 30 155 203 22 172 118 23 109 17 102 226 42 84 145 74 160 50 114 73 11 63 105 166 21 87 146 114 173 2
165 204 215 94 216 131 6 190 214 146 98 252 115 224 160 113 17 98 32 42 105 238 11 63 40 174 101 16 120 240 194 8
64 0 159 29 12 2 164 104 246 130 194 66 80 224 160 98 120 100 106 168 33 241 139 13 21 34 231 0 16 104 112 32
96 32 132 133 74 11 160 72 22 180 224 139 194 192 64 2 121 204 98 21 8 115 223 16 29 0 15 61 97 40 86 130
81 32 142 5 8 10 32 72 236 160 194 66 212 226 80 114 96 196 106 140 1 209 135 64 156 34 207 0 8 32 35 4
30 228 128 22 155 39 22 200 22 183 8 17 68 242 107 200 145 78 160 178 54 65 155 58 41 6 77 47 144 119 169 6
37 78 142 30 140 34 134 184 210 154 66 84 112 225 241 11 89 102 32 62 232 243 143 42 104 38 101 4 205 249 208 0
36 160 4 153 203 67 160 200 22 176 192 10 196 192 96 192 121 152 98 16 2 83 75 17 29 130 143 125 49 8 37 130
212 140 144 30 147 146 22 172 118 23 107 16 102 226 40 208 145 74 160 34 118 201 11 63 169 166 21 87 176 115 165 6
165 206 148 94 200 139 6 190 214 146 96 216 115 224 160 49 17 98 96 42 105 236 14 63 40 38 101 24 120 240 194 8
81 0 135 157 12 2 160 104 244 128 194 66 208 224 32 98 120 228 106 136 1 209 135 72 21 34 199 0 17 104 112 32
96 34 192 133 78 9 224 72 46 164 224 139 130 128 68 18 104 204 66 5 8 115 207 80 28 0 135 57 65 40 86 130
81 32 135 133 10 10 104 64 236 160 226 194 196 130 80 82 96 197 106 140 1 209 133 64 156 32 143 0 40 0 35 4
80 32 2 0 74 10 32 64 118 160 194 2 66 130 32 82 112 204 106 136 0 211 139 64 20 32 3 0 32 0 35 128
22 236 132 22 155 99 22 200 22 179 8 19 64 242 107 76 17 78 160 178 62 209 27 62 169 6 77 119 176 119 184 2
112 0 2 137 76 9 0 72 36 32 194 138 195 128 0 80 104 140 106 8 8 211 199 0 148 32 138 24 48 8 16 0
96 32 4 137 12 11 32 72 206 32 194 10 134 128 0 64 72 132 106 1 8 209 65 16 148 32 138 16 16 8 16 4
165 206 197 127 130 139 71 190 210 146 104 220 115 97 137 19 21 106 32 110 225 124 110 63 100 138 117 32 113 241 194 168
81 16 142 13 10 2 33 72 118 224 198 164 82 224 162 66 112 204 106 128 9 211 175 0 144 34 97 0 96 32 32 80
40 32 132 45 73 75 1 72 22 180 196 8 194 160 66 150 89 204 234 0 12 210 203 16 28 3 5 61 18 8 14 128
80 18 135 13 8 11 32 72 118 168 194 100 194 224 128 66 113 68 106 0 9 209 203 16 28 34 101 16 72 32 112 16
33 0 6 137 76 11 161 72 134 0 194 134 208 192 32 64 104 12 106 0 1 227 199 16 20 34 138 24 17 8 48 128
18 208 81 160 2 45 152 70 9 3 176 207 29 14 68 132 110 145 151 177 11 6 80 192 149 148 154 242 61 16 3 156
32 48 132 29 73 219 160 72 214 244 224 12 192 192 66 2 89 108 234 0 4 211 251 16 29 0 5 61 80 8 6 214
88 0 134 13 9 2 32 72 118 160 194 0 67 161 32 66 112 196 106 128 8 211 143 0 25 163 65 1 97 32 96 0
32 32 132 29 72 139 160 72 214 184 192 72 208 192 64 2 89 108 106 0 2 83 203 17 28 0 5 60 80 8 2 128
16 0 6 137 79 67 32 72 102 36 194 6 192 130 34 64 104 140 106 128 12 211 87 16 149 32 131 1 49 8 52 4
42 153 164 31 205 220 180 166 138 213 70 1 224 124 70 143 192 118 233 81 16 232 219 168 13 50 92 3 194 126 156 222
32 0 6 137 15 11 160 72 134 0 194 2 192 192 32 64 104 12 106 0 0 227 199 16 20 34 138 25 17 8 48 128
34 91 113 193 98 79 159 49 25 108 117 167 28 31 132 4 22 29 23 102 193 176 97 222 103 220 40 166 119 142 132 241
245 110 207 119 148 42 70 248 80 226 242 254 83 97 153 59 89 230 100 62 249 243 141 42 120 239 101 4 237 249 240 32
6 236 148 18 217 117 54 204 186 183 0 17 236 242 75 206 145 95 233 18 54 65 154 115 45 22 95 111 130 117 143 134
32 32 6 153 73 11 160 72 134 0 194 0 192 192 32 66 72 76 106 0 0 195 203 16 21 34 131 25 16 8 48 128
96 32 20 136 73 9 32 72 70 36 224 10 130 0 0 144 72 140 106 128 8 115 201 16 20 0 131 57 81 8 58 128
46 18 80 232 50 32 90 24 9 1 120 100 15 59 172 16 214 25 149 64 128 34 0 240 130 252 2 138 254 203 97 131
80 2 6 129 8 8 32 64 108 160 194 70 198 130 0 64 96 4 106 8 1 209 133 64 148 160 35 16 8 0 33 128
16 0 6 137 78 3 32 72 230 32 194 66 192 130 32 64 104 140 106 136 8 211 71 16 148 32 131 16 25 8 48 32
16 0 7 141 10 3 161 64 36 4 194 198 193 130 32 66 104 196 106 136 9 145 193 0 148 160 163 0 56 0 32 0
80 0 134 28 11 2 32 72 118 160 194 0 67 224 96 82 113 236 104 128 8 211 139 0 25 162 65 1 96 32 32 0
32 32 132 29 72 11 160 72 214 176 192 72 208 224 64 2 89 108 106 16 0 211 203 16 12 2 37 60 80 40 2 128
75 72 126 82 109 180 89 16 201 92 63 32 40 159 246 126 135 51 255 10 134 33 174 241 86 121 80 139 22 135 76 109
16 0 6 169 12 3 32 72 118 32 194 66 83 128 32 64 120 132 106 136 9 211 79 16 148 162 35 0 57 8 48 32
49 3 207 101 134 2 69 127 82 162 242 238 83 33 208 43 89 204 36 44 185 250 229 8 88 175 245 4 237 232 112 40
14 169 148 179 193 204 54 132 186 189 64 1 172 246 74 139 129 123 160 83 86 88 218 97 173 16 95 111 128 118 143 202
245 103 203 108 154 35 71 127 80 226 188 254 115 225 177 51 25 228 68 46 233 103 172 10 240 143 101 188 109 250 210 121
245 110 203 126 138 35 71 248 80 234 188 238 115 225 185 51 31 230 84 110 233 231 44 47 240 143 101 188 109 251 82 57
96 34 4 156 104 129 0 72 166 128 242 169 195 194 224 210 72 236 110 128 12 67 207 208 148 48 171 57 16 8 46 4
25 71 90 105 50 142 91 48 52 12 111 32 247 19 130 16 54 57 76 106 104 144 1 15 226 239 32 64 96 131 2 33
98 162 0 168 40 9 72 200 143 60 176 169 231 194 200 150 201 192 238 4 14 99 203 145 148 208 139 189 16 12 30 4
16 65 88 233 114 142 123 16 52 0 108 128 149 19 0 80 54 25 23 90 66 144 65 31 229 173 34 192 52 131 3 169
121 34 208 36 45 29 80 16 107 172 178 9 143 9 64 146 130 197 76 12 12 98 192 0 142 217 37 49 66 132 74 1
50 86 121 193 114 79 191 16 9 96 92 175 21 31 140 0 62 153 23 230 192 144 80 206 101 12 42 162 53 154 133 243
88 133 154 173 22 78 74 48 112 5 202 3 223 35 2 80 50 205 108 168 60 153 145 15 243 231 170 69 32 2 45 10
18 41 40 163 86 5 250 64 32 32 153 139 149 31 80 0 238 153 31 215 222 26 212 226 245 77 170 161 37 2 59 194
114 41 104 225 69 84 250 68 104 0 144 3 137 28 84 162 232 151 95 197 140 59 212 224 55 109 138 131 37 15 123 142
67 137 98 64 101 216 254 130 233 69 190 130 136 28 190 118 106 130 31 205 134 33 36 225 39 124 130 147 7 222 84 110
34 48 22 156 73 205 176 104 142 188 224 9 236 210 103 150 137 57 226 97 70 99 90 221 21 16 73 63 80 46 15 134
114 16 86 72 77 79 240 67 133 36 243 11 2 25 36 146 232 149 194 33 24 191 81 196 23 56 80 19 81 8 254 134
78 185 144 19 217 220 178 134 186 181 0 25 172 246 78 143 129 91 235 83 86 88 251 241 45 16 31 111 130 86 143 222
54 160 20 152 207 205 176 200 158 180 176 11 100 208 96 132 249 216 234 16 6 99 219 145 157 16 15 127 81 8 45 134
70 169 144 158 89 221 176 232 170 180 0 9 236 214 74 151 145 123 235 81 6 67 154 249 29 16 15 123 2 38 15 70
17 6 207 93 24 2 101 120 118 162 226 230 81 227 160 115 112 228 106 172 169 241 141 12 116 171 231 0 169 248 112 160
50 32 64 141 79 73 160 72 170 164 176 11 2 152 68 146 232 221 234 1 8 99 219 208 29 0 7 59 65 40 78 130
78 188 180 19 217 252 182 142 190 151 3 17 236 254 79 207 129 123 235 17 54 88 218 243 47 22 95 111 130 85 141 214
245 103 239 102 146 34 79 248 80 226 254 238 83 97 153 51 29 230 84 110 233 247 237 46 250 239 101 148 237 251 114 49
65 34 223 133 10 10 105 64 108 160 242 66 221 130 144 114 98 197 110 136 1 209 133 64 148 34 171 0 40 32 35 32
78 184 148 150 201 245 52 200 190 183 0 17 204 246 75 142 145 95 235 18 54 65 154 113 13 18 95 111 130 117 143 214
53 38 207 117 134 34 71 248 114 226 246 246 83 97 209 43 121 236 100 46 249 242 237 10 248 175 101 132 237 249 242 49
70 96 105 130 166 136 239 1 9 162 17 202 157 10 81 41 38 145 95 207 195 0 140 224 148 24 174 184 5 2 19 32
81 2 79 65 6 130 97 18 100 17 111 70 145 3 192 106 96 140 42 152 27 184 199 0 76 169 178 64 41 130 96 160
46 80 241 226 34 7 92 20 11 232 56 233 77 95 173 0 150 57 149 7 193 48 72 194 162 220 13 166 94 190 0 81
253 38 203 100 154 35 71 127 80 226 186 254 83 33 145 51 29 198 84 174 249 239 237 14 248 239 229 180 237 248 242 121
1 160 9 129 6 168 107 80 236 1 139 66 181 2 216 112 98 8 74 152 3 1 135 81 148 32 170 104 40 131 35 32
66 185 164 31 93 220 178 128 142 149 71 1 236 252 78 198 129 118 233 81 70 104 219 161 15 50 92 27 130 15 29 222
18 9 64 160 3 44 204 130 9 19 56 139 29 14 85 140 47 147 21 213 11 8 80 224 145 144 154 162 189 88 11 28
65 96 18 136 89 102 168 66 228 0 192 0 4 146 34 244 232 132 74 184 4 7 144 68 149 32 138 121 16 0 43 134
8 0 18 204 73 213 144 72 206 164 196 0 132 210 97 196 192 52 234 32 2 7 210 144 5 48 3 59 18 10 45 6
10 217 148 19 201 221 50 166 174 61 34 1 172 54 78 222 129 83 234 80 86 88 91 117 15 18 85 71 210 23 141 207
226 4 120 210 212 72 237 7 201 22 177 18 136 40 20 43 235 131 7 129 182 44 36 194 117 24 158 25 197 88 213 38
168 48 18 40 73 111 176 74 134 36 240 9 132 145 32 130 200 25 203 32 0 35 210 16 81 16 10 59 81 8 47 130
14 185 148 179 233 220 48 232 170 189 0 1 236 214 74 134 129 123 224 82 70 88 218 113 141 16 95 107 130 6 15 206
36 160 22 153 203 207 48 200 150 180 224 10 68 210 96 132 89 28 234 16 2 83 91 29 29 130 15 127 144 8 45 130
80 2 143 93 8 2 33 120 118 128 226 70 83 225 128 82 112 100 106 40 9 241 175 12 92 162 231 0 41 96 112 32
48 32 132 141 79 75 160 72 174 164 160 11 2 128 64 146 104 220 234 1 8 115 219 80 157 0 15 57 65 40 78 130
6 172 148 18 153 244 22 140 190 183 2 17 236 246 75 220 145 95 161 18 54 80 155 119 41 22 95 111 130 117 141 70
181 78 207 126 152 34 71 184 82 226 98 236 115 225 185 59 29 102 100 46 233 242 47 46 96 239 101 16 233 249 66 41
65 34 143 5 10 10 97 64 108 160 226 66 212 130 144 114 96 196 106 136 1 209 135 64 156 34 143 0 40 32 99 32
70 160 148 23 155 85 22 200 146 183 0 9 228 246 75 142 145 95 233 18 118 67 155 50 41 6 79 111 128 116 15 198
117 38 207 119 156 10 39 248 82 242 226 118 83 225 145 43 89 100 96 62 185 243 143 42 104 47 101 4 233 248 240 32
48 160 22 153 75 203 160 200 22 180 224 10 196 192 96 128 121 28 226 16 2 83 91 17 157 128 15 61 16 8 37 130
80 2 143 205 12 2 33 104 118 128 194 66 208 224 160 66 120 196 106 168 9 211 131 76 84 34 227 0 41 40 112 32
70 172 148 18 145 247 22 172 62 147 11 17 236 242 79 92 145 95 160 50 54 200 27 127 41 22 93 103 146 119 141 6
181 206 199 126 138 35 71 184 82 130 104 236 115 225 177 27 17 102 36 110 233 228 46 47 96 174 101 24 121 243 82 40
48 32 132 141 75 75 160 72 54 176 224 11 134 192 64 2 121 204 98 1 10 83 219 17 29 0 15 61 65 40 31 130
81 34 135 5 12 10 33 64 116 160 194 66 208 160 144 114 120 196 106 136 1 211 135 68 156 34 207 0 33 32 115 32
70 160 132 23 203 83 20 200 146 183 0 9 228 244 73 142 145 94 232 49 54 83 139 56 13 2 77 127 128 116 31 134
117 166 143 85 140 2 39 248 118 178 194 66 83 225 145 43 89 100 104 62 185 211 175 10 56 46 229 4 233 248 112 32
20 172 150 26 153 211 22 168 54 23 68 16 102 224 40 212 145 110 160 48 50 80 27 63 169 166 69 111 210 96 141 6
37 140 199 94 152 3 7 184 86 130 98 104 115 224 168 113 81 102 32 42 105 208 43 63 32 166 101 16 120 240 64 32
48 160 20 153 75 195 32 200 22 180 192 10 68 194 96 128 89 92 226 16 2 83 75 29 157 130 15 125 48 8 37 130
65 2 143 93 12 2 32 104 246 128 226 66 82 224 160 66 120 100 106 40 9 243 139 13 20 34 231 0 41 40 112 0
96 32 132 141 79 11 160 72 54 164 224 11 130 128 64 2 120 204 98 1 8 115 219 16 28 0 15 57 97 40 22 130
81 32 142 5 10 10 33 64 236 160 194 74 208 130 80 82 104 196 106 136 1 211 135 64 156 34 143 0 40 32 35 4
22 164 132 23 139 7 22 200 22 183 64 1 68 240 75 138 145 78 224 51 38 81 155 58 169 6 77 47 128 116 31 134
101 166 134 23 140 2 7 184 82 178 66 70 82 225 145 11 81 102 96 62 185 209 143 42 104 38 229 4 233 248 112 0
4 172 150 26 153 199 22 168 54 31 64 17 102 224 42 84 145 110 160 48 54 64 11 63 41 166 69 111 210 100 141 6
37 142 199 94 152 3 70 184 86 130 98 108 115 225 168 81 17 102 96 46 105 240 15 63 40 174 101 0 112 240 66 0
22 180 132 23 155 67 22 200 22 179 64 1 68 242 107 142 145 78 160 48 54 80 155 59 169 6 205 111 176 116 8 134
101 44 142 31 140 2 6 184 210 178 66 230 112 224 249 75 81 102 96 62 176 241 207 40 104 43 229 4 225 248 112 0
89 32 6 5 75 11 32 72 100 36 230 10 195 128 2 210 96 204 106 136 0 211 133 64 148 35 2 1 96 0 11 128
96 34 2 9 72 9 160 72 166 168 224 76 130 128 64 16 104 140 74 0 9 67 195 16 20 0 3 56 89 0 34 130
65 0 6 137 72 3 33 72 230 128 194 2 192 130 34 208 72 4 106 136 8 195 203 16 20 34 131 25 16 8 56 0
9 32 132 29 8 155 161 72 214 176 198 8 196 224 194 130 17 108 106 24 0 209 203 16 12 3 5 53 80 40 8 128
80 18 134 60 27 2 0 88 118 168 194 100 67 224 64 82 81 236 104 128 8 211 203 8 24 226 101 8 120 32 48 18
48 2 4 137 11 11 160 72 70 32 194 70 194 128 0 66 104 76 106 8 8 225 79 16 148 34 35 16 57 8 48 130
64 32 6 12 74 14 32 72 102 40 226 72 80 130 0 82 104 204 106 128 1 211 199 64 21 32 34 32 105 0 34 162
40 32 14 1 72 11 160 72 230 160 226 8 80 128 96 80 104 12 106 0 0 243 143 16 85 1 3 9 65 0 99 160
0 16 7 137 76 75 32 8 102 32 194 70 194 128 32 64 72 140 106 128 8 211 87 16 149 32 131 16 16 8 52 2
48 48 23 13 74 75 32 72 246 224 194 198 192 196 32 0 120 76 106 0 0 241 123 16 29 0 1 48 112 8 20 214
65 0 142 12 74 130 33 72 230 128 198 8 80 194 98 114 96 108 106 12 1 195 239 16 20 33 3 8 48 0 34 224
49 0 14 137 14 11 161 72 134 32 194 138 210 128 32 64 104 12 106 8 9 195 199 16 148 32 138 24 48 8 48 160
96 32 6 12 73 65 32 72 102 100 226 8 64 130 2 86 104 204 234 128 0 211 207 16 20 32 2 57 65 0 38 208
16 32 7 1 10 11 161 72 102 100 226 68 194 128 64 64 40 12 106 8 1 241 229 16 20 0 3 0 105 0 3 192
16 41 40 161 84 196 250 64 0 4 216 3 181 25 80 0 248 153 23 195 74 58 208 162 245 133 170 161 37 10 126 138
114 137 104 194 85 216 250 132 105 64 184 3 171 24 22 240 250 131 149 129 142 40 52 201 55 125 138 131 101 6 95 78
34 49 26 172 72 93 144 75 142 4 232 9 134 214 98 130 200 57 202 33 4 35 18 17 145 129 43 59 80 42 13 130
98 16 82 200 77 79 144 71 137 4 248 11 2 152 36 144 200 149 194 32 20 43 80 196 19 60 16 27 81 10 238 134
70 249 184 146 216 221 178 224 170 189 1 9 164 214 78 146 129 123 235 83 70 75 218 113 61 17 31 111 128 2 15 222
50 32 22 169 15 95 144 72 150 180 224 11 198 208 98 196 217 156 234 0 14 243 91 145 153 210 143 55 19 12 45 134
81 2 207 205 78 2 97 24 116 192 210 230 209 163 128 98 112 204 46 140 137 208 231 72 84 171 226 0 41 160 96 160
78 184 144 146 89 221 176 232 170 188 129 9 236 214 78 150 129 123 235 81 70 67 218 253 29 16 15 123 2 38 15 214
6 188 148 19 153 255 182 140 191 183 0 17 204 254 79 142 145 91 233 17 54 65 154 243 169 22 95 127 146 85 143 198
245 6 239 124 182 34 79 248 80 234 254 238 115 97 145 49 127 228 116 174 233 243 237 14 248 239 229 148 237 251 114 49
50 32 2 140 73 77 176 72 175 164 176 11 6 220 66 150 233 220 234 1 12 99 219 208 153 16 15 59 65 12 14 134
65 34 207 133 74 10 105 80 118 160 226 100 209 162 208 114 114 204 106 140 129 208 237 64 212 35 231 0 40 160 99 160
70 160 148 158 201 85 180 232 186 183 0 9 236 246 75 158 145 95 235 17 6 67 154 241 29 18 79 127 130 116 15 214
117 166 239 117 150 10 103 184 118 242 114 230 83 97 145 51 57 196 108 174 169 240 173 14 124 239 229 132 237 248 82 48
1 130 77 99 6 168 97 16 102 17 103 70 145 131 208 104 96 140 46 216 3 176 231 81 68 169 162 64 41 130 96 160
113 150 233 101 22 10 71 119 112 235 246 254 115 33 144 48 124 230 68 44 169 250 229 14 254 239 245 144 237 168 114 57
65 34 73 75 10 136 105 16 238 17 226 70 153 130 217 112 98 128 74 216 131 16 165 81 84 169 162 64 57 147 97 32
163 65 81 232 32 3 218 12 9 128 48 200 159 26 173 16 150 209 21 255 1 2 72 200 128 152 10 158 92 155 1 9
66 248 176 31 57 221 178 128 143 189 129 9 172 220 70 198 129 115 233 83 70 73 219 241 15 48 30 123 2 7 13 78
113 34 237 117 22 138 97 17 118 225 247 230 115 1 144 56 56 236 100 140 137 248 229 13 204 235 241 192 109 136 82 56
96 32 18 136 9 119 128 75 236 12 136 16 132 146 34 212 200 0 202 33 12 3 146 208 145 48 138 63 16 4 175 6
74 249 180 19 169 221 178 134 174 61 6 17 172 158 70 198 129 87 235 81 70 73 219 113 15 18 31 119 194 5 141 95
72 32 18 136 9 253 144 72 206 44 128 8 140 210 34 196 192 57 202 32 4 39 210 216 145 16 11 63 16 8 13 134
224 48 18 136 73 111 144 74 140 38 144 24 134 144 32 140 200 16 202 32 0 39 82 82 145 16 10 59 80 8 45 130
176 0 240 193 197 76 196 67 89 7 178 19 2 8 20 8 233 131 6 129 56 190 80 226 149 10 146 3 197 73 244 34
194 184 16 154 89 205 178 200 170 188 129 9 172 214 67 150 129 121 235 81 70 71 218 117 13 16 15 63 16 6 15 210
32 160 20 153 75 223 48 200 22 180 224 10 196 210 98 196 217 24 234 16 6 115 219 17 29 130 5 127 16 8 45 130
17 2 143 93 24 2 101 120 246 162 226 100 81 227 160 82 120 228 106 40 41 241 143 12 84 163 227 0 40 168 96 32
14 188 148 27 153 215 50 168 190 181 0 17 204 246 79 157 145 123 232 16 54 64 155 119 45 22 93 111 146 117 141 70
53 38 207 126 138 2 71 248 82 226 226 236 115 225 153 59 29 238 100 46 233 243 175 47 240 175 101 20 233 248 98 49
96 32 0 141 75 73 160 72 38 164 240 11 134 192 64 146 104 204 234 0 8 115 219 16 29 0 15 59 65 40 46 130
17 34 143 5 8 10 33 64 108 160 226 66 209 130 144 114 104 196 106 136 1 209 133 64 148 34 163 0 41 32 99 32
32 32 20 137 75 71 32 72 22 180 192 10 196 210 96 196 89 8 234 16 2 211 219 17 29 130 7 63 16 8 45 130
17 2 143 93 8 2 33 88 246 160 226 68 81 225 160 66 120 228 106 8 9 241 139 12 84 162 227 0 40 168 96 32
14 188 148 27 153 255 22 168 190 151 2 17 236 242 79 220 145 123 160 18 54 88 155 63 41 22 85 111 146 117 143 70
53 142 207 126 154 34 71 184 82 242 96 236 115 225 185 51 29 230 100 46 233 243 47 63 112 174 101 20 249 248 66 33
70 160 132 20 203 87 52 232 150 182 64 9 196 246 66 134 145 124 232 16 6 83 219 24 29 2 77 127 128 100 15 134
117 162 143 85 156 10 100 248 246 242 194 100 83 225 208 98 89 100 104 44 169 241 175 8 92 35 229 4 233 232 114 32
4 160 148 27 153 215 18 232 54 189 64 1 102 226 107 220 145 122 224 48 54 80 155 63 41 6 69 111 208 36 13 6
57 134 207 126 24 2 70 184 214 242 98 224 115 224 161 113 81 100 96 46 169 243 15 63 96 239 101 0 120 240 64 32
65 0 4 137 75 27 32 8 230 36 198 2 192 130 2 208 72 140 106 128 12 211 205 16 148 33 131 49 16 8 56 0
9 32 22 5 75 155 32 72 246 164 198 0 64 192 162 134 120 108 234 8 4 209 107 28 28 3 5 49 66 12 24 132
112 48 135 29 74 130 32 88 246 140 194 108 64 192 96 82 112 108 106 0 9 211 203 16 20 160 35 8 56 0 50 146
80 0 7 137 10 9 32 72 6 36 194 78 194 128 32 64 104 140 106 8 9 243 207 16 148 32 163 24 56 8 48 144
26 16 20 173 11 95 16 72 175 180 130 3 207 150 66 198 233 213 236 0 12 195 219 156 153 243 79 23 18 12 12 70
17 2 207 109 22 10 97 56 116 224 118 230 211 35 144 112 114 204 46 172 169 240 229 12 196 235 231 128 45 168 112 176
114 16 90 40 201 95 146 67 9 45 248 9 2 156 38 144 200 149 198 33 28 43 80 2 17 245 18 59 209 11 238 130
86 164 148 31 153 87 150 168 191 183 130 1 238 254 79 207 145 87 233 49 54 193 155 255 169 86 79 127 146 116 13 6
245 6 237 101 182 10 79 248 112 226 250 238 83 97 145 49 127 196 116 174 233 242 237 14 248 239 229 148 237 250 114 49
122 32 0 160 79 93 176 72 47 164 240 11 142 156 70 148 232 157 238 129 12 115 211 192 149 209 11 59 67 12 47 134
17 66 77 105 6 138 97 16 102 81 118 230 211 1 144 120 98 140 46 220 139 176 103 17 196 233 162 64 125 139 80 32
121 134 237 117 22 10 99 51 112 234 247 254 115 33 144 50 61 230 92 172 185 250 229 15 252 239 244 144 109 232 82 57
7 1 89 128 162 1 95 0 25 128 48 202 156 18 165 32 22 17 23 239 1 2 68 202 160 156 46 184 28 184 3 33
194 48 48 29 41 221 144 9 174 4 132 9 236 222 79 198 144 49 233 1 6 65 210 221 129 48 11 59 18 4 31 70
113 162 237 117 22 10 99 48 112 225 247 254 115 33 144 57 56 228 108 172 169 248 101 15 220 239 241 144 109 168 82 48
198 248 48 19 25 221 178 136 174 60 135 9 172 214 78 132 129 83 235 83 70 77 218 119 141 16 31 127 18 7 13 95
194 184 16 154 89 221 146 232 170 188 129 9 172 214 67 150 129 51 203 3 70 71 218 125 157 16 11 59 18 7 15 214
6 172 148 27 153 213 50 136 191 181 64 17 236 246 110 140 145 91 233 17 54 80 154 119 45 22 93 111 146 68 143 206
53 6 207 126 130 2 71 248 80 194 98 236 115 97 177 51 29 230 100 46 233 243 47 46 232 239 101 144 237 240 114 33
57 2 111 113 20 138 99 16 116 65 102 228 211 1 152 120 82 140 108 92 139 180 101 7 196 239 48 64 237 137 80 48
78 176 148 20 201 87 52 232 150 182 128 9 204 246 66 134 145 93 235 16 4 67 219 16 29 50 77 127 130 100 15 198
117 162 207 117 142 11 101 184 118 242 198 238 83 225 208 34 25 76 104 44 169 240 239 8 92 171 101 4 237 232 114 48
121 134 237 117 52 10 107 48 112 73 118 244 211 33 144 113 127 196 124 44 185 188 101 15 228 239 240 192 237 161 82 49
1 74 77 121 36 138 105 16 126 81 126 228 211 3 145 120 114 172 46 220 139 176 103 81 196 233 162 128 109 147 64 49
5 15 89 128 242 1 175 80 24 128 48 204 157 2 177 32 22 65 30 238 97 3 4 202 228 156 174 184 28 176 1 161
218 56 48 158 57 253 144 9 175 156 129 9 238 222 79 214 129 115 237 3 14 71 218 253 145 16 11 59 18 6 15 86
5 70 89 105 46 137 111 144 236 64 126 196 157 131 241 98 34 8 78 78 129 16 39 80 100 137 34 136 60 147 65 160
50 20 18 136 9 95 16 79 159 142 160 25 142 150 38 221 216 177 206 33 60 47 82 154 145 212 24 59 18 44 143 70
210 184 48 26 57 221 146 136 175 61 133 9 174 222 79 148 129 59 205 67 14 73 218 247 153 16 15 59 18 6 15 94
178 16 18 136 9 127 144 78 155 13 240 25 142 150 38 157 152 185 206 33 44 39 82 216 145 144 88 59 82 108 15 214
66 184 16 146 57 221 146 234 171 60 132 9 172 214 71 151 129 91 201 67 70 79 218 253 153 16 15 59 2 7 15 222
109 66 111 121 52 138 99 144 116 65 102 228 211 1 152 120 82 140 108 222 203 176 101 31 198 239 32 192 109 137 80 48
186 16 18 184 9 255 16 79 143 15 224 25 142 222 34 220 216 177 204 33 60 3 82 154 145 210 88 123 18 76 143 94
218 184 48 178 57 253 146 170 175 61 132 9 174 222 71 149 129 27 253 3 46 79 218 245 155 208 31 63 18 7 15 95
186 20 22 188 169 253 16 79 159 14 224 25 142 214 38 157 152 185 204 33 60 7 82 144 145 210 88 59 210 76 143 86
109 66 111 107 52 138 107 144 116 65 118 228 211 1 145 112 90 132 108 124 171 176 101 30 230 255 160 192 76 131 80 48
58 16 20 188 169 253 80 79 139 15 160 25 143 254 34 157 136 177 197 17 60 15 82 144 147 211 89 59 242 76 143 87
