189 96 237 101 36 59 107 16 116 226 119 66 211 1 153 251 122 204 126 110 169 244 237 8 214 235 227 4 103 251 80 160
32 32 64 137 78 75 160 72 14 164 240 3 129 136 64 64 104 140 106 129 8 243 193 208 148 128 139 49 53 8 116 128
49 207 72 14 150 129 207 252 70 4 216 227 113 96 184 0 90 226 6 239 218 40 12 61 104 5 173 208 117 154 240 136
34 32 98 137 76 9 224 64 237 36 240 11 138 136 20 0 234 133 79 1 8 115 192 192 20 48 131 51 69 8 87 130
41 32 5 169 76 11 160 88 22 176 208 194 209 129 240 192 89 140 106 153 9 242 95 144 156 130 175 52 125 136 48 160
34 32 98 137 77 153 240 64 237 36 240 11 138 136 22 128 234 165 207 129 12 115 192 192 22 48 131 59 69 12 94 134
6 172 148 155 153 163 186 234 158 181 0 17 196 234 105 73 145 123 107 17 50 64 139 247 45 22 95 111 144 117 133 2
2 143 10 158 22 131 170 230 22 5 88 163 97 232 50 64 89 107 3 133 38 152 14 255 32 38 170 9 20 10 56 136
104 48 57 96 33 12 81 16 97 136 52 72 159 23 0 48 132 20 93 8 136 96 176 64 195 249 32 16 66 128 66 35
41 76 119 125 36 58 111 182 125 74 118 64 251 33 145 244 122 236 126 42 233 180 101 175 198 255 112 0 111 240 64 169
48 207 72 14 150 129 143 236 70 4 88 230 113 96 184 64 90 226 6 239 218 40 12 61 104 37 173 192 117 154 240 136
49 207 104 14 148 129 143 252 70 4 220 226 113 96 186 96 90 226 2 239 218 40 44 61 104 44 173 208 117 154 240 168
61 32 100 69 164 58 107 16 117 162 247 66 219 1 149 253 59 204 126 58 185 244 229 14 14 235 229 68 239 169 82 160
2 142 10 154 20 195 154 238 22 5 88 163 96 232 56 64 89 123 3 129 34 168 10 255 104 38 154 9 20 10 52 138
104 48 57 96 33 92 81 16 105 8 52 8 158 31 0 52 132 20 93 8 136 96 176 192 195 217 0 18 66 128 66 35
61 65 111 101 52 26 111 48 101 160 254 64 219 1 145 244 122 204 124 106 201 176 101 12 230 237 33 20 111 187 64 33
104 48 57 96 33 28 81 16 105 8 52 72 31 31 0 48 132 20 93 8 136 96 176 192 195 249 32 18 66 128 66 35
53 203 76 46 148 129 206 252 64 128 144 198 115 96 184 0 92 194 4 238 205 43 13 61 56 137 165 144 125 187 216 8
2 142 10 158 22 195 170 238 22 5 88 163 96 234 58 64 89 107 3 129 38 168 14 255 32 38 154 9 20 10 60 138
207 48 151 144 161 54 24 17 185 219 195 92 206 182 79 255 133 149 253 53 189 199 178 194 145 114 90 138 138 100 171 117
130 141 4 158 147 144 134 167 30 19 72 147 172 40 38 197 193 99 131 133 118 72 28 255 40 54 158 67 28 84 185 14
244 172 124 120 248 201 83 170 243 33 172 24 115 113 0 49 131 214 88 106 58 47 250 63 251 255 5 125 98 129 194 42
2 148 26 155 210 203 186 206 62 49 81 146 108 222 40 64 183 27 147 129 34 184 25 247 61 6 30 231 21 8 165 155
6 140 132 154 155 227 182 236 158 23 137 149 236 238 106 73 145 75 235 147 54 73 154 247 45 22 95 119 144 71 173 86
218 221 6 54 131 80 22 167 177 150 4 153 97 167 3 31 1 114 224 66 108 77 154 43 187 227 85 11 98 116 142 30
104 48 120 96 33 77 81 16 105 136 52 40 158 23 128 52 134 21 221 8 136 96 176 192 195 217 32 146 98 128 66 35
54 162 4 153 141 19 144 200 22 180 208 131 194 200 114 192 217 137 235 149 14 243 75 145 156 130 143 127 85 12 60 134
249 205 4 190 154 128 6 173 146 22 201 146 99 96 42 193 113 226 72 238 126 75 12 63 184 38 197 24 49 118 184 8
140 82 158 183 10 30 176 32 188 150 67 17 221 66 3 203 161 117 233 3 100 212 3 0 197 227 122 1 0 49 45 2
97 34 114 65 109 29 248 64 105 32 240 10 138 8 20 176 234 133 87 13 132 114 212 192 22 216 2 33 79 140 75 132
52 162 12 185 220 131 202 200 22 49 208 211 193 200 56 64 89 10 35 173 42 50 79 159 188 6 143 124 61 136 184 128
97 32 113 64 101 29 248 80 105 72 180 72 138 24 148 180 206 132 70 8 133 98 244 192 23 216 0 18 75 136 66 165
54 162 12 137 140 3 160 200 22 180 208 131 194 200 114 64 89 136 107 149 14 243 79 145 156 130 143 63 85 8 60 130
20 156 133 186 146 163 6 172 22 27 73 241 244 247 168 192 17 94 32 178 59 72 11 63 168 6 109 196 152 99 177 50
104 48 57 96 33 12 81 16 97 136 52 72 159 23 0 48 132 20 93 8 136 96 176 64 195 249 32 16 66 128 66 35
133 141 149 87 176 190 46 183 176 91 79 112 244 114 136 119 23 70 48 14 244 220 47 111 110 62 85 192 162 243 131 5
130 143 10 158 22 131 186 230 150 5 88 163 97 232 50 65 89 107 3 133 38 184 14 255 32 38 138 9 20 10 60 138
0 32 5 161 76 203 224 72 158 164 242 195 193 128 64 64 120 172 106 140 0 240 197 208 148 2 131 16 48 8 53 128
0 32 5 137 12 11 224 72 94 160 242 194 192 2 64 68 120 140 106 140 8 241 207 208 156 34 135 16 49 8 49 132
33 32 83 165 108 13 232 64 104 32 242 74 159 137 20 2 106 205 78 9 1 243 213 192 85 24 162 32 77 8 67 160
33 32 12 137 12 15 224 88 86 176 210 194 211 129 208 36 121 140 106 152 9 241 95 156 156 130 135 52 125 136 80 128
16 140 11 187 22 131 130 236 22 5 72 163 113 226 40 64 89 107 3 133 34 170 11 63 232 38 187 8 52 10 180 138
104 48 113 96 101 29 81 16 105 168 180 72 30 17 196 180 140 148 214 8 137 96 240 192 199 217 33 50 74 128 66 33
57 14 214 125 52 58 104 18 117 42 126 0 235 41 151 252 122 236 126 12 168 176 69 143 198 255 48 128 111 252 72 13
56 207 77 46 158 131 207 252 70 0 216 230 115 97 184 64 90 226 12 239 203 43 77 61 248 229 165 212 117 154 240 40
32 132 8 155 94 193 146 236 22 5 88 179 97 232 42 64 217 11 3 129 38 50 79 191 120 6 155 109 21 10 180 138
189 40 238 101 13 59 225 64 117 166 230 10 75 136 19 189 122 236 106 60 12 247 229 8 214 235 193 1 231 233 94 36
0 140 10 187 30 193 130 236 22 5 88 147 117 234 40 64 89 11 3 129 34 186 79 191 104 6 187 72 52 10 180 138
105 48 113 64 101 29 113 16 105 168 180 72 26 25 212 180 140 148 68 8 137 98 240 192 199 217 33 50 74 128 66 37
0 140 27 190 22 193 131 236 22 5 72 147 117 227 40 64 89 91 3 129 34 170 11 63 105 166 155 76 52 10 180 170
121 67 98 101 52 26 111 48 101 164 254 2 75 1 147 244 122 228 108 110 200 176 101 140 246 237 161 20 103 186 88 36
60 199 73 170 158 3 79 253 6 5 153 227 83 97 152 64 91 194 12 255 90 11 13 61 248 197 173 212 181 218 240 0
0 140 11 190 30 193 163 236 22 1 72 179 117 226 40 64 89 123 3 129 34 138 10 63 104 166 187 76 52 10 181 138
40 48 113 64 101 29 113 16 105 40 180 72 30 25 196 180 140 144 198 8 137 96 240 192 71 217 33 50 74 136 66 37
0 148 157 155 242 175 169 139 62 43 83 112 244 246 40 72 183 27 51 17 51 220 27 83 13 6 123 196 144 64 129 177
4 132 155 163 178 226 171 163 60 131 75 179 213 119 40 64 243 95 19 177 51 156 9 46 237 166 175 68 132 66 165 176
73 0 181 101 37 30 73 48 109 8 182 72 223 59 148 246 134 196 108 40 137 224 225 196 195 251 98 146 74 168 65 37
38 164 136 155 222 224 150 201 22 135 73 179 64 232 121 72 89 75 3 145 50 114 202 179 120 38 159 109 149 107 180 130
105 173 170 120 141 189 65 211 194 115 172 24 178 161 114 186 201 162 88 28 155 111 242 51 203 217 149 120 210 72 218 40
107 48 112 100 101 28 120 16 105 72 52 76 158 31 150 180 134 132 93 12 141 64 240 192 199 249 32 146 74 132 74 85
2 160 27 155 214 195 187 204 30 49 81 146 124 222 104 64 255 27 19 145 50 249 26 247 61 6 31 102 21 8 165 138
22 172 140 187 153 231 150 168 158 191 137 17 196 254 110 67 145 71 233 179 54 193 91 127 169 22 79 119 144 103 189 86
118 108 203 22 202 64 70 236 179 130 232 201 98 228 45 18 49 234 96 194 108 79 142 46 59 38 85 27 233 115 170 30
50 160 12 169 13 27 176 200 30 180 208 11 195 200 82 192 249 141 235 21 14 243 75 152 140 211 143 55 117 12 25 134
253 133 4 62 153 215 70 173 22 95 201 93 99 96 42 213 81 198 40 238 126 75 91 63 169 102 197 93 50 118 184 76
70 124 154 22 195 100 54 134 187 202 10 25 108 246 73 30 181 127 160 66 101 84 152 106 35 182 85 11 128 115 143 94
33 32 82 209 103 157 224 64 253 160 114 10 140 136 116 148 250 237 194 5 4 241 144 192 20 24 3 35 77 12 75 134
52 130 12 169 156 3 202 232 22 48 208 131 211 225 56 65 89 204 106 173 42 114 91 157 172 130 143 116 57 8 56 128
134 188 140 187 153 227 22 168 150 247 136 145 196 230 42 67 145 71 233 51 54 193 91 63 169 6 207 87 144 119 189 82
221 207 214 22 227 48 94 173 241 150 101 24 104 226 174 159 19 226 160 106 116 71 142 47 58 107 69 11 35 247 170 13
97 32 122 65 103 25 248 64 105 0 112 10 154 154 20 178 234 205 70 9 133 115 212 192 23 24 2 2 77 136 75 134
50 34 12 169 12 11 160 72 30 180 144 131 195 136 114 64 121 140 107 149 12 243 79 156 140 130 143 53 85 8 25 130
13 142 132 27 186 163 6 184 150 19 14 240 245 226 136 195 21 78 232 186 50 193 75 63 168 199 109 212 152 115 152 0
105 48 113 64 101 29 81 16 105 168 52 72 30 17 132 180 132 148 214 8 137 96 240 192 71 217 33 50 74 128 66 39
33 32 86 129 76 11 224 64 110 32 242 74 158 137 16 4 106 141 110 9 1 241 213 192 148 144 130 32 109 8 67 160
16 132 11 187 94 131 163 232 22 1 88 211 245 227 40 64 89 91 3 129 42 186 75 191 236 166 191 108 53 10 181 168
105 48 112 64 109 29 120 16 105 40 180 72 138 25 148 182 140 212 214 8 129 98 224 192 7 217 32 178 75 140 74 165
97 185 59 122 29 197 81 215 199 89 172 12 178 213 96 48 201 50 88 16 11 107 122 55 235 221 20 122 88 8 210 122
36 132 9 187 222 195 131 232 22 17 80 211 117 227 40 64 89 91 3 129 50 50 75 191 61 134 191 108 53 10 181 170
105 50 112 64 109 29 248 16 105 40 180 104 138 25 212 180 142 132 70 12 140 114 228 192 86 216 1 178 75 136 74 165
20 132 9 187 222 131 131 232 22 1 88 211 245 227 40 64 89 75 3 177 58 178 75 63 252 134 191 108 189 10 177 128
105 50 112 64 101 29 120 16 105 8 180 72 138 27 148 182 142 212 222 8 141 96 224 192 71 249 0 146 74 128 74 165
97 34 120 64 108 29 248 16 105 168 180 72 138 25 212 54 142 196 70 8 140 114 224 192 22 216 1 178 75 136 74 165
16 132 25 187 94 131 131 232 22 1 88 210 117 243 40 64 89 90 3 161 42 178 75 191 253 134 191 108 53 10 181 168
105 2 244 101 44 28 88 16 109 168 182 72 203 41 150 246 198 196 110 12 140 96 225 192 198 251 97 18 70 168 74 37
36 164 137 187 222 227 131 200 22 147 81 179 85 227 105 72 89 91 35 145 50 114 75 179 61 134 191 108 181 123 181 162
107 34 96 64 109 29 248 16 105 108 180 141 138 12 214 182 238 196 87 12 141 114 228 192 86 89 161 179 79 140 90 213
4 132 19 186 214 197 170 204 30 17 80 82 124 211 104 64 251 27 51 145 51 147 26 247 61 6 159 108 21 8 161 162
230 196 128 30 192 0 6 173 50 131 105 57 112 224 12 16 145 122 33 162 116 206 138 123 40 54 213 11 72 114 170 138
18 32 86 177 7 155 184 64 252 0 242 3 143 202 54 132 250 109 110 5 4 241 133 192 148 216 11 3 69 8 107 134
198 252 154 22 195 100 54 140 50 147 105 16 124 246 73 26 177 127 49 130 100 196 154 107 41 54 93 15 136 115 163 158
36 128 4 169 157 143 96 200 22 176 210 3 194 97 32 192 89 196 106 44 42 112 91 157 157 2 207 116 24 8 88 0
52 160 1 185 222 131 163 200 22 49 208 210 245 195 40 64 89 26 35 145 34 50 91 151 188 134 175 108 53 8 177 160
97 34 248 69 108 25 248 80 105 168 180 72 11 9 214 50 202 196 70 12 140 114 228 192 22 216 1 51 71 136 74 133
245 106 202 70 78 19 198 216 195 162 181 238 67 200 255 190 58 228 100 254 205 103 142 40 58 201 101 60 239 255 122 132
52 160 1 187 222 131 162 200 22 49 208 66 245 195 104 64 89 154 3 145 2 114 91 183 29 134 175 108 149 8 49 160
97 34 120 64 108 25 248 0 105 172 244 8 138 9 214 50 202 196 70 12 140 114 228 192 22 216 1 51 71 136 74 133
52 164 1 185 222 131 131 200 22 49 80 210 245 195 104 64 89 10 34 184 59 114 91 159 189 134 175 108 185 8 176 160
245 105 227 86 206 65 71 204 195 194 160 202 115 217 253 55 58 232 100 234 201 103 190 40 50 8 69 56 103 179 114 44
52 164 1 185 222 131 131 200 22 49 80 82 245 195 104 192 89 26 34 184 59 114 91 159 173 134 175 108 185 8 176 160
97 34 252 68 108 24 120 48 105 164 182 8 203 41 214 118 202 196 110 12 140 99 229 192 150 250 65 49 71 168 74 4
52 160 145 187 222 99 166 200 22 179 208 82 213 243 105 8 89 91 35 145 18 114 219 179 29 134 143 44 149 121 181 162
99 34 104 64 108 25 248 0 105 236 244 139 138 12 214 50 234 196 87 12 140 114 228 192 22 88 129 179 71 140 86 197
22 160 19 187 206 135 168 200 22 49 208 66 220 211 120 64 121 155 51 153 19 211 27 243 29 134 143 108 29 8 33 160
6 172 132 31 201 128 166 175 186 23 65 17 228 226 76 134 145 111 162 35 114 88 203 115 44 54 95 111 144 119 139 134
36 160 1 185 206 131 160 200 22 176 208 74 213 193 104 192 89 152 34 153 2 114 75 147 156 134 143 108 61 8 48 160
112 207 111 14 152 208 71 253 224 68 173 141 99 228 190 50 49 226 72 110 236 11 174 63 122 47 37 25 113 246 214 108
96 32 120 65 108 25 232 64 105 164 240 9 139 8 212 50 202 197 70 12 140 114 196 192 22 152 1 49 69 136 66 132
52 160 17 185 222 131 162 200 22 176 208 74 212 211 104 192 121 24 34 16 35 114 75 159 156 134 143 108 249 8 17 160
36 160 145 185 223 3 162 200 22 176 192 74 212 243 105 136 89 220 98 144 51 114 219 155 29 134 143 108 249 120 35 160
21 160 22 185 223 135 168 200 22 177 208 66 220 211 104 192 121 137 58 153 3 211 91 215 156 134 143 108 25 8 41 130
37 160 28 153 206 139 160 200 22 176 208 74 192 193 96 0 89 200 98 152 10 114 75 149 156 130 143 60 249 8 56 128
244 157 107 62 144 226 7 189 242 67 203 253 115 228 184 48 21 82 96 35 251 9 62 63 120 103 37 92 249 243 214 112
96 32 97 69 108 9 224 64 107 160 240 139 138 9 84 18 202 205 70 1 0 114 196 192 22 24 3 48 69 8 66 130
