248 205 70 236 20 130 78 117 165 0 246 2 107 11 48 65 104 230 61 234 104 139 1 175 242 235 226 128 55 184 240 8
152 141 2 169 148 162 10 59 20 1 203 18 89 98 48 64 112 2 27 225 122 137 1 159 232 229 138 68 52 8 176 0
7 143 16 158 147 149 182 173 30 3 73 51 236 250 46 196 213 91 147 163 118 8 10 255 40 54 159 71 152 70 169 15
2 141 10 158 20 195 170 230 22 0 90 2 96 234 48 64 89 106 19 129 34 184 8 255 32 38 138 129 20 10 48 136
38 160 0 153 207 211 144 200 22 52 208 135 64 200 106 192 89 9 163 149 22 114 95 151 28 6 143 111 149 12 60 198
130 20 148 21 145 110 52 39 56 31 74 49 204 54 0 73 145 23 129 32 48 220 1 78 45 54 94 3 128 100 133 2
6 172 132 155 155 163 54 172 30 179 74 17 228 226 107 200 145 79 163 51 50 72 11 127 44 6 95 103 144 119 137 2
218 179 28 251 187 193 49 143 190 29 100 177 173 135 74 89 39 27 239 144 50 76 163 117 221 195 126 235 178 0 167 107
210 76 70 252 4 2 110 38 185 130 226 2 107 10 53 83 98 229 125 226 104 199 129 239 178 250 202 0 37 240 96 8
204 205 6 54 200 32 134 165 176 150 0 153 101 99 9 155 17 99 32 103 96 77 138 47 56 35 95 9 0 114 171 8
10 186 112 123 235 217 57 191 63 31 124 161 173 199 202 212 39 59 239 144 82 8 235 245 206 215 54 235 178 132 167 251
