43 168 255 190 105 217 25 232 155 213 100 137 253 238 126 182 135 123 251 92 2 75 190 241 203 251 79 121 150 140 1 96
58 96 255 237 45 82 89 72 11 228 230 130 91 207 23 178 90 205 241 236 72 243 231 136 211 249 129 17 103 175 116 100
11 16 122 233 109 221 249 87 237 109 156 183 157 158 246 230 238 11 223 12 151 43 118 208 215 217 50 187 30 140 237 223
4 190 149 23 153 196 38 174 190 155 66 117 228 226 72 75 129 119 232 3 54 88 155 115 45 54 95 7 136 112 129 2
1 34 65 129 76 9 224 64 108 32 242 202 149 128 16 2 106 204 66 12 0 242 197 64 4 136 162 32 101 136 83 128
134 158 149 23 224 174 54 167 186 191 2 116 228 98 72 207 133 87 104 18 51 216 139 99 44 50 95 66 136 80 129 29
240 236 43 122 29 197 67 230 215 80 164 8 50 221 112 48 201 170 88 200 107 47 50 63 243 217 144 59 81 24 118 106
212 90 30 181 11 90 20 32 188 182 131 49 207 94 3 203 167 117 237 163 108 197 3 10 209 227 123 23 32 113 45 67
187 68 106 232 7 50 249 97 101 38 231 130 27 159 54 97 122 149 219 172 44 179 37 142 115 249 130 17 119 141 124 96
3 80 113 193 100 141 232 80 29 57 114 99 148 26 212 104 254 57 55 213 130 148 65 64 4 56 186 192 20 137 97 129
74 184 159 158 41 213 177 202 174 252 132 169 236 214 98 70 133 119 234 1 6 75 170 113 93 50 15 59 16 36 15 115
162 176 97 218 237 253 177 215 175 93 52 62 142 221 254 62 207 155 87 17 147 46 242 241 79 217 18 235 215 140 215 247
163 85 113 193 100 189 252 83 237 88 248 234 148 29 149 38 238 145 95 137 199 50 112 192 87 248 10 130 79 218 103 245
2 142 10 154 22 129 146 238 22 5 88 163 96 234 42 64 91 107 131 133 38 168 14 255 40 38 154 11 20 10 56 142
104 48 49 96 33 13 81 16 105 136 52 72 158 31 0 52 132 20 93 8 137 96 176 192 195 249 32 18 66 128 66 35
141 32 190 112 100 45 121 90 122 147 38 24 222 201 120 59 177 8 80 56 163 101 179 2 75 217 81 108 194 200 83 162
45 20 243 101 180 46 107 19 125 139 127 80 219 115 128 60 53 124 70 56 177 180 33 78 239 255 39 196 194 224 194 161
2 137 83 155 252 137 252 231 143 17 88 82 164 202 48 64 239 43 31 129 82 58 74 245 44 20 158 232 20 8 161 137
41 77 118 127 52 154 110 54 117 8 126 64 251 97 145 244 122 238 110 202 233 184 101 47 230 255 34 0 110 155 64 169
49 207 73 10 22 129 143 172 70 64 24 226 113 64 188 32 90 98 18 239 203 44 44 63 104 6 175 192 53 138 240 232
173 204 115 113 244 158 107 51 125 136 118 80 219 83 144 244 23 236 6 56 241 188 97 206 111 255 54 192 194 128 194 161
41 4 117 69 52 27 235 16 125 96 118 66 219 33 148 164 90 76 86 40 161 240 101 206 36 222 34 0 71 140 80 165
130 78 142 158 78 161 146 202 150 6 67 179 100 234 35 73 217 123 163 195 36 166 10 251 64 38 218 11 149 121 61 138
104 50 88 96 33 29 88 16 33 12 52 237 15 3 2 16 134 149 197 4 136 96 192 0 194 241 32 147 106 132 10 19
2 176 25 155 238 141 176 143 30 49 81 24 188 154 104 0 183 27 51 17 18 120 91 241 13 18 30 110 208 8 129 139
2 142 72 142 22 161 142 168 4 6 73 231 97 96 189 64 91 98 2 227 98 0 12 63 32 38 171 128 61 91 53 12
25 0 117 69 52 27 233 16 108 96 246 64 219 40 148 230 74 68 126 40 169 240 101 140 164 251 98 16 79 136 65 37
75 48 129 164 33 28 88 16 41 72 146 77 223 58 18 242 134 197 125 13 141 64 193 128 130 249 170 144 10 164 26 81
228 100 113 69 112 107 99 168 121 160 106 8 214 55 5 49 147 85 83 104 33 244 73 94 109 190 1 68 192 178 66 160
6 172 148 155 155 167 182 172 190 23 1 17 228 250 104 73 145 91 43 17 54 72 10 119 41 22 95 111 144 81 133 2
194 207 22 22 177 128 54 167 184 151 11 17 236 98 10 83 147 99 129 98 116 200 136 111 40 50 94 3 128 114 135 10
105 48 113 64 101 93 121 16 105 8 52 8 26 27 132 52 142 148 70 8 129 96 240 192 71 216 0 18 66 128 66 37
54 160 4 137 207 67 176 200 22 180 208 139 196 200 98 0 249 137 235 145 14 115 75 144 157 64 143 63 85 12 28 198
22 140 148 154 147 167 22 168 22 51 72 17 100 242 42 193 149 91 161 178 62 65 11 63 169 7 77 103 152 103 169 2
214 205 14 22 144 0 6 173 184 146 169 157 100 232 46 19 145 99 72 102 116 67 158 111 56 34 69 25 0 114 171 10
96 32 112 65 109 25 232 64 105 32 240 11 139 8 22 144 234 133 198 1 140 114 196 192 22 88 130 49 79 140 74 132
177 206 77 30 20 131 207 254 212 194 216 247 113 96 187 65 89 230 36 239 237 230 14 63 32 43 229 144 53 250 240 232
32 32 4 137 78 75 160 72 22 180 208 139 196 128 96 0 89 136 107 145 0 243 75 144 156 0 143 61 117 8 20 130
23 172 132 154 147 183 6 168 22 179 4 16 64 226 106 196 17 78 160 176 62 193 11 63 168 199 77 119 178 103 184 0
104 48 57 96 33 93 81 16 105 136 52 8 158 23 0 52 132 20 221 8 136 96 176 192 195 249 32 16 66 128 66 35
67 2 142 157 12 2 172 104 148 2 210 199 65 226 176 66 120 100 42 175 165 209 7 204 20 34 235 128 28 248 56 4
130 240 191 219 236 205 184 223 190 89 112 113 180 223 108 40 197 27 23 17 147 124 26 113 13 8 122 238 144 8 197 187
0 112 27 251 100 140 169 21 62 9 83 112 148 151 97 72 182 57 23 17 131 148 19 80 5 136 58 192 152 16 161 185
246 221 174 94 155 86 22 168 179 222 136 57 106 252 47 19 149 215 245 99 254 71 186 63 123 78 77 191 193 117 134 87
34 132 10 187 94 193 146 236 22 21 72 147 100 202 42 64 89 11 3 129 38 58 78 55 120 6 155 105 21 10 189 138
237 64 87 101 37 30 110 48 109 168 114 72 219 19 149 183 22 196 108 106 233 180 193 206 166 249 97 132 106 187 74 5
24 143 72 174 146 131 143 236 6 4 201 227 113 96 184 64 123 194 8 227 90 9 13 63 232 39 175 209 53 26 180 8
45 28 243 85 245 190 106 19 125 139 122 80 223 115 149 252 151 126 70 56 185 248 97 206 15 254 52 192 202 224 202 161
6 169 113 155 252 137 170 236 143 25 121 90 180 202 124 0 239 27 95 209 210 42 74 247 12 28 158 238 148 10 129 137
57 235 120 127 52 154 110 180 119 0 255 2 235 65 158 244 122 238 110 74 74 184 205 191 230 239 48 1 103 154 88 12
181 230 65 170 22 195 139 236 22 64 201 226 113 64 184 96 91 202 16 255 107 13 13 63 232 6 175 196 53 26 176 40
169 12 81 87 245 159 106 55 125 138 114 88 251 115 148 180 151 238 70 56 185 188 65 238 46 255 52 64 202 136 202 141
6 78 142 190 78 33 134 200 22 22 81 147 100 234 41 73 91 91 35 131 34 230 11 59 64 38 218 9 21 123 53 138
6 44 155 190 198 224 187 72 150 135 67 179 84 247 105 72 249 127 35 147 48 210 138 234 89 166 223 73 133 113 181 162
4 176 25 155 230 141 184 205 30 49 81 90 220 218 104 64 183 27 51 17 19 120 27 241 13 18 31 102 216 8 129 163
20 135 73 174 18 35 143 232 6 2 201 231 113 96 185 64 123 66 3 239 43 0 13 63 224 38 171 132 61 251 48 184
73 6 117 69 52 26 232 48 109 40 182 64 219 40 148 231 194 68 124 40 169 224 101 140 134 251 98 16 78 168 73 37
169 165 113 123 180 27 104 189 127 9 118 80 251 65 152 245 83 138 78 88 251 252 73 191 174 251 52 64 94 136 202 41
38 36 138 159 222 96 186 200 22 151 73 147 100 234 107 74 217 91 35 147 54 82 203 226 88 38 159 109 149 123 181 130
75 48 129 164 37 28 88 16 41 72 150 77 223 59 146 246 132 196 125 13 141 64 225 192 198 249 224 144 42 164 90 85
107 50 112 64 97 29 120 16 41 76 180 205 10 15 134 148 134 132 213 12 137 96 192 192 198 217 32 146 74 132 74 81
0 132 25 155 214 205 179 237 30 49 81 18 252 246 40 64 179 27 51 17 51 56 26 247 45 6 31 100 16 8 133 171
31 58 234 160 183 242 25 83 135 237 158 183 13 140 243 206 103 165 189 149 148 201 165 192 218 69 171 199 175 133 61 87
144 200 94 191 38 138 252 98 188 2 210 66 253 170 48 65 234 161 63 195 96 173 2 253 212 242 234 128 21 56 49 136
117 108 202 82 128 56 71 210 179 130 47 136 83 225 203 58 49 238 0 126 45 87 188 42 58 142 69 44 233 243 74 0
22 140 140 191 152 39 6 168 158 179 136 17 196 98 40 67 145 71 105 179 50 193 27 127 169 6 207 84 144 99 161 2
198 143 150 30 217 2 54 172 186 150 75 25 108 226 10 19 145 71 160 98 114 76 138 127 41 50 77 15 16 112 167 2
50 32 12 169 13 11 128 72 22 180 210 131 199 8 66 64 249 141 111 129 12 241 73 152 156 195 143 55 116 8 21 130
6 172 148 26 153 167 30 170 150 183 2 17 228 226 107 72 145 79 169 18 54 193 155 63 169 22 77 127 144 119 137 6
212 141 134 30 201 0 6 173 178 18 97 89 100 224 40 147 145 67 160 99 114 71 138 111 56 34 77 13 8 118 170 2
181 206 236 62 140 35 79 254 84 130 222 214 115 97 153 97 93 230 124 238 232 231 79 63 240 175 229 148 125 251 112 40
34 32 82 161 109 13 232 64 233 36 240 11 143 136 22 16 234 141 78 1 4 115 208 192 150 217 130 51 69 12 75 134
48 0 4 169 29 75 128 72 22 180 130 130 195 3 96 64 89 140 234 144 8 209 91 156 157 130 143 53 48 8 60 130
22 172 132 26 153 183 18 168 150 181 130 17 224 226 107 73 145 78 104 176 54 193 155 63 171 134 77 119 144 117 168 6
189 165 64 98 212 27 70 253 83 35 61 222 83 105 216 149 29 202 4 126 255 98 12 63 58 204 37 124 255 250 218 128
104 48 113 100 101 29 81 16 105 168 180 72 158 17 196 180 132 148 92 8 137 96 240 192 199 217 37 50 74 128 66 37
52 132 9 187 222 195 131 232 22 21 193 147 117 231 40 64 121 91 3 129 50 18 75 55 189 6 159 108 49 10 181 130
248 101 110 100 29 27 71 104 85 164 238 10 99 9 23 149 120 228 200 106 108 179 101 140 243 233 129 17 103 190 126 12
28 151 9 170 146 131 7 253 22 5 141 230 113 103 168 64 115 210 8 235 122 9 13 63 248 231 175 212 53 210 180 120
41 14 212 87 244 186 104 22 125 139 122 72 235 105 149 188 91 174 110 28 188 248 69 206 14 255 16 1 231 232 74 141
149 228 1 186 146 131 6 252 22 19 9 210 81 192 56 97 113 72 24 251 123 69 31 55 184 134 191 100 61 19 177 32
52 66 137 191 206 34 175 200 22 151 193 211 117 227 105 74 121 95 35 147 50 82 203 162 221 166 255 12 181 121 53 162
5 160 17 187 198 143 184 204 30 49 81 82 220 219 104 64 183 27 51 17 19 113 27 247 29 134 31 100 220 8 129 161
89 2 244 101 44 26 72 48 109 160 182 72 203 40 150 246 194 196 108 45 172 224 229 204 150 251 65 17 110 172 88 5
185 160 84 97 244 27 104 175 119 49 230 24 203 1 158 253 59 140 106 124 62 252 77 149 206 219 81 69 119 140 202 4
100 96 136 191 206 98 134 200 18 183 192 147 212 233 105 74 89 95 43 147 50 82 203 162 92 38 207 109 149 121 181 130
107 34 96 100 97 28 120 16 41 72 182 77 138 27 150 150 142 196 255 12 141 66 224 192 198 249 32 146 74 132 74 85
4 164 19 187 214 203 171 204 30 49 81 82 124 211 104 64 123 27 35 145 51 240 26 247 61 134 63 108 177 8 165 162
1 80 151 189 36 46 172 19 60 10 83 96 244 243 161 200 246 61 63 139 1 148 3 72 132 162 122 128 24 112 33 129
196 236 171 86 192 100 103 142 114 199 107 24 112 224 73 58 17 110 32 46 97 212 186 99 109 46 85 0 192 115 198 232
197 141 133 31 137 71 7 168 182 178 130 24 212 99 8 71 17 70 104 234 112 67 219 125 189 34 207 20 16 112 161 32
198 140 132 30 201 132 182 168 186 23 64 17 236 226 78 95 145 71 163 34 114 80 155 127 45 50 95 79 144 113 167 134
16 0 4 165 29 75 96 72 47 160 146 11 199 0 0 64 232 133 111 37 40 241 89 156 141 178 207 17 48 8 21 2
116 114 234 96 202 35 75 216 83 182 181 239 83 77 221 26 63 220 100 250 136 119 141 8 88 139 101 180 237 243 102 177
108 232 187 122 173 217 19 200 194 212 164 8 178 213 99 58 201 242 232 80 11 111 234 51 219 209 5 123 208 57 86 122
48 109 187 124 29 197 67 78 195 200 172 8 50 213 99 48 200 250 72 80 11 107 178 57 251 213 5 59 208 120 118 250
100 160 137 191 222 35 167 200 18 179 192 219 213 227 73 74 89 223 35 147 2 82 203 34 93 134 239 44 181 121 179 160
20 160 19 187 222 131 163 200 22 49 82 82 221 211 104 64 123 27 2 184 51 114 27 247 189 134 175 108 177 8 161 160
142 148 164 147 229 62 188 143 30 247 74 151 204 46 94 143 133 71 177 149 180 220 91 194 12 50 223 199 142 116 153 214
252 227 226 6 202 0 71 237 193 132 173 138 99 224 251 55 56 194 100 239 76 99 174 41 240 8 69 61 103 246 246 100
