85 141 23 30 154 82 70 236 118 7 235 20 99 226 168 244 17 206 40 106 127 137 61 63 186 166 5 84 48 242 160 36
36 160 5 187 218 131 160 200 22 177 192 75 228 194 104 128 89 90 98 16 2 83 75 53 29 130 143 124 145 8 33 130
114 40 128 8 76 137 192 74 139 180 176 11 2 136 68 18 201 236 74 17 10 107 202 80 29 16 133 63 81 40 86 130
70 184 149 144 201 108 180 143 170 187 128 125 164 226 72 143 133 87 232 17 23 79 219 97 156 18 95 126 136 112 139 31
80 32 22 133 10 10 96 64 46 32 226 2 207 130 0 82 98 197 110 136 8 209 133 64 148 160 11 16 32 0 33 0
32 32 6 137 76 11 160 72 238 160 240 10 194 128 64 20 104 140 106 8 8 243 207 80 20 32 3 48 81 8 82 128
0 32 6 141 74 11 160 72 62 32 226 2 204 130 32 80 120 205 106 128 0 211 131 80 20 34 139 0 33 0 33 128
97 32 73 169 76 9 224 72 38 32 242 202 211 128 64 64 104 140 106 140 0 242 199 80 20 160 163 40 97 8 115 128
80 0 6 141 14 2 32 72 164 160 194 2 192 162 0 82 104 204 106 128 8 211 195 64 148 34 203 0 32 0 41 2
32 32 6 141 78 11 160 72 22 176 194 2 192 192 32 64 120 76 106 8 10 243 79 157 20 34 131 4 49 8 48 128
16 0 6 157 78 131 32 72 118 128 194 2 64 194 32 64 120 236 106 128 8 211 207 220 20 34 203 0 48 8 48 128
96 32 15 169 78 11 160 72 54 160 242 202 211 193 192 64 120 140 106 140 8 242 207 16 20 128 163 40 49 8 112 160
16 34 2 137 74 8 168 64 238 32 242 226 135 130 128 80 106 140 110 128 8 211 197 208 148 32 171 48 33 136 35 128
97 32 65 193 76 9 224 64 100 32 242 202 211 0 128 80 104 140 106 136 1 242 197 64 20 160 131 40 97 8 114 160
221 99 228 37 160 14 110 152 97 166 55 205 203 0 219 27 54 196 109 255 172 212 205 72 236 8 229 164 237 247 90 80
254 112 229 118 11 108 84 136 163 246 165 57 10 159 79 27 131 213 253 3 108 71 250 128 211 251 85 63 99 117 70 82
16 32 2 137 9 9 160 72 174 32 226 3 134 130 0 84 232 133 110 128 12 211 201 80 149 32 139 51 64 8 35 6
72 34 144 100 33 12 80 16 105 8 182 77 223 51 128 86 134 196 108 12 8 96 193 128 194 249 96 145 66 160 74 3
112 34 0 152 44 137 72 72 174 136 224 201 195 194 224 86 200 228 110 140 8 67 195 208 148 176 139 57 16 8 58 132
97 32 5 137 78 11 160 72 118 160 242 202 211 128 80 96 120 140 106 140 9 242 199 16 20 0 131 40 113 8 112 128
16 32 22 141 13 10 160 72 238 160 194 2 196 194 32 198 232 196 106 128 0 211 131 208 149 32 138 19 16 8 33 134
121 32 80 96 41 9 88 64 107 160 176 40 143 27 192 144 167 149 204 0 12 98 200 144 154 217 5 50 74 132 75 1
221 64 119 69 6 74 111 48 117 130 242 66 83 21 149 247 122 212 44 234 233 180 37 72 55 170 231 0 103 187 96 32
2 176 29 218 203 229 177 207 158 81 0 24 188 151 104 44 205 27 243 16 19 75 90 209 13 144 30 127 144 8 133 186
80 32 22 136 75 0 32 72 166 0 226 2 204 194 32 80 104 133 106 128 0 195 147 80 149 32 139 8 1 0 33 2
48 37 10 168 20 15 83 120 6 164 252 11 87 217 34 16 120 136 6 103 76 179 89 30 240 197 161 57 121 10 58 130
80 0 6 132 77 10 96 64 45 128 194 10 70 130 32 210 104 196 106 128 8 211 147 192 148 34 139 8 40 0 41 4
96 32 6 13 72 11 160 72 106 160 224 8 64 130 68 82 104 204 106 128 4 243 203 80 20 32 3 57 65 0 107 134
96 0 4 141 76 11 160 72 6 176 192 11 196 192 96 66 104 204 106 1 6 115 203 145 148 32 139 63 17 8 49 130
96 0 6 157 78 194 32 72 134 128 192 3 196 194 96 66 72 236 106 128 10 67 203 209 148 32 139 11 16 8 49 130
172 38 216 97 228 42 121 25 112 175 119 176 215 33 203 27 23 140 68 62 56 244 193 0 78 201 97 69 224 227 206 161
69 176 148 210 233 173 96 139 238 59 33 28 156 210 76 190 129 3 106 28 19 77 154 80 141 24 27 110 152 65 131 38
3 0 97 129 100 34 232 0 125 66 82 199 157 14 149 104 182 13 63 143 133 148 53 192 132 60 138 130 12 197 81 213
253 66 132 188 44 28 68 0 169 186 179 88 143 130 209 223 192 228 108 78 76 71 194 128 144 241 112 60 2 189 90 5
176 5 92 101 20 75 103 48 116 36 126 131 211 33 16 1 90 172 7 106 104 184 81 15 229 239 32 1 101 138 84 170
113 174 197 21 150 143 76 183 18 178 210 222 243 32 144 5 77 230 36 141 168 216 69 63 172 38 245 144 165 248 208 41
26 132 132 189 31 91 0 168 134 180 130 131 199 98 40 199 73 212 238 32 40 225 91 157 168 242 207 87 50 44 29 6
65 2 207 223 12 2 101 120 246 146 210 230 241 227 176 99 121 228 110 170 41 211 207 125 20 42 227 16 29 248 112 32
246 233 4 4 11 83 20 172 135 180 130 11 195 16 71 135 0 213 236 243 76 75 223 148 185 192 205 127 33 54 28 14
198 141 20 30 155 87 150 173 190 23 131 17 236 126 46 199 145 87 233 99 118 69 27 119 169 50 79 87 18 117 143 70
48 32 192 37 77 75 224 72 59 180 176 139 139 136 84 146 249 205 235 17 8 99 203 144 156 208 7 63 69 12 78 130
81 34 223 133 42 10 41 0 108 160 210 192 221 162 192 114 98 197 126 140 1 209 197 64 156 42 239 128 44 160 35 36
78 232 148 146 137 117 182 204 154 183 128 25 236 246 75 142 145 91 233 19 54 67 154 243 169 22 95 127 130 117 143 198
66 241 16 144 185 237 16 207 175 53 137 25 142 150 78 158 135 27 232 17 22 75 218 213 185 16 31 127 128 4 143 86
178 105 16 184 109 201 214 104 139 180 176 11 46 218 101 149 153 185 199 99 106 35 90 223 177 144 9 63 81 58 15 142
242 53 82 44 89 79 208 104 137 164 176 9 34 152 4 17 152 181 197 33 108 35 208 222 177 16 0 59 65 44 78 14
4 172 150 31 145 222 22 175 126 23 73 17 230 242 42 212 145 74 160 2 54 88 27 63 169 182 21 79 208 98 141 6
181 206 79 126 152 131 71 184 212 2 104 236 115 225 168 81 17 230 32 110 105 246 11 63 104 175 101 16 121 242 66 40
36 160 16 155 219 195 160 200 22 177 192 10 228 210 104 192 89 90 234 16 34 83 91 63 157 134 15 127 144 8 13 130
81 6 159 93 28 2 229 104 246 130 194 66 112 224 160 99 120 100 42 170 41 241 139 13 52 34 227 0 49 120 112 32
32 32 192 5 78 9 224 72 58 180 224 139 130 232 68 18 57 204 74 21 8 115 207 80 28 0 7 61 65 40 86 130
81 32 135 133 10 10 40 64 108 160 194 64 220 162 80 86 35 197 106 156 1 209 133 64 156 34 207 0 40 32 35 4
22 172 144 18 155 227 22 200 22 183 9 17 196 246 105 204 145 90 160 178 54 192 155 58 169 6 93 111 176 119 173 6
165 78 135 94 204 34 135 248 210 210 66 230 114 225 177 43 89 102 96 42 233 231 143 42 96 46 101 4 237 249 112 40
4 172 148 27 185 173 52 175 190 31 67 16 228 242 72 205 129 106 234 16 50 88 138 119 13 54 95 111 144 64 133 139
245 199 67 46 18 3 70 248 80 162 234 72 115 97 169 17 89 228 68 106 105 167 77 63 176 166 101 20 121 250 114 32
245 71 194 102 150 34 71 248 80 162 175 94 83 97 185 59 89 228 4 234 248 231 13 46 248 207 229 20 229 251 242 0
40 32 21 13 72 219 33 72 22 180 196 8 192 192 192 16 89 44 106 8 2 83 235 17 28 0 5 60 80 8 6 224
96 32 0 137 72 9 161 72 198 32 224 10 144 128 64 16 72 140 106 8 0 114 65 16 20 0 35 56 80 8 66 160
80 32 2 137 9 9 32 64 102 32 194 8 130 130 0 80 104 140 106 136 8 67 197 80 149 32 130 56 32 0 34 0
80 32 10 129 74 11 32 64 100 32 226 10 150 128 0 80 40 132 74 0 0 242 197 0 212 32 34 0 104 8 11 128
96 32 0 1 74 9 96 64 96 32 226 8 130 2 0 84 104 140 106 8 8 211 197 64 20 0 131 32 97 0 98 128
16 0 7 137 72 3 32 72 102 0 194 66 64 128 32 64 104 12 106 136 0 211 199 24 20 34 131 0 48 8 112 0
32 0 4 137 74 11 160 72 6 0 192 2 192 192 32 66 72 72 106 0 0 211 219 16 20 32 131 40 16 8 48 128
32 32 14 9 72 11 160 72 86 32 224 2 128 128 96 0 88 76 106 0 0 115 203 16 20 0 3 56 81 8 34 132
16 0 6 13 10 3 32 72 164 32 194 2 192 130 96 66 104 76 106 128 8 211 131 0 148 34 131 0 33 32 33 0
80 32 2 9 74 9 32 72 102 32 194 10 194 128 32 82 96 204 106 0 8 211 133 0 148 32 3 0 32 0 33 0
80 32 6 5 74 10 32 64 100 32 194 8 198 128 0 82 40 204 106 0 0 211 199 0 148 32 2 0 96 0 35 0
96 32 4 1 72 11 32 72 98 32 224 8 130 128 64 84 104 140 106 8 0 83 203 16 20 0 1 40 64 0 114 132
16 34 6 137 76 7 160 72 196 0 194 2 192 130 32 64 104 140 106 136 0 147 199 0 148 32 130 24 17 8 49 128
32 32 16 13 72 139 160 72 134 176 192 8 196 208 64 16 201 60 106 0 2 67 203 17 28 32 5 60 80 8 3 128
40 32 6 169 78 11 160 72 4 32 194 131 193 194 32 64 104 12 106 128 8 147 195 0 20 32 130 0 48 8 48 128
32 32 2 137 76 5 160 72 6 40 224 2 128 128 32 0 72 140 74 129 8 51 195 80 20 32 3 56 81 8 51 134
24 0 6 129 10 3 32 64 164 0 194 2 193 131 0 64 104 140 106 136 8 147 193 64 148 35 130 1 33 0 33 128
96 32 18 137 76 13 160 72 134 40 224 10 2 144 0 16 72 132 106 0 8 115 64 16 21 0 3 56 81 8 82 130
88 0 22 129 66 9 32 64 100 32 198 10 199 3 0 80 96 140 106 136 0 211 133 64 212 161 34 1 32 0 41 32
80 34 2 1 74 75 32 64 100 32 226 106 134 130 0 80 40 132 74 0 0 243 197 64 148 32 2 16 96 8 39 0
33 32 10 1 72 9 97 64 108 32 230 8 146 2 2 112 104 140 106 8 0 243 193 64 84 0 3 33 64 0 98 128
21 156 150 58 154 135 6 188 54 83 64 85 231 242 42 112 17 110 40 48 55 72 27 63 168 230 21 108 216 96 129 22
36 168 30 152 200 129 128 202 150 176 128 10 132 194 96 128 201 184 106 16 11 107 202 17 153 0 15 127 80 8 41 130
32 40 130 148 77 141 160 66 190 168 224 73 166 128 96 18 232 110 66 1 0 123 130 112 29 16 23 40 64 8 83 138
71 168 156 145 168 44 164 143 170 243 128 153 132 178 67 138 135 71 106 21 23 73 194 65 12 18 95 126 128 80 139 12
80 32 6 128 74 9 96 64 239 32 226 10 206 130 0 80 104 133 110 128 8 211 131 80 148 32 131 8 33 0 35 0
32 32 6 137 77 9 160 72 238 32 242 10 198 192 0 128 104 140 106 0 0 243 211 80 21 32 3 56 65 8 115 128
0 32 6 137 12 11 160 72 134 32 194 2 192 130 32 64 104 140 106 128 8 243 199 208 148 32 139 16 17 8 48 128
16 32 6 137 74 11 160 72 38 32 194 2 196 130 32 64 104 141 106 128 0 211 131 80 20 32 139 0 33 0 33 128
96 32 71 129 76 11 224 64 52 32 242 74 211 129 0 0 120 140 106 140 8 242 197 64 20 160 163 32 97 8 83 128
32 32 7 137 78 11 224 64 52 32 242 202 211 129 160 64 120 140 106 136 8 242 69 192 20 128 163 32 117 8 113 160
114 34 66 168 108 9 72 72 173 32 240 137 139 194 36 84 200 133 110 128 8 99 194 192 148 144 139 57 80 136 98 4
80 0 6 141 14 2 32 72 166 128 194 2 194 194 32 66 104 204 106 128 8 195 195 64 148 32 139 24 16 8 57 130
1 32 67 129 76 9 224 64 108 32 242 74 130 128 16 0 104 140 106 8 0 243 197 192 148 32 131 32 97 8 67 160
246 96 229 118 75 104 17 74 171 247 161 185 14 255 79 27 131 213 253 19 40 71 234 192 211 210 89 191 195 117 6 115
112 32 18 137 73 9 40 64 46 32 226 2 140 130 0 84 232 141 106 128 4 211 193 208 148 176 138 27 1 0 43 130
114 32 0 184 44 9 72 72 175 36 176 9 135 194 16 212 200 128 110 5 14 99 203 145 144 240 129 57 80 140 90 4
49 32 7 137 76 11 224 72 118 32 210 74 195 128 48 192 120 140 106 140 9 243 199 208 148 0 131 32 105 8 113 128
197 96 201 33 36 26 238 152 104 226 19 204 219 8 223 186 51 68 124 127 133 244 221 74 44 11 101 164 236 243 91 20
80 32 22 141 13 10 160 72 238 0 194 2 196 130 32 80 104 140 106 129 4 195 195 208 148 32 138 27 16 8 43 130
104 34 240 100 101 12 112 16 105 168 178 77 207 11 196 146 134 196 108 12 136 96 193 0 135 249 33 18 74 160 66 3
48 39 74 169 86 27 242 72 118 32 248 139 19 136 34 16 248 157 6 225 12 178 69 30 244 229 163 33 113 10 106 130
213 66 247 69 6 82 239 48 97 162 242 66 83 39 149 255 122 212 44 234 233 244 229 72 53 170 231 0 103 243 100 36
2 176 153 218 203 237 177 207 142 121 1 24 156 151 104 42 193 27 251 16 19 75 250 209 29 144 31 127 144 72 133 163
120 32 80 32 41 9 88 64 107 160 178 40 143 10 68 146 162 197 108 0 12 99 200 208 154 217 37 51 98 132 75 4
56 37 74 169 22 11 87 120 20 164 252 11 87 81 34 16 120 140 7 106 72 178 73 30 240 133 33 16 113 138 50 130
97 32 6 140 77 2 32 72 108 128 226 10 68 130 32 82 104 204 106 128 12 211 211 192 20 32 131 10 16 0 106 134
32 32 6 141 73 11 160 72 110 160 224 11 192 130 64 18 232 204 106 129 4 243 203 80 20 32 3 57 65 8 99 134
96 32 4 141 76 11 160 72 14 176 192 11 198 192 96 66 104 204 106 1 2 115 203 209 148 32 11 61 17 8 49 130
69 176 149 218 137 237 176 203 238 49 161 28 156 210 108 122 129 3 122 16 19 73 154 81 157 152 27 126 152 65 131 134
44 38 248 101 228 42 107 16 96 166 119 156 211 35 203 27 58 204 68 190 56 244 201 8 70 137 97 4 225 227 70 160
168 217 188 250 205 213 144 222 131 25 164 24 62 221 96 162 201 115 177 80 18 111 90 177 75 217 20 123 218 8 204 155
124 71 30 228 172 30 70 52 169 156 190 73 223 43 33 211 128 228 108 110 76 99 129 12 243 249 100 17 96 250 90 9
1 0 113 193 100 106 169 0 124 64 82 66 213 8 181 104 54 9 58 141 129 176 53 74 5 62 170 128 20 200 17 224
97 174 133 23 156 143 108 183 86 179 66 220 163 32 80 193 13 238 104 140 187 216 215 63 45 54 212 80 136 200 208 8
56 5 72 165 20 203 71 48 52 38 110 137 243 33 2 16 90 168 4 106 104 176 85 15 227 231 32 1 97 138 78 10
90 128 132 173 13 91 0 168 135 180 130 139 207 98 2 199 201 196 236 32 44 99 95 156 136 243 205 87 50 44 28 6
87 98 197 5 14 34 130 136 66 178 139 238 194 104 221 238 91 196 108 255 141 99 207 136 152 54 207 62 173 127 17 4
97 2 141 157 44 2 65 56 118 56 210 196 243 226 144 98 89 228 110 172 137 227 207 89 148 58 227 152 24 232 112 32
56 32 196 165 13 75 128 72 46 180 176 139 207 8 66 130 201 205 238 17 12 227 219 144 157 195 15 53 96 12 95 130
214 133 148 30 137 86 150 173 191 183 131 25 204 126 78 207 129 87 233 35 116 69 155 245 185 50 79 95 146 117 141 70
181 206 205 127 188 35 79 188 82 218 240 252 115 97 153 59 31 198 116 238 233 230 111 47 224 175 229 156 253 251 210 57
65 34 143 133 40 10 105 24 236 136 210 196 213 226 208 114 106 197 110 140 137 209 199 64 156 34 239 128 8 160 35 32
86 164 148 151 153 119 150 200 191 183 128 17 204 254 79 143 145 87 233 17 54 65 155 243 169 86 79 127 146 117 143 70
181 102 207 119 132 34 71 248 112 234 250 254 83 97 145 59 125 230 36 238 233 246 237 46 248 175 229 132 237 251 242 49
214 241 16 176 185 205 20 207 175 61 128 25 142 150 78 156 129 155 205 17 94 75 218 241 185 16 31 127 144 20 143 78
50 248 16 190 25 205 82 104 139 180 176 9 46 218 101 149 152 177 197 99 78 35 90 221 177 208 9 63 80 46 15 6
50 64 82 44 29 207 208 104 137 36 240 9 42 216 36 149 216 177 197 33 76 163 80 156 145 240 0 59 113 12 78 142
50 0 118 65 5 184 88 0 109 4 118 2 11 11 55 93 234 128 132 0 14 176 53 193 3 248 128 3 115 221 108 6
6 172 148 27 153 255 54 172 190 23 67 17 236 242 106 216 145 91 160 18 54 88 155 63 41 54 85 111 144 101 141 14
6 236 148 19 153 247 54 140 150 183 0 17 196 246 107 207 145 95 169 48 54 80 155 59 41 22 93 111 146 117 141 70
181 78 207 118 140 34 71 248 82 226 66 230 83 225 185 43 89 102 32 62 249 243 175 42 40 175 101 4 237 249 112 32
24 32 6 137 13 3 160 72 70 32 194 66 192 128 32 196 104 140 106 12 9 227 199 16 148 32 130 24 16 8 48 32
48 0 6 137 10 11 32 72 38 32 194 131 192 128 32 64 104 12 106 0 8 147 199 16 149 32 131 16 48 8 48 128
13 168 149 25 136 137 32 142 190 49 0 17 180 226 64 74 1 106 106 28 22 72 203 53 76 3 117 108 144 0 129 136
32 168 23 185 72 203 32 198 150 176 192 72 164 130 96 0 201 62 106 16 3 91 210 49 140 128 61 57 16 8 1 136
17 56 26 51 23 207 35 66 118 128 66 2 247 209 32 0 48 110 2 8 32 248 20 46 213 134 3 0 105 8 43 130
0 172 170 21 176 203 6 182 158 226 66 65 182 161 65 0 129 110 40 24 50 216 146 46 232 22 21 16 128 248 20 8
112 0 2 137 76 8 96 72 174 32 226 3 134 130 0 80 104 140 106 129 12 195 195 208 148 32 138 25 16 8 58 130
112 32 66 136 74 9 96 72 238 32 226 10 66 130 0 80 104 141 106 128 8 211 195 80 148 32 131 41 1 0 98 128
80 32 2 137 76 9 160 72 238 32 226 10 194 128 0 208 104 140 106 0 8 243 211 80 149 32 3 59 65 8 107 134
112 32 6 136 77 1 160 72 134 32 194 10 194 194 32 64 104 132 106 0 8 99 211 208 149 32 139 24 16 8 48 130
0 32 7 137 74 3 160 72 38 32 194 2 192 130 32 64 104 140 106 128 0 211 199 80 20 32 139 0 33 0 33 128
16 34 7 129 76 11 224 64 36 32 242 74 211 129 0 0 104 140 106 12 8 243 197 64 148 32 131 32 97 8 83 128
16 32 7 137 76 11 160 64 36 32 242 202 193 129 32 64 104 140 106 136 8 243 69 192 148 0 131 32 113 8 113 160
98 32 64 152 105 201 64 72 175 128 176 137 130 194 68 212 200 160 110 0 14 99 202 209 148 144 131 57 81 8 98 4
0 34 7 129 78 11 224 64 110 32 242 74 195 128 0 0 104 140 106 8 0 243 197 80 148 32 3 48 97 8 83 160
213 96 192 5 38 26 110 152 121 226 50 198 219 0 219 187 50 196 124 255 229 244 157 74 164 42 101 132 239 243 91 20
246 96 149 244 75 104 17 202 171 183 161 57 14 191 77 31 143 213 253 17 10 71 202 192 145 210 89 191 193 117 7 99
112 32 18 137 73 9 32 72 175 32 226 11 132 130 0 84 232 141 106 128 8 211 195 208 148 48 139 59 1 0 43 134
114 160 64 168 45 73 64 136 47 176 176 137 135 64 64 150 203 196 110 1 14 99 203 145 148 240 1 63 112 8 94 4
17 32 7 137 76 11 224 72 118 160 210 74 211 128 0 192 120 140 106 8 8 243 207 16 148 2 131 48 97 8 112 160
56 37 74 169 84 11 115 120 52 36 254 3 83 1 34 16 120 140 6 235 72 178 65 30 244 133 161 1 113 138 114 130
245 67 247 69 6 90 111 48 96 162 242 66 83 37 149 247 122 212 44 234 233 180 229 8 53 170 231 0 103 187 112 32
2 176 153 218 203 233 177 207 142 57 1 56 156 214 104 42 131 27 251 16 19 75 234 209 157 144 31 127 144 72 133 163
112 32 2 137 77 1 96 72 174 0 226 2 196 130 0 208 104 141 106 128 8 67 195 208 148 32 138 58 1 8 32 6
96 32 6 141 72 10 160 72 174 0 194 3 196 194 32 82 232 204 106 128 4 211 203 80 148 32 139 25 16 8 43 134
56 69 78 237 22 11 71 120 37 36 254 2 83 35 32 81 120 196 15 106 104 178 73 28 244 170 225 0 115 186 116 96
96 32 2 140 76 2 32 72 236 0 226 10 64 130 32 82 104 204 106 128 12 211 195 192 148 32 138 9 0 8 32 134
32 32 6 137 76 11 160 72 238 160 226 11 196 130 64 82 104 204 106 129 0 243 195 64 20 32 139 41 65 8 99 130
96 32 6 141 76 11 32 72 142 32 192 11 198 130 96 82 104 204 106 0 8 83 219 208 148 32 139 56 16 8 51 130
36 102 236 69 64 42 99 16 32 166 247 136 83 35 155 30 88 204 68 254 8 244 205 8 70 175 225 4 231 251 102 160
168 180 56 89 125 29 209 159 90 59 52 28 190 25 68 35 133 18 87 24 226 108 251 51 79 217 52 120 90 136 201 43
125 79 30 230 60 14 94 48 225 136 191 72 127 59 41 83 164 196 125 110 104 35 129 44 243 239 36 17 96 242 104 11
69 176 149 59 201 173 48 11 238 49 33 28 156 210 72 90 129 11 106 29 19 105 218 81 141 24 19 110 216 64 131 2
1 64 59 225 228 2 173 23 124 1 86 80 149 23 176 104 22 28 18 25 145 184 37 68 101 42 190 192 132 144 149 225
221 75 150 182 41 12 84 112 233 154 160 92 207 179 65 219 164 229 108 102 76 103 146 160 147 249 68 58 66 117 11 3
24 5 90 237 52 106 87 51 52 6 254 1 247 35 34 80 82 164 12 40 56 176 1 15 226 239 32 17 96 170 76 2
97 166 132 23 221 143 108 63 86 187 66 92 225 32 80 83 205 46 104 140 186 216 195 29 45 58 212 112 128 200 210 12
253 98 129 164 15 18 66 136 67 162 131 202 207 104 217 242 82 197 236 231 77 103 207 138 144 229 205 62 45 127 26 4
86 132 148 62 139 87 148 168 174 182 130 25 206 126 78 215 129 215 233 163 124 67 219 177 153 243 79 127 144 116 143 6
101 134 205 95 172 11 205 188 86 187 178 252 243 97 152 107 93 70 110 174 235 96 239 57 108 42 229 252 221 248 208 32
50 249 16 178 185 205 22 238 175 61 128 25 142 150 78 149 129 155 205 81 94 11 90 245 185 208 29 127 16 20 143 78
50 56 16 190 9 205 82 104 139 172 177 9 111 218 36 148 152 185 197 99 78 35 90 157 147 208 1 59 113 46 14 143
50 68 86 108 13 79 208 74 133 4 240 11 11 217 36 148 152 177 197 33 12 163 80 140 147 248 0 27 115 12 78 134
56 12 114 97 133 118 116 82 69 6 254 19 11 27 52 196 233 146 133 130 12 184 17 130 19 217 128 3 115 220 108 134
9 8 23 25 8 143 32 82 150 176 64 64 176 131 32 64 73 46 34 8 10 216 66 61 140 162 53 32 18 8 0 136
0 168 149 25 152 139 32 142 182 49 64 128 164 227 64 208 1 106 106 28 34 88 75 53 12 2 85 108 144 128 1 136
16 12 11 23 17 143 98 98 118 168 66 2 82 225 32 64 112 108 10 12 41 152 49 62 185 166 1 0 32 8 112 34
16 7 94 101 18 202 111 96 100 128 234 162 79 99 160 112 50 228 206 234 8 177 5 78 248 166 33 1 101 162 101 0
252 209 71 37 134 74 103 232 96 164 242 170 83 101 145 19 58 244 236 226 104 243 141 12 240 162 101 149 101 186 86 48
96 32 0 137 78 9 32 72 174 32 226 11 134 130 0 80 104 140 106 128 12 83 211 208 148 32 139 25 48 8 50 130
96 32 2 137 74 9 160 72 230 32 226 10 194 194 0 80 104 140 106 128 8 115 195 80 20 32 3 41 65 8 99 130
80 32 6 137 77 9 160 72 166 32 194 10 194 192 32 64 104 132 106 0 8 227 195 80 149 32 131 24 16 8 49 130
16 32 7 137 72 11 32 72 166 32 194 2 192 130 32 64 104 132 106 128 8 211 195 80 149 32 131 16 0 8 33 128
0 32 6 129 72 11 224 64 54 32 226 74 211 129 0 0 120 140 106 12 8 243 197 16 20 34 3 48 97 8 82 128
0 34 7 137 76 11 160 64 54 32 226 74 195 128 0 64 120 140 106 136 0 243 69 16 20 34 131 48 97 8 112 160
213 96 196 5 6 58 110 144 96 226 114 198 211 32 219 190 50 196 124 239 229 244 157 72 164 106 101 132 109 247 91 20
102 34 177 176 203 104 145 74 171 183 161 185 140 191 77 26 143 211 233 17 2 71 202 192 153 16 91 191 192 85 7 227
56 5 74 169 20 11 103 120 36 36 254 3 83 33 34 16 120 140 6 234 72 176 65 30 244 167 161 0 113 138 112 130
245 67 119 77 4 90 111 48 112 226 242 66 83 36 149 247 120 212 44 234 233 180 229 12 53 170 230 0 101 187 116 36
2 176 17 250 203 233 176 207 142 49 1 56 156 150 104 40 131 27 250 16 18 107 202 209 157 144 31 127 144 8 133 163
16 34 4 5 74 11 32 72 118 176 226 74 195 193 64 0 121 204 106 12 8 243 207 28 28 162 5 52 113 8 0 160
184 65 103 109 22 11 103 56 37 36 254 2 83 35 161 85 120 196 46 234 104 178 97 28 245 170 225 16 99 186 116 96
112 32 2 137 76 11 160 72 108 32 226 11 196 130 32 80 104 140 106 129 8 243 195 64 148 32 139 9 65 8 35 130
112 32 6 137 77 11 160 72 46 32 226 11 198 130 32 80 104 140 106 128 8 115 211 208 149 32 139 56 16 8 51 130
82 32 134 29 73 11 160 72 174 160 194 8 196 224 68 214 232 108 106 1 0 195 203 81 149 50 79 59 0 36 35 4
4 176 149 147 171 237 176 203 238 49 161 24 156 210 104 254 131 19 106 16 19 73 154 81 141 16 19 127 152 65 131 35
180 66 232 69 68 42 99 152 113 166 247 168 211 33 133 31 120 196 100 234 40 244 229 10 70 171 225 4 231 251 102 160
1 166 60 65 164 47 233 29 122 63 53 24 211 1 220 47 23 28 86 56 178 116 233 81 79 155 101 244 212 202 213 33
125 85 30 228 15 4 86 48 225 152 175 77 127 123 9 211 164 213 236 98 76 67 144 140 243 233 100 26 98 114 106 3
4 196 59 243 180 134 175 148 84 12 86 32 213 19 184 96 22 94 53 88 224 176 33 46 237 175 38 192 180 146 165 161
125 98 200 165 74 58 66 24 34 162 129 201 83 65 65 154 88 205 236 231 12 214 205 8 214 225 161 61 45 243 26 0
97 162 132 23 233 173 104 27 158 57 3 92 192 160 88 10 133 6 104 29 182 88 219 17 13 50 213 116 128 72 210 132
105 142 111 97 52 170 99 50 120 65 126 236 211 1 144 112 18 4 108 44 177 188 165 31 230 255 32 64 204 131 82 96
178 248 16 178 73 205 82 238 175 61 128 9 174 150 74 148 129 155 197 81 78 75 90 245 185 208 29 127 16 4 15 223
186 20 80 188 109 237 80 74 151 46 240 9 111 223 37 145 152 185 197 0 44 39 82 159 147 208 1 59 115 44 12 134
58 20 82 124 13 239 80 74 149 14 240 25 15 221 36 145 152 177 197 32 44 163 82 159 147 247 0 27 115 76 78 134
56 0 242 113 5 246 112 210 85 7 246 19 11 57 52 205 233 242 135 128 172 179 17 160 83 219 208 3 231 205 124 6
209 71 78 37 18 6 110 48 100 128 226 198 81 35 146 81 118 196 60 238 237 145 21 76 240 171 231 128 45 178 96 64
244 98 199 69 6 10 111 248 97 174 242 234 67 5 145 151 62 196 236 238 200 244 173 8 180 162 101 149 103 187 86 48
80 32 3 137 76 9 160 64 172 32 194 10 134 130 32 64 104 132 106 128 0 35 195 192 148 32 138 24 17 8 49 0
221 96 206 37 6 30 110 48 96 226 114 70 83 0 147 51 58 196 124 239 205 244 157 72 180 107 231 132 109 179 122 4
102 34 177 176 201 232 145 66 171 183 161 185 140 175 69 26 141 211 235 17 18 79 138 192 153 16 91 255 192 69 7 226
96 32 2 137 74 9 160 72 166 32 224 11 134 194 0 80 104 140 106 128 8 115 195 80 148 32 3 57 80 8 43 130
32 32 4 1 72 11 160 64 54 32 226 74 195 129 0 64 120 140 106 8 0 243 197 16 20 34 3 48 113 8 18 128
241 65 119 69 6 90 110 48 96 226 242 66 83 0 149 247 120 196 44 234 233 180 229 12 52 234 230 0 101 186 112 36
2 160 17 218 203 233 176 207 142 49 129 56 140 214 104 40 139 27 234 17 18 107 202 209 29 144 31 127 144 8 133 163
112 32 2 137 76 9 160 72 174 32 194 10 198 130 32 80 104 132 106 129 8 243 195 208 148 32 139 24 0 8 33 0
244 64 247 69 64 10 103 24 112 166 246 138 83 1 149 63 120 212 100 106 105 246 237 8 117 170 229 16 99 251 70 160
220 113 148 180 11 68 20 104 169 146 160 56 14 210 65 191 166 213 236 194 109 103 146 192 145 241 87 63 40 49 43 6
69 176 148 144 203 237 48 75 238 121 33 24 156 210 72 122 163 11 106 16 19 105 154 80 157 16 19 127 216 65 131 135
36 162 252 65 228 43 233 25 106 191 63 184 211 33 220 46 27 132 102 56 152 240 109 16 78 159 101 100 228 234 212 160
28 22 24 239 50 6 95 49 52 140 119 2 119 115 41 64 119 92 29 42 40 144 9 14 227 239 36 128 48 162 40 43
84 165 132 13 155 19 134 232 6 160 138 64 67 224 12 196 145 76 232 112 14 129 207 31 168 231 13 55 128 102 11 4
252 98 200 37 74 43 70 24 32 162 167 203 83 65 67 155 88 204 108 238 108 87 205 10 242 225 225 53 45 243 90 2
58 252 16 186 57 221 80 238 171 61 160 9 47 158 74 149 133 155 205 65 110 79 90 181 177 209 24 63 50 21 15 95
73 142 111 111 52 170 107 50 120 73 126 228 211 33 144 112 18 38 108 44 161 184 165 47 230 255 32 192 206 131 66 113
58 252 16 178 249 221 80 238 187 61 160 25 15 150 74 148 129 155 197 81 110 79 90 181 185 209 29 127 34 4 142 95
56 28 84 188 109 237 80 74 131 46 176 11 47 222 39 149 136 185 198 1 44 35 90 189 147 209 1 59 115 108 78 150
58 24 80 252 77 221 80 78 133 14 240 25 43 221 36 152 136 185 199 0 44 47 82 189 19 251 80 59 243 140 78 150
56 8 246 114 197 212 208 83 197 21 246 19 43 185 54 206 233 178 167 144 140 179 16 160 83 251 212 3 231 204 252 138
244 66 229 69 2 10 71 24 96 166 246 202 83 33 149 55 120 196 100 234 232 182 237 10 117 170 229 16 99 251 70 160
250 81 20 246 11 68 84 32 169 144 161 56 79 246 72 223 194 213 253 226 109 67 154 224 147 241 70 59 42 49 47 22
68 48 148 16 139 233 176 202 238 251 161 56 156 178 73 58 163 19 234 16 19 77 154 80 157 16 19 127 216 65 7 131
164 34 232 65 228 43 225 25 116 164 55 152 211 1 220 46 27 132 102 58 153 240 109 2 76 136 37 68 231 234 210 160
125 98 200 37 74 43 66 24 49 162 165 203 83 97 65 27 88 204 76 238 44 214 205 8 242 129 161 53 109 243 90 130
93 7 22 174 57 28 86 48 233 28 171 9 79 99 10 211 164 197 236 102 76 3 10 12 243 241 96 25 34 118 43 3
77 70 63 111 52 142 107 48 124 73 126 68 223 97 153 112 182 36 108 60 161 176 33 63 238 255 34 64 200 131 67 113
184 24 84 190 109 253 80 90 147 12 176 27 47 255 35 152 200 179 199 0 62 43 82 187 147 243 80 59 243 236 76 147
58 240 16 178 105 221 80 238 163 125 160 25 47 222 74 145 141 155 197 17 110 79 90 181 155 209 29 127 34 4 142 219
184 28 242 120 173 212 208 82 209 31 244 19 43 221 118 203 201 178 167 16 62 239 210 162 83 249 16 25 247 204 124 2
184 24 84 126 73 253 80 94 135 14 176 25 43 223 34 152 136 179 199 0 14 43 82 177 83 219 112 59 115 204 78 155
77 85 63 107 52 142 107 48 125 64 111 68 223 97 25 113 182 4 120 124 161 176 57 95 239 255 2 68 200 147 67 112
184 28 92 254 109 253 80 91 131 14 180 27 43 223 34 27 200 179 199 0 62 47 82 185 211 203 112 59 113 136 204 219
184 176 88 122 41 253 80 95 151 63 180 25 43 253 42 153 137 146 199 0 46 47 90 179 83 201 112 57 243 204 206 219
237 69 47 103 21 142 107 32 124 64 111 12 211 97 25 112 56 196 120 126 41 240 121 30 231 255 0 80 104 27 82 114
48 24 84 186 236 237 81 79 131 15 176 27 55 255 34 26 200 179 103 0 30 43 82 49 209 242 80 123 241 200 196 219
48 188 61 186 104 237 81 207 167 63 160 25 55 223 72 25 141 147 69 0 42 79 90 49 217 146 89 62 48 0 134 219
184 176 252 122 41 237 80 221 134 63 181 25 59 253 106 27 141 146 207 16 58 39 90 49 91 203 113 125 243 200 206 83
