160 64 16 140 79 71 148 104 138 170 176 11 4 146 33 3 200 145 74 99 64 39 66 220 17 0 11 59 81 40 15 130
242 68 0 4 85 75 128 102 9 36 242 11 2 8 4 17 232 181 198 33 104 191 81 78 49 48 0 51 65 8 86 14
81 32 135 5 10 10 96 72 236 160 194 66 210 162 80 114 97 196 106 140 1 209 135 64 156 34 207 0 0 32 35 4
20 160 20 153 219 195 32 200 22 176 192 10 196 210 104 192 121 88 226 16 2 83 203 21 157 130 7 125 176 8 45 130
64 2 151 29 12 2 165 104 244 130 194 66 80 224 160 98 120 100 106 40 41 241 139 13 20 34 231 0 16 120 112 32
96 32 132 164 74 75 160 72 62 180 224 139 130 224 64 18 121 204 98 17 10 115 219 16 29 0 15 61 65 40 70 130
64 6 159 95 24 2 37 104 244 130 226 64 114 225 160 67 81 100 106 42 41 241 171 45 52 162 101 0 80 120 96 32
80 0 134 141 75 131 32 72 182 128 194 10 68 194 32 82 120 236 106 128 8 211 131 208 149 34 139 27 48 40 33 130
52 160 20 153 219 195 160 200 86 176 224 10 196 208 104 192 121 216 226 16 2 115 75 21 157 130 7 125 177 8 45 130
96 32 132 165 74 75 160 72 54 180 224 139 194 224 64 18 121 204 106 17 10 115 203 16 29 0 15 61 65 40 22 130
81 32 135 5 8 10 96 72 236 160 194 66 208 162 80 118 97 196 106 156 1 209 135 64 156 34 207 0 8 32 99 4
224 1 68 136 76 137 224 96 168 4 179 11 130 8 20 27 72 128 66 99 40 163 64 76 21 32 66 17 97 8 86 130
88 80 2 136 77 80 165 68 228 78 214 2 137 18 34 196 104 160 202 136 65 183 113 192 245 225 138 9 19 30 61 234
160 96 16 140 75 65 128 72 22 162 128 26 4 146 96 137 216 24 202 32 64 119 210 16 21 128 91 59 16 8 45 130
20 160 20 153 219 195 32 200 22 176 192 10 228 210 104 192 89 88 226 16 2 83 91 21 157 130 7 125 176 8 45 130
81 32 159 133 10 10 33 64 236 160 194 66 222 162 80 114 97 197 106 140 1 209 133 64 156 34 207 0 32 32 35 4
225 34 67 129 204 124 225 86 232 74 240 94 182 2 132 127 104 128 78 142 3 55 228 224 21 32 50 16 73 89 227 180
64 2 159 29 28 2 100 104 244 130 226 66 80 224 160 98 120 100 106 40 40 241 139 13 21 34 231 0 16 120 112 32
96 32 128 164 78 9 160 72 46 180 240 139 130 224 68 18 105 204 66 1 10 115 203 81 29 0 7 61 65 40 70 130
48 32 6 24 75 131 32 72 118 160 194 0 64 194 96 16 57 108 98 128 0 211 139 12 25 2 1 4 96 0 34 128
64 4 159 93 24 2 100 120 244 130 226 64 82 225 160 99 112 100 106 40 41 241 139 13 52 162 231 0 25 120 96 32
96 32 192 164 76 9 224 72 46 164 240 139 130 128 68 18 104 204 66 5 8 115 203 80 28 0 7 57 97 40 86 130
20 160 20 186 219 199 32 200 86 181 224 10 230 210 104 132 89 90 226 16 2 83 91 53 157 130 5 127 144 8 45 130
81 32 134 133 10 10 40 64 236 160 194 66 214 130 80 114 96 197 106 140 1 209 133 64 156 34 143 0 32 0 35 4
68 1 22 73 93 214 160 64 228 37 195 2 64 128 40 198 96 132 106 216 18 177 145 64 29 32 130 69 16 10 124 6
83 224 2 137 83 0 106 72 109 33 161 10 14 2 12 209 96 129 78 236 78 23 149 85 181 0 138 100 49 2 43 4
104 34 208 100 37 29 80 16 41 172 182 9 143 11 194 22 132 196 236 8 8 98 192 128 199 249 37 51 66 164 78 3
100 17 18 136 93 197 160 72 206 140 193 8 132 210 33 201 216 56 234 112 4 35 146 24 21 176 11 11 16 11 45 134
52 160 20 153 203 75 160 200 22 176 192 10 196 192 96 0 121 24 98 16 2 83 75 17 29 130 143 125 49 8 37 130
64 0 151 157 12 2 96 104 244 128 194 66 80 224 32 98 120 100 106 136 1 209 135 72 21 34 199 0 16 104 112 32
32 34 6 1 73 11 160 72 230 160 226 72 64 128 64 82 104 76 106 0 0 211 207 16 21 2 7 17 72 0 114 128
176 34 29 173 78 9 161 83 70 32 192 202 147 1 225 73 104 152 98 136 73 182 71 16 212 129 114 32 121 8 48 168
80 32 6 4 75 11 33 72 102 160 194 138 82 160 0 210 104 204 106 0 0 211 199 0 20 32 3 40 33 0 42 128
96 32 128 164 78 9 160 72 42 164 224 139 130 160 68 18 104 204 66 5 8 115 207 16 28 0 7 57 97 40 86 130
1 224 6 129 73 5 160 64 164 21 226 2 4 131 104 140 104 140 74 200 64 179 17 64 21 0 130 77 65 2 235 130
128 34 15 161 68 9 225 66 44 48 114 223 183 129 0 17 104 8 66 13 66 184 134 1 84 129 114 96 105 8 83 136
81 32 134 133 10 10 32 64 236 160 194 66 208 130 80 82 97 197 106 140 1 209 133 64 156 34 143 0 8 0 35 4
96 16 18 168 91 73 32 76 198 36 194 10 6 128 35 208 232 156 234 81 6 19 209 16 149 32 10 59 16 10 29 10
80 32 6 12 75 74 32 72 228 36 194 136 192 130 2 82 104 204 106 128 4 211 199 64 148 34 2 1 0 0 47 134
40 33 2 40 89 71 161 72 164 12 224 11 0 131 32 145 232 136 66 224 8 35 82 76 21 128 138 105 81 11 111 162
33 34 7 1 74 11 161 72 118 160 226 204 194 192 0 80 120 140 106 0 1 242 207 16 20 0 131 24 105 8 114 128
80 18 134 4 10 6 32 88 118 136 194 100 66 224 96 82 113 76 106 128 9 211 139 0 24 34 97 4 105 32 32 16
24 2 143 233 4 171 97 87 38 49 70 198 179 3 160 72 104 4 42 28 3 184 69 4 68 163 178 64 184 136 80 168
0 34 78 5 10 10 32 64 238 160 226 128 195 130 128 82 106 196 110 140 8 211 205 64 148 32 131 49 105 128 43 0
40 80 150 141 11 223 32 72 198 52 231 2 66 144 43 239 72 60 234 32 4 181 51 16 21 160 3 55 18 8 44 134
137 66 14 201 76 128 33 86 100 57 198 214 145 131 160 73 104 12 106 140 11 158 199 81 84 161 178 64 56 136 121 168
25 32 139 161 68 11 225 83 52 25 114 86 23 131 40 9 120 136 2 140 11 244 129 1 212 193 114 0 105 0 35 136
32 32 2 1 74 9 160 64 102 160 226 10 64 128 96 212 104 12 106 0 0 243 193 16 20 0 3 56 65 8 90 128
113 34 1 33 108 9 72 8 107 168 176 104 131 2 212 150 200 197 108 0 12 99 195 80 156 248 165 56 64 128 106 4
33 32 15 9 72 11 161 72 118 160 224 76 208 192 64 80 121 76 106 0 1 211 235 16 20 2 3 56 64 8 50 164
129 42 79 136 76 40 233 66 108 16 114 118 156 2 160 91 104 137 66 136 3 62 70 65 20 32 250 8 105 1 34 172
80 32 18 129 75 8 32 64 230 32 194 74 130 130 32 210 96 204 106 136 0 211 197 64 149 32 3 1 33 0 35 128
40 33 2 8 73 85 33 72 196 12 196 3 128 144 35 204 232 12 234 64 4 179 211 16 85 33 2 59 18 14 54 194
88 32 6 5 74 11 32 72 36 32 194 202 82 128 0 210 104 196 106 0 0 211 199 64 148 34 34 0 96 8 35 128
49 34 15 161 68 73 161 67 36 112 98 126 147 128 226 88 104 140 98 133 9 190 7 0 148 161 114 32 105 9 115 168
104 34 16 160 45 13 72 16 47 40 178 72 207 3 16 214 192 196 108 12 8 34 201 144 150 249 33 50 82 136 90 5
80 32 14 5 74 74 32 72 36 164 194 136 67 160 2 82 104 196 106 128 8 211 151 0 149 34 3 1 33 0 39 192
232 49 26 136 79 93 48 104 196 44 205 42 130 144 106 128 248 12 202 32 68 179 83 28 85 1 2 59 16 10 47 194
81 32 14 1 74 10 33 64 230 160 194 10 82 128 96 82 96 204 106 136 1 211 157 64 20 32 3 0 32 0 35 160
83 2 143 221 12 130 105 72 238 40 210 98 208 226 160 70 104 228 110 136 9 195 199 192 144 178 234 24 20 40 49 36
112 162 128 172 40 25 64 136 47 188 162 233 199 32 196 214 193 196 108 4 14 67 207 17 152 240 69 60 16 168 82 4
32 48 18 1 75 73 160 72 230 160 226 8 64 128 96 86 104 76 106 0 0 211 219 16 21 0 3 57 64 8 86 130
185 34 13 169 8 171 97 83 22 121 211 87 147 129 33 73 104 140 106 156 11 252 83 16 212 129 50 64 249 136 32 144
65 10 159 223 8 2 165 104 246 178 226 230 242 225 160 66 81 228 106 40 9 227 207 61 20 34 231 24 24 248 96 32
88 34 20 165 44 11 72 0 47 172 178 73 207 3 208 150 128 197 108 29 8 224 193 144 140 211 39 48 66 140 3 0
72 32 2 136 73 85 32 72 100 140 194 7 128 130 99 204 232 140 106 252 12 3 211 64 149 32 130 9 16 15 60 198
208 18 27 200 78 35 33 88 20 9 198 118 19 131 224 73 120 156 42 56 25 151 195 16 92 161 242 72 184 136 112 160
32 32 6 9 73 11 160 72 118 168 224 8 128 192 0 80 120 12 106 0 0 211 207 16 21 0 3 57 65 0 114 130
8 32 2 128 79 73 160 64 172 37 251 131 132 130 40 134 104 136 202 176 0 51 148 84 21 0 130 69 97 10 111 146
81 32 223 133 10 10 41 64 236 160 226 66 221 130 208 114 98 197 110 136 1 209 197 64 156 34 175 0 40 0 35 36
9 18 11 169 108 213 49 94 166 93 214 231 149 134 170 232 236 26 138 20 7 147 35 208 212 193 170 68 26 140 33 245
164 5 88 203 213 45 227 64 72 36 185 10 10 26 44 209 232 130 206 34 58 178 80 228 53 152 130 83 81 11 94 130
40 18 38 137 205 95 177 81 4 125 247 63 131 5 162 111 104 140 202 36 220 179 117 128 87 193 194 7 51 140 252 215
88 0 134 12 11 18 32 104 118 128 198 0 83 224 32 114 113 76 106 136 8 209 239 8 89 35 97 4 99 32 32 0
32 176 132 29 72 143 32 200 86 184 64 72 212 240 64 0 153 108 106 16 0 83 203 16 13 0 69 62 80 40 2 130
88 0 134 29 10 146 32 120 246 128 198 0 82 224 160 82 112 108 106 8 8 195 175 24 92 163 69 8 96 32 32 0
0 32 22 9 73 11 160 72 254 160 226 8 196 192 96 66 249 76 106 0 0 243 139 80 29 2 3 3 64 0 35 134
189 48 2 129 195 127 163 80 100 108 246 6 13 150 35 173 104 136 194 190 20 179 48 192 87 193 2 35 227 77 47 214
97 34 68 141 44 9 96 8 174 160 210 233 195 194 128 198 74 196 110 12 8 67 199 208 148 48 171 184 20 136 90 0
32 160 132 29 73 219 160 200 214 180 196 12 196 224 66 4 25 108 234 16 6 67 251 24 12 2 5 63 80 40 14 196
40 18 3 137 73 63 160 72 132 44 233 15 2 144 42 212 248 140 194 98 4 179 16 128 21 0 2 47 83 15 46 198
81 18 134 20 26 6 33 120 118 200 194 100 66 224 224 82 49 108 104 0 13 211 143 8 24 34 101 4 104 32 32 16
97 32 8 5 74 9 160 72 38 160 242 202 211 160 64 82 104 204 106 136 1 242 199 80 20 160 3 40 105 8 106 128
9 0 7 161 76 137 97 87 228 57 114 86 149 131 160 232 104 8 106 28 19 189 37 0 212 193 178 64 248 136 177 160
48 34 7 137 78 11 32 72 22 164 242 74 195 192 64 64 120 140 106 12 8 242 207 16 28 128 135 40 113 8 112 128
36 142 23 62 152 131 6 184 214 2 96 72 115 225 168 81 17 102 32 42 105 218 11 63 40 166 101 16 80 240 66 168
96 32 18 129 74 9 160 64 238 32 226 10 130 128 32 208 104 140 106 0 0 242 197 0 20 0 3 48 65 8 91 160
20 172 150 30 155 218 22 168 118 3 64 17 102 242 40 208 145 74 160 34 54 200 11 63 169 166 21 79 208 98 168 6
80 32 18 128 75 9 96 64 126 32 242 10 132 130 0 80 120 140 106 128 0 115 203 80 149 32 131 41 65 0 35 130
48 48 150 29 11 143 0 72 86 184 192 0 192 208 64 0 217 108 106 0 2 210 203 17 13 0 5 52 80 40 2 130
16 32 6 141 13 6 32 72 230 36 194 2 196 131 32 66 104 196 106 128 8 211 147 192 149 32 138 16 16 8 49 130
216 81 6 136 77 65 161 65 100 44 215 35 128 16 34 207 232 132 234 226 0 179 81 192 149 32 130 3 16 14 189 198
200 18 27 152 70 232 101 84 237 14 247 118 156 3 161 74 106 163 78 200 3 33 34 209 212 160 170 8 56 80 167 178
64 32 18 128 73 73 96 64 126 32 242 10 14 130 0 80 120 140 106 128 0 243 195 80 149 32 131 41 65 0 35 130
84 108 82 160 87 109 226 66 45 0 184 11 142 2 67 144 104 129 206 146 14 54 84 194 149 4 130 41 97 91 43 130
96 32 1 129 76 9 224 64 44 32 242 74 211 0 0 80 104 140 106 136 0 242 193 64 148 160 3 40 97 8 99 128
80 34 18 129 74 8 32 64 230 32 226 74 6 130 32 80 96 140 106 136 0 211 133 80 148 32 2 1 33 0 43 128
16 32 134 141 11 2 32 72 230 160 194 2 193 194 32 66 104 196 106 128 8 211 195 144 149 34 130 17 48 40 32 0
36 140 150 30 152 131 6 184 214 10 98 104 115 225 168 81 17 102 32 42 105 218 11 63 40 166 101 16 88 240 66 136
28 164 146 62 155 139 22 168 118 23 64 16 102 240 40 212 145 74 160 34 50 200 11 63 168 166 5 79 242 98 164 2
80 32 6 140 15 2 32 72 166 32 194 2 193 195 32 66 104 196 106 128 8 211 195 208 149 32 139 17 49 8 49 0
20 164 145 30 155 223 22 232 118 55 64 17 102 226 104 208 145 74 160 50 54 80 59 63 169 166 85 111 240 98 165 6
36 206 159 94 152 131 6 184 214 130 98 72 115 224 169 115 17 102 32 42 105 242 43 63 96 167 101 0 80 248 66 168
80 32 6 4 73 10 32 64 126 160 226 0 192 130 64 80 120 204 106 128 0 211 137 64 149 32 131 33 65 0 35 128
168 17 18 137 89 93 177 65 76 36 245 22 130 0 34 128 232 136 202 98 78 179 113 149 117 1 130 113 81 14 205 194
32 32 5 137 76 11 160 72 22 160 242 74 211 128 96 64 120 140 106 136 8 242 71 144 20 128 131 40 49 8 112 128
57 18 15 169 74 45 33 82 36 121 214 247 145 131 224 73 104 8 42 140 11 154 231 144 212 161 250 204 57 137 176 216
92 32 2 160 77 69 32 64 164 4 226 3 0 130 99 214 104 140 74 252 4 179 148 64 149 32 130 77 1 7 47 128
56 3 14 136 77 87 160 64 196 44 248 7 0 128 42 194 232 8 202 98 84 179 65 192 21 32 2 19 81 15 108 150
16 34 6 1 10 75 160 72 102 224 194 68 67 128 194 66 40 76 106 8 1 241 195 0 28 2 33 0 105 0 82 144
64 32 6 13 75 11 160 72 118 160 226 8 64 194 32 80 120 204 106 0 0 243 139 80 21 32 3 41 65 0 35 130
64 160 134 28 89 3 32 200 54 160 66 8 96 224 0 210 241 108 106 48 32 211 139 12 29 34 69 111 64 32 43 130
96 32 134 12 73 67 32 72 166 132 198 12 68 194 66 86 104 204 234 0 0 67 219 16 20 32 3 57 0 0 46 192
88 118 3 128 81 124 51 68 36 110 254 47 10 22 35 212 232 156 206 130 15 23 49 194 181 5 138 11 3 95 46 223
32 48 22 29 75 219 32 72 246 244 198 4 64 196 98 2 121 108 106 0 4 211 251 20 29 2 5 55 80 8 7 214
104 34 88 100 36 29 80 16 105 172 180 73 143 9 196 146 140 197 204 8 8 98 192 0 195 249 33 49 66 128 70 3
80 32 6 141 79 2 32 72 230 36 194 2 196 130 32 82 104 204 106 128 0 211 211 208 149 32 138 16 33 8 49 130
64 32 6 13 73 75 160 72 118 160 226 8 64 194 0 80 248 204 106 0 0 243 131 64 20 32 3 41 64 0 35 130
64 160 134 28 91 3 32 200 54 160 66 8 96 224 32 82 241 108 106 48 32 211 139 28 28 34 69 111 64 32 35 130
33 32 14 1 72 11 161 72 118 160 226 8 80 128 34 112 120 76 106 0 0 243 175 16 20 0 3 0 65 8 115 160
153 90 15 241 36 155 97 87 116 89 86 118 19 131 224 237 104 136 46 156 155 188 39 16 212 193 114 64 58 136 224 241
64 32 7 13 72 75 32 72 54 32 194 72 64 194 0 80 120 204 106 128 0 211 223 0 21 34 3 40 1 0 38 210
216 80 2 129 5 88 167 96 108 78 150 23 136 2 106 198 232 132 206 227 72 39 241 194 149 33 138 19 2 28 189 214
56 0 6 137 13 9 32 72 38 32 194 2 210 128 32 64 104 132 106 8 8 209 199 16 213 33 170 25 17 8 48 128
88 0 134 13 75 146 32 88 246 128 198 8 80 193 96 82 112 108 106 136 8 211 207 8 85 35 35 9 98 0 34 128
64 34 70 13 72 9 96 64 102 32 242 169 195 130 144 82 106 196 110 140 12 99 199 64 148 32 163 57 69 0 42 128
32 48 22 13 75 143 32 72 246 168 194 96 208 208 96 130 120 108 234 0 0 211 203 16 29 0 5 48 88 8 9 162
137 2 15 153 76 157 97 86 100 89 86 118 145 131 226 105 104 138 42 156 195 150 103 81 84 161 242 64 58 136 249 168
80 0 4 137 15 15 32 72 102 40 194 66 210 0 32 192 72 140 106 128 9 211 77 16 149 32 163 48 24 8 56 34
96 34 4 137 44 9 64 8 46 168 146 232 199 192 208 210 74 196 110 12 12 65 207 80 148 48 163 185 20 136 90 132
32 34 6 1 72 11 160 72 102 168 226 76 64 128 96 80 104 12 106 0 0 243 131 16 20 0 35 9 73 8 115 130
153 42 11 169 64 40 161 86 100 93 118 246 177 130 224 120 104 136 98 136 11 182 231 33 212 161 114 0 105 9 99 248
73 32 6 13 73 11 32 72 54 36 198 10 65 194 0 212 120 204 106 136 0 211 199 64 20 35 2 32 1 0 42 128
96 34 0 41 40 9 192 8 107 168 176 200 135 128 208 150 200 196 108 25 12 99 207 16 156 240 37 185 64 140 74 4
49 0 13 137 10 11 33 72 86 100 194 134 194 132 130 64 120 76 106 12 9 209 223 16 148 34 131 16 57 8 48 240
168 16 18 137 79 93 177 72 196 44 213 11 130 144 42 196 232 140 202 96 4 179 145 128 85 1 2 63 18 14 47 198
32 32 134 29 75 219 32 72 214 244 198 4 192 196 98 6 89 108 106 0 4 209 255 24 12 2 69 55 80 8 5 212
112 34 144 161 44 9 64 8 107 172 178 233 207 34 196 210 129 196 108 12 12 98 201 144 158 241 37 57 66 172 74 4
37 142 134 30 152 131 6 184 150 130 98 108 115 225 168 81 17 102 96 46 105 209 11 63 40 174 101 0 120 240 2 1
137 42 11 177 68 105 225 82 52 121 214 246 149 131 225 73 104 168 42 156 19 252 65 0 212 129 242 0 233 136 112 240
20 172 150 30 153 155 22 168 118 23 64 17 102 224 42 212 145 110 160 48 54 208 11 63 171 166 5 127 210 100 140 6
97 34 141 156 44 0 1 8 238 136 194 228 242 226 128 118 72 228 110 136 9 99 207 81 148 50 231 24 24 32 50 36
88 34 20 165 44 25 72 0 47 172 178 8 207 3 192 150 130 197 108 12 12 96 193 0 154 209 35 49 66 132 75 0
185 18 27 233 10 171 33 82 84 41 230 118 147 131 224 105 120 140 38 24 25 158 97 16 212 225 242 68 56 136 96 176
125 160 143 21 140 2 37 248 118 178 194 70 81 224 209 75 121 100 104 56 41 209 143 8 28 35 229 68 233 120 112 32
81 34 135 133 8 10 97 64 236 168 242 64 223 130 192 114 104 197 110 140 9 211 197 64 156 32 171 0 8 0 35 36
70 160 132 21 203 71 20 200 150 190 128 9 196 240 75 14 17 76 232 49 38 83 203 26 29 38 77 63 128 116 31 130
81 32 142 5 8 10 33 64 100 160 194 74 208 130 80 82 96 196 106 136 1 211 135 64 148 34 143 0 40 32 99 0
112 32 132 141 75 75 160 72 54 164 224 11 130 128 64 130 120 204 98 1 8 115 219 16 157 0 15 57 65 40 22 130
64 2 143 93 8 2 32 104 118 128 226 66 82 224 160 66 120 100 106 40 9 243 139 12 84 34 231 0 33 40 112 32
52 160 20 153 203 203 32 200 22 180 192 10 68 194 96 0 89 28 226 16 2 83 91 29 157 130 13 125 16 8 37 130
81 32 135 133 14 10 96 64 108 128 194 66 212 130 16 114 104 196 106 136 1 211 133 64 148 34 139 0 40 32 35 0
165 78 206 94 136 35 71 184 210 194 102 236 115 224 185 43 17 102 96 42 233 240 175 47 104 175 101 16 233 249 82 32
25 34 143 169 4 11 97 83 118 25 118 118 19 131 168 104 120 136 38 152 19 188 5 65 196 225 242 4 105 128 160 168
40 80 18 140 73 93 48 72 198 44 199 40 134 208 34 198 200 60 234 98 68 163 18 16 21 16 3 63 80 58 45 134
25 2 207 193 4 139 97 87 52 25 102 86 19 1 160 72 104 138 46 156 11 184 39 0 86 233 50 64 169 136 112 168
6 188 148 26 153 183 22 172 54 183 0 17 108 226 107 220 149 95 160 48 54 64 27 63 169 22 21 111 146 117 141 70
48 32 0 141 79 73 160 72 46 164 240 11 2 128 64 130 104 204 66 1 8 115 203 80 29 0 15 57 65 8 86 130
80 2 135 77 12 2 33 104 118 128 226 66 208 224 160 66 120 68 106 40 9 243 131 12 20 34 231 0 41 40 112 32
165 206 206 94 152 3 70 184 82 130 102 236 115 225 169 113 17 102 32 46 105 208 15 63 106 175 101 16 120 240 66 32
40 112 18 136 73 71 160 72 164 36 224 3 4 147 33 133 232 136 194 226 64 179 81 12 21 0 10 123 81 11 110 130
4 172 148 26 153 219 22 172 54 55 64 17 102 240 42 212 145 94 160 48 54 72 11 63 41 54 85 111 210 101 141 6
32 160 20 153 75 203 32 200 22 176 192 10 196 210 96 128 89 28 226 16 2 83 75 17 29 128 15 125 16 8 45 130
104 48 18 168 89 79 176 72 132 44 224 11 4 130 43 214 232 156 202 113 4 19 144 20 21 160 2 63 17 15 47 138
178 68 2 12 89 15 192 103 25 32 242 27 2 8 4 17 232 149 198 33 104 191 81 78 177 50 16 19 65 8 230 14
98 4 18 140 73 71 144 106 142 166 128 10 132 146 33 129 200 17 202 35 64 7 82 88 145 16 11 59 16 40 15 130
117 36 207 119 140 2 7 184 82 242 66 100 83 225 145 43 25 102 96 62 185 243 143 42 104 174 101 4 233 248 80 32
6 164 148 23 155 87 22 200 150 183 0 1 228 242 75 206 145 95 233 18 50 65 155 59 41 6 77 111 128 116 7 134
128 2 13 169 70 41 225 66 44 17 112 86 157 1 16 11 104 10 66 13 17 56 7 81 84 161 114 64 121 8 99 160
32 65 2 136 77 68 160 64 172 12 163 2 4 146 106 196 248 0 202 226 72 35 16 64 145 16 138 79 17 10 111 134
65 34 143 5 76 10 33 64 100 160 194 66 208 130 144 114 96 196 106 136 1 209 135 64 28 34 135 0 41 32 99 32
145 2 15 185 6 139 97 83 20 33 86 214 179 129 224 73 104 136 34 8 9 252 69 0 196 193 242 0 57 136 16 168
48 32 132 141 75 75 160 72 54 164 160 11 6 128 64 144 120 204 234 0 8 115 219 16 29 0 15 57 65 40 15 130
80 2 143 205 12 2 33 72 118 128 226 66 208 227 160 66 120 196 106 136 9 211 131 68 20 34 227 0 32 40 113 32
36 16 18 136 73 69 144 73 204 140 201 10 132 210 35 222 200 56 202 112 4 3 210 72 17 48 2 59 16 42 45 134
32 32 22 137 79 79 160 72 22 176 224 10 196 208 96 0 121 28 98 16 2 115 91 17 29 128 15 61 16 8 45 130
112 32 6 128 73 79 128 96 32 36 248 11 6 0 0 147 232 149 202 99 8 179 81 28 149 0 72 59 65 11 6 138
32 0 22 140 73 71 144 104 140 172 249 10 6 144 32 147 200 153 194 98 64 35 82 28 17 128 73 59 80 42 47 130
81 64 2 128 65 64 100 72 236 48 169 10 4 2 44 209 120 129 74 234 78 19 16 213 181 0 138 101 17 18 171 132
76 248 16 27 9 221 48 136 190 52 64 9 236 214 75 197 145 59 170 83 70 84 218 49 13 16 15 107 16 6 13 206
65 32 143 133 14 10 97 64 108 160 194 66 212 130 144 114 96 196 106 136 1 209 135 64 148 34 143 0 40 32 99 32
68 64 6 193 77 212 32 64 228 20 195 2 128 192 104 196 96 140 42 248 2 149 144 208 21 32 130 69 0 9 125 134
181 78 207 126 138 35 71 184 82 226 98 236 115 225 185 59 25 102 100 46 233 226 47 47 96 239 101 24 233 241 66 41
36 160 22 153 203 207 48 200 150 180 224 10 68 210 96 132 89 28 234 16 2 83 91 29 29 130 15 127 144 8 45 130
80 2 143 93 8 2 33 120 118 128 226 66 83 225 160 66 112 100 106 40 9 241 139 12 84 162 231 0 40 104 96 32
6 172 148 18 153 255 22 172 191 183 6 17 236 246 75 220 145 91 161 18 54 88 155 127 41 22 93 103 146 117 143 6
48 32 4 141 79 75 160 72 158 164 176 11 2 128 64 144 120 220 234 1 8 115 219 80 29 0 15 57 65 8 78 130
80 32 6 140 77 3 32 72 54 32 210 10 192 194 32 80 120 204 106 128 8 195 195 192 148 32 139 25 49 8 32 128
117 166 142 85 140 2 39 248 82 178 66 102 83 224 211 43 89 100 104 62 185 211 175 10 40 47 229 68 229 248 112 0
70 160 132 23 139 23 20 200 146 182 0 9 228 224 75 142 145 94 233 51 34 83 155 56 9 2 77 127 128 116 31 150
80 0 14 136 12 67 32 72 102 36 194 2 194 2 34 64 104 140 106 128 12 195 215 16 149 34 139 57 16 8 52 198
112 32 135 21 74 11 36 104 54 178 194 72 65 224 64 16 49 108 106 8 8 211 207 25 28 162 69 44 32 32 2 160
81 16 143 29 74 130 33 72 118 196 194 164 66 228 194 114 112 108 106 132 9 211 255 24 28 34 69 12 121 32 50 116
81 16 142 13 74 2 33 88 246 192 194 172 80 228 226 82 112 108 106 128 9 211 239 24 20 34 69 8 96 32 34 240
64 0 6 137 73 83 32 72 230 196 194 6 192 128 34 68 72 4 106 0 12 195 255 16 20 34 3 59 16 8 53 68
181 78 207 126 136 35 71 184 82 226 96 232 115 225 185 59 29 102 36 42 233 226 14 46 96 175 101 24 233 241 66 40
165 206 207 126 152 131 70 184 146 130 98 204 115 224 169 49 17 102 96 46 105 192 14 63 104 175 101 16 112 240 66 8
70 172 148 18 145 247 22 172 62 183 2 17 236 246 77 220 145 95 160 50 54 192 27 127 41 22 93 103 128 119 141 6
84 172 180 26 145 207 22 172 118 55 74 16 102 228 40 84 145 127 160 50 50 72 27 63 169 38 5 103 208 119 133 2
120 34 0 40 44 13 64 8 111 172 176 72 143 0 80 144 200 132 108 13 12 99 201 144 144 241 37 57 66 140 90 1
153 58 171 185 64 184 97 86 116 95 118 246 145 131 227 105 104 138 38 156 139 252 103 64 196 193 242 128 185 200 99 249
97 0 14 137 74 15 32 72 230 44 198 10 194 128 0 80 72 140 106 0 12 211 205 16 148 33 3 32 16 8 56 0
104 34 16 37 40 9 64 0 43 172 178 9 143 2 192 210 129 196 108 4 12 98 201 16 146 241 37 57 66 172 74 5
16 50 6 1 72 11 160 64 230 32 226 44 0 128 160 64 104 12 106 0 1 243 149 16 20 0 3 0 73 8 35 144
32 32 2 9 74 9 161 64 102 36 226 6 0 130 2 84 104 140 106 128 0 211 195 80 20 32 130 41 65 8 35 128
60 80 18 128 77 95 180 68 164 44 247 11 14 148 34 198 232 148 202 96 4 51 48 192 245 65 2 23 3 62 191 214
97 162 157 141 40 13 65 136 239 56 160 236 231 224 196 118 201 196 110 5 11 67 203 17 152 176 35 60 24 40 2 36
40 112 2 8 73 87 176 73 164 76 247 9 136 148 43 148 248 24 202 34 4 163 178 8 55 81 2 15 66 15 47 214
69 162 205 95 168 11 133 188 198 179 128 252 241 97 216 98 1 70 104 174 147 64 207 49 12 58 253 252 220 240 211 32
88 34 16 164 44 25 72 0 111 164 178 9 207 3 192 146 130 196 108 4 12 96 193 0 146 241 33 49 66 132 74 0
37 162 175 21 152 10 37 248 246 242 194 100 83 225 208 98 81 100 104 60 169 241 175 8 76 35 229 68 192 232 114 32
25 18 139 249 130 171 97 82 116 123 246 246 19 131 224 105 124 140 6 156 155 220 101 0 212 225 242 64 187 136 240 177
97 34 11 128 8 12 65 72 238 136 178 108 146 194 192 82 200 196 110 136 9 67 195 64 148 176 167 24 8 0 98 36
86 160 132 21 203 87 20 232 22 178 64 9 68 226 66 134 145 92 233 16 6 83 219 25 29 2 77 63 128 100 31 150
118 68 112 225 199 74 238 192 73 38 184 2 79 10 29 192 59 199 23 227 64 53 25 194 181 14 142 5 53 26 93 10
64 2 142 93 8 2 33 88 246 160 230 68 80 225 160 66 120 100 106 8 9 241 139 12 20 34 227 0 8 168 96 32
6 180 148 27 153 151 22 168 62 183 64 1 102 242 107 212 145 90 224 48 54 80 155 63 41 22 69 111 210 36 13 6
48 48 22 137 75 67 48 72 22 180 192 10 196 210 96 196 89 28 234 16 2 211 219 17 29 130 7 63 48 8 45 130
50 128 244 113 5 104 100 134 109 23 250 19 43 41 20 88 233 131 5 128 14 176 85 193 135 222 208 3 101 216 244 14
121 150 239 100 54 34 79 123 97 234 254 236 115 37 144 48 29 230 92 172 185 187 165 30 242 239 161 144 111 234 114 121
17 146 207 185 4 131 97 83 118 89 118 118 19 3 160 105 120 138 46 156 155 252 101 64 214 225 242 68 233 136 224 168
104 17 18 136 77 119 146 72 196 76 205 11 134 144 35 198 216 16 202 98 4 35 48 136 149 48 2 63 18 127 45 214
50 84 18 168 5 47 132 71 9 39 242 27 6 24 36 156 200 151 198 33 8 179 81 76 145 178 88 19 65 24 174 142
153 2 75 113 0 171 97 23 118 73 230 246 115 1 160 121 112 142 46 156 139 188 37 16 214 235 178 64 233 136 240 56
114 68 18 140 9 111 144 110 136 38 184 10 134 162 32 132 216 149 202 33 8 43 80 200 145 20 90 59 80 24 47 142
40 85 18 136 73 95 178 64 140 12 236 3 4 146 43 198 200 20 202 98 68 179 80 0 21 16 2 31 82 15 47 198
70 232 16 26 73 221 178 232 174 60 128 9 236 214 75 196 129 51 202 67 70 69 218 117 29 16 15 127 16 6 15 142
101 166 143 85 158 3 39 248 214 179 194 236 83 225 209 43 17 100 104 44 169 241 207 8 44 43 229 52 173 248 80 32
86 160 132 22 139 87 20 232 146 182 64 9 68 246 75 142 145 126 233 2 4 83 203 56 25 34 77 127 130 116 31 134
40 84 18 128 89 79 162 64 164 12 232 11 4 146 43 214 248 144 202 98 68 183 16 132 53 48 2 15 67 31 47 134
74 249 180 31 41 221 178 136 174 60 5 9 236 212 79 198 133 123 249 83 70 72 251 245 15 115 27 43 18 7 13 223
153 10 77 185 198 169 225 83 36 19 118 214 157 3 208 75 104 10 2 156 19 188 70 113 196 129 242 96 249 136 227 168
228 84 2 136 73 87 182 72 140 12 233 9 134 210 34 212 216 128 202 98 76 35 18 72 177 16 10 31 80 46 47 198
81 34 135 5 8 10 33 64 108 160 226 66 208 130 144 114 104 196 106 136 1 209 133 64 148 34 163 0 9 32 99 32
32 32 0 141 75 73 160 72 38 164 240 11 134 192 64 146 104 204 234 0 8 243 219 16 29 0 15 57 97 40 14 130
153 2 203 241 4 139 97 83 20 115 102 214 179 1 160 105 120 138 38 28 27 252 101 0 196 225 240 64 57 136 240 176
117 174 207 126 154 2 71 184 210 242 98 236 115 225 185 59 21 230 96 46 233 242 143 47 104 174 101 20 233 240 66 33
118 5 112 228 71 70 238 96 65 32 179 3 72 10 29 144 248 133 23 227 104 179 17 206 179 156 139 135 101 50 120 2
160 113 18 136 73 93 146 72 142 140 237 9 132 214 35 212 216 48 202 98 68 3 82 24 145 48 2 63 18 47 47 199
78 120 54 30 105 221 50 34 142 132 69 9 172 212 66 134 128 121 235 67 70 73 218 61 13 48 9 123 2 39 31 214
114 68 80 199 83 0 254 72 9 160 59 11 76 11 29 18 190 213 31 231 4 33 25 202 53 188 138 148 85 179 73 0
100 65 2 128 73 196 36 64 228 20 235 8 132 146 43 212 248 168 202 226 4 19 144 84 21 0 138 111 0 54 47 134
6 172 148 27 153 215 22 168 62 183 64 17 108 246 79 156 145 91 160 16 54 80 155 63 41 22 85 111 146 116 143 6
68 80 18 152 77 212 160 64 228 156 203 0 128 210 107 197 216 168 138 114 68 147 146 68 21 48 131 79 16 42 61 6
74 121 148 31 89 221 178 142 174 61 70 1 172 180 71 198 128 115 235 66 6 72 219 117 7 50 88 43 82 7 13 206
32 32 20 152 75 79 176 72 22 180 224 10 196 210 66 132 121 88 234 16 2 115 219 17 29 130 7 63 80 8 45 130
6 172 148 19 153 247 54 168 191 183 6 17 204 246 79 221 145 123 225 16 54 88 155 119 47 22 93 111 146 117 143 70
80 34 143 205 8 2 33 72 246 32 226 70 81 227 160 66 120 196 106 136 1 209 131 12 84 34 227 0 8 40 96 32
53 22 207 126 170 34 71 248 82 226 246 236 115 225 153 59 31 238 100 46 233 243 175 47 240 175 101 144 237 249 82 49
96 32 0 129 79 73 160 72 38 164 240 139 134 128 64 146 104 204 234 128 8 115 211 80 21 0 3 57 65 8 110 130
78 176 150 22 201 215 52 200 150 182 0 9 196 246 75 142 145 127 233 18 38 67 155 48 13 18 77 127 130 116 15 134
32 32 22 137 75 79 32 72 22 180 224 10 196 208 96 196 121 12 234 0 2 243 219 17 29 128 7 63 48 8 45 130
117 166 207 117 142 2 71 248 86 250 194 230 83 225 209 43 25 236 96 46 169 242 239 10 120 175 101 4 237 248 112 48
0 249 16 27 73 221 48 232 174 20 65 9 172 214 107 148 129 57 194 66 70 64 218 81 141 16 73 47 16 6 15 198
32 81 18 140 73 79 176 72 140 4 233 8 132 146 32 134 200 25 194 98 0 35 82 16 21 144 8 63 80 11 47 130
74 96 18 140 89 213 176 104 138 180 1 9 140 214 66 135 128 125 235 97 6 67 154 93 29 16 11 63 0 38 15 198
48 64 22 136 73 79 148 64 8 36 249 11 6 16 32 146 232 149 194 99 8 179 81 12 53 32 8 59 81 26 46 130
72 32 7 137 72 9 32 88 102 32 194 78 194 128 32 192 104 132 106 0 8 209 207 16 212 32 163 24 24 8 48 128
74 185 52 31 57 221 178 0 175 252 69 9 172 222 66 134 133 123 251 83 70 72 251 253 15 81 31 43 18 7 15 223
104 48 135 29 72 2 32 88 118 160 192 108 64 193 32 82 80 76 106 0 2 211 203 17 84 35 33 40 90 0 34 128
114 64 112 69 21 90 238 0 109 4 186 3 75 9 28 64 122 192 15 234 204 160 85 200 39 220 128 7 103 186 84 6
194 10 125 216 238 128 185 3 203 19 48 218 189 9 84 11 39 51 95 157 146 47 70 240 28 24 122 248 213 128 193 41
78 249 180 19 121 221 178 136 174 125 7 1 236 222 70 198 133 123 235 83 70 88 219 245 15 17 15 111 2 7 13 223
121 22 109 109 26 34 75 123 64 234 254 238 115 33 144 48 93 228 124 172 185 187 237 31 250 239 161 148 125 162 82 121
17 32 14 5 8 31 32 72 54 172 198 32 64 208 160 4 120 92 106 8 4 209 203 20 28 3 5 18 65 8 24 130
118 68 96 229 85 72 238 128 105 132 186 10 74 42 20 128 250 197 23 227 8 161 21 200 53 28 142 129 229 115 253 34
118 160 132 5 169 91 140 136 171 182 130 169 195 96 215 158 9 196 236 145 14 67 207 17 136 242 205 63 132 116 30 4
66 56 54 63 41 221 48 8 175 204 69 1 236 222 110 134 134 121 251 81 6 64 250 253 15 81 9 171 18 7 15 215
10 249 180 27 41 221 48 136 175 252 69 1 172 214 71 150 133 123 249 67 6 88 250 245 15 81 13 43 18 38 15 215
78 248 52 31 41 221 176 136 191 124 7 1 236 222 71 132 135 123 249 83 70 64 251 245 15 83 77 107 82 6 13 95
121 22 111 100 54 35 79 127 80 234 254 238 115 101 176 48 31 230 124 46 185 171 37 14 250 239 33 144 109 170 114 121
118 33 2 192 69 70 234 96 72 32 146 10 16 25 85 130 248 213 27 227 8 179 145 200 49 40 138 21 69 59 122 130
101 34 205 127 172 2 197 184 210 250 210 236 241 225 217 42 23 230 108 60 185 227 239 40 76 171 101 152 237 248 82 49
99 130 221 222 110 160 185 6 139 19 49 218 156 235 116 11 175 243 119 141 131 107 138 225 20 24 250 168 157 192 131 161
153 154 201 241 4 160 97 87 118 89 118 118 147 131 192 105 121 138 38 156 139 252 103 64 198 201 178 192 185 136 224 177
42 17 50 136 105 223 150 64 140 76 205 9 140 212 43 198 220 57 202 98 68 35 114 136 55 113 2 63 18 127 45 215
121 150 239 101 54 58 75 119 97 235 254 238 83 37 144 112 124 196 124 44 153 191 37 14 242 239 160 208 237 170 242 121
195 170 221 243 238 161 169 87 138 59 84 214 157 171 240 11 111 35 23 137 3 120 134 241 76 137 254 232 157 200 147 169
153 130 75 113 132 168 97 214 118 73 118 246 179 129 240 105 121 142 38 156 139 156 37 19 198 237 242 192 169 128 112 184
44 85 18 136 73 95 182 96 140 12 253 3 206 214 43 134 216 16 202 98 4 163 16 200 49 49 10 31 82 31 45 214
74 249 48 155 121 221 50 136 175 125 13 9 172 222 79 134 133 123 251 67 70 72 250 253 15 81 27 43 18 7 15 223
121 191 111 101 62 34 75 123 65 232 254 238 115 37 144 48 126 198 124 172 185 187 229 14 250 239 165 208 109 170 114 57
118 68 98 231 85 78 234 104 73 164 187 10 76 58 61 192 248 197 23 227 40 179 145 206 53 56 138 7 101 59 125 2
44 84 18 136 121 221 150 72 136 12 237 9 140 214 35 212 216 48 202 98 68 163 82 204 49 20 10 63 82 62 47 214
153 42 73 57 134 138 97 87 118 89 118 118 179 131 208 105 121 138 6 140 155 156 101 113 198 201 242 64 184 128 226 168
108 21 18 140 121 87 150 104 140 140 225 9 134 214 35 214 216 177 202 99 68 3 82 202 49 20 10 31 82 63 47 215
121 22 111 109 18 34 75 127 65 234 254 238 115 33 144 48 125 230 124 172 185 191 229 31 242 239 161 208 237 162 82 121
192 136 93 241 238 136 169 22 202 19 48 222 189 139 212 11 47 35 87 157 51 108 134 240 76 153 250 232 157 128 3 169
74 249 52 27 41 221 178 130 174 124 12 9 172 222 71 198 133 59 251 83 70 73 251 245 15 81 15 107 18 4 15 223
153 10 207 121 2 171 97 87 118 75 230 246 19 1 160 121 112 142 46 156 139 252 101 0 196 233 176 64 249 136 240 48
108 17 18 140 89 223 146 64 142 44 165 9 206 214 43 212 216 49 202 98 68 3 18 90 177 20 11 63 80 63 15 215
74 121 16 31 105 221 50 42 174 156 76 9 172 214 66 134 128 123 251 67 70 73 218 253 7 80 27 59 18 5 15 223
108 85 2 152 73 196 166 64 164 12 233 9 196 210 43 132 216 32 202 227 4 131 18 72 53 16 10 15 82 62 47 198
86 65 82 196 87 70 238 72 9 36 179 3 72 10 61 128 250 197 19 227 64 51 25 204 49 40 142 5 69 51 105 2
8 176 20 153 73 223 176 200 150 180 224 9 196 210 98 132 217 28 234 0 6 115 91 17 29 18 7 63 82 12 47 134
74 249 52 27 121 221 178 142 174 61 6 9 172 158 71 198 129 91 235 67 6 72 219 117 47 48 24 59 18 21 13 222
81 2 143 45 74 2 97 120 118 192 230 230 83 227 160 114 120 204 106 140 9 243 231 12 84 163 227 0 121 168 96 32
6 168 180 27 153 221 50 136 190 181 64 17 236 246 111 140 145 123 233 17 54 88 155 119 15 22 93 111 146 100 143 198
76 17 18 152 73 221 178 72 206 140 201 9 164 212 43 196 208 56 234 66 70 35 210 24 53 48 2 59 18 47 45 198
117 6 239 124 154 2 71 248 114 226 226 236 115 225 177 115 29 228 116 46 233 243 173 14 248 239 101 148 237 240 114 33
54 1 34 128 69 70 206 96 73 128 154 10 64 27 61 132 248 213 23 227 72 179 17 204 177 4 138 23 5 59 118 2
70 160 148 29 201 87 52 232 178 182 192 9 204 246 74 134 145 93 235 17 6 83 155 17 29 50 77 63 130 100 15 198
8 81 18 140 73 205 178 72 142 164 161 9 140 210 35 134 216 57 202 98 4 3 90 24 53 16 3 63 82 63 15 194
117 162 207 117 140 11 101 248 118 242 226 238 83 225 208 98 57 68 104 44 169 243 239 8 92 171 229 4 237 232 114 33
14 249 20 19 73 221 50 160 174 53 9 1 236 214 75 134 129 59 235 83 70 88 218 117 13 16 15 107 18 6 15 206
118 69 112 197 23 78 226 96 105 32 187 3 74 9 28 80 248 197 7 227 72 178 81 204 55 140 134 7 101 186 116 2
36 64 18 168 89 79 150 64 44 36 249 9 6 148 32 144 200 149 202 99 76 163 81 12 49 36 0 31 81 26 46 130
66 97 16 140 89 221 178 72 170 180 8 9 140 214 67 150 128 125 203 97 6 67 154 93 53 48 11 63 16 39 15 198
6 188 150 27 153 215 18 168 190 181 66 17 236 246 78 157 145 95 224 17 54 208 155 127 41 22 77 111 146 100 143 6
53 6 207 126 154 2 71 248 82 194 98 236 115 225 185 51 23 238 100 46 233 243 175 47 232 175 101 144 233 240 82 33
48 1 146 140 217 71 144 70 8 5 168 10 6 178 35 144 200 149 202 32 12 139 80 200 145 20 10 59 144 105 45 14
66 160 16 24 73 253 176 200 174 62 136 9 172 214 107 132 145 49 202 33 6 1 218 89 5 20 11 63 16 38 15 70
50 129 240 241 5 232 224 134 111 5 50 3 11 41 20 82 233 227 37 129 14 56 17 195 131 220 144 3 229 72 244 14
50 8 6 136 193 111 132 103 41 7 250 25 6 16 36 144 232 149 198 1 28 171 80 64 145 54 88 83 65 88 174 6
66 48 16 24 73 253 176 74 174 22 128 9 172 214 99 196 129 49 202 1 6 3 218 89 21 16 11 59 16 4 15 198
114 16 18 140 9 109 144 71 136 39 176 27 134 146 38 141 200 147 202 33 12 43 80 192 145 16 90 59 144 72 175 14
114 0 18 152 77 109 144 71 8 7 176 27 6 16 36 153 232 147 202 1 56 175 80 192 145 50 90 27 81 72 175 2
46 85 18 156 121 223 150 96 138 140 229 9 204 214 35 148 216 49 202 98 100 3 90 222 53 53 10 59 82 63 47 215
137 170 217 185 230 160 233 83 30 27 112 214 189 139 208 9 47 43 54 137 19 252 134 241 204 201 250 232 61 200 129 169
74 249 48 26 121 221 50 234 174 124 140 9 172 158 71 132 133 59 251 65 70 73 250 247 63 85 31 59 18 5 15 223
121 158 111 109 18 42 107 54 116 107 254 238 115 33 144 112 125 230 92 172 185 190 101 47 246 239 160 208 237 170 82 121
153 154 201 121 22 171 97 151 118 75 118 246 115 1 144 120 113 174 46 156 139 188 101 39 196 239 176 192 253 200 112 56
46 89 18 158 121 223 182 96 140 12 229 11 204 214 43 212 200 49 202 98 68 131 18 206 49 52 10 63 82 63 47 215
46 89 18 154 121 213 182 64 172 140 201 9 236 214 35 132 200 49 202 67 68 3 82 238 53 20 10 27 82 63 47 198
38 69 18 132 85 70 230 104 249 172 186 3 72 154 63 196 248 197 130 227 72 163 16 206 49 60 138 15 65 59 124 130
74 249 48 26 121 221 178 202 174 61 12 9 172 212 71 132 129 27 235 67 70 11 218 117 55 20 27 59 18 23 15 206
108 81 16 156 73 221 182 104 206 12 201 9 236 212 43 212 208 49 202 66 70 3 90 157 53 52 11 59 82 63 15 214
0 81 18 156 89 221 150 72 142 140 169 9 140 214 35 132 152 49 202 98 68 35 90 93 181 20 3 63 82 62 15 198
14 249 16 26 73 221 50 232 174 60 137 9 236 214 67 132 129 59 203 66 70 65 218 117 45 16 15 59 18 39 15 214
116 65 80 197 85 78 246 96 73 164 187 3 66 24 12 208 248 213 142 226 72 179 81 206 53 172 130 23 97 59 124 2
102 20 18 136 89 79 150 104 136 44 169 9 70 150 35 148 216 145 202 99 64 163 80 92 49 52 10 59 80 31 47 130
2 49 16 24 73 221 146 78 174 44 136 9 140 214 35 148 144 49 202 33 6 3 218 91 181 20 11 63 18 38 15 78
32 1 18 140 217 71 146 78 10 5 168 9 134 146 34 212 200 145 202 97 4 11 80 90 177 20 10 59 16 10 175 142
50 24 18 136 201 79 144 71 9 5 232 9 6 144 38 144 200 151 198 1 28 171 81 64 145 52 24 83 208 8 174 6
194 184 16 154 9 253 176 203 170 54 128 9 172 214 99 148 129 51 203 1 38 7 218 127 145 16 11 59 16 68 15 222
162 0 18 156 73 253 144 75 154 39 160 25 142 242 38 156 200 177 202 1 52 15 82 210 145 16 91 59 208 76 143 70
162 8 18 152 201 253 144 70 152 15 176 25 14 182 38 156 200 147 202 1 60 43 82 194 145 50 90 91 208 76 175 6
46 61 16 158 121 221 150 96 143 76 173 9 174 214 39 148 200 51 203 67 70 11 122 255 181 48 10 59 82 31 15 215
54 85 18 140 93 214 214 96 153 140 185 3 72 218 47 212 248 229 135 227 76 163 18 204 177 60 131 31 65 63 124 134
74 253 48 26 121 221 182 238 174 61 140 9 172 158 70 148 129 91 235 67 70 75 218 247 63 84 30 127 18 21 15 223
46 85 16 156 125 221 150 104 139 140 169 11 204 214 35 132 216 177 202 99 70 3 90 223 49 52 11 59 82 63 15 215
54 69 66 196 85 70 214 96 25 44 187 2 74 184 61 128 248 205 151 227 76 163 17 206 51 52 142 23 5 63 124 2
46 81 18 156 89 221 150 104 139 140 185 9 204 212 35 132 216 177 202 99 68 35 82 222 177 52 11 59 80 63 15 215
78 253 16 18 89 221 178 232 174 60 141 9 172 214 75 132 129 51 203 67 70 75 218 247 61 20 31 123 18 7 15 223
54 69 114 229 21 78 214 96 89 172 251 3 74 24 45 208 248 213 135 227 72 179 25 206 177 180 128 7 69 59 124 6
46 85 18 140 89 79 150 104 137 132 184 9 206 214 39 148 152 177 194 99 68 35 82 94 49 20 9 63 80 63 15 198
66 49 16 28 25 221 146 77 170 44 136 9 172 214 98 148 144 57 202 33 6 3 218 95 177 20 11 59 16 36 143 70
50 17 18 140 89 79 146 78 137 37 248 9 14 146 38 148 216 157 198 97 12 171 82 198 177 180 8 59 80 14 143 198
50 16 18 136 137 79 144 71 137 45 184 9 14 150 34 148 216 145 206 1 28 171 82 80 145 52 24 123 208 12 143 78
162 28 150 152 201 237 144 71 136 7 160 25 140 182 38 159 201 179 202 17 52 15 82 224 145 18 90 123 144 76 175 134
242 24 18 152 201 237 144 71 154 23 160 25 142 182 38 157 200 179 198 17 60 15 82 240 145 18 90 123 208 76 143 206
62 93 16 158 125 221 150 104 155 140 185 11 110 220 39 148 200 241 198 67 78 35 90 255 177 52 9 59 83 63 15 215
54 85 18 156 121 221 214 104 155 172 248 9 78 252 47 148 216 185 198 99 76 35 82 222 177 52 8 59 81 63 47 70
82 53 16 28 25 221 18 109 171 36 136 9 174 214 103 148 144 185 201 33 6 3 218 95 177 20 11 59 16 36 15 70
50 17 18 140 217 95 150 79 141 44 248 9 14 150 38 148 216 153 206 65 12 171 82 158 177 244 8 59 80 12 143 206
50 153 18 136 217 111 208 71 185 5 248 9 14 190 38 148 200 155 198 17 30 171 82 192 185 52 20 91 80 76 174 206
178 136 150 154 137 237 144 199 152 23 160 25 142 150 38 158 201 179 202 17 62 15 82 226 153 18 90 123 144 76 175 206
82 61 16 158 25 221 18 109 191 140 136 9 174 214 38 148 144 185 207 1 76 3 218 253 177 20 9 59 16 36 143 86
50 149 18 184 217 253 144 79 189 5 248 9 14 254 38 148 200 187 198 17 28 171 82 192 177 244 28 123 208 76 174 206
