81 0 134 141 12 2 168 72 236 192 194 70 208 162 176 98 104 196 106 141 1 209 135 192 148 42 238 0 12 40 113 4
181 206 196 30 140 35 70 248 212 130 64 198 115 224 185 3 89 230 48 174 233 230 14 47 32 46 229 16 125 249 112 136
32 85 105 135 244 74 167 37 60 198 123 205 244 44 16 0 170 111 67 39 113 184 245 110 101 38 62 0 68 90 199 248
3 143 2 158 20 147 170 230 86 1 88 70 96 224 180 228 89 106 2 140 167 184 12 255 32 46 138 136 29 10 120 140
162 207 68 30 214 129 206 230 84 22 80 243 97 96 176 69 89 226 2 207 254 76 14 63 40 34 253 193 53 252 248 140
67 6 134 157 12 130 172 104 180 2 210 199 96 226 176 199 124 100 106 175 228 209 15 205 20 34 203 128 28 124 56 4
162 143 4 155 148 129 134 167 30 19 8 245 224 32 180 197 201 98 2 207 118 76 76 255 44 22 223 66 28 92 208 140
217 100 123 100 7 206 99 96 240 34 230 26 83 147 56 48 56 244 72 170 104 183 176 14 243 235 1 5 97 32 98 34
90 50 80 224 34 9 88 16 45 132 178 169 143 31 64 16 166 149 221 128 0 97 128 192 218 241 35 131 102 128 7 19
3 14 6 158 13 130 172 96 148 2 194 199 96 226 48 199 120 100 42 167 100 193 15 253 48 34 203 0 28 108 56 4
181 206 198 30 140 35 70 248 82 162 66 206 115 224 185 75 89 230 32 46 233 226 15 47 32 46 197 16 253 249 80 8
198 66 20 149 75 94 180 40 189 182 131 145 204 14 15 207 165 85 235 162 100 69 43 192 7 50 91 23 2 53 13 70
3 143 3 158 20 147 170 226 86 1 88 198 96 224 180 228 89 106 2 205 167 184 12 255 32 46 138 136 29 14 120 140
3 143 2 158 20 147 170 230 86 0 90 198 96 224 180 228 89 106 2 140 167 184 12 255 32 46 138 128 29 14 120 140
180 233 64 98 157 129 70 229 195 16 160 8 99 225 121 16 24 226 64 74 90 43 142 59 58 200 5 120 119 155 210 8
83 2 134 157 12 2 172 120 244 2 210 199 64 226 176 199 120 228 110 175 173 193 135 204 20 34 234 128 12 248 121 4
163 207 5 31 212 131 166 166 214 82 64 148 224 96 176 69 73 98 34 79 243 76 79 63 44 34 221 64 28 120 208 156
3 143 66 158 20 131 174 246 86 0 88 198 96 232 180 228 89 106 2 207 163 186 14 255 40 46 162 136 29 138 112 140
3 143 2 158 20 131 170 230 86 0 90 198 96 234 180 196 121 106 2 141 167 186 12 255 32 46 138 128 29 14 56 140
131 143 3 158 20 131 174 230 86 1 88 198 96 224 180 196 89 106 2 205 231 184 12 255 40 38 138 8 29 14 112 140
3 143 3 158 20 131 174 230 86 1 88 198 96 232 180 228 89 106 2 205 231 186 12 255 40 38 138 8 29 14 112 140
