2 193 146 147 214 141 184 207 30 49 75 18 140 186 104 64 183 27 51 1 18 56 26 209 45 20 31 102 144 72 129 128
181 96 97 74 76 17 75 216 198 208 181 206 83 193 249 43 88 200 86 254 139 35 46 56 144 200 161 188 125 187 114 160
2 143 10 158 22 131 186 230 22 4 90 163 96 234 34 192 89 107 131 129 38 152 10 255 32 38 138 131 20 10 60 138
2 143 10 158 20 195 186 230 22 5 88 35 96 234 48 64 89 122 131 129 2 184 10 255 32 38 138 11 20 10 60 138
61 203 104 102 132 144 79 244 64 192 180 206 115 73 191 32 92 226 20 238 201 34 44 45 122 73 165 176 127 187 240 56
1 0 117 77 36 27 168 0 124 96 242 66 219 8 148 224 90 76 126 13 133 240 101 140 4 250 34 0 77 12 89 164
91 0 12 165 36 14 104 48 44 104 146 197 223 42 18 210 230 197 125 165 141 192 197 12 198 243 234 144 44 164 25 17
104 50 120 96 33 13 81 16 97 140 52 44 31 17 130 16 132 148 196 0 136 96 128 0 195 217 32 17 66 128 70 35
21 162 205 163 140 59 234 89 70 243 219 214 211 40 216 170 127 204 126 191 157 244 237 130 156 79 235 212 237 235 217 148
189 65 101 69 100 27 239 48 117 224 115 66 83 1 149 245 122 204 86 110 233 180 101 12 52 170 161 0 111 187 80 160
2 159 10 158 22 131 178 230 22 5 88 231 96 232 34 192 89 123 131 129 6 184 14 255 32 38 138 11 20 10 60 142
9 0 117 69 52 27 168 16 124 96 242 66 219 8 148 164 58 76 126 9 133 240 101 204 4 250 162 0 79 140 81 164
104 50 120 96 32 13 81 16 33 140 52 109 31 3 130 16 134 148 196 0 136 96 128 0 195 209 32 17 74 128 78 19
2 184 16 155 253 141 176 143 30 25 80 48 172 152 96 64 199 27 179 17 50 120 91 183 45 22 30 106 16 8 145 139
7 134 0 155 221 147 138 200 22 1 80 211 96 202 186 192 89 10 130 165 38 178 79 191 60 6 159 109 29 12 184 140
105 48 113 64 101 29 121 16 105 8 180 72 10 25 148 182 142 212 70 8 129 96 240 192 7 216 0 18 67 136 66 37
1 0 117 69 52 27 168 16 124 96 242 66 203 8 148 164 122 76 126 9 133 240 101 204 4 250 162 0 79 140 81 164
134 141 128 190 147 163 182 173 30 3 73 83 228 242 42 192 149 67 163 163 118 8 8 119 40 38 143 199 152 71 169 2
196 205 17 23 176 34 110 167 57 131 11 80 226 96 12 83 3 71 0 106 112 216 137 106 168 62 20 0 128 242 130 8
98 34 78 173 96 2 105 16 53 36 86 167 89 3 146 84 126 140 63 140 136 210 197 200 212 34 171 128 47 132 48 208
38 162 8 137 205 3 176 200 22 180 208 139 192 200 114 0 89 136 163 149 6 114 79 145 28 2 143 127 213 12 28 134
88 2 125 101 46 91 208 0 108 44 178 224 215 28 128 226 162 85 236 33 169 224 101 12 128 227 98 19 100 136 5 37
97 34 112 65 109 25 232 80 105 32 244 72 139 8 148 182 202 197 86 8 140 114 228 192 22 88 0 48 79 140 74 132
50 32 4 137 78 11 160 72 30 164 240 11 4 136 96 0 248 141 99 129 8 115 75 208 29 0 143 59 21 8 53 130
136 149 160 21 145 126 53 55 48 79 78 53 136 53 2 77 177 22 128 32 116 220 49 14 111 103 84 67 130 100 133 115
50 32 96 141 77 9 240 64 109 36 240 11 130 8 22 0 232 133 70 1 12 115 196 192 20 24 130 51 101 8 90 134
28 149 0 190 147 131 6 189 22 3 201 210 113 100 40 196 113 214 153 226 123 9 29 63 184 167 173 212 60 119 184 48
130 225 23 147 221 141 188 197 190 49 99 26 132 234 104 65 165 11 83 19 50 93 26 209 61 16 95 110 144 10 129 128
9 150 192 117 32 59 105 158 55 111 126 245 219 35 154 156 23 14 247 172 161 148 77 219 198 255 241 132 206 212 74 89
181 203 72 14 12 129 78 252 194 208 176 206 115 192 249 49 92 224 84 238 203 35 14 61 176 8 165 184 125 187 242 8
45 0 241 69 116 58 235 24 117 224 119 64 219 33 157 188 90 204 118 106 169 176 101 142 70 239 33 4 239 171 82 161
53 203 108 110 132 129 207 252 64 208 149 206 115 105 186 32 92 226 20 238 201 43 45 61 122 201 165 144 125 187 240 120
25 0 117 69 52 26 232 16 124 96 242 64 219 8 148 228 122 68 126 41 173 240 101 140 134 251 226 16 77 136 65 36
6 6 138 158 148 34 190 67 22 135 91 179 65 234 58 72 121 111 35 183 52 208 141 194 40 38 191 193 132 107 188 130
73 16 133 165 32 28 88 16 41 72 146 77 223 59 146 210 134 197 125 141 141 64 193 128 194 251 234 144 10 164 27 81
104 50 24 96 33 29 88 16 41 140 52 77 143 3 2 20 132 149 205 4 136 96 144 128 195 249 32 147 74 132 74 19
2 156 25 155 254 205 177 206 30 17 81 50 252 220 40 64 215 59 19 17 50 56 91 247 109 22 30 106 148 8 129 155
48 207 72 110 156 129 78 253 64 0 184 239 115 105 184 0 88 226 4 206 222 43 12 61 248 137 165 248 117 218 240 136
105 48 57 96 33 92 81 16 105 8 52 72 159 23 0 48 132 20 93 8 137 96 176 192 195 249 32 18 66 128 66 35
0 159 10 158 22 131 190 230 22 5 90 167 112 234 34 64 125 123 3 195 38 184 30 255 96 38 186 9 28 10 52 154
25 4 117 69 52 27 235 48 124 224 246 66 219 40 148 231 90 68 126 45 169 240 101 140 164 251 99 144 79 168 81 101
6 38 138 147 212 98 190 67 54 135 91 179 64 234 122 72 123 127 51 145 54 210 136 194 44 38 159 197 133 99 189 130
91 16 133 165 37 28 108 48 41 234 146 77 223 58 146 242 198 197 125 141 141 64 229 128 130 251 235 144 14 164 27 85
104 50 16 96 97 29 88 16 41 172 180 109 15 11 66 148 134 148 205 4 136 96 208 192 199 217 33 179 74 132 74 19
2 156 25 155 254 205 177 175 30 17 81 50 188 254 40 64 215 27 51 17 50 56 91 247 45 22 30 98 20 8 129 139
105 48 113 64 101 29 248 80 105 72 180 8 139 27 148 182 238 212 86 8 141 98 240 192 23 216 0 18 79 136 66 165
2 230 72 154 18 129 130 236 22 6 9 167 96 200 174 192 91 75 131 227 102 12 12 127 40 6 159 99 29 30 57 28
204 48 177 97 33 44 81 18 105 186 50 88 159 19 64 59 134 20 125 40 160 100 241 0 195 248 97 150 66 240 66 35
25 0 117 69 52 27 234 48 124 224 242 66 219 40 148 224 122 76 126 41 173 240 101 158 164 239 163 0 109 168 89 36
134 140 132 155 147 163 182 172 158 23 75 17 228 226 42 193 145 75 163 179 54 72 11 119 172 6 95 103 144 71 169 2
105 32 113 64 109 29 248 16 105 40 116 72 138 24 212 182 142 196 70 8 133 114 244 192 23 216 1 50 79 136 74 165
11 6 68 133 48 10 107 48 61 228 246 197 217 35 146 87 118 204 125 172 160 208 69 204 230 251 235 128 46 164 122 209
54 160 4 153 207 139 176 200 22 180 208 139 228 200 98 0 217 201 235 145 6 114 75 149 157 2 143 127 213 12 21 130
88 18 245 101 42 26 125 48 109 174 182 236 207 43 128 198 6 213 236 32 136 224 229 132 130 243 99 144 70 172 5 49
97 32 112 69 109 29 232 64 107 160 240 11 138 8 86 150 234 205 70 1 132 114 196 192 22 24 3 49 77 12 74 132
6 60 156 159 255 237 176 138 30 19 81 50 252 254 73 74 215 91 51 17 50 120 219 243 13 54 94 106 148 73 129 139
214 148 132 26 155 247 22 237 22 51 201 29 64 246 42 84 21 210 185 35 62 75 27 63 187 102 141 127 185 71 188 22
50 32 5 169 78 75 160 72 30 164 240 11 196 128 96 0 120 157 106 129 0 243 75 144 157 128 143 49 17 8 53 130
175 198 228 97 100 62 109 155 55 127 127 245 203 35 218 220 95 140 247 172 169 212 237 210 78 223 247 196 238 244 218 213
61 64 227 69 100 27 231 72 117 162 230 10 91 33 157 180 122 204 98 238 72 178 229 136 118 233 1 4 103 251 90 160
0 148 25 187 222 205 179 237 30 17 81 82 244 243 40 64 247 27 51 17 51 56 91 247 45 134 30 102 20 8 129 171
52 199 77 110 158 3 71 253 6 1 185 226 115 97 184 0 91 194 12 234 90 43 77 61 248 132 165 116 117 154 244 40
105 48 113 100 101 29 113 16 105 168 180 72 158 27 196 182 132 212 76 8 137 98 240 192 199 249 33 50 74 128 74 39
0 142 11 187 86 129 171 236 22 5 88 215 113 234 56 64 93 27 3 129 34 186 91 191 120 166 187 72 29 10 180 152
73 0 117 101 52 30 232 48 109 104 182 64 223 56 148 231 198 68 124 41 173 224 101 140 134 251 98 144 70 172 73 37
6 36 139 187 214 98 175 201 22 135 75 147 85 234 105 72 121 95 35 147 50 210 138 226 89 166 159 76 132 107 181 130
75 48 128 164 33 28 88 16 41 72 182 77 223 55 146 246 134 196 253 12 141 64 209 192 198 249 226 144 42 164 90 81
106 50 80 64 97 29 120 16 41 76 180 77 10 15 134 148 134 133 197 12 136 96 208 192 198 249 32 146 74 132 74 85
0 148 25 155 254 205 187 237 30 49 81 114 252 254 40 64 247 27 51 17 51 56 27 247 45 22 31 102 20 8 129 171
54 160 4 169 157 7 130 200 22 48 208 3 194 200 120 192 217 8 107 181 46 114 91 159 172 6 143 117 157 8 24 130
192 56 185 241 96 108 33 18 187 187 34 120 150 151 65 91 135 21 127 24 35 92 145 66 197 186 114 38 192 64 7 59
25 0 109 101 36 27 232 24 116 224 118 66 219 8 144 224 122 204 126 13 141 240 101 156 134 235 227 0 111 136 88 36
6 172 132 155 153 227 22 168 158 183 136 21 228 226 106 67 145 111 235 179 54 193 27 63 168 22 79 119 144 119 141 2
230 76 158 158 207 224 150 200 158 22 193 19 100 250 41 75 217 123 163 243 34 71 138 235 49 34 207 11 144 121 53 130
99 32 115 64 103 29 248 64 233 0 240 10 8 154 148 182 170 213 86 8 133 114 244 192 23 248 0 18 79 136 75 135
105 48 112 64 101 29 120 16 105 8 180 72 138 27 148 182 142 212 214 8 137 96 224 192 7 217 32 146 74 140 74 165
16 132 9 187 94 131 171 232 22 1 88 214 245 227 56 64 89 90 3 173 43 178 91 191 236 134 191 108 61 10 177 184
89 2 244 101 44 26 88 48 109 168 182 8 203 40 150 231 194 196 124 41 173 225 229 140 134 251 99 16 102 172 73 37
36 36 137 191 222 98 143 200 22 147 65 18 213 227 105 74 89 95 35 147 50 82 219 162 61 166 223 108 149 121 182 162
107 34 96 68 105 28 120 16 41 108 180 205 138 15 214 150 142 196 223 12 141 98 224 192 86 249 33 178 74 132 74 85
20 140 19 187 214 143 171 204 30 49 81 82 253 211 104 64 119 27 50 25 51 184 27 247 173 134 63 100 60 8 129 161
12 188 147 227 242 238 51 147 54 15 105 32 149 247 72 80 55 59 19 24 19 152 184 51 77 197 54 96 162 195 135 243
25 0 244 101 53 27 234 56 119 164 246 2 203 40 150 228 122 204 238 45 172 240 101 158 198 255 195 1 103 172 88 36
52 164 1 187 222 131 131 248 22 49 208 82 241 227 104 64 89 74 34 184 59 114 91 183 172 134 175 100 185 136 176 160
81 2 252 101 44 26 88 0 109 164 182 136 207 40 150 118 194 196 108 41 140 225 229 204 214 251 65 19 102 168 72 4
100 160 137 191 222 35 166 200 18 179 192 82 213 243 73 74 89 222 35 147 18 82 219 162 29 134 239 60 181 121 179 162
99 34 104 64 108 29 248 16 105 108 180 141 138 13 214 54 238 197 223 140 140 98 228 192 22 88 129 179 71 132 86 213
21 160 23 187 222 135 171 200 22 49 82 82 221 211 104 64 123 27 18 184 51 115 27 247 188 134 175 108 185 8 161 160
52 160 144 189 206 3 166 200 22 178 192 74 212 243 73 138 89 220 98 18 35 114 203 18 156 134 239 60 185 120 50 160
21 160 21 185 222 131 170 200 22 176 210 66 217 211 96 196 121 153 122 185 3 242 91 215 156 134 143 100 189 8 33 160
