36 160 5 137 206 11 168 200 22 176 208 202 209 192 112 64 89 136 106 153 2 243 75 145 156 128 143 60 245 8 16 160
97 32 112 68 109 25 248 64 105 32 176 8 138 8 22 178 234 197 70 9 132 98 196 192 22 216 2 49 79 140 74 132
130 143 6 158 22 147 170 230 150 4 90 163 96 234 34 193 89 107 139 133 38 137 14 255 32 38 138 3 20 12 60 142
104 48 57 96 33 77 81 16 105 136 52 8 159 23 0 48 132 21 93 8 128 96 176 0 195 217 32 16 66 128 70 35
38 160 4 153 207 131 176 200 22 180 208 139 228 200 98 0 217 137 227 145 6 114 75 145 29 0 143 127 213 12 61 130
161 207 64 14 214 129 206 244 68 4 88 231 97 96 176 132 88 226 6 207 254 40 12 63 40 4 173 192 117 190 248 140
97 32 113 64 100 29 232 16 105 40 240 72 138 8 148 50 206 196 70 8 140 114 244 192 22 88 0 50 79 140 90 133
53 162 5 185 220 3 170 200 22 48 80 194 241 193 248 64 89 8 2 157 26 114 79 151 156 134 175 108 189 136 48 128
97 32 112 69 109 25 232 64 105 32 240 11 139 8 22 146 234 197 198 1 140 114 196 192 22 216 2 49 79 140 74 132
38 160 4 137 207 67 176 200 22 180 208 139 196 200 98 0 249 137 235 17 6 115 91 145 29 0 143 63 149 12 28 198
6 166 134 154 155 179 182 236 30 23 65 17 204 234 106 200 145 75 163 55 54 72 139 247 44 22 31 111 144 119 169 6
169 121 249 101 228 15 119 148 125 160 102 0 155 17 21 48 20 222 74 106 225 240 113 10 103 153 5 4 66 250 194 40
61 65 97 69 116 26 239 56 101 224 115 70 83 0 157 244 122 204 22 110 201 176 109 12 36 168 161 132 111 187 82 164
2 142 10 158 22 131 178 230 22 4 74 163 96 234 34 64 89 107 131 129 38 136 14 255 32 38 138 11 20 10 60 142
141 41 115 69 116 10 107 16 117 224 119 66 211 33 145 117 58 236 118 250 169 240 237 46 100 174 161 0 239 171 80 160
35 143 73 142 150 129 142 166 6 64 88 230 113 96 188 96 94 98 18 207 215 8 44 127 40 38 175 192 61 154 240 220
130 40 150 159 110 160 184 198 190 27 80 18 172 234 49 75 231 107 59 145 34 93 130 241 20 50 218 138 148 88 33 137
57 105 103 77 52 154 235 80 116 192 122 66 243 0 149 228 122 236 62 238 137 176 101 44 36 236 162 0 109 187 112 172
2 185 152 155 252 173 184 207 158 25 88 50 164 186 96 64 207 59 51 17 18 88 74 241 12 20 158 234 148 72 161 137
2 142 10 158 22 131 154 230 22 5 88 167 96 234 34 64 91 123 131 129 38 136 14 255 40 38 154 11 28 10 60 142
104 48 57 96 33 77 81 16 105 136 52 8 159 23 0 48 132 21 93 8 128 96 176 0 195 217 32 17 66 128 70 35
2 143 10 158 22 131 186 230 22 4 90 167 96 234 50 64 89 107 131 129 38 152 14 255 32 38 138 131 28 10 60 156
130 152 158 159 102 165 184 198 30 11 82 50 228 254 33 72 255 59 51 129 34 156 26 243 5 22 218 130 20 88 33 155
2 220 26 155 146 199 186 231 30 1 72 19 228 222 40 64 247 59 19 145 114 156 26 255 45 22 30 67 144 10 165 154
221 112 51 100 45 76 89 48 233 232 183 72 223 151 75 251 164 69 124 78 201 101 163 128 211 249 98 156 74 180 67 97
104 48 56 96 33 76 81 16 105 136 52 8 159 23 0 48 132 20 93 8 136 96 176 0 195 249 32 16 66 128 66 35
3 141 11 158 22 195 170 230 22 64 90 131 112 238 34 64 89 107 19 133 38 152 14 255 32 38 138 129 20 10 56 204
122 236 96 158 95 145 146 238 139 7 156 139 104 236 62 134 217 227 195 129 30 43 202 247 59 87 157 123 247 14 222 198
104 48 56 96 33 77 81 16 105 136 52 8 159 23 0 48 132 21 221 8 136 96 176 0 195 217 32 16 66 128 66 35
3 141 10 158 20 131 170 230 22 65 88 131 96 232 48 64 89 106 19 133 39 184 8 255 32 38 138 136 28 10 48 152
38 162 4 153 223 147 128 200 22 48 208 131 64 200 122 192 89 9 130 149 22 114 79 151 28 6 143 127 221 12 56 134
72 48 56 96 33 93 81 16 105 8 52 8 159 23 0 48 132 20 221 8 136 96 176 0 195 217 32 16 66 128 66 35
2 140 10 158 22 195 154 230 22 5 74 163 96 234 34 192 91 107 131 129 38 136 14 255 32 38 154 11 20 14 60 142
97 32 113 64 101 29 248 16 105 104 180 72 11 11 148 180 206 132 70 8 141 98 240 192 6 248 0 50 79 136 74 37
34 34 0 137 79 11 160 72 22 180 208 139 192 136 114 0 249 137 99 145 4 114 75 144 28 0 143 63 85 12 28 130
213 135 12 190 154 131 7 189 22 7 201 210 115 99 168 64 113 194 8 234 122 11 13 63 248 167 173 84 53 66 176 8
104 48 56 96 33 77 81 16 105 136 52 8 159 23 0 48 132 20 221 8 136 96 176 0 195 217 32 16 66 128 66 35
128 141 144 23 144 42 46 167 56 131 75 16 204 34 0 72 19 71 0 162 112 220 9 110 44 54 30 64 128 115 129 8
66 2 142 157 12 2 172 104 148 2 210 199 64 234 48 66 120 100 59 167 36 209 3 204 20 34 235 128 20 120 56 0
196 190 156 186 232 173 49 159 186 159 120 57 181 247 72 91 167 115 127 16 50 76 138 51 221 131 127 233 144 64 135 11
54 160 4 169 206 11 160 200 30 180 208 139 196 200 96 0 249 141 107 145 10 242 75 144 156 0 143 55 213 8 21 130
178 207 68 158 150 145 142 173 22 4 200 179 97 96 190 197 91 98 2 239 126 72 12 63 40 38 175 193 53 222 248 140
37 162 4 169 204 3 224 200 22 176 208 194 209 193 113 72 89 8 106 157 10 242 79 159 140 134 175 116 253 136 16 128
61 45 100 69 116 26 107 48 117 160 246 66 251 1 149 244 58 236 118 106 136 176 229 46 102 239 161 0 103 187 90 160
57 73 110 69 52 154 235 48 116 128 246 66 251 64 149 228 122 236 126 104 232 176 101 172 166 235 162 0 103 187 120 168
252 114 178 90 41 157 80 80 227 158 181 12 10 219 71 158 140 176 236 90 204 103 250 192 211 217 65 59 66 191 78 7
0 141 11 190 22 131 142 238 22 1 90 167 113 234 40 64 91 107 3 135 38 168 30 127 104 38 190 72 28 10 176 154
130 156 155 159 246 165 185 71 30 11 82 114 244 254 41 72 255 59 51 145 50 156 10 127 69 38 186 128 148 72 161 155
104 48 49 96 33 93 81 16 105 8 52 8 31 23 0 52 132 20 221 8 137 96 176 192 195 249 32 18 66 128 70 51
2 140 11 190 20 195 170 238 22 1 88 131 113 234 56 64 121 107 19 133 38 184 14 255 104 38 186 8 20 10 48 138
104 48 113 96 97 29 113 16 105 136 52 72 31 17 4 52 132 148 212 8 136 96 176 192 199 249 32 18 66 128 66 35
1 141 11 186 20 195 143 236 22 65 88 131 113 232 56 64 89 106 19 133 35 170 30 255 105 38 187 8 20 10 48 138
104 48 49 96 33 29 81 16 105 136 180 72 159 23 0 52 132 148 93 8 137 96 240 192 195 249 32 18 66 128 66 35
52 130 12 185 222 3 170 200 22 180 208 131 193 194 120 64 89 8 43 149 42 243 79 159 156 6 143 117 21 8 48 128
33 160 4 169 28 11 232 200 30 176 210 66 211 1 80 64 121 140 106 141 10 225 79 157 156 130 143 52 60 136 81 128
56 97 106 76 93 91 199 104 100 164 238 10 99 128 31 180 120 204 106 234 72 179 229 14 115 237 129 17 103 186 126 168
126 86 112 78 109 89 95 184 225 102 181 140 107 77 159 183 94 208 197 106 204 38 254 185 243 249 64 59 119 191 78 119
249 13 110 109 28 155 97 39 116 4 230 10 235 8 147 225 122 174 106 236 76 186 69 141 246 235 128 17 103 136 120 8
32 140 9 187 222 193 139 236 22 1 88 211 113 232 56 64 89 10 3 149 34 178 91 191 124 134 191 76 61 10 176 136
105 48 113 68 101 29 113 16 105 168 180 72 154 25 212 182 142 212 78 8 129 98 224 192 71 217 37 178 74 136 66 37
0 140 11 191 94 195 171 236 22 1 88 211 113 203 56 64 89 10 19 161 35 178 94 191 125 166 187 76 53 10 176 168
231 176 244 82 237 189 248 223 203 123 53 95 40 252 254 174 205 131 243 29 151 126 250 241 31 90 223 238 223 77 219 215
214 84 188 181 11 118 184 10 188 246 131 17 204 126 7 75 167 85 249 163 36 197 123 194 133 115 91 23 128 117 13 87
105 48 113 64 101 29 113 16 105 72 180 72 26 31 132 182 142 212 214 8 137 96 240 192 71 217 32 146 66 140 66 39
0 140 11 191 28 199 171 236 22 1 88 18 113 219 56 64 89 10 19 161 35 186 91 191 109 166 187 76 61 10 176 168
105 48 113 64 101 29 113 16 105 8 180 72 154 27 132 180 134 148 78 8 137 96 224 192 199 249 32 146 74 128 66 37
50 134 12 187 30 131 130 236 22 21 208 163 96 232 42 65 91 75 43 161 46 163 79 255 184 38 223 93 21 8 60 138
97 34 120 68 108 29 248 16 105 168 180 8 138 25 212 54 142 196 70 12 140 114 224 192 22 216 1 51 67 136 74 165
52 132 1 187 222 131 139 200 22 1 80 82 245 211 56 64 89 10 19 137 59 50 91 191 189 134 143 108 61 8 176 160
105 34 120 64 101 29 248 16 105 72 180 8 138 27 148 54 206 212 86 8 133 98 224 192 71 217 32 147 66 136 74 37
52 132 5 187 222 199 171 200 22 49 208 82 241 211 56 64 89 10 51 169 43 242 91 191 253 134 143 124 61 8 176 160
53 164 17 187 221 135 2 200 22 17 192 82 241 211 104 192 89 10 2 184 59 114 91 183 189 134 143 108 185 8 176 160
99 32 121 65 108 89 248 64 105 164 176 8 139 8 212 54 202 196 86 8 140 114 228 192 23 152 1 51 71 136 86 134
20 132 21 249 158 131 67 232 22 49 208 2 211 115 40 97 89 200 106 184 43 227 91 159 237 134 207 116 185 8 48 160
204 252 149 182 139 100 54 170 186 186 0 24 220 246 73 203 145 95 248 98 113 69 155 34 249 163 79 47 130 117 133 179
