65 2 207 157 12 2 173 120 246 194 210 198 81 226 176 98 120 100 42 173 165 209 23 204 20 42 234 0 60 248 113 36
189 204 230 94 196 179 206 248 214 146 78 134 115 105 185 225 89 230 34 238 232 230 30 63 114 43 197 0 127 251 80 8
45 101 115 103 228 29 111 181 125 202 122 72 251 115 152 181 94 106 70 74 201 240 225 224 231 216 100 0 98 250 194 169
2 141 0 158 147 209 182 167 30 65 72 131 108 46 38 196 225 115 147 129 118 8 28 255 40 54 158 67 20 86 189 94
240 236 90 250 186 205 84 230 187 19 164 56 183 223 64 17 131 251 89 80 122 111 202 55 251 219 85 123 112 144 135 11
55 101 66 71 84 27 226 248 85 224 251 78 74 200 189 164 120 204 86 239 141 179 109 206 54 12 131 132 111 191 122 132
82 125 82 172 91 195 22 236 189 132 248 171 108 222 33 80 254 249 207 226 72 131 130 254 177 228 15 155 49 55 39 203
41 173 71 73 212 155 230 119 127 97 122 66 120 136 148 228 122 174 114 8 211 184 101 255 54 60 3 64 111 142 240 172
233 240 1 79 77 29 228 125 207 122 241 92 218 216 28 180 216 12 122 46 197 39 223 211 55 58 80 62 91 14 218 132
88 157 31 236 27 203 23 109 173 4 232 40 222 215 32 81 242 179 207 98 120 11 178 125 241 177 11 59 16 2 167 107
215 73 102 132 76 27 230 224 197 224 210 78 74 200 183 227 104 228 126 231 237 231 7 204 48 42 207 156 77 61 120 4
214 98 134 142 10 34 56 72 175 183 147 183 72 198 107 75 111 197 239 167 40 71 203 192 144 34 207 189 133 119 39 64
3 149 1 141 19 178 130 43 12 1 73 246 104 106 44 196 116 39 146 161 117 136 21 223 40 36 138 194 29 70 177 12
3 142 3 158 20 131 170 230 86 0 90 66 96 234 184 100 89 106 19 137 166 152 14 255 32 38 138 128 28 14 48 140
130 141 2 158 20 195 170 230 150 1 88 2 96 232 48 64 89 106 19 193 34 184 8 255 32 38 138 137 20 12 48 136
104 48 56 96 33 93 81 16 105 136 52 8 158 23 0 52 132 20 221 8 136 96 176 192 195 217 32 16 66 128 66 35
72 48 120 96 32 76 81 16 105 8 52 40 159 23 0 48 134 21 221 8 136 96 176 0 195 249 32 144 66 128 67 35
39 162 0 155 221 147 138 200 22 49 80 211 96 200 56 192 89 10 130 133 54 114 79 183 60 6 143 109 29 12 184 132
67 14 6 158 12 130 172 96 148 2 210 199 96 234 176 199 120 100 42 167 228 193 15 253 52 34 203 128 28 108 56 4
105 32 113 64 101 29 120 16 105 8 52 72 138 27 148 182 142 196 70 8 133 98 224 192 71 217 0 146 66 136 66 37
88 50 88 224 34 72 24 16 45 140 52 168 159 31 64 16 166 149 221 0 0 96 128 192 210 241 34 131 38 128 7 19
38 162 8 155 220 131 138 200 22 49 80 147 96 200 122 64 89 10 3 133 54 114 79 183 60 6 143 109 21 12 184 132
67 14 6 158 12 130 172 96 148 2 210 199 96 234 48 199 120 100 42 167 100 193 15 253 52 34 203 0 28 108 56 4
181 204 198 94 141 34 198 232 214 130 194 2 115 233 57 75 89 230 48 174 104 246 15 47 51 110 197 0 247 249 112 136
2 134 4 155 223 145 170 204 22 21 208 147 96 202 58 192 89 43 162 133 38 171 79 255 60 6 159 111 21 12 184 140
6 121 179 71 240 78 103 152 125 138 98 64 244 87 13 48 180 93 91 106 65 176 25 106 101 158 7 0 64 51 39 56
2 157 1 158 147 208 166 175 30 3 73 243 100 108 60 197 241 115 147 227 119 8 28 255 40 54 158 195 29 86 185 30
94 213 82 254 27 192 30 232 181 4 201 163 108 254 44 80 254 249 139 227 72 3 10 255 177 229 11 31 49 55 39 82
55 101 66 14 92 27 198 232 69 224 233 138 66 200 191 164 120 204 82 111 205 179 93 206 50 44 135 52 127 191 122 132
35 173 103 73 220 155 230 247 127 96 122 66 160 136 148 228 120 46 114 77 215 184 101 253 44 60 135 224 93 142 250 172
231 177 48 12 237 157 214 233 219 106 181 92 202 216 94 180 153 236 126 111 221 39 222 215 22 28 65 126 90 47 218 151
216 149 23 238 155 195 23 109 173 12 160 40 254 215 40 85 246 179 237 98 104 139 170 93 241 144 67 27 18 34 167 123
211 73 70 149 12 30 236 100 237 226 242 70 234 8 183 235 104 229 126 231 237 231 5 236 176 58 206 16 77 61 121 12
198 34 196 147 74 32 184 72 175 183 147 191 204 238 75 91 111 213 239 182 34 87 203 192 156 18 219 191 133 117 39 209
13 32 217 97 100 46 99 24 105 160 103 68 211 65 89 60 22 76 66 110 145 244 249 0 199 217 65 4 202 163 66 160
124 72 78 190 14 64 82 64 132 132 245 131 115 203 59 67 88 224 175 226 8 35 10 169 243 225 224 25 53 187 124 2
35 134 3 155 92 131 138 236 86 1 88 70 96 232 60 196 89 42 19 141 163 186 79 255 44 14 159 104 21 14 176 140
130 141 14 159 28 194 174 226 148 6 210 34 96 234 48 65 121 98 59 227 96 153 11 255 32 34 202 129 20 40 52 138
105 48 113 96 101 93 81 16 105 136 52 8 30 21 132 180 134 148 214 8 129 96 240 192 71 217 32 146 66 128 66 35
88 48 120 96 35 92 81 16 41 8 52 40 159 31 0 48 166 149 221 0 128 64 176 0 195 249 32 147 98 128 7 51
38 162 0 153 221 147 168 200 22 180 208 131 192 200 122 192 89 136 163 149 22 114 79 151 28 6 143 127 213 12 56 134
67 2 134 157 12 2 172 120 188 130 210 199 65 226 176 198 120 100 42 175 164 209 135 204 20 34 239 128 28 248 57 4
105 32 113 64 101 29 248 16 105 96 180 72 138 9 148 180 234 132 78 8 141 98 244 192 23 216 0 50 79 140 66 133
82 50 88 224 34 8 120 80 41 172 178 169 143 31 0 16 166 149 223 128 0 65 128 192 150 249 43 179 100 128 15 19
189 99 1 69 69 31 102 216 97 168 246 72 211 65 153 188 120 204 68 110 233 182 233 10 247 233 33 132 107 251 82 160
54 162 4 137 157 3 184 200 22 180 208 131 193 200 114 192 217 137 235 181 46 227 79 159 156 86 143 119 149 12 56 134
81 2 134 157 12 130 172 120 230 2 210 198 241 226 176 66 106 228 110 141 141 195 207 201 148 34 235 152 29 232 57 4
189 103 2 69 5 31 102 88 113 170 246 76 82 145 21 190 248 236 78 110 233 181 129 10 179 233 33 148 75 123 122 129
