104 48 56 96 33 77 81 16 105 136 52 8 159 23 0 48 132 21 93 8 136 96 176 0 195 217 32 17 66 128 66 35
104 48 112 96 37 29 81 16 105 8 52 8 31 27 4 52 132 148 196 8 137 96 240 192 195 249 32 18 66 128 66 35
3 142 2 158 20 147 138 236 86 1 88 195 96 224 188 196 89 42 2 141 166 170 15 191 40 38 155 136 28 14 184 140
2 143 2 158 23 131 186 230 22 4 90 163 96 234 50 192 89 107 131 133 6 152 10 255 32 38 138 3 20 14 60 138
2 216 16 157 108 133 188 231 158 25 88 34 172 154 32 64 207 59 59 1 66 24 66 245 37 22 154 170 20 24 161 137
176 201 24 168 31 193 149 229 148 12 212 35 54 29 32 65 200 179 135 65 122 43 0 189 241 129 166 91 49 24 164 138
131 209 23 205 21 212 76 37 205 0 194 66 168 18 36 229 192 34 26 200 115 137 112 221 163 248 138 82 18 8 240 44
2 156 2 158 21 135 154 230 22 5 72 7 40 234 34 64 217 123 131 129 34 168 18 255 41 38 154 11 24 14 60 154
3 32 103 73 68 27 160 64 94 96 82 70 200 8 148 164 122 12 122 13 133 240 101 208 6 26 139 128 79 140 89 132
18 34 14 169 10 2 56 88 54 36 210 167 197 7 2 64 126 157 237 133 12 209 65 16 208 225 171 129 36 128 45 209
104 32 120 96 36 77 81 16 96 8 52 8 23 17 0 48 136 148 68 8 8 96 240 0 195 233 32 17 96 128 70 34
3 140 3 218 20 131 138 236 22 1 88 66 96 232 184 228 89 42 19 137 35 170 15 255 40 38 155 136 28 10 48 140
130 143 6 158 28 130 174 226 148 6 210 163 96 234 48 193 121 106 171 231 100 153 15 255 32 38 202 129 28 44 56 140
35 134 0 155 92 147 138 200 86 1 80 211 96 200 186 196 89 10 130 165 38 50 79 191 60 6 159 109 21 14 184 132
2 143 2 158 23 147 170 230 22 5 88 163 32 234 50 192 89 107 131 133 38 184 12 255 40 38 138 11 20 14 60 140
178 76 30 252 79 192 85 230 149 22 214 51 52 151 33 75 72 240 187 194 104 199 2 239 83 163 218 11 53 121 52 170
2 158 2 154 93 133 146 230 158 13 88 85 172 218 34 64 205 59 131 129 38 170 82 255 45 54 154 107 24 12 189 155
19 32 68 129 12 27 168 64 94 96 210 198 193 8 150 228 122 12 126 13 133 240 69 144 4 107 171 128 93 12 89 132
83 18 12 165 56 2 120 16 36 100 210 229 213 10 18 66 102 197 125 133 140 209 197 12 198 227 170 145 44 132 57 80
104 32 120 96 36 77 81 16 96 12 52 40 23 17 128 48 128 148 68 8 8 96 224 0 195 201 32 17 96 128 70 35
3 134 2 155 92 147 138 200 22 1 81 82 96 200 184 196 89 10 18 129 167 178 79 191 44 6 159 236 29 10 184 140
2 156 6 154 29 197 146 230 150 25 216 18 160 248 32 65 201 42 27 1 34 171 90 191 41 54 154 11 16 8 180 138
105 48 113 64 101 29 121 16 105 8 180 8 11 25 148 54 140 212 70 8 137 96 224 192 7 217 0 146 67 136 66 37
3 134 2 155 93 147 138 204 22 1 80 211 96 202 186 192 89 42 130 133 38 186 79 191 60 6 159 111 29 14 184 140
105 73 121 109 52 10 111 188 100 72 126 72 243 1 145 112 90 228 92 106 201 176 101 45 230 237 32 0 102 187 64 41
2 143 2 158 20 131 170 230 22 5 88 163 96 234 50 192 121 107 131 133 38 186 12 255 32 38 138 137 21 14 56 140
30 6 194 190 199 34 126 67 21 135 219 179 65 235 59 200 121 175 167 167 60 150 14 202 146 231 251 129 167 239 56 130
34 158 16 154 253 133 176 198 158 29 80 53 164 216 34 64 201 59 131 5 38 42 90 247 45 22 158 235 24 12 153 155
17 0 101 77 52 27 160 8 126 224 210 70 211 40 148 224 122 76 126 141 141 240 101 156 132 107 227 0 109 44 89 132
6 6 138 158 150 34 172 3 20 135 91 179 64 234 57 200 121 46 163 177 52 212 9 202 8 38 222 131 132 106 188 2
104 50 184 96 33 13 81 16 97 172 180 44 159 17 194 18 132 212 204 0 8 96 192 0 195 249 37 49 98 128 78 35
130 156 30 158 61 199 178 230 158 25 208 32 228 248 32 65 201 114 139 1 34 233 74 255 41 50 218 155 16 8 52 155
38 162 4 153 220 145 170 200 22 49 208 83 96 200 122 192 89 138 51 149 54 114 79 215 28 6 143 237 29 12 248 132
25 0 229 69 52 26 234 48 124 224 242 66 219 40 148 226 122 68 126 41 173 240 101 156 164 235 227 16 109 168 89 36
6 7 138 134 148 34 174 79 20 135 91 179 65 234 56 72 121 111 35 177 52 144 141 202 40 38 191 197 132 123 188 0
89 0 133 165 44 30 76 48 45 234 146 69 223 42 146 242 134 197 125 47 141 192 197 128 194 251 235 144 46 164 27 81
104 50 56 96 33 29 81 16 33 140 52 108 31 19 2 20 134 20 205 8 136 96 144 128 195 249 32 19 74 128 78 51
4 4 142 191 158 32 134 200 22 151 73 147 69 234 105 74 89 95 35 147 50 214 203 162 72 38 223 13 148 123 180 130
