20 174 90 179 214 203 163 194 22 164 66 163 229 129 32 0 59 63 130 129 34 184 13 63 188 134 15 97 117 8 5 128
16 188 19 176 219 203 178 198 150 177 64 26 4 243 96 0 41 123 162 16 50 217 26 55 189 134 31 103 144 8 133 170
252 88 156 118 10 104 81 176 176 182 166 41 119 115 3 27 130 244 237 98 40 71 194 41 211 227 113 57 96 177 14 43
17 167 66 5 18 31 110 248 116 224 90 70 81 98 144 228 54 108 22 238 197 144 29 94 172 172 175 196 45 162 105 133
54 168 26 186 77 133 208 200 139 21 160 11 46 217 110 0 201 163 219 17 14 35 26 241 155 80 139 127 17 13 126 134
226 160 64 152 77 209 232 72 203 49 144 155 136 136 116 171 234 145 211 145 30 43 198 208 30 16 218 127 117 12 126 134
50 36 82 136 83 91 98 64 59 32 242 11 10 154 36 212 248 157 134 160 44 242 129 222 183 244 129 43 99 12 110 134
82 2 2 140 77 2 98 72 61 164 194 11 206 130 32 84 120 205 110 129 8 211 193 194 148 36 139 27 32 4 32 6
50 36 90 24 81 223 82 72 59 160 224 9 66 216 100 145 249 233 130 32 46 243 152 95 59 199 1 47 81 8 106 134
48 5 26 173 20 15 215 104 20 164 250 11 119 105 34 64 248 232 15 35 104 179 89 31 241 231 171 21 113 122 52 130
236 34 248 97 96 47 123 152 107 190 53 40 215 83 201 26 23 220 68 122 0 116 233 16 206 137 33 60 224 243 66 161
85 93 121 101 178 74 79 184 52 226 110 228 215 55 129 112 22 84 60 238 233 144 109 14 228 174 37 132 44 243 5 113
246 112 173 50 11 108 80 200 171 247 165 153 14 223 79 27 141 213 253 151 46 71 218 128 211 211 93 63 195 117 6 86
16 32 19 137 14 72 161 64 172 36 226 2 132 131 32 84 104 149 110 128 8 195 129 192 149 160 138 51 1 8 39 32
2 184 27 184 201 193 145 199 158 85 64 179 172 215 96 64 201 59 163 145 18 74 82 247 205 150 158 107 144 8 165 250
16 34 6 141 12 2 160 72 174 36 194 3 196 131 32 66 104 196 106 128 8 211 131 208 212 32 138 17 16 8 49 130
16 32 23 141 73 74 32 72 174 160 226 0 198 210 64 214 104 212 106 0 8 211 203 80 149 32 3 51 64 8 39 36
82 32 18 128 13 9 224 64 45 32 162 2 132 130 32 80 232 133 78 129 8 51 129 192 149 32 139 51 1 8 35 2
80 32 2 136 13 3 160 64 172 32 194 2 132 130 32 64 232 140 106 129 8 243 129 192 149 32 138 19 16 8 49 130
80 32 22 136 9 11 32 64 174 32 194 0 198 130 32 80 232 132 106 128 8 83 203 80 149 32 11 51 0 0 35 2
92 69 105 229 180 66 79 180 52 164 254 130 83 39 145 96 122 212 29 234 232 144 101 14 227 239 164 132 37 243 116 96
65 176 29 251 139 173 48 143 190 17 96 20 188 179 104 72 167 27 58 16 19 88 146 85 141 146 94 106 152 0 129 186
33 32 21 9 74 11 160 72 118 32 224 74 82 144 0 16 120 140 98 0 1 242 207 16 20 160 3 32 113 8 66 160
17 2 6 137 12 15 160 64 22 32 194 67 193 130 48 64 120 132 106 140 8 241 71 144 148 34 131 16 57 8 56 128
80 34 22 1 74 9 160 64 46 32 226 138 207 131 0 80 42 140 106 8 0 241 133 80 148 34 3 32 97 0 71 160
32 32 9 137 78 9 160 72 70 160 224 10 147 128 64 18 72 204 106 8 8 242 223 16 21 0 3 56 113 8 18 128
131 5 227 133 86 70 235 32 124 224 83 198 209 44 148 97 122 205 59 173 177 144 117 78 53 42 234 128 13 40 113 244
7 0 97 129 100 18 234 16 109 96 82 199 141 10 151 228 182 141 63 221 133 144 53 192 6 120 138 130 47 135 25 84
48 37 104 109 86 75 243 114 80 36 124 11 19 9 18 17 120 188 3 226 104 186 85 30 119 143 32 1 101 138 86 138
245 166 196 21 128 34 77 59 16 191 211 253 195 33 208 27 93 198 100 188 184 218 197 10 76 34 245 148 229 224 210 33
94 249 132 160 155 87 18 200 142 180 138 9 207 214 75 134 145 85 233 241 94 3 219 156 185 196 143 127 128 54 45 6
82 249 144 178 57 205 18 174 171 61 136 13 174 214 74 150 133 243 237 81 94 75 218 241 185 212 31 127 16 4 143 95
90 249 16 186 57 205 18 238 171 61 168 9 174 222 66 148 129 187 237 81 78 75 218 181 185 212 27 123 18 4 15 30
105 111 205 101 52 10 111 53 96 232 126 236 243 33 147 51 26 228 108 110 233 248 229 14 230 255 229 144 108 170 82 40
96 32 0 137 73 9 128 72 68 32 224 10 130 130 0 64 72 140 106 0 8 51 65 0 148 0 138 56 80 8 50 132
80 32 4 129 8 9 32 0 100 32 194 10 195 2 0 80 104 132 106 136 8 179 197 64 148 160 130 16 32 8 33 0
112 32 2 129 72 9 160 64 44 32 162 8 134 128 0 80 232 132 106 0 8 163 193 64 148 32 3 50 64 8 3 134
64 32 2 1 72 9 96 64 108 32 226 0 131 2 0 80 104 140 106 8 0 16 197 0 148 32 131 0 32 136 98 128
32 32 6 9 72 3 160 72 70 0 226 2 0 192 160 64 104 12 98 8 0 243 199 16 20 32 2 8 81 8 34 128
16 32 22 137 75 3 32 72 52 0 194 0 68 194 32 64 120 140 106 128 0 211 131 0 20 0 3 0 0 0 33 130
49 0 6 9 75 15 32 88 118 40 226 66 66 147 0 80 120 140 106 8 8 210 195 16 21 160 35 32 33 8 96 130
0 32 22 137 73 11 160 72 230 32 194 8 132 192 32 64 96 12 106 0 0 243 131 16 20 32 3 57 80 8 35 130
48 50 22 9 74 11 32 72 102 40 194 98 210 144 0 82 72 204 234 128 8 210 207 16 148 160 35 48 56 8 48 2
72 32 6 9 9 9 160 72 166 128 194 8 194 128 64 64 104 4 106 0 8 195 195 16 213 33 3 25 0 8 59 130
24 15 66 165 18 139 111 96 52 36 74 163 67 99 162 64 51 236 14 174 40 144 13 31 224 166 35 129 53 170 4 0
64 168 148 19 168 168 33 135 190 187 2 20 172 162 66 74 163 39 106 16 19 88 195 97 12 18 94 98 128 80 131 9
17 85 87 69 22 30 110 48 100 224 254 70 83 50 148 229 54 196 92 238 237 176 61 76 176 172 167 128 47 178 105 36
58 168 50 250 29 197 208 200 131 20 164 9 46 217 123 16 201 186 129 17 10 35 26 177 219 209 129 59 83 14 118 194
120 5 27 237 20 78 71 120 4 164 234 2 87 99 33 80 120 220 13 106 72 178 89 14 241 165 165 16 49 250 116 98
254 112 237 52 11 104 84 200 171 246 161 185 14 223 79 27 129 213 253 19 44 71 218 128 211 243 85 63 227 117 6 82
114 32 2 140 89 2 66 72 63 36 226 11 78 194 36 212 248 205 234 129 40 211 193 218 177 52 139 59 18 12 54 6
48 36 26 184 82 219 82 104 58 160 224 9 87 216 38 16 249 253 2 33 44 243 154 30 249 199 35 33 81 10 110 130
48 5 26 173 20 15 87 120 20 164 234 11 87 113 34 64 120 204 13 99 8 179 89 31 241 231 35 21 113 122 4 2
252 69 79 236 144 66 71 56 33 164 238 10 83 99 1 83 120 212 76 234 104 147 121 12 241 168 229 16 35 186 102 96
228 34 248 97 96 43 107 24 98 166 53 8 211 67 201 27 51 220 68 122 0 244 233 8 199 137 33 36 225 243 70 160
2 184 25 185 201 193 145 207 158 21 64 179 164 151 96 64 201 59 163 145 19 74 66 177 205 144 158 107 144 8 165 250
48 32 18 137 73 73 160 72 238 32 226 2 134 130 32 84 104 148 106 128 8 195 129 80 148 32 139 59 65 8 39 132
80 32 6 141 8 2 32 72 166 36 194 3 196 131 32 70 104 204 106 128 0 195 195 80 148 32 139 57 16 8 33 130
16 32 2 136 9 8 160 64 238 32 226 0 134 130 32 80 232 132 106 128 8 195 129 80 149 32 11 59 0 8 35 2
124 79 124 228 180 14 79 176 161 172 190 0 83 35 145 83 68 196 125 110 72 129 9 44 243 233 229 148 38 243 88 33
48 32 21 9 74 11 160 72 118 32 224 66 211 128 0 4 120 140 106 8 1 240 197 16 20 32 3 32 113 8 2 160
17 34 6 137 12 11 96 64 38 32 194 66 194 128 32 64 104 132 106 140 8 241 69 144 148 34 131 16 40 8 112 0
16 34 3 1 74 9 160 64 46 32 226 202 199 131 0 80 106 140 106 136 0 243 133 80 148 32 3 32 97 0 35 160
32 32 1 169 76 9 160 72 14 32 240 10 151 128 0 64 72 136 74 8 0 240 197 144 148 0 131 48 113 8 82 128
64 32 6 140 9 2 160 72 174 32 194 0 196 194 32 66 232 68 106 0 0 67 147 80 149 32 139 59 16 8 33 130
252 75 4 164 44 11 70 32 161 180 170 169 199 35 1 211 200 228 236 98 76 35 64 8 242 241 224 25 50 251 94 0
135 1 97 129 244 82 233 0 109 64 83 210 157 14 148 100 166 9 30 159 165 144 37 202 132 120 138 130 12 134 81 196
48 5 108 109 86 107 115 112 52 36 126 11 83 17 2 0 120 188 3 42 40 186 81 14 103 167 32 1 97 138 86 138
97 166 197 21 200 38 72 59 18 187 83 252 193 33 208 159 77 198 100 156 184 216 207 0 12 58 245 212 196 232 210 160
94 237 4 164 155 87 18 168 134 180 138 11 207 210 67 198 160 213 237 243 76 67 219 156 185 193 143 127 34 38 13 14
105 143 111 101 52 10 99 55 112 105 126 236 243 33 144 112 18 230 108 44 185 184 229 15 230 255 96 192 108 162 82 40
114 249 16 186 57 221 18 238 171 60 160 9 174 214 66 144 133 187 205 81 78 75 218 53 185 209 29 123 16 4 15 95
105 135 111 101 52 10 111 55 120 72 126 228 243 33 146 113 18 102 108 44 249 184 229 15 230 255 96 128 76 162 82 105
122 249 16 186 57 205 80 206 171 61 160 13 175 222 74 144 129 155 205 81 78 75 218 181 187 213 25 123 50 4 15 95
25 7 70 173 50 10 110 112 36 44 218 231 67 99 178 196 54 228 14 238 200 145 13 30 176 238 35 128 54 170 41 0
112 157 86 78 19 214 22 226 241 164 238 43 98 116 34 84 54 247 232 226 108 139 25 63 187 231 5 23 99 114 174 23
209 69 70 69 22 22 110 48 100 224 238 70 83 50 148 245 58 196 124 238 237 144 29 76 176 170 231 0 111 178 104 4
160 244 185 81 205 77 225 159 90 121 36 24 182 29 92 36 129 18 80 25 147 124 243 51 109 152 20 118 208 8 215 251
165 177 185 65 244 47 241 157 74 189 55 120 214 17 204 46 149 30 86 56 147 112 121 16 79 157 53 116 194 200 199 161
48 37 26 173 16 75 243 104 52 36 250 3 87 107 34 16 248 157 6 161 12 178 1 30 241 231 35 1 97 42 46 130
254 120 245 116 11 72 84 128 171 242 160 57 14 159 69 27 131 213 253 67 105 71 154 160 147 243 93 191 98 117 6 83
112 32 18 137 75 9 160 64 110 32 226 2 132 130 0 80 104 156 106 128 8 211 193 80 148 32 139 27 1 0 35 134
114 32 10 152 89 151 0 72 187 4 224 9 70 194 38 208 216 237 234 1 46 211 202 27 145 183 11 59 16 8 46 134
172 96 249 69 64 42 99 152 97 166 183 136 211 3 213 63 88 220 68 106 8 246 237 8 69 136 97 36 99 243 70 160
2 176 25 251 203 193 49 207 158 81 64 48 180 151 104 96 193 27 178 16 19 74 82 241 205 144 30 107 144 8 133 186
96 32 6 141 72 2 32 72 166 0 194 3 196 130 32 82 104 204 106 128 0 211 195 80 148 32 138 25 16 8 35 130
16 32 2 136 13 0 160 64 172 32 194 2 132 130 32 64 104 132 106 129 8 131 129 192 145 32 138 59 16 8 49 130
16 32 2 136 9 8 160 64 238 32 226 0 134 130 32 212 104 132 106 128 8 195 129 80 145 32 139 59 0 8 35 6
69 176 149 155 233 237 48 75 238 121 33 16 156 211 104 122 129 11 122 24 19 73 154 81 141 152 27 110 152 64 131 130
16 32 7 65 74 11 160 64 118 32 226 194 195 128 0 4 120 140 106 136 8 241 69 16 20 162 3 16 97 8 32 160
81 0 6 137 76 11 96 64 100 32 194 66 195 128 32 64 104 132 106 12 8 211 197 64 148 34 131 0 32 8 112 0
16 34 3 1 74 9 160 64 36 32 226 194 193 131 0 16 104 140 106 136 0 243 197 64 148 160 3 0 97 8 35 160
0 32 3 129 78 9 224 64 46 32 242 74 151 129 0 64 104 136 74 8 0 241 197 16 148 0 3 48 97 8 81 160
252 75 6 166 44 24 68 32 169 188 170 73 207 34 1 211 128 228 236 102 76 67 194 140 176 241 96 57 34 255 90 8
135 4 101 193 196 74 237 1 108 70 82 82 149 12 148 96 98 137 26 173 177 180 53 202 5 56 138 0 5 0 213 228
176 4 76 229 20 203 115 112 52 38 102 3 83 1 2 16 120 188 5 42 40 184 81 15 231 231 32 1 97 139 68 162
101 34 133 21 204 46 104 27 146 187 131 220 193 32 212 142 205 70 104 28 176 220 203 0 13 50 209 80 192 193 210 4
90 109 20 164 11 87 18 40 131 180 138 11 207 26 67 195 128 213 237 227 76 67 219 156 185 193 207 127 32 38 13 14
112 165 26 164 24 71 83 104 50 164 204 9 151 215 66 16 144 253 77 33 108 219 216 30 249 197 45 61 32 34 14 10
105 135 111 101 52 10 107 51 121 200 126 108 243 33 144 49 18 102 108 108 241 184 229 15 230 255 96 128 76 162 210 41
80 248 24 186 56 221 18 238 170 60 160 9 191 222 74 144 129 155 205 65 78 75 218 53 243 193 57 123 0 0 15 91
56 9 114 250 77 213 80 86 129 13 240 3 43 217 38 128 200 179 135 0 12 171 82 161 83 221 144 27 115 140 124 138
244 67 78 5 2 74 110 104 32 164 250 171 67 100 151 83 62 228 236 234 76 243 141 12 50 161 229 145 101 182 110 80
81 71 70 5 18 30 110 48 101 164 234 198 83 34 178 213 118 196 108 238 236 145 5 76 180 168 227 128 47 182 104 68
217 69 70 69 20 22 110 48 100 192 234 66 83 50 180 245 120 196 62 234 237 145 21 12 178 168 227 0 111 178 104 4
56 5 26 173 16 75 115 88 52 36 250 3 87 227 34 80 120 188 7 160 8 178 65 30 241 165 163 1 113 170 36 130
120 5 87 77 20 74 71 120 37 164 234 66 83 103 160 213 120 212 12 106 104 179 121 12 241 168 165 16 115 170 100 96
161 180 184 65 244 15 225 159 78 61 54 88 214 17 220 46 149 22 86 56 211 116 121 16 109 152 53 116 210 200 193 169
102 34 153 176 203 233 177 74 170 183 129 185 140 191 65 26 143 211 251 17 18 71 202 192 221 18 95 255 128 65 7 227
2 160 157 249 203 233 49 207 158 57 0 56 180 151 104 104 193 27 242 16 19 72 106 209 205 144 30 127 144 8 133 171
52 96 225 69 64 43 99 152 97 166 255 136 211 1 213 62 88 204 68 106 8 246 237 8 69 136 97 4 227 251 70 160
80 32 2 137 9 9 32 72 174 32 226 8 132 130 0 84 232 140 106 128 0 195 195 80 149 32 11 59 0 0 35 134
0 160 149 27 233 233 49 207 254 121 33 16 156 211 104 120 161 11 106 24 19 88 154 81 13 144 23 111 152 64 131 163
16 34 7 1 10 11 160 64 118 32 226 194 195 128 0 64 120 140 106 136 8 241 69 16 20 34 131 16 97 8 32 128
81 0 6 137 78 11 96 64 100 32 194 74 211 128 0 64 104 140 106 12 8 211 197 0 148 34 131 0 33 8 112 128
16 34 7 137 72 11 160 64 38 32 226 194 193 131 0 80 104 140 106 140 8 243 197 80 148 160 131 0 97 8 99 128
213 99 150 182 41 12 84 4 169 154 160 93 142 130 65 223 160 229 108 78 108 71 146 192 145 240 84 58 8 53 11 7
128 4 121 193 196 106 175 23 108 6 91 82 149 33 176 96 35 18 26 43 241 188 53 66 101 40 174 0 4 216 213 224
117 35 193 39 156 58 66 8 66 160 139 252 195 96 217 154 19 196 108 247 153 66 205 0 152 196 173 124 172 107 18 4
56 4 78 229 16 74 83 48 52 6 102 1 211 33 2 80 88 168 4 40 40 176 81 15 227 231 32 65 97 170 68 34
250 105 4 164 11 81 20 44 131 180 130 9 239 154 67 215 128 245 237 195 76 67 223 144 145 240 205 59 32 52 28 14
120 248 24 186 121 205 80 238 162 60 172 9 191 223 74 16 128 187 205 65 78 75 90 63 243 197 57 57 48 0 14 91
137 83 31 235 48 134 123 20 124 8 118 116 220 19 177 97 214 9 30 126 163 180 33 222 228 249 34 128 26 144 33 33
184 80 90 250 77 213 80 85 149 13 244 27 59 219 34 0 200 178 135 0 10 47 82 161 115 201 48 25 115 136 236 138
165 32 245 65 164 123 234 25 106 232 51 88 211 8 220 175 19 4 84 63 145 240 237 128 12 152 101 116 196 235 211 36
70 34 145 144 203 104 185 74 170 191 129 185 140 175 65 26 141 87 235 17 18 71 202 64 221 16 91 255 128 97 7 227
56 5 18 173 16 3 67 120 37 36 234 1 83 99 32 80 120 236 15 104 8 179 9 28 241 164 161 16 114 170 36 98
240 69 87 77 82 74 71 120 101 164 226 74 83 67 160 245 120 212 76 106 105 179 105 28 179 234 37 16 115 186 100 32
2 160 17 217 235 201 49 207 158 49 1 56 148 151 104 104 129 27 234 16 18 88 106 209 205 144 30 127 144 8 133 171
64 32 2 137 73 9 32 72 238 32 226 8 132 130 0 80 232 140 106 128 4 211 195 80 149 32 11 57 0 0 35 134
60 96 241 69 64 43 67 24 97 166 247 136 83 1 197 30 88 220 68 106 8 246 237 10 69 140 97 20 227 251 70 160
0 176 149 83 235 233 48 203 254 121 33 48 156 147 72 120 131 27 234 16 19 88 203 81 13 146 23 111 144 0 135 163
16 34 7 1 8 11 160 64 102 32 226 66 195 128 0 64 104 140 106 136 8 241 69 16 20 34 131 16 97 8 96 160
17 0 6 137 78 11 32 64 100 32 194 74 211 128 0 64 104 140 106 140 8 211 197 0 148 32 131 0 41 8 112 128
16 32 7 9 72 11 224 64 36 32 226 194 193 131 0 64 104 140 106 140 8 243 197 64 20 160 131 0 97 8 96 160
64 160 150 29 10 11 36 168 246 178 66 8 228 224 72 66 17 108 104 33 32 81 139 25 12 34 69 63 144 96 27 130
69 176 148 17 141 173 48 138 238 177 3 28 156 176 73 90 161 6 106 24 19 73 155 80 13 26 19 110 200 65 91 130
117 34 193 33 156 42 66 8 99 160 131 236 211 64 217 154 19 204 108 255 153 82 205 8 156 193 173 244 172 171 18 0
132 12 57 193 196 110 231 51 116 6 118 18 145 33 48 73 105 26 10 40 48 184 49 2 101 174 54 0 209 200 213 160
210 97 132 180 41 89 4 0 171 182 130 25 166 128 71 159 128 228 236 67 76 69 211 128 145 240 217 59 0 53 31 14
80 116 24 164 16 79 83 56 50 164 134 9 215 23 66 17 144 253 77 96 40 218 217 30 251 231 33 53 32 130 6 74
201 156 63 101 36 14 103 48 121 74 119 76 255 33 144 115 180 100 124 110 225 188 177 15 231 251 96 0 74 162 67 113
141 86 29 251 50 134 127 48 124 10 119 84 252 83 40 97 244 49 30 254 225 148 57 254 231 219 42 194 24 145 161 33
184 212 88 250 109 205 209 93 133 13 245 27 115 221 42 1 200 154 135 10 106 39 90 3 83 201 48 25 115 138 236 155
125 34 201 165 90 43 66 24 35 160 129 237 83 1 209 26 26 204 108 254 13 210 205 10 220 197 161 52 173 227 18 0
0 132 30 227 148 78 99 178 52 6 111 16 247 35 34 64 51 8 38 10 48 184 25 46 237 175 38 64 112 202 101 162
210 96 134 22 41 76 4 0 171 182 131 25 166 128 71 143 129 100 236 83 78 69 195 32 145 50 89 59 0 53 31 14
201 132 63 127 52 206 103 32 121 66 103 16 215 49 16 115 176 100 120 110 97 188 177 111 231 251 64 64 74 129 67 96
178 240 49 186 121 205 81 237 171 61 161 25 38 215 8 20 133 155 95 0 10 7 90 87 145 208 17 62 50 2 134 251
205 84 63 251 3 6 61 178 125 90 119 84 220 83 41 121 245 17 62 170 225 148 59 214 199 251 114 2 26 80 33 51
188 144 120 122 237 77 215 249 23 63 181 27 91 93 46 25 93 144 135 42 58 39 122 149 83 203 97 125 115 139 196 211
253 4 111 123 5 206 97 32 124 82 103 24 211 81 24 121 96 132 120 110 121 180 49 63 199 235 80 64 96 9 82 98
224 52 29 154 104 205 1 77 46 61 169 24 182 215 8 16 16 26 75 8 3 3 90 87 213 128 57 56 16 2 135 242
205 20 189 253 43 102 61 26 255 91 55 48 220 119 168 123 199 87 62 138 161 69 59 210 199 251 119 134 152 113 33 51
