64 6 159 93 24 2 37 104 246 130 226 64 82 225 160 99 112 100 106 42 41 241 139 13 116 162 231 0 80 120 112 32
48 34 6 9 73 3 32 72 118 32 226 72 64 130 96 16 120 204 106 128 0 211 143 16 20 2 1 1 73 0 34 128
0 32 6 29 72 138 161 72 246 128 224 0 80 192 64 214 56 108 106 0 2 243 143 17 20 32 3 8 64 0 43 128
189 12 1 190 93 237 66 72 151 64 225 9 50 89 33 145 216 168 64 106 47 34 90 189 211 217 129 59 90 15 90 146
33 50 7 1 72 11 160 72 230 168 226 108 192 192 192 82 105 76 106 0 5 211 203 16 28 2 5 56 72 0 18 144
113 0 11 136 77 100 237 70 237 82 224 26 25 2 53 123 104 129 66 140 9 51 16 192 21 0 210 8 65 88 98 172
88 32 134 37 75 75 32 72 54 164 198 136 67 160 66 22 120 204 234 0 8 211 199 0 20 35 1 33 33 32 46 196
49 40 203 161 71 45 161 67 102 113 98 146 151 128 64 120 104 168 66 140 19 190 117 96 213 225 18 32 233 153 115 240
96 32 14 1 72 27 32 72 114 160 226 8 80 192 192 114 121 76 106 8 0 211 255 16 92 2 5 56 64 0 82 160
80 32 134 4 74 15 32 72 54 160 194 136 67 160 64 18 112 204 106 0 0 211 199 0 21 34 1 32 33 32 34 130
153 18 15 169 76 171 225 83 22 113 71 214 145 5 96 73 108 140 42 156 155 252 85 16 212 161 146 68 253 136 240 176
145 18 27 201 102 129 33 93 52 1 215 246 145 131 224 73 120 140 42 156 25 158 67 144 212 161 242 76 56 136 176 177
36 160 22 152 207 199 144 200 150 176 224 10 196 208 104 132 217 216 234 17 2 115 91 149 29 2 143 127 145 8 45 134
96 34 6 1 73 11 32 72 114 168 226 76 64 192 64 82 121 76 106 0 0 211 203 16 28 2 5 57 72 0 82 130
81 2 143 221 14 2 101 120 244 130 194 66 81 227 160 66 120 228 106 168 33 209 143 204 84 170 231 0 41 232 113 32
96 32 196 172 77 75 160 72 62 180 240 139 130 232 68 130 121 220 226 17 10 115 219 80 29 0 7 63 65 40 94 130
88 32 142 36 74 11 32 72 54 160 194 200 83 160 64 146 112 204 234 0 0 211 199 0 20 35 33 32 32 32 42 128
97 32 14 1 74 11 32 72 114 160 226 204 80 192 194 86 121 76 106 4 1 211 207 16 28 2 37 56 73 0 122 128
145 34 155 185 68 43 225 86 116 11 114 86 21 131 168 9 122 136 6 141 3 252 1 65 212 129 122 0 105 0 163 136
80 34 134 4 75 11 33 72 230 164 194 140 66 160 66 22 96 76 234 0 0 211 215 0 21 34 3 33 0 32 39 242
81 32 159 133 10 10 41 72 236 160 226 66 221 162 208 114 99 197 110 140 1 209 135 64 156 34 239 0 40 32 35 36
153 2 139 185 20 171 97 94 22 171 118 246 83 131 161 72 120 172 6 152 43 180 37 30 196 231 176 0 56 136 96 184
83 161 16 137 19 232 104 71 109 1 168 10 142 2 4 244 226 129 78 136 22 27 149 213 149 176 154 107 33 0 171 12
81 32 135 133 10 10 104 64 236 128 194 66 212 130 80 114 96 197 106 140 1 209 133 64 156 32 143 0 32 0 35 4
32 32 192 133 78 9 224 72 14 164 240 139 130 128 68 2 104 204 66 5 8 115 207 80 28 0 135 57 65 40 86 130
64 2 150 29 12 2 165 104 246 130 194 66 80 224 160 102 120 100 106 40 41 241 139 13 20 34 231 0 89 120 112 32
64 0 22 200 93 214 160 73 228 13 198 2 128 146 36 206 232 4 234 16 24 131 147 192 25 48 138 95 146 8 125 6
52 160 20 153 219 131 32 200 22 176 192 10 196 194 104 192 89 88 226 16 2 83 91 21 157 130 15 125 176 8 41 130
81 32 142 5 8 10 32 72 236 160 194 66 212 226 80 114 97 196 106 156 5 209 135 64 156 34 207 0 8 32 43 4
96 34 132 133 74 11 160 72 50 180 224 139 194 224 64 18 57 204 106 21 8 115 223 16 28 0 15 61 97 40 86 130
64 0 159 29 12 10 164 104 246 130 194 66 80 224 160 230 120 228 106 168 33 241 139 13 21 34 231 0 25 120 112 32
83 160 2 129 1 200 96 64 108 33 131 0 132 2 18 212 96 133 74 141 6 9 149 85 149 32 138 64 0 4 35 4
80 2 207 77 4 2 97 19 100 17 226 66 83 1 160 74 96 4 42 152 27 184 7 4 92 162 242 68 169 136 240 32
52 160 20 153 219 195 160 200 22 176 192 10 196 210 104 128 121 216 226 16 2 83 203 21 157 130 15 125 177 8 37 130
81 32 135 133 10 10 33 64 236 128 194 66 212 162 80 114 96 197 106 140 1 209 133 64 156 34 207 0 32 32 35 36
32 32 129 133 78 73 160 72 14 176 240 139 130 192 68 2 105 204 66 1 8 115 203 16 29 0 135 61 65 40 86 130
65 224 25 129 10 136 41 6 110 1 138 64 156 2 208 112 98 137 74 137 3 9 133 85 148 4 154 72 8 0 35 44
20 160 20 155 219 199 32 200 22 177 192 10 228 210 104 64 89 90 226 16 2 83 91 53 157 130 5 127 176 8 41 130
64 0 6 201 29 86 160 64 228 5 194 2 0 144 36 102 96 4 106 152 26 131 147 64 21 32 130 89 16 8 124 6
210 0 18 136 29 69 0 72 141 8 128 2 134 146 109 204 208 161 78 49 12 7 130 192 145 48 138 63 16 42 49 6
82 32 2 160 17 36 72 66 41 0 160 25 14 130 100 148 248 137 76 181 14 3 16 212 145 208 138 127 0 4 43 6
36 160 20 185 219 195 160 200 86 176 224 10 196 210 104 132 121 88 98 16 2 115 91 21 157 130 7 127 144 8 45 130
64 2 151 93 12 2 101 104 244 130 226 66 80 227 160 98 120 100 106 168 41 241 139 13 84 162 231 0 8 120 96 32
96 32 192 164 76 73 224 72 42 164 240 139 130 128 68 18 104 204 66 1 8 115 203 80 29 0 7 57 97 40 70 130
65 224 81 137 10 136 40 0 238 17 2 192 189 130 208 112 34 9 122 156 3 28 135 81 132 40 58 104 44 128 1 40
81 128 207 85 22 138 97 23 118 17 98 82 211 1 144 120 112 204 40 152 27 248 197 5 76 171 242 64 173 128 240 40
81 32 159 133 10 10 40 64 236 160 226 66 222 130 80 114 96 197 106 140 1 209 133 64 156 34 143 0 40 0 35 4
64 0 2 136 29 64 160 72 228 5 194 2 128 128 100 206 96 4 106 145 26 131 149 192 17 32 138 93 128 8 121 6
83 32 2 129 19 128 40 67 44 33 130 26 6 2 68 212 96 129 74 156 30 27 149 85 149 0 154 112 1 0 171 4
65 160 9 1 10 136 41 0 236 17 130 64 177 130 208 80 34 128 106 140 3 9 133 81 148 32 138 64 40 0 35 44
81 3 142 69 4 2 97 0 102 49 195 66 208 0 144 106 104 4 42 152 27 184 133 0 92 32 178 68 169 8 112 32
160 241 56 97 92 15 69 189 70 53 164 12 210 17 88 49 153 156 66 40 106 50 121 21 111 153 21 116 88 138 210 186
20 132 146 30 155 134 22 172 118 23 104 16 102 226 40 80 145 74 160 34 50 201 27 63 169 166 21 79 176 98 165 2
32 32 0 129 73 73 160 64 102 164 226 10 128 128 96 64 104 12 106 0 0 114 209 16 20 0 131 57 81 8 90 128
81 16 142 13 10 18 33 88 118 224 198 164 83 224 162 114 112 204 106 128 9 211 171 0 208 34 97 0 96 32 32 112
32 48 4 13 73 223 160 72 214 244 224 12 192 192 66 2 89 108 234 0 4 211 251 16 29 0 5 63 80 8 6 214
101 46 143 87 140 34 70 184 210 242 194 84 83 225 217 43 89 102 96 62 185 243 175 42 104 43 101 4 233 249 240 32
94 236 132 18 155 103 22 200 150 183 64 17 68 246 75 142 145 95 232 18 54 81 155 51 169 6 205 111 128 117 143 134
0 216 20 31 73 221 176 8 142 148 69 1 228 212 43 140 128 50 234 66 6 64 91 61 5 18 65 59 80 6 13 158
96 32 8 129 72 13 160 64 198 160 226 10 128 128 68 64 104 140 106 0 0 115 193 16 21 0 131 56 81 8 82 130
181 110 205 94 170 35 71 188 208 162 96 252 115 225 153 59 25 230 4 110 233 102 46 47 32 175 101 56 121 251 82 169
198 164 150 18 145 246 22 174 59 151 11 17 108 246 74 220 145 91 160 18 54 200 139 119 169 54 21 71 130 119 141 6
88 0 134 13 8 2 32 72 118 160 194 0 67 160 32 66 112 196 106 128 8 211 143 0 16 163 65 0 97 32 96 0
32 32 4 29 72 139 160 72 214 184 224 72 192 192 64 2 89 108 106 0 2 83 203 17 28 0 5 60 80 8 2 128
80 0 18 129 74 8 32 64 100 32 194 2 199 130 0 66 96 204 106 136 8 211 129 64 149 160 2 0 40 0 33 0
32 34 0 129 72 9 161 64 198 160 226 74 128 128 64 64 104 140 106 0 0 115 193 16 20 0 131 56 81 8 82 128
80 0 135 13 10 66 32 72 118 164 194 0 67 160 32 66 112 204 106 128 9 211 143 0 16 34 65 0 104 32 96 16
40 32 4 29 73 139 161 72 214 180 224 8 192 192 66 134 89 108 106 8 2 83 235 17 28 0 5 60 80 8 6 132
165 204 30 94 152 131 6 184 214 18 98 72 114 225 160 81 17 98 32 42 105 242 11 63 104 39 101 16 88 120 64 8
20 164 128 23 155 103 22 200 22 179 68 16 68 242 107 12 17 94 160 176 54 80 155 58 169 6 77 47 176 117 173 2
165 204 212 30 200 139 7 190 214 146 96 248 115 225 128 49 17 98 96 46 97 236 78 63 104 174 117 8 112 240 194 8
212 140 148 30 147 210 22 172 118 23 107 17 102 242 42 212 145 74 160 50 114 73 59 63 169 230 21 87 176 103 166 70
37 78 142 30 204 34 135 184 210 146 66 68 112 224 177 43 89 102 32 58 237 243 143 42 104 38 101 4 201 121 80 8
22 228 132 55 155 119 22 200 22 183 64 17 68 226 73 206 145 94 160 18 50 81 155 51 169 6 93 111 130 117 141 134
22 164 128 23 155 167 22 200 22 183 8 17 68 230 107 200 145 95 160 178 54 81 155 58 41 6 77 111 176 119 161 22
37 110 135 86 140 34 71 184 210 242 66 80 81 225 249 43 89 102 96 58 249 243 143 42 104 46 101 4 205 249 240 160
81 0 196 193 22 2 97 16 102 49 66 66 145 3 208 106 96 140 42 152 27 152 197 192 204 168 178 68 173 128 112 32
65 160 73 1 18 136 104 0 44 49 234 192 157 2 208 80 34 141 74 220 19 24 197 85 148 32 170 64 41 3 163 160
49 6 79 124 16 34 69 123 84 163 230 236 83 97 160 121 88 228 36 44 57 251 5 29 208 167 113 20 249 168 98 32
148 172 146 30 155 218 22 172 118 23 105 48 102 240 42 212 145 74 160 34 114 201 11 63 169 166 85 79 210 118 133 7
165 204 87 94 152 131 7 186 214 18 98 252 115 225 160 213 17 98 32 42 105 222 43 63 40 166 101 16 122 240 194 40
113 4 79 124 16 34 69 123 84 162 227 108 83 97 160 113 89 228 36 44 185 243 13 31 240 175 113 20 249 224 98 32
32 0 6 137 77 11 160 72 198 32 192 2 196 192 32 64 72 12 106 1 0 243 203 16 21 34 131 56 16 8 48 130
81 0 6 136 12 3 32 72 100 32 194 66 192 130 32 64 104 132 106 136 0 147 71 64 148 34 138 0 16 8 49 128
80 0 134 28 11 2 32 104 118 160 194 0 66 224 96 82 113 204 104 128 8 209 139 8 25 163 65 0 96 32 32 0
32 32 132 29 72 139 160 72 214 176 64 72 212 224 64 16 25 108 106 16 2 83 203 24 12 2 5 60 80 40 2 128
16 0 6 169 76 3 32 72 118 32 194 66 81 130 32 192 120 140 42 136 8 211 71 16 148 162 163 0 49 8 48 0
112 34 2 137 76 9 64 72 100 32 194 202 195 128 0 64 104 132 106 9 8 179 199 0 148 32 138 25 56 8 16 0
165 206 205 127 136 171 70 190 210 210 104 220 115 97 137 51 21 106 32 110 225 116 78 63 100 139 117 32 113 240 194 168
84 141 146 18 145 246 22 175 186 147 43 17 78 242 46 208 145 87 160 50 118 73 26 63 41 54 5 95 128 119 143 70
96 32 4 137 12 11 32 72 204 32 194 10 128 130 0 192 104 132 106 0 8 147 197 0 148 32 138 16 16 8 56 4
80 2 18 128 74 72 33 64 100 32 194 70 198 130 32 66 96 204 106 136 1 209 129 64 148 32 2 0 40 0 35 128
40 152 20 31 89 223 48 168 142 28 101 9 228 240 39 155 129 50 234 0 6 64 91 61 15 50 65 27 82 7 13 135
32 34 7 137 76 11 160 72 70 36 194 74 128 192 32 64 104 12 106 1 0 179 199 16 20 32 138 24 17 8 48 128
241 6 75 108 18 35 71 123 113 226 238 254 83 33 144 49 120 198 68 174 249 191 69 30 242 239 225 16 105 232 114 8
49 34 199 101 150 2 69 127 82 163 226 102 83 33 176 43 88 236 32 44 185 251 165 12 88 174 245 4 233 232 240 40
81 0 14 137 12 11 32 72 100 32 194 2 192 130 34 192 104 132 106 136 4 145 71 64 148 34 138 1 49 8 56 128
80 0 18 129 74 8 32 64 100 32 194 130 215 130 0 66 96 204 106 136 8 211 133 64 212 160 2 0 32 0 33 0
80 0 6 137 13 75 32 72 100 36 194 2 192 130 34 64 104 132 106 136 0 145 87 64 148 34 138 1 49 8 52 128
33 32 15 137 76 11 161 72 70 32 192 142 128 192 32 64 104 12 106 1 1 179 199 16 20 32 138 56 17 8 48 128
70 57 134 30 77 214 180 41 142 156 135 1 228 252 71 206 128 116 235 17 20 65 250 136 15 50 205 27 130 110 29 134
16 32 0 137 13 65 160 72 70 36 226 2 128 128 32 64 104 140 74 128 8 163 219 16 149 0 139 57 81 8 53 132
16 32 1 137 12 1 160 72 70 32 226 66 128 128 32 192 104 140 74 136 8 163 203 16 148 0 139 56 81 8 57 132
16 2 6 137 10 66 160 64 36 0 194 66 193 130 32 64 104 140 106 136 8 145 193 64 148 160 170 0 49 8 32 0
32 32 6 137 76 11 160 72 70 32 194 10 128 192 32 64 104 12 106 1 0 179 199 16 20 32 138 24 17 8 48 128
16 32 0 137 12 5 160 72 70 32 226 2 128 128 32 64 104 140 74 129 8 163 203 16 148 0 139 56 81 8 49 128
16 0 15 137 10 2 161 64 36 4 194 70 209 130 32 64 104 140 106 136 9 145 193 64 148 160 170 0 57 8 32 32
16 0 6 137 10 2 160 64 36 0 194 130 193 131 0 64 104 140 106 136 8 145 193 0 148 161 138 0 49 8 32 0
49 34 207 101 150 2 69 127 82 179 226 230 83 33 144 43 89 236 96 44 185 251 165 8 88 171 245 4 237 232 112 40
81 130 205 113 4 138 97 16 102 17 102 66 211 1 208 106 96 140 42 216 11 184 199 33 76 169 178 64 41 128 112 32
40 32 6 1 73 27 160 72 118 160 66 8 80 128 96 114 57 76 106 0 0 211 171 16 93 1 5 8 64 0 51 128
80 32 134 12 74 15 32 72 54 168 194 72 83 224 64 82 120 204 106 128 0 211 199 0 21 34 33 32 41 0 34 130
185 16 75 249 6 174 97 86 118 67 230 150 19 131 32 104 125 140 2 156 59 158 245 18 213 237 146 64 185 136 240 240
54 160 148 153 139 223 144 200 158 180 224 11 204 210 106 132 217 125 234 16 6 83 91 157 153 210 15 127 146 12 45 134
32 48 6 1 73 15 160 72 118 168 226 76 64 192 64 80 121 76 106 0 1 243 155 16 20 0 5 8 72 8 50 130
89 34 14 13 72 26 32 72 54 160 194 128 65 227 130 208 120 204 234 128 12 211 207 0 20 35 3 32 34 0 42 128
17 6 207 93 30 2 101 120 118 162 226 230 81 227 160 99 120 228 106 172 169 241 173 12 116 171 231 0 41 248 112 32
101 162 142 85 140 2 37 248 246 178 194 98 80 224 209 107 81 100 104 61 185 211 143 8 76 34 229 4 233 120 112 0
50 32 64 141 79 73 224 72 171 164 176 11 2 136 68 150 232 221 234 1 8 99 219 208 157 16 7 59 65 8 94 130
22 160 132 21 139 7 6 200 22 182 64 8 68 228 75 14 17 92 224 49 38 83 155 26 137 6 77 47 128 116 31 134
37 142 199 30 152 3 71 184 214 130 98 72 115 225 169 115 17 102 96 46 104 240 15 63 40 174 101 0 112 240 66 32
153 162 139 185 4 43 105 86 118 75 114 118 19 131 168 72 120 136 6 156 171 188 37 2 212 199 242 0 233 200 160 169
20 172 148 26 153 211 22 168 54 55 64 17 102 242 42 80 145 126 160 48 54 64 11 63 169 166 5 111 208 100 141 70
81 32 142 133 14 10 33 64 236 128 194 66 208 130 80 114 104 196 106 137 1 211 135 64 156 34 139 0 32 32 35 4
65 34 223 133 10 2 105 64 108 160 242 66 221 130 144 114 98 197 110 136 1 209 133 64 148 34 171 0 44 32 35 32
153 2 203 225 20 171 99 87 116 43 214 246 51 129 160 104 120 140 14 156 43 188 37 14 212 239 178 64 169 136 240 56
210 161 26 128 17 84 96 69 109 37 160 18 142 18 6 212 232 129 206 129 30 27 145 215 145 144 138 107 1 0 175 6
32 32 196 141 79 11 160 72 30 160 224 11 130 128 64 130 120 204 98 1 8 115 219 16 28 0 15 57 97 8 86 130
64 2 143 93 12 2 32 104 246 128 226 66 80 224 160 66 120 100 106 40 9 243 139 9 20 34 231 0 41 40 112 32
52 160 20 153 203 203 32 200 22 176 192 10 68 194 96 128 89 92 226 16 2 83 91 29 157 130 7 125 48 8 37 130
37 142 207 30 152 3 6 184 86 194 98 100 115 225 168 81 81 102 96 42 105 209 11 63 40 175 101 0 120 240 64 32
88 1 18 200 25 116 176 67 236 13 202 0 130 146 100 212 232 132 234 48 30 131 145 192 145 48 138 91 18 12 173 134
20 172 150 26 155 219 22 232 54 55 64 17 102 240 42 212 145 110 160 48 54 80 11 63 169 166 5 111 208 100 141 6
113 2 207 125 18 10 65 119 116 99 230 252 83 33 128 121 120 196 36 44 185 250 101 12 208 175 112 80 233 168 242 32
81 2 79 193 6 130 97 23 100 49 98 70 145 3 192 106 96 140 42 152 27 184 197 0 76 161 178 64 41 128 240 168
81 194 76 193 6 136 105 21 102 17 66 194 145 3 208 104 96 140 42 152 19 152 197 193 204 168 178 64 45 128 112 32
83 0 0 128 1 140 96 64 109 4 162 18 142 2 0 212 104 129 74 141 30 3 20 212 149 0 138 109 49 1 171 4
117 38 207 119 140 2 7 184 82 226 66 68 83 225 145 43 89 102 96 58 249 243 175 42 104 174 101 4 233 248 112 32
6 172 148 23 155 83 22 200 150 183 0 17 196 246 75 143 145 95 232 48 54 81 155 59 41 6 93 111 144 116 141 198
1 169 9 129 70 136 105 70 236 17 138 66 181 2 208 112 96 10 74 152 3 9 135 113 148 32 186 104 40 128 35 40
81 32 15 133 10 10 105 64 108 128 226 66 208 130 16 114 106 197 106 136 1 211 133 64 156 34 139 0 32 0 35 36
80 0 18 136 29 116 160 64 228 5 130 2 128 146 96 196 232 132 234 144 14 3 145 192 145 32 130 91 0 9 125 6
32 32 192 141 79 73 160 72 46 160 240 11 130 128 64 2 104 204 66 1 8 115 219 80 20 0 3 57 65 8 86 130
80 0 143 77 12 2 33 72 246 128 226 66 208 224 128 66 120 228 106 168 9 211 131 76 84 34 231 0 41 40 112 32
48 160 20 153 75 203 160 200 22 176 224 10 196 192 96 128 121 28 226 16 2 83 91 17 157 128 15 61 16 8 45 130
36 160 22 153 203 207 48 200 150 180 224 10 68 210 96 132 89 28 234 16 2 83 91 29 29 130 15 127 144 8 45 130
80 2 143 93 8 2 33 120 118 128 226 66 81 225 160 66 120 100 42 40 9 241 139 12 84 162 231 0 41 104 96 32
6 172 148 26 153 253 54 172 191 183 66 17 236 246 79 220 145 91 160 18 54 88 155 119 43 22 85 111 146 117 143 6
181 78 207 126 154 34 71 184 82 226 98 236 115 225 185 59 29 102 100 46 233 243 47 47 96 175 101 16 233 241 66 41
48 32 132 141 79 75 160 72 174 164 160 11 2 128 64 146 104 220 234 1 8 115 219 80 29 0 15 57 65 40 70 130
65 32 143 133 10 10 97 64 108 160 194 66 212 130 144 114 96 196 106 136 1 209 135 64 156 34 143 0 40 32 99 32
82 32 18 136 25 101 0 72 141 140 128 25 134 146 108 220 208 169 204 49 12 3 194 192 145 48 10 63 16 12 63 6
114 32 2 160 17 103 64 65 169 12 192 25 6 146 38 148 248 137 76 177 12 131 144 68 145 144 138 127 0 4 175 6
65 32 73 11 74 136 105 16 238 17 67 192 189 130 208 120 34 40 106 156 3 16 135 81 196 136 34 104 60 130 3 160
65 162 75 193 6 128 97 16 228 49 199 66 145 3 192 98 96 140 106 216 19 184 199 0 76 32 162 64 41 131 240 160
65 96 73 137 72 137 105 1 236 16 1 64 157 130 216 113 98 0 74 158 3 16 198 81 132 0 170 104 56 0 131 160
0 24 20 31 41 221 176 8 142 156 1 9 228 212 35 134 128 48 234 64 6 1 90 89 5 20 1 59 82 39 13 86
80 0 2 136 29 116 160 74 236 36 194 16 130 128 102 196 208 4 234 49 20 131 145 64 145 48 130 95 144 8 125 6
82 32 2 128 17 64 32 67 44 37 130 26 134 2 96 212 232 129 78 176 30 27 145 85 145 0 154 99 1 0 171 4
185 32 15 168 77 109 161 71 132 83 228 18 19 149 113 43 104 128 74 141 8 183 178 0 209 9 18 56 81 72 99 234
50 128 80 248 34 136 88 7 9 17 48 131 175 11 36 148 134 147 5 0 14 40 2 209 130 216 18 10 116 136 9 140
113 6 79 108 18 35 71 119 112 162 226 254 83 33 144 49 88 230 100 172 185 255 101 14 242 239 241 16 109 232 114 40
113 174 205 101 22 10 67 55 112 225 234 238 115 33 144 50 121 230 108 172 169 252 229 14 252 239 245 16 237 170 82 40
113 6 207 108 18 2 71 123 112 227 231 254 83 33 128 121 88 196 36 44 185 251 101 14 240 175 112 16 233 168 242 32
48 48 7 29 10 143 48 72 214 248 194 1 64 212 96 0 89 124 106 0 0 209 219 28 13 2 5 54 112 8 20 211
50 136 80 251 167 137 88 130 9 17 120 3 15 9 36 16 170 139 133 0 14 56 16 225 146 217 16 67 243 142 73 142
117 38 207 119 156 10 103 248 82 242 226 118 83 225 145 43 89 100 96 62 185 241 143 42 104 47 101 4 233 248 240 0
70 160 148 23 155 85 22 200 146 183 0 9 228 246 75 142 145 95 233 18 118 67 155 50 41 6 79 111 128 116 15 198
80 32 2 8 75 10 32 64 100 0 198 2 64 130 32 82 104 204 106 136 8 211 199 64 212 32 162 0 32 0 34 128
59 132 236 225 133 118 76 67 85 51 167 18 27 57 20 111 201 134 49 136 56 186 113 194 219 219 208 69 235 200 248 38
70 172 148 26 145 255 22 172 62 19 74 17 238 240 14 212 145 78 160 50 54 72 27 63 169 54 21 103 210 119 143 6
181 204 207 126 154 35 71 184 82 194 104 236 115 225 169 49 17 102 100 110 233 192 46 63 104 175 101 24 120 242 66 105
113 162 207 101 22 2 67 127 80 227 242 254 115 33 144 50 121 196 100 44 169 251 229 14 216 175 245 16 237 168 114 40
10 152 148 31 73 221 176 168 174 61 7 1 236 244 7 134 129 115 235 65 6 72 91 125 15 54 89 123 82 38 15 223
70 172 148 18 145 231 22 172 62 151 11 17 108 246 79 92 145 95 160 50 54 200 27 127 169 22 29 103 146 119 141 6
181 206 207 126 136 35 71 184 82 130 104 236 115 225 185 59 17 102 36 110 233 228 46 46 104 174 101 24 249 251 66 40
32 32 2 1 72 15 160 64 102 160 226 74 134 144 96 0 104 12 106 0 0 243 195 16 20 0 3 56 81 8 3 130
48 34 6 137 12 11 160 72 134 32 194 74 194 128 32 64 104 4 106 0 8 227 207 16 149 35 163 25 17 8 48 128
80 0 134 28 75 2 32 72 118 160 194 0 66 225 96 82 112 204 106 128 8 211 203 0 21 163 65 1 98 32 34 130
32 34 4 13 72 139 160 72 246 176 194 72 196 192 96 0 25 108 106 0 0 211 203 24 12 2 37 60 80 8 0 128
80 0 6 137 14 3 32 72 102 32 194 2 208 130 32 192 104 140 106 128 8 211 207 16 148 32 162 0 16 8 48 0
81 225 73 1 2 136 104 20 102 17 98 194 153 2 208 112 34 136 106 220 3 16 229 81 196 169 162 64 45 130 99 40
48 2 4 137 14 11 161 72 70 36 194 198 194 128 2 64 104 12 106 8 8 208 199 16 148 32 163 16 48 8 52 240
80 48 135 12 74 66 32 72 118 224 194 224 82 244 224 118 112 220 106 128 9 211 203 8 28 34 65 2 104 32 38 244
32 32 134 5 73 27 161 72 246 180 198 8 196 192 98 132 25 76 234 8 0 211 235 16 12 2 5 63 82 12 6 228
80 0 6 137 77 67 32 72 102 0 194 2 198 128 34 64 104 132 106 128 12 67 203 16 148 32 131 25 16 8 56 64
101 166 143 23 140 2 39 184 82 178 66 70 82 225 145 11 81 102 96 58 185 209 143 42 104 38 229 4 237 248 112 32
74 49 182 28 57 212 144 41 138 140 135 1 228 252 70 198 128 116 235 17 4 193 242 1 15 50 77 27 2 46 29 70
6 164 132 23 139 87 22 200 22 183 64 1 68 240 75 142 145 78 225 51 38 81 155 58 41 6 77 47 130 116 27 134
49 0 14 137 8 11 33 72 134 32 198 130 210 192 162 64 72 4 106 12 8 195 223 16 212 35 163 24 16 8 48 224
186 148 113 248 51 133 216 16 27 17 48 187 143 31 36 133 135 145 149 149 175 12 16 215 139 217 138 250 55 140 9 147
66 185 188 31 8 221 176 168 174 157 135 9 228 252 6 194 129 119 235 65 6 73 219 121 15 51 73 59 80 34 13 95
74 153 180 31 105 221 178 168 142 61 7 1 236 252 6 134 129 115 235 67 6 72 219 121 15 50 93 59 82 39 13 223
121 151 111 100 58 35 79 123 65 232 190 236 83 101 176 51 94 228 124 236 249 139 237 31 250 239 225 148 125 226 82 121
73 0 142 28 74 146 33 72 246 192 198 136 80 228 226 112 80 124 106 140 0 195 255 16 84 35 101 8 112 32 32 96
163 19 19 232 106 5 152 80 137 8 176 108 156 219 236 18 206 17 22 96 131 35 0 192 144 152 42 190 88 138 35 145
66 248 20 27 9 157 178 138 174 52 130 5 172 214 71 196 135 51 234 67 70 77 91 113 5 16 27 59 24 5 13 95
121 151 111 100 62 35 79 123 193 224 174 206 83 101 176 49 30 230 120 236 217 171 61 28 250 239 133 20 111 234 82 120
70 185 156 30 40 204 176 41 142 156 135 9 244 252 70 66 128 117 105 81 22 65 218 41 15 39 109 59 0 42 13 67
6 172 148 27 153 215 150 168 191 183 128 17 236 254 111 207 145 95 233 49 54 65 155 255 171 22 95 119 146 117 141 70
25 144 203 105 18 167 107 83 116 67 230 150 19 3 16 96 125 138 10 156 187 188 53 78 247 239 146 68 233 136 224 248
245 6 239 125 150 34 79 248 112 226 254 238 115 97 145 113 127 228 116 174 233 243 237 14 248 239 229 148 237 251 114 49
58 32 0 141 79 93 176 72 47 164 176 11 142 216 70 150 232 221 234 1 12 227 219 208 157 208 15 59 67 44 46 134
121 151 111 100 30 34 79 123 97 224 238 206 83 37 16 51 126 230 120 238 217 187 181 13 242 233 193 16 109 234 242 120
65 34 207 133 74 10 105 80 126 224 226 230 209 163 144 114 114 204 110 140 129 208 229 64 212 163 239 0 44 160 99 160
153 18 203 225 20 171 99 87 116 67 230 214 83 1 160 96 123 142 14 188 187 189 37 14 242 239 178 64 173 138 240 56
131 138 233 243 238 160 173 215 10 51 112 210 189 171 84 43 111 251 51 153 163 126 142 241 76 137 255 232 189 192 243 128
208 160 26 160 16 92 112 69 108 13 162 27 23 18 34 81 232 137 78 129 126 31 144 86 209 129 186 101 0 0 175 10
78 184 150 158 201 213 148 232 186 183 128 9 236 246 75 158 145 127 235 19 6 67 154 241 29 50 79 127 130 116 15 198
50 132 124 240 103 161 216 34 9 18 48 155 13 31 52 153 175 147 149 133 46 68 18 213 131 219 218 227 55 204 9 2
210 17 26 136 56 85 16 73 236 12 192 25 134 150 102 208 208 21 202 48 28 3 146 80 145 49 10 127 16 8 175 70
117 166 207 101 150 10 103 184 118 250 118 230 83 97 153 51 57 204 108 174 169 240 237 14 124 239 229 132 237 248 82 49
74 48 178 28 57 213 144 72 142 140 133 9 236 220 70 198 144 117 235 17 70 67 210 196 25 48 15 123 2 38 31 70
113 142 207 101 18 2 71 119 112 227 246 254 115 33 144 48 124 198 76 172 185 187 101 14 248 239 241 144 237 168 242 56
17 138 77 113 6 136 97 22 102 17 102 70 179 131 192 104 96 174 42 152 11 184 231 49 68 169 178 64 41 128 96 168
19 0 80 168 35 0 88 0 9 0 112 130 15 11 48 148 174 137 21 133 12 48 16 192 130 216 10 34 53 128 9 4
114 32 2 128 17 84 0 64 108 4 194 8 6 146 34 212 232 132 206 161 14 131 144 69 145 32 138 91 0 4 62 6
113 142 205 101 22 2 71 119 112 227 254 238 115 33 144 50 120 230 76 44 185 250 229 14 248 239 245 144 237 234 114 57
65 43 9 145 66 136 97 22 100 17 66 70 177 2 208 121 96 174 42 152 3 24 197 113 212 161 178 104 41 128 99 168
51 0 80 160 39 1 216 0 9 0 48 130 13 15 20 148 142 145 21 133 12 16 80 192 130 216 138 162 53 132 9 4
112 16 18 136 25 86 144 64 236 4 130 8 130 144 38 196 216 132 202 48 14 131 144 196 145 48 10 91 16 12 63 6
74 152 148 31 57 221 178 136 174 28 7 9 236 220 79 198 129 115 235 65 6 73 219 117 7 54 9 59 82 39 13 94
113 170 203 117 20 10 99 82 118 225 226 254 115 1 144 48 56 204 108 140 169 253 229 15 248 239 177 80 109 136 82 40
17 34 143 93 24 2 101 120 246 162 226 100 81 225 160 114 120 228 106 40 41 241 175 12 84 163 231 0 41 168 96 160
96 32 0 137 79 73 160 72 38 164 240 11 134 208 64 146 104 220 234 0 8 115 219 80 29 0 15 59 65 8 46 130
14 188 148 19 153 247 50 168 190 181 0 17 204 246 79 159 145 123 232 16 54 64 155 119 47 22 93 111 146 117 141 70
53 6 207 126 138 2 71 248 82 226 246 236 115 225 153 59 29 238 100 46 233 243 175 46 248 175 101 148 237 248 114 33
17 34 143 133 12 10 33 64 108 160 226 66 209 130 144 114 104 196 106 136 1 209 133 64 148 34 163 0 41 32 99 32
14 184 150 22 137 215 52 200 158 183 0 17 204 246 75 142 145 127 233 18 54 65 155 49 13 18 79 127 130 116 143 198
49 2 207 109 18 2 65 58 80 97 226 238 83 33 144 121 88 196 100 44 153 250 103 12 208 171 113 208 233 168 114 32
53 166 207 117 142 2 71 248 82 226 226 230 83 225 145 43 29 236 100 46 233 242 239 10 120 175 101 20 237 248 112 33
65 99 75 129 14 128 97 16 228 16 194 102 145 131 192 98 96 140 42 216 75 184 229 0 196 161 162 64 40 128 112 160
66 32 144 28 25 212 144 9 138 140 133 1 228 212 70 198 144 117 235 49 70 65 210 72 13 48 15 123 2 38 13 70
65 226 9 129 66 136 97 81 100 16 67 70 145 2 208 121 96 136 10 154 67 16 196 81 212 161 170 104 40 16 243 160
18 128 80 184 35 137 88 6 9 17 48 146 175 10 36 144 142 131 4 132 14 40 18 209 128 216 26 58 117 0 137 4
114 32 2 128 1 68 0 67 40 37 160 26 134 2 32 212 232 131 78 160 30 155 16 69 145 0 154 115 1 0 174 6
64 16 18 136 25 118 128 74 236 44 130 25 130 144 102 196 208 12 234 49 20 35 144 64 145 48 10 127 16 12 61 6
66 56 20 31 41 253 178 8 174 156 129 9 236 212 71 134 128 51 234 1 6 1 91 113 5 16 9 59 80 6 13 70
113 2 205 125 18 11 65 48 84 97 227 254 83 33 144 121 88 164 100 44 185 250 101 28 212 175 112 80 253 168 82 48
65 163 73 193 4 136 97 144 230 17 74 68 145 131 216 98 96 140 42 216 3 176 231 113 68 169 162 64 44 129 112 160
129 35 75 59 32 137 105 16 238 16 71 192 185 195 208 121 34 8 10 220 3 20 166 81 196 153 162 40 60 128 67 160
1 0 91 168 106 1 185 68 136 16 49 200 157 194 168 19 134 17 22 110 97 7 10 192 148 152 42 172 28 154 3 161
176 136 80 185 71 72 80 130 9 21 112 19 15 9 36 144 171 147 4 128 46 60 17 227 147 208 16 67 113 136 104 138
50 32 2 128 129 71 0 70 41 13 224 25 6 146 38 156 248 137 204 177 28 139 16 68 145 208 154 95 128 16 174 6
114 32 18 136 137 103 16 75 169 12 192 25 134 146 102 220 216 157 204 49 28 3 144 192 145 16 10 63 144 76 191 6
32 32 20 137 75 71 48 72 22 180 192 10 196 210 96 196 89 24 234 16 2 243 219 17 29 130 7 63 16 8 45 134
194 184 16 26 9 221 178 136 174 60 130 9 172 214 71 196 133 51 235 67 70 77 219 113 145 16 27 59 16 7 13 94
16 2 143 93 8 2 33 88 246 160 226 66 81 227 160 66 120 228 106 8 9 241 139 12 84 162 227 0 40 168 96 32
6 172 148 19 153 246 54 168 190 151 2 17 204 246 79 220 145 123 161 18 50 88 155 127 41 22 93 79 146 117 141 6
53 142 207 126 154 34 71 184 82 242 100 236 115 225 185 59 25 230 100 46 233 243 47 47 112 239 101 148 233 249 66 49
113 2 207 101 18 43 65 51 116 97 231 254 83 33 144 121 120 196 100 172 185 186 101 14 208 239 240 64 237 168 114 48
70 160 132 20 203 87 52 232 22 182 64 9 196 246 66 134 145 124 235 16 6 83 219 24 29 2 77 127 128 100 15 198
17 3 79 241 4 138 97 21 118 17 99 198 147 1 144 120 96 140 46 152 11 176 103 0 196 169 178 64 45 136 208 32
117 162 143 85 156 10 100 248 246 242 194 100 83 225 208 98 89 100 104 44 169 241 175 8 92 35 229 4 233 232 114 160
25 35 73 113 6 136 105 20 116 17 98 198 145 2 216 121 50 136 46 220 195 144 229 81 196 233 162 64 45 128 67 168
1 3 89 227 102 8 254 40 201 0 48 194 189 11 173 16 6 1 6 110 1 0 68 233 36 152 42 8 124 139 1 137
210 52 2 136 137 197 128 198 184 7 128 25 134 146 102 220 233 131 206 129 62 15 144 87 145 16 26 123 16 4 175 6
242 48 18 136 137 245 16 79 248 13 128 25 134 146 102 220 192 137 206 17 62 3 210 210 145 16 26 123 144 20 175 6
85 3 75 161 6 130 97 80 100 32 202 70 147 1 216 64 120 140 14 152 11 178 197 0 212 161 162 64 45 139 112 0
17 3 77 99 2 138 105 16 116 48 99 198 153 3 152 120 50 136 6 220 131 144 69 85 196 233 162 64 45 130 97 160
6 172 148 26 153 223 22 168 62 183 64 17 110 230 111 212 145 91 160 48 54 72 155 63 41 22 85 111 208 36 141 6
113 142 207 126 24 2 71 184 210 178 98 236 115 225 185 49 21 230 96 46 233 242 15 63 96 175 101 16 249 240 66 33
0 48 22 5 75 219 32 72 230 164 194 4 194 128 32 66 104 108 234 0 0 241 63 16 29 0 1 51 96 8 20 214
113 32 135 13 74 82 33 72 246 192 194 136 80 198 160 242 120 92 234 0 9 211 239 16 20 32 3 24 48 0 34 164
0 32 6 9 74 9 32 64 230 4 230 2 64 130 34 86 104 204 106 136 4 211 199 64 20 32 2 33 65 8 35 128
49 48 14 1 74 11 160 64 230 160 226 110 0 144 96 192 104 12 106 0 5 243 149 16 20 0 3 8 105 0 43 144
66 48 50 156 121 221 144 64 142 140 133 9 172 212 70 150 144 125 235 1 70 67 218 221 145 48 11 59 18 6 15 86
17 202 73 113 6 136 97 23 118 17 102 246 179 131 208 105 112 142 46 156 139 184 231 49 196 169 178 64 41 128 240 168
146 68 84 171 135 108 94 134 9 18 56 19 15 10 22 150 235 195 7 135 44 36 24 226 183 248 138 3 49 83 137 134
114 16 2 128 1 86 16 64 109 12 160 9 6 146 38 213 232 137 206 161 12 131 16 197 145 16 138 19 1 4 62 70
113 142 239 101 30 42 71 118 96 227 254 238 115 33 144 50 124 230 92 172 185 187 229 46 248 239 164 144 237 234 114 57
17 106 73 89 66 136 97 22 108 16 98 70 177 130 208 120 98 170 42 152 131 24 167 113 212 169 178 0 57 144 97 168
74 184 52 30 57 221 178 136 174 124 132 9 236 222 79 198 129 51 235 65 6 65 219 117 15 48 11 59 18 7 13 95
65 72 89 184 106 137 233 6 136 0 48 202 189 3 48 18 42 35 2 140 3 9 6 227 36 140 190 40 92 144 65 136
113 46 235 117 22 138 67 18 116 225 246 254 115 1 144 49 56 236 108 188 169 254 229 47 240 175 177 208 109 136 114 56
6 168 148 26 153 221 50 136 190 181 64 17 236 246 111 140 145 91 235 17 54 88 154 119 15 22 93 111 146 84 143 134
117 6 207 124 178 2 71 248 80 226 246 236 115 97 177 59 29 228 100 46 233 243 173 14 248 175 101 148 237 248 114 33
241 2 205 125 18 10 65 16 116 97 226 254 83 33 144 120 92 228 100 140 153 254 101 14 196 175 112 208 237 168 82 48
65 35 75 195 12 136 33 16 228 16 231 228 147 131 192 97 72 12 10 218 75 176 229 0 196 161 162 64 40 138 112 160
78 176 148 20 201 87 52 232 182 182 128 9 204 246 66 134 145 93 235 16 6 67 219 16 29 18 77 127 130 100 15 198
117 162 207 117 142 10 101 248 118 242 226 230 83 225 208 98 121 76 104 44 169 242 239 8 92 171 101 4 237 232 114 48
178 132 80 249 7 232 72 198 25 23 176 19 14 11 20 144 171 131 7 129 46 60 17 227 147 152 144 3 113 64 200 6
17 98 77 33 66 136 97 16 100 80 66 68 147 2 209 121 104 136 42 222 203 144 231 81 196 161 162 32 41 146 96 160
242 160 2 128 193 70 64 67 41 13 160 25 6 18 38 212 232 137 206 129 28 139 16 64 145 16 154 87 0 4 190 70
113 166 105 117 22 138 67 18 112 225 226 254 115 1 144 113 120 228 108 188 169 252 229 15 244 239 177 208 109 136 82 56
114 16 18 136 137 118 16 66 168 13 192 25 134 144 38 220 200 140 142 49 28 139 80 196 145 16 26 127 128 12 46 6
66 48 16 28 25 253 144 8 142 12 128 9 236 212 111 132 144 51 234 1 6 69 218 89 145 16 11 59 80 36 13 87
97 130 205 117 18 11 67 48 116 97 231 220 211 33 144 120 88 196 108 44 185 184 101 15 196 175 240 208 237 168 82 48
65 3 75 97 4 136 97 144 102 17 102 196 147 129 248 120 64 12 42 88 11 176 231 17 196 169 162 64 108 139 112 32
5 34 73 123 4 136 97 16 116 80 99 196 147 131 208 121 112 136 14 158 139 148 231 81 196 129 162 96 61 130 114 160
5 0 93 168 104 9 239 224 136 16 112 192 157 194 248 18 6 1 6 238 65 50 14 192 228 153 42 40 28 131 1 160
50 140 84 241 135 236 112 194 73 22 178 19 43 11 4 207 233 147 133 128 46 124 17 225 19 218 80 3 117 200 108 14
178 16 18 168 201 71 80 70 185 5 224 25 6 146 34 144 216 137 198 33 60 143 16 66 145 144 24 95 208 4 174 134
178 16 18 168 169 71 16 67 137 141 192 27 6 146 38 220 200 185 132 49 60 139 82 128 145 208 26 59 144 108 175 6
82 56 16 154 41 253 144 72 174 60 128 9 174 214 111 196 128 51 202 1 6 1 250 121 145 16 11 59 16 4 13 95
113 6 239 101 18 10 67 51 112 97 255 254 211 33 144 112 90 228 108 172 185 190 101 14 228 175 240 208 237 170 210 48
65 2 75 97 4 136 97 16 116 80 226 230 147 1 208 97 120 140 46 216 219 176 101 0 196 233 162 64 109 138 240 32
17 2 73 33 6 136 97 16 116 80 98 198 147 3 216 121 112 136 14 206 203 144 69 81 196 233 162 0 45 128 114 160
202 184 48 158 121 221 144 8 171 220 133 9 172 222 79 150 128 123 251 3 6 71 250 253 149 16 11 59 18 7 15 87
241 142 239 103 18 42 99 182 112 67 254 246 243 33 144 112 121 230 124 44 185 188 229 47 236 239 160 192 237 162 82 56
17 138 73 123 22 138 107 150 126 65 118 246 243 3 144 120 115 174 46 156 163 184 101 63 196 239 178 192 109 128 96 40
178 132 80 241 133 68 76 198 49 38 178 19 10 43 22 151 233 131 133 128 60 58 17 194 179 218 150 3 243 84 236 6
1 74 89 185 122 129 173 87 140 1 48 198 189 130 240 34 38 35 10 140 3 9 134 227 100 141 62 168 28 144 129 169
202 176 48 24 57 221 146 136 174 124 132 9 236 222 79 132 145 51 249 65 6 65 218 209 155 16 11 63 18 6 15 86
1 10 77 57 6 139 97 150 102 80 126 196 179 131 241 98 98 42 6 140 131 184 103 112 196 201 34 0 60 144 97 168
69 11 75 97 6 136 97 16 100 16 106 198 147 129 240 97 98 8 46 94 203 176 231 32 196 169 34 0 56 139 81 32
113 70 237 127 18 10 75 16 118 97 247 254 115 33 144 112 92 228 124 172 169 188 101 14 228 239 176 208 109 168 82 48
50 140 80 146 5 76 224 198 57 31 178 19 10 10 6 153 233 131 132 128 42 63 17 227 145 150 146 67 81 8 108 14
178 20 18 128 201 70 16 70 57 15 224 25 6 150 38 149 201 149 198 33 60 143 16 66 145 16 26 95 80 12 174 70
69 5 89 166 104 8 239 56 136 0 57 200 221 67 184 2 42 65 78 238 65 1 140 200 100 153 170 168 28 226 65 160
113 102 79 117 22 170 99 48 112 225 246 254 115 33 144 121 120 196 124 172 169 242 229 15 244 175 241 192 237 137 82 32
178 24 18 168 141 119 80 75 25 13 224 27 6 148 34 220 200 153 206 17 60 171 80 192 145 176 26 27 144 76 175 7
66 48 48 24 57 253 144 8 174 60 132 9 174 214 79 132 145 57 239 33 14 71 218 89 145 16 11 63 16 36 15 94
225 130 239 117 20 11 99 16 116 65 231 220 211 33 152 120 24 196 108 92 137 188 101 15 204 239 176 208 237 169 82 48
69 98 75 97 36 136 97 144 108 16 102 196 147 129 241 97 66 8 14 94 3 48 231 16 196 153 34 12 124 155 80 160
5 2 75 41 36 137 97 16 116 80 105 228 147 195 248 120 122 136 6 206 139 176 38 80 196 145 226 36 92 131 114 160
5 66 89 169 108 9 235 216 200 0 120 192 157 131 248 34 2 65 6 238 1 48 14 194 196 157 42 44 28 179 1 160
50 8 212 240 133 196 212 67 75 63 178 19 42 59 36 206 233 179 165 128 26 123 17 241 147 218 212 3 225 72 236 14
50 20 22 152 233 239 80 71 173 15 224 25 14 214 38 157 200 177 198 33 44 143 82 64 145 18 88 95 80 108 174 214
178 20 18 184 201 237 80 75 153 143 192 25 142 214 34 213 200 185 204 1 60 15 82 200 145 16 24 59 144 76 174 87
225 194 79 111 20 138 99 16 116 65 118 212 211 33 144 112 82 196 110 60 169 188 101 14 196 191 176 192 109 138 80 48
1 66 75 115 36 138 105 16 124 64 99 196 211 129 240 121 82 8 46 94 203 176 37 0 196 249 162 0 124 138 80 32
1 66 73 99 4 138 101 16 100 80 98 196 147 3 144 112 122 136 14 206 203 144 69 80 196 137 162 0 45 146 112 160
50 144 214 152 9 237 80 198 185 31 176 25 14 158 46 156 201 147 198 1 44 43 18 194 145 146 88 27 209 76 46 78
5 71 75 161 6 10 103 144 116 64 126 230 147 1 208 112 88 136 46 110 139 176 101 0 228 201 162 4 45 155 208 160
82 188 48 154 57 253 16 137 175 60 133 9 174 222 71 149 129 187 249 1 38 67 218 255 147 16 11 59 18 38 15 87
1 75 207 121 36 138 105 150 126 64 118 228 243 67 177 121 114 46 46 92 139 184 101 121 196 235 50 128 124 145 97 40
1 78 95 249 46 129 109 214 238 16 126 196 189 195 241 99 98 107 14 76 129 152 39 224 228 217 102 128 60 144 33 169
50 28 18 168 201 119 84 79 153 15 224 27 14 190 38 157 200 147 198 33 60 171 82 224 145 210 82 59 210 76 174 95
13 11 75 121 36 136 97 144 116 80 118 228 147 193 240 105 114 40 46 94 203 176 39 32 196 233 98 0 124 139 80 48
125 70 239 119 20 10 99 16 116 65 247 252 211 33 144 112 57 228 108 172 169 244 101 47 228 239 176 192 237 169 82 48
50 20 18 136 233 95 16 78 185 15 224 25 142 150 38 157 200 177 196 1 60 143 82 192 145 210 90 91 208 12 174 215
178 20 22 168 233 95 80 78 153 15 224 25 14 150 38 221 200 147 196 17 60 175 80 192 145 146 92 27 144 76 174 70
218 184 48 154 41 253 16 72 190 188 129 9 174 222 71 148 129 187 235 1 38 67 250 223 145 16 11 59 16 100 15 87
5 98 75 99 36 136 101 16 124 80 127 228 147 129 241 121 82 8 14 110 131 176 175 16 196 217 98 36 124 155 65 160
5 35 79 105 36 138 97 152 126 80 106 196 147 129 144 120 82 8 14 78 139 176 39 16 196 153 34 0 124 147 80 32
178 16 150 184 169 237 16 71 141 143 224 25 14 246 38 156 200 177 198 1 12 11 82 192 145 210 90 123 208 76 175 214
50 16 22 188 105 237 80 75 155 15 224 25 14 246 38 221 200 185 205 1 60 11 82 208 145 18 88 123 144 76 142 87
1 67 75 235 36 10 109 24 126 64 119 196 155 193 248 104 82 8 46 94 195 176 45 80 196 217 34 0 28 146 97 32
1 3 73 107 36 10 107 16 118 64 127 196 211 1 153 112 114 136 46 222 203 176 45 90 196 239 162 0 124 146 64 32
178 24 146 152 137 237 84 71 155 31 176 25 14 246 38 157 201 179 197 1 46 47 82 209 145 80 94 123 209 76 175 86
5 66 73 227 6 10 111 144 124 192 122 198 147 1 145 112 114 136 14 110 193 176 101 64 228 169 38 4 44 154 81 160
77 70 111 119 52 138 107 48 112 65 119 244 211 97 144 112 51 228 124 60 169 176 229 47 228 239 48 192 236 131 82 48
5 11 79 123 36 138 105 144 126 80 118 228 219 65 176 120 50 40 46 94 195 176 45 112 196 249 98 128 124 131 97 33
186 144 146 168 169 127 16 206 137 15 240 25 142 254 38 156 200 147 197 1 44 43 82 160 145 210 90 91 210 76 174 94
69 66 235 121 52 138 107 16 126 64 119 228 211 65 152 120 18 12 46 222 203 176 45 80 196 251 32 128 108 147 80 48
210 56 48 154 41 253 20 75 191 254 132 25 174 222 70 157 133 187 221 1 46 79 250 249 145 80 75 59 18 100 143 87
69 66 107 127 52 138 99 24 118 64 119 228 211 65 153 120 18 140 108 222 171 176 109 26 198 255 48 128 108 147 80 48
50 20 150 184 169 255 80 71 137 47 224 25 14 148 38 159 204 177 206 17 60 15 82 128 145 210 84 123 210 76 142 95
5 99 89 107 164 10 111 24 124 80 127 196 159 193 249 112 50 8 14 78 193 176 47 112 196 217 34 0 124 155 65 32
5 67 75 107 36 10 107 144 126 64 127 228 211 1 153 120 18 136 46 94 131 176 45 80 196 153 34 4 92 147 80 48
178 16 146 184 169 253 80 70 153 15 224 25 14 246 38 157 200 179 196 1 60 15 82 162 153 210 90 123 144 76 175 87
5 3 107 105 52 138 107 144 124 64 118 228 211 1 152 112 26 140 46 126 235 176 101 30 196 255 162 132 108 131 80 32
5 3 89 225 36 10 111 152 124 64 126 196 159 33 241 96 50 8 46 110 195 176 45 64 228 217 34 4 124 187 65 160
178 24 150 186 233 253 16 78 139 31 160 25 46 246 34 158 200 179 197 17 30 11 82 176 145 210 88 123 144 76 142 95
5 67 75 105 52 138 111 24 124 64 127 228 211 67 153 112 82 12 14 254 203 176 45 90 230 255 162 128 124 146 112 32
178 188 150 186 233 221 148 195 139 31 176 25 174 254 38 159 201 179 197 1 62 15 82 241 145 210 88 59 208 76 175 94
186 60 150 186 169 253 80 79 139 95 160 25 174 254 34 157 205 179 197 17 62 15 82 177 153 210 88 123 210 12 142 87
5 67 111 107 52 10 107 24 124 64 127 228 211 67 153 112 18 12 46 126 201 176 45 94 196 255 34 128 76 147 112 49
5 3 73 107 52 10 111 152 124 64 126 228 211 3 153 112 18 12 46 110 193 176 45 94 228 255 34 132 92 131 64 32
