88 48 120 96 34 77 80 16 41 8 52 40 159 31 192 16 166 149 221 0 128 96 128 192 211 217 32 131 98 128 7 19
2 141 1 158 147 144 134 175 30 1 72 227 108 104 60 196 249 99 147 227 119 8 12 255 40 38 142 67 29 94 185 28
130 14 6 159 28 131 174 96 148 2 210 195 96 234 48 197 120 98 43 231 100 201 15 255 32 34 202 1 20 44 56 132
88 48 120 96 34 76 80 16 41 8 52 40 159 31 192 80 166 149 221 0 128 64 128 192 211 249 32 131 98 128 7 19
131 14 6 159 29 131 174 96 148 2 210 199 96 234 48 197 120 99 42 231 100 233 15 255 32 34 202 0 28 44 56 132
88 50 120 224 34 72 88 80 41 8 52 40 159 31 128 80 166 149 221 0 0 64 128 192 210 249 32 131 98 128 7 19
3 143 2 158 20 147 170 230 86 0 90 198 96 224 180 196 88 106 2 141 167 184 12 255 32 46 138 128 29 14 120 140
104 48 56 96 33 77 81 16 105 136 52 8 159 23 0 48 132 20 93 8 136 96 176 0 195 217 32 16 66 128 66 35
2 14 6 158 28 130 174 96 148 2 210 231 96 234 48 193 120 102 171 167 100 201 15 253 32 34 202 129 28 44 56 132
101 69 121 103 244 14 239 49 120 232 127 72 211 33 145 48 94 228 70 106 225 176 101 14 100 175 36 0 101 251 82 169
2 141 0 156 147 208 150 167 30 69 72 131 44 44 38 196 233 99 131 129 118 8 28 255 40 54 158 67 23 84 189 94
120 53 184 96 176 45 87 19 107 137 252 8 159 183 64 48 149 222 92 56 154 58 176 10 251 253 32 56 226 194 194 35
210 176 22 184 139 233 48 67 171 23 160 57 172 222 100 91 163 51 233 16 50 79 146 209 153 210 90 123 144 4 167 83
3 143 2 158 20 147 170 230 86 1 88 198 96 232 180 228 89 106 2 141 167 184 12 255 32 46 138 128 29 14 120 140
104 48 56 96 33 77 81 16 105 136 52 8 159 23 0 48 132 20 93 8 136 96 176 0 195 217 32 16 66 128 66 35
210 56 150 184 137 237 16 71 171 23 160 25 174 222 96 91 129 179 239 16 58 79 210 209 155 210 90 123 144 68 167 90
2 143 0 156 147 144 134 167 30 1 72 195 44 40 36 196 233 99 131 133 118 8 12 255 40 54 158 67 31 84 185 14
2 143 0 156 147 148 182 167 30 11 72 51 172 42 38 196 165 99 131 133 118 8 0 255 40 54 158 195 24 84 169 14
254 112 144 250 41 237 80 200 187 191 161 57 46 223 77 27 201 249 237 146 42 71 218 241 155 211 95 63 210 113 39 18
3 142 2 158 20 147 170 230 86 5 90 198 96 234 178 196 89 106 19 141 166 136 14 255 32 38 154 136 20 14 56 140
2 143 0 156 147 144 134 167 30 5 72 131 44 40 54 196 225 99 131 133 118 8 4 255 40 54 158 67 23 84 185 78
250 176 150 254 169 205 20 73 171 31 161 25 142 223 72 91 129 179 237 2 122 71 154 209 147 243 90 59 82 36 135 18
104 48 56 96 33 77 81 16 105 136 52 8 159 23 0 48 132 21 93 8 136 96 176 0 195 217 32 17 66 128 66 35
3 143 3 158 20 131 170 230 86 0 90 198 96 224 180 196 89 106 2 141 167 152 12 255 32 38 138 128 29 14 120 140
104 48 56 96 32 76 81 16 105 8 52 8 159 23 0 48 132 20 93 8 136 96 176 0 195 249 32 16 64 128 66 35
3 143 3 158 20 131 170 230 86 1 88 70 96 234 180 228 89 106 18 141 167 184 12 255 32 46 138 136 28 10 48 140
33 131 99 12 70 130 141 119 68 4 90 231 49 32 180 64 74 38 2 141 192 184 4 13 96 40 172 128 101 136 240 232
124 117 62 102 49 77 87 184 225 8 191 8 127 119 9 48 148 210 93 106 232 161 58 13 227 251 37 24 98 243 66 35
82 34 66 136 74 64 56 72 167 4 208 163 12 198 34 80 110 157 239 129 8 67 138 208 144 32 139 171 21 4 39 195
130 143 2 158 20 211 170 230 150 5 88 163 96 232 48 192 89 106 131 129 38 184 12 255 32 38 138 137 20 12 60 142
104 48 57 96 32 77 81 16 105 136 52 8 159 31 0 16 132 21 93 8 0 96 176 0 195 249 32 16 64 128 70 51
2 141 10 158 20 131 170 230 22 0 90 2 112 234 48 64 89 106 19 129 34 152 10 127 32 39 170 128 20 10 48 136
72 48 120 96 32 76 81 16 105 8 52 40 159 23 0 48 134 21 221 8 136 96 176 0 195 249 32 144 66 128 67 35
2 14 6 158 28 130 174 96 148 6 210 231 96 234 48 193 120 102 171 167 100 201 15 253 32 34 202 129 28 44 56 132
2 143 0 142 147 144 182 167 28 5 72 131 108 122 46 196 213 99 131 129 118 8 8 255 40 54 158 195 16 86 185 78
3 12 6 159 12 135 172 104 148 2 210 199 96 234 52 197 120 100 42 175 100 225 31 253 52 34 203 0 29 120 56 132
90 50 88 224 34 8 88 80 45 172 52 169 159 31 64 16 166 149 221 128 8 64 128 192 214 241 34 179 38 128 7 19
3 12 6 159 12 131 172 104 148 130 210 199 97 226 52 195 120 100 42 175 100 193 31 253 52 34 203 0 28 120 56 4
90 50 88 224 34 8 24 80 45 132 180 169 143 31 0 80 166 149 221 128 8 65 128 192 210 241 42 131 38 128 39 19
3 143 2 158 20 147 170 226 214 0 88 198 96 232 180 196 121 106 2 205 167 186 12 255 32 38 138 128 29 14 120 140
3 14 6 159 12 131 172 104 148 2 210 199 96 234 176 199 120 100 42 175 228 193 15 253 20 34 203 128 29 120 56 4
45 5 121 103 84 14 111 48 116 226 111 72 211 97 25 48 92 108 66 106 193 176 125 46 101 191 4 0 65 251 82 160
104 48 56 96 32 77 81 16 105 168 52 8 159 23 64 48 132 149 93 8 136 96 240 0 195 249 33 48 66 128 66 35
2 143 1 158 147 193 134 231 22 65 72 227 32 108 180 197 105 99 131 193 119 136 12 255 40 38 158 194 21 92 181 220
41 37 249 97 244 175 99 19 114 171 120 88 19 49 144 48 23 142 4 56 187 190 224 14 239 205 37 96 224 194 194 161
194 160 150 152 235 224 48 71 175 23 128 177 172 246 98 91 163 51 235 145 50 79 130 209 157 50 90 235 144 68 167 139
3 143 3 158 20 147 170 230 86 1 88 198 96 224 180 228 89 106 2 207 167 184 12 255 40 46 138 0 29 142 112 140
104 48 56 96 33 77 81 16 105 136 52 8 159 23 0 48 132 21 93 8 136 96 176 0 195 217 32 16 66 128 66 35
250 176 148 250 41 237 16 79 171 31 176 57 174 223 72 91 129 147 237 16 58 79 210 209 155 209 90 251 146 68 135 27
131 141 0 156 147 144 150 167 30 1 72 211 44 40 36 197 225 99 130 129 118 8 28 255 40 54 158 67 30 84 185 14
126 112 144 250 41 237 80 200 171 191 161 25 14 223 73 26 137 249 237 18 10 71 218 240 155 209 87 63 210 113 7 19
131 143 7 158 20 147 170 230 214 0 90 199 96 226 180 197 121 106 2 141 166 152 14 255 32 38 138 0 28 12 56 140
131 143 2 158 20 131 170 230 214 4 90 199 96 234 50 69 121 106 19 133 166 186 14 255 32 38 138 128 21 12 48 140
104 48 56 96 36 77 81 16 97 168 52 8 159 31 64 48 132 148 221 8 8 96 240 0 195 217 33 49 66 136 70 51
254 176 150 254 169 205 20 73 187 31 161 57 142 223 72 27 133 243 237 2 122 71 154 241 147 209 91 127 82 37 135 3
3 143 67 158 20 147 174 230 84 0 90 198 96 224 180 228 88 106 2 207 167 186 12 255 40 46 138 0 29 142 120 140
104 48 56 96 32 76 81 16 105 8 52 40 159 23 128 48 134 20 93 8 136 96 176 0 195 249 32 16 64 128 66 35
3 143 7 158 20 147 46 230 212 1 90 198 96 226 176 197 121 106 18 205 167 152 14 255 32 38 154 0 28 12 56 140
124 245 60 100 176 15 87 184 97 0 173 8 95 119 9 48 180 212 88 106 72 33 185 13 243 233 5 28 98 179 66 34
82 34 98 136 74 0 56 72 175 4 210 163 72 206 34 80 110 149 239 133 8 195 135 208 144 32 139 153 53 4 37 64
99 32 34 136 77 21 200 72 207 64 208 79 202 200 54 192 200 141 122 133 141 99 215 208 150 56 139 56 93 12 120 148
130 143 14 158 28 130 174 226 148 6 210 163 96 234 160 65 121 99 171 227 100 153 15 255 32 34 202 131 20 40 60 142
72 48 49 224 33 76 81 16 41 8 48 72 159 23 0 114 132 85 93 0 1 96 144 0 195 249 32 128 66 0 7 51
152 141 10 190 20 131 175 250 20 0 94 2 113 227 48 64 88 106 19 235 32 152 24 63 225 167 171 0 52 10 48 168
88 48 120 96 35 76 81 16 41 8 52 40 159 31 0 48 166 149 221 0 128 64 176 0 195 249 32 147 98 128 7 51
3 14 6 159 12 2 172 104 148 130 210 199 97 234 176 195 120 100 42 167 228 193 15 237 20 34 235 128 28 120 57 4
2 135 0 158 147 209 182 175 30 67 73 243 108 110 46 196 241 99 131 167 118 136 8 255 40 54 159 195 20 86 185 78
83 0 142 157 12 135 172 40 214 2 210 3 225 226 48 194 120 228 106 175 44 193 31 221 144 34 203 0 21 120 57 4
131 143 70 159 28 134 174 226 212 2 218 198 96 226 180 229 120 106 10 239 229 185 15 255 32 46 202 0 29 236 112 140
61 76 163 71 85 78 103 176 116 226 239 8 211 113 25 48 120 236 114 106 169 176 121 46 101 239 128 16 105 59 82 160
120 48 120 96 32 77 81 16 105 168 52 40 159 31 128 48 134 149 221 8 8 96 224 0 211 249 33 177 98 128 70 35
130 207 7 158 157 129 134 231 150 18 72 246 32 104 180 197 73 98 2 199 243 200 14 255 40 34 222 194 29 92 177 188
131 143 7 158 21 134 174 226 212 2 74 70 96 226 52 229 120 106 10 207 165 185 30 255 32 46 138 0 29 44 112 140
250 178 148 186 169 173 16 79 175 59 177 57 174 223 72 91 135 147 237 16 26 79 194 209 155 211 90 251 210 68 139 11
126 122 146 250 41 137 80 200 171 156 181 41 175 223 105 26 143 249 253 82 10 99 202 176 211 209 37 187 210 119 6 131
126 162 146 250 233 141 16 192 171 27 177 41 14 219 108 26 175 249 237 2 26 71 138 241 147 211 83 251 82 33 15 3
131 143 6 158 21 150 174 226 212 2 74 70 96 226 52 229 120 106 2 239 229 187 30 255 32 38 138 0 29 12 120 140
88 48 120 224 34 76 81 16 41 12 54 40 159 31 128 82 166 213 221 0 0 64 160 0 211 249 32 147 98 128 7 51
131 141 71 159 28 135 174 226 212 0 218 70 112 234 48 229 121 106 26 239 99 185 30 255 41 46 138 0 29 168 112 172
82 34 38 156 72 1 56 72 175 4 210 231 72 206 50 80 238 149 239 133 8 195 195 208 144 50 139 153 21 4 53 80
181 133 73 219 148 35 79 253 86 115 121 82 81 97 184 97 89 130 18 190 187 60 109 151 108 143 179 68 61 202 240 160
99 34 32 184 45 157 216 88 207 252 144 13 138 200 86 0 201 160 127 5 142 99 223 145 158 88 137 186 92 12 90 86
72 48 17 96 33 76 81 16 41 136 54 104 159 23 128 180 134 21 220 8 1 96 144 0 131 249 32 130 74 128 7 51
152 141 14 191 20 199 79 252 20 0 222 2 243 99 56 65 89 106 31 234 43 186 91 63 233 231 163 0 55 138 48 168
67 2 134 159 12 131 172 40 214 18 210 199 225 226 176 194 120 230 106 175 173 225 79 253 144 34 235 128 61 120 57 4
249 167 69 109 188 41 76 63 87 59 184 220 179 41 208 17 73 130 108 12 187 106 71 31 238 207 180 184 255 200 218 8
88 50 120 96 34 73 80 16 41 172 52 40 159 31 192 16 166 149 221 0 8 96 128 192 211 217 37 179 98 128 15 3
199 78 134 158 138 18 174 166 148 146 194 230 96 226 181 239 105 102 122 231 229 197 143 239 32 34 223 130 13 117 57 28
131 12 7 159 29 134 174 96 212 2 194 2 96 226 52 197 121 102 42 239 97 217 31 255 49 42 203 0 25 108 112 132
206 84 148 21 105 60 184 2 187 186 67 17 204 182 69 159 167 85 226 2 32 212 219 194 5 50 91 7 130 117 15 151
60 107 210 234 43 137 82 200 171 156 185 105 175 219 105 154 158 249 205 82 10 99 202 176 210 213 37 187 114 183 10 131
70 165 145 1 241 42 180 15 58 171 11 121 140 58 76 152 147 31 128 17 55 88 129 66 44 22 29 103 200 68 139 151
131 12 6 159 29 150 174 96 212 2 194 2 96 226 54 197 249 102 42 239 101 217 31 255 49 42 203 0 25 108 120 132
88 50 120 224 34 93 81 16 41 172 52 40 159 31 192 16 166 149 221 0 0 96 128 192 211 249 36 179 98 128 7 19
129 140 7 158 29 134 174 234 212 2 194 2 112 226 52 229 121 102 42 238 97 201 31 255 49 42 203 0 17 104 112 172
114 50 2 188 106 193 26 72 55 140 240 239 237 206 100 80 255 253 239 128 10 3 202 211 144 180 171 187 17 134 38 147
253 52 63 102 157 79 71 248 115 234 183 72 82 241 41 52 249 196 68 106 233 231 185 46 123 207 37 54 67 123 86 35
133 132 205 155 156 35 239 217 86 115 83 86 81 96 248 105 89 70 58 191 179 116 127 150 44 14 223 116 189 249 208 160
107 162 32 184 45 29 216 216 15 252 144 77 175 200 94 146 205 194 255 5 142 99 203 145 138 217 173 191 94 12 90 87
89 48 81 96 35 89 112 16 45 232 54 104 158 19 192 182 166 213 252 0 129 96 161 192 146 249 35 179 42 128 11 55
167 78 199 94 204 50 174 250 208 194 194 198 112 224 181 239 89 102 122 239 237 199 47 42 32 42 255 128 141 249 120 188
3 140 6 159 13 195 164 170 212 18 194 2 224 242 52 103 73 230 106 139 104 235 75 253 165 34 219 25 16 40 112 46
98 186 88 250 106 129 90 216 23 8 240 237 41 223 108 80 95 251 167 128 14 66 202 243 30 148 175 170 93 128 46 147
253 44 187 84 125 207 83 242 241 170 246 10 86 241 37 53 249 116 116 106 168 231 170 14 91 207 101 22 66 105 98 35
149 132 207 211 140 35 231 233 86 179 147 82 81 240 249 107 121 70 42 186 49 245 127 146 124 14 231 84 189 249 208 160
107 178 96 161 45 13 208 152 15 252 144 109 142 8 86 146 135 197 127 5 142 98 203 145 142 216 5 190 94 140 90 87
130 181 149 17 241 238 180 175 58 187 74 17 140 54 76 157 145 95 145 16 50 216 17 70 45 22 29 71 128 68 135 143
64 8 142 221 44 130 164 40 222 18 194 2 224 242 36 98 73 100 106 10 40 193 75 205 133 50 203 17 20 120 112 32
34 162 80 187 90 129 202 200 31 177 240 207 105 203 72 16 95 219 99 132 6 114 207 243 28 132 143 172 125 128 42 128
