3 141 2 158 21 151 170 230 86 1 88 134 96 232 54 196 89 106 18 141 166 184 28 255 33 38 138 8 20 12 56 140
35 217 18 12 77 213 150 103 237 104 248 72 170 152 54 244 204 183 238 193 205 171 198 253 51 60 2 59 91 12 235 141
188 36 98 243 148 163 234 222 87 163 235 18 107 233 125 0 121 170 19 177 170 183 9 158 58 207 151 96 247 201 112 136
46 100 227 192 84 35 235 208 87 162 120 10 25 201 245 140 121 236 19 219 129 246 60 202 118 12 135 44 231 251 114 160
242 64 234 236 76 0 78 120 113 130 242 10 91 139 53 90 122 204 55 226 200 55 131 194 150 239 196 136 39 186 114 128
82 34 2 136 74 0 56 72 167 4 210 163 72 198 34 80 110 149 239 133 8 195 131 208 144 32 139 137 21 4 37 80
2 180 146 184 219 233 16 75 175 29 169 57 142 222 108 24 163 155 207 16 18 75 154 211 153 212 26 123 144 68 167 211
72 48 120 96 32 77 81 16 105 136 52 40 159 23 0 48 134 20 221 8 136 96 176 0 195 249 32 144 66 128 66 35
130 141 2 158 20 131 170 230 150 1 88 2 96 232 48 64 89 106 19 129 34 184 24 255 33 38 138 8 20 8 48 136
67 2 134 157 12 2 172 104 180 2 210 199 64 226 176 194 120 100 42 175 37 209 7 204 20 34 203 128 28 120 56 4
90 50 88 224 34 8 120 80 45 128 178 235 159 31 4 16 166 149 223 128 0 65 128 192 214 249 43 131 36 128 15 17
81 0 206 141 12 2 168 104 254 192 194 198 209 226 176 226 112 228 122 141 129 193 215 200 148 42 202 0 45 232 121 4
189 237 193 22 154 51 70 254 82 210 169 88 115 96 153 53 25 194 64 110 233 103 46 63 120 142 101 60 249 251 210 40
104 48 56 96 32 76 81 16 105 136 52 40 159 23 0 48 134 20 93 8 136 96 176 0 195 249 32 16 64 128 66 35
83 34 88 161 34 8 120 64 45 0 178 197 141 10 196 208 166 149 127 132 4 65 133 192 148 216 43 130 44 128 43 1
107 155 55 26 105 221 180 109 237 72 240 68 168 158 38 245 236 51 206 65 213 43 114 253 55 56 90 219 91 12 239 159
176 205 89 254 166 193 71 245 20 10 217 50 115 117 168 64 89 210 15 234 122 43 8 191 241 238 166 24 53 218 244 43
130 141 6 158 29 198 174 226 148 2 202 2 96 234 48 65 121 98 59 227 96 153 26 255 33 38 202 1 16 40 48 138
198 58 154 176 171 229 25 214 187 159 176 185 174 159 97 26 135 187 255 16 50 79 130 242 217 211 63 251 144 81 39 251
180 205 89 254 150 162 78 175 86 2 201 82 113 115 168 96 89 242 50 234 120 15 10 191 240 174 231 20 53 251 240 40
146 12 14 159 29 198 174 96 148 2 194 2 96 250 48 65 248 103 59 163 96 205 27 255 177 34 203 1 16 120 52 130
