64 0 151 93 8 10 37 104 244 130 226 64 80 224 160 226 112 100 106 40 33 243 139 9 21 162 231 0 24 104 96 32
20 160 148 185 219 203 32 200 86 176 224 10 198 210 72 128 121 92 226 16 2 82 203 21 157 130 5 125 240 8 4 162
81 32 151 5 8 10 32 72 236 160 194 66 210 162 84 114 104 196 106 136 9 211 135 64 156 34 207 0 0 32 99 36
144 34 11 169 68 1 161 66 116 17 113 82 151 129 96 9 104 8 2 140 10 246 195 1 212 128 114 0 97 8 35 160
81 32 151 133 10 10 104 64 236 160 226 66 222 130 64 114 104 197 106 136 9 211 133 64 156 34 143 0 32 0 35 4
20 160 148 185 219 203 32 200 22 176 224 10 198 210 104 0 121 92 226 16 2 82 203 21 157 130 5 125 144 8 44 130
64 2 151 29 12 2 100 104 246 130 226 64 80 224 32 98 112 100 106 40 41 243 139 9 29 34 231 0 16 104 112 32
32 32 132 173 78 75 160 72 22 176 224 139 130 192 64 2 121 220 98 1 2 114 203 17 29 0 15 61 65 40 7 130
81 32 134 5 8 10 96 72 236 160 194 66 208 162 80 114 104 196 106 136 9 211 135 64 156 34 207 0 0 32 99 36
24 2 11 177 4 171 97 82 22 33 66 82 147 129 225 73 120 12 34 24 11 212 65 0 132 129 240 32 184 8 48 168
52 160 20 185 219 195 32 200 86 176 192 10 228 210 104 192 121 92 98 16 2 82 75 21 157 130 7 125 144 8 32 130
64 2 150 29 28 2 32 104 244 128 226 66 80 225 32 66 120 100 106 40 33 243 139 13 20 34 231 0 24 104 112 32
96 32 132 173 74 75 160 72 54 176 224 139 130 224 64 2 121 204 98 1 2 114 203 17 29 0 15 61 65 40 7 130
81 32 223 133 10 10 105 64 236 160 226 66 222 130 192 114 106 197 110 136 9 211 133 64 156 34 143 0 32 0 35 36
81 32 134 5 8 10 32 72 236 160 194 66 210 162 80 114 105 196 106 140 9 211 135 64 156 34 207 0 0 32 99 4
96 32 192 165 76 73 160 72 46 160 240 139 130 129 68 2 104 204 66 1 0 114 219 80 29 0 135 57 65 40 71 130
64 2 158 29 8 2 36 104 246 130 226 64 80 240 160 66 112 100 106 40 32 211 139 9 20 162 231 0 24 120 96 32
96 32 192 173 77 73 224 72 46 164 240 139 130 128 68 18 104 204 66 1 0 114 219 80 29 0 7 57 65 40 71 130
52 160 20 185 203 203 32 200 86 176 224 10 198 208 104 128 121 92 98 16 2 114 75 29 157 130 7 125 208 8 44 130
64 2 143 93 8 2 101 120 244 130 226 64 80 227 160 66 112 100 106 40 41 211 139 13 20 162 231 0 1 104 96 32
105 50 16 96 41 29 80 16 107 168 180 76 143 19 64 146 132 196 76 12 140 98 208 128 195 217 37 48 74 132 74 3
96 32 132 173 75 75 160 72 54 180 224 139 130 224 64 130 57 204 98 16 2 114 203 16 29 128 15 61 65 40 7 130
81 32 143 5 8 10 97 72 236 160 194 64 210 162 208 114 105 196 106 136 9 211 135 64 156 34 199 0 40 32 99 36
120 34 156 165 44 27 80 16 44 160 178 73 223 43 64 146 138 197 236 1 12 224 193 0 198 209 35 49 72 136 75 2
120 34 128 172 45 12 72 8 47 168 178 73 139 11 64 210 200 197 108 20 12 98 195 128 147 249 167 57 74 132 74 4
32 16 18 136 73 95 32 72 132 12 194 14 6 144 34 194 200 44 74 96 4 163 18 24 17 32 2 11 16 11 41 134
33 32 30 133 78 11 160 72 62 160 242 98 150 130 64 0 120 140 106 0 1 240 193 80 148 160 35 32 105 8 99 128
192 2 15 129 76 169 32 70 36 49 194 82 18 130 224 73 104 136 42 24 19 159 131 16 148 128 242 72 24 9 112 168
40 96 2 9 73 71 160 72 36 4 225 0 128 146 41 133 216 12 74 96 8 51 209 12 149 160 2 47 80 10 46 130
25 34 159 41 0 171 33 86 100 25 98 80 147 131 32 73 104 8 106 152 11 253 3 0 196 129 50 68 232 8 32 168
96 32 4 129 78 9 160 64 172 160 162 10 198 128 64 84 104 140 106 0 12 243 197 64 148 0 11 48 64 8 19 128
137 18 27 56 8 133 33 94 20 9 66 112 150 147 224 73 88 24 34 24 19 151 3 0 208 129 114 72 24 8 160 177
32 80 27 136 64 132 33 70 52 25 66 118 148 131 232 72 120 8 34 24 17 150 130 0 84 161 114 76 24 8 161 160
32 34 7 157 76 139 160 72 86 160 194 70 193 193 96 68 120 108 106 12 0 241 79 156 28 34 135 16 49 8 112 160
48 0 2 161 85 75 33 72 36 53 67 2 7 128 106 200 120 140 234 112 0 151 145 0 149 160 2 37 49 10 63 128
21 32 2 33 1 6 224 64 228 4 227 2 1 130 96 200 104 140 106 248 8 179 17 64 149 128 130 69 1 3 105 130
36 1 22 28 73 193 32 72 196 132 193 0 134 208 33 206 192 40 234 80 6 131 194 8 1 32 0 43 16 41 60 134
48 34 142 61 72 11 32 72 54 164 194 8 98 192 98 80 121 76 106 0 10 211 203 17 156 34 1 41 48 40 54 130
20 160 148 153 219 139 32 200 86 176 224 10 198 210 104 196 121 92 226 16 2 82 219 21 157 130 5 125 248 8 8 130
96 32 4 13 75 11 160 72 22 160 194 10 192 128 64 208 121 204 106 0 12 67 207 16 156 2 3 56 88 40 40 0
64 34 134 13 8 11 32 72 102 160 194 64 194 160 64 66 104 196 106 8 8 81 195 0 20 34 227 16 104 32 113 0
64 2 143 93 8 10 101 120 246 130 226 64 80 225 160 66 112 100 106 168 41 211 139 9 28 162 231 0 9 112 96 32
52 160 148 185 203 207 160 200 86 176 224 10 230 208 72 132 121 92 226 16 2 82 219 29 157 130 5 127 208 8 13 130
112 161 2 160 81 15 104 64 41 32 160 11 6 2 40 208 232 137 78 245 78 19 16 84 181 0 138 101 33 2 34 6
64 32 2 129 76 9 96 64 110 32 226 10 134 130 0 82 104 204 106 136 8 83 197 64 148 32 131 56 0 8 34 0
64 1 30 8 13 70 160 64 228 1 195 2 64 144 104 198 96 4 106 88 18 187 147 0 21 32 130 77 16 8 124 2
48 0 134 157 73 139 160 72 54 160 194 3 228 194 34 66 249 108 106 32 2 211 219 157 149 34 203 17 16 8 48 130
16 0 150 157 11 131 32 104 182 144 194 3 100 226 32 194 120 108 106 160 32 195 155 29 149 162 75 19 16 8 41 130
96 0 150 156 75 131 32 72 182 160 194 11 68 194 32 66 120 236 106 128 8 211 195 208 21 32 131 41 16 8 33 2
32 33 16 140 79 71 160 64 12 160 153 10 4 16 32 130 200 148 74 99 64 35 65 136 21 0 138 59 17 42 61 138
88 2 134 29 8 2 32 72 246 128 194 64 192 227 32 64 120 100 106 128 8 211 199 16 84 163 227 9 72 32 120 128
32 107 72 1 70 9 161 100 32 32 242 203 147 0 0 3 104 164 66 67 72 178 68 0 20 0 162 16 109 9 82 128
120 162 148 165 45 11 64 136 111 184 162 105 207 32 64 210 193 197 236 0 12 98 201 144 136 243 101 61 24 172 74 0
48 64 1 161 78 11 161 64 4 160 210 202 145 0 32 10 104 172 10 194 8 182 69 128 148 128 170 48 109 25 16 160
112 1 66 4 87 11 162 64 40 36 179 11 2 8 4 16 232 165 66 99 8 163 80 76 21 32 0 19 65 11 86 130
32 32 6 152 73 131 160 72 246 128 242 10 64 194 32 212 120 236 106 128 0 243 203 80 21 2 139 9 65 8 99 128
33 32 14 141 76 11 160 72 22 224 210 75 208 128 96 96 120 12 106 4 5 243 207 152 28 34 167 48 25 8 112 128
96 0 6 137 77 11 96 72 166 160 242 10 198 194 32 66 104 204 106 0 8 115 203 208 149 32 139 57 17 8 114 130
96 32 67 129 76 9 224 64 44 32 242 74 194 128 0 208 104 140 110 136 9 243 193 64 21 48 3 40 65 8 67 160
32 32 6 9 75 139 160 72 102 0 226 0 208 194 64 80 104 44 106 136 0 211 207 16 21 2 3 9 97 0 34 128
32 32 20 13 11 143 161 72 86 184 192 10 192 128 64 130 89 108 106 0 8 243 203 16 28 0 3 52 81 8 40 128
112 32 2 129 73 9 96 72 230 32 242 138 66 130 64 82 104 204 110 128 8 243 199 64 148 0 131 57 97 0 98 134
32 34 7 137 76 11 160 72 22 160 242 74 210 192 64 64 120 140 106 8 8 242 203 144 20 128 131 40 49 8 112 160
112 32 2 136 73 9 96 72 230 32 242 138 2 130 64 80 104 140 110 128 8 243 199 80 148 0 131 25 33 0 98 128
80 0 0 137 77 9 96 72 46 32 194 11 198 194 0 66 104 196 110 8 8 99 195 192 149 32 139 57 16 8 80 2
32 32 14 141 78 3 224 72 118 0 242 66 217 194 0 66 120 204 106 136 0 243 207 208 20 160 162 8 105 8 99 130
0 34 22 1 75 11 160 72 238 160 226 32 196 194 96 66 104 76 106 0 0 243 139 80 20 2 3 3 64 0 35 134
81 16 143 29 72 2 33 72 246 128 194 100 66 224 160 66 113 100 106 0 9 211 239 16 28 34 103 8 72 32 112 48
48 32 6 137 75 131 160 72 230 128 226 10 194 194 96 194 104 236 106 128 8 227 203 80 157 2 135 9 65 0 43 134
32 160 132 13 9 91 32 200 86 180 196 12 194 224 66 4 89 76 234 16 14 211 251 16 28 2 5 53 16 8 38 132
16 32 6 13 72 11 160 72 118 0 194 66 212 128 32 0 120 76 106 0 0 243 199 16 21 32 3 0 73 8 35 160
112 0 6 137 74 9 32 72 102 160 194 138 130 192 32 66 104 204 106 8 8 83 207 16 148 32 131 57 49 8 58 128
0 34 87 141 78 11 160 72 110 32 242 66 132 130 64 2 42 204 106 12 0 240 197 208 148 176 11 16 64 8 99 164
96 32 6 169 74 11 32 72 38 160 226 10 198 130 96 80 104 140 106 128 10 243 199 17 148 32 3 57 49 8 42 128
96 32 5 161 76 11 96 72 78 160 242 74 215 2 64 64 104 132 110 136 9 115 199 208 148 162 171 48 48 8 49 128
32 32 6 152 75 131 160 72 246 132 242 10 64 194 96 80 121 236 106 128 0 243 223 80 29 2 7 9 65 8 103 130
48 32 7 137 78 11 32 72 22 160 242 74 211 192 96 64 120 140 106 8 8 242 207 144 28 128 135 40 49 8 112 128
64 48 135 29 88 131 32 72 246 128 194 36 64 224 32 82 88 108 106 32 41 211 195 28 20 34 71 8 88 32 32 144
80 34 7 137 72 11 32 64 230 32 194 70 64 130 32 66 104 76 106 128 0 211 131 0 20 34 3 0 8 0 41 130
64 0 6 129 74 11 32 0 230 160 194 66 194 128 32 64 104 140 106 0 8 211 69 20 148 34 3 48 0 8 16 4
32 160 156 29 10 91 32 200 22 180 196 8 192 224 66 4 89 108 106 16 14 211 235 16 28 2 5 53 16 40 6 132
80 16 135 28 72 2 32 72 246 128 194 100 66 224 160 86 113 100 106 0 9 211 207 16 28 34 69 8 72 32 112 16
97 0 134 29 74 139 32 40 246 176 194 0 64 224 32 194 81 108 106 32 32 211 207 28 28 35 69 52 16 40 24 0
96 0 134 157 77 9 32 72 166 160 194 11 66 194 32 194 104 204 106 0 12 83 219 208 149 32 139 57 16 8 50 130
64 32 7 5 74 11 160 72 164 32 194 74 192 128 0 82 104 204 106 136 0 243 199 64 148 32 2 0 64 32 35 128
16 32 22 129 75 11 160 64 238 32 242 2 204 130 32 64 104 12 106 128 0 243 129 80 21 2 139 1 65 0 99 130
112 32 6 9 74 11 160 72 38 160 226 8 195 130 64 80 104 140 74 128 8 83 199 16 20 0 3 56 97 0 34 128
40 32 6 9 9 87 32 72 100 4 203 1 130 128 34 205 72 12 234 32 12 147 209 16 85 33 130 5 82 15 124 134
96 32 81 129 76 9 224 64 44 32 242 202 146 0 0 16 104 140 106 136 0 114 193 192 148 160 3 40 97 8 99 128
32 32 7 9 72 11 160 72 118 160 226 76 194 192 64 80 121 204 106 0 1 211 203 16 28 2 135 48 64 0 50 128
80 32 134 5 72 75 32 72 164 164 194 138 66 224 66 82 104 204 106 128 0 211 135 0 148 34 3 9 32 0 39 128
248 4 2 161 69 77 230 72 32 6 176 11 6 2 32 208 120 128 74 226 72 51 81 194 181 128 138 85 1 9 107 130
33 32 14 0 72 3 161 72 246 128 226 8 80 130 32 80 120 140 106 128 9 211 223 16 20 0 3 8 65 0 34 160
32 32 15 137 76 75 160 72 86 160 242 74 210 192 192 64 121 140 106 8 1 242 207 144 28 0 135 40 81 8 112 160
80 128 134 29 11 3 32 200 150 176 194 74 96 224 96 66 81 76 106 0 8 83 207 25 28 34 69 60 112 40 48 130
32 160 156 29 10 15 32 200 86 176 192 8 192 240 64 2 89 108 106 16 10 211 203 17 29 0 5 52 16 40 34 134
16 32 6 13 10 75 160 72 116 32 226 6 195 128 0 0 120 76 106 128 0 241 215 64 21 34 2 1 97 8 39 128
80 0 142 29 72 18 32 72 246 128 198 0 82 224 160 66 113 100 106 8 8 211 239 20 92 34 69 8 64 32 112 160
96 32 6 137 77 11 224 72 110 160 242 11 202 194 68 144 232 140 110 128 12 115 195 208 21 18 3 57 65 8 106 134
208 33 2 128 75 73 32 68 100 36 203 2 0 130 96 192 104 140 202 112 4 179 149 64 149 32 2 5 33 26 63 130
185 82 2 9 75 93 48 86 20 125 70 119 2 144 226 109 120 8 162 4 12 158 97 0 215 193 80 98 114 140 52 222
120 146 134 28 8 2 160 216 246 168 194 100 66 225 32 66 81 100 106 0 0 243 139 17 88 35 101 9 74 96 112 2
48 32 134 157 75 203 160 72 182 160 194 3 224 226 32 198 120 236 106 160 8 195 219 157 149 34 203 51 49 8 48 130
80 0 10 137 74 8 33 64 102 32 194 10 128 130 32 82 104 204 106 136 8 211 133 80 149 32 10 8 33 0 35 32
96 34 5 161 76 11 97 72 78 160 194 78 199 130 64 70 104 196 106 12 8 115 207 144 156 162 135 48 56 8 49 160
137 16 6 169 32 151 33 83 164 121 199 180 151 135 170 110 100 28 170 28 3 149 33 0 196 225 34 68 178 140 32 241
112 32 134 157 79 9 96 72 38 160 226 11 66 194 32 194 104 204 106 136 12 83 207 208 148 32 139 57 49 8 122 130
80 0 6 9 10 75 32 72 246 228 194 2 64 192 34 64 120 12 106 8 6 211 207 29 29 34 3 9 48 8 52 192
0 32 7 145 76 11 161 72 94 160 242 66 208 194 160 224 120 12 106 8 0 241 207 144 28 34 163 16 17 8 113 128
56 1 2 169 73 127 160 72 164 44 235 2 2 146 41 206 120 12 202 98 8 179 16 0 21 128 130 7 82 11 46 134
72 17 22 28 9 223 16 8 142 133 99 1 196 212 43 222 144 60 234 64 20 129 83 24 5 49 65 31 82 47 13 70
153 18 155 57 32 3 33 95 86 73 70 244 23 147 224 105 92 24 34 24 11 214 35 16 192 225 50 72 152 136 160 177
153 34 139 161 68 41 97 83 20 49 86 82 147 129 224 73 120 8 2 24 27 252 3 128 212 129 242 0 168 8 240 160
56 74 9 161 70 9 161 64 4 32 194 202 147 1 1 74 104 172 10 202 73 178 69 128 212 128 162 48 41 25 16 160
8 17 18 136 77 87 164 73 68 8 227 14 130 144 42 194 216 8 202 34 4 163 81 8 21 32 2 15 88 11 44 134
20 172 148 26 153 243 22 168 54 183 64 17 110 226 105 156 145 95 160 48 50 80 11 63 169 22 5 111 210 117 135 6
65 32 143 5 8 10 32 64 100 160 194 72 208 128 144 114 96 196 106 136 1 209 135 64 28 34 135 0 40 32 99 0
48 32 132 141 75 75 160 72 54 164 160 11 2 128 64 146 120 204 234 0 8 83 219 16 157 0 15 57 65 40 6 130
80 2 135 205 12 2 33 72 118 128 226 66 208 227 160 66 120 196 106 136 1 211 131 68 20 34 227 0 32 40 97 32
32 32 20 137 75 75 160 72 22 176 224 10 196 208 96 128 121 156 98 16 2 115 75 17 29 128 7 61 81 8 45 130
37 140 207 94 136 34 6 184 210 194 98 104 115 224 169 59 17 102 96 42 233 241 175 47 40 175 101 0 233 240 66 32
0 32 6 153 73 11 160 72 118 160 240 10 196 194 32 196 120 140 106 129 4 243 75 80 149 0 139 43 65 8 43 134
48 32 71 141 78 11 160 72 60 32 242 66 149 130 128 64 120 140 106 128 0 243 199 64 20 160 34 32 97 8 99 128
32 32 22 137 75 75 32 72 22 176 224 10 68 208 96 0 121 12 106 16 2 83 91 17 29 128 15 61 16 8 45 130
81 34 143 5 72 10 33 64 100 160 226 66 208 130 16 114 96 196 106 136 0 211 135 64 148 34 135 0 32 32 99 32
48 32 4 141 79 75 160 72 54 160 224 10 2 128 64 144 120 204 98 0 8 115 219 16 29 0 15 57 65 40 10 130
80 0 135 205 76 2 33 72 118 128 226 66 208 225 160 66 120 68 106 8 0 209 131 68 20 34 227 0 32 40 112 32
64 2 142 93 8 2 33 120 118 128 226 68 82 225 160 82 112 100 106 40 9 211 139 12 92 34 231 0 40 104 96 0
36 160 148 25 203 143 32 200 22 180 224 10 70 208 98 4 89 76 226 16 2 83 91 29 29 130 5 127 80 8 9 130
112 65 2 132 85 75 130 64 8 36 242 11 2 8 5 16 232 181 194 99 8 179 80 78 49 36 8 19 65 27 86 130
32 74 75 161 68 136 229 103 228 0 242 207 147 0 17 3 40 160 74 77 73 186 68 0 100 32 162 0 105 24 82 136
32 33 16 140 75 71 146 104 132 164 169 10 132 146 33 130 200 53 202 99 64 35 80 26 53 4 10 59 16 11 15 138
65 34 159 133 12 10 97 64 100 160 226 66 208 130 144 114 96 196 106 136 1 209 135 64 148 34 139 0 40 32 99 32
100 33 2 136 93 70 34 72 228 12 203 0 134 144 40 212 240 140 74 113 8 3 144 0 145 32 130 95 0 11 63 6
48 32 4 141 79 75 160 72 14 164 176 10 2 128 64 146 104 220 234 0 8 115 219 80 29 128 15 49 65 8 78 130
80 2 143 93 8 2 33 120 118 128 226 70 82 225 160 82 112 100 106 40 9 209 139 12 84 162 231 0 40 104 96 32
88 34 28 165 36 9 88 16 44 8 178 73 223 11 0 146 130 197 236 0 12 96 193 0 194 241 34 17 72 128 75 3
105 34 24 96 41 29 80 16 107 168 180 77 159 11 66 146 132 196 76 12 140 98 192 0 195 217 37 48 74 128 74 3
48 65 6 160 65 78 98 64 96 36 169 11 0 2 40 208 232 128 74 227 76 147 16 68 181 0 138 69 65 3 42 130
36 160 148 153 203 223 48 200 150 180 224 10 230 208 96 132 217 92 234 16 2 99 219 25 29 130 7 127 208 8 13 134
36 160 22 153 203 203 48 200 150 176 224 10 198 208 96 132 89 12 234 16 2 83 91 29 29 130 5 127 208 8 45 130
40 82 18 140 73 85 0 72 204 140 224 2 134 144 33 198 200 8 202 96 4 7 210 16 21 32 2 59 16 59 61 130
12 96 10 168 73 100 160 64 196 140 234 0 132 130 99 192 200 40 74 114 8 163 18 0 145 145 130 15 0 43 108 130
121 34 20 165 45 13 64 16 47 168 162 77 207 35 64 210 129 196 236 4 13 98 201 16 142 243 33 49 74 172 74 1
56 1 2 160 65 111 33 64 228 44 207 2 2 130 106 77 120 140 130 242 8 147 16 0 149 160 2 45 1 11 46 130
152 34 139 57 4 32 97 82 116 17 112 86 147 131 224 9 120 8 2 136 11 254 133 0 212 129 114 4 105 136 162 160
129 2 11 177 68 41 33 66 116 25 66 86 145 130 224 73 96 136 34 152 3 126 130 64 148 129 242 72 152 8 113 160
153 34 23 57 0 170 97 82 116 25 102 116 147 131 160 109 120 8 42 24 11 252 35 16 196 131 114 64 106 136 96 168
104 34 17 165 45 13 64 8 99 168 178 77 143 11 64 146 200 197 108 4 13 98 201 128 135 249 37 56 74 140 66 1
153 50 155 185 0 7 33 86 118 25 70 118 23 147 224 73 120 8 34 24 11 222 3 0 196 193 114 68 152 8 32 169
81 2 143 93 8 2 33 120 118 128 226 70 81 227 160 82 112 100 106 168 33 209 143 12 92 163 231 0 41 232 96 32
65 34 159 133 10 2 105 64 108 160 226 74 212 130 144 114 96 196 106 136 1 209 135 64 148 34 167 0 41 32 35 32
48 32 0 141 79 75 160 72 42 164 176 11 2 128 64 146 104 220 234 0 8 115 219 80 29 0 7 59 65 40 79 130
96 32 3 13 74 9 160 72 38 160 242 74 195 128 64 82 104 204 106 136 8 243 195 80 20 160 3 40 97 8 67 128
96 32 6 137 73 11 96 72 110 32 242 10 130 194 64 84 104 140 106 128 8 243 195 80 21 0 131 41 65 0 98 134
32 32 7 137 78 11 32 72 22 160 242 74 211 192 64 64 121 140 106 8 8 242 207 144 28 128 7 40 113 8 112 128
32 32 6 156 73 131 32 72 22 160 226 11 64 194 32 66 248 236 106 128 0 211 195 144 21 32 131 43 16 8 40 130
96 32 6 136 73 11 224 72 126 32 242 10 2 194 68 84 120 140 106 128 8 243 195 80 21 0 131 41 65 0 98 134
80 32 2 137 79 9 96 72 46 32 210 11 198 130 32 82 104 196 110 0 8 243 195 192 148 32 131 25 32 8 80 130
32 32 6 169 76 11 160 72 22 160 242 74 211 128 96 64 120 140 106 12 8 242 195 144 20 128 163 40 49 8 112 128
96 32 77 169 76 11 96 72 78 160 240 74 212 130 64 64 104 140 106 8 0 114 197 208 148 34 163 16 48 8 115 128
8 241 22 9 9 223 48 72 142 60 68 13 204 214 107 148 144 57 234 96 6 81 186 17 5 16 1 47 82 38 13 215
4 241 16 24 73 205 48 200 174 16 72 1 164 210 107 196 145 56 234 98 70 1 154 17 5 16 3 63 16 38 13 150
96 32 6 137 79 11 32 72 182 160 242 10 134 130 32 196 120 204 106 0 0 243 219 208 21 32 139 43 17 8 114 130
16 32 6 129 73 11 160 72 238 160 226 10 198 144 64 86 104 196 106 0 0 241 155 80 157 34 7 19 65 8 99 134
72 19 6 8 73 157 16 72 198 12 205 5 192 212 35 196 208 60 234 96 4 131 210 16 17 48 0 59 90 47 31 214
16 32 22 13 75 11 160 72 246 160 226 0 198 192 96 64 120 76 106 0 0 243 139 64 157 2 3 3 64 0 33 130
117 164 142 21 140 2 37 248 118 242 194 76 83 224 209 43 89 100 104 61 185 241 207 8 88 34 101 68 233 120 112 0
37 14 207 62 136 34 7 184 82 194 98 204 115 225 137 27 17 102 96 46 169 240 143 46 104 46 101 0 225 240 66 49
32 32 7 137 76 11 160 72 86 160 242 74 208 128 224 96 120 140 106 136 1 243 199 208 20 0 131 40 61 8 113 160
16 34 86 173 74 11 160 64 228 32 242 162 193 130 128 64 106 140 106 128 0 243 199 64 148 34 163 0 97 8 33 128
70 160 132 21 203 7 20 200 146 182 128 9 228 226 75 14 145 94 233 48 34 83 155 24 13 34 77 127 128 116 31 130
48 34 135 13 74 11 160 72 54 160 98 66 81 195 64 64 120 204 98 136 0 243 199 80 20 160 35 32 97 168 98 160
80 32 2 137 77 9 32 72 238 32 194 11 194 130 32 82 104 196 110 0 8 243 193 192 148 32 131 49 0 8 113 2
6 172 148 26 153 247 22 168 54 247 64 17 228 246 75 152 145 79 160 48 54 80 27 63 43 22 69 111 144 117 143 70
16 0 6 141 77 11 32 72 182 160 194 2 198 178 32 198 120 196 106 0 0 211 219 149 149 34 203 19 16 8 49 130
113 16 135 29 74 2 32 88 118 128 194 36 64 225 32 82 81 108 106 0 5 211 207 25 28 34 101 8 98 32 114 80
80 32 6 5 73 11 32 72 166 32 194 2 192 128 0 210 104 204 106 136 0 195 199 64 148 34 2 0 0 0 43 128
96 32 3 137 76 9 160 72 46 160 242 74 210 128 192 64 104 140 106 128 0 242 195 80 148 32 3 40 65 8 99 128
16 0 6 137 73 11 160 72 182 32 194 3 198 192 32 66 120 76 106 0 4 243 155 149 149 34 75 17 16 8 49 130
96 34 6 9 72 11 160 72 38 160 226 72 194 128 64 16 104 140 106 128 0 83 195 16 20 0 43 56 65 8 50 128
16 0 7 9 8 11 32 72 102 32 194 135 194 193 0 66 104 196 106 0 9 211 207 16 20 34 227 16 48 8 32 128
70 160 132 21 139 83 20 200 146 182 0 9 228 242 73 142 145 94 232 146 34 83 139 24 9 2 77 127 128 116 7 134
64 32 6 129 73 11 160 72 254 160 226 8 198 192 64 70 121 196 106 0 12 243 219 80 157 2 7 17 65 8 51 134
96 34 68 152 104 129 96 72 134 40 240 233 131 194 160 86 72 236 110 132 14 67 207 209 148 48 171 184 17 136 34 132
16 32 6 13 9 139 160 72 102 144 226 0 194 194 64 66 104 236 106 128 12 227 219 80 157 2 7 31 80 0 43 134
112 32 6 13 73 15 32 72 54 160 194 8 64 192 32 208 120 204 234 128 8 211 155 0 20 34 131 8 32 8 58 128
48 0 6 137 8 75 32 72 118 180 194 2 194 192 34 64 88 132 106 0 12 211 203 16 148 34 3 13 16 8 52 128
117 166 143 85 140 2 37 248 118 178 66 64 83 225 209 11 89 100 104 56 57 243 207 8 8 34 101 68 233 248 112 160
32 32 6 153 75 11 160 72 118 132 242 11 64 194 32 64 120 140 106 128 8 243 195 208 21 0 139 9 81 8 103 130
32 34 14 9 72 27 160 72 118 160 194 8 194 128 64 64 120 76 106 8 0 211 203 16 84 2 35 49 104 8 51 160
96 32 70 137 77 13 96 72 127 32 240 11 130 130 0 80 120 204 106 128 12 115 223 208 149 32 131 57 17 8 114 130
6 164 148 23 155 83 22 200 182 183 0 0 228 242 75 159 145 94 232 48 38 83 187 59 41 6 77 111 130 116 15 198
116 36 207 119 136 2 7 184 82 242 66 236 83 225 145 11 17 102 96 58 185 243 175 42 104 166 101 4 233 248 80 48
0 32 134 29 24 91 32 72 54 180 194 8 64 224 226 0 89 108 106 16 6 209 235 28 28 2 5 55 16 40 4 196
48 32 6 137 11 11 160 72 174 0 242 3 192 194 64 192 104 140 106 128 12 227 215 208 149 0 139 25 113 8 107 134
0 0 22 157 11 131 32 104 182 128 194 3 192 226 32 192 120 108 106 128 12 195 219 220 149 162 203 27 16 8 41 130
33 32 5 137 14 11 160 72 94 160 210 74 210 128 64 64 120 140 106 8 8 227 207 144 148 32 3 48 16 8 49 128
32 32 70 141 76 3 160 72 118 32 240 70 144 130 0 64 120 204 106 140 0 242 223 208 20 160 131 8 81 8 99 128
16 0 6 137 77 11 32 72 174 36 210 11 198 194 32 68 104 140 106 128 12 243 219 208 149 34 139 27 17 8 49 130
96 32 7 137 76 11 160 72 46 32 210 74 214 130 0 64 104 140 110 8 8 243 199 208 148 32 139 16 16 8 49 128
32 32 6 137 77 11 160 72 238 128 242 2 132 130 32 192 104 140 106 128 4 243 211 208 149 0 139 27 81 8 43 130
48 34 67 137 78 11 160 72 44 0 242 66 153 130 0 64 104 140 106 136 1 243 199 192 20 160 3 0 97 8 99 128
96 32 6 136 77 9 160 72 190 32 242 10 6 130 32 212 120 204 106 128 0 243 219 208 21 32 11 59 17 8 115 130
32 32 7 137 78 11 160 72 54 160 242 74 209 192 96 64 120 140 106 140 0 243 71 208 20 128 131 0 49 8 113 128
112 32 6 137 77 9 160 72 174 32 242 11 194 130 0 208 104 132 110 128 12 99 215 208 149 0 139 25 81 8 35 130
0 32 3 129 76 9 224 64 46 32 242 74 142 136 0 0 104 140 110 8 0 243 193 208 148 160 3 32 97 8 67 128
96 32 6 137 77 11 160 72 46 32 242 11 134 130 32 84 104 140 106 0 4 243 219 208 149 32 139 57 17 8 115 130
0 160 150 31 25 139 34 200 190 176 66 1 228 224 40 71 209 108 234 48 38 211 219 61 45 50 69 15 208 32 35 134
32 32 7 137 76 11 160 72 102 160 242 74 194 128 96 64 104 140 106 8 8 243 207 208 148 0 131 48 113 8 113 128
37 160 135 21 152 3 37 248 214 179 194 108 83 225 216 2 17 100 104 44 169 241 207 24 72 42 101 52 141 232 80 32
0 32 3 129 76 9 224 64 46 32 242 74 130 128 0 0 104 140 110 8 8 243 193 208 148 32 3 48 97 8 67 128
48 32 7 137 76 11 160 72 38 160 242 74 195 128 96 0 104 140 106 8 8 243 207 208 148 0 3 32 113 8 112 128
88 34 24 165 32 29 88 16 44 8 178 73 159 3 0 210 130 197 108 4 12 96 193 0 194 241 34 17 40 128 11 3
32 0 6 137 73 11 32 72 150 160 194 11 196 194 32 192 248 204 106 128 12 195 219 208 149 34 203 27 16 8 57 134
48 160 135 21 72 11 32 200 54 176 194 8 65 224 64 16 25 108 106 24 8 211 207 28 28 2 69 36 32 32 66 128
96 32 6 136 73 11 160 72 124 32 240 11 192 194 64 84 248 140 106 128 0 115 195 192 21 0 139 43 81 8 106 134
104 34 25 164 44 13 80 16 47 168 178 77 223 19 64 210 128 196 236 12 12 96 193 16 195 249 33 49 72 136 74 3
96 32 2 136 79 11 96 72 110 32 226 11 66 194 32 86 104 204 106 0 8 243 211 208 21 32 131 59 16 8 118 134
86 160 132 20 139 67 20 232 18 182 66 9 68 242 66 70 145 76 233 2 4 83 203 24 29 34 77 63 130 100 27 134
32 32 6 137 73 11 160 72 110 32 242 2 194 194 64 68 232 140 106 128 8 243 195 80 149 32 131 19 80 8 35 134
101 166 207 117 158 2 71 248 214 178 194 234 83 225 209 43 17 108 104 44 169 243 143 8 104 43 101 20 233 248 80 48
86 160 150 22 139 215 22 200 150 182 64 1 68 246 75 142 145 126 232 18 38 81 155 58 9 6 77 111 130 116 7 198
112 32 22 136 75 11 160 72 244 0 224 2 196 194 96 68 248 204 106 128 8 99 195 64 149 32 131 11 80 8 39 130
32 32 6 141 75 11 32 72 166 32 194 2 196 194 32 66 104 76 106 0 0 211 195 144 21 34 131 59 16 8 56 130
17 34 15 133 8 10 97 64 236 160 226 66 212 130 144 82 104 196 106 136 1 209 133 64 148 32 163 0 9 0 99 32
112 32 66 137 78 9 96 72 110 32 242 42 6 130 160 80 104 140 110 0 8 243 193 208 148 32 131 27 32 8 115 130
32 32 6 137 73 11 160 72 110 32 242 9 194 194 64 80 232 140 106 128 8 243 195 80 21 0 131 59 81 8 98 134
96 32 0 129 79 73 160 72 38 160 240 10 134 128 64 144 104 140 234 128 8 115 211 64 21 0 3 57 65 8 46 130
1 34 143 29 8 10 33 88 246 160 226 68 81 227 160 82 120 100 106 8 9 241 171 8 84 34 231 0 0 168 96 32
98 34 0 152 108 13 136 72 142 56 176 201 131 194 132 144 200 128 110 4 10 3 203 145 148 176 171 185 80 136 74 4
96 34 6 152 10 139 160 72 230 136 240 160 195 194 224 70 72 236 110 128 12 99 207 80 148 48 163 153 80 136 35 133
105 34 16 96 41 13 80 16 107 168 176 105 159 11 66 146 134 196 76 12 140 98 192 0 195 217 37 48 66 132 74 3
117 142 239 62 152 2 71 184 210 242 98 228 115 225 185 123 21 102 96 46 169 243 143 63 96 174 101 20 224 240 66 33
32 32 20 9 75 79 48 72 22 180 224 10 196 210 66 132 121 72 234 16 6 243 219 16 29 130 5 63 112 8 45 134
32 48 22 152 73 223 176 72 150 180 224 11 196 208 98 132 217 56 234 16 6 115 219 145 29 18 7 63 82 12 13 134
153 18 46 129 164 52 49 82 100 92 198 246 17 151 226 111 109 26 174 156 139 210 51 192 150 193 242 2 162 204 52 245
49 75 9 161 66 139 101 84 4 32 194 238 147 1 129 104 104 172 10 200 9 146 101 0 212 129 160 0 57 154 16 184
52 1 80 101 21 74 98 32 101 4 243 3 67 9 52 80 248 168 4 226 12 176 81 204 183 248 128 3 97 43 116 6
81 34 143 77 10 2 97 88 246 160 230 102 81 227 160 114 120 236 106 140 137 209 175 12 84 163 231 0 41 160 96 160
96 32 0 137 79 77 160 72 46 164 240 11 134 152 64 130 104 204 234 128 8 115 211 208 21 0 3 59 65 8 110 130
6 188 150 19 153 215 50 232 190 181 0 17 204 246 79 159 145 123 234 16 54 65 155 119 47 22 77 111 146 116 143 198
50 65 18 140 89 79 130 64 8 36 240 11 6 16 33 144 248 149 194 99 72 163 65 78 177 36 8 19 81 27 46 130
9 75 11 33 66 137 165 119 228 0 226 206 179 0 128 3 40 170 74 140 73 186 196 33 196 161 178 0 105 8 146 168
53 6 207 127 138 2 71 248 82 226 246 228 115 225 153 59 29 238 100 46 233 243 175 47 248 175 101 132 237 248 114 33
17 34 15 133 14 10 233 80 236 160 226 66 213 130 208 114 104 196 106 136 1 209 133 64 148 32 171 0 40 0 99 32
32 64 18 140 89 79 146 96 12 44 169 10 6 146 33 128 216 149 202 98 64 3 80 12 177 4 10 59 80 59 47 130
32 143 91 168 228 136 233 39 232 0 58 197 173 2 52 80 106 163 6 140 16 41 4 229 4 184 50 8 93 0 225 8
169 178 11 161 204 1 161 87 4 121 80 254 149 135 224 11 108 26 34 20 17 126 194 128 212 129 250 104 137 8 177 177
72 112 16 24 25 221 178 8 174 20 8 1 172 214 99 196 144 48 234 98 70 1 218 25 37 16 1 59 18 38 13 6
153 18 155 121 32 3 97 86 118 73 230 118 19 131 224 105 121 8 38 24 43 156 35 0 196 195 114 68 186 136 32 169
70 176 150 22 137 215 52 200 182 182 64 9 196 246 75 142 145 127 232 16 6 83 155 56 25 18 77 127 130 116 15 198
153 2 11 121 32 170 97 86 118 75 230 244 19 129 224 120 113 8 46 28 139 189 37 18 194 231 48 68 234 136 96 57
153 2 139 177 4 169 97 82 118 75 102 118 147 131 224 104 121 10 6 24 11 156 33 64 196 225 242 64 184 136 112 168
172 17 18 136 77 87 182 72 196 44 231 3 194 144 43 198 216 28 202 98 84 179 16 0 53 32 2 7 90 62 44 214
44 17 18 8 73 215 48 64 164 44 239 1 130 144 43 204 248 60 202 98 12 179 48 0 21 176 2 15 82 31 46 198
153 162 139 57 128 170 97 82 118 9 230 118 147 131 224 73 120 10 6 152 27 252 101 1 196 193 114 64 234 136 96 160
44 5 2 160 77 70 167 64 128 140 232 3 0 147 35 134 232 132 194 226 8 163 18 72 49 144 130 15 64 123 127 130
113 22 111 108 58 35 67 123 81 225 238 252 83 33 176 112 21 228 108 44 185 143 37 30 250 239 33 208 255 130 82 49
44 21 18 40 73 85 36 72 196 140 236 37 132 210 35 198 216 40 202 98 68 131 82 0 181 17 2 11 80 59 46 198
153 34 11 177 4 171 97 83 118 17 118 86 19 3 224 105 120 138 6 152 27 252 101 0 196 193 114 64 171 136 240 160
40 80 18 12 73 95 16 72 206 44 200 1 134 148 35 196 216 24 202 98 68 3 210 24 149 177 2 63 18 63 13 198
10 241 20 25 41 215 48 72 174 60 69 9 204 214 106 212 128 57 235 66 70 64 250 81 5 80 9 47 18 38 15 215
76 121 16 30 9 221 178 8 174 140 13 9 236 212 99 132 128 49 234 66 6 1 218 25 5 48 9 59 82 39 13 86
32 160 20 24 75 223 48 200 22 180 192 9 198 210 98 196 217 8 234 16 6 83 91 17 29 130 5 127 80 8 45 134
116 5 16 129 85 78 230 232 105 32 184 11 72 10 28 67 232 129 10 226 96 51 17 206 53 140 130 5 65 59 105 2
17 2 143 93 24 2 37 120 246 162 226 100 83 225 160 82 120 108 106 40 41 241 143 28 84 163 99 0 56 168 96 160
32 1 18 160 89 70 162 72 160 4 225 1 4 146 42 144 216 132 194 99 76 131 16 6 49 20 138 79 0 11 62 130
96 32 0 137 75 73 160 72 38 164 240 10 134 208 64 146 104 220 234 0 0 115 219 16 29 0 15 59 97 8 46 130
6 172 148 19 153 247 22 168 190 183 0 17 204 246 79 156 145 127 160 16 54 80 155 127 47 22 93 111 130 117 143 70
100 81 18 136 89 86 34 72 228 4 201 8 134 144 42 212 216 140 202 115 4 131 80 4 177 48 10 127 0 27 47 134
17 34 135 5 8 10 33 80 236 160 226 66 208 130 144 114 104 196 106 136 1 209 133 64 148 34 163 0 9 32 99 32
24 0 6 137 72 11 32 72 118 32 194 10 210 128 32 64 120 132 106 0 8 243 207 16 84 32 163 16 48 8 48 128
80 32 6 128 77 9 160 64 238 160 242 10 70 128 96 212 104 140 106 128 0 243 145 208 149 0 3 25 65 8 43 134
16 32 7 137 76 11 160 72 38 160 242 74 195 128 96 64 104 140 106 8 8 243 207 144 148 0 131 48 113 8 16 128
96 0 6 137 75 11 160 72 166 32 210 11 196 194 32 192 232 140 106 128 12 195 219 208 149 32 139 27 17 8 59 130
89 34 157 165 32 29 88 16 44 8 178 73 223 35 0 210 130 197 236 4 13 64 193 0 194 241 34 17 8 128 11 3
48 32 6 137 77 11 160 72 238 32 240 11 128 128 0 192 232 140 106 128 4 227 195 208 149 0 139 59 81 8 106 134
96 32 2 136 73 11 96 72 238 32 242 11 130 130 0 210 232 204 106 128 4 99 219 208 149 32 131 59 16 8 106 134
105 34 17 36 41 13 80 16 43 168 178 77 159 19 64 146 132 196 236 12 13 98 193 16 195 249 33 49 74 168 74 3
96 32 6 136 73 11 32 72 110 32 226 11 198 146 96 70 232 204 106 0 8 243 195 192 149 32 131 3 16 8 34 134
0 32 22 136 75 11 160 72 164 32 242 3 204 194 32 68 232 140 106 128 0 243 195 192 149 32 139 11 17 8 33 134
16 32 22 136 75 11 160 72 166 32 226 3 198 194 96 70 232 204 106 128 0 243 195 192 149 32 3 3 16 8 37 134
105 34 17 224 45 13 64 24 35 168 176 77 159 25 64 144 200 132 108 4 13 98 209 144 131 217 33 48 74 140 66 3
96 32 6 136 79 11 160 72 166 32 240 11 196 194 32 68 232 140 106 128 12 115 211 208 21 32 139 35 17 8 59 134
48 32 2 137 75 11 160 72 110 32 242 11 194 128 96 84 104 140 106 0 8 243 193 208 148 0 139 51 65 8 99 134
96 32 66 136 72 11 32 72 230 32 242 170 195 194 224 86 106 204 110 128 8 243 199 192 20 32 35 41 21 136 35 133
98 34 0 168 44 13 72 8 15 60 176 169 135 194 192 148 201 128 238 5 14 35 203 145 144 240 171 189 80 136 94 132
96 34 0 152 104 129 64 72 231 172 240 169 227 194 192 214 72 228 238 128 10 67 207 81 148 48 171 185 80 136 46 4
121 34 16 32 40 13 88 16 107 172 176 41 143 11 194 146 134 197 76 12 12 98 192 0 194 217 37 50 66 132 74 1
50 32 22 173 11 95 144 72 22 164 194 3 195 146 34 196 248 156 234 0 12 209 91 156 153 242 7 51 18 12 45 134
81 2 143 237 78 2 97 88 118 192 230 102 209 227 160 98 120 204 106 140 9 211 231 64 84 171 227 0 41 168 96 32
153 50 107 121 160 118 117 91 116 95 102 244 147 133 226 121 124 28 38 28 155 214 166 0 70 233 114 132 170 196 232 241
153 18 43 217 169 116 117 91 117 95 70 246 17 151 226 233 245 28 166 156 169 214 183 192 214 233 242 132 186 204 172 241
152 114 174 233 37 119 177 82 149 127 214 55 130 148 106 169 252 24 134 4 143 183 50 128 195 217 98 7 90 76 124 215
170 48 50 72 105 87 53 89 21 93 124 53 134 149 42 237 220 24 147 32 141 183 242 0 211 113 98 175 82 12 174 215
6 180 148 27 153 215 16 232 191 181 2 1 236 246 111 157 145 95 235 49 38 65 155 125 169 18 77 127 146 100 13 198
117 6 239 125 146 2 71 248 114 226 246 236 115 97 145 115 93 236 100 46 169 242 237 14 248 239 101 132 237 248 114 49
153 50 11 161 228 9 161 87 52 91 86 244 151 133 224 105 125 10 38 28 147 254 166 0 212 193 114 236 234 136 163 241
188 84 50 136 237 116 53 64 100 220 246 23 2 148 106 223 232 156 130 114 12 55 240 192 183 241 70 79 194 95 188 215
112 32 2 129 77 77 160 64 46 36 242 11 142 144 2 148 232 156 234 0 8 243 209 208 149 32 3 59 65 12 15 130
153 178 139 177 228 9 33 87 52 123 86 246 147 133 224 41 125 26 38 28 27 220 230 0 196 193 114 224 58 136 176 241
65 34 75 129 74 8 105 80 108 32 226 70 149 130 128 112 104 141 110 136 1 211 229 64 212 32 171 0 40 0 35 160
70 160 148 30 201 85 52 232 186 182 64 9 236 246 74 134 145 95 235 17 6 67 155 113 29 50 79 127 130 100 15 198
153 18 155 121 32 35 97 86 86 75 230 246 19 131 224 104 125 138 46 28 139 156 37 2 196 207 50 4 186 200 160 249
117 166 207 117 156 11 101 248 118 242 242 238 83 225 144 51 61 228 108 44 169 241 175 12 120 171 229 132 237 232 82 32
153 18 203 121 176 186 99 86 118 75 230 244 19 129 224 120 117 142 46 28 139 189 37 26 194 239 48 68 250 130 96 57
153 26 203 113 176 170 99 83 118 75 230 244 19 131 162 120 113 138 14 28 187 189 37 27 194 239 50 64 184 136 224 121
12 85 18 128 201 87 182 96 164 76 199 3 134 148 43 199 216 28 202 98 68 179 48 0 55 113 2 7 18 127 44 214
44 21 18 136 73 215 182 64 132 140 236 1 132 212 43 198 216 48 202 98 4 163 50 10 49 16 2 15 82 127 45 214
153 42 203 121 132 170 99 87 118 75 230 118 51 131 224 104 113 138 14 156 187 188 37 51 198 199 178 64 184 200 224 160
44 84 18 136 237 86 182 104 132 140 253 3 132 146 43 198 216 16 202 98 12 163 18 202 49 20 130 11 66 127 110 198
113 150 111 100 26 34 67 127 64 107 254 236 83 33 144 48 93 198 124 44 185 187 101 15 242 239 32 208 237 170 114 121
40 85 18 140 105 223 22 72 140 140 237 1 198 208 43 214 216 48 202 98 4 3 82 24 181 49 2 63 82 63 46 215
153 130 203 113 20 171 97 87 118 67 230 246 83 1 160 120 121 138 46 152 187 156 37 11 214 239 50 64 251 136 240 48
78 120 52 27 41 221 50 64 174 156 73 9 236 214 66 148 128 59 235 67 70 64 250 121 7 80 9 59 18 38 15 215
40 85 18 140 89 223 150 96 132 44 249 11 198 148 42 198 216 52 202 98 68 163 16 10 177 181 2 63 80 63 47 134
14 57 52 31 41 221 50 72 174 156 77 1 172 214 67 134 128 123 233 67 70 72 218 125 7 80 11 43 18 7 15 199
116 65 82 132 69 70 230 232 105 44 187 3 72 43 61 192 248 197 134 227 8 179 25 206 177 174 134 5 65 59 108 2
14 160 150 27 153 215 16 232 190 180 66 1 236 246 111 156 145 127 234 48 38 209 155 125 9 18 77 111 146 100 13 198
117 6 207 125 138 2 71 120 82 226 102 228 115 225 145 123 21 236 100 46 169 243 175 15 104 175 101 128 237 248 114 33
74 121 48 30 121 221 178 10 174 28 13 9 172 212 71 196 129 59 235 67 6 73 218 121 37 16 11 59 18 37 15 206
108 84 18 136 89 214 150 64 136 140 201 9 198 208 43 196 216 53 202 99 4 131 80 140 177 48 10 63 16 63 45 134
117 162 207 117 142 3 69 248 86 242 198 238 83 225 208 34 25 76 104 44 169 243 239 8 88 171 101 132 237 232 114 33
0 116 16 24 73 221 18 104 142 180 136 9 172 214 35 148 144 49 202 99 70 3 90 93 181 16 11 59 16 55 15 198
32 64 18 140 89 79 150 104 136 4 233 8 6 146 35 148 200 145 202 99 68 131 80 12 177 20 10 59 16 43 47 134
1 139 75 41 64 136 229 55 228 65 104 196 179 128 144 64 40 162 74 140 65 184 68 37 196 161 178 0 105 136 211 168
0 142 91 184 116 168 233 35 232 1 56 197 189 130 52 64 107 163 2 12 19 41 6 215 4 180 58 72 93 8 97 136
54 73 80 229 21 74 230 32 125 4 250 3 75 9 53 80 248 233 4 226 12 176 81 236 179 216 130 3 97 59 100 6
50 25 2 8 89 79 146 64 40 36 225 9 6 20 33 144 248 145 194 99 8 163 80 78 177 36 10 19 81 31 47 138
49 75 73 1 2 139 101 86 116 96 238 230 19 1 129 112 120 172 42 204 203 152 101 0 196 233 160 0 41 154 80 168
74 97 18 28 89 221 178 72 138 164 136 9 172 214 66 134 144 57 203 97 70 67 218 93 53 20 11 59 0 6 15 198
57 74 109 105 26 130 65 16 86 96 230 238 83 1 129 120 92 172 44 220 137 146 101 30 212 239 48 80 249 129 96 32
66 168 16 26 73 221 176 200 170 52 128 9 172 214 79 196 129 51 202 1 38 71 202 125 29 16 11 63 16 4 15 142
98 0 18 136 201 111 144 78 152 14 160 25 134 130 32 152 200 179 202 1 36 15 82 192 145 16 26 59 16 72 47 14
226 0 18 152 73 237 144 71 168 7 176 25 166 144 34 157 200 179 202 1 2 43 80 64 145 48 26 59 64 76 175 2
112 32 6 136 75 15 160 72 54 32 224 11 196 194 96 68 248 204 106 0 0 115 219 208 149 32 139 35 16 8 59 134
96 32 0 152 104 201 64 72 135 176 160 169 194 194 196 150 200 245 238 128 14 67 203 209 144 176 131 57 80 136 14 4
96 32 198 28 75 139 160 72 182 176 194 169 196 208 224 70 122 236 106 0 2 83 207 17 28 0 3 47 117 8 59 134
153 18 251 249 160 116 125 94 117 79 86 246 25 151 234 232 125 30 166 156 185 158 183 130 206 233 246 132 186 196 164 241
185 16 190 217 173 119 117 220 21 127 212 55 10 188 234 237 220 30 166 4 189 247 50 128 211 209 118 135 218 93 188 247
153 178 171 113 160 63 101 87 118 79 116 244 147 133 234 104 125 26 134 156 187 252 38 66 218 201 246 196 234 196 165 241
46 20 50 136 237 87 181 216 212 94 116 55 204 150 106 229 220 28 130 34 197 179 240 128 115 209 70 143 82 124 174 215
153 178 203 241 164 59 99 87 118 107 86 246 147 135 226 104 125 10 6 28 155 156 37 130 198 207 182 128 186 202 176 249
57 22 235 105 178 178 67 95 101 73 254 228 83 5 178 112 119 134 76 60 187 191 37 30 250 239 32 192 251 194 224 121
25 178 203 105 176 51 99 223 118 75 214 246 19 135 226 104 125 138 14 156 139 157 101 2 202 207 178 132 186 202 224 249
121 30 111 104 48 170 99 119 100 73 254 228 83 37 176 112 117 134 92 60 185 187 37 31 242 239 32 208 239 130 242 113
153 58 219 225 180 35 99 86 119 75 246 246 19 131 160 104 121 138 14 156 187 157 37 122 222 207 182 64 186 202 224 249
153 154 203 105 144 171 99 214 119 75 230 246 83 1 160 112 113 138 14 156 171 189 37 127 246 239 178 64 249 138 224 120
153 170 155 177 132 35 105 215 118 107 86 118 189 131 224 104 123 138 6 152 43 252 33 227 204 197 182 64 184 200 177 168
14 125 48 30 121 221 54 64 142 76 77 9 172 214 35 196 132 57 202 66 4 3 90 59 39 81 1 59 18 63 15 215
121 150 111 101 18 42 75 119 97 104 254 236 83 33 144 48 92 198 124 44 185 187 229 15 250 239 32 208 109 170 242 121
153 138 203 113 148 170 99 215 118 75 230 246 83 1 160 120 121 138 14 156 187 156 37 63 222 239 50 64 185 136 240 56
14 249 48 27 105 221 54 226 174 252 77 9 172 214 71 132 129 59 219 67 70 72 251 125 39 81 9 43 18 5 15 223
44 85 18 156 121 221 182 64 136 140 237 9 206 212 42 198 216 49 194 98 100 163 82 142 53 117 10 27 82 127 175 215
46 93 18 26 121 221 150 96 140 140 237 9 172 214 35 148 200 49 202 66 4 3 90 30 181 20 11 59 82 63 15 215
74 61 48 26 121 221 178 138 174 92 12 9 172 212 67 196 128 59 235 67 70 11 218 121 37 16 27 59 18 21 15 222
44 21 18 152 93 214 150 96 136 140 233 11 196 214 43 196 216 49 202 98 68 131 82 142 53 52 10 27 80 59 45 150
32 81 18 140 121 79 150 104 153 4 248 9 70 146 35 144 216 245 130 98 68 163 82 204 177 52 0 59 80 59 46 134
66 249 16 26 89 221 54 232 174 52 137 9 236 214 67 148 129 51 203 67 70 3 218 125 61 20 11 63 16 39 15 206
1 139 75 57 68 136 101 55 236 81 124 196 179 193 176 112 106 42 78 12 211 56 38 81 228 241 162 72 124 136 194 168
65 143 91 184 252 168 233 119 202 1 56 212 189 130 176 80 74 35 6 12 19 41 6 215 68 157 186 104 220 136 225 160
54 77 80 165 21 70 102 96 101 132 250 3 106 25 37 208 248 233 132 227 76 178 17 238 179 244 128 3 97 59 124 134
50 69 18 136 89 79 150 100 152 36 232 9 6 148 35 148 216 145 198 99 76 131 80 94 177 52 10 59 80 31 15 142
113 74 109 117 18 139 67 16 84 97 230 238 83 1 145 120 124 164 108 252 169 182 101 46 246 239 176 208 253 137 82 120
1 74 79 225 4 137 101 23 100 64 110 198 179 129 224 96 104 168 14 8 75 184 103 32 196 193 162 0 108 152 80 184
49 75 109 121 2 138 97 16 116 96 230 230 211 1 129 120 124 172 44 220 139 178 101 12 196 235 160 0 105 153 80 40
226 0 18 152 201 253 144 79 136 7 160 25 140 146 34 159 200 179 202 17 52 15 82 224 145 18 90 59 144 76 175 142
98 128 146 152 201 237 144 198 184 23 160 25 134 176 34 157 233 179 202 1 38 43 82 65 145 16 90 123 208 76 175 6
25 178 251 249 164 118 127 219 87 79 212 230 25 183 234 236 127 30 183 156 153 151 180 194 202 223 190 196 190 206 180 249
157 178 170 241 229 119 125 218 21 79 86 183 153 191 238 236 253 94 183 148 141 182 178 194 219 221 246 207 158 204 188 255
174 84 54 136 233 247 181 116 141 94 127 63 204 252 42 199 220 121 151 34 164 247 178 128 127 241 71 175 210 127 175 215
46 60 50 26 233 221 53 64 157 206 85 45 204 222 38 133 206 57 255 66 164 131 242 216 183 81 75 171 18 127 173 215
121 151 111 104 186 187 75 63 101 73 254 228 83 45 178 112 126 166 92 60 153 187 37 28 250 239 32 212 239 194 240 121
25 182 235 225 182 51 99 215 119 75 222 230 27 135 234 96 127 138 30 156 155 157 37 139 250 205 182 132 190 202 240 249
14 125 54 26 233 221 52 96 157 206 69 13 204 222 39 213 198 57 251 67 164 3 122 248 183 113 75 187 18 127 45 215
46 85 146 158 253 214 182 96 141 204 245 11 204 246 35 198 220 113 138 98 100 163 114 206 183 119 15 27 2 127 47 215
121 158 111 109 176 42 99 183 101 73 254 228 115 33 144 113 125 198 108 44 185 187 37 47 254 239 160 192 237 162 242 121
153 138 203 123 148 170 107 151 119 75 246 246 115 3 176 112 115 142 14 188 187 157 37 63 254 239 182 64 185 192 224 56
46 93 18 158 249 221 182 98 140 204 253 9 172 246 35 132 204 113 202 66 100 43 82 190 53 119 11 59 82 61 15 215
44 85 82 148 125 198 246 224 217 140 251 2 72 248 47 212 216 245 130 227 76 163 16 206 49 52 135 15 65 123 124 130
44 93 16 158 121 221 150 96 136 140 249 9 238 246 35 148 204 115 202 66 70 3 82 239 53 54 14 59 16 63 47 214
66 125 16 158 89 221 182 104 174 180 141 9 236 214 99 148 129 51 203 67 70 3 90 127 181 20 11 59 18 54 15 214
1 171 75 121 36 138 101 23 124 81 110 228 179 129 144 113 114 170 110 12 219 184 39 49 198 249 112 64 108 128 210 184
50 81 18 140 89 207 150 108 159 140 248 9 78 246 39 144 216 177 198 99 76 35 82 222 177 52 8 59 81 63 15 198
65 139 91 184 252 128 233 119 200 1 56 84 189 163 176 66 226 35 6 28 19 41 6 247 252 157 186 104 92 136 225 169
50 89 82 229 21 78 214 100 69 132 250 3 98 25 37 208 248 252 133 98 76 179 17 236 179 156 132 3 99 186 124 14
34 85 18 140 89 95 150 108 141 12 248 9 78 150 39 148 216 177 198 99 76 35 82 94 177 20 8 59 80 62 15 206
1 75 75 97 4 139 101 22 124 64 126 228 179 129 240 96 122 170 46 78 203 184 101 33 228 217 224 0 108 154 208 184
114 0 22 152 137 221 144 79 138 63 160 25 174 150 34 159 201 179 206 17 30 15 82 208 153 18 94 123 208 12 143 142
178 136 150 152 201 253 144 71 139 23 160 25 14 180 102 159 201 179 206 17 62 111 18 193 145 16 90 123 208 76 175 70
27 178 250 234 182 247 127 212 23 79 223 167 219 223 190 224 255 125 151 22 157 183 44 202 234 253 182 135 190 223 252 243
25 151 111 227 182 178 107 215 101 73 254 230 123 71 186 112 126 162 30 188 155 185 37 190 250 205 166 196 191 202 240 113
46 93 50 156 253 213 150 98 141 206 244 11 140 254 39 198 204 113 131 67 100 43 114 238 183 115 15 27 18 125 47 215
121 159 111 109 176 42 103 55 97 74 254 230 115 37 146 113 62 198 124 238 185 185 229 47 254 235 224 192 111 226 242 121
89 158 111 107 182 162 107 55 117 73 254 246 123 35 176 112 119 134 14 188 185 188 37 127 254 239 166 192 191 194 224 121
42 93 48 158 105 221 150 98 141 204 252 9 172 254 35 132 204 115 194 67 102 43 114 255 55 117 26 59 82 29 15 223
42 125 48 30 121 221 180 238 143 93 172 9 172 182 35 148 140 123 203 65 102 11 114 255 55 85 26 59 82 93 15 223
46 93 18 158 249 221 150 98 153 140 253 11 174 252 39 196 200 115 194 67 100 171 82 238 53 117 6 27 83 127 111 215
46 93 16 158 121 221 150 226 155 12 252 9 172 246 39 148 204 243 194 66 70 11 90 255 181 55 26 59 83 31 15 223
34 85 16 156 125 205 150 108 159 12 184 9 110 246 39 148 152 177 198 99 76 35 82 223 177 52 9 59 81 62 15 214
9 75 79 105 36 139 101 22 124 64 126 196 179 129 176 112 82 42 46 76 195 184 37 41 196 253 160 0 92 154 80 56
50 85 18 12 89 207 22 109 139 4 232 9 78 214 38 148 152 185 198 99 76 35 82 94 177 20 8 59 81 62 142 198
89 159 127 111 182 42 111 183 101 72 126 230 123 99 178 113 118 230 44 174 185 184 37 127 254 239 226 192 191 162 225 121
170 93 52 158 121 221 148 238 159 94 252 9 172 190 39 149 204 243 211 65 102 43 114 255 55 87 26 59 82 93 15 223
170 221 16 158 125 221 150 234 159 76 252 11 174 252 39 132 204 243 195 67 102 43 122 255 55 119 30 59 83 93 111 223
9 203 107 121 180 139 111 151 126 64 118 196 247 65 176 112 50 42 46 76 195 184 37 127 230 255 50 128 92 128 225 121
50 29 82 156 93 205 214 103 157 12 248 9 110 252 38 148 200 185 198 65 92 43 82 254 179 244 0 59 81 12 206 198
