224 5 111 92 76 131 111 120 209 0 242 10 113 235 180 113 120 228 55 234 232 179 46 221 114 40 225 136 117 186 112 128
177 67 75 78 70 2 237 117 0 4 83 230 113 97 184 64 88 230 2 206 200 184 36 13 96 40 164 128 101 186 240 232
3 143 3 158 20 131 170 230 86 0 88 198 32 224 180 196 89 106 2 141 167 184 12 255 32 46 138 136 29 14 112 140
82 34 18 184 10 192 24 72 175 4 144 163 13 206 96 80 110 177 239 128 10 67 202 209 144 240 139 187 21 4 39 83
123 162 32 168 45 29 200 152 79 188 176 13 139 8 94 16 205 128 205 5 142 98 206 145 210 89 137 191 86 12 94 70
107 162 32 40 45 29 216 152 75 188 176 13 143 8 94 16 141 132 205 5 142 98 206 145 218 89 9 191 82 140 94 71
73 48 24 96 33 28 80 16 105 136 52 76 159 19 0 244 132 20 220 8 133 64 144 0 131 249 32 18 74 128 74 1
120 5 78 236 28 131 78 120 133 0 222 2 115 107 176 81 120 228 93 234 104 163 9 157 242 233 163 144 54 186 112 0
104 48 56 96 32 77 81 16 105 136 52 8 159 23 0 48 132 20 93 8 136 96 176 0 195 249 32 16 64 128 66 35
3 143 3 158 20 131 170 230 86 1 88 198 32 224 180 196 89 106 2 141 167 184 12 255 32 46 138 136 29 14 112 140
130 14 6 158 28 130 174 96 148 6 210 227 96 226 160 197 120 103 170 231 100 201 15 255 32 34 202 129 20 44 56 132
161 206 76 94 140 131 206 190 212 146 72 215 97 96 177 193 89 98 34 239 224 204 14 63 96 42 205 0 61 248 248 8
88 48 120 224 34 77 80 16 41 136 52 40 159 31 192 16 166 149 221 0 128 96 128 192 195 249 36 131 98 128 7 19
67 2 134 157 12 2 172 104 180 2 210 199 64 226 178 198 120 100 42 175 165 209 135 204 20 34 203 128 28 120 48 4
130 149 67 140 151 194 142 39 4 128 72 162 96 100 180 228 88 51 147 161 113 136 20 223 32 36 142 130 29 110 181 28
156 120 185 123 160 205 83 216 118 10 116 80 159 215 73 56 181 88 23 90 131 244 58 51 203 205 55 108 208 145 35 163
82 34 82 136 10 64 56 72 167 4 208 163 12 198 34 80 110 157 239 129 8 67 138 208 144 160 139 139 21 4 39 195
90 50 80 224 34 8 120 80 45 128 178 233 143 15 64 144 166 149 221 128 0 65 128 192 150 249 43 131 100 128 15 1
130 143 6 158 29 130 166 226 148 6 194 131 96 234 32 193 249 99 170 231 100 201 11 255 32 54 202 3 16 44 60 142
160 207 76 30 134 129 142 166 212 22 72 215 97 96 180 193 89 98 34 239 228 76 14 63 40 34 205 0 53 248 248 12
88 48 120 96 32 73 80 16 41 136 52 40 159 31 128 16 166 21 221 0 128 96 144 128 195 249 32 131 98 128 7 19
67 2 134 157 12 2 172 104 180 2 210 199 64 226 176 198 120 100 42 175 164 209 135 204 20 34 203 128 28 120 56 4
72 48 49 96 33 76 81 16 41 136 32 72 159 23 0 80 132 21 93 0 1 64 144 0 193 249 36 2 66 0 7 51
181 206 198 30 140 35 70 248 82 130 192 70 115 224 185 43 89 230 32 46 232 227 14 47 48 46 229 16 253 249 112 8
25 143 10 174 20 131 175 250 84 0 94 2 113 227 178 96 88 106 2 239 162 184 13 63 224 175 171 128 60 10 48 168
164 236 4 86 145 129 134 174 18 146 32 25 98 105 8 17 17 98 0 98 114 108 10 63 42 70 85 56 194 115 130 138
135 111 135 158 148 147 174 196 214 130 80 198 32 200 53 197 73 106 18 207 230 254 14 251 32 2 159 8 29 125 112 140
224 13 99 94 76 130 239 112 209 128 250 74 112 234 180 113 120 238 51 235 233 179 190 255 118 42 195 8 117 250 114 160
177 199 75 78 68 2 207 117 80 130 67 214 113 65 184 97 92 230 2 238 233 182 45 47 96 40 164 0 37 186 240 168
3 143 3 158 20 131 170 226 214 1 88 198 96 232 180 196 121 106 2 207 167 186 12 255 32 38 138 0 29 140 112 140
122 189 20 248 185 237 80 235 175 25 168 41 174 255 40 17 192 179 205 0 26 11 90 245 219 209 11 251 18 0 135 3
122 34 0 248 11 193 24 72 135 156 176 169 175 207 100 80 206 177 239 128 10 67 202 209 147 209 139 191 19 4 38 83
135 106 131 154 132 147 142 192 214 162 80 214 32 200 245 140 89 104 2 223 231 246 14 250 40 14 143 40 157 61 112 132
104 162 40 160 45 29 88 152 67 188 180 141 139 13 82 16 137 132 205 5 140 98 200 144 203 217 33 181 82 140 94 67
73 50 88 96 32 28 80 16 105 12 52 108 159 18 130 50 134 68 76 12 132 96 176 0 194 249 32 128 74 128 74 3
114 34 16 186 43 193 24 72 135 156 176 169 173 206 96 80 207 177 239 128 10 67 202 241 147 209 139 187 17 4 38 83
135 106 130 154 141 145 142 204 214 178 80 215 32 200 113 205 89 104 19 223 230 100 14 242 40 6 143 40 156 125 56 132
122 162 40 160 45 13 88 136 11 188 180 141 143 13 82 16 137 132 205 5 142 98 200 145 203 209 161 189 86 140 86 67
105 50 88 96 33 29 80 16 105 136 52 108 159 19 130 112 132 5 204 12 140 96 160 0 194 249 32 145 74 128 74 3
240 13 111 206 28 146 79 112 213 0 254 2 115 99 180 117 120 230 63 234 232 131 61 255 243 234 129 16 55 234 112 32
104 48 120 96 32 77 81 16 105 136 52 40 159 23 0 48 134 20 93 8 136 96 176 0 195 217 32 144 66 128 70 51
131 143 7 158 20 131 170 230 214 0 88 198 96 234 52 196 121 106 18 133 167 186 28 255 32 38 138 0 29 12 48 140
67 14 6 158 12 131 172 104 148 2 210 199 96 234 176 195 120 101 42 167 228 193 15 253 52 34 235 128 29 104 57 4
61 239 104 102 148 153 70 189 66 168 60 76 115 97 216 48 25 202 4 122 218 42 76 63 106 205 37 124 107 210 218 40
90 50 120 224 34 73 89 80 45 140 52 169 159 31 192 16 166 149 221 128 8 96 128 192 210 241 34 131 102 128 7 19
83 2 198 157 12 2 172 104 254 2 210 198 209 226 176 70 114 229 122 173 133 211 151 204 20 42 202 128 12 240 49 4
162 135 75 159 70 2 141 37 20 2 67 242 113 100 180 101 90 38 2 175 225 156 69 15 36 34 156 128 37 138 240 188
157 112 184 123 176 15 87 220 118 2 100 32 95 215 73 56 183 88 89 90 235 164 57 58 235 207 5 4 250 179 99 163
114 34 98 136 72 0 56 72 143 4 208 167 8 206 38 80 110 157 239 133 8 67 203 208 148 48 139 187 21 4 54 209
82 50 88 161 98 9 120 80 45 128 242 237 143 31 0 80 166 149 223 132 12 83 129 192 150 217 43 131 37 128 3 1
133 132 88 203 148 167 234 216 86 49 89 86 81 112 188 101 89 10 18 62 183 52 93 151 12 14 163 68 189 203 120 132
3 14 6 159 29 134 172 104 148 2 210 67 96 234 48 193 248 103 42 167 100 209 11 253 48 50 203 3 20 104 57 4
107 34 32 184 45 29 200 88 207 124 144 77 162 200 86 0 200 128 111 5 142 99 219 145 146 89 137 62 94 12 90 214
90 50 88 224 34 72 89 16 45 140 52 169 159 31 4 80 166 149 221 0 0 64 128 192 210 249 34 131 38 128 7 19
131 140 5 158 25 181 130 166 222 19 64 82 224 96 52 229 201 99 162 193 55 204 30 255 41 54 218 66 153 13 49 12
120 171 20 232 185 137 80 234 175 61 188 40 175 255 64 18 199 147 253 16 26 11 74 181 219 209 33 255 178 2 134 3
135 110 135 147 141 167 174 192 214 178 208 214 64 232 117 79 121 104 10 255 165 245 30 250 40 6 207 0 157 125 112 132
240 13 111 222 92 199 79 104 213 2 238 10 115 227 52 113 120 230 59 234 104 167 62 255 115 170 193 8 53 186 112 32
122 178 16 186 41 193 24 200 143 60 176 169 175 223 72 82 205 211 239 128 10 67 203 241 155 209 143 191 18 4 38 19
135 108 134 150 141 167 174 192 214 178 208 18 64 232 117 175 89 104 10 255 101 231 30 250 33 10 207 32 157 125 56 132
106 162 40 160 45 77 88 152 43 252 180 173 143 13 82 18 141 197 237 21 140 98 200 144 203 209 37 181 70 140 86 83
121 50 120 96 34 28 80 16 105 204 54 45 159 27 134 82 166 197 236 4 132 96 160 0 194 249 32 131 106 132 75 67
242 13 111 222 92 198 79 112 213 2 230 2 114 99 52 117 120 230 63 234 104 167 61 255 115 42 195 0 55 234 112 32
120 48 120 96 32 77 81 16 107 168 52 40 159 31 64 48 134 149 221 0 136 96 240 16 195 217 33 179 66 128 70 35
131 141 7 158 29 135 174 226 212 2 202 2 112 226 52 101 121 106 10 239 99 185 30 255 33 46 202 0 25 104 112 172
177 78 75 118 4 34 111 86 112 130 234 198 115 33 177 32 120 230 20 238 233 183 36 42 112 233 164 0 109 250 112 40
67 0 142 157 12 130 232 72 238 32 210 198 209 226 48 98 104 228 122 141 137 195 215 192 144 58 202 24 28 40 121 4
114 34 6 156 40 193 24 72 175 156 144 227 236 206 96 82 207 245 239 128 10 67 202 209 145 176 139 187 17 4 38 83
82 34 90 160 98 8 104 64 61 160 242 207 13 131 64 80 62 221 127 132 0 83 133 192 212 160 43 128 101 128 35 0
0 142 14 158 12 131 164 232 150 18 210 71 228 226 40 67 217 102 106 39 100 227 75 253 144 34 203 27 24 104 56 4
135 36 70 147 156 39 171 200 86 179 19 86 80 224 253 109 89 72 26 191 167 245 29 246 12 14 207 100 157 251 112 132
122 171 84 232 41 201 80 172 171 60 184 105 143 139 64 146 134 147 237 64 26 43 202 149 218 209 33 255 114 130 14 11
7 108 135 147 140 39 175 200 214 178 194 18 64 224 117 111 121 100 58 191 33 245 31 234 61 10 207 20 141 121 113 36
240 13 111 222 76 199 103 104 213 2 226 2 113 243 52 113 120 228 51 234 104 247 58 255 119 170 195 8 49 248 116 162
122 178 16 250 41 65 88 216 11 56 176 233 175 223 64 210 207 211 255 128 10 67 203 241 154 208 175 191 82 132 14 19
135 108 135 151 141 167 174 200 214 178 194 2 80 232 117 111 121 100 106 255 36 229 31 234 45 10 207 4 133 121 112 132
122 50 112 160 45 13 80 16 47 252 182 237 143 13 86 18 135 197 253 21 140 96 201 144 218 217 37 183 102 140 95 83
89 50 120 32 34 24 88 16 105 204 54 173 143 26 198 18 166 213 252 1 132 96 164 192 210 249 38 131 110 132 11 87
242 12 103 222 77 70 111 96 213 6 230 2 112 251 52 113 120 228 59 234 104 247 59 255 119 42 195 9 53 232 116 162
88 50 88 224 35 89 80 16 41 172 52 40 159 31 192 16 166 149 221 0 8 96 192 128 211 217 33 179 98 128 79 19
3 12 7 159 29 134 175 96 212 18 194 2 112 226 52 101 120 102 58 175 96 209 31 253 53 42 203 0 21 104 113 164
253 77 75 102 132 34 79 214 112 130 234 218 115 97 145 177 120 230 20 238 233 166 109 42 240 239 164 0 109 251 114 40
198 60 150 20 75 120 184 2 185 183 11 56 204 178 69 223 167 119 234 33 36 69 131 194 21 54 91 15 130 117 15 7
5 76 143 151 141 103 165 200 214 178 194 2 80 240 117 107 121 100 106 187 48 225 27 232 29 10 207 4 128 121 113 36
96 12 94 222 77 195 230 96 212 6 226 2 96 251 36 81 248 254 34 162 96 243 26 255 119 42 195 9 81 120 116 162
90 50 82 225 34 8 120 16 45 160 178 237 143 31 64 210 166 213 253 128 4 65 129 192 154 241 43 178 46 132 11 19
0 12 142 223 13 195 165 104 212 2 194 2 96 242 32 103 121 102 106 170 96 225 27 253 53 34 195 1 16 120 112 38
90 48 83 224 34 8 120 64 45 160 178 237 143 31 0 80 166 149 223 132 12 65 145 192 150 248 11 178 46 132 43 21
64 0 134 223 13 194 164 104 244 134 194 2 96 243 32 67 120 100 106 162 40 227 139 237 21 34 199 1 16 120 116 34
80 2 142 221 12 66 160 72 230 4 210 2 192 227 32 66 104 228 106 129 8 211 131 192 149 34 202 1 1 104 117 2
