81 32 159 5 10 10 97 72 236 160 226 64 210 162 80 114 105 196 106 136 9 211 135 64 156 34 207 0 0 32 99 36
64 0 7 129 78 11 224 72 238 160 210 74 213 130 32 80 104 140 106 8 0 243 77 212 148 130 171 48 48 8 17 32
1 64 83 145 238 140 164 71 232 16 48 74 188 130 96 154 34 35 74 12 1 41 148 64 132 136 18 40 88 8 195 136
56 2 5 77 9 7 64 72 86 132 226 0 98 129 33 204 88 8 170 0 10 178 67 24 129 162 80 16 18 41 116 160
65 2 6 29 89 139 32 72 86 160 198 2 66 192 34 196 112 44 106 40 32 211 79 29 28 34 67 0 16 8 56 0
112 34 134 29 74 3 32 72 22 48 194 71 100 192 32 192 88 76 106 0 2 83 203 29 148 34 35 61 24 8 32 146
32 32 135 157 72 11 33 72 118 32 194 1 210 192 32 66 120 76 106 36 1 211 203 29 20 34 67 48 16 8 32 192
80 0 7 41 72 75 32 72 86 244 194 2 67 192 32 64 120 132 106 8 14 211 207 29 29 34 3 12 16 8 52 192
92 0 6 40 9 210 96 72 228 128 227 0 66 194 97 220 216 172 42 152 9 179 131 0 144 160 130 73 160 33 120 2
224 64 18 136 73 75 36 76 4 0 234 10 6 0 40 210 104 128 74 98 72 3 81 2 176 36 2 61 80 26 40 0
32 32 4 13 8 75 160 72 22 180 224 10 192 128 64 0 89 76 106 0 12 243 203 16 28 2 3 53 80 8 38 128
32 34 7 137 76 11 225 72 22 164 242 78 195 192 96 68 120 140 106 8 8 242 251 144 20 128 131 40 49 8 116 164
96 0 134 157 73 73 32 72 182 176 194 10 66 242 96 66 121 204 106 0 8 83 219 17 149 34 195 61 16 8 50 130
56 33 6 41 9 91 32 64 36 36 238 2 3 128 34 207 104 8 74 74 76 177 81 0 149 161 0 65 112 11 46 128
80 0 135 29 74 2 32 72 118 128 194 100 194 227 32 64 120 196 106 128 9 211 199 0 20 34 67 8 104 32 96 0
113 0 6 141 77 9 32 72 46 160 194 10 70 194 32 66 104 204 106 140 12 83 203 208 149 32 139 57 16 8 122 128
49 32 6 137 73 11 160 72 110 160 226 72 192 2 0 80 104 140 106 136 0 243 199 80 148 0 3 48 65 0 115 128
112 32 6 141 74 11 32 72 36 32 226 74 134 130 0 146 104 196 106 128 0 243 199 64 148 32 2 8 97 8 43 128
64 0 6 137 75 143 160 8 230 160 194 74 192 192 32 208 104 44 106 0 0 209 205 28 28 34 3 48 16 8 48 4
112 0 142 141 74 9 32 72 54 32 194 138 194 192 32 82 120 204 106 12 8 83 207 16 84 32 163 57 48 8 58 128
113 34 6 9 74 11 160 72 118 160 226 140 194 192 64 18 121 204 106 128 5 83 199 16 28 2 15 56 105 8 50 132
80 32 142 5 74 11 160 72 180 164 194 14 192 160 2 86 120 236 106 128 4 211 199 64 148 34 3 1 64 32 43 132
96 32 6 9 74 11 160 72 46 160 226 206 194 130 64 16 104 140 74 128 5 115 199 80 20 0 3 40 105 8 98 128
80 34 6 133 74 11 160 72 44 36 226 10 198 130 0 86 104 204 106 136 4 243 199 64 148 32 2 1 64 32 43 132
64 1 2 136 29 64 160 64 228 1 195 2 128 130 96 68 104 4 106 240 8 131 129 192 145 32 138 93 0 10 49 4
48 130 7 157 76 131 160 200 214 0 242 66 241 192 160 64 121 104 106 168 10 243 79 157 28 162 231 4 113 8 112 160
83 96 2 128 17 0 42 64 44 32 163 10 6 2 0 208 112 137 78 228 78 19 149 85 144 4 138 112 1 2 35 4
64 32 23 133 78 11 161 64 110 32 242 66 212 130 68 130 42 204 106 8 1 241 197 208 148 176 11 16 64 8 99 160
112 160 134 157 79 195 160 200 22 48 194 3 100 194 32 192 121 108 106 128 2 83 219 157 149 34 139 63 17 8 57 130
97 32 4 141 76 11 96 72 70 160 194 74 214 192 64 66 104 196 106 12 9 115 207 144 156 34 135 56 56 8 56 128
96 32 6 137 77 75 224 72 126 160 242 10 194 130 68 208 248 204 106 128 4 115 211 208 21 2 3 41 65 8 98 134
0 34 22 141 78 11 160 72 126 132 242 194 203 130 32 18 120 204 106 136 8 243 199 64 148 160 163 0 97 8 35 160
160 32 2 161 76 9 161 65 132 48 82 90 149 129 104 11 104 8 74 1 0 177 192 128 149 128 250 32 8 8 49 162
32 32 27 168 76 9 160 64 168 0 240 74 20 128 40 11 232 1 66 33 0 35 130 64 20 32 34 8 65 40 35 130
81 32 151 5 10 10 97 72 236 160 194 2 210 162 80 118 105 196 106 136 9 211 135 64 156 34 207 0 8 32 99 36
81 32 159 5 10 10 96 72 236 160 226 66 218 162 208 114 107 196 106 152 9 211 135 64 156 34 207 0 0 32 99 36
96 32 196 173 74 75 160 72 62 176 224 139 130 224 64 2 121 204 98 0 2 114 203 17 29 128 7 61 65 40 71 130
64 0 158 93 24 66 32 104 244 128 226 66 80 227 32 66 120 100 106 168 41 211 139 13 21 162 231 0 24 104 96 32
52 160 20 185 219 207 32 200 86 176 224 10 198 208 104 132 121 76 98 16 2 114 91 21 157 130 7 127 144 8 36 130
64 2 159 221 8 2 101 104 246 130 226 66 80 227 160 66 112 100 106 168 41 211 139 9 84 162 231 0 8 104 96 32
96 34 196 173 79 75 160 72 62 180 240 139 130 224 64 18 57 220 226 17 2 114 219 16 29 0 7 61 65 40 71 130
80 1 10 129 13 64 96 64 100 17 194 2 17 128 112 201 104 132 42 216 26 155 149 0 149 160 146 69 169 9 121 0
192 0 14 128 76 173 32 66 164 57 194 90 150 128 96 75 104 136 106 24 3 19 19 16 148 0 114 72 24 8 48 8
64 0 143 221 12 2 101 120 244 130 226 66 80 227 160 66 120 100 106 168 41 211 139 13 20 162 231 0 9 120 96 32
52 160 21 185 219 139 160 200 86 176 224 10 230 208 104 192 121 92 98 16 2 114 91 21 157 130 7 125 240 8 32 130
52 160 20 185 203 203 160 200 86 180 224 10 198 208 104 132 121 92 226 16 2 114 203 29 157 130 7 127 209 8 44 130
96 32 196 173 75 75 160 72 62 176 224 139 130 224 64 2 121 220 98 17 2 114 219 16 29 128 7 61 65 40 71 130
17 33 2 161 65 0 104 64 32 48 97 2 21 2 64 217 104 137 2 202 78 18 149 85 149 128 138 100 33 0 35 128
144 2 78 57 2 235 97 82 116 17 99 18 179 3 128 73 104 138 10 152 42 220 5 5 196 131 242 64 225 0 100 168
224 2 26 136 74 1 33 72 132 132 224 106 4 130 96 90 72 152 10 48 0 39 194 16 20 0 66 44 16 8 36 128
121 34 152 37 44 29 80 16 107 168 176 73 159 27 64 146 132 197 76 12 140 98 192 0 203 249 37 48 66 128 74 1
81 32 19 1 66 140 33 67 236 0 98 72 60 130 192 126 32 136 106 136 3 187 132 65 20 160 50 8 97 0 35 172
64 2 159 221 12 66 37 104 244 130 226 66 80 227 32 66 120 100 106 168 41 211 139 13 85 162 231 0 16 104 96 32
48 32 134 157 73 139 160 72 182 160 194 2 224 226 32 198 120 108 106 160 8 211 219 157 149 162 203 49 16 8 48 130
64 18 24 137 26 35 1 74 134 36 196 102 148 131 32 64 64 20 42 56 18 3 67 16 212 161 170 92 24 8 40 0
33 34 14 137 76 15 32 72 22 164 210 75 194 192 96 64 121 140 106 12 4 242 203 144 28 0 135 40 17 8 112 128
32 32 22 136 75 11 160 72 118 160 240 10 64 194 32 80 120 140 106 128 12 243 223 80 21 2 11 41 65 8 99 130
96 32 80 161 76 9 224 64 44 32 242 78 151 8 0 16 104 140 106 136 0 242 193 192 20 160 3 40 105 8 99 128
33 34 83 0 66 0 160 64 224 17 224 84 0 130 100 26 232 9 66 128 5 183 146 64 20 0 82 42 73 0 99 128
96 0 134 156 73 9 32 72 54 160 194 10 66 194 96 214 120 204 106 0 12 83 203 144 21 32 131 57 16 8 58 130
32 34 6 141 78 11 32 72 22 160 242 79 194 192 192 64 120 204 106 12 0 242 203 16 28 130 37 40 113 8 112 128
48 32 6 129 75 3 160 72 230 128 242 10 194 194 96 192 104 141 106 128 12 227 207 80 149 130 139 17 97 0 107 134
99 34 128 156 44 141 72 8 143 184 176 204 230 194 144 86 204 228 110 12 10 67 203 17 148 176 163 188 16 136 24 4
224 0 13 137 76 201 97 0 4 49 198 154 146 1 64 75 72 132 106 28 27 30 71 144 212 32 210 89 48 8 16 0
32 34 10 0 64 0 165 70 224 6 224 8 0 130 96 24 232 136 66 128 68 187 128 64 20 32 18 8 65 0 99 142
96 0 134 157 73 9 32 72 182 176 194 11 66 194 32 210 121 204 106 0 12 83 203 144 148 34 131 61 16 8 50 130
32 32 14 141 76 11 32 72 22 160 242 74 195 192 64 192 120 140 106 8 10 242 203 17 28 131 5 40 120 8 120 128
48 32 6 145 75 135 160 72 230 128 242 10 194 194 96 66 104 236 106 128 8 227 223 80 149 2 11 24 65 0 99 132
96 32 8 161 78 9 224 72 38 160 242 10 147 128 64 16 104 140 106 136 1 242 195 64 212 160 35 40 105 8 106 128
81 32 158 133 8 14 32 72 236 160 194 66 208 162 80 114 104 196 106 136 9 211 135 64 156 34 207 0 0 32 35 36
217 128 4 185 13 141 32 3 196 25 194 86 130 1 96 207 104 0 42 24 11 56 67 145 148 160 178 64 56 8 240 32
224 0 26 136 72 1 32 75 4 24 194 78 130 131 34 81 64 132 234 0 3 11 195 16 20 32 34 76 24 8 56 16
32 32 132 165 78 11 160 72 30 176 240 139 130 192 64 2 121 220 98 1 2 114 219 17 29 128 7 61 65 40 71 130
64 2 159 93 8 14 37 104 246 130 226 64 80 226 160 98 112 100 106 40 33 211 139 9 29 162 231 0 24 104 104 32
104 50 24 100 32 12 81 16 105 172 182 73 159 19 66 18 132 212 108 12 8 96 193 0 195 249 37 49 64 160 74 3
32 32 196 173 78 75 160 72 62 176 224 139 130 224 64 2 121 220 98 16 2 114 219 16 29 128 7 61 65 40 71 130
52 160 148 185 219 203 32 200 86 176 224 10 198 209 104 64 121 92 226 16 10 114 219 21 157 131 5 125 240 8 44 130
81 32 159 5 10 10 97 72 236 160 226 66 210 162 80 114 105 196 106 136 9 211 135 64 156 34 207 0 0 32 99 36
48 32 14 1 74 131 161 72 246 144 226 0 208 194 64 98 120 108 106 128 0 195 223 16 84 2 7 4 97 0 35 164
16 32 6 13 74 75 160 72 116 32 226 2 128 130 32 0 120 204 106 136 0 243 215 64 21 32 2 0 65 8 39 128
96 0 134 141 77 9 32 72 190 160 194 11 70 195 32 66 120 204 106 0 8 115 203 208 149 32 139 57 16 8 122 130
88 2 134 29 74 2 32 72 118 128 194 64 195 227 32 64 120 228 106 128 8 211 199 16 84 162 231 9 104 32 32 0
0 32 22 1 73 11 160 72 246 160 226 0 196 194 96 70 249 76 106 0 0 243 139 76 28 2 3 2 64 0 35 134
80 0 150 156 74 131 32 72 182 32 194 139 68 194 32 64 120 236 106 128 8 211 195 208 149 32 139 40 16 8 33 0
32 56 2 1 64 33 33 66 100 25 105 96 48 130 96 90 104 10 2 144 3 155 128 1 20 128 50 32 193 2 34 160
96 34 66 128 72 9 224 64 106 40 242 232 11 130 196 80 106 140 110 128 8 243 197 80 148 0 163 168 65 128 98 5
96 32 67 129 76 9 224 72 46 32 242 74 150 128 64 208 104 140 106 128 1 114 195 80 20 160 3 40 97 8 99 128
32 32 82 133 78 73 160 64 44 32 114 66 134 130 128 4 104 140 106 0 1 241 193 192 20 160 2 32 105 8 99 160
33 32 14 145 78 203 160 72 86 160 242 66 208 192 224 96 120 108 106 8 5 243 207 144 28 34 167 16 57 8 121 132
48 32 22 1 11 139 160 72 246 144 226 10 192 192 64 196 120 236 106 128 0 227 207 92 157 2 7 5 97 0 43 164
16 34 131 13 72 3 161 72 118 128 242 66 65 227 96 70 120 204 106 136 2 243 207 81 20 160 131 8 97 40 35 160
240 64 2 129 69 9 166 68 96 32 161 10 150 2 40 208 104 128 74 226 72 51 65 2 181 132 138 52 33 10 99 128
32 32 14 128 72 3 161 64 118 128 226 8 64 130 32 80 120 140 106 128 0 243 207 16 20 0 3 8 65 0 35 160
96 0 135 141 78 73 32 72 62 32 210 138 198 194 32 86 120 204 106 128 10 115 207 145 148 32 139 57 49 8 54 128
180 4 2 161 69 9 162 66 36 4 232 2 0 2 33 211 104 136 10 234 0 179 80 0 53 128 130 0 65 11 107 128
0 34 7 145 76 11 160 72 86 160 242 66 193 194 224 192 120 12 106 140 0 241 79 144 20 34 163 16 57 8 113 128
81 2 7 145 14 11 161 72 238 160 210 74 214 192 160 66 104 204 106 0 1 241 77 220 156 2 175 48 88 8 17 32
96 160 134 159 73 131 162 232 22 180 194 3 100 242 40 196 249 238 234 128 6 211 219 189 21 34 143 47 16 8 33 134
80 32 142 13 8 11 33 72 230 160 194 2 210 144 32 66 104 76 106 8 0 209 139 12 21 163 103 0 32 0 97 160
16 32 134 13 75 11 160 72 118 128 226 2 64 192 96 18 120 76 106 128 0 243 215 16 21 32 67 8 97 8 39 132
1 2 7 149 14 139 161 72 254 180 210 202 192 224 160 66 121 236 106 44 0 241 205 220 156 2 111 52 16 8 17 0
112 0 6 157 74 9 32 72 38 160 194 138 82 194 32 66 104 204 106 12 8 83 207 16 20 32 131 56 49 8 50 128
64 32 7 13 72 75 32 72 164 160 194 66 211 160 0 82 104 236 106 136 8 211 215 0 149 34 3 0 96 32 39 128
32 160 2 13 73 3 32 200 150 176 224 74 212 193 96 80 120 12 106 8 3 211 219 17 29 2 7 44 88 8 34 160
48 34 6 141 77 11 160 72 190 36 210 3 196 194 32 194 248 204 106 128 0 211 203 149 148 34 203 49 17 8 61 130
96 32 70 137 79 11 224 72 126 160 242 10 202 194 68 144 120 140 110 128 8 115 215 208 21 128 131 57 97 8 98 132
112 34 87 173 78 10 96 72 45 32 242 202 223 130 0 82 106 197 110 136 9 243 199 192 148 160 170 8 105 8 35 128
97 32 14 9 72 11 161 72 62 160 226 8 210 192 64 16 121 204 106 0 1 83 195 16 21 2 135 40 65 0 35 160
88 130 134 29 74 3 32 248 22 176 198 74 96 225 96 82 81 108 106 8 8 83 207 25 92 35 229 61 50 40 48 0
48 32 4 141 79 75 160 72 46 164 176 10 2 128 64 146 104 220 234 0 8 115 219 80 29 0 15 57 65 40 6 130
65 32 143 5 8 10 33 64 100 160 226 64 208 130 144 114 96 196 106 136 1 209 135 64 156 34 135 0 40 32 99 32
32 32 20 137 75 79 160 72 22 180 224 10 70 192 96 0 121 92 226 16 2 83 91 17 29 128 15 61 80 8 45 130
48 32 132 141 75 75 160 72 182 164 160 10 2 128 64 18 120 220 234 0 8 115 219 16 29 0 15 57 65 40 6 130
80 2 143 205 12 2 33 72 118 128 226 66 208 227 160 66 120 196 106 136 1 211 131 68 20 34 227 0 32 40 97 32
32 32 20 137 79 79 160 72 22 176 224 10 196 208 96 128 121 140 98 16 2 115 91 17 29 128 7 61 81 8 36 130
65 34 143 133 10 10 33 64 100 160 226 66 208 130 144 114 96 196 106 136 1 209 135 64 148 34 175 0 40 32 99 32
80 2 142 77 8 2 33 72 118 128 226 66 208 224 128 82 120 196 106 136 9 211 131 68 84 34 231 0 40 40 97 32
65 34 159 133 14 10 105 64 108 160 226 66 220 130 144 114 96 196 106 136 1 209 135 64 148 34 175 0 41 32 35 32
48 32 4 141 79 79 160 72 46 164 176 10 2 128 64 146 104 220 234 1 8 115 219 80 29 0 7 49 65 8 78 130
121 34 152 32 40 13 80 16 107 172 176 77 159 11 64 146 128 197 76 12 140 96 192 0 203 249 37 48 66 128 74 3
104 50 24 100 32 12 80 16 41 168 182 9 159 19 66 18 132 212 108 12 8 96 193 0 195 249 33 49 74 160 74 3
48 33 2 33 65 70 32 64 36 28 226 0 2 130 40 89 120 12 2 226 76 147 16 4 149 128 130 77 32 1 54 130
16 32 22 25 75 11 160 72 246 160 226 0 196 194 96 66 120 76 106 128 0 243 195 64 157 34 3 2 64 0 33 134
32 32 2 137 77 143 160 72 118 160 240 3 192 194 32 64 248 172 106 129 8 243 195 208 149 0 139 9 65 8 43 130
64 144 134 13 9 7 0 232 214 184 194 0 192 240 32 194 81 76 234 0 0 211 203 29 29 34 69 14 16 44 48 130
24 32 134 29 8 147 0 104 54 176 198 0 83 224 0 98 81 76 106 40 10 211 235 29 92 35 101 52 48 40 0 128
96 32 134 141 75 11 32 72 166 176 194 10 196 208 32 194 104 204 234 0 0 211 219 152 21 32 131 55 17 8 58 134
40 1 6 9 9 22 0 72 68 128 230 0 2 144 97 221 208 8 170 80 13 179 211 0 17 224 0 11 26 11 120 134
56 64 6 36 17 15 1 72 54 36 227 9 66 145 34 157 16 156 234 32 40 151 17 28 209 130 81 21 115 0 4 10
32 32 66 137 77 73 224 72 111 160 242 10 206 138 4 144 104 141 110 129 0 243 209 208 149 144 131 41 65 8 106 134
97 34 143 173 72 11 96 72 54 160 242 202 211 162 192 80 120 204 106 136 13 211 207 80 148 162 163 40 96 8 34 128
153 50 7 51 2 251 32 80 100 81 231 116 35 2 160 111 104 8 138 144 27 184 35 48 196 192 114 64 233 1 97 160
17 34 23 133 78 11 224 64 108 32 242 194 223 130 0 66 106 76 110 136 1 243 199 192 148 160 42 16 97 8 97 160
32 32 6 137 77 203 160 72 150 32 242 11 196 194 32 68 120 236 106 129 2 179 203 209 149 32 139 59 17 8 61 130
48 32 70 141 78 11 160 64 60 32 114 66 149 130 128 96 120 140 106 128 1 243 199 192 20 160 2 32 105 8 99 132
248 26 7 49 8 139 97 18 54 41 66 120 67 133 160 121 48 164 42 16 9 156 99 16 148 98 113 80 115 136 84 112
80 2 143 93 8 2 33 120 118 128 230 96 83 225 160 82 112 100 106 40 9 209 139 12 84 163 231 0 40 104 96 32
36 176 22 153 203 207 48 200 150 180 224 10 70 208 96 132 89 28 234 16 2 83 91 29 29 130 5 127 208 8 45 134
97 2 26 128 76 41 32 66 132 57 202 126 22 128 224 80 200 142 42 16 1 27 128 128 20 0 50 126 24 8 56 144
32 35 2 9 72 0 161 67 228 13 160 16 128 2 66 18 104 10 74 128 18 171 192 64 20 129 178 0 73 0 230 128
96 32 5 129 76 9 96 64 79 160 242 74 212 130 64 80 104 140 110 140 0 115 197 208 148 48 139 56 28 8 113 128
224 16 2 136 72 73 33 67 8 56 224 126 16 2 32 90 200 156 2 0 1 19 192 16 20 32 146 122 24 8 16 164
49 2 15 49 16 139 97 82 22 57 66 120 83 128 160 105 48 140 46 28 24 217 37 28 152 131 113 80 240 136 16 96
32 32 14 137 78 11 160 72 22 160 242 138 194 192 96 64 121 140 106 12 0 243 207 144 28 0 7 40 81 8 112 128
48 32 6 137 9 11 160 72 230 128 242 10 194 194 96 192 104 140 106 128 12 227 219 80 148 2 139 25 97 0 43 134
96 32 66 129 78 9 160 64 44 32 242 202 147 128 0 208 104 140 106 136 1 242 193 64 20 160 3 40 105 8 107 128
96 32 6 137 79 11 32 72 174 160 226 11 134 130 32 194 104 204 106 0 4 243 203 208 149 32 139 51 17 8 114 134
64 33 2 136 29 70 162 64 236 0 131 0 130 146 96 212 248 12 106 112 74 131 145 64 145 32 138 95 0 11 55 6
81 96 2 0 1 72 34 64 108 32 130 0 128 2 8 212 232 132 74 234 78 131 193 85 149 4 138 97 0 2 43 4
160 50 19 41 72 4 160 72 36 9 224 117 20 130 96 138 232 9 66 161 5 167 194 2 16 32 58 8 65 8 99 128
80 2 143 93 8 2 33 120 118 128 230 70 81 225 160 66 112 100 106 40 33 209 139 12 84 163 231 0 40 104 96 32
128 0 11 160 76 41 33 67 132 18 194 90 148 128 104 11 72 8 74 40 0 179 2 0 148 129 42 60 16 72 177 160
128 34 26 41 72 41 160 66 36 16 96 84 151 128 96 11 104 8 2 9 17 182 130 0 212 128 114 108 64 8 35 128
240 1 18 136 5 68 32 64 100 5 194 2 2 144 96 73 104 140 42 88 10 179 209 0 145 160 130 65 48 8 112 130
16 32 6 137 11 203 160 72 246 128 226 11 194 194 96 192 120 236 106 128 8 227 219 80 149 2 135 25 97 0 47 130
36 160 20 153 203 203 48 200 150 180 224 10 230 208 96 132 217 28 234 16 2 83 91 29 29 130 7 127 208 8 45 130
96 32 6 141 77 11 32 72 174 160 226 11 194 130 32 66 104 204 106 0 4 211 203 208 21 32 131 49 17 8 122 130
144 0 3 145 70 169 32 66 52 25 66 82 16 130 96 73 112 8 34 152 19 30 131 16 148 160 114 64 56 8 48 128
32 32 7 141 76 3 160 72 118 160 242 66 209 194 64 194 120 204 106 136 1 243 207 208 20 32 131 8 113 8 99 128
32 64 2 137 73 75 32 72 4 36 203 2 130 128 40 66 104 12 74 98 0 179 81 0 21 0 2 5 48 27 20 130
16 2 15 161 4 171 96 18 6 49 67 86 19 129 160 73 96 140 42 28 27 152 67 17 132 225 112 64 56 136 16 0
144 34 14 41 10 163 33 82 116 17 198 114 19 1 128 73 120 136 42 24 11 208 7 0 208 128 114 64 225 9 36 32
32 66 9 137 72 9 161 70 4 52 224 222 145 2 64 74 72 8 66 152 8 62 196 0 68 128 178 40 17 8 50 160
56 64 6 73 9 79 0 72 70 168 194 2 2 128 33 204 88 12 170 64 8 178 67 16 149 160 0 25 48 27 124 162
0 34 15 141 72 11 160 72 118 160 242 194 211 130 0 66 120 204 110 136 8 243 207 84 212 162 163 16 105 8 33 128
145 33 19 1 74 0 33 67 228 17 226 80 189 130 192 123 40 138 74 136 18 187 134 97 20 160 50 8 97 0 227 168
96 34 2 152 104 129 160 72 238 136 240 232 130 194 196 86 72 236 110 128 8 99 207 80 148 16 163 185 65 136 98 132
28 98 6 33 3 11 32 64 100 52 99 2 3 128 104 201 104 136 2 234 2 176 5 17 149 129 2 69 97 26 105 128
16 2 6 137 77 11 160 72 190 36 210 2 198 194 32 68 120 196 106 0 12 243 219 212 149 34 203 17 17 8 49 130
113 162 0 168 44 13 72 152 15 60 176 73 134 64 68 22 201 196 108 12 10 99 203 145 145 208 1 188 16 8 90 5
16 32 6 9 9 11 160 72 246 32 226 2 128 194 32 192 120 140 106 128 0 241 215 64 20 32 130 0 65 8 40 128
32 32 6 137 9 11 160 72 230 128 242 10 194 194 32 196 104 140 106 128 8 227 211 208 149 128 139 25 65 8 43 134
17 32 14 129 78 11 160 72 246 160 242 66 209 194 32 64 120 12 106 140 1 243 207 216 148 34 163 16 57 8 49 128
32 32 2 137 76 9 225 64 44 32 242 10 135 129 0 20 104 140 110 8 8 243 193 192 20 160 3 40 105 8 67 128
96 32 6 137 77 75 160 72 254 160 242 3 70 144 96 192 248 204 106 0 4 243 211 208 21 2 3 43 65 8 111 134
0 32 6 153 75 139 160 72 118 160 240 11 228 210 32 68 121 108 106 128 0 243 91 81 29 2 79 43 65 8 43 134
16 34 135 133 74 11 160 72 254 160 226 194 207 194 192 66 120 204 106 136 0 243 199 80 148 34 35 16 97 40 33 128
96 32 134 141 75 11 32 72 190 160 226 11 64 194 32 208 120 204 106 0 4 211 219 216 21 32 131 59 17 8 126 130
96 32 82 137 76 9 224 64 44 32 242 74 142 137 0 0 104 140 106 136 0 114 193 192 20 176 3 40 73 8 67 128
112 32 6 13 73 15 32 72 182 160 194 10 64 192 32 210 120 204 234 128 8 211 139 0 21 34 131 8 32 32 34 128
96 32 15 137 78 11 160 72 22 160 242 75 208 128 96 64 120 140 106 140 0 243 67 208 20 0 163 40 17 8 112 128
32 32 6 9 72 11 160 72 118 160 194 0 208 128 96 64 120 76 106 8 0 211 203 16 20 2 35 32 96 8 51 128
96 32 6 136 77 11 160 72 6 0 240 10 192 194 32 70 104 204 106 128 8 115 211 192 21 32 139 41 16 8 50 130
32 32 14 169 74 11 160 72 118 160 224 74 192 194 32 80 120 140 106 128 0 243 199 16 21 0 131 8 97 8 35 160
96 0 6 137 77 75 32 72 102 48 194 2 194 128 32 64 104 132 106 0 8 211 219 16 149 34 131 13 16 8 52 128
48 32 14 137 8 11 161 72 102 32 194 131 210 128 0 66 104 196 106 0 8 195 207 16 148 34 195 48 48 8 48 160
16 32 6 129 77 11 161 72 126 164 242 11 198 128 64 64 121 196 106 1 0 243 219 80 149 2 7 17 65 8 99 130
96 32 135 141 73 75 32 72 54 176 224 10 194 194 0 214 121 204 106 128 10 82 207 145 149 32 131 61 17 8 54 164
32 34 7 137 76 11 160 72 22 160 242 74 195 128 96 64 120 140 106 136 8 243 67 208 21 128 131 40 113 8 112 128
37 12 207 30 168 34 71 184 82 226 98 236 115 225 137 27 17 102 96 42 233 240 143 46 40 46 101 24 233 241 66 33
161 32 9 9 72 141 32 72 134 248 64 73 144 130 97 24 72 44 98 60 0 86 195 16 84 1 169 60 16 8 2 192
16 0 6 137 77 11 160 72 190 32 210 2 198 131 32 68 120 204 106 128 8 243 155 212 149 162 203 17 17 8 49 130
32 34 143 141 72 3 160 72 118 176 240 66 128 195 64 66 120 204 106 140 10 243 207 81 20 32 163 12 81 8 98 160
96 32 4 165 78 11 96 72 70 160 226 10 215 128 64 82 104 204 106 8 8 114 207 144 220 34 135 56 56 8 50 128
80 0 6 129 15 11 161 64 110 32 194 10 194 128 32 192 104 132 106 128 0 209 197 80 148 34 3 1 32 8 57 128
30 172 148 18 153 243 22 168 54 183 0 17 108 242 75 220 145 79 160 48 50 64 11 63 169 86 5 103 146 117 135 70
17 32 15 129 14 11 160 72 118 160 242 66 211 192 32 96 120 12 106 8 4 243 207 152 212 162 163 16 113 8 49 128
96 34 2 137 72 9 160 72 102 32 194 206 130 128 0 84 104 140 106 128 8 82 199 16 148 32 130 57 25 8 50 128
96 32 6 140 75 73 32 72 38 36 194 10 192 130 2 82 104 204 106 128 0 83 203 80 20 32 3 41 1 8 38 128
105 34 24 32 33 13 80 16 105 172 180 77 159 27 64 146 132 197 76 12 12 96 192 0 195 249 37 48 66 128 74 3
48 65 2 9 1 95 0 72 84 32 198 2 2 144 33 205 120 12 170 98 8 179 145 0 145 160 0 7 50 9 120 134
129 34 27 9 200 40 160 70 96 19 224 80 144 2 128 123 104 130 74 136 25 59 211 65 20 0 114 12 64 64 163 160
28 66 2 0 65 23 39 64 228 44 239 2 3 128 99 66 104 140 74 234 8 179 0 64 53 129 2 13 65 26 47 130
89 2 7 161 8 169 33 86 132 49 74 246 19 129 224 74 96 14 42 24 11 153 3 16 212 160 48 64 58 137 240 16
28 65 2 1 67 89 33 72 228 52 207 2 2 128 42 70 104 12 202 98 0 178 53 0 181 160 2 5 48 27 52 134
33 40 9 41 8 4 161 198 4 27 240 84 145 2 64 10 72 8 74 128 11 191 65 0 148 193 178 4 81 24 163 168
224 17 10 128 192 41 36 71 160 58 98 122 20 144 224 90 104 142 66 16 1 27 0 0 20 32 48 40 24 72 176 168
192 50 29 136 202 33 33 70 4 19 192 118 149 2 96 75 72 136 74 152 9 62 199 0 212 0 242 76 184 24 160 160
136 35 6 59 136 136 161 87 228 25 99 84 145 2 202 75 104 2 74 152 10 152 67 33 68 129 242 0 105 0 226 144
24 33 6 161 65 4 96 96 100 28 226 0 2 131 96 89 104 136 2 194 8 146 17 0 145 129 194 5 97 3 122 130
21 145 11 131 192 57 32 86 100 121 75 118 18 128 234 74 96 14 42 4 31 155 161 49 20 161 50 104 56 73 176 208
145 0 3 57 128 33 33 82 116 17 66 118 19 128 224 73 112 8 34 24 27 158 163 0 144 129 114 76 48 9 160 160
96 80 18 136 89 69 0 72 76 8 201 8 134 208 33 196 200 24 202 114 12 3 210 8 177 32 2 59 16 10 41 6
0 34 150 169 72 41 33 87 4 19 66 84 151 129 232 9 72 8 2 8 25 178 130 0 196 128 114 76 216 8 161 128
1 34 11 169 12 41 32 87 4 17 66 86 151 129 224 73 72 8 34 24 10 144 3 0 132 129 112 0 176 200 176 160
116 96 2 128 89 70 34 64 100 12 201 9 6 146 42 208 248 140 74 227 76 147 16 76 177 0 138 23 0 3 62 6
17 34 15 133 14 10 233 64 236 160 226 66 212 130 144 114 104 196 106 136 1 209 133 64 148 32 171 0 41 0 99 32
96 32 0 129 79 73 160 72 38 164 240 139 134 144 64 144 104 140 234 128 8 115 211 64 21 0 3 57 65 8 110 130
17 34 143 93 8 10 33 88 246 160 226 96 81 227 160 114 120 228 106 136 9 241 143 8 84 35 231 0 41 168 96 32
32 32 20 153 75 95 176 72 22 180 224 10 196 210 64 132 249 88 234 16 6 115 219 16 29 130 5 63 80 8 45 130
80 80 2 136 25 82 130 64 228 12 195 8 130 144 33 196 208 4 202 114 76 131 128 64 145 32 10 91 16 11 55 6
17 34 143 133 8 10 97 80 236 160 226 70 209 162 144 114 104 196 106 136 1 209 165 64 212 34 163 0 41 32 99 32
96 32 0 137 79 77 160 72 46 164 240 11 134 208 64 134 105 220 234 0 8 115 219 80 29 0 15 59 65 8 46 130
17 34 143 205 8 2 33 88 246 160 226 102 209 163 160 98 120 196 106 136 1 209 167 76 84 163 226 0 41 168 112 160
32 32 20 152 79 79 176 72 22 180 240 10 196 208 64 132 249 152 234 0 6 115 219 145 29 128 7 63 81 8 45 130
104 50 24 96 32 13 80 16 105 168 52 77 159 19 2 18 132 196 76 12 8 96 208 0 195 249 33 49 72 128 74 3
177 32 141 179 136 169 32 87 100 49 64 86 147 129 224 75 104 10 2 28 2 156 199 32 196 129 242 32 184 88 208 184
1 0 6 157 78 139 160 88 118 176 210 194 209 192 160 64 121 236 106 136 8 242 79 221 84 162 227 4 121 8 112 160
56 80 6 8 1 195 16 72 54 37 198 8 66 213 34 156 152 188 234 96 8 147 17 28 145 210 81 23 82 4 36 66
112 32 22 137 79 11 160 72 174 32 242 10 134 130 32 192 104 140 110 0 8 227 219 208 149 32 139 49 17 8 107 134
96 32 6 137 73 11 160 72 230 160 242 10 194 210 96 194 104 204 106 0 8 243 219 80 149 32 139 27 81 8 43 134
16 34 7 133 72 11 160 72 38 160 242 74 194 129 64 22 104 204 106 8 8 243 203 16 148 32 3 56 97 8 67 128
48 32 7 137 76 11 160 72 38 32 242 10 194 128 96 64 104 140 106 8 8 243 75 208 148 0 131 40 113 8 113 128
112 32 6 137 79 11 160 72 166 32 242 11 134 130 32 192 104 140 110 128 12 227 195 208 149 32 139 49 17 8 119 134
96 32 6 137 73 11 160 72 166 160 242 11 194 194 96 68 232 140 106 128 12 243 219 80 149 34 139 27 81 8 39 134
16 32 6 41 72 11 160 72 102 160 194 0 210 192 0 66 104 76 106 0 0 211 79 16 84 3 35 0 96 8 50 128
185 96 7 57 0 171 97 86 54 57 70 80 19 129 240 121 112 14 34 28 11 220 101 16 132 225 240 0 224 136 80 232
32 32 6 13 72 15 32 72 54 32 192 8 64 192 96 80 120 204 106 0 0 211 203 16 21 34 131 40 0 8 50 130
48 32 6 137 78 11 160 72 46 32 210 130 192 130 32 82 104 204 106 128 8 243 199 208 148 34 139 33 48 8 56 130
80 32 22 140 75 139 32 72 118 132 226 0 196 194 96 196 248 236 106 128 0 243 219 80 149 34 7 11 80 0 35 134
17 32 7 133 78 11 160 72 126 160 242 66 217 130 224 114 122 205 110 136 1 243 135 208 148 32 163 0 97 8 33 160
64 32 6 141 77 79 160 72 182 176 226 3 196 210 32 198 248 92 234 128 4 211 203 216 149 34 139 55 16 8 45 134
17 34 15 133 78 11 160 72 126 160 242 74 215 130 192 96 120 204 106 8 0 242 207 208 148 34 163 48 56 8 17 128
1 32 15 133 74 11 160 64 52 32 242 74 211 192 0 112 120 140 106 136 1 243 199 64 20 160 35 0 105 8 99 128
102 162 132 31 232 137 136 136 142 189 144 169 227 224 200 150 73 206 238 145 14 67 207 113 156 48 175 189 84 128 14 132
64 32 6 152 77 15 160 72 190 160 242 11 204 210 96 128 248 204 106 128 4 243 211 208 21 32 11 43 65 8 43 134
16 1 16 229 71 8 166 64 96 48 240 2 13 11 81 66 104 129 2 234 0 48 129 192 21 160 138 37 101 59 105 128
17 34 12 141 76 11 224 72 118 160 242 202 211 194 192 64 120 204 110 140 8 242 207 208 212 160 163 24 113 8 32 160
32 32 10 137 76 9 160 72 46 32 242 74 146 128 0 64 104 136 106 136 8 243 199 208 212 0 163 24 17 8 113 128
33 32 3 133 74 9 160 72 38 160 242 74 144 192 64 80 104 140 106 140 0 243 199 64 20 32 3 40 97 8 99 128
64 113 20 28 9 157 178 8 142 132 133 1 228 212 99 132 132 48 234 64 6 1 75 25 5 48 1 59 82 39 13 135
0 32 6 137 73 11 160 72 246 160 242 3 192 194 32 64 248 76 106 128 4 243 219 212 149 34 139 11 81 8 35 130
96 0 6 136 77 73 160 72 46 32 242 10 6 194 32 80 104 141 106 128 12 243 211 208 21 32 10 57 17 8 99 130
16 34 3 141 76 11 32 72 118 160 242 74 81 194 224 64 120 204 106 136 0 242 207 144 84 162 163 56 49 8 49 160
14 172 150 27 153 215 22 168 190 183 64 1 204 246 111 156 145 123 224 16 54 80 155 63 41 22 69 111 146 116 13 198
53 166 207 127 154 2 71 248 82 242 98 228 115 225 153 123 29 238 100 46 169 243 143 47 120 175 101 20 233 248 98 32
1 34 6 141 78 11 160 72 54 160 242 66 81 194 96 64 120 140 106 128 0 243 199 80 20 32 3 0 105 8 35 128
40 17 34 9 9 91 48 72 198 32 79 0 2 148 42 244 208 28 234 98 4 147 241 16 21 97 0 7 18 15 4 246
17 32 7 173 76 11 160 72 86 160 194 66 211 193 32 96 120 204 106 8 8 243 207 144 148 34 163 0 49 8 49 128
49 18 75 121 8 170 65 25 86 1 70 100 83 193 161 121 80 44 36 24 139 208 199 16 192 162 112 80 120 128 0 17
32 34 5 141 76 11 160 72 86 160 242 66 209 194 0 66 120 204 106 136 10 243 207 209 20 162 163 16 81 8 99 128
80 32 6 137 77 11 96 72 110 164 242 11 206 194 0 82 104 204 106 128 8 243 211 208 149 34 3 25 65 8 35 130
72 32 18 12 11 93 16 72 142 32 65 9 134 212 97 128 132 56 234 96 6 3 195 17 17 32 1 59 82 46 13 6
96 32 5 133 78 11 96 72 126 160 226 74 212 195 64 80 120 204 106 8 0 242 207 144 28 34 131 48 56 8 51 160
48 32 6 137 75 11 160 72 118 160 240 3 196 210 2 68 120 204 106 128 14 243 223 209 149 34 139 59 81 8 35 134
80 34 6 133 74 11 96 72 102 160 242 202 223 130 64 66 104 204 110 136 0 243 199 192 148 162 163 0 97 8 35 128
96 32 14 141 73 11 160 72 126 160 226 10 192 194 64 86 249 204 234 128 0 211 219 144 21 32 139 59 81 8 59 134
5 48 6 9 8 113 1 222 100 81 206 212 151 132 234 110 72 0 106 28 11 147 119 0 16 128 50 76 216 1 32 245
32 34 7 137 76 11 224 64 46 32 242 78 194 128 32 64 104 140 106 8 8 243 65 208 148 0 131 32 113 8 113 128
98 34 0 136 44 13 200 72 111 40 176 73 130 202 20 16 204 128 78 4 12 35 203 208 145 152 131 57 80 8 74 4
81 32 6 141 76 11 160 72 86 160 194 66 209 192 160 96 120 204 106 140 0 243 207 212 148 34 131 16 57 8 49 128
112 32 6 137 79 11 160 72 174 32 242 10 198 130 32 64 104 140 110 128 12 243 203 208 149 32 139 59 17 8 123 134
16 0 7 157 73 203 160 72 54 164 194 3 196 226 32 196 249 236 234 0 0 211 203 144 149 34 67 11 16 8 37 134
33 104 8 137 200 9 37 194 64 58 228 162 144 6 227 110 105 8 74 14 65 151 224 0 84 33 166 40 16 120 50 240
64 112 18 12 89 93 18 72 142 36 73 9 134 208 35 149 144 57 202 99 6 3 154 25 181 16 9 63 80 39 15 198
32 80 18 168 73 71 18 72 68 12 233 9 134 144 34 214 200 24 194 99 76 131 80 24 181 160 2 59 16 11 47 134
25 130 11 169 202 33 33 214 116 19 192 118 145 130 224 73 105 10 2 24 9 222 162 0 212 129 114 108 168 72 163 168
48 1 2 8 1 87 48 72 52 12 199 1 2 128 106 141 216 8 226 98 76 147 2 0 129 144 0 15 82 47 38 194
16 1 2 0 5 83 100 64 116 52 199 3 2 128 97 205 248 12 162 98 72 179 144 0 145 160 64 5 66 11 124 134
100 65 18 136 57 83 18 72 204 172 201 9 134 144 35 196 208 184 202 99 68 131 64 8 177 48 10 63 16 27 45 70
153 56 14 41 192 40 33 82 100 83 102 116 19 130 224 121 104 138 34 136 27 248 247 33 212 161 114 0 104 192 98 168
17 138 15 209 192 169 33 210 164 27 198 82 19 131 224 75 97 138 42 24 11 152 163 32 212 161 114 72 176 200 240 168
25 44 15 43 136 169 33 214 100 93 206 118 147 128 226 107 105 10 106 156 27 188 99 32 196 193 178 0 248 200 176 96
161 26 10 163 200 9 164 83 96 11 228 126 145 128 224 122 104 10 74 8 17 159 130 34 84 1 54 40 136 72 185 137
204 178 10 10 232 57 33 210 100 91 66 252 144 129 224 203 108 10 106 28 19 19 37 32 20 1 114 72 74 64 160 177
157 178 7 179 136 40 33 210 100 122 66 116 19 128 232 75 97 10 10 4 27 146 167 33 212 225 98 64 184 201 114 208
145 170 138 57 128 163 97 214 118 11 70 116 19 129 224 73 121 10 6 28 27 253 37 0 208 129 50 68 232 200 160 168
145 34 143 161 132 41 97 83 84 19 70 86 147 131 224 73 104 10 34 24 27 152 3 0 196 129 114 64 168 200 176 168
105 34 144 32 32 29 88 16 105 172 178 41 143 3 194 146 134 197 108 12 12 96 192 128 194 249 37 51 98 132 74 1
180 69 2 128 65 78 134 64 32 36 171 9 6 130 42 144 248 132 74 226 76 131 16 78 177 0 10 23 64 51 38 130
104 50 24 96 32 13 80 16 41 168 52 77 159 19 64 18 132 196 76 12 8 96 208 0 195 249 33 49 74 128 74 3
64 99 18 28 57 157 178 72 142 172 193 9 228 212 39 196 148 49 234 98 70 1 194 25 37 48 9 59 16 47 13 70
120 34 16 96 45 13 64 24 43 172 176 73 139 9 196 148 137 132 76 4 12 98 200 144 143 217 33 51 66 140 94 5
96 32 6 156 77 203 160 72 182 160 194 11 198 226 96 196 248 236 106 0 8 195 203 208 21 34 67 59 16 12 45 134
112 32 6 137 79 75 160 64 174 32 242 10 134 130 32 192 104 141 238 128 8 227 211 208 149 32 139 25 17 8 43 134
96 32 6 137 75 11 160 72 230 160 226 11 198 210 96 66 232 204 106 0 4 243 219 80 149 32 3 27 17 8 43 134
0 32 7 129 72 11 160 72 46 160 242 202 194 129 64 0 104 140 106 8 0 243 207 80 148 0 3 48 97 8 3 128
0 32 7 137 76 11 160 72 46 32 242 74 195 128 96 64 104 140 106 8 8 243 207 144 148 0 131 48 97 8 49 128
112 32 6 137 77 75 160 72 166 160 242 11 198 130 32 196 104 140 106 128 12 243 195 208 149 32 139 27 17 8 47 134
96 32 6 137 77 9 160 72 166 164 242 11 194 130 32 208 232 140 106 128 12 227 219 208 149 32 139 27 17 12 127 130
17 34 7 141 76 11 32 72 118 160 194 66 209 194 224 64 120 204 106 140 8 243 199 216 148 34 227 16 57 136 49 128
0 32 7 137 76 11 160 72 46 32 210 66 211 130 64 64 104 140 106 8 8 243 199 208 148 32 163 16 48 8 49 128
54 68 80 133 21 78 102 192 41 4 178 3 74 3 13 16 248 197 4 226 72 176 17 202 177 160 2 5 97 59 97 2
96 32 6 136 78 11 160 72 166 32 240 171 135 130 160 68 106 140 110 128 8 99 199 208 148 48 171 59 21 8 59 134
96 32 23 140 75 11 32 72 54 164 226 2 196 194 96 198 248 204 106 128 0 211 195 64 21 32 3 3 16 0 39 134
74 113 48 29 89 220 50 8 138 140 9 9 228 212 66 198 128 125 233 115 66 64 218 29 5 48 9 59 0 39 15 70
114 34 0 168 108 13 200 72 47 44 176 73 135 72 84 148 200 129 206 1 14 99 203 145 148 208 161 185 80 8 90 132
65 32 7 137 78 11 160 64 52 32 242 74 217 194 128 64 120 140 106 136 1 243 199 192 20 160 3 8 97 8 99 128
32 32 6 137 77 11 160 72 46 32 242 11 4 194 32 196 232 140 234 128 4 243 219 208 21 32 139 27 17 8 43 130
14 176 150 27 153 215 48 232 191 180 130 9 236 246 111 156 145 127 235 48 38 193 155 125 11 18 77 127 146 36 13 198
113 6 207 125 10 2 71 120 118 194 246 228 115 225 177 123 95 236 100 46 169 243 239 15 248 175 101 128 237 240 114 33
0 32 75 129 78 11 160 64 44 0 242 74 157 130 0 64 104 140 106 140 0 243 199 192 148 32 3 0 97 8 99 128
177 2 79 56 16 130 65 31 118 97 230 244 83 193 160 120 84 140 108 28 153 214 101 30 192 175 112 80 249 128 192 17
16 32 6 137 77 11 160 72 174 32 242 3 196 194 32 68 104 140 106 129 12 243 211 208 149 34 139 27 17 8 43 130
84 65 2 164 197 68 230 96 96 36 243 2 0 11 105 194 104 132 2 234 24 51 129 200 181 128 130 37 97 59 105 130
185 42 11 121 2 35 1 94 86 105 198 244 19 128 224 121 84 12 34 24 155 222 231 16 192 225 112 72 56 216 160 177
0 34 7 137 78 10 104 64 238 32 242 194 221 130 0 64 104 140 110 140 0 211 197 208 148 32 170 0 97 8 97 128
36 21 2 9 201 86 39 112 196 76 238 36 2 150 35 70 200 28 202 98 92 179 49 12 183 224 2 15 82 63 36 214
141 58 43 8 232 33 1 218 100 91 206 244 151 132 227 104 68 8 42 28 137 151 103 0 20 129 34 12 216 80 32 241
189 126 143 147 136 89 37 209 196 126 68 246 179 134 227 106 105 42 2 14 11 30 96 32 212 129 182 32 176 88 182 249
44 21 10 128 217 118 54 104 100 76 239 6 6 148 43 86 200 12 130 98 44 179 49 14 117 229 6 15 66 127 108 215
145 170 15 179 204 9 37 83 36 59 70 86 147 129 224 75 104 10 10 28 27 222 163 32 212 129 114 40 248 72 208 184
16 34 7 137 14 11 160 72 44 32 242 66 213 131 160 64 104 140 110 140 0 241 71 192 148 32 162 0 53 8 113 128
33 32 6 141 76 11 160 72 118 32 242 66 209 194 160 64 120 204 106 136 0 242 79 80 20 162 35 0 105 8 99 128
85 66 8 129 198 128 38 144 100 32 195 66 145 2 201 96 104 140 42 218 75 178 197 66 244 165 166 0 41 146 112 128
64 0 6 137 77 15 160 72 174 36 242 11 196 194 32 64 104 140 106 128 12 243 195 208 149 32 139 27 17 8 39 130
60 81 38 8 9 31 48 72 164 44 207 1 2 148 43 244 208 28 170 98 12 147 176 16 179 96 0 7 18 31 44 198
64 32 15 173 76 11 32 72 86 160 194 66 209 195 128 64 120 204 106 136 8 242 207 208 148 162 163 8 48 136 49 128
28 85 2 128 65 95 38 64 164 44 239 2 2 128 35 198 104 12 138 98 76 179 48 2 177 133 2 5 2 62 52 246
44 64 2 0 73 87 38 72 228 140 207 1 130 144 99 198 248 12 202 98 76 179 16 0 177 128 2 15 66 26 36 198
153 58 7 51 0 139 37 87 52 123 70 244 19 129 224 73 40 10 98 12 9 220 39 48 208 193 112 64 162 136 240 232
80 32 2 137 77 73 224 72 111 160 242 11 206 130 0 212 232 140 234 128 8 243 211 208 149 32 3 43 65 8 43 134
137 157 14 51 72 57 161 240 164 92 244 124 144 162 226 115 104 2 202 10 33 51 49 35 116 1 246 72 73 72 35 216
45 20 11 139 248 113 38 240 228 123 205 48 144 183 232 114 109 10 202 38 177 19 225 32 62 65 166 104 154 206 168 241
85 68 0 3 82 8 103 192 100 0 170 70 145 2 137 80 120 128 74 218 42 16 69 114 244 4 162 0 41 18 51 160
112 32 6 137 73 11 160 72 174 160 242 10 194 146 96 66 232 204 106 128 8 243 219 208 149 32 11 27 17 8 35 134
32 32 4 141 76 11 160 72 102 32 242 66 209 130 64 66 104 204 106 140 0 243 207 208 148 160 163 16 113 8 99 128
32 32 6 137 77 11 160 72 174 32 242 10 4 194 32 212 232 140 234 129 4 243 211 208 149 32 139 27 17 8 35 134
32 32 6 137 73 11 160 72 190 160 240 11 196 194 32 68 248 140 106 129 4 243 219 208 149 34 11 59 17 8 43 134
80 34 7 141 78 11 32 72 38 32 210 74 209 130 96 64 104 140 106 8 0 243 199 208 148 34 131 0 33 8 49 128
0 32 3 137 78 9 224 64 44 32 242 74 139 130 32 64 104 141 110 136 8 243 195 192 20 160 131 40 97 8 97 128
96 32 6 136 77 9 160 72 174 32 242 11 6 130 32 212 232 140 106 128 0 243 211 208 149 32 11 27 17 8 35 134
17 32 7 137 76 11 160 72 174 32 242 74 195 128 96 64 104 140 106 12 0 243 135 208 148 0 3 32 97 8 113 128
112 32 2 137 79 73 160 64 174 32 242 10 134 130 32 192 104 141 110 128 12 163 195 208 149 32 138 27 17 8 43 134
112 32 6 137 75 9 160 72 174 160 242 11 198 130 96 194 232 204 106 128 12 243 219 208 149 32 11 27 17 8 43 130
16 32 7 29 72 139 32 72 118 160 194 74 67 192 96 0 121 236 106 8 8 211 143 80 28 34 7 40 96 8 32 128
32 32 4 129 76 11 160 64 46 32 242 202 131 130 0 0 104 140 106 12 0 243 197 208 20 32 3 48 113 8 67 128
32 32 5 137 76 11 224 64 14 32 242 74 194 128 32 64 104 140 106 8 0 243 69 208 20 0 131 48 117 8 115 128
96 32 6 137 73 11 160 72 166 160 242 11 198 194 32 196 232 140 106 128 12 227 219 208 149 32 139 27 17 8 59 134
96 32 6 157 73 139 160 72 166 160 194 9 192 194 96 210 232 236 234 0 4 195 203 80 21 34 11 27 16 8 47 134
112 32 22 137 75 3 160 72 182 0 242 170 196 194 224 192 122 204 234 128 4 227 199 208 148 32 131 27 49 8 47 134
96 32 6 13 73 203 160 72 182 176 194 9 196 208 96 194 248 108 234 0 6 195 219 89 29 34 7 31 80 8 43 134
98 34 0 168 44 13 64 72 15 60 176 41 131 8 212 148 200 128 238 1 14 98 75 145 148 216 129 63 80 140 94 4
96 32 0 152 104 137 128 72 166 36 176 169 198 194 128 214 74 233 238 128 10 67 207 209 148 48 11 59 80 12 38 134
153 177 47 43 232 21 53 213 100 122 71 149 19 164 234 99 108 26 2 14 143 182 243 33 215 225 102 96 66 158 162 241
252 31 46 171 200 121 55 240 100 120 206 183 1 148 226 115 105 30 170 114 170 19 105 48 127 193 38 47 18 223 244 245
12 21 2 132 237 87 54 248 164 120 207 36 130 180 227 230 216 92 170 98 73 151 56 128 178 241 70 15 2 254 56 213
44 21 38 72 169 87 55 120 132 76 199 32 194 149 35 197 220 28 226 98 232 147 35 8 243 241 2 15 82 63 44 243
29 216 110 123 160 187 17 214 116 123 198 244 83 133 162 121 85 30 174 28 139 208 119 48 194 233 112 192 250 217 48 113
44 81 18 132 89 86 183 224 196 108 246 7 2 180 42 82 200 92 130 98 40 179 112 142 181 229 6 7 66 127 60 214
201 154 11 8 232 33 37 214 100 91 198 244 147 135 226 111 109 10 10 28 139 19 167 32 212 193 118 108 178 217 161 241
153 186 11 1 200 57 37 214 100 91 70 244 19 134 224 121 109 10 2 12 27 158 166 32 212 193 114 40 232 217 162 241
60 85 34 8 137 87 52 104 181 76 207 1 130 148 47 212 208 28 202 98 12 147 162 0 179 113 0 15 82 62 46 199
153 178 14 179 128 137 33 82 100 91 101 246 179 129 226 99 105 10 74 24 27 156 39 32 220 193 54 64 168 136 177 176
153 178 15 51 136 169 101 215 116 91 70 246 19 128 224 105 105 10 42 28 139 216 103 32 212 193 118 64 248 200 240 240
12 85 2 128 81 87 54 224 164 140 206 3 130 144 43 198 216 92 138 98 76 179 16 10 177 197 2 15 2 63 60 214
153 142 11 243 200 169 37 215 36 91 70 118 19 131 224 107 105 10 42 8 43 30 227 33 220 193 242 8 184 200 240 184
44 113 2 9 9 87 38 72 244 76 234 1 2 144 42 196 216 44 130 98 76 147 16 0 177 192 6 7 82 31 172 198
40 81 18 136 73 86 38 96 196 20 203 0 130 148 43 198 216 28 130 98 76 179 18 0 177 240 0 15 18 63 60 134
153 138 139 177 196 41 33 86 116 91 70 118 179 161 224 105 121 10 34 24 27 254 163 32 220 193 114 104 168 200 177 160
44 21 2 8 73 85 22 72 140 140 109 1 134 212 42 196 216 56 194 98 4 131 82 16 161 16 0 43 82 63 47 198
185 34 3 121 128 163 65 87 118 107 198 244 19 129 224 120 84 14 14 28 153 221 101 18 192 239 112 192 186 200 160 113
153 186 139 57 128 35 33 87 118 75 198 116 147 131 224 105 89 10 38 156 155 222 101 0 200 193 242 64 184 200 160 168
44 21 18 168 89 95 22 104 132 44 233 9 134 148 43 150 216 20 202 98 68 131 80 14 181 52 2 63 80 59 47 134
8 33 18 28 105 223 18 72 174 172 77 9 142 212 107 148 144 57 234 99 68 2 218 24 177 16 9 63 18 55 15 199
153 34 10 57 128 35 65 87 118 65 70 244 19 129 160 121 80 8 46 28 155 221 37 0 192 193 48 68 248 200 224 40
17 162 137 177 198 128 161 215 118 19 112 86 177 131 224 9 121 138 2 152 27 254 134 225 204 193 254 104 169 8 163 168
241 6 111 124 18 163 67 23 116 105 230 252 83 1 176 112 84 132 108 60 185 159 101 30 240 239 48 208 249 128 226 57
145 138 11 241 128 171 97 87 118 1 102 86 19 131 224 121 113 10 46 28 27 220 37 33 198 193 116 64 184 200 224 56
52 1 18 165 85 78 198 224 57 44 251 3 66 18 45 144 248 197 6 226 72 179 9 204 49 164 130 7 97 59 108 2
36 69 2 128 89 70 134 64 172 12 169 9 70 146 43 208 216 132 202 98 76 131 0 8 177 20 10 31 64 55 46 194
74 105 16 30 57 221 178 8 174 156 1 9 236 196 67 196 128 49 235 67 70 1 218 125 37 48 9 59 18 39 13 70
100 85 18 140 73 22 22 104 204 132 201 9 134 148 35 84 216 152 138 99 76 131 82 14 177 52 10 63 16 59 46 70
68 117 18 28 25 221 182 72 142 36 141 9 132 214 35 196 144 49 202 98 68 3 82 24 49 16 11 59 16 63 13 70
85 195 0 131 70 0 103 208 100 32 199 66 17 2 200 112 120 140 10 250 75 18 205 74 116 164 166 4 41 154 112 0
192 168 2 16 201 189 160 198 172 23 128 16 132 130 96 216 233 2 202 17 54 15 146 114 157 0 154 127 144 68 175 6
192 44 2 146 205 225 160 198 236 19 128 18 164 146 98 205 105 34 202 144 54 79 130 224 157 0 222 59 144 80 175 134
189 186 46 75 170 23 53 216 54 126 70 244 19 181 242 233 93 30 182 6 217 154 231 48 194 249 102 164 114 220 166 243
172 84 46 140 249 86 55 248 212 76 255 39 198 181 43 68 220 92 130 98 36 179 50 142 115 241 6 15 82 62 44 211
46 85 34 24 41 223 22 104 156 76 77 1 206 212 43 212 220 57 226 98 4 146 114 12 163 113 0 47 18 63 44 215
153 27 43 27 160 49 33 214 116 123 70 244 19 135 227 105 117 10 38 12 139 154 175 32 198 233 118 32 186 208 32 249
153 58 47 123 168 50 37 211 116 91 70 244 19 133 225 105 125 10 6 156 139 216 39 32 202 193 118 64 184 200 160 249
46 21 50 24 249 215 22 96 148 204 205 13 198 212 43 212 220 56 170 98 68 147 114 8 163 117 1 15 82 63 46 215
157 154 111 123 160 171 101 215 116 91 70 244 19 133 224 105 125 10 46 28 155 220 39 33 194 233 118 64 248 216 240 121
157 154 7 179 164 137 101 215 116 91 70 118 147 131 224 107 105 10 38 28 91 252 175 96 204 193 118 64 234 216 160 240
153 186 203 115 128 168 101 214 116 91 70 246 179 195 232 105 121 10 38 12 187 220 239 33 196 193 246 0 184 216 240 241
44 85 18 24 41 215 54 96 148 12 239 1 198 208 43 196 216 56 138 98 76 147 18 8 179 112 6 15 82 62 44 215
153 58 155 115 128 160 97 214 116 75 102 244 179 163 224 105 121 10 38 28 155 252 39 32 198 193 118 0 233 200 224 249
14 117 52 29 41 221 22 72 159 212 77 9 238 212 43 212 148 57 235 98 70 0 122 25 39 81 1 59 18 63 15 214
44 85 18 140 89 223 150 104 140 140 233 1 198 212 42 198 216 56 130 98 68 3 82 28 181 180 0 63 82 63 47 198
185 146 203 121 144 163 67 215 118 67 230 244 83 1 160 120 85 142 46 28 187 159 101 62 210 239 48 64 249 192 224 89
44 81 18 172 249 207 150 104 136 12 249 9 198 212 43 148 216 112 194 98 4 163 82 12 49 52 0 63 80 63 47 199
14 113 48 28 121 221 54 104 142 172 73 9 204 214 107 148 144 57 202 98 4 3 82 27 165 20 9 63 18 55 15 199
153 154 203 113 128 163 97 86 118 67 230 246 51 1 160 120 113 138 46 28 139 157 37 49 216 235 48 64 184 200 224 56
36 85 18 140 89 71 150 104 172 140 233 9 70 150 43 148 216 144 194 98 76 131 82 14 177 20 10 31 80 63 47 130
100 85 18 140 121 75 22 104 136 4 233 9 198 150 35 208 216 145 138 99 76 131 82 12 177 52 10 63 16 63 47 198
74 101 16 28 25 217 150 104 174 4 137 9 204 214 35 132 146 57 202 98 68 3 66 94 181 52 11 59 16 55 13 70
85 7 1 1 82 10 103 80 100 64 235 102 145 66 136 112 120 128 78 234 105 146 109 94 180 6 166 0 41 243 96 160
192 168 18 154 201 241 176 198 236 23 128 17 164 146 98 207 225 34 202 16 34 15 194 227 29 16 30 123 144 68 167 206
153 158 111 251 160 182 101 214 116 90 214 244 19 167 232 105 125 138 38 156 187 214 47 32 202 233 246 128 58 208 224 241
185 154 235 123 162 171 101 215 119 75 198 244 83 133 178 120 117 142 62 28 187 156 37 51 194 237 54 128 250 216 240 113
153 186 203 115 128 41 101 215 118 75 70 246 51 163 224 104 125 138 38 28 171 156 37 35 206 205 246 192 184 200 240 241
185 186 235 123 160 35 101 215 118 75 230 244 51 165 224 120 125 10 38 28 187 188 37 34 202 207 52 192 234 200 224 177
44 85 18 28 89 221 22 96 158 204 73 1 206 212 43 196 216 121 130 98 68 2 122 29 183 113 3 59 82 63 13 215
153 186 139 115 128 187 99 215 118 75 198 246 51 129 224 104 121 138 14 28 187 156 37 35 202 197 54 64 184 200 240 249
185 158 239 106 144 163 67 150 117 75 230 244 115 1 176 112 85 142 78 60 187 157 37 62 250 239 48 192 249 202 224 121
14 125 16 31 121 221 54 104 190 140 73 9 172 214 67 148 129 59 203 67 70 64 218 125 167 80 9 43 18 55 15 214
44 85 18 156 89 223 150 104 172 140 233 9 206 214 35 148 216 49 202 98 68 3 82 14 181 52 10 59 82 63 47 198
241 154 235 122 144 170 99 151 118 73 230 244 115 33 176 120 117 134 108 60 187 191 37 63 122 175 48 192 233 128 240 121
36 81 18 140 89 203 22 104 136 132 233 9 70 246 35 212 216 241 202 99 68 131 82 12 177 52 10 31 80 63 47 86
74 101 16 28 89 221 150 104 174 12 136 9 204 214 35 132 144 57 203 98 68 3 66 94 181 20 11 59 18 55 15 70
10 188 2 152 201 249 176 195 190 23 128 25 140 146 98 157 233 50 202 17 54 15 146 113 157 16 94 123 146 68 175 158
21 7 73 65 86 10 102 176 100 64 234 226 211 64 152 112 120 136 78 234 233 176 109 30 180 173 166 4 105 243 112 160
200 168 146 154 201 253 176 198 190 23 128 17 172 162 98 207 233 19 202 16 54 79 194 243 157 16 94 123 146 76 175 198
46 93 50 26 249 221 22 96 157 204 77 1 236 254 39 213 204 123 147 67 68 138 122 189 167 113 5 171 18 127 47 215
153 186 235 115 176 179 103 215 119 75 246 246 51 167 240 96 125 170 38 28 155 156 45 99 202 207 182 192 186 216 240 249
25 186 235 107 176 171 99 215 119 75 254 244 51 133 176 112 125 142 30 28 187 188 37 63 234 239 52 128 239 218 240 249
14 125 48 30 121 221 54 96 158 204 77 9 172 214 39 132 128 123 203 66 70 10 122 63 39 84 9 59 18 63 13 215
153 158 235 121 178 187 103 215 119 75 214 246 51 1 160 104 125 138 14 28 171 157 37 47 202 207 54 192 184 200 240 121
121 158 111 110 178 162 99 183 116 75 254 244 115 33 176 112 85 230 124 44 185 191 101 47 250 239 32 192 237 130 226 121
153 158 235 123 144 162 99 215 118 75 230 246 115 3 160 120 121 170 14 156 187 156 101 63 222 239 182 64 185 192 224 120
46 125 18 28 89 221 150 104 142 140 233 9 204 214 35 148 200 113 202 66 68 3 90 30 53 116 9 59 82 63 15 198
113 142 111 79 146 170 99 22 116 75 230 244 115 33 176 112 117 198 108 60 185 189 37 63 250 239 50 64 233 194 240 57
36 81 18 156 89 223 22 104 153 140 248 11 78 214 43 148 216 249 194 99 68 163 82 206 177 52 10 27 80 63 46 198
74 109 16 28 121 221 22 104 174 12 136 9 236 214 35 148 144 185 203 67 70 3 74 127 181 20 11 59 18 55 15 199
