82 32 82 129 70 8 104 64 45 32 242 2 140 2 16 80 106 133 110 140 0 81 133 192 148 176 139 0 33 0 35 0
17 32 71 141 12 2 232 80 236 96 210 66 209 130 176 98 106 196 126 140 129 209 133 192 148 40 170 0 44 136 113 160
181 204 197 30 140 35 70 232 82 130 232 90 115 224 185 161 89 230 32 46 105 103 14 63 56 174 197 60 253 251 208 8
229 162 201 107 172 41 73 25 66 115 161 220 211 65 216 59 89 128 104 62 155 102 255 17 196 139 209 124 253 202 210 32
3 143 3 158 20 147 174 226 86 0 88 198 96 226 180 228 88 106 2 207 167 184 12 255 32 46 130 0 29 142 120 140
104 48 56 96 33 77 81 16 105 136 52 8 159 23 0 48 132 20 93 8 136 96 176 0 195 217 32 144 66 128 66 35
3 143 2 158 20 131 170 230 86 0 90 198 96 234 180 196 89 106 2 141 167 184 12 255 32 38 138 0 28 14 56 140
131 143 0 158 147 144 134 167 30 5 72 135 44 42 38 196 225 99 130 133 118 8 12 255 40 38 158 3 21 68 185 78
7 78 3 154 20 179 170 194 86 3 88 198 96 200 181 196 89 104 2 223 167 180 12 254 40 6 143 72 156 31 48 132
167 104 227 222 84 131 175 80 86 130 112 66 112 200 245 44 120 104 19 219 225 182 46 234 48 14 143 40 205 251 114 164
240 65 106 204 68 2 111 120 113 2 246 10 83 233 52 80 120 236 55 234 232 183 128 202 118 47 224 136 101 186 114 128
104 48 56 96 33 77 81 16 105 136 52 8 159 23 0 48 132 20 93 8 136 96 176 0 195 217 32 144 66 128 66 35
3 143 3 158 20 131 170 226 86 1 88 198 96 232 180 228 89 106 2 207 167 184 12 255 32 46 138 0 29 142 112 140
106 162 40 160 45 77 88 152 3 188 180 137 143 13 82 16 137 132 205 5 140 98 200 144 203 217 37 181 70 140 86 67
130 143 6 158 28 131 174 226 148 6 210 195 96 234 176 193 121 107 10 231 102 153 14 255 32 38 202 131 20 44 56 140
181 78 198 30 140 51 78 248 212 130 192 198 115 224 185 99 89 230 48 174 233 246 15 47 48 46 229 16 125 249 112 132
169 237 105 86 148 153 71 191 82 226 44 24 115 96 218 49 25 106 0 126 251 108 124 63 104 15 53 120 227 218 210 232
88 48 120 224 35 76 81 16 41 136 52 40 159 31 0 80 166 149 221 0 0 64 176 0 195 249 32 147 98 128 71 51
65 2 198 141 12 2 168 120 244 192 210 198 209 226 176 102 120 196 42 141 129 209 135 200 20 42 238 0 61 232 113 4
161 206 133 31 204 131 134 174 214 210 64 85 96 224 185 5 25 98 34 111 229 236 14 63 36 34 245 0 88 120 208 204
3 143 1 142 147 144 134 167 92 1 72 198 96 104 60 196 113 99 130 199 247 136 12 255 40 38 142 2 29 94 185 12
82 34 88 161 34 8 120 64 45 0 178 197 141 10 196 208 166 149 127 132 4 67 133 192 148 240 171 128 44 128 43 5
45 52 113 71 125 47 107 120 123 160 105 72 219 115 93 180 159 220 66 42 185 246 249 222 31 222 1 116 67 171 66 160
65 0 134 157 12 2 164 104 246 2 194 66 80 226 48 198 120 100 42 173 37 209 23 204 20 34 202 0 28 120 113 4
82 34 80 161 34 8 120 80 45 128 178 207 143 14 0 80 166 149 255 132 4 67 129 192 150 248 10 130 36 128 35 1
202 184 180 152 137 253 144 71 171 31 176 57 172 158 102 159 201 179 239 17 22 111 210 209 153 18 90 251 146 68 143 95
180 68 106 238 213 50 206 232 85 130 231 18 83 233 61 97 123 204 19 234 232 183 61 142 243 239 199 4 119 249 112 128
131 141 71 158 21 135 174 226 212 0 74 198 96 224 52 229 121 106 2 239 167 184 30 255 32 46 138 0 29 12 112 140
82 56 146 184 105 173 16 202 187 159 176 57 174 222 97 91 133 243 239 16 10 79 194 241 155 211 95 187 144 85 39 11
130 141 4 156 147 212 134 167 158 19 72 19 172 40 36 197 193 99 131 129 118 72 20 255 41 54 222 67 26 84 185 14
122 50 151 250 41 253 16 75 171 91 188 124 174 222 198 158 143 179 205 16 15 71 202 209 147 208 92 251 218 68 143 23
131 141 7 158 21 135 174 226 212 0 74 198 96 226 52 229 89 106 2 239 39 184 30 255 33 46 138 0 29 8 112 140
122 50 16 250 41 65 88 72 15 60 176 169 175 223 64 80 205 147 207 128 10 67 203 241 147 209 139 191 18 4 38 19
135 110 135 150 141 135 174 196 214 162 208 198 96 200 117 143 73 104 18 207 229 247 30 234 32 2 207 40 29 125 48 140
104 34 104 160 45 77 88 16 11 236 180 45 143 13 82 16 141 132 221 5 140 98 200 144 203 209 37 177 70 140 86 83
243 13 111 94 92 146 111 112 245 66 238 2 112 235 180 117 120 230 51 234 233 191 60 255 115 42 193 8 55 170 112 36
53 76 198 62 140 34 78 248 86 162 202 78 115 224 185 107 89 230 32 174 233 243 15 46 48 110 229 16 237 251 112 0
165 237 108 83 208 155 135 189 82 115 109 24 113 96 154 49 17 74 0 126 243 124 46 63 109 15 117 100 97 210 194 232
181 206 135 30 140 34 135 184 214 210 70 198 115 224 187 111 89 102 32 46 233 229 63 47 32 38 229 16 253 125 80 124
81 0 199 141 76 2 232 72 236 192 194 198 209 226 176 98 106 196 122 141 137 211 199 192 148 42 238 0 29 160 49 4
130 143 6 158 147 145 182 175 158 19 73 147 236 232 46 197 209 99 235 133 118 201 10 255 40 54 158 67 24 86 185 14
83 34 90 160 98 8 104 80 61 0 242 207 157 10 212 80 126 141 127 140 132 82 133 192 148 152 171 128 45 128 43 129
131 12 7 159 21 134 174 96 212 2 194 2 96 226 52 101 120 102 42 239 101 249 31 255 37 42 202 0 25 40 112 132
130 205 5 159 153 213 166 167 156 18 200 17 232 120 36 199 193 99 234 129 118 204 91 255 45 50 222 19 16 92 181 142
66 186 18 184 107 141 16 234 175 40 184 109 142 218 100 88 166 57 111 64 18 75 146 245 152 212 27 250 24 6 35 3
74 54 183 154 235 249 24 91 171 95 189 253 142 222 206 254 135 51 255 16 151 67 170 209 154 208 127 255 142 68 143 87
131 12 7 159 21 134 175 96 212 2 194 2 112 226 52 229 120 110 58 239 97 249 31 255 37 42 202 0 17 40 112 164
122 50 16 248 41 65 88 88 11 56 176 169 175 223 64 16 205 145 205 128 10 67 203 145 211 209 169 191 82 132 14 19
135 108 135 150 141 39 174 200 214 178 194 2 80 224 117 111 121 100 122 255 33 245 31 234 57 10 207 0 141 121 112 164
120 50 120 160 36 29 81 16 107 236 52 45 143 29 66 16 134 133 205 13 140 96 224 144 194 217 37 179 102 140 71 83
89 50 120 32 34 28 81 16 105 76 52 45 159 27 130 16 166 149 205 1 132 96 160 192 210 249 32 131 110 132 15 83
240 13 111 222 93 199 111 104 213 2 234 10 112 251 52 113 120 230 51 234 104 191 58 255 115 42 195 9 53 232 116 162
164 60 181 19 209 110 55 138 250 251 41 24 86 244 73 59 145 126 128 50 48 116 184 42 45 6 69 103 192 115 135 230
214 80 150 20 43 92 20 32 169 190 131 57 206 30 7 223 166 117 237 99 108 69 131 192 147 50 95 27 2 53 15 23
122 50 80 232 41 13 88 24 47 184 176 237 175 95 64 144 207 145 207 128 10 66 203 145 146 209 41 191 90 132 14 19
85 76 135 151 141 39 165 200 246 178 194 2 80 224 49 111 121 100 122 191 48 241 27 232 61 42 207 4 129 121 113 36
32 140 110 222 77 199 231 232 212 6 226 2 96 251 52 113 249 246 34 170 104 227 90 253 119 42 195 9 81 104 116 162
6 182 148 17 243 238 176 7 58 191 75 53 204 166 78 15 183 31 227 21 54 216 153 66 13 22 95 71 128 68 143 215
68 32 134 213 141 102 229 232 246 178 130 2 80 242 113 78 113 100 106 186 48 241 155 200 29 34 199 5 129 121 112 38
