82 34 82 161 34 8 120 64 45 0 178 198 141 138 64 80 110 133 127 128 0 67 129 192 148 240 139 128 12 0 35 0
83 2 135 141 12 2 168 64 172 128 210 70 200 130 176 66 106 197 122 133 1 211 131 192 148 34 142 128 12 40 49 4
90 48 80 224 35 8 120 64 45 128 178 169 143 31 0 80 166 149 223 132 8 65 129 192 151 249 11 131 38 132 35 19
90 50 82 224 34 8 120 64 41 128 178 233 143 31 64 208 166 149 223 128 8 65 129 192 150 249 11 131 102 132 47 1
83 0 135 157 12 2 172 104 244 2 194 71 64 226 48 194 120 228 106 173 12 193 151 200 148 34 202 0 12 116 57 4
90 50 80 224 34 9 120 80 45 0 178 233 143 31 0 208 166 149 223 128 8 64 129 192 150 209 11 131 102 132 43 17
67 2 134 157 12 2 172 104 244 2 210 199 64 226 176 199 120 100 42 175 161 209 135 204 20 34 202 0 28 120 49 4
8 22 126 253 46 115 189 27 140 78 223 178 221 255 163 107 214 53 191 32 128 161 35 200 67 243 242 131 150 234 37 115
218 184 148 248 137 237 80 71 171 27 160 25 174 223 64 27 129 179 237 16 26 111 210 209 219 209 82 123 210 64 135 27
210 129 54 186 155 208 152 111 175 21 145 187 172 254 46 195 239 179 239 129 126 75 2 213 155 114 90 251 16 4 175 87
3 143 67 158 20 131 174 242 86 0 90 70 96 224 180 228 88 106 2 207 167 184 12 255 32 46 130 128 29 138 112 140
104 48 56 96 32 77 81 16 105 136 52 8 159 23 0 48 132 20 93 8 136 96 176 0 195 249 32 16 64 128 66 35
2 157 0 156 147 144 134 167 28 0 72 195 44 40 36 196 225 115 147 129 117 8 20 255 40 54 158 3 31 84 185 30
7 142 66 154 20 162 170 234 84 1 91 214 96 226 188 228 89 106 2 255 183 184 12 255 40 46 139 196 157 139 120 132
36 104 235 196 84 3 239 88 86 130 120 66 17 201 245 40 121 232 19 251 129 246 172 202 116 12 167 164 229 251 114 160
240 65 106 236 76 0 110 120 113 130 242 10 83 203 53 90 120 204 55 226 200 183 131 202 118 235 224 136 103 186 114 128
3 143 3 158 20 131 170 230 86 0 90 198 96 226 180 228 89 106 2 141 167 152 14 255 32 38 138 128 28 14 120 140
3 207 1 156 147 144 134 167 30 1 72 195 44 34 36 228 229 99 130 129 119 8 4 255 40 54 158 66 31 84 185 12
104 48 56 96 33 77 81 16 105 136 52 8 159 23 0 48 132 21 93 8 136 96 176 0 195 217 32 16 66 128 66 35
3 143 3 158 20 131 170 230 86 1 88 198 96 224 180 196 89 106 2 141 167 184 12 255 32 46 138 136 29 14 112 140
104 48 56 96 32 76 81 16 105 136 52 8 159 23 0 48 132 20 93 8 136 96 176 0 195 249 32 16 64 128 66 35
3 143 3 158 20 131 170 230 86 0 90 198 96 226 180 196 89 106 2 141 167 152 12 255 32 46 138 128 29 14 112 140
177 207 68 30 196 131 206 254 84 130 88 246 113 96 177 129 93 230 6 239 233 238 12 63 48 42 229 128 61 250 240 140
67 2 134 157 12 2 172 120 244 2 210 198 64 226 176 199 120 100 42 175 161 209 135 204 20 34 234 128 28 248 57 4
90 50 80 224 34 9 120 80 45 0 178 233 143 31 0 208 166 149 223 128 8 64 129 192 150 209 11 131 102 132 43 1
2 14 6 159 13 130 172 96 180 22 194 131 96 234 48 193 248 102 170 167 100 201 11 253 32 34 203 1 20 44 56 134
248 36 122 100 59 234 83 66 249 2 239 24 95 255 9 80 51 191 217 42 40 167 176 10 211 237 0 25 231 224 103 34
177 204 69 30 196 131 198 238 84 130 72 87 97 96 49 129 89 226 2 238 108 110 14 63 40 42 197 0 125 248 240 140
117 105 69 90 142 129 70 200 195 144 177 74 83 192 253 58 24 192 68 122 202 99 142 57 56 136 165 124 113 251 82 0
67 2 134 157 12 2 172 104 244 2 210 198 64 226 176 199 120 100 42 175 161 209 151 204 20 34 202 0 28 248 49 4
82 32 90 161 35 0 120 64 45 128 178 139 143 14 64 210 166 213 255 133 0 65 129 192 151 248 11 131 36 0 43 3
82 0 150 157 13 2 164 104 190 2 210 71 196 226 32 194 248 229 106 161 36 209 147 204 148 50 202 2 24 104 57 4
181 223 132 62 132 39 70 254 82 154 168 126 98 104 173 1 89 226 32 98 233 103 10 63 56 134 117 48 249 251 208 8
82 34 82 161 34 8 120 64 45 128 178 207 143 10 64 208 166 149 127 132 4 65 129 192 148 240 11 130 44 128 43 1
83 0 134 157 12 2 168 104 230 128 194 66 80 226 48 66 96 229 106 141 5 209 151 200 148 34 202 0 4 104 49 4
82 34 82 161 34 8 120 64 45 128 178 237 143 14 64 208 166 149 255 132 4 65 129 192 150 248 43 130 12 128 43 1
83 0 134 141 12 2 168 104 230 128 210 198 208 226 176 98 98 229 122 141 133 209 151 200 148 34 202 0 12 104 49 4
200 3 254 236 174 50 189 87 141 3 255 179 221 255 163 106 230 55 255 160 144 129 131 194 210 255 126 129 182 252 165 35
186 22 42 190 245 127 151 119 25 239 253 191 78 60 38 149 253 215 215 35 189 175 121 238 243 119 124 147 195 125 190 243
104 48 184 96 32 76 81 16 105 8 52 40 159 19 0 50 134 85 93 8 128 96 176 0 195 249 32 0 96 128 66 35
218 176 148 250 137 237 80 79 171 27 160 25 174 159 64 27 129 179 237 16 26 111 210 241 219 209 82 123 210 64 135 27
130 143 1 158 147 144 134 167 30 3 72 199 44 40 52 196 225 99 131 133 118 8 4 255 40 54 158 67 21 84 185 14
3 143 3 158 20 131 174 226 86 0 88 198 96 232 180 228 88 106 2 207 167 186 12 255 32 46 138 0 29 142 112 140
104 48 56 96 32 76 81 16 97 136 52 8 159 23 0 48 134 20 93 8 136 96 176 0 195 249 32 16 64 128 70 51
131 141 0 158 147 144 134 167 28 0 72 211 104 104 52 197 96 99 130 195 119 136 28 255 40 38 158 2 31 76 185 12
56 184 144 250 9 205 80 200 171 27 181 24 159 223 72 26 137 147 221 16 26 103 218 147 211 221 17 127 242 0 134 19
7 206 3 154 148 179 170 194 86 1 88 198 96 224 181 196 89 106 2 223 167 148 12 255 40 38 139 64 157 31 112 132
37 104 195 219 84 131 174 208 86 130 80 66 112 200 245 44 121 104 18 251 227 182 12 234 48 14 143 32 221 251 112 160
240 65 106 236 68 2 111 120 113 2 246 10 83 233 52 80 120 236 55 234 232 183 128 202 118 171 224 136 117 186 114 128
3 143 2 158 20 131 170 230 86 0 90 198 96 226 180 228 89 106 2 141 167 152 14 255 32 46 138 0 29 14 120 140
131 143 1 158 147 144 134 167 30 1 72 198 44 34 36 196 225 99 130 197 119 8 28 255 40 38 142 2 29 92 185 12
90 188 20 186 185 237 16 79 175 61 168 25 174 222 96 88 193 179 207 16 26 11 90 245 155 213 27 123 208 68 135 75
104 48 56 96 33 77 81 16 105 136 52 8 159 23 0 48 132 21 93 8 136 96 176 0 195 217 32 16 66 128 66 35
3 143 3 158 20 131 170 230 86 0 90 198 96 224 180 196 89 106 2 141 167 152 12 255 32 38 138 0 29 14 112 140
104 48 56 96 33 77 81 16 105 168 52 8 159 23 64 48 132 148 93 8 136 96 240 0 195 217 33 48 66 128 66 35
131 143 6 158 20 147 174 230 86 0 90 199 96 226 180 196 89 106 2 205 166 152 14 255 32 38 138 128 28 12 120 140
104 48 56 96 33 77 81 16 105 136 52 8 159 23 0 48 132 21 93 8 136 96 176 0 195 217 32 17 66 128 66 35
3 143 3 158 20 131 170 230 86 0 90 198 96 226 180 196 121 106 2 141 167 152 14 255 32 38 138 128 29 12 120 140
181 78 70 30 132 35 206 248 84 194 208 222 115 96 185 37 93 230 52 238 233 246 14 47 48 46 229 144 125 251 240 140
160 173 232 99 209 201 71 165 80 33 44 24 115 49 72 48 25 74 0 82 114 56 120 63 111 205 4 97 227 90 198 170
83 2 134 141 12 2 168 120 126 192 210 198 208 226 176 194 114 228 58 141 133 209 135 200 148 42 234 128 12 232 49 4
82 34 82 161 34 8 120 64 45 128 178 237 143 10 64 208 166 149 127 132 4 65 129 192 150 248 43 130 4 128 43 5
67 12 134 157 13 134 164 104 148 2 194 67 96 226 48 195 248 100 106 167 100 209 27 205 20 50 203 2 24 120 56 4
163 207 4 30 220 129 134 166 214 22 64 18 96 96 180 69 73 98 34 239 118 108 110 63 40 34 221 64 85 28 240 204
33 171 77 123 188 189 72 23 66 81 168 92 179 0 208 51 73 130 88 28 187 106 247 53 206 153 144 120 217 136 218 40
90 50 88 224 34 9 88 16 45 132 178 169 143 31 64 16 166 149 221 128 0 97 128 192 218 241 35 131 38 128 7 19
3 12 6 159 12 135 172 104 148 2 194 199 96 226 52 197 120 100 42 175 229 209 31 253 52 34 203 0 28 120 56 4
181 204 206 30 196 163 199 238 214 210 72 22 115 96 59 1 89 230 32 110 109 230 30 63 32 42 197 0 121 123 240 12
82 32 90 128 70 9 232 64 61 32 242 2 157 138 20 80 122 141 126 140 8 50 133 192 148 168 139 32 37 136 99 128
80 32 6 140 76 3 224 72 238 0 210 74 192 194 48 66 104 196 106 136 8 227 195 208 148 50 139 24 25 8 113 0
83 34 82 161 98 0 120 64 45 0 242 199 141 10 68 80 230 141 127 132 4 83 133 192 148 248 139 128 36 128 43 128
83 0 142 141 12 2 168 72 238 128 194 66 192 226 48 66 96 229 106 141 4 195 199 192 148 34 202 0 4 32 57 4
198 223 222 243 228 4 62 182 191 27 218 247 212 171 236 66 231 87 63 215 242 221 137 98 174 186 158 194 140 208 161 11
131 143 71 158 20 134 174 226 212 2 74 198 96 226 180 229 120 106 10 239 165 153 30 255 32 38 138 0 28 44 112 140
248 160 144 250 41 237 80 75 171 31 181 56 174 223 72 27 135 147 253 16 26 111 202 145 219 217 112 251 210 0 199 3
88 48 120 96 32 76 81 16 41 136 52 40 159 23 0 48 166 21 221 0 8 96 160 0 195 249 32 147 98 128 71 35
130 141 6 158 155 144 182 167 158 19 72 211 172 42 36 197 225 99 235 133 118 201 22 255 40 54 222 67 26 84 185 14
131 141 7 158 21 135 174 226 212 2 74 70 96 226 52 229 88 106 2 207 231 186 30 255 32 38 138 0 29 12 112 140
60 168 152 250 169 237 80 200 163 59 181 56 63 223 72 26 143 179 221 18 26 103 202 177 219 221 49 255 242 11 70 3
131 141 4 156 145 148 134 167 158 19 72 83 172 160 52 197 193 99 130 133 118 72 20 255 41 54 222 67 26 84 185 12
126 182 148 250 185 173 80 75 175 57 185 57 174 223 72 24 141 179 205 16 26 75 74 245 155 213 27 255 210 68 135 3
131 141 7 158 20 135 174 226 212 2 74 70 96 226 52 229 88 106 2 207 167 186 30 255 32 38 138 0 29 8 112 140
88 48 120 96 32 77 81 16 41 168 52 40 159 23 0 48 134 149 221 0 8 96 224 0 195 249 32 179 98 128 71 35
131 143 70 158 20 150 174 226 212 2 90 198 96 234 180 229 120 106 2 239 229 155 30 255 32 38 138 0 29 12 56 140
104 48 120 96 32 77 81 16 105 136 52 40 159 31 0 48 134 21 221 8 0 96 176 0 195 217 32 145 98 128 70 51
131 143 7 158 21 151 174 226 212 2 202 198 96 226 180 229 120 106 2 207 165 153 30 255 32 38 138 0 29 12 120 140
133 204 45 31 140 207 167 174 222 82 74 16 240 96 24 97 17 98 34 79 97 204 127 63 109 38 125 16 16 120 145 200
245 183 200 2 242 9 71 253 82 105 41 252 83 96 216 48 29 202 68 126 251 34 140 63 40 12 37 124 233 243 194 165
83 0 135 156 12 2 164 104 156 2 194 71 192 226 48 66 248 228 106 165 44 195 147 200 144 34 203 2 24 120 57 4
160 207 4 31 140 131 134 174 212 30 72 80 224 96 188 1 89 98 34 107 224 236 79 63 40 46 245 16 80 120 208 140
164 165 232 82 208 41 6 173 82 51 45 24 67 105 72 17 17 74 0 122 114 120 88 55 107 15 69 125 193 210 202 136
82 34 90 224 98 8 120 80 61 128 242 171 157 15 68 16 182 157 127 128 0 83 129 192 214 249 11 129 36 128 35 1
65 0 134 156 12 130 160 72 246 128 194 70 194 226 32 210 120 228 106 133 12 195 223 208 148 34 207 24 24 40 57 128
129 141 7 159 21 135 174 226 212 2 194 2 112 224 52 101 120 98 42 239 97 253 31 255 33 42 194 0 29 40 112 172
252 160 248 112 104 233 81 202 227 55 165 56 31 211 72 59 43 146 233 24 26 103 234 17 219 201 81 125 227 201 70 34
88 50 120 96 34 73 80 16 41 172 54 40 159 31 192 18 166 213 237 0 0 96 128 128 211 249 37 179 98 128 7 3
131 12 7 159 29 134 174 96 212 2 194 2 96 226 52 101 121 102 58 239 97 217 31 255 33 42 203 0 29 104 112 132
120 232 248 122 42 233 83 196 163 182 180 56 47 203 201 26 43 251 205 82 10 111 202 51 218 197 53 57 243 209 70 42
131 141 7 158 29 135 167 226 212 2 194 2 96 224 52 101 121 98 42 239 97 249 30 255 33 46 203 0 17 40 112 172
88 50 120 224 34 72 88 16 41 172 54 41 159 31 128 82 166 213 253 0 0 64 128 128 211 249 36 179 98 128 7 3
129 141 6 158 21 135 174 226 212 2 194 2 112 224 52 101 120 106 42 239 101 249 31 255 33 42 194 0 25 104 112 140
88 48 120 96 34 72 80 16 41 172 54 40 159 31 128 18 166 213 253 0 8 64 128 0 211 249 36 179 98 128 7 3
131 12 7 159 29 134 174 96 212 2 194 70 96 226 52 101 121 102 42 239 101 217 31 255 32 42 203 0 25 104 112 132
165 175 196 19 210 171 38 187 114 243 41 220 81 224 217 57 23 110 0 126 183 248 140 62 44 14 5 100 233 243 194 132
81 0 143 190 12 2 164 104 246 146 194 3 244 226 32 66 248 228 106 129 13 195 219 169 148 162 207 8 24 104 49 0
83 12 7 159 13 134 236 96 212 130 194 2 112 226 52 103 120 100 42 175 97 209 31 253 53 42 203 0 29 120 113 4
194 189 24 34 147 204 23 167 58 61 8 41 174 55 64 18 135 91 193 80 114 8 216 55 237 148 12 127 192 82 135 75
88 50 88 224 34 9 24 16 45 172 52 233 143 31 192 144 166 149 221 0 0 96 128 192 210 249 34 179 102 128 15 3
88 50 88 224 34 9 24 16 45 140 52 233 143 31 192 144 166 149 221 0 0 96 128 192 210 249 34 147 102 128 15 19
19 12 6 159 13 134 237 96 212 130 194 2 112 226 52 103 120 100 58 175 96 209 31 253 49 42 203 0 29 104 113 4
88 50 88 224 35 25 88 16 45 8 52 233 159 31 192 16 166 149 221 0 0 96 128 192 210 249 34 131 38 128 15 19
1 12 15 223 28 135 231 96 212 2 194 2 112 242 48 101 121 102 42 170 97 249 31 255 49 46 203 0 17 104 112 36
81 0 135 157 13 66 229 104 244 130 194 2 80 242 48 102 120 100 42 170 32 209 151 204 21 42 207 0 17 120 112 36
130 181 145 49 241 238 53 175 58 183 106 24 140 55 72 17 147 95 129 16 50 88 145 119 109 22 28 103 192 64 135 171
90 50 83 161 34 8 56 80 45 128 178 237 143 14 64 214 166 213 253 132 4 65 145 192 146 240 11 130 44 128 3 21
