32 32 80 201 108 9 232 64 105 32 240 11 138 8 20 2 74 205 70 1 12 115 196 192 20 24 130 49 69 8 82 130
140 157 160 119 177 62 55 167 48 15 79 48 232 54 6 80 133 87 128 34 240 156 41 110 46 63 20 67 130 214 139 73
32 32 68 137 78 11 160 72 30 164 240 11 128 136 112 0 120 140 98 129 8 115 75 208 28 0 143 57 21 8 116 130
124 149 104 78 154 195 71 253 18 5 141 138 115 101 42 80 89 214 89 226 122 11 61 63 250 166 133 92 181 250 244 104
112 32 96 201 109 9 232 64 105 36 240 11 138 8 22 0 106 133 70 1 140 115 196 192 22 184 2 49 101 12 74 134
2 143 2 158 20 147 170 226 22 5 88 163 96 232 48 192 89 106 131 197 38 184 12 255 32 38 138 1 20 14 60 140
198 157 146 22 145 224 22 175 186 7 11 17 108 102 8 82 145 83 129 34 114 201 24 127 41 54 13 71 128 114 135 90
104 48 56 96 32 77 81 16 105 136 52 8 159 23 0 48 132 20 93 8 136 96 176 0 195 249 32 16 66 128 66 35
6 172 133 155 144 163 38 172 30 147 11 81 196 226 105 72 145 79 35 51 50 72 10 127 44 38 95 70 144 115 129 2
38 162 8 153 207 131 144 200 22 52 208 131 64 200 106 64 89 9 163 149 22 114 79 151 28 6 143 111 149 12 56 134
105 48 113 64 101 29 113 16 105 8 180 72 10 27 132 54 132 212 70 8 137 96 224 192 71 249 0 146 66 136 66 37
2 141 2 158 20 131 170 230 22 0 90 2 96 234 48 64 89 106 19 129 34 152 26 255 32 38 138 128 20 10 48 136
104 48 56 96 32 76 81 16 105 136 52 8 159 23 0 48 132 20 93 8 136 96 176 0 195 249 32 16 64 128 66 35
2 141 2 158 20 195 170 230 22 0 90 2 96 234 48 64 89 106 19 129 2 184 24 255 32 38 138 128 20 14 48 136
104 48 56 96 33 77 81 16 105 136 52 8 159 23 0 48 132 21 93 8 136 96 176 0 195 217 32 17 66 128 66 35
2 140 2 158 23 195 154 230 22 5 90 35 32 250 32 64 89 122 147 129 34 136 10 255 33 38 154 11 20 14 60 138
205 4 127 101 164 14 107 17 124 234 119 88 211 3 157 57 54 196 108 122 185 244 109 14 204 251 97 4 196 163 66 33
53 203 65 10 132 1 79 244 64 64 240 198 115 64 187 0 76 194 20 206 201 34 12 45 56 8 165 176 125 187 240 28
72 48 56 96 32 77 81 16 105 136 52 8 159 23 0 48 132 20 93 8 136 96 176 0 195 249 32 16 66 128 66 35
2 143 2 158 23 211 162 230 22 5 88 163 96 232 50 192 89 106 131 129 38 184 12 255 32 38 138 11 20 14 60 142
6 188 132 155 155 231 54 168 158 255 64 53 236 246 107 200 149 91 179 17 50 80 155 255 45 22 95 239 144 117 141 83
50 32 0 137 79 75 176 72 142 164 240 11 4 136 96 0 232 141 235 1 8 115 91 208 29 0 143 59 17 12 21 194
50 32 64 141 77 9 240 64 109 36 176 11 10 8 22 16 232 133 206 1 12 115 196 192 22 24 3 51 101 12 90 134
6 188 148 154 177 231 62 172 30 223 11 49 204 246 107 72 151 95 177 51 54 72 10 127 41 54 93 199 144 119 141 83
32 32 5 137 78 11 160 72 22 160 240 202 145 128 64 0 88 140 98 136 9 114 79 144 28 128 175 56 61 8 48 128
112 32 96 201 108 9 232 64 105 36 240 11 138 8 22 0 106 133 70 1 12 115 196 192 22 184 2 49 101 8 74 130
118 133 68 14 155 147 70 237 146 3 137 139 99 96 42 212 121 198 201 227 126 11 12 63 184 38 141 93 181 118 184 6
32 32 69 137 76 11 160 72 30 160 240 75 129 128 112 0 88 140 98 129 8 114 75 208 28 0 143 56 21 8 113 128
197 141 129 87 144 42 38 183 112 3 75 80 241 34 128 113 1 70 0 42 241 220 45 46 44 174 116 64 160 208 131 40
32 32 81 201 108 9 232 64 105 32 240 75 130 8 20 2 74 205 70 1 8 115 197 192 20 24 2 49 69 8 83 128
36 162 0 169 204 3 224 200 22 176 208 131 193 193 112 64 89 8 34 157 2 114 79 151 156 134 175 124 245 8 56 128
4 172 149 155 146 163 39 172 30 147 66 16 244 226 104 64 17 79 34 51 50 72 10 127 44 38 127 68 144 115 129 32
84 141 130 30 145 128 6 175 186 7 9 16 102 102 40 18 17 82 128 34 114 201 8 63 169 38 5 71 128 114 135 10
97 34 120 65 108 25 232 16 105 40 240 72 154 8 148 50 202 197 86 8 140 114 196 192 22 24 32 48 77 136 90 133
84 164 134 30 147 34 6 172 18 151 9 17 100 226 104 80 145 71 160 50 58 73 11 63 169 38 13 69 176 115 132 66
104 48 56 96 32 76 81 16 97 136 52 8 159 23 0 48 132 20 93 8 136 96 176 0 195 249 32 16 64 128 66 35
50 32 0 137 79 75 176 72 134 164 240 11 4 136 96 0 232 157 107 129 8 115 75 144 29 0 143 59 17 8 52 130
198 141 146 54 145 192 22 175 186 7 11 17 108 102 42 82 145 83 129 34 114 201 8 127 41 54 29 71 128 118 135 10
2 141 2 158 23 195 162 230 22 4 90 131 96 234 34 192 89 107 131 128 6 152 14 255 32 38 138 3 20 14 60 142
96 32 96 201 108 9 232 64 105 32 240 11 138 8 20 0 106 133 70 1 140 115 196 192 20 56 130 49 101 8 82 128
4 172 133 26 154 163 7 184 22 187 66 16 244 247 233 65 21 94 49 58 50 208 171 63 40 6 125 228 144 241 129 33
32 32 68 137 78 11 160 72 30 164 240 11 128 128 112 0 120 140 98 129 8 115 75 208 28 0 143 57 21 8 116 130
32 32 80 201 108 9 232 64 105 32 240 11 138 8 20 2 106 201 70 1 12 115 196 192 20 24 130 49 69 8 82 130
34 32 0 137 79 9 160 72 6 164 240 11 132 200 64 0 232 153 107 1 8 243 203 208 29 0 143 59 21 8 52 130
97 34 112 64 109 25 248 64 105 32 240 202 138 8 150 178 202 196 214 13 132 114 196 192 22 216 0 33 79 140 90 132
2 143 10 158 22 131 190 230 22 4 90 163 96 234 34 192 121 107 131 193 38 152 14 255 32 38 138 3 20 14 60 142
104 48 56 96 33 77 81 16 105 136 52 8 159 23 0 48 132 21 93 8 136 96 176 0 195 217 32 17 66 128 66 35
6 172 132 155 155 163 39 168 30 179 64 17 244 226 105 200 145 75 35 49 50 208 139 63 44 6 95 108 144 113 137 0
38 162 12 152 207 3 176 200 22 180 208 139 68 200 98 64 217 137 227 145 6 114 75 145 28 2 143 127 213 8 61 130
97 32 113 64 100 29 248 16 105 72 180 72 138 24 148 182 206 196 86 8 133 98 244 192 7 216 0 18 75 140 66 37
6 130 0 155 157 147 10 200 22 17 80 147 96 202 42 192 89 10 163 181 54 50 79 247 44 6 143 111 28 12 184 134
2 141 10 158 20 195 170 230 22 0 90 2 96 234 48 64 89 106 19 129 2 152 26 255 33 38 138 1 20 10 48 136
104 48 56 96 33 76 81 16 105 136 52 8 159 23 0 48 132 20 93 8 136 96 176 0 195 249 32 16 66 128 66 35
2 141 10 158 20 195 170 230 22 0 90 2 96 234 48 64 121 106 19 129 34 152 26 255 33 38 138 129 20 10 52 138
104 48 56 96 33 93 81 16 105 136 52 8 159 23 0 48 132 20 93 8 136 96 176 0 195 217 32 16 66 128 70 51
2 143 10 158 20 131 186 230 22 4 90 163 96 234 48 64 121 122 147 129 34 186 10 255 32 38 138 131 21 10 60 138
2 143 10 158 23 131 186 230 22 4 90 163 96 234 50 64 89 123 147 129 34 186 10 255 32 38 138 3 21 10 60 138
77 4 121 101 36 46 107 16 116 234 119 72 211 1 145 56 30 204 108 42 137 244 237 10 198 239 97 4 230 227 66 33
104 48 56 96 33 76 81 16 97 136 52 8 159 23 0 48 132 20 93 8 136 96 176 0 195 249 32 16 66 128 70 51
2 143 10 158 22 131 186 230 22 5 88 163 96 232 50 192 89 107 131 129 6 184 12 255 32 38 138 11 20 10 60 142
34 50 4 137 79 75 176 72 30 164 208 139 196 204 96 64 248 153 235 1 0 115 219 208 157 0 143 59 17 8 53 146
34 34 64 137 77 73 240 64 45 36 240 11 138 8 22 0 232 141 207 129 12 243 209 192 20 16 131 59 69 12 94 130
6 188 148 154 185 167 30 168 30 191 2 49 236 246 105 72 151 91 177 49 50 192 139 127 41 22 95 239 144 117 137 83
32 32 1 137 78 11 161 72 6 160 240 66 145 128 64 192 104 140 106 136 9 243 193 144 20 128 171 48 61 8 56 160
29 172 165 90 154 179 70 248 87 179 196 80 115 225 201 116 17 78 36 56 187 209 47 63 234 207 165 116 178 241 144 36
32 32 64 133 77 73 224 64 108 36 240 11 138 8 22 16 104 133 78 129 12 115 212 192 20 48 131 57 69 8 90 130
32 32 5 137 78 11 161 72 30 160 240 74 149 128 64 128 120 140 106 129 1 243 75 208 28 0 175 48 61 8 113 160
197 205 165 87 144 42 38 183 112 3 75 80 243 98 136 113 17 70 0 42 241 216 45 47 40 174 117 64 224 242 131 40
32 32 65 129 76 9 232 64 109 32 240 75 154 8 20 16 106 133 78 1 8 115 196 192 20 56 131 48 69 8 67 128
36 160 68 137 206 11 160 200 22 180 208 139 193 193 112 64 89 136 99 145 10 114 79 145 28 128 143 45 117 136 120 128
4 172 133 155 152 163 39 168 54 179 66 16 244 226 105 72 17 79 34 50 50 208 139 63 44 38 127 108 144 113 129 40
212 140 132 30 145 226 22 172 178 23 75 16 102 102 8 17 17 86 160 34 114 72 10 63 41 38 93 79 192 115 135 10
20 172 132 26 155 163 6 168 22 183 64 17 100 226 105 72 145 78 160 48 50 208 139 63 41 6 93 101 176 113 132 10
104 48 56 96 33 93 81 16 105 136 52 8 159 23 0 48 132 20 221 8 136 96 176 0 195 217 32 16 66 128 66 35
34 32 1 137 78 73 160 72 15 164 240 11 132 136 96 64 232 153 107 129 8 243 195 208 21 0 139 59 21 8 116 130
198 140 148 30 145 226 22 172 54 151 75 17 108 226 8 81 145 95 161 34 114 72 11 63 41 54 93 79 144 119 135 74
2 140 10 158 22 195 186 230 22 5 90 131 96 234 34 64 121 107 147 129 38 152 14 255 32 38 154 11 20 10 60 142
32 32 0 137 78 9 160 72 6 160 240 11 132 128 96 64 104 140 106 128 8 243 203 208 28 0 143 57 49 8 52 128
213 157 165 94 176 102 71 188 114 219 10 116 115 246 168 112 23 70 52 42 243 72 63 63 41 174 101 196 152 243 131 57
104 48 57 96 33 93 81 16 105 136 52 8 158 31 0 48 132 20 93 8 137 96 176 192 195 249 32 18 66 128 70 51
54 160 4 137 207 75 160 200 30 180 208 139 196 200 96 0 249 201 107 145 2 243 219 145 156 0 143 63 213 8 20 194
99 32 112 64 101 29 248 80 105 40 244 72 138 8 148 180 238 132 70 8 132 114 244 192 22 216 0 50 79 140 90 133
2 141 11 158 20 195 171 238 22 1 88 2 113 248 56 64 89 106 19 129 2 186 10 255 97 38 170 9 21 10 52 138
104 48 56 96 33 93 81 16 105 168 180 8 158 31 0 48 132 148 93 8 136 96 240 192 195 249 33 50 98 128 66 35
2 141 10 158 20 195 175 230 22 5 88 2 113 234 48 64 121 122 19 193 34 184 10 255 105 38 174 65 20 10 180 138
104 48 56 96 33 76 81 16 105 136 52 8 159 23 0 50 132 84 93 8 137 96 176 192 195 249 32 16 66 128 70 51
77 0 249 101 100 62 107 16 121 234 127 64 219 33 145 252 30 204 108 42 137 176 229 8 198 255 97 4 230 227 66 33
53 207 65 6 212 129 207 253 70 128 24 230 113 96 184 32 92 226 4 239 219 42 13 61 40 12 165 196 117 154 240 204
104 48 57 96 33 76 81 16 105 136 52 8 159 23 0 48 132 20 93 8 136 96 176 192 195 249 32 16 66 128 70 51
2 143 10 158 22 131 190 230 22 5 88 163 97 232 34 64 89 107 3 195 38 184 14 255 32 38 170 9 20 10 52 138
14 172 158 147 187 151 62 232 158 182 4 1 204 246 107 141 151 127 251 17 38 65 139 247 111 87 79 255 130 116 13 199
6 172 150 27 186 135 30 168 158 191 66 33 204 246 105 72 151 127 179 17 50 208 139 63 40 22 79 239 144 112 1 3
34 32 66 129 77 73 232 64 109 4 242 15 138 136 22 16 234 141 238 129 12 179 213 192 148 56 2 3 69 12 78 198
53 172 229 95 154 19 70 248 87 179 70 64 115 225 221 124 17 238 100 56 191 208 191 63 43 206 69 116 243 240 80 36
48 50 4 137 79 79 160 72 22 172 208 43 196 214 96 64 120 152 234 0 8 243 219 144 157 0 143 59 17 8 53 146
214 141 22 30 155 194 22 237 178 31 201 25 108 230 42 17 145 119 161 34 114 203 138 63 185 38 77 31 16 118 167 10
32 34 66 137 77 73 224 64 173 36 240 15 142 136 22 0 104 141 78 129 0 243 209 192 148 16 131 57 69 8 127 130
54 174 132 26 155 163 22 232 22 183 136 187 64 224 107 201 145 202 161 179 62 195 139 63 168 6 93 127 176 119 188 70
57 32 4 137 14 27 161 88 22 160 246 70 209 130 224 228 120 140 106 136 1 240 111 144 220 161 175 48 59 8 56 160
196 140 133 87 144 34 39 188 178 147 75 80 240 226 136 115 17 70 32 42 115 216 43 63 40 38 69 68 160 243 129 32
32 32 67 137 76 137 233 64 236 32 242 66 157 130 16 144 104 173 110 9 1 243 212 192 20 48 163 32 69 8 99 160
32 32 68 137 78 11 160 72 22 180 208 139 193 128 112 0 121 136 106 153 8 242 79 144 156 128 143 61 117 8 88 128
4 172 134 27 152 131 39 168 150 179 66 0 212 226 105 73 17 110 34 16 50 208 139 63 44 6 111 108 144 112 1 32
97 34 114 193 108 9 232 64 105 32 240 75 139 8 20 18 234 197 70 9 136 114 196 192 20 24 130 48 77 136 90 128
105 48 57 96 33 93 81 16 105 168 52 8 158 31 0 52 132 148 221 8 137 96 240 192 195 217 33 48 66 128 66 35
16 132 11 186 92 193 171 236 22 1 88 2 113 249 56 64 121 58 19 129 34 186 27 191 253 166 187 8 53 10 180 170
105 48 112 96 101 29 81 16 105 8 52 8 30 31 128 180 132 148 214 8 137 96 240 192 199 217 32 18 66 128 66 35
32 132 11 186 222 195 131 236 22 5 88 18 113 232 56 64 89 58 19 129 34 186 75 191 125 38 191 72 21 10 180 170
0 140 10 186 94 193 163 236 22 5 88 131 113 232 56 64 89 59 3 129 34 186 75 191 124 6 187 8 21 10 180 138
49 32 6 137 15 27 225 72 14 164 246 2 194 130 194 228 104 140 238 140 12 243 101 208 148 32 131 17 51 12 124 196
41 32 2 133 77 31 224 64 172 40 246 2 141 130 2 196 104 140 106 136 0 243 211 192 213 161 131 1 65 8 107 160
48 48 22 137 79 79 48 72 14 172 210 35 196 150 96 64 104 156 234 128 8 243 91 208 157 32 139 51 16 8 37 146
246 142 150 62 155 194 22 232 18 23 192 57 102 246 40 81 145 95 225 162 114 67 139 63 185 166 77 95 144 116 167 2
48 34 66 129 77 73 168 64 172 36 242 39 12 138 2 16 104 141 238 129 4 243 193 192 148 32 131 33 65 12 111 194
33 32 6 137 14 27 225 88 30 160 246 70 214 130 130 228 120 140 110 136 9 241 117 208 148 32 131 48 59 136 120 164
196 140 133 94 216 34 39 172 179 179 74 16 96 227 136 87 17 102 96 42 115 64 43 127 40 38 69 68 194 243 130 32
52 132 9 187 222 195 163 200 22 17 80 82 241 217 56 64 89 26 19 185 51 50 91 191 237 134 191 108 181 10 176 160
105 48 112 64 109 29 121 16 105 168 180 8 138 25 212 182 142 212 222 8 136 98 224 192 23 217 1 178 67 136 66 165
48 132 19 187 94 195 163 236 22 1 88 82 117 243 40 64 89 122 19 169 43 186 91 191 253 134 191 108 53 10 180 168
16 132 19 187 94 195 163 236 22 1 88 210 117 243 40 64 89 122 3 161 42 186 75 191 253 134 191 108 53 10 181 168
52 160 1 187 222 131 163 200 22 49 208 82 245 209 120 64 89 154 50 153 59 114 91 183 141 134 143 108 61 8 240 160
