66 4 134 157 13 6 172 104 180 6 194 131 96 234 32 195 120 100 123 166 96 209 31 205 20 34 203 1 20 120 56 4
90 50 80 224 34 8 88 16 45 128 176 169 143 31 0 80 166 149 221 128 0 65 128 192 210 241 43 131 38 128 7 19
3 6 6 157 12 130 172 104 148 2 210 199 104 234 176 199 120 100 43 167 100 209 15 205 20 34 203 128 28 124 56 4
151 78 70 158 62 131 75 112 157 64 211 230 125 194 179 97 126 161 62 239 237 135 13 255 176 226 171 144 60 175 49 101
210 176 150 188 9 201 20 73 171 23 161 57 142 222 104 91 129 241 237 2 106 71 218 209 147 242 91 63 16 32 167 18
3 142 2 158 20 147 170 230 86 0 90 70 96 234 176 196 89 106 19 141 166 152 14 255 32 38 138 128 28 14 56 140
104 48 56 96 33 77 81 16 105 136 52 8 159 23 0 48 132 20 93 8 136 96 176 0 195 217 32 16 66 128 66 35
3 143 2 222 20 147 174 242 86 0 88 70 96 232 180 228 88 106 2 206 167 184 12 255 32 46 130 128 29 138 120 140
130 143 6 158 28 130 174 226 148 6 210 163 96 234 48 193 121 106 139 231 100 153 10 255 32 38 202 131 20 44 56 138
181 206 198 30 132 35 78 248 80 194 218 198 115 224 185 35 89 230 52 238 233 230 15 47 48 46 229 144 125 251 112 8
88 48 120 96 34 76 81 16 41 8 52 40 159 31 0 80 166 149 221 0 0 64 176 0 195 249 32 147 98 128 71 51
81 2 135 141 12 2 168 88 236 192 210 198 209 162 176 98 96 196 126 141 129 209 135 192 148 42 238 128 12 160 113 4
90 50 82 224 34 8 120 80 41 128 178 233 143 31 0 208 166 149 223 128 8 65 129 192 150 249 11 131 38 132 47 1
67 2 134 157 12 2 172 104 244 2 210 199 96 226 176 199 120 100 42 175 161 209 15 205 20 34 203 0 28 120 49 4
3 142 2 155 117 179 170 103 95 9 88 215 168 232 182 196 217 43 130 21 182 188 68 255 44 54 154 194 156 12 249 140
246 176 150 190 73 205 20 201 187 31 161 25 142 222 104 91 129 241 239 2 122 71 218 241 147 210 91 63 16 33 167 18
3 143 2 158 20 131 174 230 86 0 90 198 96 234 176 196 89 106 2 207 166 152 14 255 32 38 138 128 20 14 48 140
3 143 3 158 20 131 170 230 86 1 88 198 96 232 180 196 89 106 2 141 167 184 12 255 32 46 138 136 29 14 112 140
104 48 56 96 33 77 81 16 105 168 52 8 159 23 0 48 132 148 93 8 136 96 240 0 195 217 33 48 66 128 66 35
1 143 66 158 20 131 174 242 86 0 88 70 112 232 180 100 89 106 2 207 135 186 14 255 32 46 162 136 29 138 112 140
130 142 6 159 28 131 174 224 148 2 210 231 96 234 176 197 121 98 42 231 100 253 15 255 32 34 203 128 28 44 56 4
181 78 198 30 156 34 78 248 82 226 242 206 115 224 185 107 89 230 48 174 233 243 15 47 48 46 229 16 237 249 112 8
254 48 146 250 41 205 20 200 187 190 161 25 206 223 105 91 129 241 237 2 122 71 218 209 147 211 91 63 82 37 7 18
3 143 3 158 20 131 174 230 22 0 90 198 96 234 176 196 121 106 19 197 166 152 14 255 32 38 138 128 20 14 48 140
3 143 3 158 20 131 170 230 86 0 90 198 96 234 180 196 121 106 2 141 167 184 12 255 32 38 138 128 29 14 112 140
104 48 56 96 32 77 81 16 105 136 52 8 159 23 0 48 132 148 93 8 136 96 240 0 195 217 32 16 66 128 70 51
3 143 3 158 20 131 174 226 86 1 88 198 96 232 180 228 89 106 2 207 231 186 12 255 32 46 138 128 29 14 112 140
3 143 3 158 20 131 174 230 214 0 88 198 96 232 52 196 121 106 18 207 163 186 28 255 40 38 138 0 29 140 112 172
131 143 7 158 20 131 174 230 214 0 74 198 96 224 52 197 121 106 2 207 231 152 12 255 40 38 138 0 29 12 120 140
104 48 56 96 32 76 81 16 105 136 52 40 159 23 0 48 134 20 93 8 137 96 176 0 195 249 32 144 64 128 70 51
3 143 3 158 20 131 170 226 214 1 88 198 96 232 52 196 121 106 2 205 167 186 28 255 32 46 138 8 29 12 112 140
131 141 7 159 29 134 174 226 212 2 202 2 96 226 52 229 121 106 10 239 97 153 30 255 33 38 202 0 29 40 112 140
131 12 7 159 29 135 175 96 212 2 194 2 112 226 52 101 120 98 58 175 97 249 27 255 49 42 203 0 21 40 112 164
