80 32 86 129 10 10 104 0 47 32 162 0 207 2 0 80 98 133 110 128 0 209 197 208 148 176 11 16 0 0 35 0
96 32 81 137 76 9 224 72 111 32 176 74 198 136 4 16 106 132 110 1 8 99 195 208 148 184 3 56 65 8 82 128
80 0 6 141 12 2 160 72 110 0 194 2 196 130 32 66 104 204 106 129 12 211 195 208 149 160 138 19 17 8 49 130
32 32 4 137 76 11 160 72 14 160 240 74 146 128 64 2 104 204 106 136 8 115 207 144 20 0 139 56 85 8 83 128
82 32 2 128 77 13 104 64 47 32 242 10 140 130 0 208 234 141 110 128 12 99 211 208 149 176 139 57 33 8 107 132
96 32 65 129 76 9 224 64 109 32 242 202 203 8 16 80 106 140 106 141 0 242 197 192 20 48 131 40 69 8 115 128
80 32 2 137 13 9 224 72 239 32 210 10 198 146 32 86 104 196 110 129 8 227 211 192 149 176 139 27 16 8 53 134
32 32 69 137 78 11 160 72 22 160 242 202 193 136 64 64 120 140 106 136 0 242 199 208 20 128 139 40 53 8 113 128
48 32 6 137 75 11 160 72 174 160 242 11 76 130 96 82 104 205 106 128 0 243 139 208 156 2 139 3 65 8 39 130
96 34 67 129 76 9 224 72 46 160 242 202 195 129 64 82 104 204 110 136 8 242 199 64 20 160 35 40 97 8 67 160
88 32 156 165 32 10 120 48 36 160 198 1 223 35 2 82 162 197 108 44 8 208 193 12 198 227 99 17 32 160 9 3
104 48 152 100 40 12 81 16 97 168 182 8 223 51 66 82 132 212 108 8 8 96 209 0 195 249 97 16 66 160 74 35
80 34 134 140 78 3 160 72 54 160 210 162 193 194 160 64 122 204 106 129 12 243 199 216 148 34 171 9 37 40 49 132
32 32 5 137 78 11 160 72 86 160 210 74 209 193 64 64 121 140 106 136 8 242 207 144 28 128 131 40 49 8 112 128
80 0 142 173 14 10 112 0 52 160 194 3 215 42 2 66 240 205 110 129 12 209 193 12 212 227 235 1 32 40 41 2
105 48 16 96 41 29 80 16 107 168 180 108 159 27 64 144 135 149 76 8 136 98 216 144 203 217 37 50 106 136 74 3
97 32 65 161 76 9 224 64 44 32 242 202 211 0 0 80 104 140 106 140 1 242 197 192 148 160 3 40 97 8 99 128
69 50 209 1 224 62 106 24 104 234 51 236 223 34 223 190 23 69 124 62 149 212 221 66 14 28 101 196 206 231 75 21
16 32 18 137 9 8 168 64 238 32 226 2 142 130 0 208 104 133 110 128 12 211 129 208 149 160 139 51 1 0 43 130
32 32 69 169 78 11 160 72 22 160 242 202 211 129 64 192 120 140 106 136 9 242 199 208 20 128 131 40 61 8 112 128
16 32 6 141 13 2 160 72 174 32 194 2 196 130 32 70 104 196 106 128 8 211 131 208 149 32 138 19 0 8 49 130
96 32 72 77 76 9 160 72 38 160 242 202 211 128 192 82 104 204 106 136 1 242 199 80 20 160 3 40 105 8 99 128
252 81 125 118 10 88 85 188 161 246 166 169 123 127 75 59 2 212 253 226 104 67 234 40 243 233 101 157 99 177 70 114
16 32 6 141 9 10 160 72 238 160 226 0 198 130 64 82 104 196 106 128 8 211 137 80 148 32 139 51 64 0 43 130
113 34 6 169 78 11 161 72 86 160 210 74 211 192 192 64 120 140 106 12 8 242 207 144 156 128 135 40 49 8 112 160
16 32 134 141 9 2 32 72 166 160 194 2 196 130 32 194 104 196 106 128 12 211 131 208 148 34 138 19 24 40 41 2
100 4 249 101 100 42 99 16 97 166 119 40 211 33 153 59 26 220 68 106 137 244 233 8 71 171 97 4 231 243 70 160
40 184 56 250 93 221 18 142 195 17 164 8 190 223 100 176 137 59 145 80 2 106 122 177 75 221 21 123 82 8 68 186
96 32 66 129 72 9 160 72 46 32 242 11 0 130 4 80 104 141 106 128 4 243 201 80 20 32 131 49 65 0 99 130
80 32 22 136 9 15 32 72 238 32 226 66 204 194 32 212 104 133 106 136 0 211 131 80 148 32 131 0 0 0 41 4
80 0 6 140 76 2 96 72 108 128 226 11 70 130 96 82 232 204 106 128 12 211 195 192 148 32 139 9 0 8 32 6
32 32 5 141 78 11 160 72 6 176 208 10 198 192 96 66 104 204 106 1 2 115 203 145 149 32 11 60 81 8 49 130
96 0 20 157 79 131 32 72 134 128 192 2 196 210 96 66 72 236 106 128 2 67 203 209 149 32 139 58 16 8 57 130
220 112 147 240 11 236 16 194 235 147 161 28 158 150 73 187 163 209 252 16 15 103 154 192 155 209 87 126 200 81 43 22
54 160 148 155 219 223 176 200 158 181 224 11 236 208 105 140 249 219 234 16 6 99 219 245 157 146 15 127 211 12 45 134
85 6 207 221 198 2 103 56 116 130 242 102 209 99 144 99 112 228 46 170 161 208 47 78 116 174 231 0 173 248 112 32
98 32 192 204 77 73 224 72 15 180 240 139 130 200 84 150 233 221 203 17 10 115 219 208 29 16 7 63 97 44 94 134
70 172 148 19 153 252 182 143 190 151 67 17 236 254 79 207 145 91 235 17 54 88 154 243 15 86 95 111 130 85 141 198
245 111 203 110 182 35 79 248 80 226 250 238 115 97 185 51 31 228 68 238 233 247 173 46 240 239 229 148 109 251 114 33
83 34 223 133 42 10 41 64 236 160 242 194 221 162 208 114 98 197 126 140 1 209 133 64 156 42 111 128 40 160 35 32
70 168 148 146 201 117 182 204 154 183 0 25 204 246 75 142 145 95 235 19 118 71 154 242 29 22 95 127 130 117 143 198
245 102 239 117 150 42 103 248 114 242 242 246 83 97 153 43 121 228 100 174 185 240 237 10 124 175 229 132 237 249 208 32
36 160 20 153 219 195 160 200 86 176 224 10 228 208 104 192 121 216 226 16 2 115 91 21 29 130 7 127 177 8 45 130
16 2 159 221 12 2 37 104 244 130 194 66 81 227 160 98 120 100 42 168 33 209 139 13 21 162 231 0 16 120 112 32
96 32 192 133 76 73 224 72 42 164 240 139 130 136 68 18 104 204 66 1 8 115 203 80 29 0 135 57 97 40 86 130
198 165 150 18 145 254 22 175 58 23 11 17 236 242 78 212 145 87 160 18 54 200 154 119 41 54 29 71 130 119 143 70
181 238 205 126 130 35 71 188 208 194 32 252 115 97 153 49 31 226 68 110 233 102 46 47 224 143 101 56 125 243 82 184
81 32 151 133 10 10 40 64 236 160 226 66 220 130 80 114 98 197 106 140 1 209 133 64 156 32 143 0 40 0 35 4
181 110 207 119 140 34 71 184 208 178 98 252 115 225 249 43 89 102 96 62 233 243 143 42 104 47 101 4 237 249 240 32
36 160 20 153 203 195 160 200 22 176 224 10 196 210 104 192 121 152 226 16 2 83 91 17 29 130 143 125 177 8 37 130
20 172 146 30 155 159 22 236 118 23 65 16 102 226 40 212 145 74 160 50 54 88 27 63 169 166 21 79 208 98 173 6
165 206 158 94 152 131 7 184 214 130 98 104 115 225 169 113 17 102 32 42 105 246 11 63 96 166 101 0 120 248 64 8
80 0 151 157 12 2 164 104 246 130 194 66 80 224 32 102 120 228 42 168 33 241 131 76 21 34 231 0 17 104 112 32
32 32 192 133 78 9 224 72 14 180 240 139 130 192 64 2 105 204 66 17 8 115 207 80 29 0 7 61 65 40 86 130
81 32 135 133 10 10 104 64 236 160 194 66 212 162 80 114 96 197 106 140 1 209 133 64 156 34 207 0 40 32 35 4
22 228 128 151 155 103 22 200 22 179 64 17 68 242 107 140 145 79 168 50 54 81 155 58 169 6 93 47 144 117 173 6
101 110 143 23 140 34 135 184 210 178 66 86 112 224 249 43 89 102 96 62 233 243 175 42 104 38 229 4 197 121 240 32
114 42 82 8 45 137 208 66 233 4 176 9 46 136 4 16 170 161 204 65 28 43 66 221 144 56 0 59 81 9 75 7
20 140 146 30 147 158 23 172 118 23 73 16 102 226 40 212 145 74 160 34 114 200 27 63 169 166 21 79 210 114 165 14
165 204 94 126 152 131 6 186 214 18 96 248 115 240 168 49 17 98 32 42 105 254 11 63 104 166 101 16 120 240 194 8
52 160 20 153 219 131 161 200 22 176 192 10 228 210 104 64 121 88 234 16 2 83 91 23 157 134 143 125 176 8 5 130
65 0 134 29 12 2 165 104 246 130 194 66 80 224 160 102 120 100 106 168 33 241 139 13 21 34 199 0 25 120 112 32
32 34 192 5 76 9 224 72 42 164 224 139 130 128 84 18 40 204 66 5 8 115 207 80 28 0 7 57 65 40 82 130
83 32 135 133 10 10 104 64 172 160 226 64 204 130 80 86 32 197 106 140 1 209 133 64 156 32 143 0 40 0 35 4
20 164 128 151 155 99 6 200 22 179 64 19 68 240 73 138 17 78 160 178 54 210 139 58 169 6 77 47 160 117 189 130
100 46 143 23 204 34 166 168 210 154 66 66 112 224 241 107 89 102 104 190 249 193 175 42 40 38 229 4 129 121 112 32
20 140 150 30 155 194 22 172 118 19 65 16 102 242 42 80 145 74 160 34 54 200 11 63 169 166 21 79 144 98 169 14
165 206 23 30 152 131 7 184 214 2 96 76 115 225 168 81 17 110 32 42 104 254 11 63 40 166 101 16 112 248 66 168
52 160 4 153 203 195 160 200 22 176 192 11 196 192 96 192 121 152 106 16 2 83 75 17 29 130 143 125 177 8 5 130
65 0 135 157 12 2 164 104 246 130 194 66 80 224 32 102 120 228 42 168 32 209 135 12 21 34 199 0 17 104 112 32
32 32 4 13 73 155 161 72 86 176 228 8 128 192 66 134 89 108 106 0 2 115 203 17 28 0 5 60 80 8 10 128
80 18 134 13 8 3 32 72 246 32 194 68 66 162 32 66 112 196 106 128 8 211 131 0 20 34 99 0 41 32 32 0
32 32 0 137 76 1 160 72 70 32 224 2 128 128 0 196 104 140 74 136 8 35 203 16 20 0 131 56 81 8 58 132
16 0 6 137 10 3 32 64 36 0 194 194 193 130 32 64 104 140 106 136 8 147 197 64 148 32 138 0 49 0 33 0
96 32 0 129 76 9 160 64 206 32 224 10 128 128 64 16 104 140 106 8 0 115 193 16 20 0 3 56 81 8 82 128
88 32 134 37 74 10 32 72 102 160 194 128 195 160 128 210 96 204 106 0 8 209 199 0 148 34 1 0 32 0 34 128
96 32 6 1 73 11 32 72 118 168 224 8 192 192 64 82 121 76 106 0 0 211 203 16 28 0 5 56 64 0 50 128
80 32 18 129 74 9 32 64 100 32 194 2 67 130 0 82 96 204 106 136 0 211 133 64 148 32 2 0 32 0 33 2
16 0 6 137 74 3 32 72 230 128 194 2 64 192 32 64 104 12 106 8 0 195 199 28 20 34 131 16 48 8 48 0
32 160 132 29 72 139 160 200 214 176 64 8 192 224 64 2 25 108 98 16 2 83 202 17 12 2 5 60 80 40 3 128
80 0 134 13 11 2 32 104 246 160 194 0 67 224 96 66 113 228 104 32 8 211 139 8 24 226 65 0 97 32 32 2
32 0 4 137 11 3 32 72 150 0 192 130 192 192 32 192 88 76 106 0 8 195 203 16 20 34 131 17 48 8 50 128
32 32 0 137 76 1 160 72 70 32 240 66 128 128 0 0 104 140 74 137 8 35 195 80 148 32 139 56 81 8 51 128
16 0 6 137 14 2 160 64 36 0 194 130 193 130 32 64 104 132 106 136 8 147 197 192 148 160 138 0 33 8 33 0
96 32 0 137 76 9 160 72 78 32 224 74 128 128 4 0 104 140 74 0 0 115 193 16 20 0 130 56 81 8 82 128
80 48 6 5 74 10 32 72 230 160 194 104 210 128 0 82 96 204 106 0 0 211 199 0 21 32 35 0 96 0 35 2
96 32 6 1 73 11 32 72 114 160 224 8 82 128 64 80 120 76 106 8 0 211 203 16 21 0 1 56 65 0 82 128
80 0 18 137 74 9 32 64 100 32 194 2 207 130 0 80 106 132 106 136 8 211 133 64 148 160 130 0 32 0 33 0
16 0 6 137 79 71 32 72 230 40 194 2 192 128 32 64 104 140 106 128 8 211 87 16 21 34 131 16 48 8 52 2
32 48 132 29 73 143 176 72 214 248 64 41 192 244 64 2 157 124 98 16 2 82 203 17 13 2 5 62 80 40 2 211
89 0 134 13 10 18 32 88 246 224 198 0 83 225 224 98 113 100 104 12 8 211 175 0 90 35 101 0 99 160 32 112
41 0 14 153 74 11 161 72 134 0 192 10 208 192 34 64 104 12 106 8 0 195 223 16 84 35 171 24 49 8 48 160
32 48 4 137 77 71 160 72 70 40 224 2 192 128 66 0 72 12 234 0 8 99 219 16 21 0 131 57 81 8 38 134
96 48 0 1 73 77 160 72 198 164 224 14 128 128 64 0 104 140 234 0 0 115 209 16 21 0 131 57 81 8 6 146
81 32 10 1 74 9 33 80 116 32 198 6 83 130 34 82 112 196 106 136 9 211 165 64 212 33 35 0 32 0 33 32
80 32 6 5 75 74 32 72 100 100 194 132 195 162 2 86 104 204 234 0 4 209 215 0 149 34 2 1 97 0 38 210
33 32 15 1 72 11 161 72 118 224 224 76 146 128 194 80 121 12 106 0 1 243 239 16 20 0 1 56 73 0 114 240
16 0 6 137 79 83 33 72 230 4 198 2 192 128 34 196 104 140 106 136 12 211 71 16 20 32 131 1 48 8 60 4
40 32 132 13 73 91 161 72 86 244 196 8 192 192 66 134 89 76 226 8 6 82 235 17 92 1 5 61 82 40 14 196
80 18 135 12 8 3 33 88 118 236 194 100 66 160 32 66 112 196 106 128 9 211 139 0 24 34 97 2 105 32 96 80
32 18 7 137 10 3 160 72 134 4 194 102 192 192 32 64 72 12 106 0 5 195 195 16 20 34 170 24 57 8 48 144
32 32 0 137 73 1 160 72 70 36 224 2 128 128 64 196 72 12 202 8 8 99 203 16 20 0 131 57 81 8 42 128
16 2 6 13 10 67 32 64 164 32 194 198 193 130 32 66 104 196 106 128 9 211 197 0 148 32 163 0 40 0 32 0
80 32 22 141 77 9 160 72 111 32 210 10 198 130 0 86 232 204 106 128 8 243 211 208 149 48 139 27 16 8 57 6
48 32 7 137 76 11 160 72 54 160 242 202 195 128 96 0 120 140 106 136 8 243 199 208 148 0 131 56 113 8 113 128
16 32 70 137 79 11 160 64 44 32 242 163 204 130 32 192 106 141 106 128 4 243 199 192 20 34 139 9 97 8 103 130
0 34 67 129 76 9 224 64 46 32 242 202 135 137 0 0 104 140 110 8 0 243 197 208 148 32 3 32 97 8 67 160
88 2 28 165 32 10 120 16 44 40 134 65 223 3 0 82 38 69 108 8 12 192 193 12 198 227 98 145 42 128 9 3
96 34 6 152 108 131 96 72 167 32 240 171 195 194 160 82 72 236 106 129 12 99 198 208 148 48 139 59 16 8 116 132
48 32 7 137 76 11 160 72 38 160 242 74 211 128 96 0 104 140 106 136 8 243 207 208 148 0 131 32 113 8 113 128
88 0 30 165 4 10 96 16 52 160 194 193 223 34 0 192 114 197 236 129 12 208 69 12 196 227 107 1 40 0 9 2
104 50 152 100 37 29 81 16 105 168 182 72 159 17 192 22 132 212 108 8 136 98 240 0 195 249 37 50 74 160 74 35
33 32 67 129 76 9 224 64 44 32 242 74 131 136 0 0 104 140 110 12 8 243 197 192 20 160 3 32 97 8 83 128
69 32 193 1 224 62 106 24 105 234 59 220 223 34 223 190 55 77 116 127 149 244 221 72 12 28 101 228 206 231 75 21
80 32 18 137 11 8 40 64 110 32 226 2 140 130 0 80 104 141 106 128 4 195 193 208 148 160 139 17 1 0 43 130
121 48 80 96 35 13 88 16 107 168 182 41 143 27 192 146 134 213 204 0 12 64 192 128 218 249 37 50 98 132 74 3
32 32 7 137 76 11 160 72 54 160 242 202 195 129 96 64 120 140 106 140 8 243 199 208 20 128 131 40 121 8 112 128
80 32 6 141 15 2 160 72 174 32 194 2 196 130 32 70 104 204 106 128 0 211 195 208 148 32 138 19 16 8 49 130
17 32 66 129 76 9 224 64 108 32 242 138 147 128 0 0 104 140 110 8 8 243 213 192 148 160 3 32 105 8 67 128
253 64 117 69 4 90 111 48 101 194 242 66 211 17 149 247 122 212 44 234 233 180 101 12 38 234 226 0 103 187 112 36
254 98 228 116 41 72 93 8 163 190 165 189 11 207 71 27 141 213 237 7 108 71 202 128 211 243 85 191 99 117 70 67
64 32 18 137 72 8 40 64 110 32 226 2 140 130 0 80 104 141 106 128 0 211 193 208 148 32 139 17 1 0 43 130
49 34 7 137 76 11 224 72 118 160 210 74 195 128 96 0 120 140 106 12 8 243 199 208 148 0 131 32 113 8 112 160
64 32 6 141 79 2 32 72 110 0 194 2 196 130 32 66 104 204 106 128 4 211 195 208 148 32 138 17 16 8 57 130
6 162 145 218 203 233 145 75 143 61 161 57 140 215 104 30 143 19 203 16 18 75 234 209 157 144 27 127 144 72 135 227
96 32 0 137 79 9 160 72 14 32 240 10 134 130 32 64 104 140 106 129 8 115 195 208 148 32 139 59 16 8 57 130
80 32 2 136 72 0 32 72 230 0 226 2 200 194 32 80 104 133 106 128 12 195 211 208 148 32 139 8 0 0 41 0
36 34 248 101 228 42 99 16 96 174 127 56 211 35 217 58 26 220 68 58 24 244 233 8 70 173 97 4 226 235 70 161
168 184 56 123 221 221 209 150 202 25 36 24 190 91 64 32 129 59 147 80 98 108 122 183 79 217 21 123 90 8 205 171
96 32 6 141 76 10 32 72 108 128 226 11 68 130 32 82 232 204 106 128 4 211 195 192 20 32 139 9 0 0 106 130
32 32 6 141 72 11 160 72 46 160 224 3 192 130 64 82 104 204 106 129 0 243 203 80 20 32 139 40 65 0 99 130
85 84 123 237 182 38 95 54 20 138 254 96 83 55 161 112 54 244 61 42 169 144 49 14 227 175 36 144 48 243 96 35
212 48 146 178 11 237 16 194 171 147 161 24 158 146 73 190 163 145 232 16 3 71 154 112 153 208 91 127 200 81 47 22
56 160 4 169 29 91 128 200 22 180 130 3 207 80 66 192 217 149 238 17 14 225 91 156 157 195 143 55 112 8 29 130
65 2 143 221 12 14 105 56 246 160 210 198 209 227 176 98 120 228 106 140 137 211 231 200 213 170 235 0 25 168 112 32
150 180 148 31 153 255 150 172 190 183 139 17 236 254 110 207 145 87 233 51 118 201 155 255 169 86 79 119 146 119 141 70
181 78 207 126 140 38 79 248 82 226 254 206 115 97 153 49 93 230 100 238 233 247 109 47 240 239 229 20 237 251 114 49
114 32 64 173 77 73 208 72 175 164 176 11 11 136 68 146 232 221 238 1 12 99 219 208 157 208 7 59 65 44 78 134
65 34 223 133 42 10 105 80 108 160 210 192 221 130 144 114 98 197 110 140 1 209 197 64 148 42 171 128 44 160 35 32
70 168 148 158 201 253 180 204 186 183 0 25 236 246 79 142 145 91 235 19 22 67 154 241 13 18 95 127 130 117 143 198
245 38 239 117 150 42 103 248 112 226 242 254 83 97 153 59 121 228 100 174 249 240 173 14 248 239 229 132 237 249 242 32
48 32 22 137 79 79 160 72 22 176 224 10 68 208 96 128 121 156 226 16 10 115 91 145 29 128 15 61 17 8 45 130
80 2 143 205 12 2 33 72 118 128 194 66 208 227 160 66 112 196 42 136 1 211 131 68 84 34 227 0 41 40 113 32
6 172 148 27 153 253 54 172 190 151 66 17 236 246 79 220 145 91 160 18 54 80 155 119 41 22 85 111 146 117 141 70
245 78 207 126 154 34 71 184 82 226 226 236 115 225 185 59 29 230 100 46 233 243 47 47 112 175 101 16 233 241 66 33
48 32 132 141 79 75 160 72 62 164 224 11 2 128 64 130 120 204 226 1 8 115 219 80 29 0 15 57 65 40 78 130
81 32 143 5 78 10 97 64 100 160 194 66 212 130 144 114 96 196 106 136 1 211 135 64 156 34 143 0 40 32 99 32
6 160 148 23 155 85 54 200 146 183 0 9 228 246 75 142 145 95 233 18 118 65 155 51 41 6 79 111 128 116 15 134
117 38 207 119 156 2 71 248 82 242 226 118 83 225 145 43 89 100 96 62 185 243 175 42 104 175 101 4 237 248 240 32
48 160 22 153 75 195 160 200 22 176 192 10 196 210 96 128 89 28 226 16 2 83 91 17 157 130 15 125 48 8 45 130
70 172 20 26 145 223 22 172 62 23 75 17 238 240 10 212 145 127 160 50 54 200 27 63 41 54 85 71 210 119 143 6
181 206 207 126 154 3 71 184 82 194 104 236 115 225 169 49 17 102 36 110 233 196 14 63 104 175 101 56 120 242 66 40
80 2 143 77 12 2 33 104 246 128 226 66 208 224 160 66 120 100 106 168 9 243 131 8 84 34 227 0 41 40 112 32
96 32 192 141 79 73 160 72 46 164 224 11 130 128 64 2 104 204 66 1 8 115 219 16 28 0 15 57 65 40 86 130
81 32 135 133 10 10 97 64 236 160 194 66 208 130 80 114 104 196 106 137 1 211 133 64 156 34 143 0 40 32 35 4
22 172 148 19 153 247 22 200 22 183 64 17 68 242 107 204 145 95 160 48 54 80 155 59 169 6 77 111 146 117 141 198
37 14 207 127 140 34 71 184 210 226 66 102 115 225 185 43 81 102 96 62 185 241 175 46 104 47 101 4 237 249 112 32
114 32 18 8 9 137 208 66 169 4 176 9 46 136 5 144 170 161 204 65 14 43 146 93 145 48 0 59 65 12 75 14
4 172 150 30 153 159 22 168 54 23 64 16 102 224 40 212 145 110 160 48 50 80 59 63 41 166 69 111 208 96 133 6
37 142 206 62 152 3 71 184 86 194 98 104 115 224 168 113 17 102 32 42 105 208 11 63 104 167 101 16 120 240 66 0
64 32 2 1 75 9 33 72 102 0 230 2 64 130 34 210 104 204 106 136 0 211 135 80 20 32 2 9 97 8 43 128
96 50 6 1 74 11 160 72 246 32 226 108 2 128 64 80 120 140 106 0 0 243 193 80 20 0 3 32 105 0 99 128
88 0 6 137 72 2 32 72 230 32 194 2 192 130 0 192 104 140 106 128 8 211 199 16 148 35 131 16 48 8 56 0
8 32 132 29 8 11 160 72 214 176 192 8 192 192 64 130 25 108 106 12 2 81 207 17 12 3 5 52 82 40 10 128
80 0 134 28 10 2 0 72 118 168 194 65 67 224 64 82 80 236 106 0 8 211 195 0 24 34 65 10 97 32 96 0
32 0 6 137 10 11 160 72 134 40 194 74 194 128 32 64 104 12 106 0 12 163 203 16 148 34 3 24 48 8 48 128
64 32 18 13 74 15 32 72 102 32 226 66 80 130 32 82 104 204 106 128 0 211 131 0 20 32 34 8 96 0 35 128
32 32 6 1 75 11 160 72 230 160 226 8 130 128 96 80 104 140 106 8 0 243 129 16 85 0 3 1 97 0 107 130
80 16 6 137 74 7 32 72 230 40 194 66 208 146 32 64 104 140 106 128 8 211 199 20 149 34 163 16 56 8 48 50
0 48 132 29 8 15 160 72 150 184 192 104 80 208 64 2 157 124 106 0 2 81 203 17 29 2 37 54 80 40 2 131
88 0 134 92 11 18 32 88 118 160 198 0 81 225 64 114 80 236 106 136 8 211 207 0 91 99 65 9 114 164 32 0
40 0 6 137 11 11 160 72 134 32 198 10 210 128 32 64 104 12 106 8 8 227 207 16 213 35 163 25 16 8 48 160
32 32 6 137 79 11 162 72 38 160 250 74 194 128 96 68 120 140 106 12 0 243 207 210 20 6 131 48 97 10 16 128
38 162 145 208 203 233 145 75 143 61 161 57 140 158 108 26 143 19 203 16 18 75 234 209 157 144 27 127 144 72 135 227
80 32 3 137 76 1 96 64 172 0 242 10 196 130 0 80 104 133 110 128 12 131 195 192 148 160 138 24 1 8 33 6
96 0 6 141 78 2 32 72 230 0 194 2 196 194 32 82 104 204 106 128 4 211 203 208 148 32 139 9 16 8 35 134
80 32 6 137 76 11 160 72 174 32 242 2 196 130 0 80 104 141 106 129 8 243 211 80 148 32 139 40 65 8 99 130
112 32 6 137 78 11 32 72 174 32 194 10 198 130 32 80 104 140 106 0 12 243 195 208 148 32 139 58 16 8 49 4
36 34 248 101 228 42 99 16 97 166 127 136 211 35 217 26 26 204 68 58 24 240 233 8 70 173 97 4 227 235 70 160
168 184 56 123 237 205 209 182 94 59 52 24 190 25 64 33 129 26 18 88 162 108 123 55 79 217 52 120 82 136 201 171
88 32 4 173 29 91 80 40 134 180 130 11 207 114 66 194 201 213 236 1 44 193 91 157 153 195 79 55 48 44 13 2
97 2 143 221 12 4 65 56 230 152 226 76 211 224 176 98 72 228 110 140 137 99 235 89 213 186 227 28 24 168 114 32
56 32 204 173 13 91 176 72 46 164 240 11 143 136 70 130 232 221 238 1 12 115 219 144 149 193 11 49 97 8 79 130
65 34 15 133 12 14 105 80 108 160 226 68 221 131 144 114 106 196 110 140 129 209 229 64 212 42 171 0 9 160 99 32
32 32 20 152 75 79 176 72 22 180 224 10 196 210 96 132 249 24 234 16 2 115 219 17 29 130 7 63 16 8 45 130
53 14 207 126 154 2 71 248 80 194 224 236 115 225 185 49 29 230 100 46 233 243 47 47 240 239 101 144 105 240 82 49
17 34 143 93 12 2 97 88 246 160 226 102 81 227 160 98 120 228 106 136 9 241 143 12 84 162 231 0 41 168 96 160
96 32 0 137 79 73 160 72 38 164 240 11 134 128 64 144 104 140 234 1 8 115 211 80 21 0 11 59 65 8 126 130
14 172 148 19 153 247 54 136 190 151 0 17 204 246 79 223 145 91 225 17 54 88 155 119 45 22 95 111 130 117 141 70
53 14 207 126 138 34 71 248 82 226 244 236 115 225 185 59 25 238 100 46 233 243 175 47 248 239 101 144 237 249 82 49
17 32 15 133 14 10 105 64 236 160 194 66 213 130 144 114 104 196 106 136 1 209 133 64 148 32 171 0 41 0 99 32
78 176 150 150 201 215 52 200 154 182 0 9 196 246 75 142 145 127 233 18 38 67 155 113 13 18 79 127 130 116 15 198
117 182 207 117 142 2 71 248 86 243 198 230 83 225 209 43 89 236 96 46 169 242 239 10 120 175 101 4 237 248 112 48
6 172 148 27 153 223 22 168 62 183 64 17 238 246 111 212 145 91 160 16 54 88 155 63 43 22 85 111 210 36 141 6
113 142 207 126 26 2 71 184 210 242 98 236 115 225 185 49 21 230 32 46 233 242 15 63 96 239 101 20 121 240 66 33
70 160 148 23 139 87 20 200 22 182 64 9 68 246 75 142 145 94 233 19 6 83 155 48 25 2 77 127 128 116 15 134
53 166 143 85 156 2 37 248 214 178 194 228 83 225 209 107 81 100 104 60 185 241 175 8 104 43 229 68 237 248 112 32
94 164 148 52 139 87 20 168 175 182 130 9 207 126 75 223 129 213 237 35 124 67 219 157 185 243 79 119 146 116 13 6
101 162 141 127 172 15 77 184 214 251 176 220 243 225 216 122 93 70 108 14 171 96 203 49 76 187 245 188 216 248 210 41
186 60 16 190 105 253 84 79 191 78 160 25 47 254 38 157 140 179 205 1 62 75 90 185 147 209 73 59 50 116 142 87
