48 32 7 29 89 143 32 72 150 160 194 66 82 192 32 64 121 108 106 8 10 243 75 29 21 130 3 0 112 8 32 128
96 32 65 161 76 9 224 72 46 160 242 74 198 129 64 210 104 204 106 128 1 242 195 192 148 160 35 40 65 8 99 128
96 32 4 173 76 11 160 72 14 176 208 10 196 195 64 64 104 140 106 129 10 115 203 209 148 160 139 60 21 8 49 130
81 32 23 156 75 132 96 72 230 128 226 66 200 210 96 210 106 229 106 136 12 195 131 208 148 162 139 8 33 0 41 4
96 32 4 133 74 11 160 72 174 160 226 10 198 128 64 80 104 140 106 0 12 243 197 16 148 0 11 49 96 8 27 128
64 34 3 141 72 9 96 72 110 32 226 78 194 130 0 86 104 204 106 136 8 83 199 80 148 32 131 56 8 8 42 0
32 32 198 37 72 11 160 72 174 176 242 3 192 162 64 18 233 204 106 129 4 243 203 80 28 32 143 53 65 32 99 130
81 0 11 136 72 8 33 64 102 32 226 10 130 130 32 86 104 204 106 136 9 211 149 80 148 32 10 8 33 0 35 0
114 34 68 168 108 73 72 72 239 164 176 40 207 202 196 214 200 205 110 129 14 99 195 209 156 144 135 59 64 136 111 4
96 34 72 165 78 9 224 72 46 160 242 107 194 128 64 18 104 204 106 128 12 242 195 80 148 160 35 41 105 8 106 130
41 0 10 40 73 5 32 72 164 136 229 1 146 209 35 208 88 8 202 32 4 147 146 8 80 161 0 45 88 10 42 130
32 160 7 9 74 67 32 200 22 180 224 10 68 192 96 80 121 76 106 0 2 211 219 17 29 2 5 44 112 8 38 130
32 0 7 173 76 3 224 72 22 160 210 2 193 194 32 64 120 204 106 128 8 243 207 144 148 162 139 1 53 8 48 128
16 32 22 141 74 2 32 72 118 160 226 2 73 194 32 80 120 205 106 128 0 211 143 80 20 162 131 0 33 0 33 130
32 34 14 169 76 11 160 72 22 164 242 11 194 193 64 64 120 140 106 0 8 242 203 144 156 128 135 41 49 8 116 128
80 32 135 13 8 11 33 72 246 160 194 0 82 160 32 66 112 76 106 40 1 209 203 28 20 34 71 0 32 0 33 160
98 160 196 173 44 75 64 136 47 180 162 137 199 34 64 214 203 197 236 0 14 99 203 145 156 240 139 63 16 40 95 4
88 34 148 165 45 11 72 0 47 164 178 137 207 9 80 146 202 197 108 5 12 227 193 128 156 209 7 51 98 172 75 4
36 160 148 184 207 207 176 200 86 180 224 11 196 208 104 132 249 88 226 16 2 114 219 149 29 130 7 127 208 8 45 130
81 2 143 221 12 2 101 120 244 130 226 70 81 227 160 66 112 228 106 168 41 209 139 73 84 170 231 0 41 248 96 32
96 32 192 140 77 73 224 72 47 164 240 139 130 136 84 130 104 220 194 1 0 114 219 208 29 16 7 57 65 40 94 130
32 32 2 129 76 73 160 64 62 36 224 10 128 128 96 0 120 140 106 0 0 243 213 80 148 0 131 49 81 8 86 130
4 138 23 145 200 40 160 194 100 24 226 66 128 2 96 203 104 128 10 152 3 51 131 192 148 128 114 104 24 1 33 128
83 32 223 133 10 10 105 64 236 160 242 66 223 130 64 114 98 197 110 136 1 209 133 192 156 162 175 0 32 0 35 36
32 32 6 1 73 11 32 72 102 160 194 8 192 192 64 82 105 76 106 0 0 211 207 16 29 2 135 16 65 0 114 128
96 32 6 5 72 9 33 72 54 160 194 10 192 194 64 144 120 204 106 0 1 211 203 16 28 2 7 40 8 8 26 160
20 160 148 184 203 207 160 200 86 180 224 10 198 210 72 132 121 88 226 16 2 82 219 21 157 130 5 127 208 8 13 130
64 2 143 93 8 10 101 120 244 130 226 64 80 225 160 66 112 100 106 168 41 241 139 9 92 162 231 0 9 120 96 32
96 32 192 172 77 73 224 72 46 164 240 139 130 128 68 2 104 204 66 1 0 114 219 80 29 0 7 57 65 40 70 130
80 34 134 5 72 10 32 72 118 160 194 8 66 128 96 82 120 204 106 8 0 243 141 16 20 32 7 1 0 0 115 128
97 32 130 13 72 11 33 72 102 176 194 8 194 128 64 82 104 204 106 128 9 83 207 0 20 32 7 60 0 8 34 132
81 32 159 133 10 10 40 64 236 160 226 66 222 130 80 114 98 197 110 136 9 209 133 64 156 34 143 0 40 0 35 36
112 32 4 5 74 75 32 72 166 164 194 14 195 128 64 82 104 204 106 0 4 211 215 16 156 2 71 49 96 8 23 128
80 0 135 29 72 2 32 72 246 128 194 68 66 224 32 66 113 100 106 0 8 211 207 16 28 162 101 8 72 32 112 0
36 160 20 184 207 11 160 200 86 176 224 10 196 208 96 128 121 152 98 16 2 114 91 145 29 130 135 125 17 8 45 130
64 0 159 93 8 2 101 104 244 130 226 64 80 224 160 98 112 100 106 40 41 243 139 9 92 162 231 0 9 112 96 32
96 32 192 172 76 73 160 72 46 160 240 139 130 128 68 18 104 204 66 1 0 114 219 80 29 0 7 57 65 40 71 130
112 160 198 157 77 203 224 200 174 180 162 139 198 194 64 210 107 196 110 128 10 99 207 81 156 50 7 63 65 8 79 134
81 32 151 133 10 10 96 64 236 160 226 66 222 130 80 114 98 197 106 136 1 209 133 64 156 34 143 0 32 0 35 4
33 160 148 13 11 27 32 200 22 180 196 8 192 224 192 128 89 108 106 16 14 211 203 17 28 2 5 52 16 40 42 128
64 33 14 8 73 135 32 72 166 140 194 9 128 144 66 0 128 4 106 80 2 131 83 17 21 0 8 91 64 0 40 10
32 35 7 41 72 11 33 65 132 61 225 96 146 128 96 74 72 12 74 16 10 151 67 0 84 32 50 40 80 8 39 160
56 176 134 29 25 139 34 200 22 160 194 0 114 224 32 192 81 108 106 0 11 211 91 31 25 135 5 32 112 40 32 176
65 32 158 29 88 131 33 72 246 152 198 0 82 224 32 114 81 108 106 40 32 211 139 28 9 34 101 8 80 32 32 160
96 160 132 13 74 75 32 200 134 180 192 8 196 224 66 82 105 204 106 0 10 83 207 21 156 2 5 61 48 40 6 130
65 32 135 13 8 11 32 72 246 160 194 4 194 224 64 66 121 68 106 8 9 81 219 16 28 34 199 16 72 32 48 0
1 24 7 1 72 96 33 64 100 17 66 100 146 130 224 79 104 8 42 24 11 155 163 0 148 160 114 68 0 0 32 176
64 32 6 5 72 11 32 72 164 160 194 10 194 160 0 210 104 204 106 136 0 211 135 64 148 34 3 0 64 32 43 128
64 0 2 136 13 36 160 64 228 1 131 2 128 130 96 206 96 4 106 152 18 3 145 192 149 32 154 89 16 11 57 4
83 32 2 128 19 0 40 65 40 1 161 24 6 2 76 208 160 137 78 132 30 3 132 69 144 0 10 122 1 2 171 132
80 0 142 29 72 2 33 72 246 128 194 0 208 226 32 64 120 100 106 128 8 211 199 16 85 34 195 8 64 32 32 32
20 176 148 185 219 143 32 200 86 176 224 10 198 210 104 132 121 88 226 16 2 82 219 21 157 130 5 127 216 8 1 130
160 35 10 9 72 41 161 64 132 36 225 92 4 130 96 90 232 140 74 64 16 147 128 0 20 0 66 40 72 9 34 128
24 32 6 1 1 27 97 64 100 52 103 6 3 129 32 79 104 12 10 24 8 177 17 0 213 129 66 5 107 8 120 128
64 2 158 93 8 2 101 104 244 130 226 64 80 225 160 66 112 100 106 40 41 241 171 9 20 162 231 0 88 120 96 32
32 32 4 13 9 79 160 72 86 176 192 10 210 128 64 0 89 76 106 0 8 243 219 16 29 2 3 52 80 8 36 130
96 34 6 9 74 11 160 72 54 160 226 72 195 192 64 16 121 204 106 0 8 83 199 16 20 2 135 56 105 0 34 128
96 32 192 172 76 73 160 72 46 160 240 139 130 128 68 2 104 220 66 1 0 114 219 80 29 0 7 57 65 40 70 130
81 32 158 133 10 10 33 64 236 160 226 66 222 130 80 114 98 197 106 140 1 209 133 64 156 34 143 0 32 0 43 4
24 0 7 41 8 195 32 91 134 57 194 96 83 145 160 72 72 12 106 24 27 153 3 20 84 161 48 64 112 8 32 160
97 128 142 28 8 3 161 200 246 168 198 0 82 225 32 98 81 100 106 8 0 211 143 21 89 35 101 9 66 96 96 32
48 0 4 161 78 11 161 67 4 160 194 202 147 0 64 74 72 140 74 144 73 178 69 144 148 128 184 48 57 8 16 160
56 32 2 9 9 115 65 72 116 4 103 0 66 128 33 221 80 12 42 56 8 147 227 16 145 224 64 5 114 12 100 36
96 32 192 172 78 9 160 72 46 164 240 139 130 128 68 18 104 204 66 1 0 114 219 80 29 0 7 57 65 40 70 130
81 32 150 133 10 10 96 64 236 160 226 66 222 130 84 114 96 197 106 136 1 209 133 64 156 34 143 0 32 0 35 4
64 0 151 93 8 2 36 104 244 130 226 64 80 225 160 66 112 100 106 40 40 241 139 13 21 162 231 0 16 120 96 32
144 136 13 153 76 232 97 2 228 17 66 82 145 131 96 75 104 136 42 152 3 28 71 81 84 161 242 64 56 9 97 168
48 0 22 129 71 43 33 64 100 52 194 2 3 128 32 78 104 12 10 32 0 179 17 0 212 160 2 1 49 9 117 128
32 34 74 1 68 41 224 99 232 0 115 219 131 0 16 18 104 164 66 1 8 186 68 4 20 32 18 0 69 8 82 128
96 34 19 8 72 40 96 66 96 16 224 74 0 2 32 91 104 128 66 168 13 51 128 65 20 0 210 8 73 1 98 132
32 96 10 41 73 0 160 69 36 0 225 2 129 131 0 128 104 136 74 168 8 179 65 0 21 160 138 9 65 8 106 130
176 65 2 168 79 137 32 64 164 32 225 18 7 129 32 210 104 140 74 96 64 151 144 16 21 160 2 41 49 8 243 128
16 34 134 169 8 139 160 65 6 49 195 71 147 1 32 75 104 8 106 24 11 185 67 16 132 128 178 80 248 8 48 128
20 160 20 153 219 195 32 200 86 176 224 10 230 210 104 192 89 88 226 16 2 210 75 21 157 130 5 125 176 8 36 130
48 34 6 25 75 131 32 72 246 128 226 76 64 194 96 192 120 108 106 0 8 211 207 16 28 130 39 9 105 0 50 128
64 2 31 136 74 1 0 72 4 17 194 74 146 131 97 75 72 16 42 48 16 35 67 16 148 0 34 76 24 8 32 0
60 160 134 31 152 135 2 200 22 168 66 0 98 224 40 208 81 110 106 32 42 211 75 63 41 135 5 40 16 40 32 128
0 33 2 9 9 201 160 64 100 0 232 0 130 2 0 64 104 128 74 200 78 51 81 64 149 0 138 81 64 11 34 130
72 164 134 31 24 195 32 232 246 152 66 0 114 225 32 83 17 124 106 32 32 209 139 61 104 35 101 1 82 96 32 128
112 64 2 129 79 137 32 64 172 32 232 10 6 2 32 82 104 136 74 8 2 23 192 65 21 32 2 57 17 10 115 128
80 64 3 136 13 64 32 72 228 0 195 2 128 130 104 206 224 132 42 177 12 19 209 128 145 32 138 77 128 8 60 38
17 32 23 41 2 137 161 65 228 17 98 66 183 128 64 42 40 8 74 152 3 180 7 65 132 128 50 0 105 0 163 128
208 33 0 8 73 72 160 72 36 36 160 2 134 2 8 128 248 128 74 241 8 35 65 64 149 0 138 29 64 10 35 130
64 64 11 129 76 137 96 68 172 32 194 74 166 1 97 72 96 160 10 28 3 53 5 0 148 0 130 32 56 8 16 8
128 1 80 129 70 8 160 72 40 48 32 2 140 2 104 82 98 0 74 24 2 17 133 192 20 0 10 36 17 8 89 128
32 34 7 9 74 11 161 72 102 160 194 204 192 192 64 82 105 204 106 0 1 211 207 16 28 2 135 48 97 0 50 132
17 32 6 1 1 6 96 64 244 17 98 2 1 131 96 204 120 140 42 188 8 179 17 64 17 128 130 68 105 0 104 128
1 34 158 41 2 137 161 65 228 17 227 82 147 0 0 10 106 136 74 136 26 165 69 65 212 128 50 0 105 0 163 128
32 96 2 128 89 6 32 76 160 0 232 9 0 130 40 16 248 141 66 244 4 147 144 68 21 0 130 109 73 3 42 130
60 0 7 169 77 67 96 72 196 128 192 2 0 144 33 203 200 44 42 48 8 131 146 128 145 160 130 9 16 40 112 130
32 34 8 161 68 137 97 65 4 53 65 130 147 129 96 73 104 8 34 24 8 242 69 0 196 129 240 32 112 8 16 168
64 0 79 145 78 169 97 4 236 17 66 90 151 129 112 75 104 160 42 28 19 56 71 16 148 32 114 64 48 136 81 40
48 33 10 41 66 0 160 66 96 0 224 79 16 130 96 10 104 136 66 160 66 187 128 65 20 160 50 12 105 8 99 128
80 32 134 13 8 75 32 72 38 164 194 138 194 224 66 82 104 196 106 0 12 211 207 64 148 34 3 25 0 40 55 132
20 160 148 153 219 139 32 200 86 180 224 10 198 211 104 64 121 88 226 16 2 82 203 21 157 130 5 125 240 8 4 130
64 0 158 93 8 2 36 104 244 130 226 64 82 240 160 98 112 100 106 40 41 243 155 9 20 162 103 0 88 120 96 32
32 32 200 164 76 9 160 72 46 160 240 139 130 128 68 2 104 220 66 1 0 114 219 80 29 128 7 57 65 40 70 130
64 32 6 29 89 131 32 72 246 128 194 0 80 226 32 64 88 124 106 128 0 211 195 28 85 34 3 8 16 8 32 160
16 66 79 177 22 139 96 20 172 49 66 66 215 1 49 73 40 40 42 28 11 184 69 20 196 129 50 64 184 136 81 8
80 36 2 160 83 129 96 66 32 0 234 9 6 130 32 145 232 137 74 177 14 147 16 68 149 0 138 77 33 1 34 2
145 32 142 49 70 137 224 64 116 17 99 82 51 129 64 9 56 8 34 12 2 244 135 1 212 129 114 0 105 8 123 128
81 32 158 133 10 14 96 64 236 160 226 66 222 130 80 114 96 197 106 136 1 209 133 64 156 34 143 0 32 0 35 4
65 32 142 13 8 11 33 72 246 160 194 0 82 224 64 66 81 68 106 8 8 81 235 16 92 34 199 16 64 32 48 32
96 160 140 13 74 75 32 200 22 176 192 8 196 160 64 82 89 108 106 0 10 83 223 21 29 2 5 60 48 40 6 130
80 64 0 136 29 64 0 0 76 0 131 2 134 146 96 84 200 172 74 17 10 7 193 194 144 36 138 27 16 10 57 6
32 32 6 1 74 139 160 72 102 144 226 0 80 194 64 66 104 108 106 136 0 211 207 16 20 2 7 12 96 0 35 128
44 176 134 29 153 7 2 200 22 176 192 72 80 244 64 144 17 124 234 16 11 210 219 31 29 6 5 52 56 32 2 178
80 0 150 141 13 2 32 72 60 128 194 2 198 178 32 70 120 205 110 129 8 211 211 192 149 162 203 2 8 32 41 2
80 32 134 13 72 11 32 72 38 160 194 74 210 224 64 210 104 196 106 0 0 211 199 0 148 34 3 40 1 8 51 128
114 32 0 173 45 9 64 8 47 180 178 169 207 2 66 150 201 197 236 0 12 99 203 144 156 240 3 55 64 172 94 6
120 32 84 165 45 89 72 0 47 164 178 137 207 10 66 150 202 197 236 5 12 99 193 128 140 209 5 51 70 140 78 4
36 160 22 153 207 207 176 200 150 180 240 11 228 208 98 132 249 88 234 16 6 99 219 153 29 2 7 127 144 8 45 134
81 2 207 221 12 2 97 120 118 128 226 102 81 227 160 66 120 228 106 168 33 209 143 12 84 171 231 0 41 232 112 32
48 32 16 141 79 79 160 72 46 164 176 11 2 136 64 146 232 221 234 1 8 115 219 208 29 0 7 59 65 40 78 130
16 32 138 161 68 9 161 83 36 17 114 66 23 129 64 11 104 8 98 12 2 186 135 0 212 129 114 96 105 8 113 128
32 100 10 168 89 163 32 66 160 4 232 9 4 146 2 144 232 168 202 161 12 131 80 76 149 0 138 75 0 2 46 130
65 34 159 133 14 10 105 80 108 160 242 70 221 130 144 114 98 196 110 136 1 209 135 64 212 34 175 0 40 32 35 32
80 0 142 93 8 10 32 104 118 128 226 64 82 224 160 82 112 100 106 40 9 243 139 12 28 34 231 0 40 104 96 0
36 160 148 153 203 143 32 200 22 180 224 10 198 194 96 4 89 92 226 16 2 83 91 29 29 130 13 125 80 8 37 130
32 32 20 137 79 79 160 72 150 180 224 10 68 208 96 132 249 156 234 16 2 115 91 145 29 128 15 63 17 8 45 130
80 2 143 205 12 2 33 72 118 128 194 66 209 227 160 66 120 196 106 136 1 209 131 196 84 162 227 0 40 40 113 32
48 32 128 141 79 75 160 72 46 164 176 11 6 128 64 146 104 220 234 0 8 115 219 80 157 0 15 57 65 40 15 130
153 32 15 41 10 131 32 80 100 17 194 84 147 1 64 138 104 136 74 136 75 184 69 0 132 129 50 0 105 0 34 128
112 66 3 128 78 9 33 64 228 17 67 90 18 0 224 89 104 136 74 24 3 19 5 0 20 0 34 40 32 10 240 160
65 34 143 5 10 10 97 64 100 160 194 66 208 130 144 114 96 196 106 136 1 209 135 64 156 34 167 0 40 32 99 32
17 34 12 9 10 137 33 80 100 21 226 196 147 1 128 10 104 128 74 152 11 176 69 1 212 0 34 0 105 9 96 32
64 66 11 129 68 137 32 70 36 33 194 78 178 128 96 88 96 136 42 28 3 16 133 0 20 128 162 72 24 8 80 128
32 32 20 137 75 79 160 72 150 180 224 10 70 208 96 128 121 92 234 16 2 83 91 17 29 128 15 63 80 8 45 130
80 2 143 77 72 10 33 72 118 128 226 66 208 224 160 82 112 196 106 136 1 209 131 68 84 34 231 0 40 40 96 32
48 32 64 141 79 73 160 72 46 160 176 11 2 128 64 146 104 220 106 1 8 115 209 80 21 0 3 57 65 8 70 130
25 96 14 33 0 139 97 82 100 25 102 64 19 129 168 74 104 12 106 24 11 177 7 0 212 161 50 0 104 0 32 32
32 19 27 137 72 1 32 73 4 56 193 100 16 131 224 88 64 28 34 16 1 146 195 16 212 161 34 72 24 8 32 176
65 32 31 133 10 8 97 64 108 160 226 74 220 130 80 114 98 197 106 136 1 209 133 64 148 32 139 0 40 0 35 32
65 32 143 133 10 10 97 64 108 160 226 74 212 130 16 114 96 196 106 136 1 209 133 64 148 34 139 0 40 32 35 32
48 32 0 141 79 73 160 72 174 160 176 11 2 128 64 146 104 220 106 0 8 115 219 80 29 0 15 57 65 40 70 130
80 2 143 77 8 2 33 104 118 128 226 66 208 224 128 82 120 68 106 40 9 211 131 12 84 34 231 0 32 32 96 0
32 176 20 153 75 207 32 200 22 176 224 10 68 208 96 128 121 92 226 16 2 83 91 17 29 128 13 125 88 8 13 130
80 66 14 193 70 137 96 84 100 17 194 70 147 1 224 75 104 128 42 28 3 176 71 0 212 128 50 0 57 8 88 0
48 0 7 137 74 11 32 72 102 32 194 199 194 192 32 66 104 196 106 0 9 211 207 16 20 34 227 16 56 8 32 208
120 17 35 9 9 83 0 72 116 108 67 33 2 148 106 252 208 28 160 48 76 147 231 0 131 96 0 15 50 14 52 215
113 16 135 29 74 2 33 72 118 192 194 228 64 224 162 82 81 108 106 0 13 211 239 25 28 34 101 8 104 32 50 80
88 3 2 161 69 105 33 64 100 52 195 2 131 128 98 198 104 140 2 170 12 146 165 0 149 192 146 37 32 11 52 132
0 160 150 29 27 91 32 200 246 244 198 12 64 224 98 6 89 76 234 16 6 209 255 28 28 2 5 55 18 40 4 196
1 80 30 169 72 33 33 86 100 89 198 116 150 147 98 75 72 8 10 24 11 243 67 0 212 129 242 36 24 24 176 185
33 32 11 137 72 11 161 72 102 160 226 78 208 128 0 80 104 140 106 0 1 243 195 16 20 0 3 48 97 8 35 128
9 50 3 9 40 161 33 88 116 88 66 228 147 132 224 253 80 12 42 28 139 147 167 0 0 224 50 76 26 0 32 253
184 66 7 105 8 131 65 84 118 53 198 240 83 128 160 121 80 28 106 24 27 220 103 21 128 225 112 64 112 136 52 32
96 32 6 137 72 75 32 72 36 36 226 10 0 194 2 80 104 140 106 136 0 211 151 64 21 32 130 9 97 0 39 128
24 0 6 9 10 11 32 72 246 160 198 2 82 128 32 64 120 76 106 8 0 211 139 28 84 163 99 0 48 8 48 128
104 0 134 29 72 19 32 88 118 160 198 0 112 225 160 114 81 108 106 8 0 211 235 17 92 35 101 8 82 160 34 0
0 176 134 29 25 15 0 200 86 184 66 0 64 240 32 0 89 124 234 16 42 209 203 28 29 2 5 38 48 40 0 130
96 0 22 137 75 7 32 72 246 152 194 2 192 208 32 80 120 12 106 0 2 211 203 21 21 34 3 44 16 8 48 130
56 32 6 25 72 3 160 72 118 128 226 8 64 192 32 64 120 12 106 0 8 243 207 16 20 129 35 8 65 8 50 128
96 32 6 137 74 11 32 72 118 160 194 138 130 128 0 64 120 204 106 8 8 211 207 16 20 32 131 56 49 8 50 128
24 132 134 61 24 131 32 248 150 176 66 0 67 225 32 81 17 108 104 32 40 209 139 29 8 227 69 20 114 168 48 0
32 128 134 29 40 131 32 232 214 152 66 0 96 224 32 64 209 110 104 48 2 211 139 29 8 34 69 44 16 32 16 128
80 0 6 129 74 11 32 64 230 160 194 10 194 128 32 80 104 140 106 0 4 211 199 80 148 34 3 48 0 8 49 4
70 160 132 23 139 71 20 200 146 179 0 9 228 242 73 14 145 94 232 18 54 83 155 56 9 2 77 127 128 116 11 134
65 64 14 136 72 41 33 68 132 24 194 98 144 2 224 75 104 128 10 24 11 19 67 0 84 32 242 104 24 8 112 168
8 81 2 168 77 7 33 64 196 12 194 14 6 128 33 206 104 8 2 96 8 183 80 8 149 225 2 9 16 27 52 162
117 164 142 85 140 2 39 248 82 242 70 104 83 225 145 43 25 100 104 62 185 243 143 10 104 47 101 4 237 248 112 32
33 34 3 9 72 37 161 66 100 16 226 68 20 130 96 218 104 8 66 136 1 27 208 0 20 32 114 40 72 9 35 160
56 97 2 41 73 79 32 64 36 56 226 0 2 144 32 201 104 8 74 98 12 179 81 0 149 129 2 9 80 24 42 130
16 32 6 9 74 11 160 72 118 160 194 136 194 128 64 82 121 196 106 4 8 211 207 16 156 2 135 48 96 8 50 128
0 32 6 169 72 171 33 81 4 53 195 100 150 128 96 75 104 8 42 24 9 179 67 16 148 128 34 40 88 8 33 128
4 8 216 161 206 40 160 67 232 16 185 82 29 10 68 2 104 129 66 139 18 42 192 192 20 128 170 104 217 75 227 128
32 5 2 128 69 79 164 65 36 0 248 10 2 2 32 209 104 128 74 34 72 163 64 64 21 0 2 9 81 10 254 130
112 160 134 29 74 11 32 200 22 176 194 138 64 224 64 82 113 76 106 0 8 211 207 25 28 34 69 60 112 40 18 128
80 33 2 9 75 201 32 64 228 36 232 2 132 2 32 80 104 128 74 96 78 19 81 0 149 0 130 121 80 8 38 130
112 0 2 136 73 73 32 64 36 0 168 2 134 128 8 80 232 128 202 32 8 131 81 2 177 36 10 59 16 10 47 130
64 0 134 29 74 139 32 104 246 176 194 8 64 224 32 66 81 108 106 32 0 211 207 28 28 34 69 54 0 40 16 4
112 32 134 13 8 11 32 72 38 176 194 9 194 160 64 82 104 196 106 0 12 211 207 0 148 34 3 28 0 8 50 130
64 32 2 129 65 72 162 72 100 36 202 10 4 130 104 194 104 128 74 32 0 19 65 64 149 0 130 21 80 9 39 132
96 34 6 137 74 11 32 72 54 32 194 71 192 192 32 0 120 76 106 0 8 19 203 16 20 34 3 40 56 8 32 146
16 32 6 129 1 15 32 74 100 52 194 2 1 130 104 74 104 140 106 216 6 145 21 64 149 32 2 5 33 9 41 132
0 32 2 24 73 212 32 72 196 140 198 0 130 211 99 204 200 40 234 48 12 131 146 0 17 176 2 11 80 10 104 130
16 50 134 29 26 131 0 120 118 128 194 100 98 224 160 83 81 108 106 32 40 211 203 29 28 34 69 0 104 32 32 144
0 74 75 192 100 136 236 1 168 16 48 64 157 130 117 10 234 1 10 136 64 5 2 192 132 152 138 56 20 0 83 128
32 16 18 141 73 69 0 73 196 136 192 2 134 144 33 198 200 8 202 32 0 3 83 8 21 32 2 59 16 42 61 130
8 48 20 9 9 223 16 72 134 60 64 41 198 212 107 132 144 56 234 96 66 81 10 17 133 16 1 63 82 14 13 215
81 0 6 13 77 139 32 72 246 32 194 2 192 192 34 196 120 44 106 136 8 147 79 20 20 34 3 1 16 8 56 128
80 176 135 29 26 131 0 232 22 240 66 140 100 224 96 0 21 108 106 0 11 83 219 29 152 34 13 44 56 32 0 144
96 0 134 29 24 67 32 104 246 164 194 0 66 224 34 64 81 108 106 40 44 211 239 29 28 34 69 1 80 40 52 198
84 33 2 128 157 68 162 64 236 1 131 10 134 130 97 200 224 132 74 240 26 3 208 192 145 32 138 123 0 11 57 6
80 224 2 0 1 140 160 69 40 1 131 24 132 2 72 81 104 137 74 156 78 7 148 84 149 0 138 125 0 0 171 4
48 0 8 161 78 9 160 65 4 160 195 218 147 0 0 3 104 172 74 8 9 186 69 0 148 129 178 32 105 8 144 128
32 3 67 165 68 137 160 65 164 0 243 203 147 0 0 2 40 160 66 13 25 178 68 0 20 32 50 16 105 8 82 128
96 0 2 136 77 66 32 65 228 8 194 2 132 146 96 66 200 140 10 49 76 7 128 128 149 32 130 15 16 10 188 38
36 96 2 128 73 6 160 76 160 132 168 9 0 146 40 16 248 132 74 176 4 131 144 68 21 0 138 79 0 2 34 130
24 32 3 161 4 9 97 65 4 33 71 66 147 129 224 72 104 8 2 24 24 176 133 0 196 129 48 32 104 8 16 160
6 164 132 55 155 67 22 200 150 179 0 1 228 242 75 11 145 78 232 50 38 83 155 58 41 6 77 111 128 116 11 134
117 166 134 55 140 2 7 248 82 178 66 76 83 225 145 11 25 102 96 62 184 243 143 42 104 46 101 4 233 248 112 0
112 80 0 136 95 9 0 73 12 0 193 11 166 18 32 208 200 140 206 17 12 7 209 10 148 32 138 59 16 10 62 6
56 49 10 40 73 55 36 89 228 76 204 5 2 133 43 192 216 12 194 32 8 147 80 0 211 193 2 13 74 72 46 210
60 19 2 129 205 89 33 87 4 60 214 34 17 16 162 111 104 0 202 56 80 179 33 0 85 129 34 7 34 88 180 130
80 32 14 133 72 9 160 72 172 36 226 10 194 130 2 80 104 140 106 136 4 243 197 64 148 32 130 1 64 0 43 128
112 0 6 137 9 75 32 72 118 244 194 6 194 192 34 64 88 132 106 0 12 211 207 16 148 34 3 13 16 8 52 196
56 0 6 41 1 82 96 72 100 24 207 0 2 128 42 253 72 12 130 96 12 147 65 0 131 225 2 5 98 9 126 134
8 98 6 33 8 11 33 81 228 61 195 116 147 128 224 74 104 8 106 28 26 150 65 0 212 129 34 64 80 8 180 160
54 160 20 153 139 223 144 200 158 188 128 11 228 208 98 196 249 28 234 16 6 211 91 221 157 18 15 119 18 12 45 134
81 34 207 237 30 2 101 120 118 194 230 230 209 227 128 98 112 204 110 172 169 241 239 12 84 171 231 0 41 160 112 160
114 32 0 137 79 77 176 72 47 164 240 11 134 216 66 150 232 220 234 129 12 115 219 208 157 16 7 59 65 12 126 130
17 34 15 5 8 10 33 64 236 160 226 66 208 130 208 114 104 196 106 136 1 209 133 64 148 32 163 0 9 0 99 32
96 32 0 137 75 73 160 72 38 164 240 138 134 144 64 146 104 204 234 0 8 115 211 16 21 0 11 59 65 8 46 130
17 34 143 133 10 10 233 80 236 160 226 70 221 163 144 114 106 196 110 136 129 209 165 64 212 34 171 0 40 160 99 160
40 48 20 152 75 223 176 72 150 180 240 11 196 210 98 132 249 56 234 16 6 115 219 17 29 130 7 63 80 8 13 134
81 34 143 77 14 10 97 88 246 160 226 102 81 227 160 98 120 236 106 136 137 241 175 12 84 163 231 0 41 160 96 160
96 32 0 136 79 73 160 72 46 164 240 11 134 136 64 144 104 140 234 129 8 115 211 208 21 0 3 59 65 8 110 130
17 2 135 93 8 2 33 88 246 160 226 100 81 227 160 82 120 100 106 8 9 209 143 28 84 163 227 0 40 168 96 32
32 32 20 25 75 95 48 72 22 180 192 11 198 210 98 196 217 8 234 16 6 115 219 17 29 130 5 63 80 8 45 134
97 34 3 9 74 137 33 68 100 17 206 76 147 1 128 1 104 136 74 136 11 51 229 0 84 1 34 8 104 24 50 160
17 2 14 3 70 137 97 80 228 17 67 198 19 0 192 73 104 136 42 154 11 50 71 0 212 129 114 8 41 8 112 128
117 166 207 117 142 10 71 248 118 242 230 230 83 225 145 43 89 236 108 46 169 242 239 14 120 175 101 4 237 248 114 48
64 32 6 9 72 9 32 72 102 168 194 8 194 128 64 82 104 204 106 8 8 243 205 16 20 32 163 48 96 8 50 128
104 32 6 13 73 9 32 72 38 160 194 8 194 130 64 210 104 196 234 0 8 211 205 16 148 34 11 48 0 8 50 128
6 172 148 27 153 223 22 168 190 191 64 1 236 246 109 156 145 123 224 16 54 80 155 63 41 22 69 111 146 100 13 70
196 33 18 136 205 76 160 64 228 8 130 16 132 146 98 197 224 12 202 112 86 3 208 64 145 32 138 127 144 8 189 6
70 172 148 27 153 215 22 168 190 191 0 1 204 246 79 156 145 127 161 16 54 80 155 127 41 22 77 111 130 116 7 70
53 46 207 126 154 2 71 184 210 242 114 236 115 225 153 59 29 238 100 46 169 243 175 46 104 239 101 148 237 248 66 33
212 224 2 128 65 76 38 196 104 12 130 24 134 2 42 220 232 128 74 240 74 7 144 86 149 0 138 127 0 22 167 6
70 176 134 20 201 87 52 232 150 190 66 9 196 246 66 134 145 124 233 18 6 83 155 24 25 50 77 127 130 100 15 198
117 162 207 117 158 11 101 248 118 242 198 238 83 225 208 34 25 76 104 44 169 241 239 8 92 43 101 20 237 232 112 48
185 82 26 41 34 163 17 94 54 121 70 244 151 133 170 73 84 8 174 24 139 208 103 16 194 161 112 132 58 152 40 113
57 18 92 41 26 2 65 92 86 97 226 244 83 1 128 88 80 140 44 156 137 154 69 28 208 175 49 84 121 128 96 24
49 0 8 161 68 9 96 80 4 49 195 254 147 0 192 3 104 168 74 136 11 186 69 0 132 129 176 32 105 10 144 128
8 19 23 137 40 1 37 90 132 28 68 100 148 147 225 79 72 8 34 40 3 147 34 0 148 128 114 44 18 88 36 249
56 19 14 129 205 93 33 82 4 125 206 22 2 145 98 71 104 144 138 16 0 185 177 128 213 193 2 65 162 8 180 226
56 48 6 41 1 87 116 76 100 122 230 37 2 149 43 221 216 12 130 34 29 147 145 0 151 193 2 7 226 95 120 210
0 34 3 35 68 136 225 80 100 17 99 214 147 129 144 11 40 8 66 12 3 176 135 0 132 128 114 64 104 136 211 160
69 9 81 136 202 160 169 0 232 16 48 66 157 2 33 90 98 35 2 222 22 2 68 240 20 152 42 104 221 65 225 128
56 82 11 41 8 75 1 80 116 125 71 244 19 133 224 121 84 28 106 24 139 144 103 16 68 225 112 64 114 136 180 113
136 16 38 8 9 223 16 72 199 12 68 1 194 212 35 253 208 60 226 96 12 146 114 24 131 113 0 59 82 37 30 215
6 160 148 27 153 151 22 232 62 179 64 1 108 242 75 156 145 75 224 48 54 208 155 63 41 22 69 111 146 116 15 6
117 38 207 126 186 2 7 184 210 178 98 236 115 225 145 59 21 100 96 42 185 243 143 46 104 175 101 0 233 240 66 33
86 160 148 23 155 87 20 200 22 182 64 9 68 242 75 142 145 94 232 18 6 83 155 57 25 2 77 111 130 116 15 134
33 16 3 9 72 96 33 68 36 25 230 102 144 130 224 91 104 10 10 8 1 19 128 0 84 129 50 44 24 24 34 168
168 20 2 40 73 87 32 72 196 4 236 4 130 144 35 134 200 8 130 96 64 179 112 8 177 225 2 15 82 26 44 230
101 166 207 117 152 10 101 248 214 178 194 224 83 225 145 43 17 100 104 56 185 241 143 8 104 43 101 4 232 248 112 32
168 49 18 8 73 95 48 72 132 4 204 9 134 144 34 196 200 8 202 34 68 147 82 16 145 193 2 11 82 30 46 214
49 8 31 35 72 32 161 80 228 16 224 70 145 130 225 75 104 8 66 136 11 186 146 32 212 129 114 32 217 9 34 168
9 2 15 41 8 139 33 82 6 105 70 236 151 129 224 104 80 44 42 28 9 146 39 16 192 193 48 136 48 136 32 225
56 0 2 161 73 76 164 64 36 6 232 2 130 2 32 194 104 128 130 34 8 179 80 0 21 129 2 1 80 74 46 130
232 48 2 8 73 21 48 72 36 44 200 9 132 150 34 212 200 8 202 34 0 3 208 16 145 32 2 59 16 14 39 198
57 2 15 41 8 137 33 85 100 57 98 118 19 129 224 74 104 12 42 24 11 144 97 0 196 161 242 64 48 136 160 160
120 4 2 129 65 73 162 72 100 32 128 10 0 2 98 198 104 128 202 162 6 19 81 0 181 0 2 33 16 10 47 130
65 34 27 8 72 0 33 84 100 16 194 68 147 128 224 75 104 8 74 152 11 51 195 0 84 129 50 76 104 0 32 168
24 32 2 1 65 93 32 64 228 52 74 2 2 128 98 206 104 12 234 16 14 145 149 0 21 160 2 69 34 15 124 198
25 10 15 49 4 137 97 83 100 17 102 70 19 128 192 123 96 8 74 28 3 152 167 16 196 225 50 64 185 136 208 160
0 112 2 8 73 84 32 76 196 140 192 0 128 146 98 70 200 12 202 32 12 131 210 0 17 48 2 11 16 56 108 130
17 34 15 133 14 10 233 80 236 160 226 66 213 130 144 114 104 196 110 136 1 209 133 64 148 32 171 0 40 0 99 32
32 16 18 140 73 95 16 73 134 44 196 40 134 145 32 198 200 28 202 32 4 19 80 16 21 32 0 63 16 8 45 130
153 3 11 1 66 137 33 80 100 16 226 78 147 0 224 120 104 136 34 220 11 178 231 0 84 161 34 0 41 8 112 160
0 48 22 0 9 223 16 72 182 188 70 9 198 212 98 157 148 60 234 32 4 80 10 29 1 16 9 47 82 4 15 87
25 226 140 27 0 137 97 80 100 17 103 70 147 1 128 75 104 136 106 152 11 176 71 33 196 129 242 0 105 129 96 128
96 0 18 128 77 70 36 65 200 0 225 2 4 146 32 82 200 20 74 48 68 135 144 194 17 48 2 15 16 10 188 134
241 18 76 125 26 139 64 54 84 105 226 220 83 32 132 121 88 196 100 172 185 222 69 29 22 239 240 80 249 128 82 8
32 16 0 136 73 2 4 65 40 4 225 9 4 18 0 144 200 128 202 32 8 131 80 76 21 32 138 27 17 8 238 130
177 34 11 57 0 138 97 80 118 101 226 244 19 129 128 88 120 140 36 12 139 248 229 17 208 161 176 64 97 128 82 224
112 0 18 136 91 77 32 64 44 32 192 11 6 0 34 208 232 140 202 33 4 19 80 0 149 32 10 51 16 8 62 134
64 32 2 8 9 221 176 72 174 44 130 9 128 132 106 132 144 0 234 32 4 135 35 16 17 16 11 63 64 4 45 70
25 35 3 41 0 9 32 80 52 80 194 64 19 129 192 8 104 8 2 200 11 178 199 0 212 192 48 64 105 8 34 128
16 4 16 128 135 40 200 194 73 36 184 10 143 40 21 136 235 139 14 193 8 58 16 192 149 128 10 49 245 72 9 4
0 32 2 8 9 70 161 64 164 4 194 0 128 146 98 132 200 4 202 48 0 131 16 64 17 16 10 79 0 4 39 198
25 64 135 33 6 139 96 80 36 49 198 86 19 1 224 72 96 136 10 24 11 148 69 0 148 129 48 64 43 136 240 32
14 160 150 22 201 215 52 200 190 182 0 9 204 246 75 142 145 127 235 18 38 67 155 49 13 18 77 127 130 116 15 198
96 32 134 29 9 75 32 104 118 228 194 1 66 224 34 64 80 108 106 0 8 211 203 29 29 34 65 1 16 44 52 214
56 16 3 160 69 86 36 66 100 110 202 22 3 128 106 223 232 140 130 160 12 147 48 128 149 192 130 7 162 124 188 198
80 0 6 141 77 75 32 72 230 4 194 2 192 128 34 80 104 140 106 136 12 131 199 16 148 34 130 1 16 8 53 130
29 51 11 41 160 155 33 88 116 89 66 100 151 128 224 249 84 44 162 88 143 146 167 0 128 225 114 76 122 129 40 209
56 19 62 73 43 87 17 94 85 93 70 56 2 149 166 77 212 28 170 96 152 147 35 16 67 105 96 11 82 140 164 211
112 32 7 137 74 11 32 72 38 32 194 70 193 128 32 64 104 12 106 0 9 211 195 16 148 34 163 56 56 8 32 144
104 32 6 13 73 11 33 72 182 176 196 8 64 192 66 148 89 76 234 0 0 211 203 16 28 2 13 61 0 8 43 128
8 0 22 25 73 253 176 8 142 128 66 1 228 212 35 74 128 48 234 64 6 1 83 17 7 48 1 27 82 5 9 134
18 1 80 195 151 2 232 5 73 4 179 2 10 9 20 64 234 149 6 145 72 182 17 194 49 184 134 1 101 26 229 2
82 32 20 141 15 95 176 72 79 180 130 11 206 210 70 198 233 213 234 0 14 67 219 157 157 242 15 23 18 12 45 6
81 2 207 237 78 2 97 120 116 192 242 230 209 227 176 98 120 204 110 140 137 243 231 204 84 171 227 0 45 168 112 32
114 32 2 129 77 93 176 72 47 164 242 11 142 156 70 148 232 157 238 129 12 115 211 192 149 16 11 59 65 12 79 134
65 34 79 133 74 10 105 80 108 224 242 230 221 130 208 114 106 205 110 140 129 211 229 64 212 161 171 0 40 128 35 160
40 176 22 153 73 223 176 200 150 180 194 11 196 210 98 132 249 24 234 0 6 243 219 145 29 18 7 63 82 12 45 198
81 2 143 45 74 2 97 120 118 192 230 230 81 227 160 98 120 204 106 140 137 243 231 12 84 163 227 0 57 168 112 160
6 168 148 27 153 221 50 200 191 181 64 17 236 254 79 140 145 91 235 17 54 64 155 115 47 22 95 111 146 116 143 198
117 6 207 126 170 2 79 248 114 226 242 236 115 225 145 123 95 228 116 46 233 243 175 46 248 175 101 144 237 248 114 33
14 164 148 27 153 215 50 200 190 181 64 1 236 246 79 157 145 95 232 49 38 80 155 127 41 22 77 111 146 100 15 198
117 6 207 126 138 2 71 248 114 194 98 236 115 225 153 59 29 230 100 46 169 243 175 47 232 239 101 144 237 248 114 33
157 50 43 57 160 219 1 90 116 88 70 244 147 196 170 121 84 44 38 28 143 212 39 0 194 233 112 4 122 128 32 241
153 19 147 169 34 17 49 80 84 124 70 228 151 135 226 109 92 8 162 76 9 154 166 128 192 193 114 36 58 140 36 253
120 150 14 192 77 93 49 216 4 125 214 46 2 133 234 67 248 28 130 48 8 51 49 128 215 193 114 79 34 12 60 251
60 48 22 40 161 87 48 72 165 125 230 37 2 148 42 217 216 28 226 32 12 147 48 0 147 97 64 7 202 76 124 214
25 112 110 57 32 139 97 80 116 73 70 228 211 197 162 121 84 44 46 28 139 212 39 0 194 233 112 0 106 128 32 81
28 16 2 160 193 86 32 64 100 84 230 7 2 144 106 213 248 12 130 160 12 147 49 128 147 193 66 79 130 42 44 246
25 18 15 33 64 73 33 80 36 88 102 102 145 130 233 121 104 8 2 8 11 146 163 0 196 193 226 32 16 88 100 224
40 20 18 136 73 87 48 96 196 12 214 3 130 144 34 199 200 12 138 32 12 179 48 0 149 241 2 15 2 8 46 230
40 48 2 8 105 91 52 72 132 6 68 9 134 148 42 151 216 24 194 34 4 147 18 24 177 209 0 43 82 12 47 214
21 52 14 33 200 32 165 83 228 24 236 102 149 130 225 75 104 10 2 140 3 51 193 0 212 129 114 40 248 72 162 168
40 4 18 8 73 95 178 104 132 12 228 9 134 150 42 150 200 24 202 32 4 179 64 10 177 5 2 15 80 12 47 214
17 3 15 33 8 9 33 80 100 57 230 116 19 129 224 106 104 10 10 24 11 147 35 0 212 225 34 64 48 136 160 176
64 130 9 161 68 40 161 212 172 24 16 66 149 34 96 2 104 130 10 200 17 51 0 224 212 129 234 40 57 89 49 128
56 68 2 131 85 77 162 64 36 52 225 2 5 2 98 198 104 128 202 128 4 19 16 64 181 128 130 37 49 10 47 130
17 33 10 41 200 137 97 81 100 88 102 102 19 129 200 106 104 10 106 136 11 176 231 64 212 193 50 0 120 128 224 168
88 0 2 0 65 85 34 64 164 44 194 9 2 130 98 198 232 132 202 48 12 147 16 0 181 128 2 39 2 12 46 134
25 66 11 33 200 9 101 83 100 24 238 70 147 1 224 98 104 138 10 152 75 16 39 0 212 129 50 0 57 192 224 168
96 1 18 128 73 70 162 64 164 12 130 2 0 130 98 198 232 132 202 160 12 163 144 2 149 4 130 15 0 9 46 134
40 48 2 8 73 86 48 72 196 12 192 1 128 144 34 198 200 12 202 32 4 131 240 0 21 48 2 11 18 12 100 198
25 106 11 97 0 137 97 84 100 89 102 68 19 129 192 120 104 138 34 28 139 176 231 16 212 225 226 0 105 152 112 160
129 6 24 130 78 8 227 66 232 16 185 94 189 2 64 18 107 194 2 138 113 32 12 226 84 128 174 40 185 74 113 160
25 11 13 41 128 137 101 212 228 16 102 198 147 128 224 106 104 136 74 220 11 176 103 1 196 129 226 64 57 152 208 160
32 84 18 140 77 79 164 71 128 44 184 10 134 145 32 198 232 20 202 32 0 163 0 0 17 32 2 63 80 26 189 130
2 32 18 24 105 221 48 72 174 204 5 9 172 214 35 148 148 57 202 32 6 67 114 29 5 16 9 59 2 38 15 215
17 66 15 57 2 137 97 80 100 81 198 102 147 0 128 105 104 136 42 222 11 176 231 33 212 129 226 64 105 137 224 96
116 4 80 129 197 66 230 67 73 6 187 2 10 8 20 192 233 135 134 131 88 178 81 192 181 160 134 1 97 88 236 2
32 17 2 8 201 69 166 65 36 4 224 13 4 18 34 144 200 128 202 98 0 135 80 8 181 0 10 19 81 9 174 210
17 67 9 51 64 136 97 148 116 16 102 102 147 129 224 121 120 138 34 158 11 144 231 0 196 161 98 0 57 152 112 160
176 1 2 128 197 111 32 70 40 36 136 27 6 128 34 208 248 135 202 97 12 147 16 192 149 0 10 55 16 88 46 134
145 35 1 35 128 0 97 208 100 80 98 102 147 131 192 72 104 136 2 216 11 176 231 32 132 192 226 0 121 137 98 160
0 112 2 0 9 117 180 69 172 4 139 0 132 146 98 132 200 0 202 32 4 3 16 64 177 16 10 31 64 86 167 70
17 66 78 65 6 137 96 84 100 17 195 70 19 1 224 107 96 136 42 26 11 144 71 32 212 161 176 64 57 153 112 0
121 2 74 59 0 138 65 80 116 105 227 228 83 1 160 89 120 140 36 28 139 144 69 20 212 235 112 64 249 136 112 16
160 20 18 136 105 67 150 75 136 134 169 25 132 144 34 214 200 16 202 35 20 7 210 66 17 48 10 59 16 40 175 130
202 176 16 24 105 249 176 136 174 60 5 9 236 212 107 4 149 57 234 96 6 65 154 27 21 16 11 63 16 38 13 6
69 15 81 163 194 32 239 128 232 16 56 70 157 2 105 82 106 131 2 218 19 2 76 240 100 128 174 40 249 83 97 160
52 4 208 141 135 104 192 72 25 0 176 3 46 41 5 128 251 129 6 161 40 35 1 202 145 164 2 21 209 104 105 2
57 64 79 227 2 137 97 20 100 112 71 246 147 1 192 104 104 168 42 152 11 144 69 0 196 129 160 64 41 154 208 176
164 212 2 136 73 70 2 194 168 6 128 25 6 146 34 208 200 136 202 35 76 135 16 70 145 16 138 31 64 20 38 134
49 2 68 41 10 130 65 84 86 96 198 196 83 1 128 89 84 140 36 28 137 154 197 16 208 233 48 20 121 128 32 33
192 32 18 136 9 84 182 68 204 12 128 9 132 144 99 196 192 4 202 114 100 15 192 66 177 48 10 123 16 28 51 30
96 28 2 136 89 109 160 66 172 37 176 25 132 148 32 129 232 144 202 33 52 43 16 98 21 36 26 59 209 73 47 130
25 64 64 99 6 136 97 148 116 17 226 66 19 1 192 105 120 140 46 218 75 176 69 32 212 168 178 64 105 154 240 32
17 41 69 163 66 137 98 144 100 16 96 70 177 2 209 114 104 136 2 218 3 144 110 112 132 129 162 32 41 131 98 168
128 33 18 136 137 69 176 72 140 0 128 19 132 146 98 69 200 8 202 32 20 7 195 130 149 16 2 59 18 12 41 134
52 10 77 43 10 10 100 80 68 18 195 198 3 0 136 73 104 138 10 10 8 144 101 0 148 225 160 0 49 154 80 160
32 4 18 136 73 97 144 74 136 32 200 10 132 176 32 134 200 8 202 33 36 3 208 0 21 16 10 59 208 72 43 134
96 4 3 128 201 73 160 66 168 6 168 10 4 128 32 150 232 129 202 0 0 7 0 192 21 4 10 27 193 12 39 130
21 64 11 161 134 8 101 81 100 16 106 6 19 1 168 64 96 136 34 152 0 176 5 32 244 161 38 64 185 139 224 128
96 4 18 136 73 8 161 64 172 6 160 10 4 128 34 18 200 131 202 0 0 39 64 66 21 52 18 27 80 8 35 130
185 114 107 121 162 155 117 89 116 72 230 244 19 212 170 121 84 28 46 28 207 208 39 0 194 233 48 4 122 128 224 241
153 51 11 249 160 23 53 80 116 92 70 244 147 135 226 105 92 26 166 12 139 208 38 128 194 201 242 4 58 140 224 241
40 150 14 192 237 117 180 217 132 124 222 39 130 148 234 231 248 28 130 32 9 243 176 128 215 209 98 47 66 76 188 247
60 48 54 40 161 215 49 72 181 92 230 1 130 148 110 249 220 60 162 32 12 147 50 0 147 113 66 15 66 44 44 215
25 115 11 33 128 1 37 95 116 88 78 230 147 134 224 105 120 8 34 12 139 144 167 0 196 193 230 36 56 152 240 241
40 16 22 136 105 127 16 78 132 140 204 1 134 212 34 198 216 24 138 32 4 179 114 136 147 113 0 31 82 124 47 215
25 114 15 41 32 43 101 212 116 88 198 228 19 145 226 121 124 140 46 92 139 208 101 0 192 225 112 0 234 216 224 49
40 80 18 8 105 223 48 76 140 68 196 9 132 148 42 148 216 56 194 32 4 147 50 8 147 81 0 63 82 28 47 215
25 19 15 97 0 13 97 212 116 88 70 230 19 129 224 105 120 10 46 92 139 144 103 32 212 193 50 0 56 153 112 177
42 52 2 8 73 215 52 65 164 12 196 9 134 212 42 213 216 60 202 32 12 131 18 16 177 113 10 47 18 12 175 198
57 51 15 105 136 137 97 210 100 88 238 100 19 129 192 120 104 142 46 90 155 144 103 32 212 225 34 0 120 153 96 128
49 99 79 115 128 139 97 81 116 89 231 228 83 129 160 121 112 140 110 30 139 208 229 49 210 233 112 64 105 136 240 48
40 113 18 8 105 127 20 76 132 4 192 1 134 148 34 198 192 56 202 32 4 3 210 16 53 48 0 63 18 92 175 198
13 142 25 169 206 8 229 208 228 18 124 70 157 98 192 98 97 138 2 138 83 50 46 226 228 129 166 40 56 88 161 160
17 35 15 115 128 137 101 84 100 80 111 70 147 129 224 107 104 138 10 222 203 176 103 32 196 193 226 0 121 219 240 168
104 21 18 8 73 95 180 79 140 36 232 9 134 148 34 196 200 16 202 34 68 131 16 0 53 20 0 59 82 124 173 199
25 75 11 115 2 169 97 212 116 80 234 228 19 1 192 121 120 138 38 220 139 176 231 32 196 233 242 0 105 218 224 176
32 20 2 40 201 71 182 75 172 6 232 9 132 182 34 148 200 16 202 32 84 3 16 0 53 16 26 31 80 77 175 214
17 11 9 163 198 40 101 208 100 16 120 198 147 131 224 99 104 138 2 206 11 176 230 32 244 129 230 32 41 250 242 160
168 4 2 160 193 127 54 198 164 46 192 11 4 150 35 214 232 134 202 33 20 139 16 66 181 0 10 15 16 93 47 134
29 35 5 59 134 137 101 208 102 80 106 198 19 1 200 105 104 138 46 218 75 176 103 32 148 193 178 0 105 218 240 160
32 84 18 8 233 119 148 77 172 134 201 25 134 212 34 132 216 56 202 34 36 131 82 10 177 20 10 27 208 94 175 198
241 130 235 125 16 42 67 48 112 99 246 252 83 33 144 112 124 196 108 12 169 190 229 31 208 239 240 208 109 168 82 49
21 75 77 115 134 137 97 144 116 80 106 230 83 1 200 121 104 138 46 222 203 144 103 48 214 225 162 0 121 216 240 24
121 83 75 123 130 138 97 148 116 65 230 230 19 1 128 121 120 142 36 220 139 176 229 48 212 169 240 64 249 153 114 112
52 20 18 138 205 71 148 73 24 6 225 27 134 144 38 148 216 150 202 35 124 43 80 194 177 52 14 27 80 72 175 134
202 49 16 28 73 221 176 72 174 36 5 9 140 212 107 132 144 57 235 97 6 7 218 91 5 16 9 63 18 39 15 199
69 6 81 163 206 8 239 176 232 18 56 70 185 226 225 82 107 66 2 170 3 16 142 226 108 129 175 40 184 210 65 160
21 43 11 35 134 137 101 208 100 80 194 98 147 0 192 105 104 138 102 222 75 176 39 32 196 193 96 0 105 218 208 160
29 43 75 163 134 137 101 208 100 80 78 198 147 129 192 97 104 138 38 90 91 176 71 32 196 193 96 0 105 218 208 160
32 4 2 136 73 103 50 66 172 6 169 9 4 178 35 212 232 0 202 35 36 131 16 66 145 20 10 31 0 101 47 206
96 20 18 136 105 87 18 108 236 14 192 9 132 146 34 212 208 169 138 35 100 7 82 74 145 48 26 63 16 76 47 78
194 0 18 24 25 221 180 76 142 42 128 25 172 214 102 196 144 49 202 34 38 7 210 90 37 16 11 59 18 62 141 6
96 1 18 136 73 93 176 98 140 37 136 9 132 178 34 132 200 18 202 32 16 11 80 132 21 16 90 123 144 13 39 134
96 64 2 136 217 105 176 198 172 5 184 9 132 148 33 12 232 18 202 16 6 43 0 68 21 48 26 123 208 12 47 138
17 139 65 193 6 136 101 144 116 16 98 66 147 67 216 96 120 138 46 218 75 176 71 224 132 128 166 0 41 152 112 160
17 72 72 99 6 136 100 208 116 48 234 102 51 0 209 113 120 136 46 222 139 144 69 112 212 169 162 0 105 146 112 136
53 11 1 41 130 8 100 208 116 16 98 226 19 1 128 112 120 136 14 78 137 176 69 0 244 128 162 0 33 187 208 160
53 1 72 33 134 0 103 144 100 64 226 226 147 1 136 96 120 136 6 234 11 178 69 0 228 128 162 0 105 155 240 128
96 0 146 136 201 103 180 67 152 14 176 25 4 130 34 20 201 131 202 1 0 35 16 194 49 54 26 27 80 76 167 134
185 82 107 121 162 147 119 84 119 75 230 244 19 133 186 120 84 188 46 28 171 149 37 10 194 239 48 132 126 148 240 113
153 51 170 249 160 151 117 92 117 76 246 244 147 198 234 105 92 58 166 44 207 211 38 128 194 201 246 4 58 156 224 241
152 17 10 224 165 215 181 93 20 108 214 55 130 148 234 237 252 124 166 102 93 243 48 128 195 209 102 47 82 92 252 215
168 49 58 88 233 247 53 80 157 204 70 53 198 214 106 205 220 57 179 96 140 210 242 0 131 113 66 15 82 109 172 215
25 51 75 97 160 27 101 214 118 88 230 230 19 133 224 105 124 10 38 76 219 208 37 32 194 193 118 4 58 216 240 241
42 21 50 152 233 255 20 76 220 76 204 9 198 212 42 197 220 56 138 98 4 131 114 128 179 113 64 15 18 125 173 223
57 19 107 121 162 139 97 220 118 73 230 228 83 133 176 120 116 142 46 92 139 209 37 56 210 235 48 132 110 153 224 113
10 81 50 28 233 255 52 76 156 76 76 9 140 212 42 133 220 57 162 98 4 147 114 0 163 113 66 47 82 126 175 215
25 27 11 97 128 9 101 214 116 88 238 230 19 131 226 105 120 138 38 206 203 216 103 32 198 193 102 0 58 216 224 249
57 27 111 121 160 139 101 214 116 72 238 228 83 129 225 121 116 142 46 94 219 144 37 32 208 233 96 0 107 209 96 113
57 123 111 121 128 138 97 210 116 73 230 228 83 133 144 121 120 142 46 94 203 176 101 32 212 233 112 192 105 152 240 113
40 20 18 136 217 95 146 106 140 13 236 27 134 180 34 196 216 16 202 32 4 171 16 2 53 48 2 79 82 12 173 215
157 27 239 123 128 139 101 208 116 88 102 230 19 1 193 121 120 138 46 222 203 176 101 33 198 233 242 0 105 216 112 120
40 16 18 8 233 223 180 110 140 15 232 25 132 246 34 148 200 48 202 32 20 3 18 2 49 20 10 127 210 13 175 199
157 10 205 115 132 139 101 208 100 82 102 230 147 97 225 105 105 138 6 142 203 176 103 32 204 129 230 0 123 208 80 176
53 26 207 91 130 138 97 208 116 73 230 230 83 1 128 121 120 142 46 220 219 240 101 32 214 235 240 0 105 216 208 48
32 16 130 128 217 103 178 102 168 45 176 9 6 182 35 156 200 144 202 32 12 139 16 66 17 22 30 95 128 12 47 222
1 162 13 163 6 8 101 240 100 18 118 70 147 227 224 98 105 136 14 138 3 176 111 96 204 193 230 96 57 170 113 160
98 48 18 24 233 253 20 77 140 142 193 25 132 214 34 220 208 57 202 33 36 3 82 12 181 16 10 59 16 124 175 199
61 138 77 115 130 138 101 144 116 83 110 230 83 0 136 121 121 136 46 158 203 240 103 32 196 233 230 0 121 216 112 48
44 16 18 136 233 95 20 72 140 7 193 25 134 148 34 212 216 16 202 32 52 3 82 8 145 48 74 59 144 92 175 71
241 74 235 119 146 42 99 208 112 105 230 252 83 1 152 120 124 206 108 12 169 255 229 47 242 239 176 208 109 137 242 113
52 16 18 136 201 95 148 108 156 15 241 27 134 182 42 148 216 145 202 33 92 35 80 192 145 16 78 31 144 108 175 214
74 60 48 24 41 253 178 72 174 60 132 9 172 214 99 132 128 49 235 66 6 65 218 91 5 20 11 63 18 37 15 86
21 171 205 123 134 137 101 208 118 80 110 102 147 193 216 121 120 138 14 222 139 176 111 48 196 233 224 64 105 136 112 160
98 4 18 136 105 255 148 64 172 14 160 9 132 246 35 149 216 49 202 32 52 3 82 72 177 16 74 31 208 85 47 222
145 162 73 225 6 137 101 144 116 82 126 230 147 193 192 97 121 136 6 14 203 240 111 17 196 193 98 0 57 136 80 160
96 0 18 136 73 118 150 66 184 7 128 9 4 182 43 220 216 145 202 35 4 131 16 202 177 22 10 63 16 125 47 198
96 136 18 136 201 93 178 198 136 5 176 11 134 144 34 132 200 146 202 16 4 43 16 226 177 16 10 123 208 12 47 142
17 7 73 225 6 136 101 16 116 16 106 102 179 67 208 97 120 136 46 206 203 176 111 65 164 137 166 0 33 202 112 160
106 0 18 136 201 205 144 70 168 5 160 25 140 212 42 156 200 177 202 49 4 43 66 66 145 54 26 63 208 92 175 134
21 1 72 99 132 138 101 80 116 32 234 102 51 1 144 113 120 170 46 222 203 176 69 112 244 168 162 0 105 210 112 128
185 22 234 121 178 150 115 212 117 79 246 244 83 205 186 112 119 190 31 28 171 183 37 30 242 239 48 132 255 146 244 113
153 146 235 249 160 211 119 212 119 78 214 246 83 247 234 108 125 56 142 76 237 145 37 130 194 221 182 132 58 220 172 245
136 145 42 248 165 215 183 212 149 78 214 55 218 244 234 236 220 120 134 102 253 178 50 130 203 221 54 143 90 236 252 215
174 49 50 26 233 221 21 84 159 204 117 53 206 246 42 204 222 57 151 64 244 146 242 146 195 117 70 139 82 124 172 247
142 61 58 91 233 253 21 64 159 76 69 45 174 222 39 221 214 57 183 2 182 192 250 177 199 113 73 171 18 126 13 215
185 19 107 121 178 155 67 214 119 105 246 244 83 133 179 120 124 142 62 92 235 145 101 62 210 239 52 192 127 152 112 121
29 155 75 113 128 26 101 210 118 72 230 230 51 131 224 121 124 142 46 158 203 152 37 48 198 233 246 128 59 208 96 121
40 20 146 152 121 222 178 98 140 13 244 11 134 244 42 198 200 245 194 32 36 163 18 134 181 55 18 79 82 12 47 223
29 146 107 115 128 139 101 144 119 74 230 230 83 65 176 121 116 142 46 30 203 176 101 52 214 235 176 128 107 200 112 49
42 20 18 24 249 221 144 78 156 13 228 9 140 246 42 212 216 49 202 48 36 3 82 94 53 20 10 59 210 44 47 215
25 130 77 113 0 139 101 208 116 90 102 230 179 65 160 97 121 136 46 142 139 176 103 0 206 137 230 0 121 200 112 48
53 18 233 123 130 138 99 208 116 72 246 230 83 1 153 120 124 142 60 28 171 176 101 62 214 239 176 128 237 216 80 112
40 144 146 152 249 87 146 204 156 13 176 25 140 246 34 212 216 17 202 48 4 139 82 194 145 22 26 31 210 12 175 223
25 2 201 225 4 8 101 16 116 210 126 102 147 227 224 97 121 168 38 140 131 240 111 65 204 201 226 4 57 170 80 160
74 48 18 152 89 221 16 76 142 12 197 25 140 214 42 220 208 49 203 33 20 3 90 90 21 20 10 59 18 76 143 215
32 144 146 136 77 70 144 204 152 13 176 11 70 150 42 148 217 211 202 0 12 163 80 194 25 20 158 27 16 12 46 223
17 2 109 113 6 138 97 16 118 72 102 230 19 1 192 121 121 136 46 140 139 176 111 81 204 233 230 0 57 128 112 176
36 144 18 136 233 223 144 192 156 13 176 25 142 246 42 148 216 177 202 33 20 35 18 192 145 16 78 127 208 44 175 198
17 2 73 113 2 139 97 16 118 64 102 230 179 65 208 120 121 168 46 156 139 240 109 16 206 233 230 4 105 136 112 176
102 0 146 136 201 223 144 66 184 12 160 9 140 246 35 156 216 177 202 48 4 3 82 72 153 16 10 27 208 108 47 214
98 128 146 152 89 221 146 206 152 5 160 25 140 214 34 148 217 49 202 17 4 43 18 194 25 20 30 123 80 12 175 142
17 3 72 35 6 10 103 16 116 64 123 230 211 65 144 112 120 136 14 206 201 176 77 74 228 141 166 0 105 210 112 32
25 190 235 251 52 214 127 208 87 79 247 230 91 215 186 96 127 188 158 14 175 149 45 142 226 255 182 128 62 206 124 241
189 154 235 105 178 138 99 210 119 74 246 244 115 133 176 112 127 142 62 92 235 185 37 62 250 239 48 128 111 128 112 113
40 17 18 152 233 215 180 73 137 12 244 11 78 222 42 196 216 179 194 32 4 163 18 198 49 118 26 31 82 14 175 222
25 2 233 121 6 11 99 20 118 72 118 230 83 65 144 120 120 136 14 206 139 176 109 114 206 237 182 0 121 145 112 112
34 20 146 156 233 245 148 67 136 12 168 9 140 214 34 132 201 179 202 1 4 3 82 192 153 16 14 27 82 76 175 214
106 20 146 158 233 253 144 66 168 6 136 9 172 246 34 212 200 51 202 1 4 7 82 226 21 48 74 59 82 108 15 215
