144 35 27 33 70 9 160 65 104 16 113 90 149 128 64 11 42 8 66 12 2 180 134 65 20 128 114 32 97 8 99 128
81 96 2 33 67 4 32 68 100 49 234 2 1 130 96 218 104 140 10 220 7 147 149 64 149 160 2 100 161 2 43 128
16 0 18 129 64 8 161 67 228 17 235 82 16 130 96 66 104 8 74 24 18 155 0 64 20 0 50 64 0 10 161 128
96 32 1 133 78 11 160 72 174 164 226 10 198 128 64 80 104 140 106 0 12 243 197 16 148 0 11 49 96 8 23 128
114 162 128 161 44 11 64 136 43 188 176 169 199 0 64 150 137 197 108 4 14 99 203 145 156 208 5 127 80 172 94 4
96 34 8 37 72 9 160 71 32 32 243 203 146 0 0 19 40 164 74 5 8 186 197 12 20 0 48 48 65 8 82 136
208 97 2 128 69 72 96 69 228 49 194 18 132 130 96 99 96 140 10 152 10 21 129 192 149 32 138 64 32 8 177 36
209 96 0 1 66 136 40 64 40 17 131 152 142 2 64 209 98 137 74 220 19 15 212 85 148 0 10 104 0 1 163 132
160 1 1 161 76 9 160 72 4 160 193 74 148 128 97 8 72 136 66 35 1 55 81 144 20 0 138 56 25 10 16 128
160 33 2 0 81 6 96 65 160 32 225 9 0 131 32 17 248 141 66 180 104 147 16 76 17 0 130 77 1 0 34 130
16 96 18 33 66 9 161 69 100 17 241 210 145 129 64 8 40 136 66 136 18 186 149 65 212 128 50 0 97 8 163 128
176 32 2 8 73 0 160 65 36 0 225 0 128 3 0 16 104 128 74 152 72 135 83 68 149 0 2 73 65 0 106 130
17 96 18 1 70 137 160 66 236 1 98 64 191 128 0 10 34 8 74 12 2 165 135 65 132 128 18 0 105 0 67 136
64 2 159 93 8 10 36 104 246 130 226 64 80 225 160 66 112 100 106 40 33 241 139 13 21 162 103 0 16 120 104 32
144 32 2 9 9 96 160 64 164 0 226 0 130 130 64 196 232 128 74 152 8 131 83 64 145 0 138 89 65 0 43 4
52 160 20 153 219 195 32 200 86 176 224 10 230 210 104 192 89 88 226 16 2 210 75 21 157 130 5 125 240 8 41 130
32 96 26 8 73 107 160 72 32 4 224 9 2 2 8 16 232 128 66 32 8 167 64 76 21 132 18 25 65 8 110 130
96 32 192 204 77 73 224 72 47 164 240 139 130 136 84 146 104 221 194 1 0 114 219 208 29 16 7 57 65 40 78 130
97 32 1 8 72 9 32 64 100 16 224 72 144 128 64 155 104 140 98 161 13 90 199 0 20 32 210 40 72 0 34 132
16 34 2 9 0 136 161 64 100 1 226 82 144 130 40 64 104 128 74 152 10 185 65 64 212 0 178 64 96 0 161 128
83 34 223 133 10 10 105 64 236 160 242 66 223 130 64 114 98 197 110 140 1 209 133 192 156 162 47 0 32 0 35 36
128 33 2 33 64 9 160 72 44 52 106 6 133 131 73 0 104 8 74 120 2 177 21 64 20 128 2 68 105 9 3 136
81 32 158 133 10 10 32 64 236 160 226 66 222 130 80 114 98 197 106 136 1 209 133 64 156 34 143 0 40 0 35 4
96 32 192 172 76 9 160 72 46 164 240 139 130 128 68 18 104 204 66 1 0 114 219 80 29 0 7 57 65 40 70 130
64 2 151 93 8 2 101 104 244 130 226 64 80 225 32 66 112 100 106 40 41 241 139 13 84 162 231 0 16 120 96 32
96 32 192 172 77 73 224 72 46 164 240 139 130 128 68 2 104 204 66 1 0 114 219 80 29 0 7 57 65 40 70 130
20 160 20 185 219 207 32 200 86 176 224 10 230 210 104 196 121 88 226 16 2 82 91 21 157 130 5 127 208 8 44 130
81 32 159 133 10 14 104 64 236 160 226 66 222 130 80 114 96 197 106 136 1 209 133 64 156 34 143 0 32 0 35 4
81 32 159 133 10 10 105 64 236 160 226 66 222 130 80 114 98 197 110 136 9 209 133 64 156 34 143 0 40 0 35 36
96 32 200 164 76 9 160 72 46 160 240 139 130 128 68 2 104 204 66 1 0 114 219 80 29 0 7 57 65 40 70 130
96 1 18 140 89 32 2 72 136 0 200 9 4 130 33 80 216 136 74 96 0 3 194 88 145 48 2 59 24 43 58 2
20 160 148 185 219 203 32 200 86 180 224 10 198 210 104 4 121 88 226 16 2 82 203 21 157 130 5 127 208 8 13 130
65 0 159 93 8 2 100 104 244 130 226 64 80 224 160 98 112 100 106 40 41 243 139 9 20 162 231 0 8 120 96 32
16 2 71 161 14 137 96 16 204 17 66 66 247 1 48 75 104 32 42 88 18 184 71 52 132 128 50 64 180 136 81 40
0 96 6 8 73 130 32 65 164 128 225 1 0 131 96 27 72 44 74 188 16 211 130 64 17 32 138 77 72 0 34 128
96 0 2 136 93 43 0 76 12 32 192 10 6 2 32 208 232 140 74 96 12 19 193 16 149 32 130 59 16 9 24 10
120 34 16 225 45 13 80 16 107 172 178 9 207 11 64 146 132 197 108 12 12 98 193 144 158 217 37 49 66 140 74 1
64 2 5 129 76 169 96 2 204 49 130 202 131 1 81 74 72 160 74 28 2 48 69 0 132 0 162 16 16 137 80 32
32 0 19 137 77 105 160 64 140 32 200 10 0 128 33 66 72 12 74 96 0 23 192 0 21 32 130 55 16 10 80 138
96 32 192 172 76 9 160 72 42 164 224 139 130 160 68 18 104 204 66 1 0 114 219 80 29 0 7 57 65 40 70 130
65 2 143 93 8 10 101 120 244 130 226 66 81 225 160 66 112 100 106 168 41 209 143 9 92 162 231 0 9 248 96 32
96 32 192 172 76 73 160 72 42 164 240 139 130 160 68 18 104 204 66 1 0 114 203 80 29 0 7 57 65 40 70 130
81 32 158 133 10 10 32 64 236 128 226 66 220 130 64 114 96 197 106 136 1 209 133 64 157 34 143 0 32 0 35 36
36 160 148 184 207 207 176 200 22 180 224 11 196 208 72 132 249 88 226 16 6 114 219 149 29 130 7 127 208 8 13 134
81 32 159 133 10 10 96 64 236 160 226 74 222 130 80 114 99 197 106 140 1 209 133 64 156 34 143 0 32 0 35 4
209 64 2 161 87 137 96 69 108 1 194 154 135 2 104 218 98 140 74 24 6 21 149 64 148 32 2 41 48 8 153 0
16 2 30 169 14 3 1 89 6 17 194 98 210 131 32 72 72 24 42 16 26 177 67 20 197 128 34 68 176 8 48 32
81 2 143 221 12 10 101 120 244 130 226 70 81 227 160 66 120 228 106 168 41 209 143 73 92 170 231 0 41 240 96 32
48 0 4 137 13 75 32 65 68 49 71 2 131 129 32 74 104 12 42 8 8 184 67 0 85 160 210 1 48 8 84 138
193 0 31 147 70 136 33 5 236 17 2 18 159 3 96 71 96 34 74 8 3 45 134 97 148 160 114 64 48 136 209 32
36 160 28 185 207 75 160 200 86 176 224 10 212 208 96 64 121 152 98 16 2 114 75 17 29 130 135 125 113 8 44 130
40 0 6 8 9 23 1 73 102 140 194 0 192 144 32 232 192 12 106 24 10 147 115 16 21 32 130 8 80 0 116 38
32 0 10 169 76 1 32 64 36 17 194 70 16 131 96 72 104 8 42 16 26 147 129 16 20 128 146 100 24 8 48 128
160 20 18 136 72 67 128 104 196 32 224 42 134 144 40 81 216 0 74 96 0 35 64 28 144 0 10 63 16 11 35 130
16 64 2 9 9 64 32 64 100 0 195 2 0 128 32 206 72 8 106 138 72 151 193 0 20 160 146 1 48 8 32 138
20 160 148 184 203 207 160 200 22 180 224 10 198 210 72 132 121 88 226 16 2 82 219 21 157 130 7 127 208 8 13 130
80 2 159 221 12 2 96 104 244 128 226 66 208 226 32 226 120 228 106 136 9 209 131 72 21 162 199 0 16 104 96 32
80 32 134 133 72 8 32 72 102 32 194 10 66 130 32 82 104 204 106 136 8 243 141 80 20 32 3 0 9 0 35 0
16 32 22 133 9 74 160 72 238 160 226 2 206 130 64 82 104 196 110 128 12 211 201 64 149 32 139 49 65 0 43 2
16 1 2 161 70 32 32 64 100 0 226 2 7 2 97 202 104 132 10 200 0 147 21 64 148 128 2 5 161 90 43 128
64 32 134 5 74 11 32 72 164 160 194 10 66 160 0 210 104 204 106 128 0 211 135 0 148 34 3 0 96 32 43 128
64 34 2 129 76 9 96 64 110 32 226 74 194 130 0 86 104 196 106 136 8 83 199 64 148 32 131 56 8 8 34 0
1 34 18 9 72 33 32 67 228 9 194 64 146 129 96 72 64 12 106 48 24 147 131 0 16 32 50 8 88 0 32 136
96 34 6 9 74 11 160 72 54 160 226 76 195 192 64 144 121 204 106 128 12 83 199 16 20 2 131 57 105 8 34 128
64 34 6 5 74 11 161 72 164 164 194 2 194 160 2 82 104 204 106 136 0 211 199 64 148 34 3 0 64 32 35 128
56 32 2 9 9 91 32 73 132 32 229 4 0 128 34 214 88 12 202 32 16 147 147 0 17 129 0 37 88 10 46 130
48 32 15 1 74 139 161 72 102 148 226 4 64 194 64 66 104 108 106 128 1 211 223 16 20 2 7 12 105 0 35 180
97 32 7 9 72 11 160 72 118 160 226 76 194 194 64 16 120 140 106 0 13 83 195 16 20 2 131 56 73 0 51 128
33 32 71 133 78 11 160 72 62 160 114 66 151 194 64 64 120 204 106 12 4 241 193 64 212 160 35 32 97 8 99 128
17 32 22 133 9 10 160 64 238 160 226 2 206 130 64 82 104 196 110 128 13 211 153 208 148 160 139 48 72 0 99 134
48 34 6 1 74 131 160 72 230 0 226 64 192 194 64 64 104 44 106 128 0 195 207 16 20 2 3 1 105 0 43 132
64 1 6 1 72 137 32 70 228 17 66 82 146 0 96 203 104 8 74 24 2 152 67 0 20 0 114 64 96 8 176 160
80 0 142 29 72 2 33 72 246 128 194 0 208 226 32 64 120 100 106 136 8 211 199 16 84 162 195 8 64 32 32 32
28 32 2 33 65 8 32 64 100 53 66 2 3 129 97 92 104 140 74 40 24 147 133 0 148 160 2 4 32 11 58 128
16 32 6 13 75 10 160 72 118 0 226 2 64 128 32 210 120 76 106 136 0 243 199 16 20 32 2 8 97 8 43 128
32 32 20 13 11 75 160 72 86 176 224 10 194 128 64 2 89 76 106 0 8 243 219 16 29 0 3 52 81 8 36 134
240 66 74 64 78 9 224 68 105 6 242 27 2 8 36 26 232 132 66 160 8 55 65 64 20 40 66 11 65 24 122 130
32 32 10 136 72 9 161 70 132 48 224 10 4 130 96 90 104 140 74 0 64 27 192 0 20 32 2 40 80 8 34 128
81 32 135 13 8 11 33 72 246 160 194 68 194 160 32 66 112 196 106 8 9 209 195 0 20 34 71 16 96 32 113 0
0 48 7 40 8 227 1 72 6 96 66 4 22 128 96 72 80 8 106 16 3 23 19 16 16 128 16 76 88 8 32 176
32 32 71 141 78 11 160 72 190 32 242 66 148 130 64 80 120 140 106 0 1 241 193 208 20 32 3 32 105 8 99 128
16 32 6 13 72 67 32 72 118 132 194 0 64 128 98 86 120 76 106 128 4 243 215 16 20 32 67 1 65 8 39 128
32 34 7 141 78 11 160 72 22 160 226 66 208 192 96 64 120 12 106 4 3 243 203 153 28 34 39 48 25 8 112 128
80 32 142 5 72 10 32 72 118 160 194 8 82 128 96 82 112 204 106 8 0 211 141 16 85 32 7 1 0 0 115 160
80 16 135 29 72 66 32 72 246 128 194 36 66 224 160 66 113 100 106 0 9 211 223 16 28 162 103 8 72 32 112 16
32 160 148 29 11 91 32 200 86 180 192 8 192 224 66 2 89 108 106 16 6 211 235 16 28 0 5 53 16 40 38 132
48 2 135 61 74 75 33 72 118 164 194 130 194 193 32 66 120 76 106 32 2 211 207 29 20 34 67 16 48 8 36 208
64 0 14 25 8 75 32 72 86 244 194 2 64 192 34 64 89 4 106 0 6 195 79 29 29 34 7 29 16 8 52 198
16 32 134 157 9 14 32 72 182 160 194 2 192 195 32 70 248 228 106 136 0 211 155 220 149 34 135 18 0 40 32 2
80 32 134 13 72 11 32 72 38 160 194 202 210 224 64 82 104 196 106 0 0 211 215 0 21 34 3 40 9 8 34 130
33 32 14 1 72 11 33 72 102 160 194 8 208 192 64 82 105 76 106 8 0 211 207 16 29 2 135 16 65 0 114 160
88 18 134 29 73 2 32 72 246 128 194 100 66 224 32 66 113 100 106 0 8 211 207 16 28 162 101 8 72 32 112 2
96 32 6 5 73 13 32 72 182 160 226 74 80 192 64 144 120 204 106 0 0 211 203 16 29 2 7 40 0 8 18 162
80 32 22 133 75 9 224 64 127 32 242 10 78 130 0 208 122 205 110 128 12 243 203 208 148 32 131 41 65 0 107 134
88 0 134 92 9 18 160 72 246 168 198 0 66 225 160 246 113 100 106 8 0 243 143 16 25 35 101 8 66 96 112 32
32 32 6 137 78 11 160 72 22 160 242 74 211 192 64 192 120 140 106 0 8 242 207 144 28 128 167 40 57 8 120 128
96 34 6 9 73 15 160 72 118 168 226 72 194 192 64 16 121 204 106 8 0 211 203 16 29 2 167 56 65 0 51 128
16 32 151 141 13 10 32 72 174 164 194 2 196 195 32 198 232 196 106 128 0 211 195 192 149 34 138 18 0 40 53 2
96 34 65 133 76 9 224 72 38 160 242 74 195 128 64 146 104 204 106 136 8 242 199 64 149 160 3 40 97 8 98 128
88 128 142 28 8 18 161 200 246 160 198 0 82 224 160 114 81 100 106 8 0 243 175 16 88 34 101 8 64 96 96 32
129 8 5 129 76 8 160 70 228 17 162 66 148 2 64 75 104 130 74 152 1 56 70 96 148 128 210 104 16 8 99 136
44 160 134 29 152 143 0 200 22 184 64 72 80 240 64 20 89 108 106 16 42 210 203 29 12 2 69 38 48 32 2 128
64 32 6 13 72 74 32 72 164 36 226 10 195 128 0 82 104 204 106 128 12 243 135 0 148 32 2 1 96 32 35 128
33 160 148 29 10 15 33 200 86 176 192 8 192 224 192 134 89 108 106 16 10 211 203 17 28 2 5 53 16 40 42 128
32 32 2 129 76 73 160 64 62 32 224 10 128 128 96 0 120 140 106 0 0 242 193 80 148 0 131 49 81 8 86 128
32 40 128 129 76 8 165 64 236 19 112 66 145 130 64 75 104 136 66 152 2 50 198 192 20 128 210 40 33 24 99 128
80 0 3 136 74 8 33 64 102 32 226 10 130 130 32 86 104 204 106 136 9 211 133 80 148 32 10 8 33 0 35 0
64 64 2 136 13 64 160 64 236 1 130 2 128 130 96 74 96 4 106 208 2 3 145 192 149 32 138 89 0 1 57 36
44 176 134 29 153 7 2 200 22 184 192 8 64 246 64 16 25 124 234 16 10 210 203 31 29 6 5 54 16 32 2 130
16 96 5 41 10 129 33 65 228 17 195 194 147 1 64 10 104 136 74 136 75 190 69 1 132 128 50 4 105 10 162 128
32 32 14 9 72 11 161 72 118 160 226 8 192 128 64 80 120 140 106 0 0 211 129 16 20 0 3 48 97 8 35 160
96 32 6 9 72 73 32 72 182 32 226 10 64 192 32 80 120 204 106 136 0 211 219 0 20 34 2 9 96 8 39 128
80 32 6 141 8 10 32 72 110 160 226 0 204 130 64 82 104 204 106 128 4 211 195 80 148 32 139 17 1 0 43 130
36 160 148 153 207 223 176 200 150 180 240 11 228 208 98 132 249 88 234 16 6 99 219 153 29 2 15 127 208 12 45 134
81 2 207 221 12 2 97 120 118 128 226 102 81 227 160 98 112 228 106 172 33 209 175 12 92 171 231 0 41 232 112 32
48 32 192 141 79 79 160 72 174 164 176 11 2 136 68 146 232 221 234 1 8 115 219 208 29 0 7 59 65 40 78 130
32 34 7 9 72 15 160 72 118 160 194 76 192 128 0 64 120 76 106 0 1 211 205 16 20 2 7 48 104 8 50 128
96 32 6 29 73 11 32 72 54 164 194 8 64 192 34 84 120 204 106 136 0 211 203 0 20 34 131 9 0 8 58 128
65 34 159 133 10 10 105 80 108 160 242 70 221 130 144 114 98 197 110 136 1 209 135 64 220 34 175 0 40 32 35 32
32 32 20 137 79 79 176 72 150 180 224 10 68 208 96 128 249 156 234 16 2 115 219 145 29 128 15 63 81 8 45 130
80 2 143 205 12 2 33 88 118 128 194 70 209 227 160 66 120 196 106 136 1 209 131 204 84 162 231 0 40 40 113 32
48 32 64 141 79 73 160 72 46 164 176 11 2 136 68 144 104 157 202 1 8 115 209 208 21 0 3 49 65 8 94 130
49 32 10 9 72 11 161 72 118 160 226 10 208 130 66 80 120 140 106 8 0 243 133 16 20 0 3 32 97 8 43 128
112 32 6 9 72 73 32 72 36 32 226 74 16 194 32 82 104 204 106 136 0 211 211 64 21 32 130 8 97 8 39 128
65 34 31 133 14 8 105 64 108 160 242 66 220 130 144 114 98 197 110 136 1 209 133 192 148 32 171 0 40 0 35 32
96 32 7 9 72 11 160 72 38 160 226 77 192 128 64 0 104 140 106 128 1 211 195 16 20 0 11 56 89 8 34 128
80 34 6 5 72 11 32 72 54 36 194 2 192 128 2 80 120 204 106 140 8 211 199 0 212 34 131 1 0 32 33 0
32 32 20 137 75 79 160 72 22 180 224 10 70 192 96 132 121 220 234 16 2 115 91 17 29 128 15 63 80 8 45 130
80 2 143 77 72 10 32 72 118 128 226 70 208 226 160 82 112 196 106 136 1 209 131 68 20 34 231 0 40 40 97 32
48 32 64 141 79 9 160 72 46 164 176 11 2 128 64 146 104 220 106 1 8 115 209 80 21 0 3 57 65 8 78 130
208 33 2 129 77 68 32 64 108 32 130 2 132 18 97 236 96 132 74 216 74 3 193 192 149 32 138 125 0 0 57 6
160 66 0 161 78 9 161 68 132 32 210 202 147 0 64 2 104 168 74 72 8 186 197 128 84 128 178 48 57 10 16 136
65 32 30 133 10 8 97 64 108 160 226 74 220 130 80 114 98 197 106 136 1 209 133 64 148 32 139 0 40 0 35 32
224 33 2 0 89 6 0 64 160 4 192 9 134 130 42 209 232 141 74 241 14 131 144 68 145 0 138 111 0 1 34 6
1 34 15 51 68 136 224 68 236 17 98 76 183 0 24 11 40 8 66 77 0 176 134 1 132 161 114 0 104 8 211 136
32 160 20 153 75 207 32 200 22 176 224 10 70 208 96 128 89 92 226 16 2 83 91 17 29 128 15 125 80 8 45 130
80 2 143 77 72 2 33 104 118 128 226 66 208 225 160 82 112 68 106 40 1 211 131 12 20 34 231 0 40 40 96 32
48 32 0 141 79 73 160 72 46 164 176 11 2 128 64 146 104 220 106 1 8 115 219 80 29 0 15 57 65 40 70 130
228 21 2 136 93 70 0 66 160 136 192 11 4 210 32 209 200 172 202 49 28 131 146 200 145 32 138 91 0 8 62 130
32 160 6 129 65 66 160 65 224 48 227 0 0 130 32 210 104 12 74 160 64 151 0 68 21 0 154 101 0 2 43 138
65 32 159 133 10 10 97 64 108 160 226 66 212 130 16 114 96 196 106 136 1 209 133 64 148 34 139 0 40 32 35 32
24 96 2 161 4 139 97 84 4 17 67 82 147 129 224 74 104 8 10 28 67 180 69 128 196 129 48 0 32 152 80 160
176 35 2 40 72 9 161 64 96 0 224 90 23 128 32 3 104 136 66 35 16 183 130 0 84 32 34 40 65 9 35 128
224 0 0 137 73 96 128 74 8 32 224 10 4 2 33 90 200 140 74 96 16 3 65 8 149 32 130 59 16 9 58 130
32 32 2 8 9 64 129 64 164 12 160 0 130 130 96 132 200 0 74 208 88 135 81 64 145 4 138 89 65 2 163 130
25 0 78 131 6 137 97 84 228 17 66 194 179 1 128 201 104 136 106 24 11 184 71 17 148 128 114 64 57 8 112 40
128 33 2 161 79 73 32 68 236 48 64 2 165 0 96 211 96 138 74 80 2 29 212 128 21 32 2 97 48 10 25 136
36 162 22 185 203 207 32 200 22 180 224 10 198 192 96 0 89 92 226 16 2 83 91 29 157 130 13 125 80 8 37 130
160 33 18 8 73 99 128 72 36 4 224 13 6 2 33 0 200 128 202 96 24 7 82 70 21 32 10 27 80 9 34 130
96 34 10 129 76 169 97 68 236 0 66 202 179 128 96 74 104 160 74 92 2 48 69 0 20 0 32 8 0 24 80 0
80 0 143 93 8 2 32 104 118 128 226 64 82 225 160 82 112 100 106 40 9 211 139 12 20 34 231 0 40 104 96 0
17 97 30 17 14 169 96 22 236 17 98 64 183 129 80 75 32 10 106 28 3 176 7 64 132 129 50 0 104 144 97 0
144 3 2 137 15 105 160 68 228 4 74 2 129 129 33 206 104 0 106 24 2 145 69 0 21 32 2 1 51 26 117 136
192 49 2 8 9 112 0 72 4 0 202 0 132 130 99 196 200 4 234 80 12 7 209 0 148 32 10 27 0 8 40 6
116 4 2 128 193 15 32 67 32 36 170 11 6 130 34 88 232 132 74 162 92 131 16 64 17 4 2 61 0 72 175 130
6 164 132 23 155 71 22 200 150 191 0 1 228 242 75 139 145 78 232 22 38 83 155 59 41 6 77 111 128 116 11 134
144 1 30 201 10 131 1 88 20 49 71 114 83 131 160 73 80 28 42 24 27 154 67 16 212 161 114 68 56 136 32 32
32 1 2 33 193 73 164 68 36 20 233 2 128 3 40 19 104 138 74 130 0 51 64 0 21 128 2 5 241 26 227 130
32 8 136 161 68 41 160 66 232 16 248 70 145 0 65 10 104 136 66 147 0 178 192 96 84 128 162 40 73 89 115 128
16 34 15 41 8 67 0 80 6 49 194 194 23 131 32 73 72 8 106 28 11 145 67 16 192 129 48 16 184 136 32 128
225 96 10 8 72 9 164 69 160 50 224 89 16 0 32 26 232 132 66 0 5 55 196 0 20 32 210 8 73 24 226 128
96 17 18 8 75 77 32 64 198 32 194 0 134 144 32 194 72 4 234 64 0 19 83 16 21 160 0 59 16 9 172 2
65 64 13 145 78 136 101 4 236 16 66 66 157 2 224 75 96 128 74 136 66 48 6 65 148 160 114 72 48 16 225 32
120 80 2 9 9 84 0 77 68 1 98 0 2 144 33 220 64 12 170 16 8 178 211 0 149 161 16 3 114 8 56 138
136 64 5 25 8 136 97 21 228 17 226 82 147 131 64 75 104 128 106 152 11 184 71 1 84 160 178 64 59 128 224 128
104 16 26 8 73 83 0 72 68 0 204 4 130 128 35 76 80 12 202 34 68 131 83 24 149 33 2 63 16 11 42 128
17 16 11 41 0 195 1 88 22 121 70 228 19 148 224 88 80 12 42 24 11 154 99 16 128 161 48 64 56 8 32 112
48 1 27 129 204 33 32 66 100 33 200 70 144 2 96 66 104 8 74 152 2 147 80 16 212 128 162 96 24 8 48 128
8 0 2 137 77 73 33 64 4 36 195 10 130 0 40 194 104 0 202 98 72 179 85 0 20 161 130 1 16 11 24 128
152 32 2 33 65 75 33 68 36 52 98 2 3 128 98 9 104 8 74 106 0 179 1 0 149 129 2 69 97 9 43 128
32 34 7 133 72 11 224 72 54 160 242 78 194 128 64 144 120 204 110 0 9 243 195 80 20 32 3 40 105 8 67 128
16 0 6 137 10 11 160 72 102 32 194 194 210 128 32 66 104 196 106 0 8 211 207 16 148 34 163 16 48 8 48 128
48 12 18 130 86 6 170 192 96 32 176 2 9 2 97 16 104 129 2 234 0 179 17 226 53 128 138 32 73 19 99 136
64 162 134 29 72 15 32 200 22 248 194 76 64 224 192 82 81 76 106 8 2 83 207 25 92 35 229 61 24 40 50 0
112 0 6 137 13 11 32 72 102 32 194 2 194 128 32 192 104 132 106 128 8 211 207 16 149 34 131 8 16 8 56 128
24 178 135 29 8 131 0 216 54 248 194 100 66 225 0 66 81 76 106 32 9 211 207 29 12 35 101 52 56 40 40 144
120 0 134 29 11 11 32 104 246 180 194 8 64 240 0 70 81 92 234 32 8 209 203 28 28 35 69 52 17 44 24 192
64 0 134 29 9 19 32 104 246 188 198 0 64 224 34 70 81 68 234 8 0 211 235 29 28 35 69 15 16 44 56 196
24 34 6 1 10 27 32 72 246 160 194 78 194 128 192 194 120 76 106 8 0 209 207 16 92 2 103 1 105 0 114 128
14 172 132 18 153 183 22 172 54 183 10 17 110 230 75 216 145 79 161 50 54 64 27 63 41 23 77 103 146 119 143 2
1 162 134 29 24 31 32 200 86 188 198 0 64 224 226 196 81 108 106 24 2 209 235 29 28 2 69 54 18 32 8 132
49 0 6 137 12 15 160 72 102 32 194 2 194 128 32 64 104 132 106 128 12 211 207 80 148 34 130 25 16 8 57 132
165 206 206 62 152 34 71 184 82 202 98 76 115 224 153 59 25 102 100 46 233 224 143 46 96 175 101 24 233 241 66 8
113 130 7 61 0 2 1 24 226 25 99 68 83 192 160 122 80 12 32 8 147 223 166 17 0 160 48 72 96 0 98 160
88 0 134 29 74 2 32 72 118 136 198 64 64 224 32 82 112 108 106 8 0 211 207 17 92 34 101 8 96 32 50 0
88 2 134 29 75 18 32 72 118 160 194 68 64 225 160 210 112 108 106 0 0 211 207 16 20 34 99 8 106 32 50 0
96 32 134 13 75 15 32 72 166 188 194 8 68 128 64 86 104 204 234 128 0 67 203 16 20 32 3 60 0 8 58 128
24 2 6 137 74 11 160 72 102 32 194 198 194 129 32 64 104 132 106 0 8 211 71 16 212 34 162 16 57 8 49 128
80 32 22 141 13 10 168 72 174 32 210 2 204 130 32 70 104 204 106 128 0 211 211 192 148 32 138 18 16 8 49 130
112 128 80 131 21 72 226 132 72 0 178 2 130 40 20 2 104 129 14 201 8 43 64 224 53 128 130 17 197 10 117 40
32 34 6 137 76 11 224 72 22 160 242 74 195 136 96 0 120 140 110 136 8 243 195 208 20 128 163 40 125 8 112 128
24 49 2 1 65 124 33 64 100 28 238 6 2 132 99 9 104 8 194 128 24 179 161 0 149 129 66 1 227 93 44 214
0 114 10 1 200 65 165 71 164 74 224 109 144 130 225 75 72 8 74 38 65 147 128 0 20 129 50 8 72 16 163 184
44 16 2 160 201 77 33 83 132 124 75 45 2 148 107 75 200 8 130 48 25 147 16 0 148 129 32 111 144 12 56 211
153 82 10 129 68 64 37 87 100 92 70 36 2 128 227 233 96 12 34 16 79 150 163 0 148 161 114 0 24 88 176 200
6 160 148 23 139 83 20 200 150 183 0 9 228 246 75 142 145 94 232 18 54 83 155 56 9 2 77 127 128 116 15 134
24 1 2 40 73 64 33 72 100 4 207 4 130 128 35 76 104 12 202 2 12 147 147 0 148 225 2 9 18 26 62 130
100 66 11 129 204 41 160 198 36 57 194 82 148 144 96 202 104 8 74 96 1 19 65 0 148 128 34 44 152 89 177 128
112 0 6 137 12 9 32 72 102 36 194 2 194 130 32 64 104 132 106 128 12 211 203 80 149 34 130 8 16 8 49 128
50 32 20 137 15 95 144 72 30 180 240 11 198 208 102 196 249 156 234 0 14 243 91 209 153 208 15 55 19 12 61 134
50 32 80 129 77 77 224 72 47 164 240 11 138 152 68 148 232 157 206 129 8 243 211 208 149 144 131 59 69 8 94 134
224 33 2 136 89 86 32 76 228 44 192 8 132 146 42 212 208 140 202 113 68 3 192 0 145 32 138 63 0 8 59 6
32 48 22 152 79 223 176 72 150 180 240 11 196 208 98 196 249 56 234 16 6 115 219 145 29 130 7 63 80 8 45 134
81 34 143 205 14 2 97 88 246 160 230 102 209 227 160 98 120 236 106 136 9 209 175 12 84 163 227 0 41 160 96 160
160 33 2 128 73 7 32 65 168 12 224 9 4 146 42 145 216 136 74 161 68 135 16 76 21 16 138 15 0 0 46 130
129 98 14 179 4 137 97 80 36 16 66 198 179 129 200 74 104 8 34 76 11 180 199 32 196 129 96 0 104 137 80 136
145 98 15 57 70 136 224 84 108 17 98 70 159 129 216 11 40 8 98 76 3 48 134 65 196 161 50 0 97 128 115 136
160 20 18 136 77 102 32 64 8 128 224 27 4 18 34 208 200 128 202 48 20 131 80 206 21 32 10 27 144 9 62 130
17 0 142 129 6 169 97 84 4 49 198 70 19 1 224 74 96 136 74 24 11 144 5 0 212 129 48 64 40 152 112 32
96 32 0 141 75 77 160 72 38 164 240 139 134 128 64 150 104 204 234 0 8 115 211 16 21 0 11 59 65 8 46 130
17 32 15 5 8 10 33 64 236 160 226 70 208 130 208 114 104 196 106 136 1 209 133 64 212 32 163 0 41 0 99 32
160 48 2 8 73 199 128 65 164 140 201 9 132 210 34 148 200 32 202 34 80 131 82 8 17 48 10 31 64 2 35 194
16 106 11 57 0 131 32 83 100 17 198 80 147 129 192 8 104 136 2 158 91 188 197 32 196 193 50 0 105 137 226 128
97 0 73 179 198 8 232 64 168 16 48 66 17 2 105 91 104 131 2 152 80 50 64 224 20 128 186 8 33 73 99 128
32 16 2 137 73 107 161 78 68 44 192 10 134 128 35 214 232 4 202 32 0 19 81 2 149 32 26 49 16 8 63 138
177 40 3 57 2 138 97 80 118 33 98 84 19 129 128 88 112 142 32 72 155 220 229 1 148 224 48 64 105 129 114 160
32 52 2 8 73 96 130 74 4 134 224 8 132 18 34 208 200 128 202 32 25 3 81 2 149 4 138 27 80 9 39 130
80 65 4 129 78 33 33 194 228 17 194 82 147 0 192 75 104 128 74 154 11 50 69 0 84 128 34 8 41 89 112 128
0 234 13 9 72 9 100 83 228 17 219 210 147 1 192 2 72 128 74 138 75 48 69 0 212 1 162 68 97 8 162 128
96 4 2 128 81 77 162 64 128 44 163 26 6 0 34 81 104 132 202 32 36 131 16 6 49 0 2 45 0 72 191 130
32 4 2 9 73 72 165 100 4 6 224 6 128 2 32 215 104 0 202 34 112 51 81 0 53 0 146 1 80 88 38 130
145 3 10 35 196 137 97 84 108 17 98 70 179 128 225 88 96 40 10 92 3 180 134 32 84 128 114 64 56 9 81 168
209 99 11 1 72 9 37 69 100 25 195 92 18 128 168 2 104 138 74 140 3 51 135 65 84 1 34 8 72 82 227 128
1 192 17 233 74 0 172 194 172 16 56 66 157 130 104 98 106 131 74 202 67 0 74 209 132 128 170 40 56 82 163 128
112 0 18 136 9 109 164 66 196 10 130 10 134 128 34 200 232 128 202 34 12 3 0 0 145 32 10 59 16 88 175 6
28 8 3 129 69 121 34 64 36 52 207 2 3 0 33 198 104 8 10 2 0 51 17 0 149 129 2 5 49 90 60 130
8 32 2 1 73 83 33 70 164 4 202 0 2 128 35 142 200 8 202 98 12 147 33 0 145 192 2 11 66 29 38 198
152 33 7 49 136 201 97 80 228 16 194 86 147 3 224 75 104 10 106 152 91 152 67 16 196 129 226 0 56 8 112 160
217 82 7 25 8 140 32 81 116 88 102 116 19 129 224 249 112 140 42 24 75 190 247 1 20 161 112 64 106 128 224 48
104 96 26 12 105 157 16 72 134 44 68 8 132 208 34 80 208 44 234 96 4 3 210 24 1 49 0 63 16 12 15 134
97 130 10 0 200 8 164 65 224 26 224 78 16 128 224 82 104 128 98 8 65 23 128 64 20 32 114 40 72 8 226 128
128 80 18 138 75 77 34 68 68 40 194 2 130 16 32 198 232 16 202 98 80 59 193 34 181 160 2 59 16 10 44 130
57 98 10 33 64 41 161 70 100 121 104 100 19 128 193 26 104 8 66 8 9 146 133 0 212 161 114 32 105 88 98 136
145 35 15 9 10 35 1 90 6 241 70 228 83 135 160 72 64 12 42 92 11 152 99 16 192 129 49 0 56 137 32 48
60 51 2 9 201 79 32 68 164 45 226 1 4 130 32 130 232 0 202 96 16 147 81 0 17 0 2 27 80 8 166 130
96 1 2 128 201 69 32 64 36 13 224 13 4 146 34 80 232 128 202 160 20 139 80 0 53 4 2 59 16 26 167 130
64 48 2 8 201 125 36 68 196 78 202 0 0 146 99 88 232 12 202 16 28 19 241 0 149 32 26 43 152 91 44 70
17 128 14 105 8 130 97 81 102 49 231 70 19 130 232 121 96 12 42 152 91 144 227 16 148 160 178 64 56 136 224 160
192 96 2 16 105 217 48 65 172 140 203 9 132 196 98 0 144 32 234 32 4 7 98 16 21 16 9 59 80 46 37 82
57 17 15 41 8 227 1 90 6 121 70 228 83 149 160 120 68 12 110 24 11 153 39 16 192 225 48 64 56 136 32 113
56 48 2 13 9 87 16 72 86 104 79 1 2 148 42 220 208 60 170 98 12 147 211 16 131 97 0 55 90 7 8 22
16 48 7 9 72 11 160 72 102 160 194 4 192 128 0 64 104 12 106 0 1 211 87 16 20 32 3 0 96 8 39 192
48 32 7 9 72 75 32 72 54 36 194 2 64 192 32 80 120 204 106 128 4 211 203 16 20 32 131 8 64 8 54 192
56 86 2 161 77 60 96 198 100 116 238 6 2 0 34 86 104 136 130 160 8 19 53 128 213 129 194 37 34 90 124 194
24 32 6 41 73 27 160 72 118 168 194 0 194 128 2 64 120 76 106 0 0 211 69 16 84 35 35 1 96 8 58 128
33 32 6 9 73 13 32 72 54 40 194 72 64 192 96 212 120 204 234 0 0 211 203 16 20 34 3 40 0 8 58 128
56 52 2 9 65 113 32 82 84 92 238 36 2 148 99 77 216 24 130 32 12 179 177 0 213 193 66 15 194 76 36 246
60 51 6 161 197 125 32 80 4 120 86 38 2 149 98 79 104 8 130 50 24 178 51 128 212 193 194 71 35 73 52 208
8 17 10 128 200 0 37 89 228 94 70 36 129 130 234 67 104 12 130 34 81 27 162 128 212 193 246 12 0 8 180 232
8 112 10 41 8 9 37 85 228 94 70 36 145 135 226 75 72 8 10 56 73 147 160 0 196 129 118 4 66 80 164 216
48 40 4 163 70 3 37 80 4 34 210 110 19 0 129 9 104 140 2 138 73 178 65 32 212 128 240 32 41 89 16 128
113 242 230 125 16 2 65 93 112 69 231 116 83 0 130 121 80 204 100 28 171 255 229 13 208 234 112 64 233 128 226 112
45 166 207 117 152 10 101 248 214 178 194 228 83 225 145 43 17 100 104 44 185 241 143 8 104 43 101 4 232 248 80 32
80 4 16 135 87 12 228 68 105 39 179 10 12 8 40 194 40 135 10 163 32 35 17 200 181 0 18 0 69 88 33 138
86 160 148 23 139 87 20 200 22 190 64 9 68 246 75 142 145 94 233 18 6 83 155 57 25 2 77 111 130 116 15 134
6 188 148 19 153 215 22 168 190 183 64 1 236 246 79 156 145 123 225 16 54 80 155 127 41 22 77 111 146 116 15 70
113 2 108 125 2 171 65 50 86 33 226 220 83 32 128 121 88 132 36 156 152 216 101 20 84 171 240 80 121 129 80 56
48 6 10 5 70 9 164 102 32 34 242 202 147 0 0 19 104 140 66 99 73 186 65 0 180 33 96 0 105 8 50 136
72 224 16 24 9 221 176 136 142 52 141 8 236 214 107 196 145 49 234 33 6 65 155 81 21 16 11 63 16 6 5 30
14 188 150 27 153 215 50 232 190 181 0 17 204 246 111 159 145 123 235 16 54 65 155 119 47 22 77 111 146 116 141 198
117 6 207 127 138 2 71 248 82 226 246 228 115 225 153 123 93 238 100 46 233 243 239 47 248 175 101 132 237 248 114 49
112 0 80 129 7 12 228 67 72 6 176 11 14 8 4 0 170 129 2 128 64 36 17 194 177 132 2 17 81 120 233 2
96 48 134 29 74 131 32 72 118 168 194 36 96 224 224 82 81 108 106 0 0 211 203 17 20 34 101 56 56 32 34 144
193 137 81 128 194 128 234 130 200 0 184 82 157 2 36 82 106 163 10 202 69 10 68 242 60 136 170 40 61 0 225 128
16 32 134 13 10 11 32 72 246 180 194 8 64 224 98 68 121 108 106 0 32 211 235 28 28 34 5 39 112 40 0 196
8 1 150 13 9 223 48 8 134 165 98 0 196 208 96 206 128 52 234 16 4 129 211 16 7 114 1 11 210 12 4 22
112 0 2 137 76 9 32 72 230 32 194 14 194 128 32 80 104 132 106 128 9 147 221 80 149 32 130 32 24 8 49 160
16 0 14 137 72 9 33 72 102 36 194 2 194 129 2 64 104 132 106 8 8 147 69 16 149 32 130 16 48 8 49 224
121 48 7 9 40 19 1 88 230 121 70 116 3 129 226 125 68 12 106 92 155 145 231 16 134 225 32 64 58 133 160 209
56 50 43 41 8 107 1 86 100 109 78 228 147 132 226 88 64 12 98 28 137 154 231 0 192 97 48 32 80 72 52 249
117 166 207 117 142 10 71 248 118 242 210 230 83 225 209 43 25 236 108 46 169 242 239 10 120 175 101 4 237 248 114 33
56 48 134 13 11 11 32 72 182 176 194 72 80 224 96 192 113 108 234 0 32 209 155 29 28 34 69 36 112 44 0 128
184 50 38 8 9 23 16 73 101 140 199 5 2 148 34 93 196 12 234 48 140 147 51 0 131 112 0 3 82 6 190 214
96 32 166 29 74 67 0 72 118 232 198 0 112 244 98 114 81 108 106 0 0 195 207 17 93 34 101 60 48 32 38 160
114 48 2 129 77 93 176 72 47 164 242 11 142 156 70 148 232 157 238 129 12 115 211 192 149 16 11 59 67 12 79 134
65 34 79 133 74 10 105 80 108 224 242 230 221 131 208 114 106 205 110 140 129 211 229 64 212 161 171 128 44 128 35 160
40 176 22 153 73 223 176 200 150 180 194 11 196 214 98 132 249 25 234 0 6 243 219 145 29 18 7 63 82 12 45 198
81 2 207 109 78 2 97 120 118 192 230 230 81 227 160 98 120 204 106 140 137 243 231 12 84 171 227 0 57 168 96 160
44 21 18 1 201 68 34 64 164 4 232 1 0 18 98 198 232 0 202 112 8 147 80 0 53 128 2 67 144 14 46 130
12 49 2 1 201 21 34 64 36 12 234 1 134 150 34 198 200 8 202 64 84 19 81 0 181 0 2 79 82 10 174 150
8 17 18 168 75 93 54 64 196 36 192 0 6 144 42 194 232 28 202 98 68 151 128 2 181 129 2 63 82 10 172 134
25 10 14 43 134 137 97 80 228 24 110 70 179 128 225 74 104 10 74 30 67 180 7 32 212 129 114 0 121 0 97 168
53 10 11 161 198 169 33 208 100 16 226 70 19 0 225 90 104 136 10 136 11 146 198 0 212 129 34 40 41 88 114 160
9 114 14 41 40 91 33 80 164 88 70 228 147 199 234 105 76 24 42 44 73 147 166 0 194 193 38 4 122 128 32 241
25 178 19 169 108 80 49 250 116 92 78 38 133 130 232 101 88 12 162 32 93 154 162 192 208 193 226 12 26 8 32 209
8 48 6 128 73 85 33 92 132 124 214 35 2 181 106 11 232 8 130 48 9 179 34 128 153 193 66 7 74 28 120 211
56 112 34 40 33 115 16 76 84 92 228 33 2 148 106 97 216 28 130 32 136 147 50 0 147 193 66 15 210 92 46 215
49 10 4 161 2 3 37 82 4 120 222 110 19 1 129 73 104 140 6 10 73 154 65 0 212 128 224 0 41 218 48 128
9 17 7 129 200 25 33 84 228 120 70 228 147 135 225 103 104 10 10 8 35 22 37 0 20 193 34 4 2 152 37 248
56 84 2 128 197 124 36 69 116 124 239 35 2 146 106 213 120 140 130 32 12 179 160 128 181 161 194 39 66 126 252 214
48 10 11 35 70 8 164 116 36 18 242 230 179 0 128 35 104 138 66 138 9 186 68 32 212 161 242 0 97 152 114 168
185 19 110 123 128 139 65 80 116 121 198 240 83 5 160 121 84 156 46 88 155 212 103 48 194 235 112 64 106 137 112 48
140 80 2 128 65 127 38 64 164 36 234 2 2 128 35 198 104 140 130 98 44 179 48 0 177 128 2 13 2 123 44 198
25 51 15 51 136 137 97 208 100 88 198 102 147 3 224 107 104 130 106 88 27 156 99 32 196 193 226 0 58 137 112 240
40 84 2 8 73 119 38 64 164 4 236 1 130 144 35 198 200 8 202 34 12 179 112 0 177 193 2 15 66 95 36 206
40 96 18 9 105 91 16 76 132 12 68 9 132 144 42 84 192 28 202 98 68 147 210 24 227 112 0 59 18 30 47 223
41 2 10 129 72 140 165 71 228 26 105 86 17 162 224 98 105 138 2 138 83 50 192 96 84 129 226 40 89 88 235 160
6 164 148 27 153 215 50 200 190 181 64 1 236 246 111 157 145 95 235 49 38 80 155 127 41 22 77 111 146 36 15 198
25 34 143 35 128 8 165 87 100 91 97 118 147 129 224 75 104 10 66 136 9 178 131 0 212 193 98 32 233 88 242 128
57 26 79 105 8 131 65 82 22 113 198 228 83 132 128 120 80 140 46 92 139 144 101 16 210 225 48 208 56 137 32 49
240 133 18 128 71 76 166 224 72 38 178 10 6 32 32 192 232 128 10 227 40 51 17 199 53 32 130 5 65 8 125 130
117 6 207 126 170 2 71 248 114 226 242 238 115 225 145 123 95 228 116 46 233 243 175 46 248 175 101 128 237 248 114 33
6 168 148 27 153 221 50 200 191 181 64 17 236 246 79 140 145 91 235 17 54 64 155 115 45 22 95 111 146 116 143 198
96 16 18 128 81 72 34 64 4 12 200 11 4 146 34 194 232 128 202 16 4 131 80 0 181 4 6 27 128 78 46 134
145 179 27 9 0 0 33 210 100 25 98 116 19 128 192 113 104 138 106 216 139 178 231 1 212 161 34 0 104 208 224 160
68 140 9 192 222 0 235 194 168 48 144 66 144 34 96 2 105 128 10 136 1 10 68 194 188 132 170 104 57 32 49 128
64 0 2 8 73 93 166 64 4 14 202 10 130 132 34 196 232 16 202 2 12 19 97 0 21 0 2 43 80 94 37 198
32 48 2 8 73 29 52 64 132 46 196 1 128 146 34 84 200 4 202 34 4 3 16 0 17 32 2 63 66 12 39 198
113 6 207 126 26 2 71 248 114 194 98 236 115 225 177 123 85 230 100 46 169 243 175 46 232 175 101 144 237 240 114 33
96 20 2 136 89 71 160 66 4 12 160 8 128 144 34 209 200 0 202 32 36 131 16 76 49 16 2 31 0 12 47 130
161 170 13 35 72 137 97 144 100 16 70 198 147 0 192 107 104 170 10 138 11 48 103 32 196 128 162 0 104 216 112 160
104 52 2 8 89 85 16 72 132 160 192 9 132 150 34 208 216 20 202 32 36 3 80 18 53 36 10 63 16 12 47 214
32 2 93 178 116 136 232 0 232 0 48 70 249 106 60 82 106 131 6 136 33 32 12 237 4 154 226 0 85 128 97 128
96 0 2 128 65 79 160 64 224 37 130 10 134 128 34 196 216 4 202 32 12 131 0 66 145 52 2 63 64 8 37 146
21 162 141 59 130 137 96 208 102 17 70 70 147 1 192 104 104 136 74 152 11 176 103 32 198 193 178 0 105 208 240 128
112 3 111 73 2 139 97 84 116 49 230 228 83 129 160 121 112 140 34 28 153 144 229 16 84 168 112 64 241 136 96 40
36 16 18 136 201 103 144 72 140 4 224 11 134 146 35 216 200 16 202 32 0 3 80 8 145 48 10 27 144 9 47 146
72 96 18 8 89 249 48 72 174 32 128 8 140 214 107 132 144 57 234 32 4 3 2 24 21 17 9 63 16 20 13 198
193 6 81 186 76 128 236 0 200 18 48 66 157 194 96 83 107 161 10 138 97 3 6 240 36 145 170 40 24 0 65 128
145 104 10 35 68 136 96 80 100 16 66 198 19 129 192 3 104 136 66 142 75 180 199 33 212 193 98 0 105 152 113 144
48 0 18 134 69 76 132 71 104 46 178 27 10 34 36 128 232 137 6 129 72 187 17 224 177 128 158 3 65 40 233 10
32 32 2 128 201 67 164 71 36 14 160 1 4 130 98 208 232 128 202 128 68 11 16 64 177 0 154 7 64 4 175 202
17 98 10 33 4 169 97 80 52 16 70 198 51 129 224 73 120 136 34 26 11 148 71 0 212 129 96 0 41 152 80 128
49 10 205 105 2 163 65 16 86 33 226 228 83 1 128 120 92 172 44 156 138 144 101 16 210 168 48 64 113 137 96 32
96 49 18 136 73 86 32 79 236 1 193 24 4 146 98 213 216 140 202 33 4 11 16 192 17 16 26 63 0 8 175 142
192 0 22 24 9 221 176 9 142 160 64 9 204 212 96 196 144 49 234 32 6 1 210 17 7 48 1 59 82 36 13 22
40 17 118 121 160 151 16 24 22 72 102 36 211 196 170 89 84 60 166 16 154 144 98 16 194 249 96 132 82 140 36 113
48 66 10 227 68 34 101 212 100 49 202 66 19 0 232 112 104 142 2 8 10 178 197 0 212 160 162 4 161 218 240 128
81 102 0 3 64 137 101 80 100 114 202 78 179 0 153 80 104 136 74 154 75 22 197 48 180 0 34 0 57 82 80 0
149 3 142 97 132 2 97 208 102 17 230 66 19 1 225 106 104 140 42 216 11 176 5 0 212 160 162 68 41 138 112 128
21 228 9 193 196 136 101 208 100 18 66 70 17 3 216 67 97 136 42 218 67 52 135 81 148 129 162 68 41 130 113 160
1 226 73 3 4 137 100 144 100 18 74 198 147 0 216 97 32 8 74 154 67 16 231 113 196 129 162 32 32 210 81 160
184 50 15 43 8 139 33 84 116 121 199 244 19 133 224 73 76 14 46 24 139 144 101 0 192 225 32 64 114 152 48 177
224 132 2 130 77 44 160 192 168 0 184 18 4 128 32 6 232 2 202 1 16 43 144 98 21 32 10 11 64 11 43 134
224 36 2 132 93 29 162 67 140 44 216 26 132 128 34 6 232 0 202 32 80 43 128 130 53 16 10 43 64 8 177 130
58 16 38 8 1 87 20 65 53 100 207 1 66 148 38 93 212 28 170 50 140 147 33 0 131 113 64 7 82 12 188 71
160 33 2 136 137 73 180 64 140 34 144 9 132 128 99 10 200 8 202 66 0 39 192 0 145 16 26 59 80 25 47 138
24 177 6 129 32 21 37 220 116 92 86 100 147 135 234 97 124 10 38 76 75 218 39 64 198 193 230 12 34 156 160 241
56 21 2 136 225 86 48 76 84 124 237 3 2 180 106 205 220 28 130 32 12 243 32 0 211 209 70 7 210 92 164 211
25 50 43 41 170 153 37 214 118 120 78 228 147 132 225 120 86 12 38 60 201 144 230 16 192 233 112 36 120 144 34 217
25 146 14 129 32 29 37 214 116 90 78 228 179 134 234 96 121 8 34 12 203 150 167 32 214 193 102 4 42 152 32 249
46 80 34 8 169 119 20 78 181 108 199 1 2 148 34 253 208 28 170 34 12 147 112 0 147 113 64 15 82 93 174 214
153 114 47 41 42 43 1 218 36 88 78 244 147 133 178 105 68 12 102 28 137 150 103 0 192 233 96 12 122 209 176 241
29 30 11 43 232 41 37 208 4 122 70 244 19 147 232 107 104 10 34 26 25 18 103 32 84 129 98 8 58 217 224 177
168 21 2 8 73 87 54 72 132 12 204 9 134 148 43 196 216 24 202 34 68 147 114 2 179 81 2 11 82 94 44 206
29 26 11 107 128 8 37 80 116 90 103 116 19 129 232 121 112 14 34 14 219 146 231 32 212 233 112 0 184 216 224 241
40 116 18 8 41 223 22 104 132 44 76 9 132 212 42 196 192 60 202 34 68 147 210 16 163 113 0 63 18 94 175 215
40 148 18 136 73 95 182 224 196 46 236 9 134 144 34 198 232 24 202 34 68 179 16 6 177 176 2 47 82 94 47 198
29 50 143 35 128 137 97 212 100 89 78 102 147 129 225 107 104 10 34 28 11 152 99 32 212 193 54 0 232 202 48 248
0 132 18 160 69 76 166 224 0 46 186 2 4 50 34 198 233 128 130 34 4 51 16 206 61 133 130 7 65 10 125 130
140 53 18 8 249 85 54 72 132 46 200 1 132 148 35 132 200 24 202 34 68 147 16 0 181 80 8 111 82 14 46 214
17 146 10 99 128 9 33 212 100 113 70 230 19 131 224 97 104 14 42 28 11 154 103 32 212 225 34 64 184 136 48 184
96 52 18 9 73 85 50 64 164 68 204 9 134 148 34 198 200 16 202 32 4 19 210 2 53 48 0 59 18 78 46 198
17 138 13 43 2 136 97 210 228 80 226 102 179 129 192 99 105 138 10 138 11 184 39 113 196 193 162 0 121 128 96 160
74 32 18 8 73 93 52 74 132 14 192 9 132 132 34 196 192 16 235 34 4 3 226 16 21 17 8 59 2 14 47 215
17 2 13 59 6 9 101 80 100 90 102 70 179 1 232 107 104 138 10 142 11 48 103 33 196 129 98 0 121 192 97 160
32 16 2 8 73 95 176 104 4 36 160 9 134 148 34 212 200 16 202 32 36 131 80 6 17 20 10 27 64 12 47 198
17 10 11 83 0 137 97 80 100 88 102 102 179 129 225 121 104 138 34 12 139 184 231 32 196 192 226 0 104 216 80 160
40 52 2 8 89 95 50 72 132 36 192 9 132 150 34 214 200 28 202 32 36 3 16 0 53 48 2 63 16 12 47 150
25 10 1 113 4 136 97 80 100 16 98 198 147 195 224 122 104 168 2 152 11 144 230 0 132 193 226 0 184 138 80 160
96 0 2 128 65 70 160 64 168 12 178 10 6 148 34 208 232 132 202 0 12 163 16 64 145 16 10 31 64 8 47 150
29 34 205 33 130 137 97 80 100 80 110 198 19 1 192 99 104 136 14 156 11 176 71 0 212 193 162 64 105 138 112 128
36 16 18 8 201 87 144 74 140 12 192 9 132 150 34 212 216 16 202 32 4 3 82 0 145 16 10 59 80 12 39 198
145 131 76 113 6 137 97 144 100 80 98 198 19 129 232 105 104 136 46 92 11 144 103 17 212 129 98 4 57 136 112 160
177 2 107 89 2 139 65 80 118 32 230 228 19 1 136 121 120 142 36 92 139 148 229 16 212 168 240 64 121 136 114 48
32 16 18 136 73 75 176 74 140 44 128 11 134 148 34 212 216 148 202 32 4 131 16 0 145 48 26 63 16 8 47 206
2 48 18 8 105 217 176 72 142 4 132 9 140 212 106 132 144 57 203 32 4 3 82 24 21 16 11 63 18 60 15 150
65 66 73 161 76 8 232 36 200 16 48 66 153 66 160 67 104 0 2 168 1 16 70 192 68 129 234 40 57 16 99 160
17 0 9 185 68 136 100 80 100 82 96 70 179 1 192 99 104 136 2 142 73 176 135 80 196 225 226 0 121 128 97 160
48 12 18 134 69 100 224 66 41 36 186 11 46 10 34 192 233 135 130 129 8 187 1 226 145 0 146 3 65 72 108 14
32 16 18 128 73 6 176 68 172 13 224 25 132 146 34 148 216 132 202 32 4 131 16 64 145 16 90 31 80 12 175 206
17 34 10 49 6 137 101 80 100 82 70 198 19 129 192 106 104 168 46 140 11 176 7 0 212 129 34 0 105 216 80 144
113 2 76 117 18 171 65 80 20 105 230 204 83 1 144 89 124 172 108 156 169 144 69 28 212 171 240 208 249 137 114 32
96 0 18 136 73 86 48 72 236 1 128 25 132 146 34 212 200 4 202 33 20 139 16 192 145 16 26 127 0 12 175 150
17 2 75 59 64 8 100 80 116 18 122 198 179 32 136 41 120 138 6 14 139 176 100 33 196 161 226 0 105 138 82 176
177 11 142 163 2 139 101 80 4 112 234 226 19 1 128 104 104 136 38 140 9 176 69 32 212 193 224 0 41 202 48 161
21 2 70 1 132 2 97 80 118 80 234 66 19 1 224 96 121 140 46 218 75 182 69 80 220 168 162 64 105 138 96 160
25 162 1 193 6 136 101 240 100 18 74 70 17 3 208 67 105 136 10 138 67 144 13 64 148 129 34 4 41 194 97 160
149 3 72 41 128 137 101 16 100 82 66 196 179 64 145 89 96 136 6 200 139 144 71 16 132 161 34 0 248 208 80 160
64 164 2 128 77 13 180 228 132 38 208 27 132 128 42 195 232 2 202 34 48 35 144 128 53 16 26 111 0 13 177 134
36 132 2 136 221 45 162 224 160 1 160 3 132 128 42 7 233 2 202 49 52 35 16 196 53 16 10 95 192 13 43 134
21 7 13 35 132 136 97 80 100 16 250 66 179 3 217 65 120 138 6 152 11 176 69 96 212 128 166 64 161 130 112 160
68 8 18 136 201 65 54 64 204 6 128 8 132 146 33 70 200 16 202 16 18 3 0 130 53 20 14 63 144 92 37 134
25 147 10 169 164 87 53 252 20 92 214 38 130 182 234 237 220 8 166 98 141 243 34 128 202 209 230 70 18 140 180 219
153 50 107 105 160 139 101 214 116 90 70 228 19 133 171 121 92 46 6 94 203 208 39 32 194 233 98 132 106 208 96 249
25 146 2 137 32 149 37 212 244 88 94 228 19 167 234 97 125 40 38 136 203 210 166 192 222 193 230 4 58 204 33 217
172 20 58 136 225 87 48 104 85 237 246 7 2 180 106 221 216 124 130 32 28 243 48 128 155 209 70 15 194 108 44 215
14 49 50 24 233 215 20 72 21 76 70 1 134 180 46 221 212 56 226 34 20 147 114 0 147 113 64 15 210 125 174 215
29 154 11 225 192 9 37 240 68 90 102 230 51 131 224 96 105 8 34 12 9 146 167 0 220 193 230 96 186 168 96 177
29 58 43 107 128 11 97 208 116 89 230 244 19 129 232 105 120 138 46 28 139 240 103 32 198 201 96 0 234 200 224 241
40 20 18 8 73 95 178 96 132 12 228 9 134 182 34 199 204 16 194 32 36 179 16 10 177 85 2 31 82 44 47 214
10 52 18 8 105 95 54 104 140 78 196 9 132 212 34 196 200 25 202 32 36 131 50 2 53 84 10 47 18 12 47 214
21 26 79 115 128 139 97 80 116 88 102 230 19 129 232 97 120 138 46 28 139 208 37 32 222 233 230 64 56 136 112 240
25 186 75 123 0 138 97 208 116 88 230 230 51 1 224 121 121 138 46 140 139 176 103 49 214 233 226 0 121 128 96 240
74 48 18 8 105 223 50 72 140 12 196 9 132 148 34 196 212 56 203 32 4 3 210 18 55 21 8 63 18 12 47 214
104 48 18 8 105 223 176 72 140 4 196 9 132 214 34 212 216 52 202 32 4 3 18 0 21 48 10 63 18 44 47 214
104 17 2 128 201 118 180 67 40 12 184 11 4 150 34 212 200 150 202 0 4 131 80 64 53 16 10 31 64 76 175 198
74 48 18 24 105 221 48 74 142 68 192 9 132 214 34 212 208 49 202 32 4 3 82 88 21 48 10 59 18 44 15 199
25 34 65 49 2 137 101 17 116 80 102 230 19 1 192 121 120 168 46 158 139 176 103 0 212 201 226 0 105 136 240 128
32 17 18 8 201 127 144 74 140 44 204 9 132 150 42 196 216 16 202 32 4 11 80 0 149 48 10 59 16 76 47 199
25 66 73 129 198 9 101 117 100 80 119 70 147 3 224 99 104 136 2 142 1 176 110 160 244 193 230 32 41 153 240 160
160 20 18 128 237 111 176 66 168 12 184 27 134 150 34 148 248 214 202 32 12 171 16 194 149 16 26 31 0 76 47 206
25 66 77 105 0 138 97 212 118 80 66 230 19 1 192 104 120 136 46 156 139 176 109 48 196 225 178 0 105 153 112 160
32 84 18 136 73 247 176 74 172 13 200 25 132 214 34 148 216 176 202 33 4 7 82 2 49 16 10 31 80 76 175 214
17 106 204 171 6 137 97 148 100 80 70 198 155 129 224 98 104 136 14 206 11 176 71 96 198 129 162 0 41 219 113 160
224 212 18 136 205 118 148 207 200 6 136 25 134 146 34 196 216 144 138 32 4 135 82 194 49 16 14 95 0 92 175 214
49 2 79 179 4 8 97 16 84 80 115 230 147 1 192 96 120 136 38 142 139 176 71 128 196 129 226 0 33 138 112 160
21 34 66 9 128 11 97 80 116 80 106 230 19 1 144 80 112 136 46 156 137 144 39 16 212 160 34 0 233 194 112 160
6 48 2 136 217 157 180 67 140 2 128 9 132 208 34 134 200 32 202 48 36 39 210 78 53 16 10 127 208 12 171 198
16 3 67 99 0 1 101 80 116 0 234 70 51 1 128 80 120 142 46 216 139 178 101 32 244 160 162 0 105 138 112 160
40 84 146 140 125 87 176 68 20 12 252 35 134 182 34 197 216 92 130 32 4 179 50 140 177 243 2 15 2 29 46 215
25 59 139 227 132 17 101 89 116 216 118 230 147 163 224 97 120 10 6 140 139 144 47 33 206 193 227 36 42 168 225 241
10 52 50 28 121 221 50 72 158 76 68 9 140 214 42 212 144 57 203 32 36 3 242 26 167 117 9 59 18 4 15 215
25 82 79 113 128 139 101 85 116 72 230 230 51 129 226 105 121 168 38 140 139 208 39 1 222 201 230 0 56 152 240 177
57 210 107 123 0 139 97 212 118 104 230 228 115 129 144 120 124 142 46 28 139 176 101 48 208 233 176 0 105 152 96 113
25 71 9 241 196 137 101 214 100 88 126 102 145 195 224 96 104 170 6 140 201 144 175 192 244 193 231 0 57 216 241 176
74 49 50 24 249 255 54 79 140 68 204 9 140 212 42 196 216 57 203 33 4 3 114 16 53 17 10 63 18 124 143 215
74 52 18 24 233 253 180 75 142 12 200 9 140 214 42 212 208 49 202 32 4 3 82 88 21 48 10 59 18 108 143 199
40 20 18 128 201 86 182 198 136 14 184 11 6 182 34 212 233 214 202 2 28 171 16 224 177 20 142 23 192 92 175 134
106 20 18 24 233 255 180 71 140 14 200 9 140 246 42 212 216 48 202 32 4 3 82 2 21 48 10 59 82 92 175 199
32 20 18 136 237 119 182 198 172 14 176 27 134 182 34 148 217 215 202 32 52 171 16 194 181 22 30 31 144 93 175 198
25 83 77 107 130 139 101 148 118 80 230 230 19 1 192 112 120 136 46 222 139 176 111 48 198 233 164 0 121 155 240 56
138 68 18 152 105 253 180 79 174 142 200 25 140 246 42 132 208 49 203 33 36 3 82 82 53 16 10 59 18 124 175 198
21 107 73 235 134 137 101 144 118 80 118 198 147 129 225 97 120 136 14 206 203 176 111 112 228 201 166 0 57 155 112 184
96 20 18 152 201 87 148 78 152 14 192 25 132 150 34 196 216 49 202 33 116 3 82 194 49 18 30 63 208 92 175 222
21 74 201 107 6 10 97 144 116 64 242 230 19 65 152 121 120 136 6 206 139 176 69 32 196 169 226 0 105 155 112 176
21 11 79 227 134 10 101 208 116 64 114 230 83 1 136 97 120 138 46 206 139 176 101 32 196 169 162 0 41 139 240 48
25 51 107 243 164 27 101 214 118 72 118 230 17 135 226 105 124 138 6 140 217 240 37 224 214 201 230 128 59 216 224 241
25 19 107 113 128 26 101 214 119 72 246 230 83 135 160 121 120 138 14 204 219 240 101 34 214 205 166 128 59 216 240 241
185 19 235 121 176 171 103 212 119 104 246 244 83 5 178 120 124 142 62 220 171 176 101 62 210 239 52 128 109 209 240 113
42 20 18 152 201 213 182 198 140 15 128 25 140 246 42 196 216 113 202 32 52 11 82 194 53 22 30 59 146 92 175 214
29 75 109 123 134 139 101 144 118 64 118 230 115 65 153 120 120 136 46 222 139 176 109 50 196 237 166 0 121 152 112 48
29 3 73 249 134 42 103 144 116 64 118 230 211 65 145 96 120 200 38 206 155 176 109 66 196 237 166 4 125 250 97 240
