3 143 3 158 20 131 170 230 86 0 90 70 96 234 176 228 89 106 19 141 167 152 14 255 32 38 138 128 28 10 48 140
104 48 56 96 33 12 81 16 97 136 52 8 159 23 0 48 132 20 93 8 136 96 176 64 195 249 32 16 66 128 66 35
2 143 2 158 23 131 178 230 22 4 90 163 96 234 34 192 89 107 131 128 38 152 10 255 32 38 138 3 20 14 60 138
104 48 56 96 32 77 81 16 105 136 52 8 159 23 0 48 132 21 221 8 136 96 176 0 195 249 32 16 64 128 66 35
1 143 3 158 20 131 170 230 86 1 88 70 96 224 188 228 89 106 2 141 163 184 12 255 32 46 130 8 28 10 112 172
104 48 56 96 33 77 81 16 105 136 52 8 159 23 0 48 132 20 93 8 136 96 176 0 195 249 32 16 66 128 66 35
104 48 56 96 33 77 81 16 105 136 52 8 159 23 0 48 132 21 93 8 136 96 176 0 195 249 32 16 66 128 66 35
3 143 3 158 20 131 170 230 86 0 90 70 96 226 180 228 89 106 18 140 135 152 14 255 32 46 138 128 28 10 112 140
104 48 56 96 32 77 81 16 105 136 52 8 159 23 0 48 132 21 221 8 136 96 176 0 195 249 32 16 64 128 66 35
130 141 6 158 23 195 186 230 150 4 90 131 96 234 32 65 89 107 131 128 34 152 10 255 32 38 138 3 20 12 60 138
72 48 56 96 33 77 81 16 105 136 52 8 159 23 0 48 132 21 221 8 136 96 176 0 195 249 32 16 66 128 66 35
49 207 104 78 214 145 206 247 68 0 28 230 113 96 180 32 77 226 18 207 218 40 44 61 104 40 165 192 125 154 240 136
2 141 3 158 20 131 171 238 22 1 88 66 112 232 56 68 89 106 2 137 35 184 8 255 32 38 138 136 20 10 48 168
104 48 120 96 32 77 81 16 105 136 52 40 159 23 0 48 134 21 93 8 136 96 176 0 195 249 32 145 66 128 66 35
130 143 2 158 23 131 186 230 150 5 88 163 96 232 50 193 89 107 131 133 38 184 8 255 32 38 138 11 20 12 60 138
104 48 112 96 101 29 81 16 105 168 180 8 31 25 68 52 140 148 198 8 137 96 240 192 199 217 33 50 66 128 66 35
2 141 2 158 23 131 186 230 22 4 88 131 32 234 34 192 89 107 131 133 38 152 14 255 32 38 138 3 20 14 60 142
104 48 56 96 33 77 81 16 105 168 52 8 159 23 64 48 132 148 93 8 136 96 240 0 195 217 33 48 66 128 66 35
3 134 3 154 28 147 138 236 86 1 88 194 96 232 188 196 89 42 18 141 39 170 15 191 40 38 155 136 28 14 176 140
104 48 56 96 32 76 81 16 105 136 52 8 159 23 0 50 132 84 93 8 136 96 176 0 195 249 32 16 64 128 66 35
2 141 2 158 21 195 190 230 22 4 90 2 96 234 48 64 89 122 147 193 34 152 10 255 33 38 138 3 20 10 52 138
3 143 3 158 20 131 170 246 86 1 88 70 96 232 180 100 89 106 2 207 163 184 12 255 40 46 138 128 28 138 112 140
2 141 2 158 23 195 182 230 22 5 90 163 96 234 34 192 89 123 131 193 38 136 10 255 32 38 154 11 20 14 60 138
3 143 3 158 20 131 170 246 86 0 88 70 96 224 180 228 89 106 2 206 167 186 12 255 40 46 170 128 29 138 112 172
104 48 56 96 33 77 81 16 105 168 52 8 159 23 64 48 132 149 93 8 136 96 240 0 195 217 33 48 66 128 66 35
130 143 6 158 28 130 174 226 148 6 218 163 96 234 32 193 121 98 171 227 100 153 15 255 32 38 202 131 20 44 60 140
104 48 56 96 32 76 81 16 105 136 52 8 159 23 0 50 132 84 93 8 136 96 176 0 195 249 32 16 64 128 66 35
161 207 104 30 212 129 206 247 84 4 92 198 113 96 176 4 88 226 2 207 250 40 12 63 40 12 173 192 117 154 240 140
3 132 3 154 28 131 138 236 22 1 88 66 96 232 184 228 89 42 19 129 35 170 11 191 40 38 155 136 28 10 176 140
88 48 120 96 34 92 81 16 105 136 54 40 159 23 128 18 166 213 253 0 0 64 176 0 195 249 36 131 98 128 7 19
130 141 6 158 23 195 186 230 150 4 218 163 96 234 34 193 121 107 139 133 38 137 14 255 32 38 138 3 20 12 60 142
104 48 56 96 33 77 81 16 105 168 52 8 159 23 64 48 132 148 93 8 136 96 240 0 195 217 33 48 66 128 70 51
3 134 2 155 93 147 138 236 22 1 89 211 96 232 184 196 89 74 130 165 38 186 79 191 44 6 159 108 29 14 184 140
104 48 56 96 33 77 81 16 105 168 52 8 159 23 64 50 132 212 93 8 136 96 240 0 195 217 33 48 66 128 66 35
2 141 2 158 21 195 190 230 22 5 88 131 32 232 50 64 89 106 131 193 98 186 10 255 40 38 138 11 21 10 60 138
3 143 3 158 20 131 170 230 86 1 88 198 96 232 180 196 121 106 18 141 163 184 12 255 40 38 138 136 28 10 48 172
2 143 2 158 87 131 182 230 22 4 90 163 96 234 34 192 89 123 131 193 38 154 14 255 32 38 138 3 21 14 60 142
3 143 3 158 20 131 174 230 86 0 90 198 96 226 180 228 121 106 2 207 167 184 14 255 40 46 138 128 29 14 240 140
104 48 56 96 32 77 81 16 105 168 52 8 159 23 64 50 132 212 93 8 136 96 240 0 195 249 33 48 64 128 70 51
130 142 6 159 28 131 174 224 148 22 210 227 96 234 176 197 121 98 170 231 100 205 15 255 32 34 203 129 20 44 56 4
104 48 56 96 33 76 81 16 105 136 52 8 159 31 0 50 134 84 93 8 136 96 176 128 195 249 32 18 66 128 70 51
130 141 14 158 22 195 190 230 150 4 90 163 96 234 50 65 89 107 131 195 102 185 8 255 40 38 138 3 20 10 60 138
3 143 3 158 20 131 174 230 86 0 88 198 96 226 180 228 89 106 2 207 163 184 14 255 40 38 142 64 28 10 176 140
130 143 6 158 22 131 174 230 150 4 90 163 96 234 34 193 89 107 131 199 102 153 12 255 40 38 138 3 20 12 60 142
3 143 3 158 20 131 170 238 86 1 88 198 96 232 188 228 89 106 2 141 167 186 12 255 40 46 138 136 29 10 112 140
104 48 120 96 33 77 81 16 105 168 52 8 159 23 64 48 134 149 93 8 136 96 240 0 195 217 33 177 66 128 70 35
