0 32 22 137 73 11 160 72 238 36 226 9 196 194 96 64 232 140 106 128 4 243 203 80 21 2 3 3 64 0 39 134
209 18 11 201 100 139 33 85 118 41 102 118 19 129 160 105 112 140 42 24 17 158 163 16 84 161 242 64 152 136 112 161
80 0 0 137 78 9 96 72 100 32 194 138 195 128 0 66 104 204 106 8 8 51 199 0 148 32 130 57 48 8 16 0
16 32 6 1 75 3 32 72 118 160 226 8 65 194 64 16 121 76 98 128 0 211 139 0 25 3 1 33 97 0 34 128
12 49 2 136 73 213 160 72 172 140 232 1 142 210 99 204 200 168 234 224 12 35 19 192 145 241 138 75 82 15 47 146
72 34 152 100 32 12 80 16 41 12 54 9 223 35 2 18 132 196 108 12 8 96 193 0 195 249 32 17 64 160 74 3
64 0 6 140 77 3 32 72 54 0 194 10 196 194 32 64 120 204 106 0 0 211 131 208 149 32 131 9 16 8 41 130
0 32 134 29 72 134 160 72 246 128 226 64 80 224 64 2 56 108 106 0 0 243 139 16 20 32 3 8 65 32 35 128
112 32 4 129 12 11 32 64 198 32 194 75 194 130 64 64 104 132 106 4 8 147 197 16 148 32 139 16 16 8 48 132
16 32 6 5 8 10 32 64 230 160 226 0 194 130 64 82 104 196 106 128 12 211 201 80 148 32 3 49 64 0 35 128
32 32 6 1 73 11 160 72 110 168 226 8 128 192 0 80 104 12 106 0 0 243 207 16 20 0 3 17 65 0 115 128
88 32 6 12 74 10 32 72 36 32 194 202 83 130 0 146 104 204 106 128 0 211 199 64 20 34 34 0 97 0 35 128
80 32 2 129 75 0 32 64 230 160 194 74 2 130 32 82 96 204 106 136 0 211 133 64 148 32 3 8 32 0 35 130
104 16 20 141 75 77 177 72 206 28 192 11 4 144 99 206 200 24 234 97 6 51 210 145 21 48 3 63 18 14 45 143
32 32 18 1 74 9 160 64 102 160 226 10 192 128 96 144 104 12 106 0 0 243 197 16 20 0 3 48 65 8 90 128
16 32 134 141 8 2 32 72 230 160 194 2 196 162 32 66 104 68 106 0 0 211 131 16 149 34 130 16 16 40 33 128
81 32 19 129 11 8 32 64 110 32 226 2 132 130 0 80 104 140 106 128 4 211 213 80 149 32 131 16 41 0 35 130
80 18 134 4 74 134 32 72 118 136 194 100 66 224 96 82 112 108 106 128 9 211 139 0 24 34 69 14 104 32 32 20
9 162 143 169 70 11 225 82 100 17 114 70 149 3 0 8 106 136 74 140 11 178 69 65 212 225 250 0 105 0 35 136
16 32 7 141 11 66 32 72 230 32 194 2 192 210 32 70 104 196 106 128 8 211 195 208 148 32 130 17 32 8 53 2
80 0 10 129 74 8 33 64 100 32 198 2 215 130 32 66 96 204 106 136 1 209 197 64 148 32 2 0 32 0 35 160
105 50 16 232 45 13 80 16 107 40 176 77 159 27 0 208 140 133 108 12 141 34 208 144 195 249 33 48 74 136 74 3
99 34 0 40 44 13 72 8 107 188 176 77 130 192 86 22 205 196 110 12 142 99 203 17 152 176 5 60 80 136 90 4
33 32 6 9 72 11 161 72 118 224 224 8 208 192 66 114 57 76 106 4 1 211 239 16 28 2 5 40 64 0 82 244
1 2 79 193 28 139 97 83 38 49 67 198 147 1 160 73 104 172 106 28 19 184 71 20 86 169 178 64 185 136 80 56
80 32 134 5 73 75 32 72 54 224 194 141 67 228 66 18 112 204 234 0 8 211 215 8 21 34 1 1 33 32 38 208
32 32 2 129 73 73 160 64 110 160 226 10 128 128 96 16 104 12 106 0 0 115 209 16 21 0 3 57 81 8 70 130
105 34 0 172 45 13 64 24 43 184 176 77 143 0 82 214 129 196 108 12 142 98 201 17 147 241 37 62 74 140 74 5
88 0 134 12 10 18 32 88 118 160 198 0 83 224 160 114 112 204 106 136 8 209 175 0 216 35 65 0 99 160 32 0
40 224 6 160 73 71 224 96 172 20 224 3 12 130 106 155 232 141 66 165 68 179 16 196 21 0 154 101 65 4 107 130
89 34 144 165 44 29 80 16 107 168 178 77 223 3 64 146 128 197 108 12 140 96 193 0 139 249 37 48 74 128 75 1
32 48 132 29 73 143 160 72 214 184 224 40 196 208 64 2 89 124 234 0 0 83 203 16 13 0 5 62 80 8 2 146
80 32 18 129 74 10 32 64 100 32 194 2 71 130 32 82 96 204 106 136 0 209 197 64 148 32 2 0 33 0 35 128
32 32 6 9 73 11 160 72 118 176 224 8 192 192 64 80 25 76 106 0 0 211 203 16 29 2 37 60 64 0 18 128
80 32 134 37 10 10 32 72 54 160 194 72 83 224 0 82 112 204 106 128 8 211 143 8 148 162 97 0 96 32 34 128
96 1 18 136 93 197 144 72 206 12 193 11 134 208 35 212 200 160 234 112 12 35 210 24 145 48 2 27 16 11 45 6
32 32 2 1 72 9 160 64 110 160 226 74 0 128 96 80 104 12 106 0 0 115 195 16 20 0 3 56 65 8 66 128
0 34 91 161 70 41 233 66 44 17 112 207 157 3 48 11 106 137 66 141 2 176 134 65 84 129 114 40 109 8 99 136
32 32 4 13 72 139 160 72 214 176 224 72 208 192 96 130 89 108 106 0 0 99 203 16 12 0 5 60 80 8 10 128
24 2 77 169 6 139 97 83 22 33 70 198 147 1 161 73 120 172 34 152 9 156 69 24 196 131 176 32 185 136 16 184
32 50 7 9 72 11 160 72 118 168 224 108 192 192 192 80 121 76 106 0 1 211 207 16 28 2 5 56 72 0 82 148
88 32 134 37 73 74 33 72 54 164 194 136 67 224 66 150 120 204 234 0 4 211 199 0 20 35 1 1 32 32 46 128
37 206 30 30 152 147 6 184 214 10 96 104 115 224 168 81 17 102 32 34 109 250 11 63 42 167 101 16 88 248 74 136
28 142 150 30 155 134 6 168 118 23 64 16 102 226 40 212 145 74 160 34 50 200 27 63 169 166 21 79 144 98 165 0
81 32 2 160 81 5 96 72 41 32 226 11 12 2 42 17 232 129 66 177 12 151 16 84 17 0 138 71 65 0 106 134
81 32 135 133 10 10 40 64 236 160 194 194 212 130 80 82 96 197 106 140 1 209 133 64 156 32 143 0 8 0 35 4
96 32 128 133 78 9 160 72 46 164 224 139 130 128 68 2 104 204 66 5 8 115 207 16 28 0 135 57 97 40 86 130
68 0 22 200 29 70 160 73 228 4 195 0 128 144 100 198 224 4 234 16 16 163 147 64 17 48 2 95 144 10 108 6
72 152 148 31 73 255 49 0 174 28 103 1 228 244 39 214 128 113 234 64 6 1 90 61 5 54 65 27 82 39 13 7
32 32 20 168 79 75 160 72 22 176 240 10 128 208 96 128 121 152 98 129 2 115 91 145 29 128 143 63 81 8 124 130
64 0 135 157 12 2 97 104 244 128 194 66 80 224 48 98 120 100 106 136 1 241 135 72 21 34 199 0 0 104 112 32
52 160 148 152 203 207 48 200 150 180 224 10 228 210 104 132 217 120 226 16 2 83 91 21 157 130 5 127 144 8 13 130
65 2 143 93 8 2 101 120 244 130 226 64 81 225 160 66 112 100 106 40 41 241 139 12 20 162 231 0 41 248 96 32
32 32 192 172 77 73 160 72 14 164 240 139 130 128 68 130 104 220 194 1 8 115 219 80 29 0 7 57 65 40 70 130
52 160 4 185 203 67 160 200 22 176 192 10 196 194 96 192 121 24 226 16 2 83 75 17 29 130 143 125 49 8 37 130
37 142 23 30 152 131 71 184 214 2 98 76 115 225 168 81 17 110 32 42 104 242 11 63 104 166 101 16 80 248 66 160
81 32 159 133 10 10 41 64 236 160 226 66 220 130 208 114 98 197 106 136 1 209 133 64 156 34 143 0 40 0 35 36
32 34 73 161 74 137 161 97 168 32 241 203 147 0 0 18 104 164 66 5 9 58 196 5 84 0 34 120 101 8 82 160
20 132 150 30 155 202 22 168 118 19 64 16 102 226 42 80 145 74 160 0 54 200 11 63 169 166 5 79 210 96 136 6
20 164 132 23 155 99 6 200 22 179 64 16 68 242 73 142 17 94 160 50 50 81 139 50 169 6 77 111 176 117 165 6
81 32 135 133 10 10 40 64 236 160 194 66 212 130 80 82 96 197 106 140 1 209 133 64 156 34 143 0 32 0 35 4
96 32 192 164 76 9 224 72 42 164 224 139 130 128 68 18 104 204 66 5 8 115 207 80 28 0 7 57 97 40 86 130
49 32 29 169 74 11 33 81 6 176 192 234 147 131 97 72 72 40 98 136 73 146 69 16 212 129 32 32 57 8 0 168
64 2 150 29 28 2 101 104 244 130 226 66 80 224 32 98 120 100 106 40 40 241 139 13 21 34 231 0 80 120 112 32
165 206 148 30 200 143 7 190 214 146 96 220 115 224 160 17 17 98 32 46 104 204 10 63 104 38 101 24 112 240 194 8
81 128 205 117 22 138 97 23 118 17 98 82 211 1 144 120 96 140 40 152 27 248 197 5 76 170 242 64 173 128 240 40
65 224 73 65 18 136 105 20 110 17 66 192 189 2 208 112 34 141 106 156 3 24 199 81 196 168 186 64 44 128 35 40
36 160 20 185 203 195 160 200 86 176 224 10 228 208 104 192 121 24 226 16 2 115 91 17 29 130 7 125 145 8 41 130
80 0 159 221 28 2 97 104 244 128 226 66 80 227 32 98 120 100 106 168 33 209 131 76 21 162 231 0 16 104 112 32
212 140 152 30 147 150 22 172 118 19 105 17 102 224 42 80 145 74 160 50 118 201 27 63 169 166 21 87 176 115 171 2
96 32 128 164 78 73 160 72 46 180 240 139 130 192 64 2 105 220 66 1 10 115 219 17 29 0 7 61 65 40 70 130
76 164 146 18 145 246 22 172 58 151 11 17 110 242 75 216 145 91 160 50 54 200 155 119 169 22 21 71 128 119 175 6
98 33 18 140 77 77 144 104 138 160 184 11 6 144 101 130 200 177 202 97 64 35 82 216 145 16 11 59 80 42 7 138
181 206 205 126 138 35 71 184 210 138 96 252 115 225 137 59 25 102 96 110 233 230 14 47 96 175 101 24 249 243 194 9
81 32 159 133 10 10 97 64 236 160 194 66 208 162 80 114 96 196 106 136 1 209 133 64 156 34 207 0 0 32 35 36
22 236 148 19 155 119 22 204 54 183 64 17 68 246 75 222 145 95 168 18 50 80 155 51 169 134 93 111 144 117 143 134
165 108 143 23 140 34 71 184 210 242 98 124 115 225 249 43 25 102 96 46 249 243 143 42 104 46 101 4 233 249 208 32
101 46 142 23 140 34 135 184 210 178 66 84 80 225 217 11 89 102 96 62 184 243 143 42 104 39 229 0 201 249 240 128
22 164 132 23 155 39 22 200 22 179 64 17 68 242 75 10 17 78 224 150 50 81 155 50 169 6 77 111 184 113 139 130
81 32 142 5 8 10 33 72 236 160 194 66 208 162 80 114 96 196 106 140 1 209 151 64 156 34 207 0 9 32 99 4
65 0 158 29 12 2 164 104 244 130 194 66 80 224 160 98 112 100 106 40 41 241 139 9 21 34 231 0 24 120 112 32
20 162 148 153 219 131 32 200 22 176 192 10 196 210 104 0 121 88 226 16 2 83 219 21 157 130 13 125 176 8 37 130
101 46 134 23 140 34 103 184 210 242 194 84 80 224 217 43 89 102 104 62 185 243 143 42 104 46 101 4 201 249 240 128
22 172 132 54 155 39 22 200 22 183 64 25 68 226 75 142 17 94 224 18 50 83 155 51 169 6 77 111 128 117 143 134
81 32 143 5 8 10 96 72 236 160 194 66 208 162 80 114 97 196 106 140 1 209 135 64 156 34 207 0 8 32 35 4
96 32 132 164 78 75 160 72 62 180 224 139 130 224 64 130 121 204 98 17 10 115 203 16 29 0 15 61 65 40 86 130
64 2 151 93 12 2 101 104 244 130 226 66 80 224 160 98 120 100 106 168 41 241 139 13 21 162 231 0 16 104 112 32
165 206 215 94 152 131 7 186 214 146 96 252 115 225 169 113 17 102 32 46 105 214 11 63 40 166 101 16 120 240 194 40
52 160 20 185 219 195 160 200 22 176 192 10 196 210 104 192 121 88 226 16 2 83 75 21 157 130 7 125 177 8 45 130
98 32 2 12 93 105 130 64 169 36 184 9 38 136 4 18 232 133 78 33 12 35 192 76 17 48 0 59 65 11 70 14
32 2 6 137 75 11 160 72 70 40 192 71 196 193 32 66 104 76 106 0 2 211 207 21 20 34 131 57 24 8 48 128
89 0 142 28 10 146 1 120 246 128 198 0 80 225 160 114 80 108 104 136 8 195 239 28 88 35 101 8 98 160 32 32
52 176 133 29 139 143 16 200 86 184 192 96 192 212 32 0 217 92 234 16 2 211 219 29 13 2 5 54 80 40 6 146
80 0 134 45 11 2 32 72 118 160 194 64 67 226 32 66 112 204 106 128 8 209 195 0 145 162 67 1 97 32 32 0
25 0 6 137 13 3 33 72 118 32 194 2 64 192 32 192 120 132 106 8 10 211 207 21 20 34 131 0 48 8 56 128
165 204 213 94 216 131 6 190 214 146 98 120 115 224 160 49 17 98 32 42 105 206 14 63 40 38 101 24 120 240 194 40
212 166 146 30 147 202 22 172 118 23 105 16 102 224 40 84 145 74 160 34 114 73 11 63 169 166 85 87 210 114 135 6
32 32 14 137 72 11 161 72 198 32 192 0 208 192 32 66 72 76 106 0 2 243 203 21 84 35 163 56 16 8 48 160
24 0 14 137 10 2 161 64 164 0 194 130 209 130 32 64 104 140 106 136 8 145 197 64 212 32 170 0 49 8 48 160
48 32 0 137 13 5 160 72 70 40 226 10 134 128 32 64 72 140 74 0 8 163 203 16 149 0 139 58 81 8 49 134
32 32 14 137 76 11 161 72 198 32 192 139 148 192 32 64 104 136 106 1 0 179 67 16 148 32 138 56 17 8 48 128
17 138 207 101 22 138 105 22 116 1 114 210 179 1 144 88 114 174 36 156 27 188 69 15 196 238 178 64 237 128 80 168
80 0 14 137 12 3 32 72 100 32 194 2 192 130 32 64 104 132 106 136 8 147 87 64 149 34 130 0 49 8 49 128
86 141 150 26 147 182 22 172 50 23 11 17 110 230 46 212 145 83 160 50 54 73 27 63 41 38 21 79 146 119 175 6
33 32 0 137 12 1 160 72 198 32 224 74 130 128 96 0 72 12 74 0 8 35 203 16 148 0 139 56 81 8 33 132
165 204 204 94 202 171 70 190 210 146 104 252 115 96 129 59 25 98 32 110 225 244 78 63 96 171 117 0 241 249 210 9
17 0 6 137 12 3 32 72 102 36 194 2 192 130 34 64 104 132 106 136 8 211 71 16 148 34 139 1 17 8 56 128
80 0 7 169 77 71 32 72 118 32 194 66 67 192 32 64 120 132 42 0 10 211 95 29 21 34 131 0 49 8 48 2
48 2 6 137 76 11 160 72 198 32 192 71 192 193 32 64 104 12 106 1 1 211 71 16 148 34 138 56 25 8 48 144
80 32 70 141 10 66 32 72 230 32 194 162 192 146 128 82 104 220 106 128 8 211 199 80 148 32 163 19 53 0 32 132
80 0 6 137 9 67 32 72 102 100 194 2 194 130 34 80 72 132 106 128 12 211 207 16 149 34 3 49 16 8 52 214
33 32 14 1 72 11 161 72 102 160 226 8 80 128 98 80 104 12 106 0 1 243 133 16 20 0 3 0 65 0 99 160
99 34 0 40 45 13 64 8 47 172 176 77 130 8 86 20 200 132 76 12 140 98 202 144 147 216 1 58 80 140 90 5
64 32 14 13 72 72 32 72 118 32 226 12 65 194 0 80 120 204 106 128 0 211 215 64 21 32 2 41 65 0 38 146
32 34 6 1 73 11 32 72 118 168 98 72 64 192 96 80 120 76 106 0 0 211 139 16 21 0 7 9 73 0 51 130
72 32 134 13 72 11 33 72 54 160 194 8 80 192 64 148 120 204 106 128 0 211 199 0 20 35 33 0 0 0 42 128
32 48 2 8 73 71 160 96 172 140 241 9 4 146 34 148 232 160 202 32 76 163 18 68 17 16 138 95 65 12 110 194
121 34 144 32 41 29 80 16 107 168 178 73 207 3 194 146 132 197 108 12 12 96 193 0 202 249 37 48 66 132 74 1
53 142 134 62 152 3 7 184 22 194 98 104 115 225 168 113 17 110 32 42 105 210 11 63 104 166 101 16 120 240 2 32
4 140 150 30 153 203 22 168 54 23 64 17 102 240 40 208 145 110 160 48 50 192 27 63 41 166 69 79 208 100 132 6
6 164 132 23 155 83 22 200 22 179 64 0 68 226 73 140 145 94 160 48 38 80 139 59 41 6 77 111 144 116 13 134
81 32 135 133 12 10 33 64 100 128 194 66 208 130 16 114 104 196 106 136 1 211 135 64 148 34 143 0 32 32 99 32
48 32 132 141 79 75 160 72 22 160 224 11 130 128 64 128 120 204 98 1 8 115 203 16 29 0 15 57 65 8 22 130
104 16 18 136 89 85 16 72 204 44 224 10 6 146 35 220 200 156 202 48 12 35 81 200 149 48 10 59 16 12 44 70
64 2 134 93 12 2 33 104 118 128 226 66 82 224 160 66 120 100 106 40 8 243 139 12 84 34 231 0 41 104 112 32
137 3 11 169 70 8 225 84 36 17 112 86 149 3 208 11 106 136 2 204 19 190 135 65 68 129 114 36 109 137 227 160
52 160 20 153 203 203 32 200 22 176 192 10 68 210 96 128 89 28 226 16 2 83 91 29 157 130 13 125 16 8 41 130
37 142 134 62 152 3 7 184 86 138 98 108 115 225 168 81 81 102 32 46 105 208 11 63 96 166 101 16 120 240 66 0
25 34 75 161 4 11 97 85 52 17 87 214 179 131 224 104 104 136 38 28 11 188 101 0 196 193 176 0 41 136 112 160
12 172 150 26 153 135 22 168 54 55 64 17 102 224 42 84 145 110 160 48 54 80 27 63 41 230 69 111 210 100 129 6
116 166 142 85 140 2 39 248 82 178 66 70 83 225 145 11 89 100 104 62 185 211 143 10 104 39 229 68 233 248 112 0
6 160 132 23 139 71 20 200 146 186 0 1 228 240 75 10 145 94 232 51 54 83 139 57 9 2 77 111 128 116 31 130
81 32 142 5 76 10 33 64 118 160 194 66 208 160 144 114 113 196 106 136 0 211 135 64 220 34 199 0 41 32 115 32
48 0 2 128 65 71 224 64 168 36 224 11 12 18 34 144 232 129 66 161 4 147 16 196 17 0 138 71 65 0 110 134
48 32 132 141 75 11 160 72 54 176 128 11 6 224 64 18 121 204 234 17 10 83 219 16 29 0 15 61 65 40 19 130
96 32 18 136 93 214 16 65 204 12 195 8 132 210 98 213 216 188 202 49 12 3 144 196 145 48 10 127 16 10 45 6
165 204 207 62 136 35 70 184 82 130 98 236 115 224 169 43 17 102 32 46 233 240 15 46 104 239 101 16 249 249 82 0
36 160 20 153 203 207 176 200 150 180 240 10 100 208 96 128 249 88 234 16 2 99 219 17 29 0 15 127 80 8 45 130
81 2 143 77 12 2 33 120 118 128 226 70 81 227 128 98 112 196 106 168 33 209 167 12 84 162 231 0 41 32 112 32
14 188 148 19 153 253 54 172 190 159 64 17 236 246 79 156 145 123 224 16 54 88 154 119 47 86 93 111 146 85 141 70
6 172 132 26 153 231 22 172 54 183 0 17 108 226 107 92 145 79 160 48 50 64 27 63 41 22 93 111 146 117 129 6
181 78 207 126 146 34 71 248 82 234 122 236 115 97 153 51 29 238 100 46 233 243 173 47 112 175 101 148 233 249 98 33
48 32 64 141 79 73 160 72 170 164 176 11 2 136 64 146 104 220 234 1 8 115 219 80 29 0 7 59 65 40 78 130
65 34 159 133 10 10 105 64 108 160 226 66 221 130 144 114 98 196 106 136 1 209 133 64 148 34 171 0 40 32 35 32
80 2 143 77 12 2 32 104 118 128 226 66 208 224 160 66 120 68 106 40 9 243 131 12 84 34 231 0 41 40 112 0
78 160 148 22 203 85 52 200 154 183 0 9 204 246 75 142 145 95 233 18 86 67 155 49 29 18 79 127 130 116 15 198
32 176 22 153 75 143 32 200 22 180 192 10 68 194 96 128 89 28 226 16 2 83 91 17 29 128 15 61 16 8 37 130
32 34 75 161 76 9 161 84 172 0 115 222 151 129 144 3 104 136 66 9 1 48 198 1 68 161 34 104 109 136 211 160
4 174 150 27 153 151 18 232 182 53 64 16 230 224 40 212 145 126 234 48 54 80 27 63 41 166 85 111 210 32 141 14
177 34 13 161 74 11 33 84 6 32 70 230 147 3 192 104 72 136 42 152 73 144 69 16 196 129 48 32 57 136 0 168
121 18 73 109 18 3 67 26 86 105 230 252 83 1 128 120 84 140 108 60 171 158 101 31 242 239 49 84 249 160 96 41
217 194 73 241 6 136 105 16 118 17 66 82 177 3 208 104 96 140 42 152 11 156 231 81 196 169 178 64 45 128 112 32
1 96 73 113 2 136 105 16 126 17 66 192 185 131 208 120 50 40 10 156 3 144 231 81 196 169 178 64 44 128 65 160
117 166 142 21 140 2 37 248 118 242 194 102 83 225 209 43 89 100 104 56 185 211 143 8 88 34 229 68 237 248 112 0
70 160 132 21 203 83 20 200 146 182 0 9 228 242 75 142 145 94 233 50 34 83 155 24 13 2 77 127 128 116 31 134
80 2 143 93 72 10 33 120 118 128 226 68 82 225 160 66 112 100 106 40 9 241 139 12 84 34 231 0 41 104 112 32
98 33 16 140 73 205 146 104 138 168 168 9 6 210 37 144 216 177 202 97 4 3 90 221 145 16 11 59 16 42 15 6
48 32 132 141 79 75 160 72 190 164 160 11 2 128 64 146 120 220 234 0 8 115 219 80 29 0 15 57 65 40 14 130
6 172 148 18 145 246 22 172 190 183 2 17 236 246 75 220 145 95 161 18 54 80 155 127 41 22 93 103 146 117 141 70
181 78 207 126 136 35 71 184 82 226 96 236 115 225 185 59 29 102 100 46 233 226 14 46 104 174 101 16 237 249 82 8
65 34 143 5 10 10 97 64 100 160 194 66 208 130 208 114 96 196 106 136 1 209 135 64 148 34 143 0 40 32 99 32
6 164 148 23 155 87 22 200 146 191 0 1 228 242 75 142 145 95 233 18 54 65 155 59 41 6 79 111 128 116 15 134
81 34 143 5 72 10 33 64 100 160 194 66 208 128 144 114 96 196 106 136 1 211 135 64 156 34 135 0 41 32 115 32
48 32 132 141 75 75 160 72 54 164 160 11 6 128 64 146 120 204 234 1 8 83 219 16 29 0 15 57 65 40 31 130
117 38 207 119 140 10 7 248 82 242 226 108 83 225 145 43 89 102 96 62 185 243 143 42 104 111 101 4 233 248 112 32
49 98 75 225 4 128 97 20 116 1 226 98 147 3 208 73 120 140 38 152 11 176 197 0 196 161 178 64 109 136 112 168
80 2 143 205 12 2 33 72 118 128 226 66 208 224 160 66 120 196 106 136 9 211 131 68 20 34 227 0 40 40 112 32
32 32 20 137 75 75 160 72 22 176 224 10 196 208 96 0 121 28 98 16 2 83 75 17 29 128 15 61 16 8 45 130
33 0 7 137 8 11 161 72 198 32 194 142 210 192 32 66 104 68 106 4 9 243 207 16 148 34 3 48 16 8 48 208
32 48 6 29 10 143 32 72 214 184 194 96 208 208 96 130 89 108 234 0 0 209 203 24 13 2 5 54 80 8 0 131
65 16 134 28 74 130 33 72 246 192 194 172 80 228 226 82 80 108 106 0 9 211 239 24 28 34 101 8 112 32 48 80
48 48 150 29 11 219 32 72 214 244 198 132 66 196 2 2 25 108 234 16 12 209 125 28 13 2 5 53 48 44 4 214
68 160 134 29 219 10 36 232 182 178 194 0 66 224 0 82 17 108 104 32 32 211 203 28 29 34 69 53 192 96 34 130
114 0 96 193 87 72 202 0 41 0 48 11 137 10 20 128 234 129 23 193 168 32 21 202 55 92 138 131 37 140 94 6
71 0 121 210 230 32 184 34 137 16 56 203 188 222 116 35 174 83 23 135 130 35 206 224 72 152 174 184 93 226 3 129
80 160 134 29 11 10 34 200 118 176 66 0 70 224 64 66 177 108 104 1 0 211 139 27 28 38 69 4 64 32 34 128
1 42 73 243 20 138 105 18 124 1 82 210 153 3 144 104 50 136 14 156 3 188 5 113 196 169 178 64 45 129 65 40
165 206 207 126 136 35 70 184 82 194 96 236 115 224 185 59 21 102 36 46 233 224 46 47 104 175 101 56 121 241 66 40
98 1 18 140 77 109 146 64 136 4 184 9 6 136 36 16 200 177 203 97 12 35 80 78 17 48 10 27 81 11 79 2
48 32 7 137 8 11 32 72 134 32 194 70 194 128 32 64 104 4 106 0 9 211 207 16 148 34 163 24 24 8 48 128
70 233 16 154 233 205 178 202 170 61 136 9 172 214 75 212 129 3 202 83 70 11 218 117 189 16 31 127 16 20 15 78
1 2 81 235 110 41 186 144 200 0 48 224 157 3 229 2 6 17 6 78 1 32 6 224 4 152 42 8 92 219 1 129
53 38 207 117 150 34 71 248 82 242 246 254 83 97 145 43 25 236 100 46 185 242 237 10 120 175 101 4 237 249 240 48
80 16 135 13 74 2 32 24 118 140 194 100 66 224 64 82 112 108 106 128 9 210 207 16 20 34 99 8 120 32 34 18
67 139 88 202 230 0 220 129 201 1 177 82 12 10 60 80 167 131 23 30 214 43 8 192 34 152 38 218 92 130 225 1
185 58 201 101 18 11 75 19 86 225 198 254 115 37 208 48 93 236 124 188 169 222 101 14 254 207 181 144 45 136 80 120
41 32 6 13 73 203 32 72 214 180 198 0 196 192 98 134 89 108 234 8 4 211 203 24 28 2 5 53 80 8 9 132
81 0 4 137 13 3 32 72 102 36 194 2 194 128 34 192 72 140 106 128 12 211 207 16 148 33 3 49 16 8 56 128
2 169 113 226 238 160 221 144 137 144 152 202 157 63 84 2 175 179 95 135 131 35 0 224 132 24 46 186 53 210 19 33
78 248 180 30 121 221 178 136 174 61 15 9 236 252 78 198 135 115 251 65 6 65 250 241 15 114 79 111 18 6 15 79
74 185 180 159 121 220 178 138 170 220 5 9 172 252 67 198 133 123 249 83 6 72 250 241 13 48 15 59 18 7 13 95
121 54 75 100 22 3 67 127 86 233 214 254 115 1 144 48 88 132 92 60 169 255 229 14 250 239 181 144 109 138 112 121
56 32 6 137 9 11 32 72 6 32 194 2 210 192 32 64 104 4 106 0 8 211 207 16 213 34 163 24 16 8 48 128
118 162 196 133 172 75 76 168 43 182 130 137 195 32 215 158 9 196 237 149 28 67 207 144 156 18 205 117 132 253 94 4
249 151 105 100 26 34 79 123 81 234 190 254 83 37 144 49 93 196 92 174 249 123 237 31 248 239 165 180 109 226 114 121
88 0 134 29 75 146 32 8 246 128 198 0 82 225 64 82 80 108 106 136 8 195 239 24 87 35 101 8 115 32 32 0
82 204 112 200 7 8 220 7 73 0 56 139 11 11 20 0 166 145 21 128 192 40 85 192 51 152 30 19 117 152 193 14
113 158 109 108 26 35 75 122 82 226 172 238 83 33 144 112 61 196 124 172 169 15 109 31 248 239 161 244 253 162 114 57
74 185 180 159 121 221 48 8 174 220 64 1 236 222 79 198 133 123 249 81 6 72 250 241 15 112 13 59 18 7 15 207
102 160 196 5 141 11 204 136 43 183 130 153 195 32 84 158 1 196 237 17 28 64 223 0 140 146 205 117 132 124 222 4
120 16 18 136 89 95 144 76 9 172 160 11 14 150 43 212 232 149 202 33 12 35 80 220 145 48 2 59 82 28 46 198
25 226 205 249 4 139 97 80 118 81 118 246 147 3 216 104 106 136 6 156 155 180 101 1 198 201 50 64 109 136 112 160
227 7 89 240 236 128 237 17 136 18 48 218 157 11 116 35 47 161 23 143 243 46 134 193 124 137 174 168 13 128 193 129
249 150 105 101 18 10 75 51 113 234 246 254 83 37 144 113 124 230 108 172 185 191 229 15 242 239 241 208 109 170 114 121
25 74 205 225 6 139 97 20 102 17 118 246 147 1 152 104 104 138 46 156 139 176 101 1 198 201 178 0 189 136 240 160
74 185 180 159 57 221 178 10 174 220 133 1 172 222 71 198 133 115 251 83 70 73 218 241 15 16 15 59 2 7 13 95
2 102 89 208 110 160 237 214 136 18 24 194 157 203 208 2 38 33 31 13 1 33 134 224 164 24 170 188 12 209 19 169
18 192 80 225 7 76 200 66 105 36 184 11 10 10 20 196 234 139 7 129 72 50 17 192 177 216 154 19 117 72 105 10
48 0 2 128 77 71 180 97 172 12 161 1 14 146 42 148 248 132 202 33 12 35 16 196 145 16 138 31 64 14 175 194
108 49 18 152 121 213 16 73 204 140 193 9 140 212 43 212 208 48 202 49 4 3 210 220 145 48 10 59 16 46 47 214
74 184 48 27 57 221 178 138 174 124 133 9 172 214 71 196 133 51 235 67 6 73 250 113 5 16 27 59 18 7 13 95
50 32 22 153 11 223 176 72 150 180 128 11 228 210 98 196 217 24 234 16 6 227 219 17 157 18 7 63 18 12 45 134
81 34 207 109 14 2 97 88 118 136 226 102 83 227 128 114 120 204 42 140 137 240 239 12 84 171 231 0 105 160 96 160
121 38 239 101 22 11 107 19 112 233 247 254 115 1 144 48 60 228 124 188 169 253 101 14 254 239 177 144 237 138 80 56
96 32 0 136 79 77 160 72 174 164 240 11 134 208 64 134 233 220 234 0 8 115 219 208 149 0 11 59 65 8 46 130
78 168 148 19 217 221 52 140 191 191 0 17 236 246 79 142 145 123 235 17 54 73 154 113 15 18 95 111 146 116 143 198
53 6 207 118 162 2 71 248 80 226 242 236 83 97 145 59 93 228 100 46 233 243 173 46 248 239 101 144 237 248 114 33
81 34 15 133 10 10 105 80 236 160 226 66 209 130 208 114 104 196 106 136 129 209 133 64 212 32 171 0 40 128 99 160
69 143 89 234 110 128 250 160 200 0 57 206 156 42 52 82 39 131 23 15 80 43 12 208 28 152 42 184 93 194 65 1
137 66 73 163 70 136 229 85 172 17 113 214 151 1 152 11 106 8 66 12 3 48 134 65 196 225 98 8 108 152 195 160
78 176 148 150 201 87 52 232 190 183 128 9 204 246 74 134 145 95 235 16 6 67 219 112 29 18 79 127 130 100 15 198
121 14 109 109 26 35 75 58 83 225 190 238 83 33 144 48 127 228 124 172 169 63 109 31 250 239 161 212 253 162 82 121
117 162 207 117 142 10 101 184 118 250 198 230 83 225 208 98 121 204 108 44 169 240 239 8 92 171 229 4 237 232 114 32
153 114 73 113 2 137 97 20 84 49 70 246 179 129 192 105 120 168 38 152 11 148 103 0 196 193 240 0 41 152 80 184
1 66 73 251 22 136 105 16 126 17 99 194 155 131 208 120 114 136 46 220 3 144 5 113 196 233 178 64 60 129 65 32
1 32 73 59 2 169 105 144 126 16 64 192 153 131 208 121 50 136 14 222 3 144 38 113 196 137 178 32 60 145 67 160
5 8 89 168 234 9 185 0 136 16 48 192 157 195 233 10 6 17 22 12 1 0 6 192 132 152 42 168 28 216 1 160
32 32 20 153 75 79 176 72 22 180 224 10 196 210 96 196 121 24 234 16 2 115 219 17 29 130 7 63 16 8 45 130
82 248 16 146 25 205 146 238 170 125 128 25 174 150 78 148 129 155 206 81 78 75 218 119 185 20 31 127 16 4 143 94
16 34 143 77 8 2 33 88 246 160 226 102 81 163 160 66 120 196 106 136 9 241 135 8 84 163 226 0 40 168 96 32
96 32 0 137 79 73 160 72 38 164 240 10 134 128 64 128 104 140 234 128 8 243 211 80 21 0 3 57 65 8 126 130
14 188 148 19 153 247 54 168 190 151 2 17 204 242 79 221 145 123 225 18 54 88 155 119 45 22 93 111 146 117 143 70
50 20 18 156 25 237 146 64 137 12 184 11 102 210 37 149 216 177 198 33 44 35 82 220 177 144 10 59 17 43 15 2
53 166 207 126 138 34 71 184 82 226 226 236 115 225 185 59 29 238 100 46 233 243 175 47 248 174 101 148 237 249 66 33
17 32 15 133 14 10 105 64 108 160 226 66 213 130 144 114 104 196 106 136 1 209 133 64 148 32 170 0 41 0 99 32
97 6 77 109 18 171 107 54 116 97 107 220 243 33 144 112 90 164 108 44 185 188 101 15 228 175 176 80 237 138 82 32
178 20 18 152 25 239 82 64 153 12 248 25 70 216 44 144 216 177 196 33 44 163 82 206 177 52 0 27 81 106 46 6
1 2 75 241 36 136 97 16 116 17 114 212 147 129 240 73 90 12 46 28 11 176 69 0 196 185 178 64 108 136 240 160
9 35 75 177 36 138 97 16 116 17 118 228 145 3 152 105 88 136 6 216 11 176 69 80 196 153 178 0 44 128 112 168
17 10 77 99 20 138 99 16 116 1 226 214 211 1 144 112 120 142 12 156 171 188 101 47 228 239 178 64 237 130 112 32
73 6 77 109 22 170 107 50 108 1 106 192 219 1 144 112 50 164 108 44 161 184 101 31 230 239 32 64 237 130 81 32
146 40 16 158 9 205 16 66 143 4 128 9 174 194 99 132 136 59 204 3 46 15 218 251 145 16 10 59 16 12 15 134
1 66 89 227 22 138 107 16 116 0 98 196 147 1 144 112 82 136 14 156 131 176 69 70 196 173 162 0 44 138 65 32
210 40 16 158 9 205 144 74 138 20 128 9 174 210 35 132 136 51 200 1 46 47 210 123 177 144 26 59 80 12 15 142
17 2 73 97 22 138 99 16 116 0 110 196 211 1 145 112 122 140 14 156 139 176 69 94 228 173 162 0 109 131 112 32
32 32 20 137 75 79 32 72 22 180 224 10 196 208 96 132 121 28 234 0 2 243 219 17 29 128 7 63 48 8 45 130
6 172 148 27 153 223 22 168 62 183 64 17 110 242 111 212 145 91 160 16 54 72 155 63 41 22 85 111 210 36 141 6
113 142 207 126 58 2 70 184 210 242 98 236 115 225 185 115 17 230 96 46 233 242 175 63 96 175 101 20 120 240 66 33
80 34 143 77 8 2 32 72 246 160 226 70 80 226 160 66 120 196 106 136 1 209 131 12 20 34 227 0 8 40 112 32
32 32 0 141 75 73 160 72 38 164 240 10 134 128 64 130 104 204 234 0 8 243 219 16 29 0 15 57 97 8 14 130
6 172 148 26 153 215 22 168 62 183 0 17 76 230 111 220 145 91 161 16 54 80 155 63 41 22 85 111 146 116 141 6
81 34 143 5 8 10 33 64 108 160 194 66 208 130 144 114 104 196 106 136 1 209 133 64 148 34 163 0 9 32 115 0
86 160 132 23 139 87 20 200 22 182 64 9 68 242 75 142 145 78 233 18 6 83 219 56 25 2 77 127 128 116 15 198
37 166 143 21 152 2 37 248 214 242 194 228 83 225 209 43 81 100 104 44 169 241 143 8 104 43 101 68 236 248 112 32
64 2 143 93 8 2 32 72 246 32 226 66 81 227 160 66 120 108 106 8 9 241 139 28 20 163 227 0 16 168 96 160
6 164 148 27 153 151 22 168 62 183 64 1 102 246 109 212 145 122 160 16 54 80 155 63 43 22 69 111 210 36 5 6
49 142 207 126 24 2 70 184 214 178 98 232 115 225 169 113 17 102 96 46 169 242 47 63 96 239 101 20 248 240 66 32
86 160 148 27 155 71 22 200 22 178 68 1 68 242 75 140 145 94 233 48 34 81 139 59 41 6 77 111 128 116 13 134
37 36 143 31 152 2 5 184 210 242 66 100 83 225 145 107 81 100 96 60 185 243 143 44 104 43 101 4 232 248 112 32
86 160 148 22 139 71 22 232 18 178 64 1 68 246 75 10 145 94 232 19 102 81 155 58 9 6 77 111 128 116 29 134
37 166 207 117 152 2 68 184 210 179 66 244 81 225 217 11 81 100 104 44 169 243 175 8 106 43 229 4 173 248 240 32
57 32 6 13 75 19 32 72 102 36 230 2 64 194 130 214 104 76 234 128 4 211 199 0 20 33 3 41 3 8 42 128
16 48 7 1 72 11 160 72 230 168 226 108 0 128 32 80 104 12 106 0 1 243 135 16 20 0 35 0 73 0 35 130
25 32 6 29 25 15 32 88 54 188 198 32 64 241 160 132 25 76 234 0 40 209 203 28 12 3 5 22 35 12 24 128
104 50 134 28 74 131 32 72 118 168 192 108 96 224 160 82 81 108 106 0 2 211 203 17 84 35 101 41 24 32 42 130
114 0 80 225 5 70 200 64 105 44 176 11 10 43 28 212 232 133 135 129 12 51 17 192 147 152 130 3 103 8 108 6
24 0 20 173 11 95 48 72 102 180 194 3 199 146 66 198 233 212 238 0 12 195 219 156 157 227 71 23 18 12 13 6
74 248 48 26 121 221 178 138 174 125 132 9 172 158 67 196 133 83 251 67 6 75 250 245 29 16 27 59 18 5 15 95
81 2 207 109 2 10 97 120 116 224 226 230 83 99 160 114 112 196 110 172 169 240 37 12 84 171 227 0 41 168 112 32
110 16 18 152 121 221 144 72 140 140 225 9 142 212 43 212 216 177 202 49 4 7 114 200 145 48 10 59 18 46 47 215
30 164 148 31 153 95 150 168 191 183 130 1 236 254 79 223 145 95 233 49 54 193 155 255 169 118 79 119 146 116 13 70
121 22 109 103 22 43 107 50 96 233 255 238 115 33 144 48 60 166 124 172 169 190 229 15 254 239 161 208 239 138 82 121
117 6 207 125 178 2 79 248 80 226 242 238 115 97 145 49 95 236 116 46 233 243 237 14 248 239 101 148 237 248 114 49
141 162 73 185 6 136 97 144 100 80 118 212 157 131 208 105 98 8 6 158 195 176 230 81 196 193 98 64 125 128 99 160
114 32 2 132 73 77 160 72 174 164 176 11 134 148 66 150 232 204 234 0 12 99 219 208 149 0 11 59 65 12 15 134
69 74 93 168 110 0 233 0 200 16 48 206 157 11 180 66 38 1 23 141 1 35 68 196 68 152 107 248 93 176 67 161
65 34 15 5 74 10 97 16 100 224 226 102 209 130 208 114 104 204 106 140 129 208 229 64 212 33 163 0 40 128 35 160
78 176 150 30 201 213 180 232 186 182 128 9 236 246 74 134 145 127 235 17 6 67 154 241 29 50 79 63 130 100 15 198
121 159 109 101 18 42 75 50 65 105 254 238 83 37 144 49 92 230 124 172 185 186 229 13 246 239 224 208 109 170 82 120
117 166 207 101 156 11 101 248 118 242 246 230 83 97 144 115 57 196 108 172 169 241 237 12 124 235 229 132 237 232 82 32
153 2 201 115 2 139 99 16 118 67 102 246 147 1 160 120 112 170 14 28 139 148 101 2 198 237 176 192 184 136 80 56
113 134 111 101 20 42 99 50 112 65 238 198 243 33 144 114 56 198 108 172 185 184 101 15 230 239 96 64 237 170 82 48
65 2 79 105 20 138 99 18 118 65 102 212 211 3 144 120 51 4 44 28 171 180 37 31 230 239 178 64 236 128 81 32
1 34 73 121 6 138 105 16 126 17 98 196 159 131 145 120 50 9 14 156 3 144 39 80 196 137 50 0 188 128 65 32
8 160 22 153 73 223 48 200 150 180 194 9 196 210 98 132 217 60 234 0 6 83 219 17 29 2 5 63 82 12 13 134
194 172 16 154 89 221 18 234 171 60 128 9 174 214 71 149 129 59 202 67 102 15 218 127 153 16 27 63 16 5 15 78
113 2 143 45 74 2 33 88 118 192 230 102 83 225 160 114 112 204 106 12 9 243 199 8 84 163 99 0 121 168 112 160
6 172 148 27 153 215 50 136 191 181 64 17 236 246 78 140 145 95 233 17 54 80 155 119 41 22 77 111 146 100 143 70
178 24 16 158 73 205 144 72 155 38 161 9 174 214 39 148 200 187 198 3 44 47 90 255 145 16 11 59 16 44 15 70
1 2 75 105 52 138 99 16 124 1 114 212 151 1 176 112 82 8 14 28 131 176 37 11 196 191 48 64 108 136 81 32
182 24 18 152 169 205 144 64 153 6 240 25 14 216 38 144 200 177 196 1 44 167 82 202 145 48 8 27 81 40 110 6
78 160 148 21 201 87 48 200 182 180 192 9 204 246 66 134 145 93 234 16 6 83 219 16 29 18 77 63 130 100 15 134
1 2 203 227 52 138 107 16 126 0 119 196 147 3 176 96 82 8 14 156 131 180 45 83 196 157 178 0 28 130 112 160
114 188 16 154 9 205 16 238 171 61 136 9 174 150 70 148 129 155 205 1 14 11 218 117 145 16 25 59 16 4 15 78
65 135 79 109 52 10 107 48 100 64 126 228 211 33 144 113 50 196 108 236 169 176 37 13 228 239 224 192 109 130 82 32
18 168 16 154 9 205 16 206 139 55 128 9 174 150 34 148 137 155 204 1 14 11 90 241 145 144 26 59 16 12 15 78
69 71 79 97 180 138 107 48 108 64 122 228 211 3 145 112 18 4 12 252 129 176 37 76 228 189 34 0 108 131 65 32
6 172 148 27 153 215 18 168 190 181 66 17 236 246 111 157 145 127 225 17 54 208 155 127 41 22 77 111 146 100 141 70
53 6 207 126 154 2 71 248 82 194 102 236 115 225 185 59 23 238 100 46 233 243 175 47 104 175 101 144 237 248 82 33
121 151 109 111 18 170 107 50 97 105 255 238 243 33 144 112 124 166 124 44 185 184 101 31 230 239 160 208 237 138 82 113
137 2 73 97 22 139 99 16 126 67 119 246 147 65 176 112 115 136 14 28 171 148 101 62 230 239 48 128 252 139 80 112
89 135 111 111 20 42 103 50 96 64 127 196 243 33 144 115 114 198 108 108 185 184 229 13 238 239 96 192 109 162 82 112
73 6 93 107 20 170 107 16 124 65 127 196 211 1 144 112 51 4 44 188 163 176 45 127 238 255 50 64 252 131 97 32
1 6 107 107 52 138 107 16 126 65 103 196 219 3 144 112 51 12 12 220 131 148 37 126 228 255 50 64 252 131 97 32
210 184 16 154 9 221 16 238 187 63 128 9 174 150 78 149 137 155 205 65 46 15 90 245 153 144 27 63 16 5 15 94
50 28 16 190 9 205 16 74 155 22 160 9 174 214 39 157 136 179 196 1 46 47 90 249 145 146 89 59 80 12 15 78
5 10 91 107 52 138 107 16 126 64 115 196 159 1 176 112 18 8 14 94 131 176 45 126 196 223 34 0 124 139 65 32
178 12 16 190 9 205 80 78 155 6 176 9 46 222 39 157 136 179 196 1 46 47 82 249 145 146 88 59 80 12 79 206
65 70 79 107 52 138 107 48 108 64 127 228 211 1 144 112 82 4 46 108 169 176 45 95 228 191 162 0 76 130 80 32
178 136 80 186 9 205 80 203 159 23 224 25 46 222 38 145 200 187 196 0 46 15 82 241 145 144 16 59 17 12 78 14
193 7 79 111 52 10 107 48 100 64 127 228 211 33 144 113 26 132 108 238 169 176 37 13 228 251 224 64 76 163 80 32
178 160 16 186 9 205 80 206 171 53 160 25 46 158 110 148 137 147 197 1 46 11 90 241 153 208 24 127 16 4 142 78
77 6 127 105 52 138 107 152 108 65 126 196 223 65 184 112 50 132 44 60 129 176 45 94 228 255 34 64 252 131 97 33
69 7 125 105 50 138 107 184 108 64 126 196 223 67 184 112 18 4 14 124 163 176 37 94 238 255 34 196 252 131 97 33
50 24 144 190 73 237 80 78 139 60 168 25 46 214 38 156 136 179 196 1 14 15 82 177 145 210 88 59 80 76 15 206
146 176 16 178 41 221 16 239 187 63 128 25 174 214 78 149 129 155 197 1 14 15 90 245 153 210 89 63 16 4 143 95
50 152 20 190 41 205 80 206 139 63 176 25 47 222 46 157 137 179 197 1 46 47 82 177 147 210 80 59 113 12 142 206
58 176 20 178 233 221 80 239 163 127 161 25 15 222 74 148 129 147 197 17 30 79 90 145 155 210 85 127 34 4 142 223
205 7 127 109 52 10 107 56 124 64 127 228 223 35 144 113 22 5 108 110 225 176 45 92 230 251 98 196 92 130 99 33
13 71 95 225 48 3 123 16 124 224 126 228 221 3 177 112 150 1 30 126 225 144 45 222 230 223 43 128 28 131 33 33
58 144 208 190 105 221 80 207 131 63 160 25 47 223 42 156 137 147 231 0 14 47 90 177 147 209 80 59 243 12 142 223
205 67 127 109 36 10 111 56 124 72 119 228 223 35 152 113 182 69 108 110 225 176 45 94 230 251 98 196 76 162 99 33
