2 142 6 158 23 131 186 230 150 4 90 163 96 234 34 65 73 123 131 129 34 136 10 255 32 38 154 11 20 12 60 138
3 143 3 158 20 131 170 238 86 1 88 70 96 232 188 228 89 106 2 205 163 184 12 255 32 46 138 136 28 10 48 172
104 48 56 96 32 77 81 16 105 136 52 40 159 31 0 16 134 21 221 8 128 96 176 0 195 217 32 145 66 128 70 51
104 48 56 96 33 12 81 16 97 8 52 8 31 23 0 52 132 148 221 8 136 96 176 128 195 249 32 18 66 128 66 35
130 143 6 158 23 131 186 230 150 4 90 163 96 234 34 193 73 107 139 129 38 137 8 255 32 38 138 3 20 12 60 138
3 143 2 158 20 131 170 238 86 1 88 70 96 232 188 228 89 106 2 141 135 184 14 255 32 46 138 136 29 10 120 140
104 48 56 96 33 77 81 16 105 136 52 8 159 23 0 48 132 21 93 8 128 96 176 0 195 217 32 17 66 128 70 35
104 48 56 96 32 12 81 16 97 8 52 8 31 23 0 48 132 20 93 8 136 96 176 0 195 249 32 16 66 128 66 35
2 140 2 158 23 195 154 230 22 5 90 163 32 234 34 64 91 123 131 129 34 136 2 255 32 38 154 11 20 14 60 138
3 141 3 158 20 131 174 242 86 0 90 70 112 232 176 68 88 106 18 203 131 184 12 255 32 38 138 128 20 138 48 168
2 141 3 158 20 131 174 226 22 0 88 66 112 232 176 68 88 106 19 203 3 184 8 255 32 38 138 128 20 10 48 168
2 158 2 158 22 131 186 230 22 5 90 167 96 234 34 64 93 123 147 129 34 136 26 255 32 38 154 139 20 14 60 138
104 48 56 96 32 12 81 16 97 8 52 8 31 23 0 48 132 20 93 8 136 96 176 0 195 249 32 16 66 128 66 35
104 48 56 96 33 77 81 16 105 136 52 8 159 23 0 48 132 21 93 8 128 96 176 0 195 217 32 17 66 128 70 35
3 143 3 158 20 131 170 238 86 1 88 70 96 232 188 228 89 106 2 141 131 184 14 255 32 46 138 136 29 10 112 140
130 143 6 158 23 131 186 230 150 4 90 163 96 234 34 193 73 123 139 129 38 137 10 255 32 38 138 131 20 12 60 138
35 207 97 14 214 129 207 247 70 64 24 198 113 96 178 100 76 226 18 207 219 8 44 61 40 4 173 192 61 154 240 252
120 249 122 106 48 205 83 244 33 8 252 40 63 215 0 48 150 185 213 74 74 43 56 61 243 221 32 56 114 130 98 43
104 48 56 96 33 12 81 16 97 8 52 8 31 23 0 52 132 148 221 8 136 96 176 128 195 249 32 18 66 128 66 35
104 48 56 96 32 77 81 16 105 136 52 40 159 31 0 16 134 21 221 8 128 96 176 0 195 217 32 145 66 128 70 51
3 143 3 158 20 131 170 250 86 1 88 70 96 232 188 228 89 106 2 205 163 184 12 255 32 46 138 128 28 10 112 172
2 142 6 158 31 131 178 230 150 5 90 163 96 234 34 193 73 123 131 129 38 136 10 255 32 38 154 11 20 12 60 138
130 143 6 158 28 130 174 226 148 6 210 163 96 234 32 193 121 102 171 231 100 217 15 255 32 34 203 129 20 44 56 140
3 142 2 154 28 145 138 236 86 1 88 199 96 232 190 196 89 74 2 133 166 170 15 191 40 6 155 72 28 14 184 140
104 48 56 96 33 77 81 16 105 136 52 8 159 23 0 48 132 20 93 8 136 96 176 0 195 249 32 16 66 128 66 35
104 48 56 96 32 77 81 16 105 168 52 8 159 23 0 48 132 148 93 8 136 96 240 0 195 249 33 48 64 128 66 35
2 141 2 158 23 131 178 230 22 4 90 131 96 234 34 192 89 107 131 129 38 152 14 255 40 38 142 67 20 14 188 142
3 143 3 158 20 131 174 230 86 1 88 66 96 224 180 228 89 106 2 206 227 184 12 255 32 46 138 136 28 10 48 172
3 141 3 222 20 131 174 230 22 1 88 66 112 232 176 100 89 106 18 203 99 184 8 255 32 38 138 136 28 10 48 172
2 141 2 158 23 131 170 230 22 4 90 135 96 234 34 192 89 107 131 133 38 152 14 255 40 38 142 195 28 14 184 156
104 48 56 96 32 76 81 16 105 136 52 8 159 23 0 48 132 20 93 8 136 96 176 0 195 249 32 16 66 128 66 35
104 48 56 96 33 77 81 16 105 136 52 8 159 23 0 48 132 21 93 8 136 96 176 0 195 249 32 16 66 128 66 35
3 142 3 155 28 145 138 236 86 1 88 210 96 232 188 196 89 42 2 133 167 186 79 191 44 6 155 8 28 14 184 140
130 143 6 158 28 130 174 226 148 2 210 227 96 234 160 193 121 99 171 231 100 201 15 255 32 34 203 129 20 44 56 140
161 207 105 14 212 129 207 247 84 64 92 198 113 96 178 36 88 226 18 207 251 40 44 63 40 12 173 192 125 154 240 252
105 48 113 96 37 28 81 16 105 8 52 72 30 23 128 52 134 148 84 8 137 96 240 192 195 249 32 146 66 128 66 35
88 48 120 96 32 77 81 16 41 136 52 40 159 31 128 48 166 21 221 0 128 96 176 0 195 217 32 131 98 128 7 51
35 134 3 154 92 147 138 236 86 1 88 210 96 232 188 196 89 42 18 141 167 170 15 191 40 38 155 136 29 14 184 140
130 142 6 159 28 130 174 226 148 6 210 231 104 234 48 193 121 99 171 231 100 153 15 255 32 38 202 131 20 44 56 140
3 14 6 159 28 131 174 96 148 2 210 227 96 234 176 197 121 102 43 175 100 249 15 255 32 34 203 129 21 108 56 132
38 134 0 155 221 147 138 232 22 17 88 147 96 234 58 192 89 74 131 133 54 50 79 247 56 6 159 111 21 14 184 132
104 48 56 96 33 77 81 16 105 168 52 8 159 23 64 48 132 149 93 8 136 96 240 0 195 217 33 48 66 128 66 35
104 48 56 96 32 76 81 16 105 168 52 8 159 23 0 50 132 212 93 8 136 96 240 0 195 249 32 48 66 128 66 35
2 141 2 158 23 211 182 230 22 4 74 163 96 234 34 192 89 107 131 193 38 152 14 255 40 38 142 67 20 14 188 142
3 143 3 222 20 131 174 230 86 1 88 70 96 224 180 228 89 106 2 204 227 184 12 255 40 46 138 136 28 10 112 172
3 141 3 158 20 131 174 230 86 1 88 70 112 224 180 228 89 106 18 200 227 184 12 255 40 46 138 136 28 10 48 172
2 141 2 158 23 195 174 230 22 64 90 131 96 238 34 192 89 107 131 197 38 152 14 255 40 38 142 195 28 12 184 156
104 48 56 96 37 93 81 16 97 168 52 8 159 31 64 48 132 148 220 8 136 96 240 0 203 217 33 49 66 136 70 51
104 48 184 96 32 76 81 16 41 136 52 40 159 23 128 50 134 213 93 8 136 96 176 0 195 249 32 144 98 128 70 51
38 134 0 155 221 147 138 200 22 1 80 211 96 200 58 192 89 10 131 133 54 50 79 247 60 6 159 237 29 12 184 132
3 14 6 159 28 130 174 96 148 2 210 231 96 234 176 197 120 103 59 167 100 209 15 255 48 34 203 128 29 108 57 4
2 143 10 158 22 195 190 230 22 5 90 163 96 234 34 64 123 123 131 193 38 184 14 255 32 38 154 11 20 10 60 142
3 143 3 222 20 131 174 246 86 0 88 70 112 232 180 228 88 106 18 207 167 186 28 255 40 46 139 0 29 138 112 172
3 142 3 159 84 131 170 238 86 1 88 70 96 232 60 228 89 106 18 141 163 186 94 255 40 46 142 72 29 10 176 140
130 141 15 158 20 195 174 226 148 0 218 131 96 234 48 65 121 107 27 199 100 153 14 255 32 38 202 131 20 8 56 204
104 48 112 96 33 93 81 16 105 168 180 8 159 23 192 52 132 148 221 8 136 96 240 192 195 249 37 50 66 128 70 51
72 48 56 96 33 76 81 16 105 168 54 40 159 31 0 50 134 85 221 8 8 96 240 0 195 249 33 179 98 128 71 51
38 166 4 155 223 147 178 200 22 21 208 147 96 200 122 192 89 139 131 181 54 114 79 247 60 6 143 111 149 12 184 134
19 14 6 159 12 130 172 104 212 18 210 198 96 226 176 67 124 102 42 175 228 209 15 237 176 34 235 128 29 248 57 4
