96 34 4 13 72 11 32 72 6 176 192 8 196 128 64 146 73 204 106 0 8 83 203 16 156 2 3 60 16 8 10 128
80 34 134 13 9 11 32 72 118 160 194 68 194 32 0 194 112 196 106 8 0 209 199 16 20 34 67 17 104 32 112 2
80 32 134 13 8 11 32 72 118 160 194 64 210 32 0 66 112 196 106 8 0 209 199 16 84 34 99 16 104 32 112 0
96 32 4 13 73 15 32 72 6 180 192 8 196 128 64 146 73 196 106 0 8 83 203 16 156 2 3 60 80 8 10 128
210 33 2 128 29 64 160 64 236 33 130 2 132 130 96 66 96 132 74 217 2 11 209 192 149 32 138 120 0 8 57 36
197 72 29 145 206 168 161 66 236 19 160 82 157 2 96 75 34 129 74 152 1 96 6 192 148 128 114 104 185 1 35 160
88 0 134 29 11 2 32 104 246 128 194 0 66 225 32 82 113 100 106 8 8 211 207 28 29 163 69 9 96 32 112 0
32 34 8 161 78 41 161 65 4 176 192 202 149 0 96 11 104 168 74 128 9 50 65 16 212 128 170 56 57 8 16 160
32 32 20 29 11 91 32 72 86 180 196 12 194 224 66 4 89 76 234 0 12 211 255 16 28 0 5 53 80 8 6 132
80 16 143 28 72 2 33 72 246 128 194 100 66 224 160 82 113 100 106 0 9 211 239 16 20 34 103 8 72 32 32 48
48 32 10 41 73 86 32 72 100 12 199 0 2 130 35 77 88 12 34 168 12 146 242 0 149 225 130 5 18 11 44 134
80 32 134 4 72 8 32 64 102 160 194 10 82 128 32 82 96 204 106 136 0 211 141 16 20 32 3 0 0 0 35 0
32 160 148 29 74 139 32 200 214 184 192 72 210 224 64 130 89 108 106 16 10 211 203 16 28 0 37 52 88 40 10 160
32 32 3 1 74 9 160 72 38 160 226 74 64 192 64 16 104 12 106 0 0 211 205 16 29 0 3 48 65 8 18 128
65 34 10 17 70 169 96 82 108 48 98 90 151 128 210 107 32 40 106 24 17 180 135 64 84 33 114 64 104 9 75 128
32 32 2 9 74 11 160 72 22 164 224 10 64 192 96 80 120 12 106 8 2 211 203 17 20 0 3 41 113 8 42 128
80 34 6 9 72 11 32 72 230 32 194 66 66 128 32 66 104 76 106 136 0 209 195 16 20 34 3 0 40 0 33 130
153 16 7 57 18 131 65 94 22 97 194 246 83 5 32 73 120 140 42 28 59 220 5 28 220 227 112 64 248 136 32 120
80 34 3 128 72 8 32 64 102 32 194 78 2 130 32 82 96 204 106 128 1 211 133 0 20 32 3 8 8 0 35 0
96 32 2 137 77 9 96 64 110 32 226 8 130 130 0 82 104 204 106 128 8 83 199 64 149 32 2 57 0 0 34 0
65 48 2 8 73 213 0 72 166 204 194 13 196 208 74 128 208 4 234 100 6 3 211 16 21 0 9 63 8 6 43 86
80 33 2 8 73 69 160 72 36 4 224 7 134 130 10 128 248 128 74 241 12 35 81 64 149 0 138 91 72 11 43 130
112 66 18 160 69 9 160 64 40 36 163 10 6 130 32 208 104 136 74 98 0 163 16 64 149 32 2 57 17 10 246 130
208 18 27 201 68 129 33 82 52 17 66 118 17 131 96 201 120 12 42 152 27 158 83 16 148 160 242 68 56 8 48 160
36 160 20 184 207 75 160 200 86 176 224 10 196 208 96 128 121 152 98 16 2 114 91 17 29 130 135 125 81 8 45 130
40 32 2 41 73 75 160 68 36 4 224 2 128 130 32 136 104 136 74 232 8 51 65 64 21 128 130 9 81 11 46 138
9 32 22 41 0 136 225 66 228 17 98 82 157 3 0 10 104 8 74 152 3 176 7 65 196 128 50 0 233 0 35 136
0 1 3 161 71 72 160 72 44 53 66 2 132 130 105 202 104 140 74 88 2 147 133 64 20 32 18 37 17 10 125 136
80 2 159 221 12 2 96 104 244 128 194 66 208 226 32 98 120 228 106 136 9 209 131 72 21 162 231 0 0 104 112 32
96 32 192 172 76 9 160 72 46 164 240 139 130 128 68 18 104 204 66 1 0 114 219 80 29 0 7 57 65 40 71 130
64 66 15 193 76 137 96 64 172 17 66 74 147 128 96 75 104 168 106 24 3 48 71 16 148 128 114 64 48 8 89 40
104 34 152 100 32 12 81 16 41 172 182 9 223 51 66 18 132 197 108 12 8 96 193 0 195 249 33 17 64 160 74 3
65 48 135 29 88 131 32 72 246 128 194 100 68 224 32 82 81 108 106 32 33 211 139 28 12 162 69 8 80 32 32 144
48 32 134 29 8 203 32 72 150 180 194 0 98 224 162 64 89 108 106 8 14 211 239 31 24 134 5 37 112 40 38 132
25 96 14 1 9 6 224 64 228 21 227 2 1 131 104 204 104 12 42 188 8 147 17 64 213 129 130 69 1 0 105 128
40 16 22 136 73 95 32 72 196 140 198 10 2 144 34 196 200 8 202 96 72 163 19 16 145 129 2 11 16 8 44 130
81 32 159 133 10 10 97 64 236 160 226 66 222 130 80 114 98 197 106 136 1 209 133 64 156 34 143 0 40 0 35 4
44 17 22 60 73 213 0 72 198 128 64 32 166 208 33 201 192 40 234 64 6 135 210 25 5 33 0 43 16 41 56 134
81 32 135 133 10 10 32 64 236 160 194 66 210 130 80 114 96 197 106 140 1 209 133 64 156 34 143 0 0 0 35 4
32 34 11 168 76 9 161 72 36 16 240 71 20 128 32 26 104 136 66 169 0 35 130 0 20 32 98 108 65 8 99 128
96 32 136 164 78 9 160 72 46 160 240 139 130 128 64 2 104 204 66 1 0 114 219 16 28 0 7 57 65 40 86 130
112 0 134 157 73 79 32 72 166 160 194 10 194 210 64 82 104 196 106 0 8 195 219 0 149 34 131 57 16 8 80 2
0 32 23 1 73 75 160 72 238 36 226 0 196 194 96 66 104 204 234 128 0 243 139 64 21 2 3 3 65 0 39 130
16 2 143 161 20 139 97 81 38 49 67 66 147 1 32 72 104 8 10 28 19 184 69 0 196 129 178 0 184 136 80 160
64 0 158 157 12 2 96 104 244 128 194 66 80 226 32 98 120 100 106 136 0 209 131 72 21 34 199 0 16 104 112 32
81 74 27 129 66 40 32 70 228 16 226 66 176 2 161 251 104 128 74 152 3 39 1 64 212 129 242 8 41 17 43 160
52 160 20 185 203 3 160 200 22 176 224 10 212 208 96 192 121 24 98 16 2 82 75 17 157 130 135 125 49 8 32 130
81 228 2 160 81 140 104 71 40 16 226 10 4 2 64 209 104 137 74 129 78 27 148 84 149 0 154 100 33 0 43 2
81 32 151 133 10 10 32 64 236 160 194 66 208 130 84 114 96 197 106 136 1 209 133 64 156 34 143 0 32 0 35 36
105 50 16 96 41 29 80 16 107 168 180 76 143 19 64 146 132 196 76 12 140 98 192 128 203 217 37 48 74 132 74 3
32 32 129 164 78 9 160 72 14 164 240 139 130 128 68 2 104 204 66 1 0 114 203 80 29 0 7 57 65 40 86 130
64 2 159 93 8 2 101 104 244 130 230 64 82 225 160 66 112 100 106 40 41 241 171 13 20 162 103 0 80 120 112 32
36 160 20 184 203 195 160 200 86 176 224 10 228 210 104 132 121 88 226 16 2 114 91 21 157 130 7 127 144 8 45 130
64 2 143 221 12 2 101 120 244 130 226 66 80 227 160 66 120 100 106 168 41 209 139 13 84 162 231 0 1 248 96 32
96 32 192 172 77 73 224 72 46 164 240 139 130 128 68 146 104 204 66 1 0 114 203 80 29 0 7 57 65 40 70 130
20 160 148 153 219 195 32 200 86 176 192 10 70 210 104 192 89 88 226 16 2 82 203 21 157 130 5 125 176 8 13 130
81 32 158 133 10 10 32 64 236 160 226 66 222 130 80 114 96 197 106 140 1 209 133 64 156 34 15 0 32 0 35 4
81 32 159 133 10 10 104 64 236 160 226 66 222 130 80 114 98 197 110 140 1 209 133 64 156 34 143 0 40 0 35 36
96 32 192 172 76 9 160 72 46 164 240 139 130 128 68 2 104 204 66 1 0 114 203 80 29 0 7 57 65 40 71 130
80 0 159 221 12 2 96 104 244 128 226 66 80 226 32 98 120 228 106 136 1 209 131 72 21 162 231 0 16 104 112 32
36 160 20 185 207 75 160 200 86 176 224 10 196 208 96 192 121 152 98 16 2 114 75 17 29 130 135 125 17 8 40 130
81 32 159 133 10 10 96 64 236 160 226 66 222 130 80 114 98 197 106 140 1 209 133 64 156 34 143 0 32 0 43 36
96 32 192 172 76 73 160 72 46 164 240 139 130 128 68 18 104 204 66 1 0 114 203 80 29 0 7 57 65 40 70 130
64 2 151 93 8 2 101 104 244 130 226 64 82 225 160 194 112 100 106 40 41 241 139 13 20 162 231 0 0 120 96 32
20 160 20 185 219 195 32 200 86 176 224 10 230 210 104 196 89 72 226 16 2 82 75 21 157 130 5 127 208 8 44 130
172 16 138 169 76 65 33 80 20 111 198 18 147 145 107 105 88 12 42 24 24 150 227 128 213 225 242 77 144 8 52 226
208 161 2 160 81 8 96 64 41 0 128 9 4 130 96 208 232 137 74 241 78 147 16 68 149 0 138 109 32 0 42 2
133 49 31 136 64 7 161 72 228 25 97 84 20 130 104 105 248 8 2 240 17 179 2 64 80 128 50 76 200 0 35 176
208 1 2 136 29 192 129 65 228 0 131 2 130 128 96 198 200 164 106 145 24 131 209 192 145 32 138 91 0 8 56 6
105 66 31 169 40 67 33 81 134 41 195 228 211 135 168 68 64 12 106 60 1 151 67 16 196 161 34 92 16 138 32 176
32 35 79 161 68 169 225 65 236 17 113 74 183 0 16 11 104 8 66 13 0 48 198 0 4 0 114 40 65 8 83 128
184 34 6 49 65 55 160 64 116 26 116 18 1 130 106 13 104 8 130 144 4 246 2 0 85 193 82 5 227 72 106 134
32 34 6 9 72 11 160 72 118 168 226 76 192 192 64 80 120 140 106 0 0 211 203 16 20 2 131 56 73 8 58 128
32 32 6 137 78 11 160 72 22 160 210 74 208 128 192 64 120 12 106 8 0 243 203 144 156 32 135 56 17 8 112 160
64 32 22 5 74 11 32 64 118 160 226 40 192 130 192 80 120 204 106 128 0 243 139 64 20 32 35 41 97 0 35 130
32 34 78 133 78 11 160 64 172 32 242 66 148 131 0 80 104 140 106 0 0 243 193 64 20 32 3 32 97 8 99 128
48 32 22 137 75 139 160 72 230 144 226 2 192 194 64 66 104 236 106 128 4 227 219 80 149 2 135 31 65 0 107 134
32 34 7 165 74 11 161 72 62 164 114 66 135 131 64 64 120 204 106 8 0 240 193 64 148 160 35 32 97 8 99 160
96 2 134 141 73 11 32 72 182 164 194 11 194 194 96 66 120 204 106 0 12 67 203 208 149 32 139 57 16 8 62 130
104 162 134 29 8 11 32 216 246 184 198 76 64 225 192 82 81 100 106 8 8 83 203 17 92 34 229 28 74 96 24 0
96 32 2 137 76 9 224 64 172 32 224 74 150 130 64 208 104 140 106 0 8 179 197 0 148 0 3 48 96 8 19 128
48 32 22 137 75 139 160 72 230 144 226 2 192 194 64 198 104 236 106 128 0 243 219 80 149 2 131 15 65 0 39 134
96 0 134 157 73 11 32 72 182 160 194 10 194 210 96 194 120 204 106 0 12 67 219 208 149 32 139 57 16 8 58 130
32 32 7 137 78 11 32 72 22 160 242 74 195 192 192 64 120 140 106 8 8 242 203 144 28 128 167 40 113 8 112 128
48 32 6 129 75 11 160 72 110 4 242 2 192 194 64 68 104 140 106 128 0 243 207 80 149 2 131 9 65 0 103 134
96 32 65 129 76 9 224 64 44 32 242 74 210 0 0 80 104 140 106 128 1 242 193 64 20 160 3 40 73 8 99 128
48 32 6 129 75 139 160 72 238 0 242 2 192 194 64 196 104 172 106 128 0 243 219 80 149 2 131 9 65 0 107 134
33 32 6 1 74 11 160 72 102 160 226 138 194 192 0 80 104 140 106 128 8 243 207 16 20 2 131 16 97 8 115 128
80 32 6 13 10 10 160 72 38 32 194 74 194 130 0 82 104 196 106 128 8 195 199 64 148 32 10 56 73 8 35 130
16 48 135 29 74 203 32 72 246 160 194 192 64 192 32 2 120 108 106 0 0 243 223 0 21 32 1 0 96 40 54 146
0 34 198 141 10 2 32 88 230 168 210 226 193 162 160 66 110 196 110 128 8 211 199 0 148 34 162 144 36 168 32 129
33 32 14 1 72 11 32 72 102 160 226 8 208 192 64 82 105 76 106 8 0 211 223 16 28 2 135 16 65 0 114 160
73 32 31 108 8 210 33 88 228 137 102 100 83 193 168 122 80 12 104 40 5 243 167 4 0 225 32 8 106 128 34 89
96 34 0 13 74 9 160 72 38 160 242 74 210 160 64 18 104 204 106 8 8 242 195 80 20 160 3 40 105 8 98 128
64 32 10 137 76 9 97 64 110 32 226 10 134 130 0 82 104 204 106 136 8 3 197 80 148 32 2 24 32 0 34 0
49 32 14 25 74 147 33 72 246 128 194 8 80 194 96 112 120 108 106 0 0 211 239 24 92 2 7 8 96 0 34 160
80 32 134 12 74 11 32 72 38 160 194 10 194 160 0 82 104 196 106 0 0 211 199 0 21 34 3 40 33 8 34 130
48 32 7 137 73 67 160 64 190 132 242 10 0 130 100 208 120 141 106 128 8 243 195 208 21 0 139 9 65 8 103 130
16 34 135 141 72 3 160 72 118 128 242 98 209 194 192 66 120 204 106 136 1 243 207 80 20 160 163 8 97 40 99 128
0 32 22 9 73 11 160 72 254 160 226 0 196 194 96 70 249 76 106 0 0 243 139 64 29 2 3 3 64 0 35 132
88 32 6 13 74 10 32 72 164 36 194 10 66 192 0 210 104 204 106 136 0 211 135 64 148 34 2 0 96 0 43 128
96 32 2 137 76 9 224 64 44 32 224 74 134 128 64 80 104 140 106 0 8 179 213 0 148 0 139 48 120 8 19 128
112 32 66 129 75 9 96 72 230 32 242 10 10 130 64 80 104 140 110 128 8 243 151 80 149 0 131 56 97 0 99 132
96 0 134 156 73 135 32 72 182 128 194 10 64 194 96 80 120 236 106 128 0 211 195 208 21 34 131 41 16 8 33 130
48 32 6 9 75 135 160 72 246 144 226 2 192 194 64 194 120 236 106 128 0 227 203 88 157 2 7 13 65 0 43 132
32 32 7 137 76 75 160 72 22 160 242 74 195 192 64 192 120 140 106 8 9 242 207 144 28 128 131 40 113 8 112 128
97 32 14 9 74 11 161 72 118 160 224 10 194 192 64 16 120 140 106 128 9 83 199 16 20 0 131 56 97 8 51 160
96 2 11 136 72 41 161 64 12 32 224 223 2 128 96 91 200 140 98 0 25 50 64 0 20 0 210 40 81 9 82 132
96 32 6 141 73 75 32 72 166 160 226 11 194 194 96 194 104 204 106 0 12 67 203 208 149 32 139 57 16 8 58 130
32 34 6 9 72 11 160 72 118 160 194 76 66 128 0 64 120 76 106 0 1 211 141 16 20 2 3 32 72 8 115 148
32 32 7 141 74 11 161 72 62 160 226 66 84 195 0 64 120 140 106 136 0 241 195 64 20 32 3 32 97 8 35 160
64 32 14 29 72 75 32 72 54 164 194 12 64 192 34 84 120 204 106 136 0 211 207 0 20 34 3 9 0 8 46 192
65 32 143 29 72 131 33 72 118 160 194 8 80 192 32 86 112 108 106 12 1 211 239 16 20 34 67 8 64 0 34 96
112 32 6 137 9 139 160 72 246 128 242 2 194 194 64 64 120 236 106 128 8 227 219 80 149 0 131 25 65 8 47 134
48 34 7 141 78 11 160 72 62 164 114 66 5 131 64 64 120 140 98 136 0 240 199 80 20 160 3 32 97 136 99 160
112 32 6 141 75 11 32 72 62 32 226 11 196 130 32 66 120 204 106 0 4 211 219 208 149 32 131 59 16 8 58 134
48 32 7 13 9 75 32 72 118 244 194 0 66 196 96 0 120 76 106 0 12 209 239 16 29 2 5 54 80 8 4 214
0 34 6 1 72 9 160 72 102 160 226 200 194 128 64 80 104 132 106 128 8 243 197 16 148 0 3 17 65 8 115 128
112 32 4 140 8 13 160 72 38 32 194 74 130 2 0 210 104 196 106 128 8 67 197 64 148 32 10 56 64 8 43 132
80 2 143 93 72 6 32 104 118 128 230 66 82 225 160 66 120 100 106 40 9 241 139 12 84 34 231 0 48 40 112 32
32 176 30 153 75 203 32 200 22 176 192 10 196 210 96 64 89 12 98 16 2 83 91 29 29 130 15 125 16 8 45 130
65 32 142 133 74 10 97 64 108 160 226 74 212 130 16 114 96 196 106 136 1 209 133 64 148 34 139 0 40 32 99 0
48 32 0 141 79 9 160 72 46 164 160 11 2 128 64 18 104 204 106 1 8 115 219 80 29 0 15 57 65 40 70 130
80 2 143 77 8 2 32 104 118 128 226 64 208 224 128 66 112 68 106 40 9 243 131 12 92 34 231 0 32 40 112 32
48 32 6 137 9 11 160 72 110 0 242 2 194 130 64 64 104 140 106 128 8 227 211 208 149 0 139 25 65 8 39 134
96 32 66 129 76 9 224 64 44 32 242 74 151 136 0 16 104 140 110 136 8 243 193 192 20 160 3 40 97 8 67 128
112 32 6 137 79 11 96 72 110 32 242 11 196 130 32 66 104 204 106 0 4 243 219 208 149 32 139 57 16 8 122 134
32 160 148 153 75 207 32 200 22 176 192 10 196 194 96 128 89 92 226 16 2 83 91 17 29 128 13 125 16 8 13 130
65 32 30 133 10 8 96 64 108 160 226 74 212 130 80 114 96 196 106 136 1 209 133 64 148 32 139 0 40 0 43 32
32 32 7 137 76 11 160 72 22 160 242 74 195 129 192 64 120 140 106 136 8 242 67 208 20 128 131 40 113 8 112 128
48 34 0 141 79 9 160 72 46 164 176 11 2 128 64 146 104 220 106 0 8 115 209 80 149 0 3 57 65 40 70 130
104 50 24 100 32 13 80 16 41 168 182 77 159 19 2 18 132 196 108 12 8 96 192 0 195 249 33 49 74 160 74 3
80 2 143 77 8 10 32 72 118 128 226 66 208 224 128 82 112 68 106 8 1 211 131 4 20 34 231 0 40 32 96 32
32 32 20 137 75 75 32 72 22 180 224 10 198 208 96 128 121 92 226 16 2 83 75 17 29 128 15 61 80 8 45 130
224 33 2 136 77 68 0 64 232 0 128 0 134 130 96 208 200 140 10 241 12 3 144 128 145 32 138 127 0 8 51 6
224 33 2 128 65 68 32 64 160 4 224 9 4 130 34 144 232 129 66 241 68 131 16 68 17 0 138 79 0 0 42 130
25 34 9 177 4 137 97 81 4 49 71 198 179 129 192 73 104 136 34 24 9 244 71 0 196 193 240 32 40 8 16 160
145 34 139 161 68 9 225 81 36 17 67 86 179 129 192 11 104 8 66 13 3 176 135 0 212 129 114 32 105 9 113 160
240 1 18 136 93 101 0 64 76 4 192 26 134 16 32 208 200 136 202 113 12 3 208 140 145 32 138 59 16 9 62 6
96 32 7 137 73 15 160 72 238 32 242 10 2 194 64 80 104 140 106 128 8 243 215 80 21 0 131 40 65 8 98 134
80 32 2 137 77 9 96 72 46 32 194 10 194 146 32 82 104 196 110 0 8 211 195 192 149 32 131 59 0 8 80 130
96 96 2 160 73 68 32 65 160 4 225 9 4 130 34 144 232 128 74 161 76 131 16 68 17 0 138 75 0 0 46 130
241 130 74 125 0 10 65 16 118 97 230 116 83 1 130 121 88 140 32 136 153 254 229 21 84 235 112 64 105 128 98 32
16 66 15 161 6 139 97 80 100 17 198 70 147 1 160 75 104 136 42 28 11 188 7 0 212 129 178 64 169 136 120 160
128 35 137 169 70 8 161 64 100 16 240 198 145 3 64 10 104 8 66 200 11 182 197 64 196 129 178 4 105 8 35 160
40 16 26 168 73 77 0 72 196 4 204 0 132 210 35 206 200 40 202 32 0 3 210 24 85 49 2 59 16 43 61 130
0 34 70 13 74 3 160 72 118 160 242 226 193 194 128 84 122 204 106 128 0 243 199 64 20 32 35 169 101 128 35 129
65 32 23 133 14 8 105 64 108 160 226 66 220 130 16 114 98 197 106 136 1 209 133 64 148 32 139 0 40 0 35 32
105 34 80 96 40 29 88 16 107 168 178 109 143 11 192 146 134 196 108 12 140 98 193 0 138 249 37 50 66 132 74 1
44 48 2 8 73 196 33 73 132 132 205 1 132 210 98 78 200 40 234 50 0 3 82 0 21 48 2 11 16 46 46 130
65 2 11 193 68 137 96 83 100 17 66 70 19 128 224 89 104 136 42 28 3 178 167 0 84 129 114 72 32 8 113 160
36 160 20 153 203 223 48 200 150 180 224 10 228 208 96 132 217 88 234 16 6 115 219 153 29 2 7 127 146 12 45 134
80 2 143 93 8 2 33 120 118 128 226 102 81 227 160 66 112 100 106 168 41 209 175 12 84 162 231 0 41 232 96 32
48 32 128 141 79 75 160 72 46 164 176 11 6 128 64 146 104 220 234 1 8 115 219 80 29 0 7 59 65 40 79 130
48 32 64 141 79 73 160 72 46 164 176 11 2 136 64 146 104 220 74 1 8 115 209 80 21 0 3 49 65 8 86 130
80 2 143 205 12 10 33 72 118 128 226 66 208 226 160 66 112 196 106 136 1 209 131 4 84 162 231 0 40 40 97 32
65 34 143 133 14 10 105 64 108 160 226 66 212 130 144 114 96 196 106 136 1 209 135 64 148 34 167 0 41 32 99 32
16 1 2 129 69 77 33 68 228 53 194 2 0 131 104 206 104 12 74 248 6 145 144 64 21 160 2 5 48 10 45 160
17 42 22 57 72 137 97 82 100 25 102 66 145 131 224 75 104 136 74 152 3 184 3 65 212 128 242 0 104 128 33 160
32 32 20 137 79 79 160 72 150 180 224 10 68 192 96 132 121 156 234 16 2 115 91 17 29 128 15 63 81 8 37 130
153 18 15 57 32 155 97 17 246 105 71 244 211 197 170 248 20 44 46 28 137 148 39 20 194 227 97 80 186 140 160 113
172 18 27 168 108 71 49 88 20 92 69 114 150 213 232 105 88 56 162 56 1 146 226 128 213 225 98 44 146 8 53 241
141 48 30 169 40 22 161 88 164 217 117 116 149 146 234 105 88 8 2 184 29 183 50 64 192 193 34 68 88 0 41 145
152 50 138 33 77 85 160 72 52 95 247 55 2 144 106 9 120 8 162 160 12 243 51 0 213 193 82 15 227 40 44 194
80 97 2 129 75 72 160 72 100 32 226 2 4 18 40 194 104 128 202 224 70 51 81 64 149 0 130 69 81 10 47 130
40 82 18 136 73 15 162 72 36 12 224 13 6 130 34 144 248 148 202 98 64 163 16 12 53 32 2 63 80 14 47 146
25 18 27 73 2 131 33 94 118 25 70 118 19 131 224 232 112 12 34 28 27 154 67 16 144 225 48 68 184 136 40 176
136 2 14 161 68 8 33 83 228 57 70 118 145 131 232 79 96 12 42 24 3 149 1 144 212 225 178 68 56 136 241 176
65 80 15 8 72 32 33 87 100 24 230 100 144 2 161 123 104 128 74 168 9 51 69 64 84 161 242 8 8 16 35 168
56 114 18 8 73 79 176 64 164 12 224 8 2 144 34 134 232 24 202 98 4 179 1 0 149 129 2 15 80 11 46 130
168 16 2 8 73 87 49 72 196 204 196 1 134 148 35 214 200 44 130 98 12 147 50 0 17 241 0 63 18 43 46 214
25 18 3 41 10 3 1 89 22 73 71 244 87 129 160 236 84 8 42 28 139 150 67 16 144 195 112 64 186 136 32 49
40 16 2 172 73 83 48 72 196 12 196 40 130 144 43 132 200 8 138 98 12 163 82 8 149 129 2 43 80 11 47 134
193 3 27 128 196 40 225 71 104 24 242 78 28 2 33 90 232 130 66 152 1 51 1 64 20 0 82 8 201 88 99 160
48 32 6 137 9 195 160 72 246 128 242 2 192 194 64 192 120 236 106 128 12 227 219 80 149 2 131 27 81 8 43 134
53 142 199 62 138 42 71 184 82 226 98 236 115 225 185 59 29 102 96 46 233 242 143 46 104 174 101 16 233 240 66 32
32 50 134 29 8 131 32 72 22 240 194 101 66 224 2 66 81 108 106 36 9 211 207 29 12 34 197 52 56 40 32 208
32 32 22 157 75 131 32 72 150 160 226 10 68 194 32 66 120 236 106 128 0 211 195 208 21 34 139 43 16 8 32 130
6 164 148 23 139 19 22 200 150 182 0 1 228 246 73 143 145 94 233 18 34 83 139 58 41 6 77 111 128 116 7 150
125 166 134 21 140 2 39 248 82 178 66 68 83 225 145 11 89 100 104 58 185 243 143 10 104 38 101 4 233 248 112 0
185 50 254 125 18 146 65 90 116 73 230 244 83 1 130 121 80 140 108 60 175 253 37 15 210 239 48 64 233 128 106 65
64 0 142 29 8 83 0 104 118 244 198 4 64 224 34 70 81 68 106 8 8 211 255 21 28 34 69 13 16 40 60 196
112 32 7 141 79 75 32 72 62 48 226 10 196 128 96 198 120 204 106 0 0 243 219 208 149 32 131 63 16 8 54 134
17 0 6 137 10 11 33 72 118 32 194 2 210 130 32 64 120 140 106 8 1 211 195 16 212 32 130 0 48 8 49 128
48 32 7 141 14 11 160 72 150 160 194 66 210 128 128 224 120 140 106 8 1 241 79 156 148 34 3 16 56 8 48 164
96 16 7 137 79 75 32 72 102 36 194 6 192 128 32 80 104 140 106 0 8 115 219 16 21 32 131 56 16 8 52 130
117 164 175 87 140 2 7 248 82 178 66 100 83 225 145 11 89 102 96 58 185 243 143 42 104 47 101 4 233 248 112 32
14 176 132 23 139 87 20 200 146 183 0 1 228 242 75 142 145 78 232 50 50 83 155 56 9 2 77 111 128 116 3 134
14 172 148 26 153 247 22 136 182 183 0 17 236 242 75 220 145 95 224 16 54 80 155 63 41 22 85 111 146 117 143 6
32 32 7 137 78 11 160 72 86 160 242 74 211 192 224 224 120 140 106 0 9 242 207 144 20 128 163 40 113 8 112 128
70 160 132 21 139 71 20 200 146 182 0 9 228 230 75 142 145 78 233 18 34 83 155 25 9 2 77 127 128 116 15 150
53 14 198 126 136 34 71 184 82 162 98 236 115 224 153 59 25 102 96 42 233 242 143 46 40 174 101 16 233 241 66 1
16 32 22 137 75 11 160 72 236 36 242 2 66 130 96 80 104 132 106 128 8 243 195 192 149 2 139 3 65 8 37 130
48 32 6 137 9 139 160 72 246 144 226 8 194 192 64 192 120 236 106 128 12 227 219 80 149 2 3 31 81 8 35 134
96 34 0 136 108 9 72 72 135 40 242 233 195 194 160 66 72 204 110 140 8 67 199 208 148 48 171 184 16 136 58 129
96 32 6 137 73 11 32 72 174 176 226 11 198 130 96 70 232 204 106 0 0 211 219 208 21 32 131 63 16 8 58 134
16 32 6 137 73 11 160 72 244 160 242 2 64 130 96 80 120 196 106 128 0 243 195 64 148 2 3 3 65 0 37 130
48 32 6 137 9 11 160 72 230 0 242 2 194 194 64 192 104 140 106 128 12 227 211 208 149 0 139 25 81 8 35 134
6 172 148 18 153 183 22 168 54 183 0 17 236 226 75 220 149 95 160 48 50 64 27 63 41 22 77 111 146 117 135 6
96 32 0 137 79 73 160 72 38 164 240 139 134 128 64 144 104 140 234 128 8 115 211 80 21 0 11 59 65 8 110 130
113 32 142 5 72 10 33 72 246 160 194 8 67 128 2 82 112 76 106 0 0 241 143 20 20 34 69 16 64 0 114 160
96 32 6 12 74 75 32 72 54 176 194 8 64 194 64 18 120 76 106 0 2 211 219 17 28 0 5 60 0 8 39 144
96 32 6 137 73 75 160 72 182 0 242 11 192 194 64 192 248 140 106 128 8 99 219 80 149 32 131 27 81 8 42 134
0 32 7 129 76 11 160 72 46 32 242 74 194 129 64 128 104 140 106 8 0 243 203 80 148 0 3 48 97 8 3 128
112 32 6 137 75 203 160 72 166 160 226 11 198 194 32 194 232 236 106 0 4 227 219 208 149 32 131 59 16 8 55 134
32 32 7 137 76 11 160 72 54 160 242 74 195 192 96 64 120 140 106 8 8 243 203 144 20 130 3 48 113 8 80 128
96 32 6 137 73 11 160 72 230 160 226 9 194 194 96 64 232 140 106 128 12 227 203 80 149 0 139 27 81 8 43 134
104 50 24 96 32 13 80 16 105 136 52 77 159 19 2 18 132 196 76 12 136 96 208 0 195 249 32 17 72 128 74 3
0 32 6 137 73 11 32 72 174 32 226 11 196 208 32 198 232 204 106 0 0 243 195 208 21 34 3 35 16 8 57 134
53 142 198 126 138 3 71 184 210 178 98 204 115 224 153 59 21 102 100 46 233 210 15 63 96 239 101 144 233 240 66 0
117 162 143 53 158 10 37 248 214 242 194 102 83 225 208 2 17 108 104 44 169 241 207 8 28 43 101 52 237 232 80 32
86 160 132 20 139 87 20 232 150 178 64 9 68 242 66 134 145 108 233 18 6 83 203 24 25 2 77 127 130 100 15 134
48 32 2 137 77 13 224 72 108 32 242 10 130 146 4 208 104 140 110 128 8 243 193 192 149 0 139 56 65 8 98 130
17 34 14 5 8 10 32 64 238 160 194 64 208 128 208 114 105 196 106 136 1 241 141 64 212 32 35 48 73 0 83 128
80 32 2 137 77 9 32 72 238 32 242 10 70 146 32 82 104 204 106 0 8 243 193 208 149 32 131 27 0 8 113 130
16 32 6 137 73 11 160 72 164 32 242 3 194 130 32 80 104 132 106 128 8 227 195 192 149 2 139 27 1 8 37 130
32 32 6 137 77 11 160 72 166 32 194 3 196 194 32 66 104 204 106 128 12 211 211 208 149 32 139 59 16 8 48 130
32 32 150 29 89 139 32 72 182 176 194 8 228 224 64 70 217 108 106 16 2 211 203 25 29 34 69 59 64 32 35 134
32 34 66 136 72 11 160 72 228 40 240 232 131 130 224 84 106 140 110 128 8 227 198 192 148 16 163 185 65 136 35 133
17 34 15 5 8 10 32 64 236 160 226 66 208 130 208 114 104 196 106 136 1 209 133 64 148 32 163 0 9 0 99 0
0 32 134 29 25 131 32 104 182 176 194 1 228 226 96 66 209 100 106 0 34 195 139 29 9 34 69 31 0 32 33 2
121 34 80 32 40 9 80 0 107 168 176 41 143 11 192 146 130 197 76 20 12 96 192 0 218 249 37 50 66 132 75 1
117 174 199 126 186 2 71 184 210 242 98 236 115 224 153 59 21 230 96 46 169 242 175 47 104 174 101 20 233 240 66 33
16 128 20 141 27 91 16 200 87 180 226 2 194 80 38 196 217 92 234 48 44 193 219 156 141 194 71 55 50 12 12 6
81 2 207 109 26 2 101 120 118 130 230 230 83 227 160 98 112 204 106 172 169 241 239 28 84 163 227 0 41 160 96 160
70 164 148 27 153 151 22 168 62 183 0 1 76 242 79 156 145 91 160 16 54 80 155 63 43 86 69 111 210 116 15 6
32 32 0 141 75 13 160 72 38 164 240 10 134 128 64 130 104 220 234 0 8 243 211 16 21 0 11 57 97 8 14 130
114 32 0 141 79 77 160 72 38 164 240 11 134 208 64 150 104 220 234 0 8 115 219 208 157 0 15 59 65 12 46 134
17 34 143 133 8 10 97 80 238 160 226 70 209 162 144 114 104 196 106 136 129 209 133 64 148 34 163 0 40 160 99 160
0 2 143 93 8 2 33 88 246 32 226 100 83 227 160 82 120 100 106 8 9 209 139 28 20 162 99 0 24 168 96 32
56 48 22 9 75 79 48 72 22 180 224 8 198 208 98 196 89 8 234 16 6 243 91 17 29 130 5 63 80 8 45 134
64 24 16 31 9 221 178 8 174 8 141 9 228 212 103 196 128 49 234 3 6 1 90 25 5 16 9 59 80 38 13 7
157 50 14 41 160 183 33 88 118 89 215 116 147 215 170 233 92 8 134 28 15 212 35 0 192 193 226 68 58 136 32 241
172 50 26 137 100 23 49 88 20 216 69 118 151 213 234 237 88 56 130 56 1 150 34 128 193 193 98 44 18 58 53 241
140 114 130 40 41 215 176 80 20 109 119 53 194 212 106 137 220 60 162 48 13 178 50 0 211 209 66 15 210 60 44 211
153 18 11 161 0 60 97 91 116 89 70 244 19 131 234 73 112 12 42 28 3 209 35 129 214 225 114 4 58 200 240 240
224 4 18 136 77 102 0 64 200 12 192 24 132 146 34 209 216 52 202 49 4 3 208 142 145 48 10 63 16 8 61 6
9 18 11 9 200 8 33 87 100 89 102 116 145 131 234 123 104 10 34 152 17 50 165 64 84 129 242 44 104 208 226 160
160 33 2 128 73 70 164 64 172 14 160 17 4 146 34 148 200 0 202 34 68 135 16 66 145 20 10 31 64 0 47 134
40 19 22 168 77 119 52 72 196 12 244 43 130 144 35 135 200 12 202 98 12 179 16 8 181 241 2 31 82 121 46 134
177 18 78 105 18 19 65 30 22 105 230 244 83 129 162 121 84 140 46 28 187 214 101 16 194 235 112 212 184 136 224 113
40 87 18 40 73 127 54 72 140 12 236 13 134 148 42 148 216 16 202 34 4 163 80 12 177 17 2 63 82 30 47 215
185 18 30 121 2 18 97 86 118 25 230 246 19 3 232 121 120 140 46 28 139 218 103 16 198 225 112 64 56 136 232 177
249 18 127 120 18 130 67 86 117 77 230 244 83 1 178 120 84 140 44 28 171 189 37 15 210 239 48 64 105 128 98 121
8 4 2 128 65 93 36 64 228 52 234 3 4 146 42 198 104 140 202 226 68 19 16 0 181 0 2 39 0 10 47 198
21 42 28 241 206 0 169 82 160 16 80 66 177 3 224 107 104 130 2 136 3 24 194 225 212 129 250 40 57 0 49 168
32 32 20 152 75 95 176 72 22 180 224 10 196 210 98 196 249 24 234 16 6 115 219 17 29 130 7 63 16 8 45 130
153 10 11 57 0 136 97 80 116 93 102 118 19 131 192 73 120 138 34 152 11 248 39 97 212 193 114 64 104 128 32 168
76 5 2 128 73 86 32 64 228 12 202 0 132 146 98 198 232 4 202 224 76 131 16 2 177 16 2 15 0 40 47 198
17 34 143 93 8 2 33 88 246 160 226 100 81 227 160 82 120 228 106 136 9 241 143 12 84 34 231 0 41 168 96 160
16 4 16 192 23 12 236 66 104 38 184 26 142 2 4 132 170 129 6 129 72 36 16 194 145 128 14 57 81 120 105 2
14 172 150 19 153 215 50 168 190 181 4 17 204 246 79 157 145 123 232 16 54 64 155 55 47 22 77 111 146 116 141 70
25 3 11 33 0 9 97 80 116 88 102 68 19 128 224 120 120 8 34 92 11 154 167 0 212 225 114 64 40 136 112 176
44 17 18 8 73 84 0 72 132 12 204 1 132 146 98 198 200 8 202 112 20 3 82 0 21 17 2 15 18 12 46 134
53 38 207 127 154 2 71 248 82 226 230 236 115 225 153 59 29 238 100 46 233 243 175 46 120 175 101 20 233 248 98 49
17 32 15 133 14 10 233 64 236 160 226 66 213 130 144 114 104 196 106 136 1 209 133 64 148 32 171 0 41 0 99 32
14 160 150 22 137 215 52 200 150 190 0 9 196 246 75 142 145 127 234 18 38 65 155 57 13 18 77 127 130 116 15 134
40 16 18 140 73 95 176 72 132 44 204 2 132 144 35 198 200 24 202 32 4 3 80 0 21 176 2 63 16 10 61 130
117 166 207 117 158 2 71 248 86 226 194 230 83 225 145 43 25 108 96 44 169 242 239 14 120 175 101 4 237 248 112 49
17 98 205 41 0 139 97 80 116 81 102 196 147 1 128 104 104 136 110 152 11 180 101 0 198 193 178 64 233 136 112 48
8 48 18 24 41 223 48 72 142 60 64 9 140 214 99 140 144 57 234 32 4 16 186 17 129 80 73 47 18 38 15 215
25 2 15 97 6 137 97 80 100 17 70 70 147 1 224 105 104 136 42 24 11 144 103 0 196 129 50 0 57 136 112 160
249 146 235 125 18 10 67 82 114 105 226 246 83 1 144 120 120 140 36 12 185 254 229 7 208 239 176 80 105 128 98 96
113 2 77 121 18 162 65 30 86 105 230 244 83 1 128 120 92 140 44 156 171 158 101 30 210 175 48 80 249 128 96 97
17 98 11 177 4 137 97 82 20 49 70 86 147 129 224 73 120 136 6 24 11 244 71 0 196 193 240 0 40 136 208 160
48 1 2 136 201 70 134 64 32 6 176 25 2 18 34 144 200 128 194 96 24 163 80 76 145 0 138 27 65 9 238 130
196 1 93 129 206 128 233 192 136 16 48 82 157 2 96 115 106 3 2 216 1 2 70 208 4 128 234 40 153 0 67 128
96 48 18 136 91 127 48 72 204 36 192 9 6 144 34 208 200 148 202 113 20 3 208 4 149 32 10 123 16 9 15 150
66 48 18 0 9 221 176 8 174 116 130 9 204 212 98 132 145 53 234 32 6 65 154 17 21 16 9 63 82 6 13 86
153 34 11 169 70 137 225 80 100 18 86 86 147 129 192 11 104 136 2 140 27 180 135 0 212 193 114 64 105 8 241 160
112 32 6 137 75 11 160 72 254 32 226 10 192 130 32 198 248 204 106 0 4 227 219 208 149 32 131 59 17 8 59 134
72 32 7 1 72 9 32 64 102 160 194 12 194 128 64 80 104 140 106 0 1 243 197 16 20 32 35 16 65 8 114 128
96 34 6 12 74 13 32 72 166 44 194 8 194 130 2 82 104 204 106 128 8 211 205 16 148 32 11 49 0 8 34 128
116 129 208 192 199 12 238 197 233 37 178 11 8 10 60 66 104 135 10 131 80 35 16 194 53 44 134 17 101 24 225 2
32 32 2 137 73 11 160 72 46 32 242 11 198 144 96 64 104 140 106 128 8 243 195 208 149 0 139 59 81 8 99 134
112 32 6 137 73 11 160 72 238 32 226 10 66 146 96 82 104 204 106 0 0 243 195 192 149 32 131 27 1 8 35 134
16 32 6 137 79 11 160 72 38 32 242 11 194 130 0 80 104 140 106 0 8 243 211 208 148 34 139 25 49 8 49 134
16 32 22 137 73 15 32 72 166 32 194 9 194 194 96 82 104 204 106 128 8 227 195 80 149 34 3 59 0 8 32 2
96 34 64 152 104 65 64 72 239 32 240 169 131 194 132 212 200 128 206 128 12 99 199 208 144 144 139 57 81 136 98 132
98 34 0 168 108 9 72 8 15 52 176 169 135 66 196 148 201 132 238 4 14 99 203 145 148 240 129 61 80 136 94 4
89 34 80 32 32 9 88 0 107 172 178 9 143 11 194 146 162 197 76 29 12 96 193 0 146 249 37 48 98 132 75 1
118 160 132 133 141 75 64 136 47 180 130 169 199 36 209 158 9 196 236 17 12 65 223 0 156 82 205 119 132 108 30 6
86 132 148 29 155 87 150 168 190 182 130 9 78 124 15 199 145 85 233 35 60 195 219 157 185 114 79 87 147 100 13 6
117 6 207 125 178 2 79 248 114 226 246 238 115 97 145 113 95 236 116 46 233 243 237 14 248 175 101 148 237 248 114 49
122 32 2 129 73 93 160 72 46 164 242 11 206 148 66 150 232 204 238 128 12 115 211 192 149 96 11 59 67 12 15 198
65 34 15 5 74 10 97 80 110 224 226 102 209 130 208 114 104 204 106 140 129 211 229 64 212 33 163 0 40 128 35 160
78 160 148 21 137 87 48 232 191 180 128 9 204 246 78 134 145 93 235 17 6 67 219 209 153 82 77 63 130 100 15 198
249 18 235 124 50 250 75 17 119 109 247 244 83 205 186 112 86 236 124 44 169 181 37 14 242 239 48 208 239 132 102 113
153 18 58 120 160 246 81 92 119 77 199 116 211 215 170 232 92 172 174 60 139 149 37 18 194 247 242 196 58 156 44 113
157 50 186 249 165 247 49 84 21 79 215 246 147 213 170 237 220 56 134 48 173 215 48 128 194 209 114 71 26 156 60 243
141 114 130 184 33 247 49 80 151 204 87 53 198 213 234 173 220 56 134 50 141 242 114 0 195 209 96 175 90 253 44 215
153 18 75 225 160 0 97 216 116 89 70 244 147 135 234 105 112 12 38 172 27 210 166 128 210 201 114 4 186 200 224 241
153 50 11 33 192 10 97 93 118 89 102 244 19 131 234 105 120 10 6 156 155 208 166 0 198 193 242 68 170 128 224 241
40 19 22 136 109 87 52 72 196 220 244 37 134 148 43 207 216 20 138 98 100 179 16 8 145 241 66 31 82 60 46 215
40 17 22 8 73 95 52 64 132 76 229 13 134 148 43 151 216 24 194 98 100 179 48 8 181 209 2 47 90 28 47 214
153 26 15 121 0 136 97 82 52 105 230 246 19 131 226 121 120 138 46 156 11 216 101 0 198 193 242 68 56 136 112 185
40 17 22 160 65 95 180 96 164 108 238 11 134 146 42 199 232 4 194 98 4 179 48 4 53 209 2 15 82 76 47 214
44 16 18 8 105 213 51 72 164 76 204 9 132 212 34 212 216 56 202 34 68 131 50 0 177 49 2 47 18 14 47 214
40 176 22 153 73 223 176 200 150 180 194 9 196 210 98 132 217 56 234 0 6 211 219 17 29 2 7 63 82 12 45 134
25 34 12 177 76 8 173 87 96 16 84 102 177 3 224 107 104 138 2 136 3 120 194 225 212 129 250 44 57 136 177 168
81 2 143 45 74 2 33 88 118 200 226 230 83 225 160 98 120 204 106 140 9 243 207 12 84 163 227 0 121 168 112 160
25 2 11 105 0 128 97 82 118 88 102 102 19 131 192 104 120 138 6 220 139 154 39 96 212 193 114 0 120 136 96 232
40 84 18 136 105 84 34 72 172 140 200 1 132 146 34 214 216 16 202 32 4 131 114 8 181 16 10 15 18 14 46 214
6 172 148 27 153 215 50 136 190 181 64 17 204 246 79 157 145 95 233 17 54 80 155 127 41 22 77 111 146 116 143 198
76 52 18 8 105 95 16 72 140 12 76 9 132 212 35 198 208 56 202 32 4 3 82 18 165 49 2 63 18 46 47 215
53 6 207 126 138 2 71 248 82 194 114 236 115 225 145 59 29 230 100 46 233 243 175 46 232 174 101 144 237 248 114 33
25 42 143 59 6 138 97 82 118 89 102 70 147 131 192 105 112 136 6 156 75 240 39 96 196 201 114 0 57 136 97 160
78 176 150 21 201 87 48 200 182 180 194 9 196 246 66 134 145 93 235 16 6 211 219 16 29 18 77 63 130 100 15 198
25 42 75 113 0 139 97 16 116 89 102 230 83 1 160 121 112 136 46 28 139 240 103 16 198 225 242 0 105 136 112 48
9 34 29 185 78 136 233 84 236 16 116 70 157 130 224 11 34 40 2 142 3 112 134 192 196 129 234 40 56 152 33 160
40 16 18 140 105 95 182 65 132 44 204 9 132 148 34 198 200 28 202 32 4 3 16 0 49 17 2 63 82 14 173 198
78 56 48 27 105 221 48 104 174 156 13 9 172 214 75 148 132 59 235 3 70 64 250 121 15 81 9 43 18 39 15 215
117 162 207 117 142 10 101 248 118 226 194 230 83 225 208 98 121 108 104 44 169 243 239 8 92 171 101 4 237 232 114 161
249 146 235 125 18 2 67 80 114 105 246 246 83 1 144 120 92 140 108 12 171 191 229 15 210 239 176 208 109 136 98 113
112 72 82 128 69 70 224 64 73 12 178 10 2 40 36 144 232 133 134 129 88 171 81 194 177 36 130 7 65 24 124 2
32 17 2 136 201 103 182 73 8 140 176 9 6 148 34 148 200 128 202 96 8 163 80 2 21 20 10 27 80 109 174 130
9 3 93 177 206 40 233 80 200 16 112 70 157 2 240 11 106 131 2 138 33 48 134 192 68 129 238 40 57 64 67 160
145 34 9 57 6 139 97 80 116 82 70 214 147 129 192 105 120 136 6 156 11 244 103 65 196 193 112 0 121 136 112 176
96 4 18 136 73 127 48 66 172 44 136 11 6 148 34 208 232 148 202 49 4 3 16 12 149 32 10 59 16 72 47 134
66 116 18 8 121 221 176 66 174 12 136 9 132 148 106 132 144 49 202 33 4 3 82 16 49 16 10 63 80 4 15 70
49 34 11 97 4 139 97 82 116 83 70 246 19 1 224 105 120 136 46 28 11 212 101 0 198 129 240 0 41 136 80 160
16 1 18 128 197 76 224 64 105 36 176 10 14 34 32 128 232 131 14 193 8 179 17 192 145 132 10 3 193 8 45 6
121 2 109 121 18 170 67 18 116 97 230 246 83 1 128 120 120 142 44 156 169 148 101 30 212 239 176 80 249 136 96 48
144 4 2 128 1 69 128 66 44 14 170 25 134 146 34 132 216 0 202 160 76 7 16 66 145 16 10 31 64 72 47 6
224 16 18 136 105 221 16 64 204 12 192 25 132 208 34 196 216 48 202 33 36 7 210 10 145 48 10 59 16 40 45 7
198 56 16 30 121 253 178 8 174 4 1 9 236 212 99 196 132 57 234 67 6 3 218 121 21 16 11 59 16 39 13 199
14 164 148 27 153 215 18 168 190 181 66 1 236 246 75 157 145 95 224 48 38 80 155 127 41 22 69 111 146 100 15 70
117 6 199 126 154 2 71 248 82 194 102 236 115 225 185 59 17 238 100 46 169 243 175 47 232 174 101 144 233 240 82 48
194 60 16 26 73 221 178 72 174 52 129 9 172 214 99 148 129 51 202 3 2 11 202 121 177 16 11 59 16 7 15 206
226 4 18 152 25 237 146 72 138 140 168 25 172 194 34 149 216 49 202 33 36 7 82 94 177 16 11 59 16 108 15 194
226 4 18 136 89 47 146 74 136 6 184 25 6 144 38 144 216 145 202 33 40 39 18 66 177 52 10 31 81 72 43 2
145 2 73 99 22 138 99 16 116 64 99 214 147 1 144 112 120 142 14 222 171 180 101 42 198 237 178 0 97 139 80 0
162 0 18 136 73 79 144 68 140 46 160 25 6 146 36 148 216 161 202 32 44 7 64 218 145 16 26 59 16 12 7 14
149 66 105 99 22 138 99 16 116 65 99 214 211 3 144 112 120 136 14 154 187 180 101 94 228 175 178 64 109 130 112 32
178 0 18 136 13 228 144 70 137 5 240 27 6 128 40 4 200 179 206 33 44 39 16 194 145 16 26 31 80 76 47 14
118 160 132 4 137 91 64 136 39 180 130 169 195 48 69 158 9 196 237 17 12 67 223 0 156 210 205 55 132 108 30 6
189 18 107 120 50 211 83 16 119 79 247 245 91 213 186 124 86 184 190 28 189 149 101 30 194 255 49 196 126 142 228 113
157 50 186 249 165 215 115 80 21 207 215 183 211 215 170 236 221 56 142 52 173 181 48 130 195 223 182 135 154 220 188 245
141 48 186 248 161 215 53 80 149 206 85 55 206 212 234 237 220 56 134 48 253 246 114 130 195 241 98 207 218 188 172 215
157 146 235 121 176 86 97 220 119 79 230 244 83 135 234 248 116 12 142 156 187 149 37 210 194 237 178 132 186 132 228 241
172 18 50 152 225 214 17 80 220 204 117 53 206 246 106 237 220 56 166 34 164 214 242 128 215 241 66 11 82 126 46 247
153 50 235 123 160 90 97 92 119 73 230 244 19 133 170 124 117 140 6 156 171 180 37 2 194 239 50 196 234 128 224 241
185 18 235 121 48 155 99 20 119 75 246 244 83 133 186 120 117 142 62 28 171 157 37 26 210 239 48 192 238 136 112 121
174 16 54 156 105 223 20 96 156 78 117 61 206 244 43 221 220 56 162 34 100 179 114 128 211 113 64 47 82 108 45 215
174 16 50 24 105 221 52 64 157 92 69 29 204 212 42 157 220 57 194 34 36 131 114 0 151 81 64 59 82 124 15 215
25 18 203 113 32 11 97 86 54 105 230 230 19 135 234 121 124 140 46 28 139 152 37 32 198 233 176 132 58 136 112 121
46 52 50 24 105 221 18 104 140 204 205 9 140 214 43 151 204 57 202 34 36 3 114 8 183 113 10 59 18 46 15 215
185 26 111 123 2 138 97 80 119 73 230 244 19 7 128 121 120 138 14 156 139 248 101 58 198 237 50 0 123 128 96 113
40 20 22 168 125 86 176 104 136 140 252 3 4 146 34 135 216 212 130 96 44 163 16 204 181 81 202 15 66 12 47 198
14 52 50 24 105 221 16 64 142 12 77 1 140 212 34 196 208 57 203 32 4 3 114 24 183 113 10 59 18 44 13 215
153 26 75 121 4 139 97 80 118 73 102 118 19 1 192 121 112 136 46 28 139 244 39 80 198 233 114 0 121 136 112 48
74 56 48 30 105 221 178 72 174 204 5 9 236 214 75 132 128 57 219 3 6 1 250 95 39 85 9 59 18 6 15 215
40 84 18 140 121 95 146 72 140 140 196 9 134 212 42 134 216 49 202 32 4 3 82 10 177 21 10 59 82 46 47 215
78 184 48 27 105 221 50 232 174 124 5 9 172 214 71 134 129 59 219 3 6 73 250 247 15 85 11 47 18 7 15 215
153 3 73 121 132 136 101 20 118 90 102 246 147 129 240 121 120 138 38 220 139 148 103 16 196 201 242 0 57 144 240 176
40 16 18 8 105 95 150 73 140 12 224 9 132 150 34 148 216 16 202 32 4 3 80 10 53 20 10 63 82 44 175 215
185 98 201 121 130 138 101 20 118 75 230 118 19 1 144 120 120 136 14 156 139 180 101 33 196 239 178 0 249 145 240 48
9 43 89 177 196 0 237 214 234 16 112 194 157 163 240 43 106 75 2 200 81 56 134 224 196 193 238 40 61 208 131 160
32 17 18 128 201 79 52 68 136 44 160 9 134 148 42 212 200 149 202 32 4 131 16 64 49 16 10 31 80 28 175 214
106 49 18 24 105 255 144 64 172 12 128 9 132 214 42 148 216 49 202 32 4 3 114 8 145 16 10 59 16 100 47 214
121 6 109 105 18 171 67 22 116 105 230 254 83 1 144 112 125 134 108 188 187 188 101 63 246 239 176 208 239 137 114 112
25 66 73 115 22 139 97 148 118 65 102 246 19 1 160 120 112 136 46 28 139 148 101 48 198 235 180 64 185 153 240 48
96 84 18 136 137 230 148 71 136 12 168 9 134 210 34 196 216 48 202 32 4 3 82 192 177 48 10 31 16 92 175 134
78 184 48 26 41 221 178 136 174 60 133 9 172 212 67 196 129 59 235 3 6 77 218 123 5 16 11 59 18 39 15 94
50 20 18 152 137 237 148 75 152 6 160 25 142 242 38 148 216 177 194 33 36 3 82 202 145 22 26 59 144 108 175 66
98 60 16 152 201 253 144 74 152 6 160 25 174 210 38 144 136 177 202 1 38 7 82 91 145 54 10 59 80 108 15 6
34 4 18 152 201 237 16 70 153 6 160 25 6 242 36 144 200 177 202 1 36 131 82 194 17 22 24 59 80 76 46 6
21 14 73 99 22 138 99 16 116 0 239 230 211 65 144 112 120 136 14 254 171 180 109 126 230 175 162 0 105 131 112 32
50 20 18 152 9 237 16 70 153 7 144 25 142 210 38 156 200 187 206 1 44 35 82 194 145 50 26 59 80 76 175 6
127 30 235 126 178 214 91 16 183 79 255 228 91 221 182 112 87 189 159 28 185 183 124 158 242 255 35 208 254 134 236 113
15 18 250 250 177 215 83 80 151 207 215 183 223 215 175 228 223 56 159 20 141 149 112 138 195 255 51 195 154 174 44 119
57 18 239 105 50 158 123 80 117 79 255 228 83 205 190 112 119 180 158 60 171 181 37 78 242 239 50 196 255 134 240 113
29 146 235 225 176 214 115 208 247 79 255 228 91 215 190 116 119 188 158 60 139 149 44 206 210 239 178 196 190 134 100 113
157 18 251 251 180 215 123 80 87 207 215 246 89 215 234 232 125 188 142 156 169 151 60 130 202 255 183 196 186 174 52 245
174 56 178 219 109 221 149 80 157 206 117 55 142 221 162 236 222 56 151 18 164 182 114 162 199 245 67 139 210 110 45 247
153 82 235 115 148 11 103 81 119 75 246 246 51 7 170 120 112 138 14 28 171 148 37 54 198 207 182 128 58 136 240 113
78 185 48 27 105 221 50 202 175 124 5 9 172 222 71 132 133 59 219 3 6 9 250 255 39 85 11 59 18 6 15 215
40 81 18 136 249 215 150 76 136 12 244 11 142 150 42 214 216 113 194 96 100 163 82 140 177 113 14 63 82 124 175 215
153 34 201 121 134 139 103 150 127 74 102 118 27 3 145 120 115 42 14 156 195 180 37 114 198 205 54 0 59 208 112 248
46 21 18 156 233 223 150 69 142 76 164 9 204 214 42 148 220 49 202 33 20 3 82 90 49 21 11 59 82 62 143 215
153 74 233 105 144 138 99 146 118 75 246 246 211 1 144 112 121 142 14 156 171 180 101 62 230 239 178 0 233 210 240 112
40 20 18 140 233 223 148 198 152 140 184 9 206 244 42 148 216 177 202 96 20 163 18 192 177 16 10 31 80 76 175 214
125 150 109 103 146 42 99 178 97 104 254 238 83 37 144 112 125 198 124 44 185 184 229 47 254 239 160 208 237 139 82 112
29 139 201 121 150 139 99 146 118 65 118 230 155 1 176 120 112 138 14 156 139 176 109 122 198 207 182 0 189 216 112 32
42 20 18 28 233 221 20 69 136 140 200 9 206 246 34 148 216 177 202 32 20 3 82 74 177 48 10 59 144 126 175 86
125 14 109 107 150 138 99 144 117 65 230 246 83 1 153 112 113 134 14 188 169 188 101 63 246 239 176 192 253 138 80 112
74 188 48 26 57 253 178 138 174 60 140 9 172 214 67 196 129 51 235 3 6 73 218 127 7 16 27 59 18 69 15 95
96 20 18 152 233 215 20 76 136 143 232 27 206 246 42 212 216 177 206 33 60 131 82 194 177 54 30 27 144 108 175 198
114 8 146 156 153 205 144 71 155 141 160 25 142 246 38 156 200 177 198 1 60 3 82 208 153 18 94 59 208 76 143 70
114 24 144 152 137 237 144 66 154 15 160 25 174 246 38 156 200 179 194 1 54 11 82 121 145 18 90 59 208 76 15 70
21 7 77 97 22 138 99 16 100 64 251 230 211 65 152 112 120 132 14 238 137 176 109 14 228 173 162 4 109 131 80 32
127 30 239 234 48 246 91 16 175 205 255 228 123 221 182 244 87 181 159 28 137 163 124 254 242 255 35 208 255 238 108 113
29 30 250 232 181 215 127 83 223 207 223 231 219 223 182 224 223 185 159 22 141 149 112 206 235 255 167 131 190 175 172 115
25 214 111 106 50 242 123 213 245 77 255 228 91 205 190 112 127 180 159 188 171 181 45 222 250 239 162 196 255 150 224 113
46 24 178 223 237 221 147 82 31 206 116 39 172 220 39 236 222 123 151 66 134 190 114 243 199 119 26 171 82 45 13 215
138 25 48 223 105 221 187 82 31 78 116 61 172 254 103 140 158 59 151 67 134 30 250 251 135 85 90 171 82 13 13 223
121 86 111 106 54 154 107 84 117 75 255 228 91 109 186 112 127 148 30 188 169 177 45 30 250 239 34 196 239 130 112 113
46 25 50 154 237 221 181 65 29 206 117 39 172 220 34 204 222 59 163 3 54 190 242 235 23 119 78 43 82 62 173 215
121 86 111 105 176 186 107 182 101 73 254 230 83 37 146 112 127 132 124 188 137 176 37 31 254 239 162 192 239 146 240 113
25 18 235 227 180 27 99 93 119 75 127 230 83 7 186 112 119 138 14 188 219 180 45 222 246 207 182 132 63 146 224 113
174 25 52 158 105 221 148 65 143 76 253 25 236 246 34 151 204 177 194 3 118 35 122 249 55 113 11 59 82 126 143 215
110 61 48 158 105 253 182 75 143 92 141 9 172 214 35 132 132 59 203 3 22 11 122 253 183 81 11 59 18 109 15 215
153 146 233 97 150 139 99 150 119 75 118 246 211 3 144 112 115 170 14 156 163 188 101 126 230 207 182 128 191 210 97 121
29 30 111 105 146 138 99 146 117 73 126 228 83 1 145 112 125 134 78 188 171 180 101 62 254 239 34 192 239 146 112 121
29 142 107 105 150 138 99 144 125 73 126 246 211 1 144 112 115 134 14 188 171 188 37 126 238 239 54 128 255 194 64 112
46 28 18 156 233 221 144 96 152 204 249 9 78 252 38 148 200 177 194 1 20 3 82 200 181 20 10 27 211 110 175 215
78 60 48 30 105 253 182 75 174 94 140 9 172 214 3 148 140 51 219 3 6 11 122 249 53 17 27 59 18 69 15 223
153 138 233 121 54 139 99 144 127 67 118 246 243 1 176 112 115 136 46 220 171 184 101 126 238 207 54 0 253 128 65 112
46 28 18 152 249 221 144 72 138 140 172 9 172 246 38 148 200 177 195 1 20 3 82 216 177 54 11 59 210 126 143 215
50 28 146 152 249 215 144 68 137 141 240 11 142 246 34 148 200 241 206 1 12 163 82 202 177 54 14 91 144 46 174 198
50 24 150 190 9 221 144 71 139 5 176 25 46 254 38 158 200 179 197 17 30 43 82 241 145 18 88 59 208 12 15 78
89 23 111 111 182 58 107 188 101 72 254 230 91 45 187 113 118 198 126 236 169 176 45 124 254 239 162 192 239 194 112 121
125 159 111 101 182 42 99 178 101 72 126 230 83 37 144 113 126 198 124 238 169 184 101 45 254 239 160 192 111 162 114 113
42 60 144 158 121 221 146 75 139 76 172 9 174 254 39 148 140 179 203 1 54 11 114 249 177 85 26 59 210 77 15 223
89 31 111 107 54 138 107 48 125 73 126 230 251 1 144 112 114 132 14 188 161 184 37 127 238 239 34 192 253 130 80 113
