104 48 120 96 32 77 81 16 105 136 52 40 159 23 0 48 134 21 93 8 136 96 176 0 195 249 32 144 66 128 66 35
130 143 6 158 23 131 186 230 150 4 90 163 96 234 34 193 89 107 131 133 38 152 10 255 32 38 138 131 20 12 60 138
3 143 3 158 20 131 170 230 86 1 88 70 96 226 180 228 89 106 18 141 163 184 12 255 32 46 138 136 28 10 48 172
104 48 56 96 33 77 81 16 105 136 52 8 159 23 0 48 132 21 93 8 136 96 176 0 195 249 32 16 66 128 66 35
104 48 56 96 33 12 81 16 97 136 52 8 159 23 0 48 132 20 93 8 136 96 176 64 195 249 32 16 66 128 66 35
3 143 3 158 20 131 170 230 86 1 88 70 96 224 188 228 89 106 2 141 167 184 12 255 32 46 138 136 29 10 112 172
104 48 56 96 33 77 81 16 105 136 52 8 159 23 0 48 132 21 93 8 136 96 176 0 195 217 32 16 66 128 66 35
2 142 2 158 23 131 178 230 22 4 74 163 96 234 34 64 89 123 131 129 34 136 10 255 32 38 138 11 20 14 60 138
104 48 56 96 32 76 81 16 97 136 52 8 159 23 0 48 132 20 93 8 136 96 176 0 195 249 32 16 64 128 66 35
49 207 64 14 212 129 206 245 64 0 88 231 97 96 176 64 76 226 6 206 222 42 12 61 40 8 165 192 61 186 240 136
2 141 2 158 20 195 170 226 22 0 88 2 96 232 48 64 89 106 19 195 34 184 8 255 32 38 138 1 20 10 52 136
104 48 56 96 33 77 81 16 105 136 52 8 159 23 0 48 132 21 93 8 136 96 176 0 195 217 32 16 66 128 66 35
3 143 3 158 20 131 170 230 86 1 88 70 96 224 180 228 89 106 2 204 167 184 12 255 32 46 138 136 29 10 112 140
104 48 56 96 32 76 81 16 97 136 52 8 159 23 0 48 132 20 93 8 136 96 176 0 195 249 32 16 64 128 66 35
2 141 2 158 23 131 178 230 22 4 90 163 96 234 34 192 89 107 131 129 38 152 10 255 32 38 138 3 20 14 60 138
104 48 56 96 32 76 81 16 97 136 52 8 159 23 0 48 132 20 93 8 136 96 176 0 195 249 32 16 66 128 66 35
33 207 64 14 214 129 206 245 68 0 24 230 97 96 180 192 72 226 6 207 218 8 12 61 40 44 165 192 53 154 240 140
3 143 3 158 20 131 170 230 86 1 88 70 96 226 188 228 89 106 2 141 135 184 12 255 32 46 138 136 28 10 112 140
104 48 56 96 33 77 81 16 105 136 52 8 159 23 0 48 132 21 93 8 136 96 176 0 195 249 32 16 66 128 66 35
130 143 6 158 23 131 186 230 150 4 90 163 96 234 34 193 89 107 131 129 38 152 10 255 32 38 138 3 20 12 60 138
104 48 56 96 33 76 81 16 105 136 52 8 158 23 0 48 132 20 93 8 136 96 176 192 195 249 32 16 66 128 66 35
130 143 6 158 28 131 174 226 148 2 218 231 96 234 176 193 121 107 139 231 102 153 14 255 32 38 202 129 29 44 56 140
3 143 3 158 20 131 170 230 86 0 90 198 96 226 180 228 121 106 2 141 163 184 12 255 32 38 138 128 28 10 112 172
104 48 56 96 33 77 81 16 105 136 52 8 159 23 0 48 132 21 93 8 136 96 176 0 195 249 32 16 66 128 66 35
104 48 112 96 101 29 81 16 105 8 52 8 31 27 128 52 132 148 196 8 137 96 240 192 199 249 32 18 66 128 66 35
35 142 2 155 84 147 138 236 86 1 88 198 96 232 188 196 89 42 18 141 167 170 15 255 40 38 155 136 29 14 56 140
72 48 56 96 32 77 81 16 105 136 52 8 159 23 0 48 132 21 221 8 136 96 176 0 195 249 32 16 64 128 71 51
2 142 2 158 23 131 186 230 22 5 74 163 104 234 34 192 123 123 131 129 38 154 8 255 40 38 154 3 20 12 60 138
104 48 56 96 32 76 81 16 105 136 52 8 159 23 0 50 132 84 93 8 136 96 176 0 195 249 32 16 64 128 66 35
3 140 3 158 20 131 42 230 22 1 90 70 96 226 160 228 121 42 19 128 39 152 12 255 32 38 138 128 28 10 56 140
2 141 2 158 20 195 170 230 22 1 88 2 96 232 48 64 89 106 19 129 34 184 8 255 32 38 138 8 20 10 48 136
3 143 2 158 20 131 170 230 86 4 90 70 96 234 182 68 89 106 2 141 166 184 14 255 32 46 138 128 28 14 48 140
2 141 2 158 20 195 162 230 22 5 88 34 96 232 48 64 89 122 131 129 34 184 8 255 32 38 138 9 20 10 52 138
104 48 56 96 32 76 81 16 105 136 52 8 159 23 0 48 132 20 93 8 136 96 176 0 195 249 32 16 64 128 70 51
3 143 67 158 20 131 174 242 84 0 90 70 112 224 180 228 88 106 2 207 135 186 12 255 32 46 131 136 29 138 112 140
104 48 56 96 32 77 81 16 105 136 52 8 159 23 0 48 132 20 93 8 136 96 176 0 195 249 32 16 66 128 66 35
2 140 2 158 23 195 186 230 22 5 90 163 96 234 34 192 121 123 131 129 38 152 10 255 32 38 154 3 20 12 60 138
104 48 56 96 33 76 81 16 97 136 52 8 159 23 0 48 132 20 93 8 136 96 176 0 195 249 32 16 66 128 66 35
161 207 64 30 214 129 142 247 86 0 88 231 97 96 180 132 75 226 2 207 246 40 12 63 40 4 173 192 117 218 240 140
3 134 3 154 20 145 170 236 86 1 88 195 96 232 188 196 121 42 2 133 166 186 15 255 40 38 155 136 28 14 184 140
104 48 56 96 33 77 81 16 105 136 52 8 159 23 0 48 132 21 93 8 136 96 176 0 195 217 32 144 66 128 66 35
130 143 6 158 28 131 174 226 148 6 218 231 96 234 176 193 121 107 138 231 102 153 14 255 32 38 202 131 21 44 56 140
3 14 7 159 28 130 174 96 148 2 210 199 96 234 176 197 120 103 59 167 229 209 15 253 48 34 203 128 29 108 57 4
3 142 2 155 84 147 170 236 86 1 88 198 96 234 184 224 121 106 19 141 167 186 14 255 40 38 187 136 29 10 56 140
104 48 56 96 33 77 81 16 105 136 52 8 159 23 0 48 132 21 93 8 136 96 176 0 195 217 32 17 66 128 66 35
105 48 113 64 101 29 121 16 105 8 180 72 26 31 148 182 134 212 214 8 129 96 240 192 71 249 32 146 66 128 66 37
35 134 0 155 93 147 138 200 22 17 80 211 224 200 186 196 89 10 130 133 38 50 79 191 60 6 159 109 29 14 184 132
104 48 56 96 32 77 81 16 105 136 52 8 159 23 0 48 132 20 221 8 137 96 176 0 195 249 32 16 64 128 70 51
2 143 2 158 23 131 186 230 22 5 88 163 32 234 34 192 89 107 131 133 38 152 14 255 40 38 138 11 20 14 60 142
104 48 56 96 33 76 81 16 105 136 52 8 159 23 0 50 134 84 93 8 136 96 176 0 195 249 32 16 66 128 70 51
35 207 64 142 150 129 142 231 70 0 88 231 97 96 180 196 94 98 2 207 214 8 12 63 40 36 174 192 53 158 248 140
3 142 3 158 20 131 42 230 86 0 90 70 96 226 160 228 121 106 19 136 167 152 14 255 32 38 138 128 28 10 56 140
2 141 2 158 20 195 170 230 22 5 88 34 96 232 48 64 89 106 19 129 34 186 8 255 32 38 138 137 21 14 52 138
3 143 3 158 20 131 170 230 86 5 88 70 96 234 180 68 121 106 19 141 166 186 12 255 32 46 138 136 29 14 48 140
2 141 2 158 21 195 170 230 22 4 90 2 96 234 48 64 121 122 147 129 34 186 10 255 32 38 138 131 21 14 52 138
104 48 56 96 33 77 81 16 105 168 52 8 159 23 0 48 132 148 93 8 136 96 240 0 195 217 33 48 66 128 70 51
35 143 3 158 84 147 174 238 86 1 88 198 96 232 188 228 89 106 2 205 167 170 14 255 32 38 154 136 29 14 120 140
104 48 56 96 33 77 81 16 105 136 52 8 159 23 0 48 132 20 93 8 136 96 176 0 195 217 32 16 66 128 70 51
130 143 6 158 22 147 174 226 148 6 218 163 96 234 32 193 121 107 139 195 36 153 14 255 32 38 202 131 20 12 56 142
104 48 56 96 33 93 81 16 105 136 52 8 31 23 0 52 132 148 213 8 136 96 176 192 195 249 32 18 66 128 70 51
39 134 0 155 221 147 170 200 22 1 80 211 96 200 186 192 89 10 147 165 38 178 79 255 60 6 159 237 29 12 184 140
38 134 4 155 221 145 170 200 22 49 208 147 96 200 122 192 89 138 171 149 54 115 79 247 60 6 143 111 21 12 184 134
72 48 56 96 33 93 81 16 105 168 52 40 159 23 0 50 134 213 221 8 136 96 240 0 195 249 33 176 66 128 71 51
130 143 6 158 22 147 170 238 150 5 216 163 96 234 48 192 121 107 131 197 38 187 14 255 40 38 138 139 21 14 56 140
72 48 121 96 33 77 81 16 41 168 52 40 159 23 192 52 134 149 221 0 136 96 240 128 195 249 33 178 98 128 70 51
3 141 3 222 20 135 174 230 214 0 88 66 96 232 180 228 121 106 18 205 163 184 28 255 40 46 139 0 28 138 48 172
130 141 14 158 20 195 174 230 150 4 218 2 112 234 48 65 121 122 19 195 98 187 8 255 33 38 138 1 21 10 52 138
131 143 3 158 20 131 174 230 214 1 88 198 96 232 52 196 121 106 2 205 227 186 28 255 40 38 138 8 21 8 48 172
130 141 14 158 20 195 174 238 150 4 218 131 96 234 48 65 121 106 3 193 98 187 10 255 40 38 138 1 21 10 52 138
72 48 56 96 32 77 81 16 105 168 52 40 159 23 0 50 134 213 221 8 136 96 240 0 195 249 33 176 66 128 71 51
3 142 2 159 93 147 170 236 22 17 216 215 96 232 56 196 89 74 130 133 38 170 78 255 60 38 155 77 29 14 184 140
120 48 121 96 33 77 81 16 105 168 52 40 159 23 64 52 134 149 221 8 136 96 240 128 195 249 33 179 98 128 70 51
130 142 14 159 20 131 174 232 148 2 210 227 96 234 176 65 121 107 43 231 100 217 15 255 32 34 235 129 21 40 56 140
130 143 14 159 30 131 174 232 150 22 210 227 97 234 184 65 121 107 43 231 38 139 79 255 40 34 251 129 21 8 56 136
51 134 4 155 93 151 138 232 22 49 208 83 224 200 56 197 217 138 138 165 46 227 79 255 172 22 139 117 29 12 184 132
