96 32 192 133 76 73 224 72 42 164 240 139 130 136 68 18 104 204 66 1 8 115 203 80 29 0 135 57 65 40 86 130
32 32 6 137 73 15 160 72 174 160 242 11 76 194 96 86 232 205 106 128 8 243 219 192 29 2 139 43 65 0 99 134
96 34 65 133 76 9 224 72 38 160 242 202 195 160 64 82 104 204 106 136 0 242 199 64 20 160 3 40 97 8 114 128
81 0 135 221 12 2 101 104 244 130 194 66 80 224 48 98 120 228 106 168 41 209 135 12 20 34 199 0 1 104 112 32
36 160 4 184 203 195 160 200 22 176 192 11 196 192 104 128 121 24 98 17 2 83 91 17 29 2 143 125 145 8 53 130
117 67 196 77 138 11 78 168 64 164 170 200 227 97 153 18 26 196 108 110 72 50 205 8 164 168 229 52 101 251 82 0
121 132 216 109 86 10 71 184 87 34 110 2 115 97 128 112 89 204 36 8 9 178 205 31 246 231 33 4 51 234 80 32
26 32 6 141 9 10 160 72 174 160 226 2 206 130 64 214 105 196 238 128 8 211 201 208 149 48 139 51 2 4 35 134
73 48 184 100 32 12 81 16 105 168 54 76 159 19 64 18 132 84 108 8 136 96 209 0 195 249 33 48 74 160 75 35
96 32 134 157 77 143 32 72 62 160 226 11 198 210 96 86 248 236 106 128 12 83 211 192 157 32 139 59 16 8 48 6
32 32 5 169 78 11 160 72 22 160 242 202 211 192 64 192 120 204 106 136 8 242 207 144 156 128 167 40 57 8 112 128
16 32 134 141 13 2 160 72 238 160 194 2 196 162 32 66 104 196 106 128 8 211 131 208 148 34 138 19 0 40 49 2
48 32 22 137 73 11 224 72 174 36 242 11 72 194 96 84 232 141 106 128 8 243 195 208 21 0 139 43 65 8 103 130
96 32 72 201 76 9 224 64 108 32 242 74 211 0 128 80 104 140 106 136 0 242 197 64 20 160 35 40 105 8 99 128
214 63 143 30 147 230 38 224 176 198 234 5 98 246 35 209 252 254 193 226 40 195 152 46 185 166 141 3 97 119 46 82
16 32 3 137 9 72 160 64 174 32 226 2 142 130 0 208 104 133 110 128 8 211 201 208 149 32 139 51 1 8 39 130
112 32 2 153 77 15 96 72 30 32 242 11 198 194 32 194 248 204 106 128 12 115 195 208 149 32 139 59 16 8 56 2
32 34 7 137 78 11 161 72 86 160 210 202 211 128 192 68 120 140 106 140 8 242 199 144 148 0 131 40 53 8 112 160
16 32 6 141 12 2 160 72 238 164 194 3 196 130 32 66 104 204 106 128 8 211 131 208 149 32 138 19 16 8 53 130
32 34 70 137 72 11 160 72 174 32 242 234 74 194 228 212 106 141 110 128 8 243 199 208 20 0 171 161 65 8 107 132
48 32 94 137 78 31 176 72 254 36 240 11 82 136 38 0 248 141 106 133 12 243 195 80 212 33 163 57 81 8 123 130
253 67 68 77 180 30 110 56 69 224 254 198 211 32 151 247 122 196 44 110 237 176 85 12 38 232 229 0 111 187 88 20
16 32 18 129 9 9 168 64 238 32 226 2 142 130 0 212 104 133 110 128 12 211 193 208 148 160 139 50 65 8 35 4
98 34 0 168 44 141 72 72 143 56 176 73 134 200 16 150 200 224 110 13 14 35 203 145 145 240 131 185 80 8 82 4
80 7 10 173 20 11 123 24 54 164 206 3 215 35 2 64 120 204 47 233 8 146 193 14 244 165 171 1 48 170 53 2
24 101 113 101 18 74 111 48 101 164 238 192 211 7 128 117 50 220 76 234 105 144 101 12 245 236 33 0 98 178 102 32
3 168 129 31 201 153 180 199 218 83 64 221 172 232 92 164 137 107 226 21 151 106 238 241 12 80 94 107 90 84 155 220
16 32 22 141 12 2 160 72 174 32 194 2 196 130 32 70 104 212 106 128 8 211 131 192 149 32 138 18 16 8 49 130
245 65 117 69 100 75 103 56 105 226 102 104 211 17 149 117 50 212 76 106 233 180 101 12 165 170 97 16 102 187 70 33
105 162 16 33 45 13 80 152 107 188 176 109 143 8 64 146 139 197 76 4 12 98 201 144 138 217 37 54 66 140 74 3
40 156 57 90 73 245 145 198 135 21 172 24 186 213 96 164 201 58 147 16 27 42 122 181 75 221 20 123 210 72 196 250
2 170 153 216 235 193 145 199 142 61 160 57 172 151 96 26 143 51 203 16 18 75 226 241 221 144 30 123 144 72 135 235
32 32 86 133 75 11 160 72 110 160 242 10 128 130 68 18 232 205 106 128 4 243 217 80 20 32 3 51 65 8 99 134
96 0 4 137 76 75 160 72 14 176 208 11 196 194 96 64 232 140 106 1 10 115 203 145 148 32 139 61 17 8 49 130
80 32 23 156 11 128 32 72 166 128 226 2 200 194 32 86 104 228 106 128 0 195 147 80 149 34 131 8 0 0 33 4
37 32 249 67 228 110 227 24 112 238 119 88 211 17 221 60 25 76 84 122 153 244 233 0 79 153 33 84 192 235 86 225
112 0 6 140 77 66 96 72 52 128 194 75 70 162 32 214 120 204 106 136 9 211 195 192 148 34 202 9 16 40 58 2
66 176 153 208 171 233 49 207 175 51 160 56 140 150 104 62 163 19 234 16 19 75 186 209 153 144 30 127 144 64 135 43
176 207 15 62 16 131 70 248 84 130 106 108 115 97 168 81 89 110 32 106 105 247 11 63 168 167 101 16 112 250 66 32
254 80 151 246 11 64 84 0 179 211 135 59 95 191 65 219 231 213 253 194 41 71 154 128 211 227 216 27 34 53 38 50
40 179 17 225 125 15 80 63 75 185 177 93 130 25 72 144 217 140 68 48 92 106 65 148 143 220 21 126 90 136 210 139
4 140 150 31 153 207 54 172 182 19 65 16 230 242 42 85 145 106 40 0 50 200 26 63 41 166 85 79 210 0 141 14
37 76 134 31 140 34 135 170 210 210 66 96 240 224 177 107 81 102 96 59 225 224 207 42 108 34 245 8 200 121 112 136
52 160 22 155 159 215 178 200 150 181 192 10 230 208 104 196 249 91 234 16 46 99 91 189 157 210 79 127 211 12 13 134
81 6 207 221 4 2 103 56 116 130 226 70 209 99 160 99 120 228 42 170 41 208 15 14 116 174 231 0 41 248 112 32
83 32 135 133 10 10 104 64 172 160 226 66 220 130 80 86 96 197 106 140 1 209 133 64 156 32 143 0 40 0 35 4
32 34 192 133 76 9 224 72 14 164 240 139 130 136 84 18 104 204 74 5 8 115 207 80 28 0 135 57 65 40 82 130
83 32 83 161 34 8 104 64 45 0 178 194 223 18 68 114 166 213 127 132 1 209 129 192 148 184 11 130 44 128 35 5
96 32 192 12 77 73 224 72 43 180 240 139 130 232 68 150 105 205 194 17 10 115 219 208 29 16 7 63 97 40 78 130
81 32 223 133 10 10 41 64 236 160 226 66 223 162 208 114 99 197 110 140 1 209 133 64 156 42 239 0 40 160 35 32
36 160 4 137 206 67 160 200 22 176 192 11 212 192 96 64 121 152 98 144 2 115 75 17 29 130 143 125 49 8 53 130
211 160 90 169 18 192 104 64 44 33 161 26 23 2 4 208 226 137 94 128 94 31 149 85 149 193 26 101 49 0 43 0
165 204 23 62 152 131 7 184 214 2 96 124 115 225 168 17 17 106 32 42 105 222 10 63 104 134 101 16 120 240 194 168
20 140 150 30 145 202 6 172 118 23 75 17 102 240 40 84 145 74 160 2 114 200 11 63 169 166 21 75 82 114 129 14
37 110 142 23 140 34 134 184 210 242 70 86 112 224 249 43 89 102 96 46 249 243 143 42 40 39 229 0 233 249 240 32
64 17 158 140 29 214 144 72 230 5 227 1 198 208 36 198 208 52 234 16 28 35 147 80 17 48 2 91 144 11 45 6
22 228 128 151 155 99 22 200 22 183 64 17 68 226 107 136 17 94 160 50 54 80 155 58 169 6 93 47 176 117 173 2
81 32 135 133 10 10 104 64 236 160 194 66 212 162 80 114 96 197 106 140 1 209 133 64 156 34 207 0 40 32 35 4
32 34 128 133 78 9 160 72 6 180 224 139 130 192 64 2 105 204 66 21 8 115 207 80 29 0 135 61 65 40 86 130
32 34 75 161 108 9 225 102 168 32 240 239 151 9 16 18 74 160 66 1 64 58 196 69 84 0 34 56 69 8 83 168
49 98 9 233 10 11 33 88 22 176 212 230 179 131 225 9 120 188 34 24 9 246 71 24 196 129 241 32 121 136 0 168
80 0 159 157 12 2 165 104 246 130 194 66 80 224 160 98 120 228 42 168 33 241 131 76 21 34 231 0 17 104 112 32
173 204 215 94 152 131 7 184 214 130 98 108 115 225 169 81 17 102 32 42 105 246 43 63 96 167 101 16 120 248 66 168
20 172 146 30 155 223 22 172 118 23 65 16 102 242 40 212 145 90 160 50 50 88 27 63 169 166 21 79 210 98 165 6
81 131 207 77 4 2 97 17 100 49 99 66 81 3 176 106 96 132 42 152 27 184 133 0 92 162 178 68 169 136 112 32
193 160 89 129 90 136 41 0 238 17 130 80 189 130 216 112 34 129 74 156 3 28 133 81 148 0 138 72 40 0 35 32
36 160 20 153 203 195 160 200 22 176 192 10 196 210 104 192 121 152 226 16 2 83 75 17 29 130 143 125 177 8 37 130
113 66 75 173 12 0 64 0 100 0 194 66 147 0 177 104 72 172 42 152 9 178 197 128 148 160 162 8 165 8 112 32
98 33 18 12 73 201 176 64 168 4 177 9 4 200 44 146 168 161 202 33 0 35 130 72 17 16 10 59 65 10 111 134
162 113 18 140 73 69 144 104 142 160 160 11 132 210 97 128 216 177 202 99 64 3 90 89 145 16 11 63 16 42 15 130
36 160 20 153 219 195 160 200 22 176 224 10 228 210 104 192 121 216 226 16 2 115 91 21 29 130 7 127 177 8 37 130
16 2 151 221 12 2 37 104 244 130 194 66 80 227 160 98 120 228 42 168 33 241 139 13 21 162 231 0 16 120 112 32
226 57 16 158 77 205 146 96 138 164 177 11 166 216 101 132 200 177 203 67 64 35 90 216 177 16 11 59 80 42 7 134
114 36 18 44 25 79 208 104 137 164 185 9 6 152 4 20 216 181 197 33 76 163 80 28 145 244 0 59 65 14 102 6
193 160 73 49 18 136 105 17 126 1 67 208 145 130 216 120 50 141 32 156 19 156 197 81 204 168 186 96 44 128 163 160
1 130 221 249 54 138 105 19 126 1 67 210 221 3 144 104 115 14 46 156 19 156 7 195 204 175 178 64 180 128 209 32
81 32 151 133 10 10 40 64 236 160 226 66 220 130 80 114 98 197 106 140 1 209 133 64 156 32 143 0 40 0 35 4
22 172 132 50 155 103 22 200 22 183 64 25 68 230 75 142 17 95 232 18 50 83 155 51 185 6 205 111 144 113 143 130
37 110 143 86 140 34 71 184 208 178 98 92 115 224 249 43 25 102 96 46 249 243 143 42 104 47 101 4 233 249 240 160
112 0 18 137 77 73 224 72 108 32 210 11 206 200 32 194 104 204 110 129 12 115 211 192 149 48 138 59 49 8 112 6
181 238 205 94 194 171 70 190 82 218 96 252 115 97 145 49 29 98 4 110 233 118 46 63 96 143 101 56 121 243 194 41
49 6 79 124 18 35 71 123 80 194 230 252 83 97 160 49 25 228 68 46 249 227 37 15 240 175 113 16 121 232 114 48
68 232 20 27 73 205 178 140 174 21 1 17 172 194 74 198 129 91 234 83 70 72 202 113 13 48 31 111 16 23 143 206
32 32 74 169 76 9 224 72 6 32 242 202 145 139 112 64 104 136 106 136 0 242 71 208 20 128 171 40 61 8 113 128
164 78 143 95 140 34 135 186 210 146 66 64 240 224 185 43 81 102 32 62 161 228 78 42 44 34 245 8 192 249 112 160
33 32 15 1 72 11 161 72 230 160 226 8 208 192 194 114 105 76 106 4 1 195 239 16 28 0 5 56 64 0 50 228
66 178 148 149 137 60 180 15 187 183 130 17 140 162 76 206 161 71 232 17 54 77 195 192 137 18 95 119 128 84 137 15
117 6 239 101 148 2 69 127 80 226 246 238 83 33 145 59 89 198 36 44 249 251 37 14 120 175 245 20 237 248 242 40
17 160 75 49 66 138 105 80 52 17 98 210 153 3 144 121 50 137 2 156 3 148 133 84 196 136 186 68 45 128 99 128
22 172 132 26 147 103 22 200 22 179 9 19 64 226 105 136 17 94 160 178 62 209 27 62 169 6 13 119 176 119 188 2
80 32 134 37 75 74 32 72 102 224 194 132 67 160 2 82 104 204 234 128 12 211 215 0 85 34 1 1 33 0 38 210
245 78 239 126 130 34 71 248 80 226 254 238 115 97 153 49 95 230 100 110 233 247 45 46 240 175 101 148 237 251 114 49
66 216 156 23 168 205 180 174 174 55 14 1 244 190 70 3 129 87 107 65 22 73 251 117 79 55 95 115 208 0 141 206
80 48 6 5 75 74 32 72 228 100 194 5 66 132 2 82 104 204 234 0 4 211 151 0 149 32 2 17 64 0 39 86
96 34 6 1 72 13 32 72 110 168 226 72 2 130 64 208 104 140 106 8 0 211 203 16 20 0 3 57 73 0 98 128
72 32 22 5 75 11 32 64 228 36 226 136 195 128 0 210 104 204 106 0 0 243 197 64 148 33 2 0 96 8 43 0
97 32 15 1 74 11 33 72 102 100 224 204 210 128 194 112 104 140 106 12 1 210 239 16 20 0 35 32 105 0 114 244
121 7 79 101 134 42 71 55 96 226 238 206 115 33 144 115 120 230 76 174 233 178 229 14 244 235 224 16 109 250 210 40
25 68 112 99 53 58 122 16 101 7 127 18 139 9 190 116 114 128 132 40 174 180 37 195 103 253 0 1 119 222 104 6
96 32 0 1 73 73 161 72 206 164 224 10 128 128 64 144 104 140 106 8 0 115 193 16 20 0 3 57 81 8 14 128
66 8 4 137 29 201 32 2 142 48 138 10 134 128 33 198 192 32 234 16 10 11 65 212 149 16 10 115 16 8 29 10
125 191 109 108 154 34 79 251 66 224 188 238 115 101 152 51 63 198 92 238 249 75 237 29 250 235 229 188 125 226 114 113
80 34 19 1 74 9 33 64 100 36 194 70 67 130 0 82 96 204 106 136 1 211 133 64 148 32 35 0 40 0 33 0
112 32 6 1 9 73 32 64 38 164 194 8 194 128 66 80 104 140 234 0 12 241 213 16 149 2 3 49 64 8 22 146
174 211 120 232 226 21 92 189 9 122 52 247 221 31 170 161 142 17 149 99 194 36 120 177 99 219 116 167 62 156 140 115
245 102 207 117 150 42 103 248 112 226 246 246 83 97 145 59 121 228 100 46 185 240 173 10 120 175 229 132 237 249 240 32
65 32 11 1 72 9 33 72 102 32 194 12 146 130 128 82 96 204 106 8 9 83 237 16 148 32 3 24 0 0 50 32
78 248 148 146 201 117 54 204 186 183 0 25 204 246 75 142 145 95 235 19 54 67 154 243 29 22 95 127 130 117 143 198
0 130 125 201 102 8 184 160 201 0 48 226 157 25 188 0 6 17 6 106 130 32 4 213 4 152 34 26 85 139 65 161
98 34 0 168 108 9 72 8 143 56 176 137 167 202 68 150 201 192 238 0 14 99 203 145 148 240 129 63 80 140 90 132
88 5 74 237 22 10 67 56 52 164 206 131 211 35 2 80 112 204 13 234 72 144 65 14 240 165 163 16 32 170 52 34
81 69 119 69 16 74 111 48 101 164 238 192 83 3 128 117 122 212 76 234 233 146 101 12 245 168 161 0 99 178 102 32
80 32 22 141 15 2 160 72 238 32 194 2 196 130 32 70 104 204 106 128 0 211 195 208 148 32 138 18 16 8 33 132
2 186 185 218 203 201 177 207 142 21 164 57 172 151 96 18 143 59 203 16 18 75 234 241 93 144 30 123 144 8 135 235
96 32 0 137 76 9 32 72 14 32 240 11 134 194 32 80 104 140 106 129 8 83 195 208 148 32 139 59 16 8 113 130
80 32 3 136 73 1 32 72 230 0 226 2 200 194 32 208 104 133 106 128 12 195 195 208 149 32 139 8 0 0 33 6
89 32 80 32 40 25 88 0 107 168 176 41 143 11 64 146 166 213 76 20 12 97 193 128 218 249 37 50 98 132 75 1
165 96 241 65 100 122 227 152 105 226 119 104 211 48 221 62 90 76 86 122 137 244 237 8 4 152 101 4 199 251 82 229
1 176 185 75 237 127 193 157 94 121 53 92 214 24 222 44 145 2 22 61 147 112 121 81 13 24 53 116 216 10 209 245
96 0 6 140 76 10 96 72 172 128 226 10 68 130 32 82 104 204 106 128 12 211 211 192 20 32 138 11 16 8 122 134
32 32 22 141 73 11 160 72 110 160 224 11 192 130 64 82 232 205 106 128 4 243 203 80 20 32 11 57 65 0 107 130
254 80 157 244 11 64 92 0 163 146 135 187 79 159 65 219 231 213 253 131 40 71 130 128 211 243 218 187 34 117 38 115
40 163 25 99 124 15 80 61 67 57 57 89 215 9 72 144 157 12 198 48 157 50 73 20 207 217 49 116 88 138 218 129
51 92 35 250 5 228 217 68 233 66 136 3 26 221 53 114 232 177 17 133 141 163 50 200 147 126 154 10 67 118 114 110
56 160 20 169 29 91 128 200 23 180 130 2 199 80 66 196 217 148 238 16 46 225 91 156 157 211 143 55 114 12 29 134
17 2 207 205 30 2 109 120 118 162 210 230 209 163 176 98 114 196 46 168 161 209 133 204 84 171 230 128 44 168 113 160
80 13 140 37 30 90 86 35 160 164 138 11 243 56 2 2 168 246 236 33 12 233 209 12 251 231 237 17 225 42 94 10
114 32 64 173 79 73 192 72 43 164 240 11 11 136 68 134 232 205 234 1 8 115 219 208 157 208 7 59 65 44 78 134
65 34 223 133 10 10 105 80 108 160 242 64 221 130 144 114 98 197 110 140 1 209 133 64 148 34 171 128 44 160 35 32
80 96 24 169 2 232 105 68 36 5 234 0 183 2 74 80 98 139 78 129 6 16 145 17 213 165 170 41 48 3 47 2
70 184 148 158 201 245 52 204 187 183 0 25 236 246 79 142 145 91 235 19 22 67 154 241 13 18 95 127 130 117 143 198
181 38 207 117 134 42 103 248 112 226 246 254 83 97 153 59 57 228 100 174 249 240 173 14 248 175 229 132 237 249 242 32
34 192 120 233 98 9 94 185 11 34 52 139 157 31 60 0 151 145 23 133 196 16 16 208 103 223 172 165 53 152 137 19
244 33 26 136 28 86 16 72 236 4 135 3 134 146 102 64 248 148 74 240 30 135 144 0 145 161 138 95 16 9 61 2
121 118 233 101 18 3 75 27 86 233 150 254 83 5 208 48 31 228 124 188 233 222 109 14 218 207 181 244 173 160 80 121
160 2 75 161 108 137 225 112 168 0 112 253 149 129 144 19 74 128 66 77 1 56 198 97 68 161 50 72 77 136 67 184
71 10 127 74 36 144 216 16 201 28 49 96 10 9 180 115 134 1 21 15 134 33 36 197 66 120 162 130 84 130 113 37
169 42 73 249 78 137 33 80 20 35 82 246 179 1 193 105 104 168 38 152 9 188 71 0 196 129 242 32 124 136 16 168
98 0 111 242 108 200 216 0 169 80 49 195 152 13 156 59 138 177 119 141 128 97 6 192 66 56 234 128 69 128 115 97
113 6 207 108 18 2 71 123 80 227 230 252 83 33 144 113 88 196 100 44 185 251 101 14 240 175 113 16 233 232 242 32
209 2 79 193 6 128 97 16 100 17 67 86 145 3 200 106 96 140 42 152 27 184 231 0 76 161 178 64 41 128 112 160
65 160 73 137 74 168 105 2 236 16 2 208 149 130 216 112 34 1 74 156 3 12 198 81 196 32 186 104 40 128 3 160
163 82 81 232 34 1 88 12 9 17 48 249 158 31 36 24 206 145 21 4 137 6 64 208 128 218 90 154 92 152 1 17
113 142 237 117 22 10 67 55 80 227 246 254 115 33 144 51 121 230 100 172 169 254 229 14 248 239 245 16 237 168 82 56
198 249 16 19 137 221 178 132 174 53 128 9 172 214 79 212 129 83 234 83 70 73 218 117 45 16 15 127 16 23 15 78
50 36 16 140 73 79 144 104 139 172 160 9 6 210 37 145 216 177 202 35 108 35 90 220 145 16 9 63 17 42 15 134
48 32 22 137 79 75 160 72 22 176 224 10 196 208 96 128 121 156 226 16 10 115 91 145 29 128 15 61 17 8 45 130
80 2 143 205 12 2 33 72 118 128 194 66 208 227 160 66 120 196 42 136 1 211 131 68 20 34 227 0 41 40 113 32
50 68 18 44 89 111 208 96 169 36 251 25 70 152 44 16 216 181 199 33 12 183 80 76 177 48 0 19 65 10 110 6
14 172 148 26 145 255 54 172 190 183 66 17 236 246 75 220 145 91 160 18 54 88 155 127 41 22 85 103 146 117 141 70
18 12 244 193 183 62 94 194 77 6 122 19 11 11 52 84 163 131 5 138 30 48 17 194 147 222 16 7 247 193 232 6
181 78 207 126 138 35 71 184 82 202 96 236 115 225 185 59 29 102 36 46 233 227 46 47 96 175 101 24 233 241 66 41
48 32 132 141 79 75 160 72 62 164 224 11 130 128 64 130 120 204 226 1 8 115 219 80 157 0 15 57 65 40 6 130
81 32 143 5 14 10 97 64 100 160 194 66 208 130 144 114 104 196 106 136 1 211 135 64 156 34 143 0 40 32 99 32
97 7 79 101 148 42 103 55 96 98 254 236 243 33 144 115 120 230 108 46 249 184 229 13 230 235 224 128 111 234 210 40
6 164 148 23 155 87 22 200 146 183 0 1 228 246 75 142 145 95 233 18 54 65 155 59 41 6 79 111 128 116 15 134
117 38 207 119 140 2 71 248 82 242 226 102 83 225 145 43 89 102 96 62 185 243 143 42 104 47 101 4 233 248 112 32
193 130 201 249 22 138 107 18 126 1 98 210 219 3 208 112 115 172 46 156 19 188 5 211 204 173 178 64 188 128 97 32
1 160 73 113 18 138 105 17 126 1 99 208 185 3 152 121 50 136 14 156 35 156 5 93 196 169 178 64 44 128 195 160
5 130 93 233 238 137 189 152 206 16 48 224 157 131 224 2 6 17 2 78 145 32 6 208 68 152 106 104 92 137 129 129
86 248 16 26 25 221 18 138 175 20 128 9 174 214 71 196 129 27 236 83 78 9 218 113 145 48 11 123 16 5 13 94
34 49 18 156 77 205 144 64 140 164 153 11 134 210 104 134 216 49 202 35 8 35 208 192 145 16 10 59 80 42 29 134
113 6 77 101 18 171 107 54 116 35 106 206 243 33 144 48 50 166 108 172 169 184 69 31 164 239 48 16 109 138 82 40
118 36 18 156 89 237 146 104 137 4 184 9 110 216 45 144 152 177 199 99 14 35 82 93 145 48 8 59 81 47 15 6
97 66 73 249 4 138 97 16 84 1 195 198 147 0 145 105 88 172 46 24 11 184 197 0 196 160 178 64 60 136 80 168
145 42 79 33 2 130 105 80 100 49 226 208 17 3 144 88 104 136 2 220 11 144 5 64 212 137 178 64 105 128 98 160
98 0 18 136 77 201 0 64 141 36 136 10 166 146 36 210 200 177 202 32 4 3 80 220 145 16 10 59 16 8 13 14
0 160 18 137 9 133 160 64 172 4 128 1 140 130 96 134 232 1 202 1 2 35 144 65 145 16 10 59 64 10 39 134
49 2 73 169 70 8 96 17 100 0 98 194 147 1 144 104 104 136 6 26 11 180 69 0 132 160 178 0 60 136 208 160
49 64 73 97 0 2 96 80 100 0 242 66 19 3 144 80 120 140 74 140 9 178 69 0 148 160 162 0 105 128 98 160
98 32 18 136 93 205 16 72 141 4 128 11 6 210 32 144 200 177 202 49 14 3 82 216 17 16 10 59 16 8 45 6
145 2 73 33 22 10 99 16 124 33 98 214 19 1 144 112 50 140 14 92 147 188 69 46 164 173 50 64 45 137 81 32
2 40 146 136 9 205 176 68 142 20 128 1 132 194 96 142 200 49 202 0 2 1 210 80 129 16 11 59 16 28 15 134
49 0 77 65 22 2 97 16 116 32 226 194 83 1 144 80 120 140 14 174 25 184 69 12 148 170 176 64 109 136 112 32
17 2 77 129 6 10 99 80 100 0 202 82 19 1 144 96 104 140 42 138 9 176 5 64 212 160 162 4 45 136 240 32
48 160 22 153 75 195 160 200 22 176 192 10 196 210 96 128 89 28 226 16 2 83 91 17 157 130 15 125 48 8 45 130
80 2 143 77 12 2 33 104 246 128 226 66 208 224 160 66 120 100 106 168 9 243 131 12 20 34 227 0 41 40 112 32
96 32 192 141 79 73 160 72 46 164 224 11 130 128 64 2 104 204 66 1 8 115 203 16 28 0 15 57 65 40 86 130
81 32 143 133 10 10 97 64 236 160 194 66 208 130 80 114 104 196 106 141 1 211 133 64 156 34 143 0 40 32 35 4
6 160 132 23 139 71 20 200 22 183 64 9 196 224 75 14 145 78 225 49 38 83 155 58 9 6 77 47 128 116 31 134
4 140 150 30 153 211 22 168 54 23 64 16 102 242 40 212 145 110 160 48 50 64 11 63 41 166 69 79 210 100 133 6
37 142 207 94 152 3 7 184 86 130 98 104 115 225 168 81 17 110 32 42 105 240 11 63 40 166 101 0 120 240 66 32
22 164 132 55 155 83 22 200 22 183 64 1 68 240 73 138 17 78 160 51 62 80 139 59 169 6 205 111 176 116 28 198
101 46 135 23 140 2 7 184 210 242 66 64 112 225 249 107 81 102 96 58 177 209 143 40 104 34 229 4 201 248 112 32
80 48 6 137 9 87 32 72 70 68 198 15 192 148 34 68 104 12 234 128 12 195 251 16 21 34 131 27 16 12 52 86
0 48 164 29 75 95 176 88 214 252 196 41 64 212 66 38 153 124 234 0 134 81 251 17 79 3 5 55 82 44 6 215
89 16 143 28 10 18 33 88 118 236 198 228 80 228 226 114 84 108 232 12 137 211 239 0 88 35 101 8 106 160 96 113
49 16 13 9 10 11 161 88 70 100 198 230 209 132 162 98 104 76 234 12 9 208 239 16 212 35 163 16 56 8 48 240
72 32 6 13 75 90 32 72 230 36 230 132 67 130 2 214 104 204 234 128 4 210 213 64 20 33 2 1 96 4 46 192
33 50 6 1 74 13 161 72 230 232 226 108 66 128 224 80 104 12 106 0 5 243 139 16 20 0 35 56 105 0 99 144
89 0 6 137 75 18 33 72 230 36 198 2 192 130 2 212 104 140 234 136 12 147 199 16 148 35 131 17 48 12 56 0
32 50 7 137 10 11 160 72 134 40 194 110 194 128 32 64 104 4 106 0 9 163 203 16 148 32 35 56 24 8 18 146
44 167 88 97 244 47 81 57 70 57 63 93 211 9 88 24 221 12 70 44 154 176 73 21 79 217 33 116 200 138 218 131
88 32 4 173 13 91 80 40 135 180 130 11 207 114 66 194 201 213 236 0 44 227 91 157 153 211 79 55 50 44 13 6
65 2 207 237 92 2 105 56 118 192 246 230 209 99 144 98 120 204 46 172 169 208 239 12 68 171 231 128 45 160 112 161
24 32 132 165 13 91 224 72 46 164 242 11 207 136 66 134 232 221 238 1 12 243 219 144 149 193 11 51 97 12 79 130
94 172 148 22 153 119 150 168 190 183 130 17 238 254 79 207 145 87 233 51 52 65 155 253 185 82 79 127 146 117 173 70
245 71 239 101 150 34 79 248 112 226 254 238 83 97 145 49 127 228 124 238 249 247 237 14 248 239 229 148 237 251 242 49
65 34 95 133 106 10 105 16 124 160 242 228 213 34 144 114 114 205 110 140 129 208 229 64 212 171 235 128 44 128 35 160
16 33 24 169 18 204 107 144 116 4 70 0 183 131 75 80 50 139 12 216 14 144 145 51 197 165 42 97 48 17 37 2
80 20 156 45 24 94 22 47 160 165 138 9 247 60 2 66 136 245 237 33 60 201 81 12 249 231 109 17 160 98 15 74
80 96 26 161 0 204 48 64 100 5 207 1 147 146 98 64 240 156 40 145 78 145 145 0 209 229 170 65 0 2 173 2
121 126 233 101 22 143 107 23 116 225 230 206 243 1 16 48 53 236 120 156 169 252 117 14 239 239 145 16 109 138 82 120
137 42 75 185 100 137 105 16 60 83 118 212 179 129 144 41 122 8 6 12 163 188 71 33 196 193 114 64 108 137 81 184
121 31 109 109 26 42 75 58 64 232 254 238 83 33 144 113 94 228 124 172 185 186 229 29 254 239 161 212 125 162 82 121
169 42 73 241 4 137 97 16 84 99 118 246 179 129 192 105 126 40 38 12 139 188 103 2 196 205 176 128 108 136 80 185
70 14 127 232 108 0 216 2 233 24 57 96 156 9 180 115 134 129 55 79 128 33 2 232 64 56 234 128 85 161 113 33
113 134 111 117 18 42 99 51 112 99 246 246 83 33 144 112 121 198 108 172 185 188 101 15 244 239 240 80 237 232 82 56
17 130 77 121 6 138 97 16 102 17 102 214 211 3 144 120 98 140 46 28 3 188 39 81 68 235 50 64 56 128 64 32
65 34 73 89 6 168 97 18 230 17 66 68 145 131 208 112 34 8 106 156 131 16 231 81 196 169 178 64 40 128 97 160
35 64 217 184 104 33 8 198 137 19 48 216 157 2 160 26 135 145 23 132 1 7 0 210 128 156 62 184 28 216 3 1
113 170 237 101 22 10 99 50 112 225 190 254 115 33 144 48 56 228 108 172 169 252 229 15 204 175 177 0 109 170 82 40
70 249 16 146 25 221 18 234 174 60 136 9 174 214 79 148 129 27 202 83 70 79 218 117 185 16 15 127 16 21 15 94
50 4 16 156 9 239 144 104 138 164 169 9 206 210 39 149 216 177 198 35 12 3 90 220 145 16 11 59 80 42 15 134
32 32 20 153 75 79 176 72 22 180 224 10 196 210 96 132 121 24 234 16 2 115 219 17 29 130 7 63 16 8 45 130
14 172 148 27 153 223 54 168 190 55 70 17 236 246 78 221 145 91 224 16 54 88 155 119 45 22 85 111 146 101 141 70
17 34 143 93 8 2 97 88 246 160 226 70 81 227 160 98 120 228 106 136 9 241 143 12 84 163 231 0 40 168 96 32
50 0 246 96 149 70 116 198 101 7 242 19 11 41 52 92 233 132 133 160 28 185 17 194 27 222 148 7 227 216 244 6
54 52 18 188 89 237 146 96 137 4 225 9 102 208 44 144 152 177 198 35 12 39 82 76 145 48 8 59 80 11 15 6
32 32 0 141 79 73 160 72 38 164 240 11 134 128 64 144 104 140 234 129 8 243 211 80 21 0 11 59 65 8 94 130
14 172 148 19 153 247 54 168 190 159 2 17 204 246 75 223 145 91 160 16 54 88 155 119 47 22 95 111 130 117 141 70
53 14 207 126 138 34 71 248 82 234 242 236 115 225 185 59 29 238 100 46 233 243 175 47 248 175 101 144 237 249 82 49
17 32 15 133 14 10 105 64 236 160 194 66 213 130 144 114 104 196 106 136 1 209 133 64 148 32 171 0 41 0 99 32
113 142 77 101 20 42 99 50 96 65 238 230 243 33 144 112 120 230 108 172 185 186 101 47 230 239 160 80 237 170 114 48
210 248 144 150 25 204 146 174 170 61 128 25 172 150 74 150 129 223 233 81 70 79 218 119 185 20 31 127 0 4 143 78
14 160 150 18 201 215 52 200 150 182 0 9 196 246 75 142 145 127 234 18 38 67 155 59 13 22 79 127 130 116 15 198
117 38 207 117 158 2 71 248 86 234 194 230 83 225 145 43 89 236 96 44 169 242 239 10 120 47 101 4 237 248 112 32
65 142 75 113 20 138 107 18 126 1 102 212 211 3 144 112 115 172 12 156 59 188 37 95 236 239 178 64 236 128 96 32
1 136 75 121 48 138 107 18 124 1 103 212 155 3 144 120 51 136 14 188 51 156 37 95 196 159 50 64 188 128 65 32
210 184 16 26 25 205 18 200 175 52 129 9 174 214 103 212 129 187 204 83 78 15 218 119 145 16 26 59 16 7 15 78
5 202 89 233 98 9 173 144 76 16 120 224 157 131 240 99 6 25 6 78 195 48 134 192 196 153 42 172 28 218 129 161
182 52 18 188 9 237 18 104 137 134 128 9 174 210 35 132 216 185 206 35 44 3 82 219 145 208 11 59 16 47 15 134
65 2 77 109 20 139 107 18 116 65 107 204 243 33 144 112 50 164 110 140 153 188 101 31 228 175 48 64 252 138 80 40
242 20 18 156 73 237 144 72 136 6 176 9 142 216 33 148 152 49 194 33 34 35 82 223 145 48 10 59 80 44 15 134
1 2 75 243 38 138 97 20 124 1 103 242 183 3 216 120 82 12 14 28 131 176 101 128 196 233 178 64 44 136 81 168
33 2 75 35 4 138 97 16 116 64 230 196 147 3 144 120 120 168 46 220 11 144 101 96 196 137 178 64 109 129 112 32
162 4 18 152 73 207 16 64 141 14 160 27 6 210 38 144 136 177 202 33 44 135 18 202 145 16 8 59 16 10 46 6
130 32 18 152 9 205 16 64 173 6 128 25 134 208 46 132 200 177 202 33 12 39 82 66 145 16 10 123 80 12 47 6
1 66 89 235 38 138 99 20 124 1 99 214 151 1 144 112 50 8 14 28 131 180 69 82 196 175 50 64 188 154 81 32
17 66 73 99 6 10 99 20 116 1 99 198 147 3 144 120 120 136 14 138 11 176 69 2 196 173 178 0 109 144 80 32
226 8 18 152 73 205 16 64 136 4 160 27 142 210 38 144 200 177 202 17 4 3 82 208 145 16 10 59 16 12 45 6
50 40 16 154 9 205 16 64 139 4 128 9 174 208 39 128 200 179 202 1 14 47 82 249 145 16 8 59 80 12 15 6
5 2 77 97 22 138 107 16 124 1 106 194 211 1 144 112 114 132 46 60 161 176 69 14 228 175 162 64 109 146 81 32
6 172 148 27 153 223 22 168 62 191 64 17 238 246 111 212 145 91 160 16 54 72 139 63 41 22 85 111 210 37 141 6
113 142 207 94 26 2 71 184 210 242 98 236 115 224 185 49 21 230 36 46 233 242 47 63 32 174 101 20 121 240 66 32
70 176 132 23 139 67 20 200 22 182 64 9 100 242 75 142 145 94 233 18 6 211 155 48 25 2 77 127 128 116 15 134
117 166 143 85 156 2 101 248 214 178 194 228 83 225 209 75 81 100 104 60 185 241 143 8 104 43 229 68 237 248 112 0
94 164 148 52 137 87 148 168 175 182 130 9 206 126 79 207 129 85 237 51 60 67 219 156 185 211 79 119 130 100 13 6
117 6 207 125 148 6 79 184 112 226 230 206 83 97 145 49 93 236 116 174 233 242 253 14 248 239 229 20 237 248 114 48
97 32 15 124 12 135 73 24 198 224 197 76 147 193 80 50 204 172 120 140 137 218 243 20 197 249 129 56 8 136 114 176
0 13 88 227 96 67 127 48 24 36 124 131 181 39 48 16 18 27 23 203 64 144 24 56 229 137 170 160 52 218 1 130
88 129 140 37 10 94 20 32 160 180 138 9 231 60 10 195 168 247 237 99 60 201 211 12 217 227 108 17 33 96 30 74
20 17 26 161 136 204 16 65 52 44 194 1 151 146 98 64 248 29 44 17 78 145 209 2 209 229 42 81 16 8 45 66
137 2 73 249 68 141 105 80 124 66 102 214 183 129 16 105 120 8 2 78 131 180 183 49 197 233 82 0 120 137 65 176
121 31 109 101 30 47 79 57 65 224 238 206 115 37 16 49 92 230 120 238 185 250 245 12 247 235 193 16 109 170 82 120
185 18 201 99 54 171 99 18 116 99 119 246 243 1 144 112 126 168 14 28 171 180 101 14 230 239 176 128 188 136 80 49
5 98 89 243 238 129 173 148 142 50 16 194 157 203 216 43 39 25 95 159 67 20 206 240 196 137 190 168 60 218 129 160
81 130 77 121 22 138 107 18 118 65 114 214 211 35 144 120 115 132 44 60 177 188 101 95 204 239 242 64 249 128 96 32
113 167 237 101 6 42 103 55 96 202 254 238 243 33 144 51 56 230 76 238 249 248 229 9 228 233 228 144 109 250 82 120
65 3 89 121 34 168 105 146 126 1 102 212 159 131 208 121 50 10 46 156 131 144 167 113 196 233 50 0 60 129 65 32
1 0 221 170 234 33 173 196 138 19 56 216 157 34 160 50 135 3 22 140 3 2 74 240 164 152 46 168 156 210 131 169
241 38 237 101 20 42 99 51 112 225 254 254 243 33 144 50 56 230 108 172 185 252 229 15 238 239 160 64 109 168 82 40
82 248 16 18 41 221 18 234 175 60 136 9 174 214 71 148 129 155 202 67 70 11 90 125 153 16 31 127 16 5 15 79
14 184 148 27 153 221 48 136 190 181 0 17 236 246 79 206 145 123 233 17 54 72 154 113 15 18 93 111 146 116 143 198
54 16 18 188 25 237 84 65 137 14 241 9 78 216 37 156 216 177 197 33 40 163 82 206 145 182 8 27 81 106 14 6
50 128 210 224 133 70 80 71 69 37 242 19 10 57 36 82 233 135 133 176 12 187 17 194 155 222 150 71 225 8 236 6
129 10 73 251 52 138 99 16 118 1 118 244 179 1 176 120 115 168 46 28 43 184 37 127 196 191 178 64 252 137 80 40
210 252 16 146 57 205 16 238 187 61 128 9 174 150 78 148 129 219 205 65 78 79 218 245 185 144 27 127 0 5 15 94
1 198 79 105 52 171 107 144 126 65 110 196 217 3 144 112 51 36 14 156 163 180 37 95 228 255 34 64 252 130 65 32
82 252 16 146 25 205 82 206 187 53 128 9 174 150 79 213 129 155 205 65 110 15 218 245 153 16 27 59 16 5 15 78
133 65 89 249 34 169 105 144 94 16 114 192 157 131 241 105 22 41 6 78 3 176 15 208 196 217 34 36 28 216 1 160
1 2 91 233 54 138 107 144 124 1 118 212 159 1 184 120 50 8 14 92 131 180 37 95 196 189 50 0 124 137 65 32
50 28 16 190 73 237 144 64 155 14 241 9 174 214 39 157 200 177 196 3 44 39 82 252 145 240 74 59 80 110 15 134
5 2 75 99 36 138 107 17 124 0 119 196 145 3 185 120 82 136 14 222 211 176 37 122 196 157 178 64 44 131 112 32
182 24 82 190 9 237 80 66 157 14 240 9 46 222 39 157 200 187 197 2 46 47 82 249 145 210 64 59 81 108 78 6
5 2 75 99 20 138 99 16 116 65 115 198 155 1 176 96 58 168 14 158 203 176 37 114 228 173 178 0 109 130 96 32
182 12 18 158 137 237 84 67 153 6 176 25 46 222 38 153 200 177 206 1 44 47 82 249 145 16 72 59 16 108 174 6
1 6 73 99 52 138 107 16 124 1 127 196 243 3 153 112 18 8 14 60 163 176 101 126 228 223 162 0 60 131 81 40
242 77 18 154 137 237 148 67 136 4 160 25 142 210 38 149 200 187 206 1 44 7 82 250 177 16 14 59 16 108 175 134
121 20 109 103 17 175 75 18 116 97 239 92 115 5 16 112 92 164 120 188 169 190 113 62 247 239 128 80 233 139 82 112
13 22 111 99 20 175 107 50 124 67 103 212 211 1 152 112 119 164 10 60 171 180 117 46 239 239 16 64 236 137 80 112
121 135 109 103 20 42 103 51 96 64 127 236 243 33 144 115 58 198 108 110 249 248 229 45 230 235 96 128 109 226 210 49
73 130 205 111 52 170 107 146 126 65 126 244 219 67 152 112 115 134 44 188 187 188 45 127 236 239 178 192 253 131 65 32
133 34 121 123 178 138 105 144 126 3 118 212 157 195 184 120 51 10 14 28 179 148 37 123 196 255 50 192 252 128 225 33
5 163 93 249 226 129 41 208 14 16 80 192 189 211 232 107 70 11 22 30 3 144 110 208 204 217 110 232 156 128 1 161
54 28 16 190 25 205 80 97 137 140 241 9 110 246 39 156 136 177 198 3 60 35 82 188 177 210 73 59 80 46 15 70
82 252 16 146 25 221 16 238 171 61 128 9 174 150 78 149 129 155 205 65 110 75 90 247 185 20 31 127 16 5 15 94
178 128 118 224 5 70 80 70 209 53 178 19 11 153 116 212 249 151 165 161 28 191 16 194 155 216 148 7 99 140 252 6
54 24 18 184 9 205 80 65 137 4 241 9 78 222 39 156 200 177 196 1 28 35 82 156 145 242 0 59 209 110 14 6
65 66 75 123 52 138 107 16 126 65 118 244 243 67 184 120 83 12 14 28 171 180 37 63 236 255 178 0 220 130 112 32
54 8 210 184 137 237 80 65 141 132 225 25 14 250 38 152 200 185 132 0 28 163 82 200 147 208 64 27 241 108 236 134
50 184 16 186 73 237 82 238 171 63 160 9 46 158 70 148 129 155 197 65 14 11 90 245 145 208 24 63 16 5 14 78
73 6 79 105 52 138 107 16 116 65 126 228 219 65 144 112 51 164 14 188 139 176 37 95 228 255 162 64 252 131 65 32
5 6 93 105 54 138 107 144 124 65 126 196 223 1 177 112 18 0 14 60 131 176 37 94 228 191 34 64 252 131 65 32
50 24 16 190 9 237 80 74 139 22 224 9 46 222 39 156 136 179 196 3 14 11 90 253 145 210 88 59 16 77 15 142
50 8 214 184 205 204 212 71 137 7 240 27 10 248 38 222 200 177 165 1 28 163 82 128 145 240 94 27 241 92 236 6
5 6 95 105 52 138 107 144 124 64 122 196 223 3 176 112 82 8 14 124 131 176 37 94 228 255 34 68 188 147 97 32
50 24 20 190 201 237 148 75 139 6 160 9 46 222 39 156 200 179 197 1 14 43 82 241 145 210 88 59 81 76 15 14
5 6 73 97 52 138 107 144 124 64 122 196 217 3 184 112 18 136 14 254 163 176 37 94 228 255 162 4 60 147 65 32
50 28 84 186 73 237 80 78 139 30 176 9 46 254 39 157 137 179 197 1 62 43 82 185 145 210 80 59 80 76 14 78
77 6 95 105 180 138 107 152 126 65 127 228 217 67 185 112 87 4 44 156 179 148 45 95 230 255 178 196 188 130 65 33
201 179 111 103 36 10 111 49 121 194 118 228 243 97 152 51 30 230 124 238 249 248 229 41 230 251 100 128 109 226 210 121
135 43 89 251 34 1 57 88 30 144 85 228 157 131 224 105 86 73 30 206 129 208 46 224 204 217 111 172 28 129 1 161
77 134 127 107 176 138 107 154 124 65 127 228 223 65 152 112 51 4 76 60 161 180 45 95 228 255 34 192 252 130 97 33
178 184 16 186 105 253 82 238 171 61 160 9 46 158 71 148 137 147 197 65 14 11 90 245 153 208 25 63 82 5 14 223
182 24 16 190 73 221 80 65 139 12 241 25 46 222 38 148 200 177 196 1 28 47 82 251 145 208 1 59 115 46 14 214
105 7 111 109 52 170 107 50 104 65 126 196 215 97 144 113 82 100 108 44 161 184 165 13 230 255 32 192 108 138 82 48
178 20 82 240 141 230 208 70 149 135 242 19 11 217 108 212 201 181 133 32 56 163 80 130 155 216 148 91 99 76 236 6
178 24 16 190 105 237 82 74 171 28 176 9 46 222 39 156 136 179 197 0 46 47 90 251 145 208 16 59 113 77 14 222
1 66 95 105 52 138 107 16 126 65 126 228 215 67 176 112 82 36 14 60 131 180 37 31 228 255 34 64 92 130 96 33
178 184 80 190 41 237 80 206 171 63 160 9 47 222 78 148 137 155 197 1 46 15 90 183 145 208 24 63 16 4 14 206
65 70 79 107 52 138 107 16 108 65 123 228 215 3 177 112 114 4 14 60 163 176 45 94 228 255 162 192 220 131 96 32
178 24 144 190 73 237 80 75 143 14 176 25 46 254 39 156 200 179 197 1 62 47 82 187 147 240 16 59 208 76 14 206
77 71 79 107 52 138 107 16 108 64 127 228 221 3 177 112 18 4 14 126 161 176 45 94 228 255 34 192 220 147 97 32
178 152 20 186 73 253 80 206 155 63 160 25 46 254 106 156 137 147 197 1 46 15 90 179 145 210 89 59 48 68 14 206
193 135 127 109 52 10 111 176 120 64 118 228 223 1 152 113 18 68 108 110 225 176 165 93 230 251 98 192 76 163 99 33
50 24 88 190 45 253 80 75 135 30 176 11 47 223 39 153 200 179 199 0 14 43 82 185 147 243 80 59 115 205 78 95
201 135 127 111 36 10 111 48 120 72 119 236 215 33 144 115 22 68 108 110 241 248 173 79 230 251 96 192 76 162 83 49
73 71 127 109 52 138 107 56 124 72 126 100 223 3 184 112 214 4 46 124 161 176 33 124 236 255 34 128 220 131 97 33
58 156 16 190 105 253 80 207 183 63 160 25 47 222 38 157 137 179 197 1 14 15 90 177 147 211 80 59 114 4 206 223
58 28 80 250 169 237 80 79 135 14 248 25 43 221 38 223 200 179 135 16 30 43 82 177 19 251 84 123 243 76 204 14
73 71 127 105 52 138 107 48 124 72 127 228 223 3 177 112 178 4 46 126 161 176 45 92 228 255 34 128 220 146 97 33
205 71 125 111 52 10 107 48 124 72 127 228 223 67 153 113 146 4 44 110 225 176 45 92 228 251 98 192 92 131 97 33
201 87 61 111 36 14 111 48 120 74 119 100 223 97 152 115 182 68 108 110 225 180 169 78 230 251 98 128 72 179 99 33
