16 32 6 141 9 2 32 72 230 32 194 3 196 130 32 66 104 196 106 128 8 211 131 208 149 32 138 19 16 8 33 2
48 32 6 9 75 67 32 72 118 32 226 8 64 130 96 16 120 140 106 128 1 211 147 16 21 2 3 33 73 0 34 146
0 32 7 5 74 10 161 72 246 4 226 0 16 192 0 2 56 76 106 8 0 243 167 16 20 32 2 8 65 0 35 160
104 34 152 100 32 12 80 16 41 168 182 73 223 3 66 18 132 196 108 12 8 96 193 0 195 249 37 49 64 160 74 3
16 32 18 129 9 8 160 64 110 32 226 2 134 130 0 80 104 132 110 128 8 211 145 80 148 160 139 49 1 0 35 130
16 32 6 141 13 66 160 64 236 32 194 2 196 130 32 66 104 196 106 128 8 211 129 192 149 32 138 17 0 8 53 130
64 160 150 28 73 11 32 200 182 176 66 8 98 224 64 86 145 108 104 16 0 211 155 10 29 38 69 111 64 32 34 134
112 2 3 137 72 73 1 72 118 36 194 139 195 128 0 66 88 196 106 8 8 211 199 16 148 32 163 25 48 8 20 64
96 32 4 137 9 75 32 72 198 224 194 10 192 128 64 196 104 132 106 4 9 209 197 16 148 34 131 16 24 8 24 4
33 34 14 1 72 11 161 72 230 180 226 12 192 192 194 82 41 76 106 0 4 195 207 16 28 2 5 60 72 0 26 144
65 32 18 129 74 8 32 64 110 32 226 34 148 130 128 80 104 140 106 128 0 211 197 80 148 32 163 0 33 0 35 128
64 34 78 141 74 2 32 88 102 0 210 226 193 130 160 66 110 204 110 128 136 211 199 144 148 32 170 128 52 136 41 129
81 32 134 12 75 18 32 72 38 164 194 132 67 160 2 82 104 204 234 128 12 211 215 0 20 34 67 1 41 32 42 148
105 34 16 96 41 29 80 16 107 168 176 76 159 19 64 150 132 197 76 28 140 98 200 0 203 217 37 50 74 132 74 3
80 160 134 29 10 74 32 200 118 176 66 160 66 224 192 82 49 108 104 0 0 209 207 24 28 34 69 5 96 32 34 130
32 32 14 9 72 11 160 72 118 176 224 8 208 192 64 80 57 76 106 0 0 211 203 16 93 2 5 60 64 0 34 128
80 32 134 37 72 14 32 72 54 160 194 8 83 160 0 82 112 204 106 128 8 208 199 0 21 34 65 0 33 32 34 128
112 34 2 136 72 9 96 64 102 32 194 72 130 130 0 214 96 204 106 136 9 67 197 80 148 32 2 56 8 0 35 0
224 2 73 176 68 137 225 64 24 32 242 223 179 8 20 9 104 168 66 5 8 190 68 64 20 0 242 32 101 8 86 136
176 98 25 168 74 3 35 90 22 162 192 122 23 130 225 8 120 8 2 8 41 22 69 26 144 133 51 60 56 8 32 168
48 34 6 1 74 11 160 72 118 176 226 76 64 192 64 80 57 76 106 0 9 211 207 16 28 2 37 60 73 0 114 128
145 151 93 108 26 163 67 250 86 104 236 228 83 225 160 112 82 132 76 40 171 135 45 31 240 237 33 84 121 162 96 33
65 34 134 21 75 138 32 72 230 164 198 128 192 224 2 214 96 108 234 0 0 211 199 0 20 34 67 0 0 32 43 0
83 33 2 129 17 136 96 68 108 37 170 8 14 130 70 212 96 141 74 196 78 11 149 85 149 32 138 113 1 4 43 12
36 160 148 154 219 215 50 200 214 181 224 10 228 242 105 140 217 123 234 16 50 83 90 55 157 134 5 127 144 8 13 134
112 34 10 129 76 9 160 64 36 36 226 10 198 128 64 208 104 140 106 0 8 243 197 0 148 0 3 48 96 8 91 128
81 6 143 93 16 2 103 56 244 130 226 66 115 225 160 67 121 228 106 42 41 241 143 9 116 171 231 0 105 248 96 32
32 32 196 172 79 75 160 72 30 180 240 139 130 192 68 130 121 220 226 17 10 115 219 80 29 0 7 63 81 40 86 130
80 0 18 136 29 214 160 65 228 4 195 2 128 146 100 198 224 132 234 176 28 163 211 192 145 48 130 95 144 10 185 6
181 204 15 62 144 131 70 248 84 130 106 72 115 225 168 81 81 106 32 106 105 243 11 63 40 167 101 16 120 250 66 32
81 32 159 133 10 10 41 72 236 128 194 66 217 162 208 114 98 197 106 136 1 209 135 64 156 34 239 0 40 32 35 36
2 248 20 29 41 221 48 170 142 28 4 1 172 214 71 142 133 115 234 64 70 73 123 117 13 18 89 91 82 5 13 79
181 46 207 119 132 34 71 248 82 226 226 254 83 97 153 43 89 230 36 62 249 243 175 42 120 238 101 20 237 249 240 32
81 130 203 117 84 10 97 59 116 1 98 82 83 163 184 89 112 204 36 188 57 248 133 77 220 171 242 68 169 128 97 160
4 140 150 31 153 199 38 172 246 23 64 16 230 226 40 80 145 106 160 0 50 200 26 63 233 166 21 79 144 64 133 2
1 33 89 1 6 137 169 73 236 1 51 66 189 3 88 0 42 1 74 141 2 32 135 85 4 0 58 96 101 128 67 168
81 10 205 109 14 139 97 27 70 49 66 194 243 1 208 98 96 172 106 140 11 216 199 17 68 169 177 48 61 136 80 40
140 232 20 27 9 221 48 136 190 21 64 1 236 214 74 204 129 59 234 82 70 68 154 113 13 16 15 111 18 7 13 198
97 32 73 137 88 136 41 2 172 0 192 192 149 130 128 112 66 44 106 156 3 26 199 16 196 32 170 56 60 128 18 160
160 112 18 140 73 65 144 72 142 182 128 10 132 146 97 139 200 49 202 32 64 39 82 88 145 0 11 63 80 40 13 138
242 36 82 12 89 75 144 96 9 36 176 11 2 8 4 17 200 181 195 33 104 47 64 76 17 48 0 59 65 8 70 138
81 32 135 133 10 10 104 64 172 160 194 194 196 130 64 82 32 197 106 140 1 209 133 64 156 32 143 0 40 0 35 4
32 34 192 5 74 9 224 72 106 164 224 139 130 128 64 18 40 204 66 5 8 115 207 80 28 0 7 57 65 40 82 130
81 0 135 157 12 2 161 104 244 128 194 66 208 224 32 98 120 228 106 136 1 209 135 72 21 34 199 0 17 104 112 36
36 160 4 137 203 67 160 200 22 176 192 11 212 192 96 0 121 152 98 16 2 83 75 17 29 130 143 125 49 8 53 130
165 140 22 62 152 131 71 184 150 2 104 232 115 225 168 17 17 106 32 42 105 222 10 63 104 134 101 80 120 240 66 136
217 128 201 229 22 10 99 19 116 33 103 210 211 1 144 112 112 140 44 152 27 188 197 6 204 175 178 64 173 128 112 32
17 160 65 33 18 138 105 18 116 1 99 210 177 3 144 121 50 140 4 156 35 156 197 77 132 168 178 64 45 128 67 160
98 96 18 12 77 205 146 96 168 4 176 9 6 200 44 19 168 161 202 35 76 35 18 68 17 48 2 59 65 10 103 134
20 160 20 153 219 195 160 200 22 176 224 10 196 210 104 192 121 88 226 16 2 83 91 21 157 130 7 127 176 8 45 130
64 2 159 93 12 2 101 104 244 130 226 66 80 224 160 98 112 100 106 168 41 241 139 13 84 162 231 0 16 120 112 32
32 32 192 165 76 73 224 72 14 164 240 139 130 128 68 2 104 204 66 1 8 115 203 80 29 0 135 57 97 40 86 130
198 133 144 18 145 254 22 173 178 23 43 17 110 226 74 212 145 91 160 50 50 201 154 127 41 54 21 71 130 119 167 6
37 76 134 30 204 34 135 184 210 210 66 100 112 224 241 11 89 102 96 58 233 225 143 42 104 38 101 4 205 121 112 0
165 206 205 126 194 35 71 190 210 210 96 252 115 96 129 59 25 98 4 110 233 230 14 63 96 175 101 56 121 243 194 8
81 32 135 133 10 10 40 64 236 128 194 66 220 130 80 114 96 197 106 140 1 209 133 64 156 34 143 0 40 0 35 4
86 236 132 150 155 103 22 200 150 183 64 17 68 242 75 14 145 94 169 18 50 81 155 51 169 6 205 111 128 117 143 134
22 236 128 22 155 99 22 200 22 183 8 17 68 242 105 76 17 94 160 178 50 193 155 58 169 6 77 47 176 119 181 2
101 46 143 87 140 34 71 184 210 178 66 86 81 225 217 43 89 102 96 62 185 243 143 42 104 42 229 4 237 249 240 32
81 32 143 5 8 10 96 72 236 160 194 66 208 226 80 114 96 196 106 140 1 209 135 64 156 34 207 0 8 32 35 4
96 32 132 133 74 75 160 72 22 180 224 139 194 192 64 2 121 204 98 17 8 115 223 16 29 0 15 61 97 40 86 130
64 2 159 29 12 2 165 104 244 130 194 66 80 224 160 98 120 100 106 168 32 241 139 13 21 34 231 0 17 104 112 32
20 172 150 30 155 223 22 172 118 19 64 17 102 240 42 208 145 74 160 2 54 200 27 63 169 166 21 79 208 98 141 6
165 206 23 30 152 131 7 184 214 2 98 236 115 225 168 81 17 102 32 46 105 218 43 63 104 166 101 16 112 240 66 168
52 160 20 153 203 195 160 200 22 176 192 10 196 192 104 128 121 152 226 16 2 83 91 17 29 130 143 125 177 8 45 130
84 141 18 30 145 218 22 175 250 23 43 24 110 116 14 148 145 83 224 34 118 73 26 63 43 54 5 95 208 119 143 14
64 6 159 93 28 2 165 104 246 130 226 64 82 224 160 99 120 100 106 42 41 241 139 13 116 34 231 0 81 120 112 32
32 32 128 133 78 73 160 72 14 180 240 139 130 192 68 2 105 204 66 1 8 115 203 16 29 0 135 61 113 40 86 130
30 164 132 23 155 119 22 200 22 183 64 17 68 242 107 142 17 94 160 48 50 81 155 50 169 6 93 111 146 117 165 6
101 36 143 23 140 2 103 168 242 178 194 86 80 224 209 43 89 100 104 190 249 209 143 42 104 38 229 4 137 121 240 160
20 140 150 30 153 218 22 172 118 19 73 17 102 240 42 208 145 74 160 2 118 200 11 63 169 166 21 79 208 114 168 14
164 206 23 62 152 131 7 184 214 2 96 220 115 225 168 81 17 110 32 46 104 222 11 63 40 166 101 16 112 240 194 168
52 160 20 153 219 195 160 200 22 176 192 10 196 210 104 192 121 88 226 16 2 83 75 21 157 130 143 125 176 8 45 130
80 32 18 128 75 10 32 64 118 32 194 10 66 130 32 82 112 204 106 136 0 211 133 80 21 32 3 1 32 0 43 128
16 0 6 136 74 3 32 72 230 32 194 66 80 192 32 192 104 12 106 8 8 211 79 28 20 34 35 16 24 8 56 0
32 34 2 129 73 73 160 64 110 164 226 10 0 128 96 80 104 12 106 0 0 114 193 16 20 0 3 49 65 8 86 130
89 0 135 13 10 18 33 72 118 96 198 192 83 226 160 230 112 204 106 136 9 211 167 0 144 34 99 0 98 32 32 36
32 32 4 13 73 75 160 72 214 188 224 9 192 208 64 2 89 92 234 0 0 243 203 16 29 0 5 61 80 8 6 146
32 32 14 153 74 11 33 72 134 32 194 2 208 192 32 66 72 76 106 0 0 211 207 20 20 34 163 24 16 8 48 160
16 0 6 136 11 71 32 72 102 32 194 2 64 192 32 64 104 12 106 0 8 211 87 28 21 34 3 1 16 8 52 2
80 32 18 129 74 8 32 64 100 32 194 2 71 130 0 82 96 204 106 136 0 211 133 64 148 160 2 0 32 0 33 0
70 185 144 146 217 76 182 174 170 181 136 9 172 246 74 134 129 87 233 81 86 75 218 97 189 20 31 127 128 116 143 14
102 162 132 145 172 9 200 136 202 181 129 249 194 224 221 158 9 198 104 29 30 99 207 16 156 18 205 125 132 253 218 4
81 32 19 128 74 8 32 64 102 32 194 66 86 130 32 210 96 204 106 136 1 211 133 64 148 32 2 0 40 0 35 128
245 126 203 126 170 35 71 248 208 226 184 236 115 225 185 51 31 230 68 110 233 103 44 47 240 143 101 188 125 251 82 57
104 32 12 13 72 75 0 72 22 180 192 8 194 160 66 82 89 196 234 0 12 210 203 16 92 35 5 61 48 8 30 192
80 2 135 13 8 11 33 72 102 168 194 68 194 224 0 66 96 196 106 0 9 211 207 16 20 34 99 16 8 32 112 16
96 32 1 129 72 9 160 64 198 160 226 10 128 128 64 80 104 140 106 0 0 243 193 16 20 0 3 56 81 8 82 128
32 32 2 1 72 9 160 64 102 160 226 74 80 128 96 80 104 12 106 0 0 114 195 16 20 0 3 56 65 8 66 128
32 0 6 153 11 11 32 72 134 32 194 66 64 192 32 66 72 76 106 0 0 211 207 28 21 34 131 25 48 8 56 128
174 27 112 232 243 144 90 17 137 0 120 225 15 59 37 144 134 177 149 96 180 170 16 238 226 217 0 138 254 175 9 3
32 0 6 137 73 11 160 72 134 8 194 66 192 192 32 64 72 12 106 0 0 195 195 16 20 34 138 24 16 8 48 130
89 38 132 165 9 26 84 40 34 162 130 233 199 40 66 211 129 197 236 35 108 193 205 8 154 243 237 17 172 116 26 0
68 160 134 29 152 14 36 232 182 178 194 8 64 224 64 2 17 100 104 32 32 211 139 24 13 34 69 54 192 96 2 130
116 160 197 53 154 3 5 232 54 178 226 200 115 224 64 16 17 76 104 28 8 210 207 25 28 130 69 124 225 224 66 160
32 32 4 13 72 11 160 72 214 176 224 72 208 192 64 2 89 76 106 8 3 115 203 17 28 0 5 60 80 8 2 128
80 0 134 13 10 2 32 72 118 32 194 0 67 162 32 66 112 204 106 128 8 211 135 0 17 162 65 1 33 32 96 0
19 100 105 161 118 69 120 68 137 112 152 139 13 31 85 163 174 145 215 149 78 4 20 192 183 88 158 182 37 150 27 206
80 0 134 12 11 2 32 72 118 168 194 64 67 224 96 82 112 204 106 128 8 211 139 0 152 34 65 0 96 32 32 2
41 32 132 13 72 11 160 72 214 176 192 8 196 192 64 130 89 108 106 8 0 211 203 16 12 1 5 60 80 40 10 128
137 147 112 233 246 30 88 57 77 97 120 244 159 57 158 160 150 17 149 49 148 184 101 134 110 217 32 198 254 140 137 7
18 8 126 219 39 180 88 18 109 18 55 0 43 27 181 93 227 163 21 136 12 128 0 228 131 250 80 3 118 193 104 7
25 2 14 169 12 3 32 72 118 32 194 2 195 128 32 192 120 132 106 136 8 211 71 16 148 163 163 0 49 8 56 128
241 7 77 101 4 42 71 55 96 98 254 238 115 33 144 51 120 230 108 238 233 176 197 12 246 171 224 16 109 250 210 8
103 11 105 192 230 8 248 1 233 64 18 235 156 12 149 42 238 129 87 205 144 41 164 192 86 56 170 216 197 133 83 97
68 160 150 21 153 11 36 232 246 178 194 8 64 240 64 130 145 100 104 32 36 211 139 24 12 34 69 55 192 96 2 134
194 33 18 136 13 205 128 65 140 36 128 10 134 130 96 196 192 176 202 17 8 3 18 210 145 20 10 59 16 10 21 6
96 32 8 136 72 73 33 72 70 36 224 10 130 0 0 16 72 140 106 128 8 51 201 16 20 0 131 57 81 8 122 130
80 2 7 129 8 9 160 64 108 0 194 70 198 130 0 64 96 4 106 8 1 145 133 0 148 160 10 16 40 8 33 128
105 34 80 96 33 29 80 16 107 168 176 108 143 27 192 150 134 197 76 28 140 96 192 128 138 249 37 50 74 132 74 5
102 162 196 129 172 11 136 136 42 181 128 153 195 96 95 158 9 68 104 29 30 67 207 16 140 18 143 125 132 172 219 4
103 160 196 5 173 41 224 136 107 180 130 137 199 32 87 158 3 196 104 29 20 97 223 0 156 178 69 53 196 124 91 4
121 166 205 101 18 35 75 27 86 233 158 238 83 5 209 48 127 204 92 188 137 154 109 30 250 207 165 180 173 130 80 121
195 74 124 216 108 0 252 16 201 22 50 210 137 11 181 91 239 129 31 10 164 36 7 192 6 218 210 11 117 145 64 5
32 2 73 181 68 169 161 64 8 16 113 222 179 1 16 9 72 136 2 9 9 182 194 0 20 160 114 32 109 8 83 160
70 49 180 158 25 212 144 9 142 156 135 9 236 254 70 198 132 117 249 81 6 65 218 217 15 52 15 123 2 38 13 87
121 143 109 108 26 2 79 121 64 232 188 238 83 101 144 51 62 196 124 238 249 107 237 29 250 235 225 188 125 162 114 113
49 34 201 241 22 171 97 82 20 35 210 246 179 1 128 104 88 168 14 152 41 156 69 30 196 199 176 0 185 136 16 160
146 76 80 233 35 12 92 36 9 0 112 147 143 11 52 149 174 145 21 101 124 44 16 206 162 217 14 74 119 160 201 132
48 160 20 153 11 207 128 200 150 180 224 10 198 208 96 132 217 220 234 16 10 115 91 145 157 194 15 127 83 8 45 134
82 33 2 128 17 68 96 68 41 36 168 10 14 2 47 212 248 129 14 160 14 19 16 213 177 144 138 103 33 20 43 14
81 2 143 205 28 2 97 120 118 160 230 70 209 227 128 98 112 196 106 168 33 209 135 12 84 163 231 0 41 232 112 32
50 32 64 141 79 73 160 72 170 164 176 11 2 136 68 146 232 221 234 1 8 115 219 208 157 0 7 59 65 8 78 130
14 172 180 19 153 252 54 142 191 151 3 17 236 246 79 207 129 123 233 17 54 88 154 243 47 22 95 111 130 85 141 198
68 80 18 136 25 212 176 65 236 5 203 0 130 144 110 196 192 36 234 16 30 163 146 64 17 48 2 91 18 15 189 134
245 111 207 126 146 34 71 248 80 226 248 238 115 97 185 59 29 230 68 110 233 247 172 46 248 175 101 148 237 251 82 49
65 34 159 133 10 10 105 64 108 160 226 66 221 130 144 114 98 196 106 136 1 209 133 64 148 34 171 0 40 32 35 32
14 168 150 150 201 245 52 136 158 183 4 17 204 246 75 142 145 127 235 18 54 65 154 113 13 18 95 127 130 117 143 198
53 38 207 117 134 34 71 248 82 226 242 254 83 97 145 43 89 236 100 46 249 242 237 10 120 175 101 20 237 249 240 49
241 134 203 100 16 42 103 119 112 75 238 212 83 33 144 112 121 198 76 44 249 191 165 15 240 239 32 0 105 234 242 56
17 130 79 245 20 2 105 87 118 1 98 86 81 3 176 121 113 140 36 156 19 252 5 93 220 239 242 68 169 128 225 160
1 98 93 105 42 137 233 23 110 17 114 192 189 131 208 72 34 9 106 12 67 188 7 81 196 137 50 64 124 128 129 168
147 148 121 232 106 5 152 34 9 16 48 250 60 30 196 49 230 147 23 1 195 46 68 241 144 152 10 190 92 136 1 61
81 66 77 101 6 139 97 22 102 33 66 198 243 1 144 96 32 172 106 140 11 184 229 17 68 169 176 0 45 136 80 40
70 249 16 18 249 221 182 238 174 61 128 9 172 214 74 150 129 91 202 83 70 79 218 117 189 16 31 127 144 21 143 94
34 16 22 172 73 207 208 104 139 164 185 11 70 210 37 146 216 177 198 35 72 39 82 220 145 144 73 59 81 42 15 138
1 42 73 9 8 137 105 18 108 1 66 192 145 131 144 120 66 40 106 92 3 152 197 0 196 161 178 64 44 129 82 168
98 32 2 12 73 79 128 102 136 38 184 9 166 128 44 147 200 181 202 33 8 35 208 76 17 48 90 59 65 8 15 138
50 72 84 202 7 36 88 66 237 18 186 19 42 10 37 90 227 131 12 128 14 165 16 225 19 184 66 19 113 17 105 6
86 248 16 26 25 221 18 136 175 28 136 9 174 214 103 212 128 59 236 83 14 3 218 117 145 48 11 59 16 7 13 6
113 7 77 101 22 43 71 51 97 96 238 238 83 33 144 114 120 198 108 172 185 186 69 14 244 239 224 16 109 234 242 48
82 248 16 154 9 221 146 202 174 60 136 9 172 214 103 196 129 59 200 83 70 9 218 113 137 16 11 127 16 7 15 142
201 138 73 241 20 170 99 19 124 1 103 210 147 3 144 112 115 172 44 152 59 188 101 74 228 237 178 64 173 129 208 32
98 33 18 158 73 237 144 64 138 164 137 9 164 210 97 132 200 49 202 67 0 3 82 216 145 144 11 59 16 42 15 134
1 32 77 113 18 170 107 19 124 1 103 208 219 3 152 120 51 140 12 188 51 148 101 95 196 239 178 64 173 129 195 32
118 76 18 28 73 205 146 104 137 4 249 9 46 216 37 148 216 177 197 35 108 39 82 223 145 180 8 59 81 47 110 6
36 160 20 153 203 207 32 200 22 180 192 10 68 210 96 132 89 28 234 16 2 83 91 29 29 130 13 127 16 8 45 130
65 6 77 103 22 43 107 54 124 97 110 206 243 33 144 112 50 166 108 44 177 184 101 47 228 175 32 80 237 170 82 40
226 233 16 26 89 205 18 202 170 52 128 9 174 210 71 208 129 179 200 65 70 11 218 119 177 48 27 123 16 5 15 14
80 2 143 93 72 2 33 120 118 128 226 66 82 225 160 66 112 100 106 40 9 241 139 12 84 34 231 0 41 104 112 32
48 32 4 141 79 75 160 72 62 164 224 11 2 128 64 128 120 204 226 1 8 115 219 80 29 0 15 57 65 40 6 130
6 172 148 18 145 246 22 172 190 183 2 17 236 246 73 220 145 91 160 18 54 88 155 127 41 22 85 103 146 117 141 78
33 2 72 123 52 138 99 20 116 1 98 212 147 1 144 120 90 172 12 24 155 188 69 46 196 191 176 64 172 136 80 32
242 4 18 136 9 205 80 64 141 4 128 11 134 208 32 132 216 177 206 33 8 3 82 202 145 16 8 59 16 12 12 6
181 78 207 126 138 43 71 184 82 226 98 236 115 225 185 59 25 102 36 46 233 226 47 46 96 175 101 24 233 249 66 41
81 32 143 133 78 10 97 64 100 160 194 66 212 130 144 114 96 196 106 136 1 211 135 64 148 34 143 0 40 32 99 32
6 164 148 23 155 87 22 200 150 183 0 1 228 246 75 142 145 95 233 18 50 65 155 59 41 6 79 111 128 116 15 198
129 202 65 97 0 130 105 16 116 0 226 192 147 3 144 120 88 136 14 204 75 188 69 0 196 136 178 64 101 128 114 168
146 37 18 152 9 237 144 64 140 4 128 9 134 208 98 132 200 33 206 33 14 35 210 67 145 16 10 59 80 12 47 134
117 38 207 119 140 10 39 248 82 242 226 100 83 225 145 43 89 102 96 62 185 243 143 42 104 47 101 4 233 248 112 32
114 40 80 154 9 205 82 66 159 6 160 9 46 218 37 148 136 179 197 66 14 47 82 249 147 144 16 59 16 13 14 14
37 6 76 99 20 170 107 16 124 1 107 196 211 3 144 112 82 164 14 188 169 176 69 14 228 174 162 64 237 131 80 0
114 32 18 152 73 205 16 72 143 2 160 25 174 210 32 158 200 177 206 1 14 39 82 217 145 16 10 123 16 12 47 6
226 32 18 136 9 141 148 65 136 134 160 25 132 130 100 155 200 49 202 17 4 7 82 208 145 16 26 59 16 8 135 134
4 172 148 26 153 219 22 172 182 23 64 17 230 240 42 85 145 126 160 48 54 88 27 63 41 54 85 111 210 36 141 78
181 142 207 126 152 3 71 184 86 130 98 204 115 225 168 81 17 102 32 46 105 210 47 63 96 175 101 16 120 240 66 32
48 160 20 153 75 203 160 200 22 176 192 10 196 192 96 128 121 28 226 16 2 83 91 17 157 128 15 61 16 8 45 130
81 2 143 77 12 2 33 104 118 128 194 66 208 224 160 66 120 68 106 168 9 211 135 76 20 34 231 0 41 40 112 32
32 32 128 141 79 73 160 72 46 160 240 11 130 128 64 130 104 204 66 1 8 115 219 80 20 0 3 57 65 8 86 130
81 32 15 133 10 10 104 64 108 128 194 66 208 130 16 114 104 197 106 136 1 211 133 64 156 34 139 0 32 0 35 4
70 160 132 23 203 87 20 200 150 183 0 9 228 244 75 142 145 94 233 51 50 83 155 56 9 2 77 127 130 116 31 134
117 166 143 85 140 2 39 248 86 178 66 102 81 225 209 43 89 100 104 58 185 211 143 10 104 39 229 68 237 248 112 32
20 172 150 26 155 199 22 168 54 55 64 17 102 242 42 80 145 126 160 48 54 80 27 63 169 166 5 111 208 96 141 6
37 142 143 94 152 3 7 184 86 130 98 76 115 225 168 81 81 102 32 46 105 241 11 63 40 175 101 0 112 248 64 32
52 160 132 153 203 203 32 200 22 176 192 10 68 194 96 128 89 92 226 16 2 83 91 29 157 130 13 125 48 8 45 130
64 2 143 93 12 2 32 104 246 128 194 66 82 224 160 66 120 100 106 40 9 243 143 12 28 34 231 0 33 104 112 32
32 32 133 141 79 75 160 72 54 164 224 11 130 128 64 130 120 204 98 1 8 115 219 16 28 0 15 57 97 40 22 130
81 32 135 133 10 10 33 64 228 128 194 66 208 130 80 114 104 196 106 137 1 211 135 64 156 34 143 0 32 32 35 4
4 140 150 30 153 211 22 168 182 23 64 16 230 224 40 209 145 110 160 32 54 208 27 63 41 166 85 79 208 32 141 14
49 142 6 62 24 3 7 184 22 130 98 72 115 225 168 81 17 110 32 42 105 210 11 63 104 166 101 16 120 240 2 32
22 164 132 23 155 23 6 232 22 183 64 3 68 224 73 138 17 78 160 51 126 80 155 59 169 6 205 47 160 116 20 198
81 34 6 1 75 11 32 64 228 36 226 10 195 130 2 208 104 140 106 128 4 211 133 64 148 32 2 1 96 0 11 128
96 34 3 9 72 9 160 72 166 160 224 76 130 128 0 16 104 140 74 0 9 99 195 16 20 0 3 56 73 0 34 144
65 2 6 137 73 3 32 72 230 4 194 2 192 130 96 212 104 132 106 128 8 195 203 16 20 34 131 24 16 8 56 0
8 32 132 29 9 27 160 72 214 180 198 8 192 192 96 166 25 108 234 8 0 209 203 16 76 3 5 52 82 44 8 128
80 18 134 29 75 66 32 88 118 168 194 100 66 224 96 82 80 236 104 128 9 211 203 8 24 34 101 0 120 32 32 18
48 2 4 137 10 11 160 72 70 32 194 70 194 128 0 66 104 76 106 8 9 225 79 16 148 34 163 16 57 8 48 128
64 32 30 9 74 13 160 72 230 32 226 74 80 130 32 210 104 204 106 0 0 243 147 64 21 32 2 40 97 8 35 128
48 32 14 1 74 11 160 64 230 160 226 10 16 128 96 80 104 140 106 8 0 243 133 16 21 0 35 1 97 0 99 128
80 0 6 137 75 71 32 72 102 40 194 66 192 146 32 80 104 140 106 128 8 211 215 16 149 34 163 0 16 8 52 2
48 50 151 29 10 143 48 72 150 184 194 229 64 196 32 0 89 124 234 0 0 209 75 28 28 2 5 54 112 8 20 146
73 0 134 28 75 146 32 72 246 128 198 8 64 224 226 118 80 108 106 136 0 195 239 16 29 35 69 8 114 32 34 36
40 0 14 137 8 11 161 72 198 32 198 10 210 128 32 68 104 12 106 8 8 243 207 16 213 35 3 24 16 8 16 160
96 34 2 12 73 4 32 72 102 36 226 13 64 130 2 82 104 204 234 132 8 67 199 80 20 32 2 25 73 0 42 210
17 32 14 1 10 27 161 72 100 100 226 132 195 128 66 64 40 12 106 12 5 241 197 0 20 1 3 0 105 0 11 128
103 74 93 235 238 0 237 132 200 18 112 198 157 139 245 90 166 1 55 77 129 50 130 240 68 152 106 168 221 185 65 129
129 10 201 185 100 168 225 82 62 17 112 246 151 129 144 9 122 8 6 156 3 244 70 64 196 177 114 0 252 201 67 160
206 57 48 158 57 221 146 41 142 140 129 9 172 222 70 134 132 113 249 81 70 67 218 221 153 48 11 123 2 38 15 87
121 31 109 109 10 34 79 57 64 232 252 238 83 37 144 51 94 230 124 238 217 250 229 29 246 235 225 244 125 162 82 121
177 2 205 241 18 171 97 18 84 97 247 246 147 1 128 104 120 136 14 156 171 188 101 12 196 199 176 192 185 137 80 176
24 32 20 161 11 91 16 8 86 180 130 130 195 0 2 196 89 140 238 0 12 241 93 156 141 195 7 55 114 12 12 134
50 76 80 232 39 0 88 34 9 128 48 131 47 11 36 148 134 145 21 133 4 40 16 203 130 220 10 83 119 130 9 13
242 32 2 128 17 212 16 69 237 44 162 9 134 146 42 212 248 129 206 225 14 131 144 199 177 16 138 127 0 6 175 70
81 2 207 205 78 2 97 24 118 128 226 102 209 163 128 98 112 204 42 136 9 208 231 72 84 163 226 0 41 160 96 160
48 32 64 169 15 73 160 72 46 164 240 11 135 128 68 128 104 141 202 1 8 243 209 144 149 192 3 51 65 8 79 130
22 172 148 27 153 87 150 168 191 183 128 17 108 254 79 223 145 87 233 49 54 193 155 255 169 22 77 119 146 117 141 70
68 113 18 152 25 212 144 65 236 12 139 9 134 210 110 212 216 40 202 48 14 131 146 192 177 48 10 91 2 14 191 70
74 249 180 25 57 221 176 142 174 125 134 9 172 158 70 198 129 115 235 65 6 73 211 245 15 20 26 59 82 4 13 95
245 6 207 124 146 34 71 248 80 234 250 238 115 97 145 49 93 228 100 46 233 243 237 14 248 175 101 148 237 251 114 49
81 34 95 133 10 10 233 80 108 32 226 66 221 130 144 114 106 196 110 136 1 209 133 64 212 32 171 0 40 128 35 160
14 168 148 30 137 215 52 200 187 183 0 17 204 246 79 142 145 95 233 17 54 65 154 241 137 82 79 127 130 116 143 198
121 135 111 101 22 42 71 55 96 66 254 238 83 33 144 115 120 198 108 46 249 187 229 15 242 239 32 128 109 226 242 56
117 38 207 117 150 10 71 248 112 226 242 238 83 97 145 51 125 236 100 46 249 242 237 14 248 175 229 148 237 248 114 49
17 194 205 121 22 130 97 21 118 41 227 86 83 3 144 120 113 140 12 152 187 152 101 93 212 239 178 68 169 128 224 40
17 66 93 123 2 138 105 22 126 17 102 86 189 3 144 120 50 140 46 156 131 188 39 113 196 233 50 64 253 128 97 40
67 16 89 170 106 165 189 16 136 18 57 234 188 155 232 34 78 19 23 143 131 2 206 241 196 152 42 186 28 139 3 161
137 10 75 123 38 171 105 18 124 1 102 212 179 129 144 120 50 44 46 28 131 156 39 49 196 237 50 0 108 128 65 32
130 248 16 146 249 205 50 238 170 61 128 9 172 150 74 148 129 19 202 81 70 79 90 119 189 16 31 127 16 20 15 206
34 88 16 190 73 205 146 104 139 174 177 9 110 216 37 144 136 177 194 3 4 39 82 223 21 22 9 59 80 42 79 130
209 43 73 121 2 169 97 16 116 0 70 196 179 1 144 121 112 172 44 92 139 152 229 16 196 169 176 64 45 128 82 32
38 80 18 188 73 237 208 64 137 6 177 9 102 216 44 144 216 177 198 3 8 167 82 94 17 182 0 59 81 10 78 2
50 64 212 193 7 6 80 196 207 54 178 3 10 27 45 90 235 131 15 144 14 35 25 192 19 158 16 23 241 80 96 6
194 184 16 146 89 220 146 174 170 61 128 9 172 150 78 150 129 127 233 67 70 75 218 117 185 16 27 123 0 5 15 78
97 143 79 101 52 10 103 49 96 64 255 236 211 33 144 115 88 230 108 108 185 184 229 13 228 171 224 80 109 170 210 112
82 248 16 154 41 205 18 202 175 60 136 9 174 214 103 148 129 187 204 67 14 11 218 117 145 16 11 59 16 5 15 78
65 10 75 99 20 170 99 16 116 1 230 244 147 1 144 120 121 140 12 152 139 188 101 46 198 175 178 64 237 131 112 40
50 4 18 188 9 237 150 64 137 6 201 9 174 210 33 133 216 185 196 33 12 3 82 136 177 208 10 59 16 126 15 134
1 6 77 99 20 138 107 16 124 1 111 196 211 3 144 112 115 160 12 188 179 148 37 95 228 239 162 64 172 130 208 32
114 12 18 188 105 205 150 97 137 14 249 9 174 216 37 148 200 177 198 3 12 39 82 223 177 244 10 59 80 46 15 134
32 160 20 25 75 215 48 200 22 180 192 10 196 210 98 196 217 24 234 16 6 83 219 17 29 130 5 127 16 8 45 134
17 2 143 93 24 2 101 120 246 162 230 68 81 225 160 66 120 228 106 40 41 241 175 12 84 163 227 0 40 168 96 32
6 172 148 27 153 215 54 168 190 183 64 17 204 246 79 156 145 123 160 16 54 80 155 63 41 22 85 111 146 117 141 70
1 66 75 225 52 138 107 16 124 1 106 196 151 1 152 112 82 12 14 28 131 180 101 14 228 191 34 64 108 130 81 32
178 24 82 158 13 237 80 96 137 4 177 27 46 218 36 145 200 177 204 1 60 175 82 206 145 16 0 59 80 44 12 6
53 6 207 126 154 2 71 248 82 226 98 236 115 225 153 59 29 238 100 46 233 243 175 47 120 175 101 20 233 248 98 33
32 32 0 141 75 73 160 72 38 164 240 11 134 192 64 146 104 204 234 0 8 243 219 16 29 0 15 59 65 40 14 130
17 34 143 5 8 10 33 64 108 160 194 66 209 130 144 114 104 196 106 136 1 209 133 64 148 34 163 0 41 32 99 32
1 66 79 99 52 138 107 16 116 1 110 196 243 1 145 112 82 8 14 28 139 180 101 63 228 191 162 0 108 147 80 32
178 12 18 186 25 233 80 64 137 4 161 25 142 208 36 157 200 185 204 1 44 43 82 255 145 16 10 59 80 12 15 6
53 38 207 117 158 2 71 248 210 242 98 230 83 225 145 43 29 236 96 46 169 243 239 10 120 175 101 4 237 248 112 32
70 176 134 22 203 87 52 200 150 182 64 9 196 246 75 142 145 126 233 18 6 83 155 48 25 2 77 127 130 116 15 134
5 2 73 233 150 138 111 16 116 0 106 198 147 1 145 112 50 168 14 156 19 176 5 14 228 175 34 0 189 147 65 32
114 8 18 154 89 237 144 74 155 6 160 9 46 210 39 156 200 179 198 1 14 7 82 249 145 144 10 59 16 77 15 134
69 7 95 97 52 10 107 176 108 64 122 196 223 35 152 113 18 4 44 126 177 176 37 92 236 190 34 68 44 130 193 33
32 32 20 137 75 71 48 72 22 180 192 10 196 210 98 196 89 24 234 16 2 83 219 17 29 130 7 63 16 8 45 130
4 172 148 27 153 215 22 168 190 183 64 1 228 246 107 220 145 122 160 16 54 80 27 63 41 22 69 111 146 36 13 70
49 142 207 126 26 2 71 184 86 242 98 236 115 225 169 113 17 238 100 46 169 243 47 63 112 175 101 20 121 248 98 49
16 2 143 93 8 2 33 88 246 32 226 70 81 225 160 66 120 228 106 8 9 241 143 12 84 35 227 0 40 168 96 32
70 160 134 22 137 87 52 168 146 182 0 1 196 242 75 142 145 126 233 18 102 65 155 58 13 22 77 127 130 116 13 198
4 160 148 27 153 199 18 232 54 177 64 1 102 242 107 92 145 122 224 48 54 80 27 63 41 6 69 111 210 36 13 6
33 132 199 126 24 2 71 184 214 178 98 228 115 225 160 113 17 100 96 46 169 243 47 63 96 174 101 16 112 240 64 32
86 132 148 28 155 87 148 168 175 182 130 9 78 126 15 199 129 213 233 35 44 195 219 221 185 242 79 87 146 100 13 6
74 240 48 144 57 221 144 142 174 61 142 25 172 158 78 198 129 87 249 65 6 73 251 245 153 52 30 63 18 20 141 95
117 6 207 125 146 2 79 248 80 234 246 238 115 97 145 49 95 236 116 174 233 243 237 14 248 239 229 148 237 248 114 49
70 102 105 224 236 128 237 17 232 144 16 194 157 139 208 35 43 33 95 153 131 3 142 192 108 25 174 236 12 128 211 160
56 32 4 165 11 95 160 72 46 164 160 11 143 130 66 148 232 140 234 1 12 243 209 128 149 225 11 51 67 12 15 134
121 151 109 109 18 42 71 55 96 66 254 230 211 33 144 115 124 230 108 174 185 186 229 15 246 239 224 192 109 226 242 121
121 130 77 119 20 138 99 22 116 65 246 244 211 1 136 112 121 134 44 188 187 188 101 63 204 239 178 192 173 128 240 33
102 24 16 154 57 221 18 64 141 12 193 9 174 212 39 212 192 57 202 83 14 3 90 249 145 48 10 59 18 47 13 86
65 34 79 69 66 10 105 16 100 160 226 70 217 2 144 114 106 196 106 140 129 208 165 64 84 42 35 0 45 128 97 32
121 143 111 103 22 42 103 51 96 194 126 238 115 33 144 51 58 230 108 174 249 248 229 45 246 239 96 0 109 226 114 120
153 130 93 107 18 138 105 16 118 65 118 212 251 3 152 120 115 174 44 156 131 148 101 119 196 239 178 64 253 128 97 40
3 33 89 232 106 0 185 220 136 16 16 202 157 211 240 34 6 83 23 205 131 0 134 225 228 153 106 168 28 185 1 161
193 10 89 123 22 138 107 18 126 65 102 212 251 1 144 112 50 44 44 28 163 180 37 127 196 239 50 64 236 129 65 32
2 240 16 146 57 221 48 238 171 61 128 9 172 150 74 149 129 19 203 17 70 79 90 117 185 16 31 127 2 4 15 223
34 88 16 158 73 205 146 64 139 140 177 9 110 220 39 148 136 179 194 67 6 43 90 253 145 16 9 59 81 47 15 130
137 2 75 121 48 138 107 16 124 65 102 212 151 3 144 120 18 40 14 28 179 180 101 30 196 253 50 64 236 128 64 32
166 24 82 222 105 205 212 65 141 14 241 9 110 216 37 144 136 179 198 3 76 35 82 239 17 176 64 27 81 58 78 2
178 4 242 192 5 86 84 66 69 135 186 19 10 185 44 82 249 148 173 160 76 167 17 194 51 216 132 7 99 232 236 6
121 135 111 103 52 42 99 50 96 64 126 236 211 33 144 113 122 230 108 108 185 184 229 45 228 171 224 80 109 170 82 48
1 10 73 227 52 138 99 144 124 1 114 212 243 1 176 104 114 136 14 92 163 176 37 14 196 239 50 0 252 138 81 32
182 16 18 184 9 239 80 97 141 12 225 25 14 210 35 157 216 185 132 32 12 131 82 136 145 208 0 59 48 110 12 134
114 252 16 186 9 205 18 206 171 53 128 9 174 150 71 213 129 155 205 65 14 11 218 125 185 16 25 59 16 5 15 78
69 6 79 97 52 138 107 16 116 1 126 228 211 67 176 112 115 4 14 188 171 176 37 95 230 191 162 64 252 130 80 32
182 24 18 190 25 253 80 75 137 4 201 9 46 222 35 148 136 187 196 3 46 11 82 189 177 208 8 59 48 108 14 134
5 70 77 105 52 138 107 16 124 1 122 196 219 67 144 112 51 160 14 188 163 176 37 94 228 255 34 64 236 130 81 32
50 28 16 190 73 221 80 66 139 6 240 9 175 214 35 148 200 185 196 3 44 43 82 184 145 240 10 59 80 108 15 134
14 172 148 27 153 215 18 136 190 181 64 17 236 246 110 157 145 91 233 17 54 80 155 119 41 22 77 111 146 100 143 70
1 71 95 105 52 170 107 16 108 65 126 196 223 3 185 112 22 4 14 124 131 176 37 92 228 253 34 0 220 147 65 33
50 8 80 190 9 237 80 78 143 12 224 9 46 218 37 153 200 179 197 0 14 43 82 185 147 210 80 59 115 13 78 14
53 6 207 126 154 2 71 248 80 202 98 236 115 225 185 51 29 238 100 46 233 243 175 47 232 175 101 144 109 248 82 33
69 7 95 105 180 170 107 48 108 64 126 228 215 3 145 113 18 4 44 124 161 176 37 92 228 255 34 64 92 131 113 32
50 24 16 186 9 237 80 206 139 23 160 9 46 222 39 157 137 179 197 1 14 47 90 253 147 208 16 59 112 77 14 14
78 176 150 20 201 87 52 232 150 182 130 9 196 246 66 134 145 125 235 16 6 67 219 16 29 18 77 127 130 100 15 198
117 162 207 117 142 2 101 184 118 226 194 230 83 225 208 98 25 76 104 44 169 240 239 8 92 171 101 4 237 232 114 33
50 8 144 184 9 237 20 75 139 22 160 9 46 218 39 156 136 179 197 1 14 43 82 249 145 208 26 59 208 76 15 14
242 28 16 190 41 221 146 74 155 62 176 11 174 222 39 148 136 187 198 67 46 47 90 251 145 208 25 59 80 13 15 94
178 240 16 178 41 221 144 238 171 61 160 25 174 214 78 148 137 155 205 17 78 79 90 247 185 208 31 127 66 20 143 95
69 6 127 107 52 170 107 48 108 65 127 196 215 1 152 112 50 4 108 60 161 176 37 127 230 255 32 192 236 131 65 33
50 0 114 80 13 230 208 64 221 142 242 19 74 249 36 205 200 180 133 32 44 167 82 194 19 254 128 15 195 108 124 6
97 135 111 111 52 42 107 50 104 64 127 228 211 33 144 113 90 134 108 108 169 184 229 13 228 251 96 192 76 170 82 32
65 6 79 99 52 138 107 16 108 65 127 228 211 67 184 112 82 4 14 60 163 176 45 30 236 255 34 64 204 130 80 32
178 24 80 190 9 205 80 67 159 6 176 9 46 219 39 149 200 179 134 0 46 47 82 187 147 210 16 59 114 12 12 206
73 71 93 107 52 138 107 48 108 64 123 228 215 3 152 113 18 4 46 124 161 176 45 92 228 255 34 192 92 130 80 32
178 24 16 190 73 237 80 75 155 4 240 25 47 222 34 149 200 179 197 1 62 47 82 187 147 208 24 59 115 13 14 142
65 71 93 107 52 138 107 48 108 64 122 196 223 3 177 113 22 5 46 108 161 176 37 92 228 187 34 0 92 146 65 32
197 67 127 109 36 10 111 48 104 74 118 228 223 3 144 115 150 68 44 110 225 180 161 76 228 251 98 128 76 163 99 33
201 135 127 109 52 10 111 56 124 72 127 228 223 97 152 113 54 4 108 110 241 176 45 29 228 251 96 192 76 162 99 97
5 71 93 105 52 138 107 56 124 73 127 100 223 67 184 112 182 4 46 124 161 176 41 92 228 255 35 132 92 131 97 33
50 24 84 126 9 237 80 78 143 63 176 9 43 223 39 157 201 179 133 0 14 47 82 185 147 218 80 59 115 12 76 206
193 7 45 111 52 10 107 56 120 72 119 100 223 99 152 113 178 4 44 110 225 176 169 92 228 251 98 192 92 162 97 33
186 144 84 190 73 253 80 207 147 55 176 25 47 223 10 157 137 147 197 0 46 47 90 177 147 210 80 63 115 12 142 222
201 70 29 109 36 14 111 48 120 74 118 100 223 35 145 115 150 69 108 110 225 180 161 76 230 251 98 128 72 179 35 33
