165 204 23 62 152 131 6 184 214 10 98 104 115 225 168 113 17 102 32 42 105 218 11 63 40 166 101 16 120 240 66 168
32 34 6 1 73 11 160 72 230 168 226 76 192 192 64 82 105 76 106 0 0 211 207 16 28 2 5 57 72 0 114 130
88 32 132 165 41 11 64 0 45 160 130 201 207 42 2 210 226 197 236 1 12 209 197 140 128 242 3 19 42 36 11 6
104 2 80 224 45 8 80 16 41 44 182 9 207 11 2 84 192 132 237 12 8 96 193 128 198 249 33 49 98 140 78 2
120 34 68 165 45 9 80 16 47 160 162 201 207 35 64 214 130 196 236 0 12 98 193 128 154 242 69 51 42 140 74 6
88 32 134 37 75 10 33 72 54 160 194 136 83 160 0 146 120 204 234 128 8 211 199 0 20 35 1 32 33 32 42 128
112 34 192 37 105 9 192 8 43 160 176 233 195 9 68 150 200 196 236 0 8 98 201 128 148 248 5 58 67 44 66 130
32 34 2 129 76 9 160 64 110 160 226 10 128 128 96 208 104 12 106 0 0 114 193 16 20 0 131 48 65 8 90 128
33 32 6 160 73 70 224 96 172 16 225 11 12 130 42 209 232 141 66 177 20 179 16 212 21 0 138 109 1 0 106 130
113 0 10 137 76 9 1 72 100 96 194 142 211 130 130 82 104 204 106 12 9 211 199 0 148 32 162 24 48 8 16 64
49 48 14 9 72 19 33 72 118 224 230 164 80 134 226 16 120 76 106 128 1 211 175 0 92 3 33 0 65 0 34 240
129 34 75 161 70 137 233 82 44 48 115 223 181 129 16 27 106 8 66 77 1 184 198 65 84 129 114 96 109 8 67 128
0 48 134 29 73 222 160 72 246 228 224 4 64 192 66 2 56 108 234 0 6 243 191 17 21 32 3 9 64 32 39 214
96 0 22 152 93 245 16 72 206 4 193 0 196 210 110 222 208 56 234 49 22 3 210 144 145 48 2 91 16 11 45 6
82 32 18 128 93 100 224 64 140 1 195 2 12 146 96 199 232 157 10 177 10 19 144 192 145 144 138 79 16 8 124 6
36 160 148 154 219 199 18 200 150 181 224 10 228 242 104 132 217 122 226 16 50 83 90 55 157 134 7 127 144 8 45 134
57 34 13 233 10 11 32 88 22 160 192 226 179 131 225 73 120 188 34 152 9 150 71 24 196 129 240 32 57 136 0 168
96 32 4 137 13 75 32 72 206 36 194 15 130 128 66 64 104 132 106 0 8 209 81 16 149 32 139 17 16 8 20 70
32 32 14 1 72 11 161 72 110 160 226 8 144 192 192 80 104 12 106 0 0 211 207 16 20 0 3 56 65 0 99 160
97 130 213 141 14 11 133 168 86 178 162 230 242 96 140 102 89 198 106 42 43 99 207 29 156 34 71 28 25 104 0 36
6 172 148 19 145 253 54 174 190 159 75 17 204 246 79 220 145 91 161 19 54 88 155 119 45 22 95 111 130 85 141 71
181 198 205 95 202 3 71 252 82 242 101 254 113 97 152 59 55 198 96 110 225 103 143 63 104 43 117 132 253 240 226 168
96 32 196 172 79 75 160 72 62 180 240 139 130 224 68 146 57 204 226 17 10 115 219 80 29 0 7 63 65 40 78 130
80 32 6 37 75 74 32 72 36 32 226 138 67 128 0 82 104 196 106 128 0 211 215 64 21 34 2 1 97 0 39 130
81 34 143 133 8 10 104 72 238 128 162 72 214 162 208 82 98 197 110 156 9 195 199 64 156 34 79 24 168 32 35 4
70 252 148 150 203 117 54 200 146 183 0 25 236 246 75 143 145 95 235 19 54 67 154 51 45 22 93 127 128 117 143 198
117 38 207 87 142 34 103 184 114 242 194 246 83 225 217 43 89 230 104 62 185 243 239 42 124 47 229 4 237 249 240 32
80 32 2 128 74 10 32 64 118 32 198 2 86 130 32 82 112 204 106 136 0 209 133 64 212 32 3 0 32 0 35 128
83 160 0 129 19 136 104 66 109 33 168 10 142 2 8 212 32 129 74 141 6 11 149 85 149 0 138 120 32 0 43 4
32 32 2 1 73 13 160 64 102 160 226 10 64 144 96 16 104 12 106 0 0 114 195 16 21 0 3 48 65 8 66 130
32 32 6 1 73 11 32 72 118 160 226 8 2 128 64 80 120 12 106 0 0 211 207 16 21 0 3 57 65 0 98 128
80 32 6 4 74 10 32 72 228 32 194 200 211 128 0 82 104 204 106 0 1 211 199 64 148 34 34 0 104 0 35 160
96 3 77 161 76 137 224 96 168 4 240 203 179 8 16 19 106 161 66 65 72 58 68 69 84 32 162 16 69 8 86 136
3 6 126 72 52 176 90 18 237 4 61 48 11 11 180 116 134 1 21 44 158 160 32 207 98 252 2 131 86 195 64 5
68 1 22 200 29 86 160 72 228 5 194 0 128 144 36 206 224 4 106 16 20 163 147 192 17 48 130 95 144 10 124 6
80 32 18 1 74 10 32 64 116 32 194 2 71 130 0 82 112 204 106 136 0 211 133 64 149 160 3 1 32 0 33 0
176 98 9 169 74 11 33 82 22 176 192 238 179 131 193 9 120 60 98 136 9 214 71 16 212 129 121 32 57 136 0 168
96 32 0 1 72 9 160 64 198 160 226 74 208 128 64 80 104 140 106 0 0 115 195 16 20 0 3 56 81 8 2 128
32 0 6 137 13 11 160 72 134 0 194 66 192 192 32 64 104 12 106 0 0 227 199 16 20 34 138 24 17 8 48 128
20 160 148 185 219 195 160 200 22 176 224 10 196 210 104 192 121 88 226 16 2 83 91 21 157 130 7 127 176 8 45 130
32 32 132 29 72 11 160 72 214 176 192 8 192 192 64 130 89 108 106 0 2 83 203 17 28 0 5 60 80 40 10 128
64 2 159 93 12 2 100 104 244 130 226 66 80 224 160 98 112 100 106 168 41 241 139 13 20 162 231 0 16 120 96 32
32 32 192 164 76 73 224 72 14 164 240 139 130 128 68 2 104 220 66 1 8 115 219 80 29 0 135 57 97 40 86 130
70 165 150 18 145 254 22 172 58 151 11 17 238 226 74 148 145 91 160 18 54 200 154 119 169 54 21 71 194 119 143 6
89 128 199 117 6 10 97 19 118 17 102 82 211 1 144 104 112 140 40 152 27 248 69 0 76 171 242 64 175 128 112 32
181 206 205 126 138 35 71 188 210 194 96 252 115 224 137 51 25 102 64 106 233 102 14 47 96 175 101 56 121 243 194 184
81 32 159 133 10 10 40 64 236 160 194 66 220 130 80 114 96 197 106 140 1 209 133 64 156 34 143 0 40 0 35 4
17 0 6 137 78 3 32 72 102 32 194 2 192 128 32 192 104 140 106 136 8 211 71 16 148 32 131 0 16 8 56 0
86 236 132 22 155 103 54 200 146 183 64 17 196 242 75 206 145 79 233 18 50 81 154 50 169 6 205 111 128 117 135 134
65 224 65 1 82 136 41 4 238 17 66 192 157 130 208 240 34 9 74 220 3 28 198 81 132 136 170 104 44 128 3 40
34 113 16 140 73 65 144 104 142 164 128 41 164 210 97 0 152 49 202 99 64 3 90 88 145 16 11 63 16 42 15 130
117 44 143 23 132 34 103 248 210 242 66 86 83 225 217 43 89 102 96 59 185 243 143 42 104 42 229 4 237 249 240 32
32 34 6 1 74 11 32 72 118 160 226 76 2 192 64 80 120 140 106 0 1 211 207 16 20 0 3 56 73 0 98 128
50 4 82 44 93 75 208 96 9 36 248 11 2 8 4 16 216 149 197 33 12 163 65 142 145 176 0 19 97 10 126 14
80 32 6 4 75 10 32 72 228 36 194 136 194 128 2 210 104 204 106 0 4 211 199 64 148 34 2 1 64 0 43 132
96 34 3 136 8 9 96 64 102 32 194 76 130 130 0 82 96 204 106 136 9 83 195 0 148 32 3 56 8 0 34 0
209 128 201 225 22 2 97 16 116 33 194 82 19 2 208 104 120 140 42 156 25 188 229 194 220 173 178 64 173 128 112 32
114 96 18 140 77 193 144 104 139 160 177 11 142 210 101 132 216 177 206 35 72 39 90 216 145 16 11 59 80 46 7 6
17 40 65 33 66 10 105 80 116 49 98 194 25 2 208 121 104 136 2 156 3 156 197 80 212 136 178 68 41 128 99 160
96 96 2 0 77 141 160 69 168 36 176 9 132 136 36 19 168 161 202 33 64 35 144 64 21 16 10 59 65 8 111 130
96 32 0 1 77 75 32 64 36 164 226 8 198 128 66 208 104 140 106 0 12 243 197 0 148 0 3 49 96 8 31 128
81 0 135 13 8 11 33 72 118 224 194 68 210 224 130 66 113 68 106 12 9 209 239 16 28 34 101 16 8 32 112 112
96 32 132 13 73 75 0 72 22 244 192 13 194 160 66 18 89 196 234 0 12 210 219 16 157 34 5 63 48 8 6 214
165 140 22 30 152 131 6 184 214 2 96 76 99 225 168 81 17 110 32 42 104 250 11 63 40 166 101 16 88 248 66 136
20 140 150 30 155 134 6 172 118 19 64 16 102 226 42 80 145 74 160 2 50 200 27 63 169 166 21 79 208 98 136 10
22 236 132 22 155 115 6 200 22 183 8 19 64 230 107 72 17 94 160 178 62 209 43 62 169 6 77 119 176 119 180 70
28 172 150 30 155 203 22 172 118 23 64 16 102 240 40 212 145 74 160 34 50 200 11 63 169 166 21 79 210 98 133 6
81 32 135 133 10 10 104 64 236 160 194 194 196 130 64 82 96 197 106 140 1 209 133 64 156 32 143 0 40 0 35 4
20 160 20 155 219 195 32 200 22 177 192 10 100 210 104 64 89 90 226 16 2 83 75 53 157 130 5 127 176 8 37 130
64 4 151 93 28 2 164 104 246 130 226 64 82 224 160 99 120 100 106 42 41 241 139 13 53 162 231 0 88 120 112 32
84 133 146 22 147 38 22 173 178 7 171 25 76 226 42 16 145 87 232 98 118 73 26 63 185 38 5 95 128 119 174 2
161 206 204 95 192 139 6 190 82 178 96 92 115 96 129 51 17 106 32 78 225 124 14 63 36 11 117 32 121 240 194 136
96 32 128 165 78 9 160 72 42 180 224 139 130 224 68 18 105 204 66 21 10 115 203 16 28 0 15 61 97 40 86 130
81 32 134 5 10 10 32 64 236 160 194 66 212 162 80 114 97 196 106 140 1 209 133 64 156 34 207 0 8 32 35 4
22 228 132 23 155 39 22 200 22 183 64 17 68 226 107 138 145 79 161 18 54 81 155 50 169 6 93 111 176 117 137 134
96 34 192 133 78 9 224 72 46 164 224 139 130 128 68 18 104 204 66 5 8 115 207 80 28 0 135 57 65 40 86 130
37 110 134 22 140 34 71 184 210 178 66 86 81 224 249 11 89 102 96 62 249 243 143 42 104 38 229 4 205 249 240 128
20 172 154 62 153 158 22 172 118 7 73 16 102 224 42 208 145 74 160 34 118 200 27 63 169 167 85 79 208 114 172 10
165 206 30 62 152 131 6 186 214 26 96 92 115 224 168 113 17 98 32 46 105 222 11 63 104 167 101 16 120 240 194 8
52 160 20 153 219 131 160 200 22 176 192 10 196 210 104 192 121 88 226 16 2 83 91 21 157 130 15 125 176 8 41 130
64 2 158 29 12 2 164 104 246 130 194 66 80 224 32 98 120 100 106 168 40 241 139 13 21 34 231 0 17 104 112 32
96 32 132 133 74 11 160 72 54 180 224 139 194 224 64 2 121 204 98 21 8 115 207 16 28 0 15 61 97 40 86 130
81 32 135 5 8 10 33 72 236 160 194 66 212 226 80 114 97 196 106 140 1 209 135 64 156 34 207 0 1 32 35 4
20 164 128 151 155 99 6 200 22 179 64 17 68 242 73 142 17 78 232 50 50 81 139 50 169 6 77 111 176 117 189 130
100 46 143 23 140 34 134 168 210 178 194 114 112 225 217 11 89 102 104 58 57 241 175 42 40 38 229 4 129 249 240 160
165 206 29 30 152 131 7 184 214 2 96 216 115 224 168 49 17 106 32 42 105 222 42 63 104 134 101 16 112 240 194 168
36 160 4 153 203 3 160 200 22 176 192 10 196 192 96 192 121 152 98 16 2 83 91 17 29 130 143 125 49 8 37 130
212 140 144 30 147 214 22 172 118 19 105 16 102 246 40 212 145 74 160 34 114 201 27 63 169 166 21 87 176 115 165 22
81 0 134 157 12 2 97 104 244 128 194 66 208 224 32 98 120 228 106 136 1 209 135 72 21 34 199 0 17 104 112 32
80 2 18 129 74 8 32 64 102 32 194 66 198 130 32 66 96 204 106 136 0 209 133 80 148 32 130 1 40 0 35 128
32 32 133 29 72 11 160 72 214 184 192 72 196 192 64 2 89 108 106 0 0 211 203 16 28 0 5 60 80 40 2 128
32 0 6 137 12 11 160 72 134 0 194 2 192 192 32 64 104 12 106 0 0 243 199 16 20 34 138 24 17 8 48 128
88 0 134 45 10 2 32 72 118 160 194 0 67 224 32 66 112 204 106 128 8 211 143 0 152 227 65 0 96 32 32 0
118 25 120 192 51 61 218 144 9 49 52 171 13 31 133 38 166 147 157 208 130 0 117 240 106 216 8 218 255 140 77 55
16 0 7 137 78 3 32 72 102 32 194 66 192 130 32 64 104 140 106 136 8 211 71 16 148 32 131 0 17 8 48 0
249 150 93 108 26 35 67 122 118 98 238 252 115 97 168 112 53 196 108 44 185 15 45 31 250 239 33 84 251 162 98 33
33 18 7 153 72 3 161 72 134 40 192 101 196 193 32 66 72 76 106 0 7 211 75 17 4 34 171 56 24 8 48 144
24 0 6 169 13 83 32 72 118 164 198 2 67 192 34 68 120 132 106 8 10 210 111 21 148 163 131 1 51 8 60 68
80 0 134 13 10 2 32 72 118 160 194 192 67 160 32 66 112 204 106 128 8 211 143 0 24 34 65 0 97 32 96 2
81 18 142 28 10 66 33 120 118 232 194 100 82 224 162 86 113 108 104 4 9 209 139 8 24 162 97 4 104 32 32 80
44 160 132 29 201 91 160 200 214 244 68 13 196 224 66 4 25 76 234 16 6 211 251 25 13 3 69 61 82 36 14 196
18 12 82 201 53 176 90 2 109 2 126 18 43 11 53 84 226 128 4 136 44 164 0 238 130 220 16 3 115 193 104 6
36 90 80 250 102 137 146 144 73 2 48 236 191 27 165 24 142 17 7 66 162 36 64 255 130 220 32 186 92 155 1 129
249 6 107 108 18 35 71 123 80 162 238 222 83 33 144 49 120 196 76 174 185 191 101 30 240 239 225 16 121 232 114 40
22 228 128 23 155 99 6 200 22 183 8 146 65 228 73 12 17 94 160 178 58 211 143 58 169 6 141 55 163 119 180 6
189 226 205 101 146 3 75 251 22 224 130 246 83 35 209 104 55 204 60 188 171 207 109 30 248 207 181 244 189 160 48 40
6 249 20 27 201 205 50 132 174 17 0 17 172 214 72 198 129 91 234 83 82 73 219 117 13 16 31 111 16 23 143 151
96 32 0 136 73 73 32 72 70 36 224 10 2 0 0 16 72 140 106 128 8 115 201 16 21 0 131 57 81 8 62 130
81 0 7 129 8 9 161 64 108 0 194 70 214 130 0 64 96 4 106 8 1 209 133 0 148 160 11 16 40 0 33 0
249 191 105 108 58 34 79 250 82 234 188 238 83 37 144 49 63 196 124 236 249 107 237 31 250 239 229 180 127 224 114 121
17 34 91 169 70 41 225 80 44 25 114 198 149 3 144 11 106 8 6 12 3 184 135 65 196 129 114 96 109 137 99 160
242 152 112 192 51 61 218 132 9 160 52 139 9 30 84 36 167 209 149 213 164 40 124 246 43 92 140 186 119 156 73 63
100 16 18 152 93 213 16 72 204 140 233 9 132 210 35 223 200 56 202 48 4 3 210 200 145 48 10 59 16 47 44 6
36 176 20 154 203 213 176 200 158 180 224 11 228 210 106 132 217 27 234 16 6 99 219 49 29 18 15 127 144 12 45 134
17 2 205 177 4 139 97 17 52 1 119 230 179 1 160 104 120 168 46 28 11 180 101 0 196 225 176 128 184 136 80 160
178 197 225 225 215 69 252 6 41 160 184 139 9 31 84 146 46 145 21 157 72 8 21 194 55 92 140 151 167 212 90 10
113 162 133 141 44 11 1 168 238 48 162 236 194 96 196 118 73 196 108 5 11 67 207 17 156 178 67 62 24 40 0 4
50 32 64 141 79 73 160 72 170 164 176 11 2 136 68 146 232 221 202 1 8 99 219 208 29 0 7 59 65 8 94 130
78 172 148 19 153 253 54 142 190 151 67 17 236 246 79 206 145 91 161 17 54 88 154 115 47 22 95 111 130 85 141 70
230 139 121 192 228 0 249 0 233 0 16 251 156 12 148 35 134 1 23 223 208 42 130 192 116 56 170 216 68 128 243 33
69 198 205 95 202 3 175 188 214 179 163 246 81 97 216 43 19 70 106 174 243 101 207 55 108 42 245 188 253 240 210 160
67 34 135 165 40 8 104 72 109 128 178 236 215 194 192 86 234 197 110 136 9 195 199 192 148 176 143 24 8 0 35 4
78 184 150 150 201 245 52 200 154 191 0 17 204 246 75 142 145 95 235 19 54 65 154 240 13 18 95 111 130 117 143 198
117 174 237 119 142 34 71 184 82 242 210 246 83 225 217 43 93 230 108 62 185 242 239 42 108 175 101 148 237 249 240 32
70 185 176 158 25 220 178 8 142 156 9 9 236 252 67 198 128 119 235 81 22 73 250 241 13 48 15 59 2 38 29 70
185 98 201 117 18 11 67 19 118 225 194 254 115 1 208 56 120 236 124 156 169 220 229 14 204 207 177 144 45 136 80 56
114 164 2 128 89 94 64 66 237 4 138 9 6 130 38 212 232 132 74 161 14 135 16 68 145 48 138 95 0 4 62 6
66 216 148 23 105 221 178 170 174 61 15 1 236 252 70 134 129 115 235 67 6 72 219 117 15 54 91 115 82 7 13 95
161 35 77 177 68 137 225 81 36 16 115 204 183 1 144 11 104 8 66 143 65 176 199 1 196 129 114 32 108 136 19 160
39 28 80 250 178 37 90 128 139 3 49 171 207 95 44 148 135 147 149 135 15 32 88 242 130 222 8 178 182 223 9 21
121 142 77 108 26 35 75 250 83 224 172 238 83 97 144 48 63 196 124 172 169 15 237 31 248 239 161 252 255 162 98 33
208 0 18 128 29 84 160 64 236 5 130 2 2 146 100 196 232 140 234 48 30 7 145 192 145 48 138 91 0 8 125 134
71 6 120 64 180 178 90 178 89 7 50 48 75 43 180 113 135 163 29 61 180 32 36 206 2 254 128 194 244 193 65 5
249 134 89 109 26 35 67 58 86 225 230 252 83 33 128 112 119 132 108 44 169 159 109 31 242 239 49 212 251 160 98 33
33 98 141 161 78 9 33 81 4 32 67 230 147 129 193 75 72 136 66 136 73 180 71 0 196 129 242 32 57 136 16 168
36 160 20 153 203 207 48 200 150 176 224 10 68 210 96 128 89 92 234 16 2 83 91 29 29 130 13 127 144 8 45 130
113 6 79 109 22 43 71 115 112 99 238 254 83 33 128 113 121 230 76 172 185 186 69 14 240 239 240 16 233 232 242 32
80 2 143 93 8 2 33 120 118 128 226 66 82 225 160 66 112 100 106 40 9 241 139 12 84 162 231 0 41 104 112 32
81 194 205 225 6 136 97 20 102 17 102 82 147 3 208 106 96 140 42 216 27 184 199 64 204 169 178 64 173 128 240 32
48 32 132 141 79 75 160 72 190 164 160 11 2 128 64 146 120 220 234 1 8 115 219 80 29 0 15 57 65 40 70 130
6 172 148 18 153 244 22 140 190 183 2 17 236 246 79 220 145 91 160 18 54 80 155 127 41 22 95 111 130 117 141 78
70 249 16 18 137 221 178 192 174 53 128 9 172 214 79 196 129 19 234 83 70 9 218 117 45 16 15 127 16 23 15 143
181 78 207 126 138 35 71 184 82 226 98 236 115 225 185 59 29 102 100 46 233 242 15 46 96 175 101 16 233 249 66 24
65 34 143 133 14 10 97 64 108 160 194 66 212 130 144 114 96 196 106 136 1 209 135 64 148 34 143 0 40 32 99 32
6 164 148 23 155 85 22 200 146 183 0 9 228 242 75 142 145 95 232 18 54 67 155 51 41 6 79 111 128 116 15 134
178 52 16 140 89 111 146 104 139 164 184 11 6 210 37 144 152 177 194 35 108 39 82 222 145 16 9 63 81 42 15 134
117 38 207 119 156 10 39 248 82 242 226 102 83 225 145 43 89 102 96 58 185 243 143 42 104 47 101 4 233 248 112 32
5 14 81 170 108 169 248 0 201 0 56 232 189 67 161 16 134 33 6 12 1 34 2 192 132 152 106 8 220 235 65 129
50 4 82 44 85 111 210 100 9 38 250 27 2 8 36 16 216 149 199 33 44 183 80 78 145 52 0 19 65 9 126 6
50 0 82 200 21 42 80 68 125 6 242 19 10 11 37 88 251 129 4 128 44 181 17 202 147 254 16 7 113 209 104 14
49 2 77 109 18 163 67 50 84 97 226 254 83 33 128 112 88 164 110 172 25 190 101 14 208 231 48 16 237 138 112 48
86 161 16 24 25 221 18 136 174 20 128 1 174 210 111 196 144 57 232 81 6 1 218 81 145 48 11 63 16 7 13 6
2 96 16 140 9 237 176 64 142 164 136 11 132 146 97 132 200 57 202 32 0 3 194 208 145 16 11 59 16 10 15 142
17 40 77 49 2 138 105 17 100 17 98 194 177 3 144 120 34 136 6 156 3 144 69 117 196 169 242 64 173 129 195 160
98 0 18 12 73 205 148 97 136 6 184 9 6 216 44 16 216 177 202 33 64 39 146 76 17 52 10 59 81 10 103 2
113 2 77 101 18 11 99 48 116 97 99 222 115 33 144 112 56 166 108 140 153 188 101 31 132 175 48 80 237 138 82 40
225 67 73 169 70 136 97 20 116 0 67 194 147 0 128 112 80 140 14 24 11 176 197 0 132 161 162 64 44 138 114 160
194 136 16 26 89 221 176 8 174 20 131 9 172 214 70 210 128 55 234 81 6 11 218 117 21 48 11 123 16 6 13 6
177 98 73 33 64 130 97 84 116 0 227 194 19 3 128 81 88 140 6 172 9 146 69 4 212 161 162 64 97 130 114 160
2 32 18 136 13 237 144 66 140 5 136 26 134 210 98 70 200 17 202 17 6 1 18 192 145 16 10 59 16 8 45 134
0 32 18 136 73 165 176 74 136 4 184 3 132 152 97 130 200 41 202 1 4 35 146 64 17 16 10 63 80 72 47 130
49 2 77 203 6 170 97 16 116 1 99 210 211 1 144 104 114 164 46 8 9 176 101 14 132 174 240 64 173 137 80 32
226 0 18 152 73 201 16 72 139 0 160 9 12 210 36 147 200 177 202 32 38 7 66 217 17 16 8 59 16 44 15 6
48 160 20 153 75 203 160 200 22 176 224 10 196 208 96 128 121 28 226 16 2 83 75 17 157 128 7 61 16 8 37 130
194 32 22 136 73 141 144 64 140 20 128 25 132 130 32 134 200 161 202 1 2 35 82 64 21 16 10 59 80 8 39 2
80 0 143 205 12 2 33 72 246 128 194 66 208 224 160 66 120 228 106 168 9 211 131 76 20 34 231 0 41 40 112 32
94 172 148 18 145 247 22 172 63 151 11 17 108 226 75 220 145 95 160 50 50 200 27 127 169 86 21 71 146 119 133 6
181 204 205 126 160 35 70 184 210 210 104 236 115 224 137 59 17 102 32 110 225 224 110 47 104 171 101 56 121 243 66 41
32 32 132 141 75 75 160 72 54 180 224 11 134 224 64 2 121 204 226 1 10 83 219 17 29 0 15 61 65 40 23 130
81 32 143 5 12 10 33 64 116 160 194 66 208 160 144 114 121 196 106 136 1 211 135 68 156 34 199 0 41 32 115 4
78 160 132 23 203 71 20 200 150 183 0 9 196 240 75 10 145 94 233 51 54 83 155 58 9 6 77 127 128 116 31 130
117 166 142 21 140 2 39 248 118 242 66 70 83 224 209 43 89 100 104 62 185 211 143 10 104 38 229 68 233 248 112 32
20 172 150 26 153 135 22 168 54 55 64 17 102 226 42 80 145 110 160 48 54 80 27 63 169 166 5 111 208 96 141 6
37 142 206 62 152 3 7 184 86 130 98 76 115 224 168 113 81 102 32 46 105 241 11 63 104 174 101 0 120 240 64 0
52 160 132 153 203 139 32 200 22 180 192 10 68 194 96 128 89 92 226 16 2 83 91 29 157 130 13 125 48 8 45 130
65 2 134 93 12 2 33 104 246 128 226 66 82 224 160 66 120 100 106 40 9 243 143 12 92 34 231 0 41 104 112 0
32 32 132 141 79 75 160 72 54 160 224 11 130 128 64 130 120 204 98 1 8 115 203 16 28 0 15 57 97 40 22 130
81 32 143 133 14 10 33 64 228 128 194 66 208 130 80 114 104 196 106 137 1 211 135 64 156 34 143 0 40 32 35 36
22 164 148 23 155 87 22 200 22 179 64 1 68 242 75 140 145 94 224 48 38 81 155 59 169 6 77 111 128 116 15 134
101 46 143 87 140 2 6 184 82 178 66 102 82 225 153 75 81 102 104 62 185 241 175 42 104 47 229 4 229 248 112 32
4 140 150 30 153 199 22 168 54 27 64 17 230 240 42 84 145 126 160 48 54 64 27 63 41 166 69 79 210 100 141 6
36 142 207 126 152 3 7 184 86 130 98 108 115 225 168 81 17 110 32 46 104 208 47 63 96 166 101 16 112 240 66 32
80 32 6 5 11 75 32 72 100 100 194 2 195 128 2 86 104 204 234 136 4 211 197 0 148 34 2 1 97 0 15 196
97 34 3 9 72 9 161 72 166 224 224 77 130 128 64 16 104 140 74 4 13 67 195 16 20 0 3 56 73 0 34 148
81 0 6 137 77 3 32 72 102 4 194 2 194 130 34 212 104 132 106 128 8 131 195 16 148 32 138 25 16 8 56 4
8 32 6 5 73 155 160 72 246 164 198 8 196 192 98 132 24 108 234 8 0 211 235 16 12 1 5 57 82 8 9 128
112 18 134 12 74 66 32 88 118 168 194 100 66 192 96 82 112 204 106 128 9 211 195 0 20 32 33 0 40 0 34 144
48 2 4 137 14 11 160 72 70 32 194 198 194 128 0 64 104 140 106 8 9 161 199 16 148 32 162 16 57 8 49 128
73 32 6 12 74 10 32 72 102 32 194 0 64 194 0 210 104 204 106 128 0 211 199 0 20 33 34 32 32 0 42 128
32 32 6 1 73 11 160 72 102 160 226 72 64 128 96 208 104 12 106 0 0 243 139 16 20 0 3 1 65 8 115 130
0 0 6 137 76 7 32 72 70 40 194 66 210 128 32 64 72 140 106 128 8 211 79 16 148 32 163 16 24 8 48 32
48 32 22 13 74 143 32 72 214 184 194 64 80 208 32 2 120 108 106 0 0 209 75 16 28 0 5 52 120 8 17 160
72 0 134 12 75 130 32 72 246 128 198 8 64 193 96 82 112 108 106 136 8 211 207 16 85 35 71 9 34 0 34 128
56 0 6 137 11 11 32 72 134 32 194 2 194 128 32 64 104 12 106 8 8 195 199 16 149 161 138 25 48 8 48 128
96 48 7 13 72 5 32 72 166 136 194 104 64 208 64 82 104 220 106 0 0 67 203 16 21 32 3 56 64 0 34 130
24 32 6 1 10 27 160 72 102 32 230 0 209 128 64 98 40 76 106 8 0 209 229 0 84 3 3 0 97 0 50 128
78 160 148 158 201 85 52 232 186 183 0 9 236 246 75 142 145 95 235 17 6 67 154 241 29 18 79 127 130 116 15 198
101 162 205 87 142 11 133 184 82 242 130 238 209 225 209 42 91 228 104 188 169 210 239 40 76 43 229 180 237 248 82 32
206 185 176 158 121 221 178 8 170 220 13 41 172 222 67 198 128 123 235 83 70 73 250 253 29 48 15 59 18 7 15 223
185 98 203 101 22 139 67 19 117 235 215 254 115 1 144 48 56 204 124 156 171 220 101 15 212 239 177 144 111 136 80 120
86 8 244 211 151 172 90 128 9 17 51 131 73 11 21 8 175 211 21 218 30 32 89 224 151 218 4 147 245 219 73 6
114 4 2 128 85 102 64 66 169 13 160 25 6 146 38 144 248 129 202 161 44 135 16 206 145 20 130 95 64 12 126 6
9 11 77 185 70 137 229 81 44 80 115 198 151 129 208 9 106 8 38 78 83 184 199 17 196 225 114 64 104 136 209 160
197 14 93 170 254 168 235 34 200 18 56 222 156 42 53 82 39 163 87 157 49 42 4 246 84 152 42 104 221 201 97 129
100 48 18 136 25 215 144 72 236 12 129 9 134 208 46 212 216 61 202 49 12 7 210 206 145 48 10 123 16 12 45 6
66 56 20 30 57 221 178 8 174 28 133 9 236 212 71 198 129 51 234 67 6 1 219 121 7 48 11 59 82 7 13 87
113 30 109 108 26 34 75 122 65 234 188 238 83 33 144 50 63 196 108 172 185 171 237 31 250 239 161 244 125 162 114 121
185 66 205 121 2 139 97 21 84 49 71 246 179 1 192 105 120 168 38 156 11 212 101 0 196 193 240 0 57 152 0 160
86 108 96 227 135 68 206 192 25 2 144 10 15 58 29 140 41 131 21 195 74 52 28 224 145 152 142 163 37 81 23 166
32 32 20 137 75 77 160 72 22 180 240 10 196 208 64 132 121 152 234 0 2 243 219 17 29 128 7 63 81 8 45 130
121 134 207 101 18 42 103 55 112 99 255 238 83 33 144 51 121 230 76 172 185 184 229 15 244 239 240 16 237 234 210 56
16 34 143 77 8 2 33 72 246 160 226 70 209 227 160 66 120 196 106 136 1 209 131 12 84 34 226 0 40 168 112 32
14 172 148 27 153 215 50 168 190 189 0 17 236 246 75 157 145 123 232 16 54 72 155 63 45 22 85 111 146 117 141 70
193 202 79 251 36 136 97 144 126 17 103 212 187 131 249 104 114 136 46 156 3 180 39 113 196 169 178 64 61 128 97 32
61 134 207 126 154 2 71 248 82 194 230 236 115 225 153 59 29 238 100 46 233 243 175 47 240 239 101 20 233 248 98 49
32 32 0 141 75 73 160 72 38 164 240 11 134 192 64 146 104 204 234 0 8 243 219 16 29 0 15 59 65 8 46 130
198 252 16 146 185 221 22 234 174 61 136 9 172 214 79 148 129 91 202 83 102 79 218 119 185 16 31 127 16 20 15 78
17 34 143 5 12 10 33 64 108 160 226 66 209 130 144 114 104 196 106 136 1 209 133 64 148 34 163 0 41 32 99 32
50 20 18 172 25 239 144 96 153 166 241 11 70 146 37 149 216 177 198 33 44 39 80 222 145 148 8 59 81 42 15 6
5 42 73 57 0 169 105 16 124 16 98 196 185 194 216 121 50 42 14 220 3 144 166 81 196 137 178 104 60 129 67 160
70 160 134 22 201 87 52 232 146 190 132 9 196 246 75 142 145 126 235 18 6 67 155 48 29 50 79 127 130 116 31 198
129 1 89 168 234 41 185 81 136 16 49 200 157 195 225 26 134 33 6 60 17 34 2 192 132 152 106 40 156 202 1 161
50 64 18 140 17 239 208 96 153 6 240 25 70 152 44 145 216 181 198 33 44 167 80 78 145 54 0 27 65 40 46 6
117 182 207 117 158 10 103 248 118 242 198 230 83 225 209 43 57 204 104 44 169 240 239 10 124 175 229 4 237 248 112 48
50 0 82 96 5 70 84 69 117 7 243 19 11 11 36 93 248 141 132 160 108 183 17 192 147 218 208 7 113 152 236 14
113 6 77 101 18 43 67 54 84 33 234 254 211 33 144 112 92 164 108 172 185 190 69 14 228 175 160 208 253 138 82 40
82 169 16 26 25 221 18 200 175 28 128 9 174 210 71 212 129 187 204 83 14 11 218 117 145 48 11 63 16 7 15 6
17 3 77 241 4 130 97 16 118 49 194 70 147 3 217 105 120 140 46 216 11 144 5 240 196 169 178 64 45 129 112 40
1 2 77 97 22 138 107 16 116 1 99 196 211 3 144 120 50 164 44 156 155 148 101 95 196 175 178 64 237 130 80 32
98 40 18 156 73 205 144 64 136 4 177 9 174 212 37 148 136 177 194 3 0 39 82 95 145 20 10 59 80 46 15 134
81 6 205 101 22 10 99 52 116 65 107 222 115 33 144 112 48 132 108 172 185 188 69 15 244 239 32 64 237 130 82 32
21 66 73 249 6 138 97 17 124 0 99 198 147 0 152 121 114 136 6 30 3 176 69 0 196 160 34 64 61 152 209 160
226 40 16 26 89 237 178 72 170 52 129 9 172 214 103 212 129 51 202 67 6 11 218 125 21 16 11 59 16 7 15 14
194 33 18 152 73 237 16 66 140 4 128 25 134 210 46 220 200 177 202 32 6 3 82 208 21 16 10 59 16 76 13 6
49 98 77 113 2 138 97 20 116 1 226 198 147 1 144 89 120 136 6 200 11 144 101 12 196 136 178 0 109 144 114 160
130 32 18 152 9 237 144 64 142 4 128 9 142 208 99 132 200 49 202 1 4 35 210 80 145 16 10 59 80 108 47 134
181 2 201 203 6 138 98 16 116 1 98 214 211 1 144 96 114 140 46 92 3 176 69 34 132 175 34 0 173 137 80 32
98 8 18 152 73 237 144 64 138 6 160 25 12 210 36 152 200 177 194 0 4 3 82 218 145 16 10 59 80 108 15 6
32 32 20 137 75 71 32 72 22 180 192 10 196 210 96 196 89 24 234 16 2 211 219 17 29 130 7 63 16 8 45 130
6 172 148 27 145 255 22 168 190 151 66 17 236 246 77 220 145 123 160 18 54 88 155 63 43 22 85 111 146 101 143 6
226 44 18 158 73 237 16 96 139 4 160 25 46 194 38 147 200 177 202 1 36 3 82 254 145 16 8 59 80 108 14 6
53 142 207 126 154 34 71 184 210 178 96 232 115 225 185 49 21 230 100 46 233 242 46 63 96 175 101 20 121 240 66 33
16 34 143 93 8 2 32 88 246 160 226 64 81 225 160 98 120 228 106 8 9 241 139 12 84 35 231 0 40 168 96 32
6 172 148 27 145 246 22 168 190 151 2 17 204 230 111 220 145 123 161 18 54 88 155 127 43 22 85 79 146 117 141 6
53 142 207 126 186 34 71 184 210 242 96 236 115 225 185 59 21 230 36 46 233 242 14 47 104 175 101 148 233 241 66 33
78 160 132 20 203 71 52 232 18 182 64 9 196 242 66 6 145 76 233 19 6 83 219 24 29 2 77 127 128 100 31 194
4 160 150 27 153 135 18 232 54 181 64 1 102 226 107 92 145 122 224 48 54 80 155 63 41 6 69 111 210 36 13 6
49 134 198 126 24 2 71 184 214 178 98 228 115 225 161 121 81 100 96 46 169 243 15 63 96 174 101 16 120 240 64 0
96 16 6 137 75 75 32 8 230 100 194 6 192 130 2 84 72 12 106 0 12 211 253 16 21 32 3 49 16 8 52 86
16 48 6 21 11 219 48 72 246 228 194 133 66 196 2 6 56 108 234 0 4 209 127 28 31 2 5 51 0 12 20 214
97 48 143 29 74 130 33 72 246 196 194 172 80 196 226 114 84 108 106 4 137 211 255 28 20 34 5 8 56 0 50 244
113 16 15 137 10 9 33 72 6 100 194 174 210 128 162 64 104 140 106 4 9 243 255 16 148 32 131 24 56 8 48 240
137 43 73 187 134 168 97 16 100 80 118 212 151 131 208 105 106 10 38 142 147 176 231 113 196 193 114 128 125 192 99 160
69 2 93 184 254 8 169 0 200 17 48 206 221 107 177 11 14 1 87 189 161 35 4 196 12 154 46 168 221 128 65 161
202 248 48 26 57 221 146 142 174 125 134 9 172 158 71 196 133 83 235 67 6 79 250 247 29 16 27 123 18 5 13 95
121 150 109 101 18 42 75 54 64 105 254 238 115 33 144 49 124 230 124 172 185 186 229 15 246 239 160 208 237 170 82 112
98 84 18 152 121 221 20 73 141 12 225 25 142 212 38 221 216 185 202 35 76 7 82 216 177 48 10 59 16 126 175 23
153 66 201 113 0 139 97 21 118 65 102 246 147 1 145 120 112 170 46 156 139 148 101 2 198 239 176 192 249 152 208 56
113 134 79 103 18 42 99 50 96 67 254 204 243 33 152 112 121 230 108 44 185 184 229 47 236 239 224 64 237 170 82 48
193 2 207 113 4 138 97 16 118 1 98 212 243 67 184 120 114 140 46 156 139 180 37 23 204 239 50 64 237 128 112 32
66 188 16 154 25 221 18 234 190 54 128 9 174 214 71 149 129 51 202 67 102 11 218 125 185 16 15 63 16 5 15 94
50 16 16 156 25 239 144 96 143 172 161 9 238 210 35 156 216 177 202 35 44 35 82 92 145 20 75 59 80 47 15 6
1 35 73 121 2 137 105 17 126 16 103 196 159 195 217 121 50 41 14 140 19 144 39 81 196 137 50 0 60 128 65 32
78 176 148 20 201 87 52 232 182 182 130 9 196 246 66 134 145 93 235 16 6 67 219 16 29 50 77 127 130 100 15 198
5 4 91 169 234 0 169 92 136 16 120 192 157 131 224 3 6 1 6 62 81 48 6 192 108 153 46 108 28 138 129 161
50 80 18 168 73 207 144 65 153 4 240 9 70 216 36 153 216 177 198 33 12 167 82 72 145 50 72 27 81 56 110 6
117 178 207 117 142 11 101 184 118 242 198 238 83 225 208 34 25 76 104 44 169 240 239 8 92 171 101 4 237 232 114 48
50 136 246 224 5 70 84 194 69 54 242 19 10 11 52 80 232 143 165 128 76 187 17 224 147 216 208 3 97 72 236 6
97 6 79 101 20 43 99 50 116 65 238 204 211 33 144 112 91 164 108 44 169 188 101 14 228 239 160 208 237 170 82 56
50 4 18 136 9 231 80 69 141 4 224 27 6 210 38 157 216 185 132 32 28 131 80 192 145 144 0 59 16 8 172 6
82 56 16 154 9 205 18 74 175 60 136 9 174 214 103 212 129 187 204 3 14 11 218 125 145 16 11 59 16 5 15 94
129 75 79 243 36 138 97 16 116 1 98 244 179 1 177 120 88 136 46 216 139 180 69 38 196 191 178 0 44 147 112 32
50 4 18 156 25 237 80 65 137 4 217 25 142 210 34 149 216 185 196 33 44 3 82 200 177 144 8 59 16 110 143 134
149 75 73 97 148 138 107 16 118 1 98 214 209 3 144 112 50 136 46 220 139 148 37 82 196 173 162 64 189 128 192 32
118 4 18 152 153 205 148 69 137 6 248 25 142 208 46 132 216 185 196 33 56 35 82 192 145 176 10 59 209 92 175 134
133 66 89 249 146 138 107 144 124 65 98 196 159 3 185 120 50 9 14 222 227 176 37 90 196 173 50 4 60 144 1 32
34 44 18 158 73 237 84 65 137 6 161 25 46 214 38 157 200 185 206 0 60 3 82 192 145 16 8 59 144 108 142 6
149 66 77 99 6 10 103 144 124 1 114 198 211 1 153 120 122 136 14 94 137 176 101 118 196 142 162 4 124 146 80 32
34 12 18 152 137 233 16 74 141 6 128 25 142 210 34 157 200 177 202 1 44 3 66 208 145 16 74 59 144 76 15 6
21 74 73 99 150 10 103 144 116 0 114 198 211 1 153 96 120 140 46 222 139 176 69 34 196 173 34 0 109 154 112 32
81 134 111 109 20 42 99 51 104 65 127 196 211 33 144 112 114 196 108 44 177 184 101 15 238 239 96 68 237 162 82 48
73 2 73 107 52 138 107 16 126 65 103 212 223 3 177 112 115 12 44 28 163 180 45 127 196 253 178 68 252 131 97 32
114 248 16 154 41 221 18 234 187 60 160 9 174 214 103 148 137 187 206 67 14 11 90 125 145 20 25 59 16 5 15 94
182 24 16 158 105 205 80 65 153 140 177 9 110 214 39 156 152 177 198 1 12 35 82 250 145 144 9 59 80 46 15 70
137 2 75 123 36 139 107 16 126 67 103 212 159 3 176 120 50 8 14 222 163 180 45 122 196 237 50 4 252 129 225 32
5 76 89 163 104 1 233 240 8 16 120 192 157 131 248 35 134 73 22 238 1 16 10 224 228 153 110 232 28 147 1 160
178 28 18 188 9 237 212 73 137 14 249 25 78 222 38 148 200 177 196 33 12 39 82 218 145 240 0 27 81 110 14 22
178 132 210 224 5 102 80 198 213 47 242 19 10 187 108 198 233 215 133 129 44 179 16 194 147 216 144 71 99 200 236 14
97 15 111 111 52 42 107 50 104 64 127 204 211 33 152 113 18 70 108 44 185 184 101 13 228 239 96 64 236 139 82 32
178 188 16 154 73 237 82 206 171 52 160 9 46 214 71 149 129 187 197 65 46 15 90 119 145 144 25 59 16 5 14 94
133 3 219 235 180 138 107 16 124 1 115 212 151 1 177 96 82 8 14 94 195 180 45 35 196 221 34 0 172 155 113 32
182 28 86 184 137 205 80 66 141 134 233 25 14 218 38 154 200 177 132 0 60 7 82 198 145 146 0 27 144 108 236 134
69 70 79 99 52 138 99 16 116 65 255 228 211 65 145 112 91 132 12 188 139 176 109 30 228 253 162 64 237 130 80 32
182 8 18 186 137 205 148 67 153 6 241 25 174 222 38 156 200 179 196 1 60 39 82 242 145 176 10 59 208 92 143 134
5 70 77 107 148 138 107 144 124 64 123 196 219 3 145 112 51 128 14 188 163 176 45 95 228 175 34 68 252 146 65 32
178 8 144 154 73 205 148 67 155 6 176 25 46 254 38 156 200 179 198 1 62 47 82 243 145 16 72 59 209 108 207 6
5 70 95 107 54 10 107 176 108 65 123 196 223 35 177 112 18 0 14 124 129 176 45 94 228 255 34 4 252 146 65 32
233 135 111 111 52 42 99 48 96 64 127 236 211 33 144 115 58 198 108 110 185 184 165 45 238 235 96 192 109 163 82 112
69 70 93 105 54 138 107 150 126 65 126 196 219 65 152 112 51 132 44 60 161 176 37 127 230 239 34 64 252 131 97 33
50 188 16 146 41 221 16 238 187 61 136 9 174 150 78 148 129 155 205 65 78 75 90 245 153 16 25 127 16 4 15 95
54 28 16 190 105 253 82 75 159 36 224 9 46 222 39 148 136 179 198 3 14 11 90 249 145 144 8 59 80 77 14 214
5 14 93 105 52 138 107 144 124 65 126 196 223 67 184 112 51 8 12 60 131 144 37 126 230 255 34 0 252 131 97 33
133 67 89 233 32 3 109 144 126 0 118 196 157 67 185 104 22 9 14 76 131 144 37 66 196 221 34 128 28 144 33 161
54 28 16 190 41 237 80 75 159 12 249 9 46 252 38 148 136 179 196 1 30 43 82 249 145 240 8 59 80 108 15 70
5 11 217 233 52 10 107 144 126 64 118 196 223 65 185 96 18 8 14 92 195 176 37 122 228 157 34 0 92 163 97 32
50 24 82 184 137 237 80 70 141 13 248 25 14 250 38 212 200 179 132 16 12 171 82 128 145 214 16 91 209 76 236 70
50 188 16 186 41 237 16 206 187 63 160 9 46 150 79 148 129 187 197 1 14 15 218 247 145 146 25 59 16 4 15 222
69 71 79 105 52 138 107 48 108 64 127 228 211 65 152 112 18 132 46 254 169 176 45 94 228 191 162 0 92 146 112 32
50 28 16 186 73 205 84 75 155 30 160 9 46 222 35 157 137 179 196 1 30 15 82 241 145 210 88 59 112 76 14 206
178 24 80 190 73 221 80 78 159 31 240 9 46 254 39 148 136 179 197 0 46 47 82 251 147 240 16 59 211 12 14 158
205 135 111 111 52 10 111 48 120 64 126 228 223 33 144 113 18 68 108 110 225 184 165 45 230 251 96 192 108 163 83 33
73 15 127 107 52 138 107 176 108 64 126 196 223 3 176 112 18 4 14 124 161 176 45 124 228 255 35 128 92 131 97 33
178 24 208 190 41 237 80 79 159 14 176 25 46 222 38 148 136 179 197 0 62 47 82 243 147 212 16 59 112 76 78 222
