20 160 148 184 203 203 32 200 86 176 224 10 198 210 104 132 121 88 226 16 2 82 219 21 157 130 5 127 208 8 13 130
121 162 145 172 45 13 64 152 43 184 176 76 143 0 64 210 129 196 108 12 142 98 201 17 145 241 37 60 66 140 66 1
184 50 7 45 9 87 0 74 118 108 194 21 2 144 34 205 216 12 170 4 12 150 195 16 145 225 82 35 82 12 100 214
32 32 2 129 75 73 160 72 38 160 226 10 64 128 64 16 104 140 106 0 0 243 213 16 21 0 3 33 65 8 86 130
80 32 14 128 72 8 33 64 102 32 194 10 18 130 32 82 96 204 106 136 1 211 133 16 20 32 3 8 0 0 35 32
105 50 16 224 45 13 80 16 111 40 178 77 159 27 0 208 132 132 76 12 12 34 208 144 195 217 33 48 74 136 74 3
96 32 3 133 74 11 160 72 174 160 226 74 214 128 64 80 104 140 106 0 8 211 213 16 149 0 3 48 96 8 19 130
96 32 10 137 72 9 97 72 110 32 194 8 210 128 0 86 104 204 106 136 8 83 199 16 149 32 3 56 0 0 50 32
16 34 143 41 66 11 161 64 100 17 227 82 147 128 96 8 104 8 2 144 10 178 69 0 196 129 178 0 121 8 34 128
160 97 18 40 89 71 128 73 160 12 224 11 2 3 32 144 200 128 66 224 72 163 80 76 53 128 138 89 81 10 102 130
16 0 15 161 14 201 97 80 36 49 194 82 211 3 32 75 104 128 42 152 27 185 3 16 212 161 178 64 176 136 112 32
176 2 10 136 72 41 161 66 36 48 226 78 16 128 224 89 104 140 34 0 1 150 130 16 20 33 114 40 25 9 123 144
240 1 0 168 93 73 32 65 76 32 200 10 6 2 32 80 232 140 74 97 14 19 193 0 149 32 138 59 16 10 24 138
129 42 5 129 72 136 225 70 100 17 98 86 145 3 0 203 104 136 74 152 9 62 71 64 148 0 242 64 104 9 33 136
17 32 6 129 65 102 160 64 164 48 226 2 0 130 96 142 104 140 66 188 0 179 16 64 21 0 210 69 1 2 107 130
1 98 10 161 68 9 160 64 108 16 112 70 181 128 80 11 104 8 66 13 2 51 134 64 84 32 114 40 73 8 115 136
96 0 18 168 77 196 32 64 196 4 195 2 0 146 97 203 200 172 34 48 8 151 146 128 17 32 130 9 16 8 52 134
56 34 3 169 8 11 33 80 22 165 192 198 147 131 225 72 88 44 34 216 9 148 69 16 212 129 184 32 56 8 16 168
9 64 15 137 68 136 33 70 228 49 98 70 145 130 224 106 104 44 74 12 3 156 197 16 212 161 50 96 57 8 113 160
20 160 20 184 203 199 32 200 86 176 224 10 230 210 104 128 121 88 226 16 2 82 91 21 157 130 5 127 144 8 45 130
64 2 159 93 8 2 100 120 244 130 226 64 80 225 160 98 112 100 106 40 41 241 139 13 84 162 231 0 9 120 96 32
96 32 192 172 76 73 160 72 42 164 240 139 130 160 68 18 104 204 66 1 0 114 219 80 29 0 7 57 65 40 70 130
128 96 2 33 67 89 160 69 164 52 227 146 133 0 40 142 104 136 74 162 1 55 21 64 21 128 2 69 97 10 175 128
81 32 150 133 10 10 97 64 236 160 226 66 222 130 80 114 98 197 106 140 1 209 133 64 156 34 143 0 40 0 35 4
83 160 0 128 19 136 40 64 40 33 161 8 132 2 64 212 96 129 74 156 22 11 148 85 148 0 138 104 0 0 43 4
137 35 31 9 72 0 33 81 228 25 231 80 144 130 224 104 104 8 106 152 27 147 3 64 212 129 178 0 72 0 160 168
32 66 72 33 68 9 224 66 104 32 242 203 146 0 20 2 40 160 66 37 72 190 68 4 20 32 178 16 105 8 82 130
80 0 2 136 29 100 160 64 228 1 130 2 128 130 96 206 96 4 106 152 26 3 145 192 149 32 154 89 128 9 57 4
48 2 1 161 78 43 161 64 4 160 194 202 145 0 97 74 72 172 10 144 9 178 69 144 212 129 170 48 57 8 16 168
20 160 148 185 219 203 32 200 86 176 224 10 230 210 104 132 89 88 226 16 2 82 75 21 157 130 5 127 208 8 37 130
64 2 159 93 8 2 100 104 244 130 226 64 80 225 160 66 112 100 106 40 41 243 139 13 20 162 103 0 8 120 96 32
176 16 22 9 75 93 48 72 68 44 193 46 130 144 42 130 232 12 202 32 76 167 243 20 149 0 2 63 16 8 39 198
24 16 135 105 0 130 33 80 118 17 71 116 19 147 160 73 112 12 34 24 27 156 17 17 192 225 50 68 58 136 32 176
81 32 159 133 10 10 104 64 236 160 226 66 222 130 80 114 98 197 110 136 1 209 133 64 156 34 143 0 40 0 35 36
32 32 192 172 76 73 160 72 14 160 240 139 130 128 68 2 104 220 66 1 0 114 203 80 29 0 135 57 65 40 70 130
81 32 159 133 10 10 96 64 236 160 226 66 220 130 80 114 98 197 106 136 1 209 133 64 156 34 15 0 32 0 35 36
120 34 152 100 45 12 80 16 43 168 182 77 159 11 64 210 136 197 236 12 12 98 193 0 203 249 33 49 74 136 74 3
20 160 21 153 219 195 32 200 86 176 224 10 102 210 104 192 89 88 226 16 2 210 91 21 157 130 5 125 176 8 36 130
64 0 151 93 8 2 101 104 244 130 226 64 80 241 160 198 112 100 106 40 33 241 139 13 20 162 103 0 88 120 96 32
96 32 200 172 78 9 160 72 46 164 224 139 130 128 68 18 104 204 66 1 0 114 203 80 29 0 7 57 65 40 70 130
81 32 158 133 10 10 32 64 236 160 226 66 214 130 80 114 98 197 106 140 5 209 133 64 156 34 143 0 0 0 43 4
64 32 142 13 8 11 32 72 246 160 198 0 210 224 64 82 113 196 106 8 8 209 203 16 93 35 231 17 96 32 112 2
20 160 20 153 219 135 32 200 22 176 192 10 102 194 104 192 89 88 226 16 2 210 91 21 157 130 5 125 176 8 40 130
64 2 150 93 8 2 100 104 244 130 226 64 82 224 160 98 112 100 106 40 40 241 139 13 84 34 103 0 80 120 112 32
96 32 132 13 75 15 32 72 22 184 192 72 212 240 64 210 89 76 106 0 10 83 203 17 156 2 37 52 48 40 2 128
96 32 192 172 77 73 160 72 46 164 240 139 130 128 68 130 104 220 66 1 0 114 203 80 29 0 7 57 65 40 70 130
32 32 128 164 78 9 160 72 14 160 240 139 130 128 64 2 104 204 66 1 0 114 219 16 29 0 135 56 65 40 86 130
64 2 143 93 8 2 101 120 244 130 226 64 80 225 160 66 112 100 106 40 41 241 139 9 20 162 231 0 1 120 96 32
81 32 151 133 10 10 97 64 236 128 194 2 208 130 80 114 96 197 106 140 1 209 133 64 156 34 143 0 0 0 35 4
120 34 152 229 44 13 80 16 41 168 182 73 223 35 66 210 128 197 236 12 12 96 193 0 195 249 33 17 104 128 74 3
36 160 20 185 203 3 160 200 22 176 224 10 212 210 96 64 121 24 98 16 2 82 75 17 157 130 135 125 17 8 40 130
88 0 142 29 10 2 32 72 246 128 198 0 82 224 160 82 113 108 106 8 8 211 223 24 92 163 71 8 96 32 112 32
89 34 152 164 44 13 64 16 107 172 178 73 223 3 192 146 128 197 108 12 12 96 193 0 202 209 37 48 64 128 75 1
32 48 148 29 74 143 32 72 214 184 192 8 194 240 64 2 89 108 106 16 8 211 203 16 29 0 5 52 80 8 2 130
81 32 142 133 10 10 32 64 236 160 194 66 210 130 80 114 96 197 106 140 1 209 133 64 156 34 143 0 0 0 35 4
96 32 129 164 78 9 160 72 46 164 224 139 130 128 64 2 104 204 66 1 0 114 203 16 28 0 7 57 65 40 86 130
64 0 150 157 12 2 33 104 244 128 194 66 80 224 32 98 120 100 106 136 0 209 131 72 21 34 199 0 16 104 112 32
88 33 3 160 73 65 33 65 228 4 195 3 1 130 98 218 104 140 74 248 0 147 144 64 17 33 130 9 0 3 47 194
9 0 27 56 10 227 33 88 54 73 71 244 151 199 224 72 80 56 42 28 19 146 3 16 192 225 48 72 88 9 33 209
96 32 7 9 72 11 161 72 118 160 224 72 194 192 64 16 121 140 106 0 1 211 203 16 20 2 131 56 64 8 50 128
80 32 6 5 74 74 32 72 164 36 194 10 66 160 0 82 104 204 106 136 8 211 135 0 148 34 3 1 96 32 39 128
33 32 14 1 72 11 33 72 102 160 194 8 192 128 64 82 105 76 106 0 0 211 207 16 28 2 135 16 64 0 114 160
49 160 134 29 8 147 32 200 214 180 68 0 98 224 162 68 81 108 106 8 10 211 239 31 8 134 5 37 80 40 42 132
96 32 150 141 73 131 32 72 182 128 194 10 68 210 96 214 120 108 106 0 0 211 131 88 20 34 131 11 16 40 37 130
80 32 134 12 74 75 32 72 38 160 194 136 66 224 64 82 104 204 106 0 0 211 215 0 20 34 3 40 33 40 38 130
64 50 134 29 24 131 32 72 246 128 194 100 68 224 32 83 81 108 106 32 33 195 139 29 12 162 69 10 88 32 32 146
32 32 22 8 73 15 160 72 246 160 226 0 196 210 96 70 248 76 106 0 4 243 203 64 29 2 3 3 64 0 43 134
72 0 134 28 8 2 32 72 246 128 198 0 66 224 32 82 81 100 106 8 0 211 207 17 88 34 69 8 64 32 48 0
112 32 66 9 75 73 96 72 230 32 226 10 66 130 64 82 104 204 106 128 8 243 143 80 149 0 131 57 97 0 39 130
64 32 7 5 74 74 160 72 164 160 194 11 192 160 0 82 104 204 106 128 0 211 151 64 21 34 3 0 64 32 39 128
96 32 74 129 76 9 224 64 44 32 242 74 198 129 0 80 104 140 110 136 8 243 193 64 20 48 3 40 65 8 67 160
97 32 14 9 74 11 161 72 118 160 224 8 210 192 64 16 121 204 106 8 9 211 207 16 20 2 131 56 97 8 50 160
48 160 133 13 24 15 0 200 86 184 192 64 66 240 64 0 89 108 106 16 10 211 203 29 12 2 5 52 16 40 2 128
112 32 2 9 75 9 32 72 230 160 226 10 66 130 64 82 104 204 106 128 8 243 143 64 156 0 131 25 97 0 99 134
20 5 82 160 198 10 168 64 40 52 185 2 13 2 96 211 106 129 74 250 80 51 16 192 52 128 10 36 97 66 227 128
32 160 150 29 75 219 0 200 214 244 192 8 192 192 98 2 89 108 106 16 6 211 255 29 13 2 5 53 16 40 6 198
80 16 143 29 10 2 33 120 246 132 194 100 82 224 160 82 112 108 106 0 9 211 239 24 28 162 69 8 104 32 112 112
33 32 7 141 78 11 161 72 86 160 242 74 208 128 192 96 120 12 106 8 1 243 207 152 28 34 7 48 81 8 112 164
88 34 28 165 40 27 96 16 44 160 162 137 223 43 2 210 194 197 236 1 12 224 197 0 198 227 35 17 40 160 11 2
0 32 23 137 73 11 160 72 238 32 242 2 196 194 96 198 232 76 106 128 0 243 139 64 21 2 3 2 65 0 39 166
48 32 7 141 78 11 32 72 22 160 242 74 211 192 64 64 120 140 106 8 8 242 207 16 28 130 5 40 113 8 112 128
96 0 134 157 73 11 32 72 182 176 194 11 194 194 96 194 120 204 106 0 12 67 219 16 149 32 131 61 16 8 58 130
72 32 2 12 73 85 1 72 196 204 193 1 192 208 43 200 216 44 234 96 12 3 243 24 85 33 130 11 16 15 60 78
80 32 134 12 75 11 32 72 102 164 194 136 194 224 64 214 104 204 106 0 0 211 199 0 20 33 3 41 0 0 42 128
32 34 71 133 74 11 161 72 62 160 114 66 151 130 192 64 120 140 106 8 0 240 193 64 20 160 35 32 97 8 99 128
48 34 22 129 75 11 160 72 238 4 242 2 192 194 64 64 104 140 106 128 4 243 219 80 149 2 131 9 65 0 103 134
48 32 6 25 75 131 160 72 246 128 226 8 64 194 96 64 120 108 106 0 0 211 143 16 20 130 3 9 97 0 35 128
32 32 7 1 72 11 32 72 102 160 226 76 192 128 64 82 105 76 106 0 1 211 207 16 28 2 7 16 73 8 114 128
16 32 6 29 74 138 160 72 246 128 226 66 80 192 32 192 120 108 106 128 0 243 199 0 20 32 3 0 105 8 42 160
96 32 65 129 76 9 224 64 44 32 242 74 214 0 0 80 104 140 106 136 0 242 193 64 20 160 3 40 65 8 99 128
0 32 22 129 73 11 160 72 238 32 242 2 204 194 96 68 232 140 106 128 0 243 131 80 21 2 3 3 65 0 35 134
48 32 6 9 75 143 160 72 246 144 226 2 192 194 64 66 121 236 106 128 4 227 223 80 157 2 7 15 65 0 43 134
33 32 14 169 76 11 160 72 86 160 242 74 210 208 64 64 121 140 106 0 12 242 207 144 28 0 167 40 49 8 112 128
32 32 22 152 75 131 160 72 246 128 242 10 64 194 96 84 121 236 106 128 0 243 219 80 21 2 3 11 65 8 39 130
96 0 134 141 73 75 32 72 166 160 194 11 194 194 96 194 104 204 106 8 8 67 219 208 149 32 131 57 16 8 58 130
96 32 9 13 74 9 160 72 38 160 242 74 210 160 64 82 104 204 106 136 1 242 195 64 20 160 3 40 105 8 98 128
32 32 6 137 73 75 160 72 110 164 226 8 198 192 64 214 105 204 106 0 0 243 203 80 157 2 7 57 65 8 103 162
184 48 2 169 65 63 96 80 84 40 228 18 2 145 96 205 120 156 130 144 8 243 144 0 145 193 210 39 99 8 46 130
112 0 6 152 77 131 32 72 182 32 210 11 66 194 32 80 120 236 106 128 8 243 195 208 149 34 139 25 17 8 49 130
112 32 134 141 77 11 32 72 166 160 194 11 194 194 64 82 104 196 106 0 8 195 195 208 148 34 131 56 16 8 16 2
33 32 13 137 78 11 160 72 22 160 242 74 211 192 64 64 120 140 106 8 8 242 207 144 92 128 167 40 121 8 112 128
80 0 26 128 74 8 33 64 100 32 226 10 22 130 32 86 104 204 106 128 8 83 133 64 148 32 10 8 33 0 35 0
80 0 6 137 13 11 96 72 46 36 194 11 194 130 0 82 104 196 110 8 8 227 195 208 149 34 139 57 16 8 80 2
32 34 7 13 74 11 160 72 62 160 242 66 199 226 192 84 120 204 106 8 0 241 193 80 20 160 3 32 97 40 99 160
32 32 2 129 76 73 160 64 46 32 242 10 128 128 96 0 104 140 106 0 0 243 213 80 21 0 131 48 65 8 83 130
161 34 143 169 72 3 161 72 6 61 192 210 149 134 235 75 200 8 66 52 2 215 194 16 148 129 122 36 144 9 35 224
185 34 45 61 8 154 65 90 118 117 230 212 83 4 130 125 88 140 106 28 139 252 231 12 196 163 112 16 99 128 114 244
136 98 18 1 65 89 160 68 100 58 247 84 16 130 233 251 104 8 42 184 1 247 162 64 84 129 114 4 73 16 99 160
112 0 4 137 77 9 96 72 62 32 210 11 198 194 32 66 120 204 106 4 12 99 203 208 149 32 139 57 16 8 50 130
16 34 15 161 4 171 97 82 100 17 70 70 179 129 224 72 104 136 42 28 11 176 69 0 196 193 48 0 40 137 80 160
16 146 134 29 8 131 32 248 118 184 194 100 67 224 160 80 17 108 106 32 40 209 11 29 24 98 101 4 120 40 48 144
96 32 6 137 79 11 96 72 190 32 242 11 132 130 32 64 120 204 106 0 0 243 219 208 149 32 139 57 17 8 114 130
40 128 134 29 73 147 33 200 214 144 70 0 224 224 98 208 81 108 234 0 0 211 203 29 8 35 69 45 18 44 56 128
112 32 6 137 9 135 160 72 246 144 226 2 194 194 64 64 248 236 106 128 12 227 219 80 149 2 135 31 65 0 35 134
48 32 11 129 72 9 160 72 38 160 242 74 210 128 64 18 104 204 106 8 8 243 195 64 148 32 3 40 97 8 67 128
112 32 6 141 73 75 32 72 62 160 226 10 192 210 32 70 248 204 106 0 4 211 203 208 149 32 131 59 16 8 126 134
80 0 6 129 11 11 33 64 110 32 194 2 194 130 34 208 104 140 106 0 0 209 197 16 148 32 3 49 0 8 57 0
32 32 5 137 78 11 161 72 22 160 242 74 211 192 64 64 121 140 106 8 8 242 207 144 28 128 131 40 121 8 112 160
48 32 6 137 9 11 160 72 230 4 242 3 194 194 64 192 104 140 106 128 12 227 203 80 149 0 131 25 81 8 47 134
48 32 3 129 72 9 160 64 44 32 242 10 194 128 0 16 104 140 106 8 8 243 209 64 148 32 3 56 97 8 67 128
96 32 6 137 73 11 32 72 174 32 226 11 134 194 32 194 232 204 106 0 12 211 219 208 149 32 131 59 17 8 122 134
80 32 7 1 10 11 160 72 118 164 194 68 194 128 192 64 120 76 106 12 1 241 239 0 20 2 35 0 105 0 115 192
48 32 6 137 76 11 160 72 22 160 242 74 195 128 96 64 120 140 106 8 8 243 195 144 20 128 131 40 113 8 112 128
16 32 22 137 73 11 160 72 254 32 242 2 206 130 96 212 120 132 106 128 0 243 195 80 149 2 139 3 65 0 33 134
88 34 28 165 32 31 88 16 108 8 182 9 223 3 0 82 130 197 108 12 12 224 193 0 194 243 34 17 40 128 11 3
32 32 6 153 77 11 32 72 134 32 242 11 68 194 32 66 104 204 106 128 8 211 195 208 21 32 139 43 16 8 52 130
64 32 6 13 73 67 32 72 38 228 194 8 196 194 66 86 104 204 234 128 4 83 203 16 20 32 3 57 16 8 38 192
113 0 142 28 74 2 33 72 118 192 198 136 80 228 34 114 81 124 106 12 8 211 239 24 92 35 101 8 64 32 50 96
96 32 66 137 73 73 224 72 236 32 242 10 2 194 68 208 104 140 106 128 8 243 195 192 21 0 131 57 81 8 98 134
0 176 151 29 75 203 48 200 214 248 194 73 64 244 96 2 25 124 234 16 2 209 219 28 29 2 5 54 16 36 4 210
97 32 10 9 72 75 161 72 38 160 226 8 210 128 64 16 104 140 106 128 0 83 195 16 21 0 11 57 65 8 34 160
104 34 152 36 41 12 80 16 43 168 178 77 159 27 64 146 128 196 236 12 12 98 193 0 203 249 33 49 74 136 74 3
16 32 6 9 73 11 160 72 230 160 226 0 66 130 96 82 104 68 106 128 0 243 147 64 156 2 131 3 65 0 41 134
80 32 7 5 75 75 32 72 164 32 194 66 208 128 0 210 104 204 106 136 0 211 215 64 149 32 130 0 33 0 39 128
32 0 6 157 73 143 32 72 22 32 194 10 196 194 32 194 216 236 106 128 0 211 211 144 21 32 131 41 16 8 40 130
96 32 6 137 72 11 160 72 38 32 194 10 196 128 32 64 104 12 106 0 1 19 195 16 20 32 11 56 16 8 33 128
112 32 2 137 77 9 32 72 174 32 194 11 194 130 96 210 104 196 106 0 8 211 195 208 149 32 131 25 0 8 124 130
49 0 134 61 8 2 32 104 118 160 194 0 66 224 34 82 113 108 106 32 13 211 203 28 24 34 69 0 96 32 112 16
16 32 22 137 73 11 160 72 228 32 242 0 192 146 96 208 232 4 106 128 4 243 131 64 148 2 131 3 65 8 33 134
0 160 134 29 8 83 0 200 22 176 192 4 64 224 98 0 25 76 106 0 2 195 251 17 28 2 5 61 16 8 38 132
80 2 6 137 76 11 32 72 246 36 194 6 195 128 34 64 120 140 106 136 8 147 71 16 148 34 131 1 48 8 48 128
105 34 0 168 45 13 64 24 111 168 176 77 135 11 80 148 200 132 76 12 140 98 194 144 147 216 1 56 66 140 74 5
17 32 14 9 72 11 161 72 118 160 194 8 194 128 0 64 120 12 106 0 0 211 159 16 20 2 3 32 64 8 51 160
121 34 24 160 40 29 80 16 107 168 178 77 223 3 192 146 128 197 108 12 12 96 193 0 202 249 37 48 66 128 74 1
96 32 6 13 72 11 32 72 54 32 194 8 64 192 32 80 120 204 106 128 0 211 207 0 20 34 130 8 0 8 34 128
117 164 135 21 140 2 36 248 118 178 194 78 82 224 209 11 89 100 104 56 41 211 207 8 28 34 229 68 233 120 112 0
64 2 135 93 8 2 32 104 118 128 226 64 82 224 160 66 112 100 106 40 8 243 139 12 84 34 231 0 32 40 112 32
36 160 22 153 203 143 32 200 22 176 192 10 68 194 96 0 89 12 98 16 2 83 91 29 29 130 13 125 16 8 41 130
70 160 132 21 203 7 52 232 146 182 128 9 228 224 75 10 17 94 233 19 2 67 219 24 29 34 77 127 128 116 31 130
53 36 206 54 136 34 6 184 82 178 66 76 115 224 177 43 25 102 96 62 185 243 143 46 104 175 101 20 237 249 80 0
36 176 20 153 203 207 48 200 150 180 224 10 228 208 96 132 217 88 234 16 2 99 219 25 29 130 5 127 208 8 13 134
81 32 143 133 78 10 96 64 108 160 194 66 212 130 16 114 96 196 106 136 1 211 133 64 148 34 139 0 40 32 99 0
81 2 143 93 8 2 33 120 118 128 226 102 81 227 160 82 112 100 106 168 41 209 175 12 84 163 231 0 41 232 96 32
48 32 0 141 79 73 160 72 46 164 224 11 2 128 64 146 104 204 98 1 8 115 203 80 157 0 15 57 65 8 70 130
48 32 128 141 79 75 160 72 46 164 176 11 6 128 64 146 104 220 234 0 8 115 219 80 29 0 7 59 65 40 79 130
80 0 135 77 8 10 33 104 118 128 226 66 80 224 160 66 120 68 106 40 9 243 131 12 20 34 231 0 40 40 112 0
165 142 199 94 152 3 71 184 210 146 96 104 115 225 137 51 17 102 96 42 97 208 142 63 40 170 101 16 120 240 66 32
9 18 31 41 40 99 33 88 20 89 70 244 151 135 224 105 92 8 42 28 11 146 103 16 192 225 114 76 58 137 32 241
4 172 148 26 147 219 22 172 118 183 64 24 102 244 40 212 145 127 160 48 50 72 11 63 169 38 21 127 208 101 135 6
32 160 22 153 75 203 32 200 22 180 224 10 196 210 96 128 89 28 226 16 2 83 75 17 29 128 13 125 16 8 37 162
65 32 31 133 10 8 97 64 108 160 226 66 212 130 80 114 96 196 106 136 1 209 133 64 148 32 139 0 40 0 35 32
184 80 2 40 73 117 16 72 20 108 197 25 6 148 42 221 216 12 138 32 12 19 210 16 145 241 64 63 26 28 46 214
53 12 207 126 136 34 71 184 82 226 98 236 115 225 153 59 17 102 96 42 233 242 143 46 96 175 101 16 233 241 66 0
6 172 148 18 153 247 22 168 54 183 0 17 236 230 79 220 145 95 160 48 50 64 27 63 41 22 77 111 144 117 135 70
65 34 143 133 10 10 97 64 100 160 226 66 212 130 144 114 96 196 106 136 1 209 135 64 156 34 167 0 41 32 99 32
48 32 0 141 79 73 160 72 46 164 176 10 2 128 64 146 104 204 74 1 8 115 209 80 21 0 3 57 65 8 70 130
80 2 143 77 8 2 32 72 118 128 226 66 208 225 160 66 112 68 106 8 1 211 131 4 20 34 231 0 40 40 96 32
25 16 27 105 0 99 33 89 100 25 70 116 19 131 232 73 104 12 42 24 27 145 35 16 196 225 50 68 58 136 160 161
24 16 18 1 11 125 49 68 100 60 227 23 130 144 106 205 104 28 234 34 12 179 113 0 149 193 82 7 114 28 140 214
32 32 20 137 75 79 32 72 22 176 224 10 198 208 96 128 121 28 226 16 2 83 91 17 29 128 15 61 80 8 45 130
48 2 9 161 78 41 161 66 4 32 202 206 147 1 0 75 104 172 74 136 9 178 69 0 212 129 162 48 57 9 16 160
80 0 18 128 13 84 160 64 228 13 130 2 128 128 96 198 232 4 106 152 6 3 209 192 145 32 138 75 0 9 61 6
153 18 11 105 64 136 97 85 116 25 103 84 19 131 232 105 104 10 42 24 27 148 55 1 196 225 178 64 42 128 224 160
152 49 2 0 65 95 160 65 164 60 231 18 0 146 34 143 104 156 202 178 68 179 49 0 149 128 2 7 64 24 175 150
153 66 15 49 64 136 97 84 100 89 102 86 147 131 224 107 104 10 106 156 11 188 39 0 68 161 114 0 56 128 224 168
104 49 34 12 105 253 16 72 198 76 70 37 198 208 43 204 208 60 234 96 12 3 210 16 5 113 2 15 18 15 45 214
20 4 82 128 197 70 238 96 40 38 178 2 12 2 8 147 104 129 2 160 24 163 17 200 53 128 138 1 193 98 111 128
33 98 11 33 68 41 161 66 100 17 106 206 179 1 16 11 40 8 66 13 1 184 133 0 212 161 114 0 104 8 83 160
65 2 11 137 72 137 161 70 100 88 242 78 145 130 194 75 104 136 10 152 1 50 229 96 20 128 242 8 104 8 34 168
8 80 18 136 73 127 176 64 196 44 206 32 134 144 34 198 200 4 202 32 4 179 34 16 17 49 2 63 16 26 45 134
117 38 207 87 136 10 7 184 82 242 98 236 115 225 145 43 25 102 96 62 185 243 175 42 40 175 101 4 233 248 80 32
33 74 11 161 68 41 161 66 100 80 98 102 147 128 192 72 104 136 2 140 11 186 198 0 212 161 242 32 233 8 115 128
145 18 15 57 2 139 97 80 116 113 70 118 19 1 128 73 120 136 14 24 27 208 69 0 196 225 242 64 233 137 160 176
32 48 18 8 73 71 160 73 4 4 224 7 4 19 40 132 216 0 194 162 64 167 81 12 21 0 10 31 81 10 110 130
153 18 15 241 0 139 97 17 116 17 71 118 83 1 160 73 120 140 42 152 11 248 103 16 212 161 114 64 185 136 240 32
232 17 2 168 89 79 32 72 132 44 225 15 4 130 42 211 232 140 202 96 0 19 144 16 149 33 2 39 16 14 63 130
112 32 2 128 89 70 0 64 160 4 136 9 6 130 34 208 232 141 74 177 30 131 16 68 145 0 138 111 0 5 46 6
249 18 195 125 16 2 65 91 118 105 230 244 83 129 160 120 80 140 36 12 153 223 165 19 210 239 48 64 107 128 98 48
6 164 148 23 155 87 22 200 182 183 0 1 228 242 75 142 145 95 233 18 50 65 155 59 41 6 79 111 130 116 15 198
65 32 23 133 10 8 97 64 108 160 226 66 220 130 16 114 98 197 106 136 1 209 133 64 148 32 139 0 40 0 35 32
16 33 2 129 73 70 160 64 164 60 234 2 0 146 98 134 104 132 74 168 8 179 16 64 21 0 138 69 0 0 107 130
53 14 207 126 136 34 71 184 82 226 98 236 115 225 185 59 29 102 96 46 233 242 143 46 96 174 101 16 233 240 66 33
6 172 148 26 153 243 22 168 182 183 0 17 236 246 73 220 145 95 224 16 54 80 155 63 41 22 85 111 144 117 143 70
25 34 10 161 68 41 33 86 36 16 114 70 147 129 224 9 104 8 2 12 3 176 131 0 212 129 50 96 105 8 114 128
36 64 18 140 77 197 32 72 196 140 200 8 132 208 35 222 200 40 202 48 4 3 210 8 17 48 2 59 16 40 62 130
48 32 64 141 79 73 160 72 46 164 176 11 2 128 64 146 104 220 74 1 8 115 209 80 21 0 3 49 65 8 70 130
72 240 16 24 105 221 16 72 142 60 4 9 236 214 107 132 144 49 234 96 70 1 90 17 21 16 9 63 80 14 15 79
80 2 143 205 12 2 33 72 118 128 226 66 208 226 160 66 112 196 106 136 1 209 131 68 84 162 231 0 40 40 97 32
32 32 20 137 75 79 160 72 150 180 224 10 68 208 96 128 121 156 234 16 2 115 91 17 29 128 15 61 81 8 45 130
153 18 75 113 2 139 97 16 116 89 230 246 19 129 224 121 112 140 34 156 27 154 229 16 212 225 114 64 57 136 96 176
86 160 132 21 203 71 20 232 18 182 64 9 68 242 66 6 17 76 233 0 4 83 203 16 29 34 77 127 160 100 63 198
101 164 142 53 152 2 5 184 214 242 66 196 83 225 145 43 17 100 104 60 185 241 143 8 104 43 101 4 232 248 80 0
17 34 15 133 8 10 33 64 236 160 226 66 208 130 192 114 104 196 106 136 1 209 133 64 148 32 163 0 9 0 99 32
117 174 207 126 154 2 71 184 210 242 98 232 115 225 153 59 21 230 96 42 169 242 143 47 104 175 101 148 233 240 66 33
6 164 148 27 153 215 22 168 62 183 0 1 76 246 77 156 145 91 160 16 54 80 155 63 41 22 77 111 210 116 15 70
48 32 2 137 77 73 160 72 44 32 242 10 138 130 4 208 104 140 110 128 8 243 193 192 149 0 139 59 65 8 110 134
80 32 2 137 77 9 32 72 174 32 242 11 70 130 32 82 104 204 110 0 8 243 193 208 149 32 139 27 0 8 53 134
104 34 24 96 41 13 80 16 43 168 182 77 159 27 0 146 132 196 204 12 12 98 192 0 195 249 33 49 74 136 74 3
33 2 143 93 8 2 33 88 246 160 226 100 83 225 160 82 112 100 106 8 9 241 139 12 84 162 103 0 8 168 96 32
0 0 18 25 9 221 176 8 142 44 69 1 228 212 38 198 128 49 234 0 6 1 211 17 5 48 9 59 82 14 13 70
32 32 150 29 89 139 32 72 182 176 194 8 228 240 64 210 209 124 106 16 6 211 203 25 29 34 69 59 16 32 43 134
48 32 2 137 73 11 160 72 108 32 242 10 130 130 64 80 104 140 106 128 8 243 195 192 149 0 131 57 65 8 102 130
49 3 11 161 4 137 97 16 20 33 66 198 179 1 192 105 120 136 42 152 27 144 69 0 196 129 240 0 41 137 80 160
96 112 2 136 89 86 0 69 232 12 136 9 134 146 34 208 216 141 138 49 12 131 80 128 177 48 138 127 16 24 191 6
16 32 22 141 9 11 160 64 228 32 242 2 196 130 32 68 232 140 106 128 4 243 131 64 149 34 131 11 0 8 33 134
17 34 11 33 6 41 97 80 100 81 66 70 19 1 144 8 104 8 66 12 11 176 133 1 212 161 98 64 105 136 83 160
117 166 207 117 158 10 71 248 86 242 226 230 83 225 145 43 29 108 104 44 169 243 239 12 120 43 101 4 237 248 114 32
105 34 16 40 45 13 64 24 107 184 176 73 143 9 80 148 200 132 76 12 140 98 200 144 151 216 37 188 82 140 74 5
32 65 2 128 89 70 32 68 168 4 160 9 4 146 42 144 232 129 202 241 12 131 16 68 17 16 138 95 0 20 46 134
73 34 16 160 33 29 88 16 105 168 178 104 159 19 192 144 134 133 108 12 12 96 193 0 194 249 33 48 66 128 74 1
6 160 150 22 137 215 52 200 182 182 64 1 196 246 75 142 145 127 232 16 38 81 155 59 9 22 77 111 130 116 15 198
17 34 15 133 12 10 233 64 236 160 226 66 212 130 144 114 104 196 106 136 1 209 133 64 148 32 170 0 41 0 99 32
53 38 207 126 154 2 71 248 82 226 98 236 115 225 153 59 29 238 100 46 169 243 175 47 104 239 101 20 233 248 98 49
50 160 20 25 75 223 176 200 22 180 192 11 228 210 98 196 217 24 234 16 6 227 219 17 157 18 5 127 82 12 45 134
48 9 80 193 199 72 226 192 105 4 176 3 10 8 36 192 232 145 6 194 8 51 17 224 17 136 2 19 113 9 109 2
14 188 150 19 153 215 22 168 190 183 64 1 204 246 79 156 145 123 224 16 54 80 155 63 41 22 69 111 146 116 15 70
96 32 0 137 79 73 160 72 38 164 240 138 134 128 64 128 104 140 234 128 8 115 195 80 21 0 3 57 65 8 46 130
17 34 135 93 8 2 33 88 246 160 226 68 81 227 160 82 120 228 106 8 9 241 143 12 84 162 227 0 41 168 96 32
81 2 207 109 26 2 101 120 118 162 226 230 83 227 128 114 112 204 106 172 169 241 239 12 84 163 231 0 105 160 96 160
96 32 0 136 79 77 160 72 46 164 240 11 134 208 64 134 105 220 234 0 8 115 219 80 157 0 15 59 65 8 46 130
32 32 20 152 75 79 48 72 22 180 224 10 196 210 98 196 121 24 234 16 6 115 219 17 29 130 5 63 80 8 45 130
241 2 111 121 2 10 97 16 116 101 226 244 83 1 144 121 124 140 36 140 153 248 229 21 212 171 240 64 105 128 80 112
145 2 79 147 6 137 97 16 228 17 70 214 147 1 160 74 104 136 42 92 11 144 39 32 196 137 178 0 40 136 112 160
74 240 16 24 105 221 48 72 174 180 5 9 236 214 106 132 129 49 234 2 70 67 186 85 21 17 9 63 18 38 15 86
17 34 143 133 8 10 97 80 236 160 226 70 209 162 144 114 104 196 106 136 1 209 133 64 212 34 163 0 40 160 99 160
157 19 31 105 160 3 97 82 116 89 102 244 19 131 232 105 124 8 38 28 155 146 103 1 194 225 114 68 58 136 160 241
184 17 18 168 77 95 52 64 116 124 244 59 6 148 34 205 248 28 130 96 12 51 16 0 145 209 66 47 66 124 46 214
32 80 18 140 73 69 144 72 204 140 192 8 134 144 35 212 200 16 202 32 4 3 82 8 17 48 2 59 16 40 47 134
96 128 89 161 78 32 169 194 168 48 120 66 153 2 80 2 106 1 2 137 1 50 128 208 20 137 234 44 57 66 99 128
153 178 27 241 0 0 97 210 100 89 102 118 145 131 224 107 104 8 42 152 3 152 39 80 196 193 242 64 58 136 224 161
8 16 6 128 65 87 164 96 164 28 238 3 2 150 42 135 232 24 202 162 12 179 49 0 145 193 194 15 64 12 47 214
17 34 143 41 4 138 97 80 100 89 102 102 147 129 232 40 104 136 6 140 11 176 101 1 196 193 50 64 105 128 96 160
9 2 11 145 68 8 97 84 100 89 102 70 177 131 232 105 104 10 34 156 67 48 167 96 84 129 114 40 56 136 97 168
56 1 6 161 69 68 237 98 32 60 190 2 8 2 98 135 232 128 66 168 0 51 17 192 21 128 202 5 65 8 111 130
25 34 11 3 64 137 33 84 100 89 102 102 147 128 232 105 104 10 34 156 139 144 167 32 196 193 114 64 104 136 112 248
104 16 18 140 105 85 178 72 196 76 198 41 134 144 34 198 216 144 202 32 4 35 18 0 177 49 2 59 80 10 45 214
25 42 141 179 4 136 225 80 100 81 100 70 147 131 193 75 104 42 2 156 11 184 199 96 196 193 226 32 57 136 113 160
153 42 13 49 2 137 97 82 100 81 102 246 147 1 193 105 104 136 38 156 11 216 103 0 196 193 242 64 233 136 96 176
40 16 18 8 73 95 176 73 132 12 229 5 132 146 42 134 200 4 202 32 4 51 80 2 21 4 2 31 80 8 47 214
96 0 2 136 89 102 128 64 140 140 224 8 132 146 35 212 200 128 202 32 12 163 18 0 145 16 138 27 64 40 46 130
40 16 2 160 73 79 160 64 132 36 228 11 4 130 42 214 232 140 202 32 4 147 16 0 21 16 2 39 17 12 63 130
121 50 235 109 18 18 67 88 119 105 230 244 83 129 160 112 84 140 76 12 187 191 229 15 210 239 48 208 107 128 98 49
25 2 9 225 68 136 97 80 116 16 102 102 147 130 224 105 120 136 34 152 11 146 231 16 212 193 242 96 57 128 112 160
112 0 22 160 71 70 232 64 105 36 176 10 12 8 52 146 232 133 2 129 16 51 17 192 21 0 130 5 101 8 105 130
0 32 6 137 77 11 160 72 254 32 226 11 196 192 32 70 248 204 106 0 4 243 211 208 21 34 131 35 16 8 49 134
16 32 6 137 73 11 160 72 164 0 242 3 202 130 32 80 104 132 106 128 12 227 211 192 148 2 139 27 1 8 41 134
113 32 6 9 73 13 32 72 166 172 194 8 64 208 96 82 104 196 234 128 12 211 203 0 148 34 131 40 32 8 34 130
104 32 134 29 72 11 32 88 246 160 198 9 64 224 98 82 81 108 106 12 1 211 139 16 28 34 101 40 32 32 50 144
80 32 142 29 74 75 32 72 182 240 194 12 64 224 98 80 121 108 106 0 0 211 143 16 28 2 5 39 32 40 2 128
25 50 139 161 228 105 161 84 116 125 87 102 147 129 235 105 120 8 6 28 139 208 164 128 212 193 242 36 168 91 53 241
48 34 7 137 76 11 160 72 54 160 242 74 195 128 96 64 120 140 106 12 8 243 207 144 20 2 131 32 113 8 80 128
53 142 207 126 154 3 71 184 210 146 98 236 115 225 153 59 17 102 100 42 233 194 46 63 40 175 101 16 248 240 66 32
70 172 148 30 145 223 22 168 62 183 64 16 110 244 111 20 145 95 160 48 54 192 155 63 41 54 85 111 210 100 135 14
48 32 6 137 77 15 160 72 46 32 242 11 192 130 32 84 104 140 106 128 8 243 211 208 149 32 139 59 17 8 48 130
96 32 22 152 75 203 160 72 246 160 226 2 196 194 96 68 248 236 106 128 4 243 195 64 149 0 3 11 80 8 39 134
89 34 28 165 40 12 88 16 44 40 178 73 223 3 2 210 130 197 108 12 12 64 193 0 194 241 99 17 8 128 75 1
121 2 77 105 26 2 67 89 86 105 226 244 83 1 128 120 84 132 108 60 137 191 101 30 210 239 48 84 249 128 96 49
32 32 6 137 77 15 160 72 166 32 210 2 192 146 32 210 104 204 106 128 12 211 195 208 149 34 139 59 16 8 56 130
96 32 10 136 77 13 32 72 174 32 226 11 70 130 32 82 104 204 106 0 12 115 193 192 149 32 131 59 0 8 122 2
67 64 89 193 198 0 236 5 200 2 176 66 157 10 84 80 42 129 2 136 4 0 68 192 4 136 174 16 125 16 193 0
16 32 6 141 75 3 32 72 54 32 194 162 192 194 160 68 122 76 106 0 0 211 199 212 20 34 139 11 48 8 33 134
32 32 150 29 89 139 32 72 182 176 194 9 224 226 64 86 209 108 106 16 2 211 203 25 29 34 69 63 64 32 2 130
40 32 7 9 72 27 160 72 102 160 194 68 194 128 0 66 104 76 106 8 0 210 233 16 84 33 163 48 104 8 58 128
0 32 134 29 25 131 32 104 182 176 194 1 228 224 96 66 209 100 106 0 38 195 139 29 12 34 69 27 64 32 32 2
40 16 18 128 73 70 176 64 132 204 164 9 132 210 34 196 216 48 202 32 4 131 18 64 17 16 2 31 82 44 47 214
117 6 207 126 154 2 71 248 82 194 98 236 115 225 153 59 21 238 100 46 169 243 175 47 232 175 101 144 233 240 82 49
6 180 148 27 153 215 18 136 190 181 64 1 236 246 75 157 145 95 232 49 38 80 155 127 41 22 69 111 146 100 15 6
121 2 109 121 18 138 67 16 84 97 231 246 83 1 144 120 88 172 108 156 169 190 101 30 214 239 176 208 249 136 114 48
105 34 80 104 45 13 80 24 107 172 176 105 143 9 144 144 136 132 76 12 12 98 200 144 131 217 33 50 66 140 74 7
66 48 16 28 89 221 144 9 142 12 133 9 172 212 39 132 128 49 202 1 6 1 218 89 21 16 11 59 16 38 15 86
24 48 4 169 11 95 176 72 86 180 194 3 203 80 70 196 249 220 234 0 14 193 219 157 157 227 7 23 82 12 45 6
81 2 207 109 72 2 97 120 116 200 226 230 83 227 160 114 120 196 106 140 137 243 231 8 84 171 231 0 105 160 112 32
96 80 18 136 105 95 20 76 136 12 192 9 134 148 42 212 216 41 202 113 4 3 82 8 177 48 10 63 16 28 175 198
189 18 179 152 229 214 117 80 85 206 213 119 130 215 234 237 220 56 166 38 141 215 162 130 131 213 242 15 18 252 60 247
117 162 207 117 142 10 37 248 118 242 194 238 83 225 208 98 25 76 104 44 169 243 239 8 92 171 101 4 237 232 114 176
14 188 150 27 153 215 178 232 190 181 130 17 204 246 79 159 145 119 233 49 54 193 155 255 43 86 79 127 146 116 141 198
249 18 111 108 50 150 75 57 117 75 246 252 83 101 186 112 23 228 124 44 185 191 37 31 210 239 49 208 239 130 226 113
185 18 107 123 176 131 81 92 119 105 230 244 83 149 170 120 84 156 30 28 187 149 101 30 210 239 48 196 186 128 224 113
157 50 107 177 160 91 97 80 116 93 215 246 147 197 235 105 124 152 46 60 139 209 37 128 194 193 98 196 170 136 116 241
142 57 48 95 41 221 17 72 191 204 69 41 236 222 71 173 148 59 251 67 70 64 250 249 199 81 9 171 18 39 15 215
117 6 207 125 146 2 79 248 82 234 246 238 83 97 145 49 95 236 116 46 233 243 237 14 248 239 101 148 237 248 114 49
114 32 2 133 73 77 160 72 174 164 178 11 198 150 66 150 232 220 234 0 12 99 219 80 149 32 11 59 65 12 15 134
157 146 203 243 128 19 97 216 118 106 70 246 19 135 232 105 125 136 38 156 139 208 103 144 198 201 242 68 58 136 96 241
172 17 18 168 109 95 177 64 148 220 117 31 6 244 42 221 216 56 130 32 36 243 50 128 145 209 66 47 82 44 47 215
65 34 15 5 74 10 97 80 102 224 226 102 209 130 208 114 104 204 106 140 129 243 229 64 212 33 163 0 40 128 35 160
70 160 150 21 201 87 48 232 182 188 194 9 196 246 66 134 145 125 235 16 6 211 219 16 29 50 77 63 130 100 15 198
17 66 73 57 70 136 101 84 100 81 102 70 147 129 192 105 104 136 2 204 11 176 198 80 196 225 98 0 121 144 225 160
25 146 11 113 0 8 97 208 116 89 102 102 19 131 232 105 120 8 38 156 139 184 167 1 212 201 114 36 56 128 97 241
153 50 139 115 0 138 97 80 116 89 102 244 51 129 248 121 112 138 46 28 139 240 37 33 198 233 112 0 232 128 112 249
104 20 18 140 121 95 176 72 196 76 204 9 134 148 42 198 216 28 202 32 4 35 16 8 145 113 2 47 18 46 45 214
153 50 139 51 0 137 97 80 116 88 102 246 179 131 232 105 120 138 38 156 139 240 103 32 196 193 242 0 120 136 112 248
185 26 75 123 2 139 97 80 116 105 102 246 19 1 192 120 120 136 46 28 139 152 101 32 198 233 48 64 235 136 96 113
120 80 18 160 69 78 176 72 72 44 186 2 4 154 42 198 248 132 138 161 12 179 17 202 149 37 130 7 65 10 124 130
8 16 18 8 73 223 178 64 140 108 228 1 132 150 42 134 216 48 202 32 4 19 112 24 49 81 10 63 82 12 47 214
121 54 111 108 50 18 67 82 116 105 246 252 83 1 144 113 92 196 76 60 185 191 101 15 242 239 48 208 237 128 98 113
25 26 75 113 2 139 97 80 116 89 102 230 19 129 224 104 120 136 6 156 139 144 101 16 196 233 178 0 57 136 112 176
40 80 18 136 73 71 176 76 172 12 160 9 132 150 34 148 216 144 202 97 12 131 16 68 17 16 10 31 80 20 47 210
104 16 18 140 105 95 144 72 140 140 192 9 134 214 35 196 216 177 202 33 4 3 82 12 149 49 10 27 80 44 47 215
145 35 77 121 132 138 97 16 102 81 102 118 147 3 192 104 104 138 14 152 139 176 103 16 196 193 242 0 121 128 96 160
1 35 25 225 206 32 233 80 234 16 80 70 157 131 224 35 106 11 2 136 1 144 198 208 196 193 234 40 61 64 33 160
104 16 18 140 73 95 144 72 136 44 224 9 134 148 34 212 216 20 202 32 4 3 16 8 145 48 10 63 80 12 47 199
10 56 16 27 73 221 48 72 174 188 5 9 172 214 98 132 128 57 235 2 70 65 218 85 5 16 11 59 18 38 15 215
153 2 75 113 132 136 97 17 116 25 102 118 211 1 224 121 112 136 46 156 139 144 103 1 196 233 242 64 57 136 208 32
249 194 107 125 16 138 97 16 116 105 230 244 83 1 144 120 120 140 44 156 137 188 229 19 212 239 176 64 105 128 82 112
14 172 148 19 153 215 18 136 190 189 0 17 204 246 79 157 145 95 233 17 54 80 155 127 41 22 77 111 146 116 143 198
116 12 18 130 69 100 226 192 105 36 184 11 8 10 37 192 233 129 2 131 8 55 25 194 145 128 130 3 65 74 108 2
53 38 207 126 138 2 71 248 82 226 114 236 115 225 153 59 25 238 100 46 233 243 175 47 232 175 101 144 237 248 82 33
121 54 79 101 22 139 67 114 84 225 230 254 115 1 144 48 60 196 124 60 169 223 101 14 250 239 177 144 109 136 114 49
65 66 217 161 78 8 237 21 232 16 112 70 157 130 224 82 106 129 2 136 67 16 6 208 100 129 174 40 60 144 195 160
32 32 6 137 73 11 160 72 46 32 242 11 194 128 96 68 232 140 106 128 8 243 195 208 21 0 139 59 81 8 103 134
117 166 207 117 156 11 101 248 118 242 226 238 83 225 144 115 57 196 108 44 169 241 239 12 124 171 229 132 237 232 114 32
70 160 148 30 201 85 180 232 186 182 64 9 236 246 74 134 145 95 235 17 6 67 219 113 29 50 79 63 130 100 15 134
173 18 18 152 173 215 21 88 21 206 213 55 194 212 170 237 220 56 166 34 108 246 114 130 195 245 82 15 90 44 44 215
209 2 73 113 22 138 97 16 118 65 102 214 211 1 144 120 112 140 46 156 11 176 101 18 196 173 178 64 109 128 112 32
1 66 65 121 6 138 105 20 118 1 98 196 155 3 144 120 50 136 46 140 131 144 101 83 196 237 178 0 125 144 65 32
48 32 70 137 74 11 128 72 166 32 240 170 195 194 160 84 106 140 110 128 8 227 199 208 148 34 171 155 53 8 33 132
64 32 6 137 73 11 32 72 166 32 226 11 64 128 96 82 232 204 106 0 0 243 195 80 21 32 131 11 0 8 59 130
80 32 22 137 79 9 160 64 100 32 242 10 196 130 32 208 104 140 106 128 4 243 195 192 148 32 139 11 33 8 33 130
121 6 237 101 18 10 99 48 112 65 238 230 211 33 144 112 121 228 108 172 185 188 101 15 236 239 176 64 237 170 82 32
157 50 170 113 32 151 49 80 118 79 247 245 147 215 235 108 124 56 134 156 141 245 36 130 194 205 178 132 234 220 44 245
66 60 16 26 9 253 146 74 186 54 129 9 172 214 99 149 129 179 202 3 6 11 218 125 145 20 27 59 16 6 15 78
49 66 73 35 22 170 99 144 116 65 235 230 211 0 145 112 120 140 44 158 139 180 109 94 228 239 162 4 109 146 112 32
114 0 18 158 9 205 144 64 138 172 160 9 238 210 38 157 216 177 206 1 8 3 82 120 145 18 74 59 80 46 15 70
50 0 18 152 73 205 144 72 136 4 160 9 6 212 38 153 200 177 206 1 12 35 82 77 145 50 74 27 80 44 47 6
161 11 75 33 6 138 99 144 116 64 98 198 211 1 144 120 120 142 46 94 75 180 101 34 196 170 162 0 109 137 80 32
50 1 18 152 73 239 144 64 156 4 160 9 6 210 38 217 216 161 202 32 12 3 82 192 145 18 90 59 16 76 15 6
2 44 18 154 9 253 144 66 137 8 152 9 174 210 36 132 200 185 202 1 12 35 82 96 145 16 10 59 80 76 47 6
143 24 176 95 57 221 27 80 31 78 85 189 238 221 55 252 150 59 191 7 166 132 122 251 71 127 9 155 86 175 13 87
253 22 107 104 50 158 75 16 55 107 255 244 83 93 186 112 87 180 63 60 185 151 37 30 242 239 176 212 255 130 112 113
173 18 179 216 37 213 23 80 93 206 213 119 206 215 238 236 220 56 134 6 173 182 114 130 195 221 35 139 26 238 60 245
174 16 178 216 45 215 23 80 29 206 85 55 206 213 238 236 220 56 135 6 140 182 114 130 195 245 18 139 26 174 44 215
157 18 171 225 164 215 99 80 119 79 215 247 91 133 170 104 125 184 142 156 139 181 45 218 210 207 178 132 170 140 116 113
153 18 235 121 32 18 99 80 119 105 246 244 83 135 234 120 117 156 14 156 171 149 37 18 214 239 50 196 186 136 96 113
174 16 50 152 105 223 176 64 157 206 117 55 206 212 42 237 220 57 162 32 36 246 114 128 195 113 66 43 82 44 45 215
174 16 22 152 233 215 149 65 152 220 245 25 204 214 42 191 220 184 130 32 36 99 114 136 85 113 66 47 82 44 175 215
238 17 50 152 105 223 48 64 140 204 229 25 204 214 42 199 220 57 202 32 36 131 114 136 151 113 66 63 18 44 47 215
46 17 50 28 105 221 176 72 140 204 204 9 204 214 34 198 216 57 202 32 4 35 114 8 149 81 2 59 82 46 47 215
121 22 109 109 18 170 75 50 113 105 254 254 83 37 144 112 125 164 124 60 169 190 101 15 242 239 160 208 239 130 114 113
153 19 205 113 132 139 97 80 118 89 102 246 147 3 192 105 120 170 14 156 139 208 101 80 198 201 242 0 57 136 112 176
104 17 18 136 233 102 144 72 136 140 177 11 198 146 34 148 216 145 202 34 12 163 80 202 17 53 10 31 82 108 111 214
153 19 107 121 130 138 97 17 118 73 230 246 83 1 144 120 120 136 46 156 139 180 101 83 214 239 178 0 235 128 224 48
78 56 48 26 121 221 178 104 174 156 133 9 172 214 67 132 128 51 203 3 6 75 218 125 7 17 11 59 18 39 15 215
241 194 107 117 16 138 99 20 116 73 246 246 83 5 144 112 120 172 108 156 171 180 101 15 246 239 176 192 237 128 82 112
153 66 73 113 6 138 97 21 116 72 102 246 147 129 240 121 112 136 6 156 203 144 229 0 196 233 118 64 57 152 240 176
54 92 18 130 197 102 196 65 105 46 187 3 78 58 39 208 233 151 134 131 8 51 25 200 177 150 130 7 193 122 108 2
170 84 18 24 105 221 146 68 140 14 200 25 206 214 42 148 216 49 202 96 4 7 82 74 145 16 10 59 80 61 47 198
25 2 73 121 0 138 97 148 116 80 102 230 147 1 144 121 120 136 14 220 139 176 101 80 196 225 242 0 121 144 112 160
9 194 89 163 70 8 233 212 108 16 116 70 157 131 240 97 106 8 2 204 1 48 174 224 196 193 234 40 56 146 65 168
232 80 18 152 105 221 18 76 136 140 128 25 142 212 42 212 216 177 202 97 100 7 82 218 177 48 10 59 16 60 15 198
17 10 205 113 6 139 97 144 116 64 102 230 147 1 129 120 112 136 14 94 139 144 101 32 198 201 176 0 41 137 112 56
117 10 109 99 18 138 67 16 116 97 239 230 83 1 144 112 120 132 108 188 169 180 101 14 246 239 176 208 233 138 82 48
113 6 79 103 20 138 99 50 100 65 111 196 211 33 144 112 121 196 108 172 169 188 101 15 228 239 160 64 237 138 80 48
129 66 73 115 4 138 99 16 118 64 103 212 147 3 144 120 82 140 46 222 131 176 109 114 196 175 54 64 125 129 208 32
178 16 150 156 41 237 144 67 137 13 168 25 142 210 38 150 200 177 198 1 12 39 82 192 145 16 10 59 208 108 143 6
1 66 201 123 20 138 107 148 118 64 98 196 219 3 145 112 50 8 14 222 163 176 45 122 196 175 178 0 124 147 65 40
178 9 20 152 137 205 144 64 139 14 224 25 174 214 38 156 200 177 198 1 14 7 90 121 145 48 74 59 80 44 15 70
178 28 22 154 9 237 16 66 141 4 224 25 46 242 38 152 200 179 198 1 44 11 82 224 145 16 72 59 16 76 14 70
142 58 240 95 49 221 27 82 31 78 84 45 172 222 55 228 151 59 191 7 134 140 122 251 71 95 24 187 22 141 13 223
45 122 178 251 37 215 147 80 223 206 213 167 158 223 230 236 222 56 151 6 141 182 126 162 195 221 167 139 30 190 60 247
175 90 186 223 101 221 23 81 29 206 85 55 174 220 230 236 222 56 151 6 132 190 122 162 199 253 7 139 18 174 172 247
174 24 50 158 233 221 181 83 31 206 117 63 174 220 39 172 222 59 183 2 165 46 114 242 199 85 67 171 82 44 13 215
174 17 22 158 233 221 180 65 157 204 245 25 238 214 34 157 220 185 131 0 52 35 114 204 23 113 74 59 82 44 175 215
238 25 52 154 121 221 144 64 142 76 197 9 236 246 35 151 204 51 195 3 38 3 122 249 151 81 11 59 18 46 15 215
153 82 235 113 176 138 99 148 119 73 246 246 83 3 176 120 120 136 14 220 155 180 101 58 214 207 182 128 63 145 240 113
110 57 48 30 105 253 146 74 142 92 141 9 172 214 39 148 132 51 203 3 6 11 250 253 23 81 11 59 18 102 15 215
121 82 107 105 16 138 99 21 117 73 254 246 83 5 144 112 125 132 110 156 171 180 101 63 246 239 176 192 237 131 240 113
153 82 105 121 18 138 99 148 119 73 246 246 211 1 144 120 112 140 14 220 171 180 101 122 206 239 178 192 125 152 96 112
46 25 18 156 233 253 150 65 137 141 188 11 206 246 34 148 200 177 202 1 12 163 82 200 17 52 10 59 210 111 175 215
74 252 48 26 105 221 178 234 174 254 140 9 172 214 67 148 133 59 219 67 6 79 250 253 23 81 27 59 18 5 15 223
121 150 111 103 22 42 99 178 101 73 254 238 83 37 144 112 125 228 92 44 169 186 101 47 246 239 160 208 237 171 82 113
153 66 73 121 6 138 101 144 119 72 118 246 147 129 240 104 114 136 14 222 131 176 109 50 198 239 182 0 61 144 224 112
46 60 18 26 105 253 146 64 142 206 233 9 238 214 34 156 204 177 203 3 6 3 82 121 149 22 10 59 82 111 15 215
153 74 233 107 20 138 99 144 118 73 246 246 211 1 145 120 120 136 14 220 139 180 101 47 198 239 178 128 109 145 80 120
54 17 210 128 197 70 212 67 201 140 186 3 10 184 36 208 248 151 134 129 24 187 16 200 17 188 131 7 193 104 236 6
50 28 18 156 105 237 16 64 153 142 240 11 206 246 39 221 200 177 198 32 12 3 82 200 145 50 74 59 16 108 47 215
157 74 73 123 134 138 103 144 118 64 118 246 147 3 144 120 114 136 46 222 139 176 109 34 198 239 54 0 41 153 192 48
74 124 16 158 105 221 146 106 158 30 129 9 174 214 35 149 128 187 203 3 102 15 90 123 145 16 8 59 16 108 15 87
125 22 111 99 18 138 99 16 116 65 111 230 83 1 144 112 121 132 108 60 171 180 101 62 246 239 160 192 237 155 82 112
69 15 79 109 20 42 99 176 108 65 126 196 211 97 152 112 114 196 108 60 161 176 109 46 236 239 32 64 237 163 82 48
5 70 73 105 52 138 111 144 126 64 126 196 219 67 153 112 114 12 14 126 227 176 37 94 228 255 163 0 124 147 65 32
5 70 111 105 52 138 107 176 124 65 122 196 219 67 152 112 50 4 12 252 163 176 45 94 228 175 162 0 124 147 81 32
50 28 16 154 9 237 144 66 139 6 160 9 174 246 38 148 136 179 198 1 14 11 90 241 145 16 26 59 80 76 15 78
50 28 18 152 9 237 144 70 137 6 160 9 46 242 38 146 201 179 198 1 44 43 82 224 145 22 26 27 208 76 47 6
174 25 48 158 233 253 148 67 159 76 117 57 44 254 39 157 206 187 179 3 54 46 122 251 87 113 74 59 83 109 47 215
170 185 52 158 105 253 178 202 159 92 212 29 172 222 39 149 143 59 211 67 38 10 122 241 87 81 90 187 18 77 15 223
89 94 111 105 52 138 99 178 101 73 126 230 83 37 144 112 119 132 94 188 171 184 37 63 254 239 160 192 239 131 240 113
174 25 22 158 249 221 150 64 139 204 189 25 174 254 39 151 204 241 206 1 60 43 82 248 177 81 9 59 210 126 15 215
74 188 48 154 105 253 158 238 170 127 140 9 172 158 71 148 133 51 219 65 6 75 250 245 191 87 27 187 18 21 15 95
141 26 237 105 182 139 111 144 126 74 118 246 251 3 177 96 115 138 14 220 227 180 37 126 230 239 38 128 63 146 97 113
125 86 111 105 22 138 99 178 100 72 254 230 211 65 145 112 114 132 76 188 169 176 101 127 238 239 34 192 237 147 80 113
46 56 144 30 105 221 22 75 139 78 232 9 174 246 39 148 140 179 207 3 6 11 122 249 177 22 10 59 210 124 15 215
93 70 105 105 148 138 107 144 116 75 126 230 219 65 145 112 115 132 14 190 139 180 37 126 230 239 38 128 236 146 64 112
13 70 77 105 54 138 107 152 124 64 126 196 211 65 145 112 114 132 12 126 161 176 109 94 230 239 167 4 124 154 80 48
50 24 144 186 201 237 80 66 155 5 176 25 46 254 38 152 200 187 198 1 30 43 82 241 145 16 24 59 208 76 14 94
50 24 144 158 9 253 144 78 155 23 176 25 174 254 38 156 137 179 198 1 14 43 82 241 145 16 88 59 208 76 15 78
170 25 20 158 121 221 144 79 159 92 244 25 46 254 39 151 206 243 199 1 38 111 114 251 179 81 88 59 210 76 15 223
89 87 109 107 54 138 107 184 109 72 127 230 251 3 153 112 118 164 62 252 169 176 45 126 230 239 38 128 191 210 96 121
170 188 48 154 121 221 20 206 187 127 172 25 172 254 78 148 141 147 219 1 38 75 250 247 179 85 26 59 82 68 15 223
186 25 148 158 121 221 144 75 155 92 244 25 46 254 38 149 204 179 198 1 62 47 82 251 179 80 24 59 83 12 15 223
