2 140 2 158 21 195 170 230 22 0 90 2 96 250 48 64 89 106 19 129 34 152 10 255 33 38 138 3 20 10 52 138
104 48 56 96 32 76 81 16 105 8 52 8 159 23 0 48 132 20 93 8 136 96 176 0 195 249 32 16 64 128 66 35
3 143 3 158 20 131 170 230 86 0 88 70 32 234 180 228 89 106 18 141 167 184 12 255 32 46 138 128 28 10 56 140
2 143 2 158 20 131 170 230 22 5 88 163 32 232 50 192 89 107 131 129 38 184 8 255 32 38 138 9 20 14 60 138
104 48 56 96 33 77 81 16 105 136 52 8 159 23 0 48 132 20 93 8 136 96 176 0 195 217 32 16 66 128 66 35
3 143 3 222 20 131 174 242 86 0 88 66 112 224 180 228 88 106 2 206 163 184 12 255 32 46 130 128 28 138 48 172
104 48 56 96 33 93 81 16 105 136 52 8 159 23 0 48 132 20 221 8 136 96 176 0 195 249 32 16 66 128 66 35
104 48 56 96 33 77 81 16 105 136 52 8 159 23 0 48 132 20 93 8 136 96 176 0 195 217 32 16 66 128 66 35
3 142 3 158 20 131 170 226 86 0 90 66 96 234 176 196 89 106 19 137 163 152 14 255 32 38 138 128 28 14 48 140
2 14 6 159 28 131 174 96 148 22 210 227 96 234 48 193 120 98 170 167 100 229 15 253 32 34 203 129 20 44 56 4
33 207 64 14 212 129 206 231 68 0 8 194 113 96 180 4 73 98 2 207 218 40 12 61 40 44 133 64 117 154 240 140
0 143 2 158 20 131 130 226 22 4 88 162 96 232 48 64 89 58 130 1 2 170 10 191 32 38 130 9 21 10 52 136
3 143 2 158 20 147 170 230 86 1 88 70 96 232 180 228 89 106 18 205 167 184 12 255 32 46 138 136 28 14 120 140
2 143 2 158 23 131 186 230 22 4 90 163 96 234 50 192 121 107 131 129 38 152 10 255 32 38 138 3 20 14 60 138
104 48 56 96 32 76 81 16 105 136 52 8 159 23 0 48 132 20 93 8 136 96 176 0 195 249 32 16 64 128 70 51
3 143 67 158 20 131 174 242 84 0 90 70 112 224 180 228 88 106 2 207 131 186 12 255 32 46 130 128 29 138 112 172
40 48 56 96 33 77 81 16 97 136 52 8 31 23 0 48 132 17 85 8 136 96 48 0 195 217 32 16 66 128 66 35
104 48 56 96 33 12 81 16 97 136 52 8 31 23 0 48 132 20 93 8 136 96 176 0 195 249 32 16 66 128 66 35
3 142 3 155 20 131 170 236 86 1 88 66 96 232 184 228 121 106 19 141 163 186 79 255 40 38 155 136 28 14 48 140
104 48 56 96 32 76 81 16 41 8 52 8 159 23 0 50 132 85 93 8 128 96 176 0 195 249 32 0 66 128 70 51
105 48 49 96 33 93 81 16 105 136 52 8 30 23 0 52 132 148 213 8 137 96 176 192 195 249 0 18 66 128 66 51
2 141 2 158 21 195 186 230 22 4 88 163 96 234 48 64 89 122 131 129 34 186 10 255 32 38 138 131 21 14 60 138
3 143 2 158 20 147 170 230 86 0 90 198 96 234 182 196 121 106 2 141 166 184 14 255 32 46 138 128 28 14 120 140
2 141 2 158 23 131 186 230 22 4 90 163 96 234 50 192 121 107 131 129 38 186 14 255 32 38 138 131 21 14 60 142
104 48 56 96 33 77 81 16 105 168 52 8 159 23 64 48 132 149 93 8 136 96 240 0 195 217 33 48 66 128 66 35
3 143 2 158 20 147 174 238 86 0 90 198 96 224 188 228 89 106 18 205 167 184 14 255 32 38 138 128 29 14 120 140
104 48 56 96 33 77 81 16 105 136 52 8 159 23 0 48 132 20 221 8 136 96 176 0 195 217 32 16 66 128 70 51
130 143 6 158 22 195 186 230 150 4 218 163 96 234 50 193 89 123 139 129 38 153 10 255 32 38 138 3 20 12 60 138
104 48 56 96 97 29 81 16 105 168 180 8 30 31 64 52 132 148 93 8 136 96 240 192 199 249 33 50 66 128 66 35
3 134 2 155 92 147 170 236 22 1 89 210 96 234 184 196 89 74 147 161 38 186 79 255 44 38 159 232 29 14 184 140
130 141 14 158 22 195 190 230 150 4 90 131 96 234 56 65 89 123 19 193 34 187 10 255 32 38 138 3 21 10 52 138
131 143 2 158 20 147 170 230 214 1 88 198 96 232 54 228 121 106 2 205 166 186 28 255 40 46 138 8 29 12 120 140
130 141 14 158 22 195 190 230 150 4 90 163 96 234 50 65 121 107 131 195 38 154 14 255 40 38 158 67 21 10 188 142
104 48 120 96 32 77 81 16 105 168 52 40 159 23 64 50 132 212 93 8 136 96 240 0 195 249 33 176 66 128 66 35
3 142 6 159 29 145 170 236 86 1 216 215 96 234 62 196 89 106 170 133 38 171 79 255 40 38 155 73 28 14 184 140
104 48 121 96 33 77 81 16 105 168 52 40 159 23 0 52 134 149 221 8 136 96 240 128 195 217 33 178 98 128 70 51
130 15 14 158 28 130 174 98 148 6 210 163 96 234 176 65 121 98 43 227 100 217 15 255 48 38 235 129 21 40 56 136
105 48 113 64 101 29 113 16 105 72 52 104 30 31 132 180 134 148 84 8 137 96 240 192 199 217 32 146 66 128 66 39
51 132 4 155 29 151 138 232 22 49 208 23 224 200 58 197 217 10 139 165 46 99 95 255 172 22 139 117 21 12 184 132
