38 130 0 153 221 145 130 200 22 49 80 147 96 200 122 192 89 10 162 149 54 50 79 151 28 6 143 109 21 12 184 132
104 48 56 96 33 77 81 16 105 136 52 8 159 23 0 48 132 21 93 8 136 96 176 0 195 249 32 16 66 128 66 35
130 143 6 158 21 131 166 226 148 6 90 163 96 234 32 193 89 107 131 195 38 184 14 255 32 38 138 3 20 12 60 142
3 143 3 158 20 131 170 230 86 0 90 70 96 226 176 196 89 106 18 141 167 152 14 255 32 38 138 128 28 14 48 140
104 48 56 96 32 77 81 16 105 136 52 8 159 23 0 48 132 21 221 8 136 96 176 0 195 249 32 16 64 128 66 35
2 143 2 158 23 131 178 230 22 5 88 163 32 232 34 192 89 107 131 129 38 184 10 255 32 38 138 11 20 14 60 138
104 48 56 96 33 77 81 16 105 136 52 8 159 23 0 48 132 20 93 8 136 96 176 0 195 249 32 16 66 128 66 35
3 143 2 158 20 147 170 230 86 1 88 70 32 224 180 228 89 106 2 141 167 184 12 255 32 46 138 128 29 10 120 140
2 141 2 158 23 195 178 230 22 4 90 163 96 234 34 192 89 107 131 129 38 152 10 255 32 38 138 3 20 14 60 138
2 141 3 158 20 131 171 230 22 0 90 2 112 234 48 64 89 106 19 129 2 152 10 255 32 38 138 128 20 10 48 136
104 48 56 96 32 77 81 16 105 136 52 8 159 23 0 48 132 21 221 8 136 96 176 0 195 249 32 16 64 128 66 35
104 48 56 96 33 77 81 16 105 136 52 8 159 23 0 48 132 20 93 8 136 96 176 0 195 249 32 16 66 128 66 35
130 143 6 158 21 195 162 226 150 4 88 163 96 232 48 192 73 106 130 195 38 184 10 255 32 38 138 3 20 12 60 138
72 48 120 96 32 76 81 16 41 136 52 40 159 23 128 112 134 21 221 0 8 96 176 0 195 249 32 144 98 128 67 35
3 140 3 158 20 131 138 236 22 1 88 66 96 226 184 228 89 106 19 137 35 170 10 255 40 38 138 136 28 10 48 172
130 143 6 158 23 131 166 226 150 6 90 163 96 234 32 193 89 107 131 195 38 152 10 255 32 38 138 3 20 12 56 138
130 14 6 159 28 131 174 96 148 6 210 227 96 234 176 197 120 99 171 231 100 233 15 255 36 34 202 129 21 44 56 132
73 48 56 96 32 77 81 16 105 136 52 40 159 23 0 48 134 21 221 8 137 96 176 0 195 249 32 144 64 128 66 35
3 142 3 158 20 131 170 230 86 0 90 198 96 226 176 196 121 106 18 141 167 152 14 255 32 38 138 128 28 14 48 140
104 48 56 96 33 77 81 16 105 136 52 8 159 23 0 48 132 21 93 8 136 96 176 0 195 249 32 17 66 128 66 35
2 143 2 158 23 147 170 230 150 5 88 163 96 232 50 192 89 107 131 133 38 184 12 255 32 38 138 11 20 14 56 142
72 48 56 96 32 77 81 16 105 136 52 40 159 23 0 48 134 21 221 8 136 96 176 0 195 249 32 144 64 128 66 35
2 142 2 158 23 131 186 230 150 5 90 163 96 234 34 193 121 123 131 129 38 152 10 255 32 38 154 11 20 12 60 138
3 143 3 158 20 131 170 230 86 1 88 70 96 234 180 228 89 106 18 141 167 186 12 255 32 46 138 136 29 10 48 172
104 48 56 96 32 76 81 16 97 136 52 8 159 23 0 48 132 20 93 8 136 96 176 0 195 249 32 16 64 128 70 51
3 143 2 158 20 147 170 230 86 1 88 198 96 232 180 196 89 106 2 141 167 184 12 255 32 46 138 136 29 14 112 140
2 143 2 158 23 131 178 230 22 5 88 163 32 234 34 192 89 107 131 129 6 184 14 255 32 38 138 11 20 14 60 142
2 141 3 158 20 131 171 226 22 1 88 66 112 232 48 64 89 106 19 201 34 186 8 255 32 38 138 128 21 10 48 168
104 48 56 96 33 77 81 16 105 136 52 8 159 23 0 48 132 21 93 8 136 96 176 0 195 217 32 16 66 128 66 35
130 143 2 158 23 131 186 230 150 4 90 163 96 234 50 192 121 107 131 129 38 184 10 255 32 38 138 131 20 12 60 138
104 48 56 96 33 77 81 16 105 136 52 8 159 23 0 48 132 20 93 8 136 96 176 0 195 217 32 16 66 128 66 35
104 48 56 96 32 76 81 16 97 136 52 40 159 23 128 48 134 20 93 8 136 96 176 0 195 249 32 16 64 128 66 35
3 142 2 159 20 145 138 236 86 1 88 215 96 234 188 196 89 42 130 133 38 186 79 191 40 38 155 200 28 14 184 140
130 15 6 158 28 131 174 98 148 6 210 227 96 232 176 197 121 106 138 227 100 185 14 255 32 38 203 129 21 44 56 132
105 48 113 64 101 29 81 16 105 8 52 72 26 29 148 180 140 148 84 8 137 96 240 192 199 217 32 18 66 128 66 39
88 48 120 96 34 72 81 16 41 136 52 40 159 31 128 112 166 21 221 0 128 64 160 0 195 249 32 131 98 128 7 51
35 132 3 155 92 131 170 236 22 1 88 82 96 202 184 192 89 10 19 161 39 186 79 255 56 38 155 236 29 10 184 140
130 14 6 159 28 131 174 96 148 2 210 199 96 234 176 197 120 99 43 231 228 249 15 255 36 34 203 128 29 44 56 132
3 142 3 159 84 131 170 236 86 1 88 198 96 234 184 196 121 42 19 141 167 186 14 255 40 38 139 136 29 14 48 140
72 48 56 96 33 93 81 16 105 136 52 8 159 23 0 48 132 21 221 8 136 96 176 0 195 249 32 16 66 128 70 51
130 143 6 158 28 131 174 226 148 6 90 231 96 234 48 193 89 107 138 231 38 169 14 255 32 38 138 3 20 12 56 140
40 48 120 96 33 93 81 16 105 168 52 40 159 31 0 48 134 17 213 8 136 96 112 0 195 217 33 177 98 136 70 51
130 143 6 158 28 130 174 226 148 6 210 227 96 234 176 193 121 106 139 231 36 155 14 255 32 38 202 131 21 44 56 140
3 143 3 158 20 131 170 230 86 1 88 70 96 232 180 228 89 106 18 205 163 186 12 255 32 46 138 136 29 10 48 140
3 143 3 158 20 147 174 230 86 0 90 199 96 234 176 196 121 106 19 205 166 152 14 255 32 38 138 136 28 14 56 140
2 143 2 158 22 131 170 230 22 5 88 163 96 232 176 192 89 106 131 197 38 186 12 255 32 38 138 139 21 14 60 142
2 141 3 158 20 131 170 230 22 1 90 66 112 234 176 68 121 106 19 137 35 186 8 255 32 38 138 128 21 10 48 168
104 48 56 96 33 76 81 16 105 136 52 8 159 23 0 48 132 20 93 8 137 96 176 0 195 249 32 16 66 128 70 51
130 143 6 158 28 131 174 226 148 6 218 163 96 234 48 193 121 107 139 231 38 137 14 255 32 34 202 131 20 12 56 140
104 48 56 96 33 77 81 16 105 136 52 8 159 23 0 48 132 20 221 8 136 96 176 0 195 217 32 16 66 128 70 51
72 48 120 96 35 76 81 16 105 136 52 40 159 31 128 48 134 21 221 8 0 96 176 0 195 249 32 145 98 128 70 51
39 134 4 155 221 147 138 200 22 1 80 211 96 200 58 192 89 10 130 133 54 50 79 183 60 6 159 109 29 12 184 140
2 14 6 159 28 131 174 104 148 2 210 199 96 234 176 197 120 103 43 167 100 241 15 255 48 38 203 129 21 108 57 4
104 48 112 96 97 93 89 16 105 168 180 40 158 31 192 52 134 148 221 8 136 96 240 192 199 217 33 178 66 128 66 35
131 15 14 158 28 131 174 104 148 2 210 199 97 234 52 65 120 98 42 231 100 201 15 191 48 34 203 0 20 40 56 132
40 48 121 96 99 77 81 16 105 168 52 40 159 31 128 52 166 145 223 0 128 96 32 192 215 217 33 179 98 128 71 35
3 142 7 158 85 135 170 238 86 1 88 70 96 232 60 229 89 106 18 141 167 187 30 255 32 38 138 8 29 14 112 140
104 48 120 96 32 77 81 16 105 136 52 40 159 23 0 48 134 21 93 8 136 96 176 0 195 217 32 144 66 128 70 51
104 48 57 96 33 77 81 16 105 136 52 8 158 23 0 52 132 20 93 8 137 96 176 192 195 249 32 16 66 128 70 51
130 14 14 158 28 130 174 104 148 6 210 227 97 234 176 65 120 103 43 231 100 201 15 255 48 34 235 129 20 40 56 128
105 48 112 96 97 93 81 16 105 168 180 40 158 31 132 52 134 148 221 8 137 96 240 192 199 217 33 50 66 128 66 35
88 48 113 96 98 72 89 80 41 136 54 40 159 31 128 82 166 213 253 0 128 64 128 192 215 249 36 131 98 128 7 51
147 132 7 159 29 135 174 236 214 18 194 66 96 226 60 197 89 66 58 175 39 233 95 255 49 54 219 28 29 12 112 140
17 14 14 191 12 130 172 40 150 22 210 227 241 234 176 67 120 231 111 167 108 195 79 253 240 34 235 152 20 40 48 0
