253 114 212 103 2 15 78 152 106 162 49 206 95 65 217 159 54 212 108 126 193 116 221 8 244 136 101 52 111 187 11 17
243 137 142 28 205 144 80 79 199 149 166 26 98 248 38 123 233 230 106 144 28 107 146 240 27 58 213 91 145 8 248 14
0 166 89 173 114 11 174 59 30 162 91 230 213 35 137 64 119 92 34 46 224 148 77 31 172 134 47 164 60 234 1 161
99 168 220 87 104 184 184 132 234 17 32 136 184 234 214 250 231 111 122 156 7 67 206 225 22 57 218 41 140 129 107 140
22 102 119 229 86 43 184 72 61 166 186 239 71 13 93 17 62 149 111 165 168 247 133 204 144 130 1 182 101 234 7 5
19 13 10 191 20 198 110 114 52 192 206 71 113 251 50 96 112 238 31 239 237 153 20 239 224 47 174 128 60 230 56 66
85 93 71 166 148 70 110 48 160 192 202 71 113 115 49 83 120 228 125 238 105 147 153 108 240 174 239 128 45 243 112 16
34 172 184 58 221 157 146 207 222 5 92 25 174 248 114 0 153 107 210 17 22 106 218 179 237 87 29 123 216 94 155 142
51 188 42 186 85 135 243 202 86 69 252 7 114 217 50 0 217 170 147 5 142 187 28 191 121 77 143 43 93 14 122 202
213 96 231 229 4 66 111 216 96 226 131 66 81 23 217 127 120 196 124 235 233 215 189 72 177 170 239 132 37 243 114 96
0 162 184 177 205 233 177 207 26 55 20 25 142 169 90 8 137 11 227 21 22 120 194 243 205 23 95 111 192 76 151 202
82 168 162 18 79 169 169 202 234 181 128 155 164 136 86 10 41 203 107 157 2 107 222 96 221 0 159 121 197 4 55 234
129 37 137 5 80 78 234 48 124 224 74 192 213 34 208 32 50 77 114 239 165 208 245 78 44 46 175 132 12 162 19 160
2 172 169 241 149 233 85 207 30 55 12 19 166 167 104 8 201 26 131 17 26 88 106 179 205 151 158 127 144 72 149 234
82 32 26 128 13 5 232 64 45 32 178 10 132 130 36 208 232 133 78 129 12 35 145 192 148 32 138 59 9 8 43 6
16 34 10 136 8 13 32 64 174 36 162 1 134 130 2 80 232 132 106 133 12 211 217 80 148 32 139 49 0 8 35 2
252 4 206 167 3 106 82 88 52 166 231 139 87 33 11 91 120 196 237 115 44 183 73 8 209 227 97 21 227 123 46 66
70 184 155 178 219 229 48 207 142 177 128 26 28 214 104 58 225 187 250 145 19 75 154 241 157 129 159 110 152 0 161 154
166 128 110 216 108 209 217 64 201 84 181 187 0 204 190 39 202 145 223 211 156 35 102 212 83 24 200 255 85 141 116 246
147 1 97 161 7 102 173 0 125 98 82 146 157 30 144 108 126 157 31 173 237 148 117 194 133 120 138 132 47 228 53 244
60 5 218 101 150 74 103 49 112 162 110 2 83 49 17 64 120 236 36 106 104 240 145 10 103 175 36 0 225 250 84 162
0 180 153 121 153 230 17 143 126 19 232 16 148 183 104 120 209 27 10 144 59 26 123 87 205 182 22 103 144 64 165 34
80 141 25 122 147 225 19 175 182 1 232 0 176 119 32 112 65 187 10 144 59 10 123 127 237 166 22 75 176 64 164 42
65 32 22 140 9 29 160 72 238 128 194 8 196 208 36 210 232 196 106 1 4 195 147 80 149 48 139 27 24 8 41 134
69 184 155 186 201 165 48 223 238 217 8 84 188 210 105 90 129 35 106 17 151 75 154 112 221 149 31 110 152 17 161 3
252 69 84 165 182 10 70 160 225 176 170 8 199 35 1 151 42 196 76 106 120 227 69 12 184 208 69 20 100 251 66 32
81 157 95 110 23 198 119 246 236 64 106 6 127 243 32 112 114 243 26 234 65 169 56 127 249 174 2 10 121 2 225 58
80 32 18 136 9 1 32 64 174 32 162 8 134 130 32 212 232 132 106 128 8 99 211 80 149 32 139 58 0 8 35 2
145 185 25 187 91 133 48 218 62 49 96 22 52 211 104 121 243 27 18 144 19 90 154 117 221 129 27 110 56 0 35 130
48 5 94 109 68 78 103 120 116 130 111 2 115 113 41 81 120 228 34 106 104 178 17 14 115 175 96 0 97 250 100 162
32 32 85 9 74 75 160 72 118 32 224 106 83 128 0 0 120 140 98 0 0 242 197 16 20 160 3 32 113 8 70 160
17 0 6 137 12 15 224 64 22 32 194 70 193 2 48 64 120 132 106 140 8 241 85 144 148 34 139 16 57 8 57 128
64 32 22 140 9 9 160 72 174 160 194 8 196 194 32 66 232 197 106 0 0 195 147 80 149 32 139 27 16 8 37 34
128 144 28 249 79 133 177 89 142 16 225 86 180 211 32 9 236 57 19 129 66 62 82 209 85 136 90 106 89 8 163 162
180 1 126 201 28 70 227 120 84 4 247 2 80 17 37 96 120 156 59 234 72 163 113 76 81 170 130 4 81 170 116 162
49 32 6 141 12 11 160 72 86 160 194 66 210 128 32 192 120 76 106 8 9 241 95 28 148 2 131 48 121 8 56 128
81 2 6 141 8 2 96 72 54 160 194 198 65 130 32 66 120 196 106 140 8 209 79 92 148 34 195 0 33 8 112 0
80 34 15 5 74 11 32 72 38 160 226 136 195 131 64 82 40 204 106 8 0 209 135 64 148 162 99 32 97 0 99 128
32 32 5 137 76 11 161 72 70 160 226 10 147 129 64 2 104 204 106 8 8 114 207 16 20 128 131 48 113 8 82 160
80 32 18 136 9 9 32 64 174 32 162 8 134 130 0 80 232 132 106 0 8 99 195 80 149 32 3 59 64 8 35 2
20 164 159 190 154 195 6 168 150 178 74 34 116 242 40 65 17 126 40 32 32 209 139 63 232 166 79 13 176 98 37 34
64 32 6 140 9 9 32 72 174 0 194 8 196 194 32 66 232 196 106 0 0 195 147 64 149 32 139 27 16 8 33 2
85 173 135 86 145 14 70 168 114 176 106 64 98 225 73 148 17 110 32 106 9 208 155 61 169 166 69 4 232 114 66 36
65 175 139 55 180 174 110 183 122 107 91 92 242 225 152 96 149 110 108 12 179 248 201 35 237 190 52 208 200 200 208 1
32 96 90 254 92 207 242 64 132 132 253 11 54 217 33 0 216 184 195 66 8 179 18 28 83 129 32 57 81 58 126 130
32 248 24 186 88 205 82 192 150 52 108 9 54 215 97 16 200 57 67 66 70 10 90 61 231 133 33 57 80 11 14 138
113 15 31 109 52 46 99 51 100 9 110 68 115 33 48 113 112 230 44 40 185 185 33 14 241 239 160 16 224 170 80 41
145 14 31 241 52 174 107 18 124 9 82 80 215 19 176 112 113 44 30 184 51 156 1 206 237 239 178 192 160 128 97 33
56 96 90 124 77 85 210 104 193 4 241 11 110 217 42 144 216 185 195 98 76 35 82 13 83 241 0 43 113 42 110 130
64 241 152 177 216 204 113 159 50 181 10 25 151 151 74 88 129 95 105 17 22 88 211 18 237 135 61 109 160 0 135 26
253 36 141 97 141 47 75 152 82 226 167 28 211 33 81 59 25 196 120 126 57 102 249 2 205 203 197 116 232 235 82 112
65 132 95 97 48 170 107 51 116 9 106 80 211 3 144 112 115 132 60 188 185 156 5 78 236 175 178 192 168 130 225 32
68 49 152 176 168 108 21 11 170 191 137 25 150 183 75 26 129 215 109 17 30 65 219 64 221 165 127 125 128 96 135 82
229 46 205 97 132 47 67 144 114 242 162 76 211 33 81 59 25 196 104 126 169 244 221 34 205 139 197 116 201 251 82 48
122 169 16 58 217 221 18 174 171 53 168 25 174 218 74 146 129 215 233 81 86 75 218 117 185 241 29 127 16 5 143 78
81 130 221 121 54 42 107 19 126 1 98 212 243 3 152 112 50 14 44 28 163 188 69 95 196 174 50 64 172 128 65 41
114 104 16 184 25 217 82 64 143 164 160 9 46 210 97 148 200 177 206 82 12 3 74 156 179 208 1 59 18 15 14 6
1 66 69 121 52 138 104 16 116 17 114 212 243 3 144 121 66 12 110 28 11 252 69 13 132 186 50 64 108 128 64 40
58 41 18 60 9 205 82 64 169 4 225 9 46 218 38 144 200 169 196 1 12 35 210 137 145 208 0 59 65 14 111 134
65 10 155 121 52 174 106 18 126 9 114 116 255 129 176 120 182 46 44 28 147 184 129 83 196 255 50 192 152 128 65 33
129 2 155 251 52 140 105 16 126 9 114 116 157 147 224 120 182 10 62 28 147 152 130 211 196 253 50 192 152 128 97 161
122 161 16 48 57 221 16 175 171 53 160 25 143 142 74 144 129 159 237 1 94 75 218 149 185 241 27 127 0 4 143 78
1 162 75 105 48 138 107 16 124 9 114 100 183 3 144 112 146 40 12 28 147 188 1 71 196 253 50 192 72 130 99 161
54 8 16 186 29 205 80 64 143 4 145 11 46 219 33 132 200 179 207 19 10 35 90 253 145 208 8 59 18 14 12 6
58 216 16 186 25 221 82 206 143 61 160 9 46 147 33 212 137 147 205 64 14 11 90 181 179 208 16 123 50 13 12 14
50 168 16 186 25 205 146 74 143 52 145 9 174 222 101 132 137 187 205 83 14 43 90 241 145 208 11 59 80 13 15 14
97 167 79 101 52 139 106 55 96 168 122 236 243 33 144 49 24 38 108 110 249 248 197 13 236 219 224 192 76 130 82 41
58 8 120 126 73 221 82 202 131 52 180 9 43 221 39 148 136 147 197 66 14 43 90 189 19 217 16 59 115 141 78 14
193 19 31 109 52 14 115 49 108 8 119 68 254 49 160 113 182 38 44 110 241 184 33 13 229 187 96 128 88 170 81 33
98 0 18 136 73 77 144 69 168 17 129 25 134 146 100 158 200 145 234 1 12 11 210 64 149 16 90 59 16 12 163 14
0 160 6 145 73 136 160 64 174 19 65 17 132 130 104 75 225 0 106 16 2 80 130 65 5 0 90 105 16 8 165 130
16 32 22 9 74 3 32 72 180 32 194 0 68 194 96 64 120 12 106 0 0 211 131 0 20 0 3 0 0 0 33 128
32 32 0 129 72 9 32 64 68 32 226 10 130 2 0 64 104 140 106 0 8 163 197 0 148 128 130 56 80 8 48 128
64 32 2 137 8 9 32 64 100 32 194 10 131 130 0 80 104 132 106 136 8 179 197 64 148 32 130 16 32 8 33 0
112 32 2 137 72 9 32 64 44 32 162 9 134 128 0 80 232 132 106 0 8 163 193 64 148 32 3 50 64 8 3 130
64 32 0 1 74 9 96 64 108 32 226 8 131 2 0 80 104 140 106 8 0 16 197 0 148 32 131 0 32 0 2 128
16 32 6 9 72 3 32 72 52 0 194 0 64 130 32 80 120 12 106 128 0 211 131 0 20 2 3 0 1 0 33 128
104 184 168 58 141 253 81 159 215 95 164 25 178 157 66 26 193 50 233 16 62 106 242 51 203 213 20 123 210 76 222 90
230 6 252 52 139 56 17 11 235 183 167 57 78 170 79 91 131 215 233 17 52 71 203 64 219 51 83 63 192 101 79 71
125 93 71 166 20 70 110 112 160 192 202 70 113 119 49 243 112 228 125 238 73 147 157 108 177 168 239 128 45 178 114 48
32 172 184 187 221 141 147 198 94 13 92 25 166 249 98 0 137 107 131 17 22 106 202 179 237 23 28 123 208 8 159 138
114 232 171 184 77 197 196 198 163 149 160 11 34 204 116 18 233 249 195 145 74 111 146 113 145 16 157 59 65 24 182 218
25 101 121 103 54 10 111 52 116 160 79 0 215 51 144 96 54 92 28 110 193 144 37 46 224 175 39 128 36 243 193 33
252 64 247 228 4 66 103 216 96 166 230 2 83 85 177 111 120 212 44 234 104 247 185 8 241 170 231 4 99 187 116 96
2 164 153 241 149 233 49 207 30 55 0 56 166 183 72 8 145 26 131 16 50 88 226 179 205 150 159 127 144 72 149 234
112 32 10 137 12 8 160 64 172 32 226 3 134 130 32 80 232 141 106 129 12 195 209 64 212 32 138 57 9 0 43 130
16 32 22 140 9 74 160 72 238 32 194 2 196 210 32 64 232 132 106 1 12 195 131 80 145 32 138 59 16 8 41 134
252 68 142 164 3 98 82 216 37 166 227 139 87 99 41 219 120 212 237 114 40 199 9 8 211 227 97 21 227 251 46 2
33 184 27 176 219 229 49 202 134 177 128 12 20 211 96 27 201 59 82 144 3 75 154 49 217 129 31 110 152 0 35 154
102 24 106 248 108 225 185 192 200 16 176 171 145 221 116 43 202 145 51 195 17 35 246 208 85 8 202 121 93 11 84 178
16 5 218 101 20 78 103 48 116 130 110 2 83 49 1 64 120 220 32 234 40 176 241 14 103 175 32 0 97 234 116 170
244 99 86 164 172 10 68 160 233 176 162 24 207 35 1 23 162 196 108 106 104 97 12 12 176 210 69 20 96 177 67 32
0 180 153 121 145 229 17 143 126 59 104 48 150 179 104 120 209 27 42 16 51 216 89 23 173 158 22 119 152 64 167 42
17 157 91 126 19 198 71 166 244 64 234 2 125 243 32 112 115 251 26 232 43 171 26 127 233 239 6 72 121 2 161 42
16 32 18 136 9 8 32 64 238 32 226 0 134 130 32 212 232 132 106 128 8 195 145 80 149 32 139 51 0 8 35 6
32 32 69 129 78 11 160 64 118 32 242 194 195 128 0 4 120 140 106 8 0 240 69 16 20 34 3 0 113 8 67 160
64 32 6 140 9 10 160 72 174 32 194 0 196 194 32 70 232 196 106 0 0 67 131 80 149 32 139 59 16 8 33 2
145 184 25 185 11 199 17 202 118 33 224 22 54 211 32 104 113 25 18 128 75 156 91 23 193 135 18 102 56 0 35 170
32 4 94 77 92 71 167 120 148 2 239 0 81 179 32 80 88 52 34 104 32 183 81 31 101 175 96 4 81 170 100 162
17 32 6 141 12 11 32 72 118 160 194 66 210 128 32 64 120 196 106 8 8 241 79 28 20 34 131 16 121 8 120 0
81 2 6 141 8 15 96 72 38 160 194 70 193 130 32 66 104 196 106 140 8 211 207 20 148 34 195 0 40 8 112 0
80 34 79 5 66 11 96 72 54 160 226 194 67 163 64 80 120 204 106 136 0 210 135 64 148 160 35 0 97 0 35 160
0 32 7 129 78 11 225 72 102 160 226 10 211 129 64 0 104 140 106 8 0 240 207 16 20 128 3 48 97 8 81 160
84 161 159 62 154 195 7 232 22 160 74 162 117 227 40 64 17 126 40 160 8 209 143 61 232 166 101 28 176 98 36 32
19 4 109 193 71 86 237 67 121 71 214 18 25 60 22 44 122 133 23 173 232 180 53 200 53 106 154 132 231 4 245 230
5 173 150 15 217 142 38 168 235 161 74 64 224 224 76 150 145 110 104 74 86 8 154 127 45 52 5 46 136 114 138 132
65 170 205 55 164 40 104 150 114 49 74 220 179 33 208 74 5 78 108 28 155 216 197 32 204 190 244 192 140 201 208 8
113 77 15 102 5 142 103 244 224 128 106 76 115 225 49 51 56 230 88 110 201 185 152 45 241 168 69 16 104 58 82 40
4 172 150 86 210 130 6 168 242 146 96 16 96 226 77 21 49 110 32 186 114 192 142 63 40 38 69 44 193 112 163 132
160 73 30 250 88 205 83 88 150 164 225 9 246 211 35 16 216 56 74 66 0 163 90 61 65 129 33 57 80 138 68 138
245 249 159 118 141 77 71 245 202 242 38 12 118 241 65 51 144 102 120 74 97 109 186 40 249 153 69 58 72 122 210 58
170 0 104 65 197 94 249 16 29 38 118 18 25 15 150 105 123 148 151 136 180 156 53 194 87 127 144 129 39 132 92 226
81 13 31 109 21 46 99 51 96 0 234 68 119 35 48 113 112 166 40 44 185 185 17 13 249 235 2 64 104 42 96 40
64 241 152 179 208 205 113 159 50 53 12 25 151 151 74 80 1 95 105 81 18 88 219 55 237 133 61 101 160 16 135 42
160 232 120 90 88 205 211 234 155 52 180 9 54 221 7 16 137 154 67 66 66 43 90 53 115 152 1 63 81 25 78 138
253 44 237 97 164 107 67 128 80 226 166 8 211 49 209 59 25 228 124 126 41 244 241 42 222 203 101 116 231 107 82 98
193 135 95 101 48 174 107 51 124 1 110 80 221 51 144 112 54 6 60 172 177 152 33 95 237 239 162 64 184 130 225 33
68 49 144 178 249 108 49 27 171 189 9 25 148 183 72 26 129 95 105 16 18 75 218 64 221 180 31 108 128 96 135 50
56 88 88 122 89 221 82 66 135 164 164 9 42 219 39 144 136 184 199 66 78 43 82 61 211 209 1 59 112 9 78 138
237 44 205 97 164 111 99 0 122 250 55 28 211 49 209 59 25 68 108 126 57 116 249 18 204 219 101 116 200 235 210 48
65 134 93 121 50 174 107 50 124 9 118 116 255 3 176 120 55 7 44 60 179 156 37 95 236 191 50 192 152 128 1 33
65 130 95 105 52 170 107 50 124 9 122 116 255 35 144 112 151 38 108 28 145 184 37 95 204 190 114 192 204 128 99 33
56 40 16 190 25 205 82 98 131 4 240 9 47 217 33 148 200 187 197 67 78 47 82 191 147 209 16 59 115 13 14 138
65 2 27 107 52 142 106 16 126 9 115 100 159 131 176 112 182 44 12 28 147 188 1 95 196 253 50 192 24 130 67 33
56 208 88 250 73 221 80 206 135 61 164 11 47 155 42 144 137 154 199 64 78 43 90 181 211 201 48 63 115 152 76 138
65 151 31 105 52 174 115 48 108 73 106 68 254 19 0 113 180 2 92 108 161 184 17 93 229 251 34 66 72 130 99 33
56 240 88 178 217 221 84 255 3 61 181 25 15 223 74 144 137 155 199 0 94 107 90 21 251 193 53 127 115 136 142 130
193 7 31 233 52 142 107 48 108 8 126 68 222 1 177 113 164 3 46 108 177 184 33 93 225 185 34 192 24 131 97 33
101 162 253 67 168 123 73 25 74 123 53 120 215 20 220 62 151 20 116 62 147 116 237 16 13 158 101 244 212 202 199 101
246 2 189 52 75 104 17 2 171 183 163 185 78 175 71 91 129 213 237 3 40 71 203 64 209 178 81 63 192 117 6 115
245 85 71 228 4 70 110 112 224 192 234 66 83 115 145 247 120 228 124 234 73 147 157 12 177 168 231 0 41 179 122 32
0 170 184 187 221 137 179 207 30 53 88 25 174 169 66 0 137 91 131 17 18 122 202 55 237 150 28 107 208 72 135 202
98 185 24 250 201 165 20 215 139 25 184 93 182 219 68 16 205 59 213 16 26 106 218 49 139 216 20 122 216 72 194 155
92 69 127 102 56 30 94 176 229 152 190 0 223 115 137 243 38 84 93 106 232 161 9 44 227 233 33 144 34 179 73 33
252 65 119 204 12 66 71 248 192 134 230 2 83 245 161 119 88 244 44 234 105 231 185 8 241 170 101 24 99 187 116 32
0 164 153 241 145 233 49 207 30 49 8 48 166 183 72 32 153 26 130 16 51 88 107 55 237 150 156 119 144 72 133 170
80 32 18 137 78 65 160 72 238 0 194 2 132 130 32 64 232 140 106 129 4 211 199 80 148 32 138 25 17 8 35 130
33 248 27 186 89 133 145 214 130 185 160 76 180 211 96 19 205 59 66 24 3 79 90 113 217 145 31 122 24 8 35 171
36 1 111 249 238 73 169 200 138 16 96 139 149 205 112 11 106 25 19 193 1 114 210 144 85 129 202 109 117 169 117 176
19 1 35 192 196 102 233 66 109 33 218 2 16 58 52 104 248 157 27 169 25 145 49 192 149 44 138 0 133 72 116 164
24 5 92 101 21 74 70 48 100 128 238 0 91 35 0 208 112 196 140 234 72 176 81 46 227 239 36 1 99 227 236 2
5 180 153 113 147 239 17 15 94 51 97 48 150 179 72 120 147 27 34 16 51 248 91 18 141 150 21 102 216 64 129 179
16 32 18 136 9 8 160 64 238 32 226 0 134 130 32 212 104 132 106 128 8 195 129 80 145 32 138 59 0 8 35 134
252 64 206 108 8 67 86 216 165 130 228 9 119 211 35 91 88 244 237 98 104 135 75 8 243 227 101 29 50 251 46 2
48 32 5 129 10 11 160 64 118 32 226 194 195 128 0 0 120 140 106 136 0 241 69 16 148 34 3 16 113 8 35 160
81 0 6 137 78 11 96 64 100 32 194 66 211 128 32 64 104 132 106 136 8 241 69 192 148 34 131 0 41 8 112 0
0 32 6 140 9 2 160 72 174 32 194 0 196 130 32 198 104 68 106 0 0 195 131 80 145 32 138 59 16 8 33 2
145 184 27 251 9 133 17 218 118 121 224 20 54 211 96 57 241 42 2 24 27 159 26 49 209 137 19 102 24 1 33 170
56 5 218 109 16 78 86 112 52 38 238 1 83 51 32 208 120 220 164 106 40 176 81 14 227 231 32 1 99 250 108 130
16 34 7 5 74 11 96 72 54 160 226 194 67 131 64 80 120 204 106 140 8 210 199 64 148 160 3 0 97 0 98 160
16 32 7 129 78 11 160 72 102 160 226 202 195 128 192 68 104 140 106 8 0 241 207 16 20 0 3 48 97 8 81 160
96 160 134 30 73 131 0 168 150 176 66 8 96 225 0 214 17 100 104 40 32 81 203 61 12 34 69 60 16 40 16 0
80 167 135 13 24 3 2 232 6 160 74 192 99 227 32 68 81 124 104 224 8 147 139 31 168 166 5 12 48 34 36 32
66 173 144 26 145 157 18 230 63 5 8 9 174 226 70 148 145 107 200 81 6 10 218 127 185 84 31 123 146 6 139 14
16 32 142 45 26 3 32 72 118 176 194 128 83 224 64 64 113 204 106 128 8 211 207 29 28 162 69 28 97 32 34 128
48 32 135 77 26 11 32 104 118 176 226 64 67 224 0 0 121 204 106 168 40 209 79 28 28 34 69 20 97 40 32 160
20 164 142 30 154 3 134 168 246 178 98 0 96 224 8 3 17 110 96 160 38 209 143 63 40 38 69 4 193 96 35 0
164 28 21 220 12 205 131 72 156 4 225 8 246 209 37 5 88 56 74 106 42 39 114 29 129 144 1 58 80 43 69 162
113 205 15 118 149 142 70 246 224 136 234 76 115 225 17 51 168 230 72 110 233 171 152 45 241 168 196 16 72 122 210 40
16 160 134 29 26 3 128 232 54 176 98 128 97 224 0 80 17 108 104 160 40 211 143 29 8 34 69 4 65 32 34 128
97 171 205 119 180 170 73 183 114 249 50 220 179 33 144 58 1 70 108 28 187 248 197 39 204 190 244 208 140 201 210 40
241 157 29 108 27 110 71 43 96 64 234 8 118 113 0 113 48 230 120 106 121 171 243 29 241 171 64 26 105 34 98 58
100 164 135 31 152 3 6 168 86 178 66 8 102 240 8 65 17 110 96 33 32 208 139 63 40 38 69 52 176 96 16 2
100 164 134 31 154 3 6 168 22 178 66 8 98 224 40 65 17 110 96 32 32 208 139 63 40 38 69 52 144 104 16 0
81 149 95 109 19 34 103 50 100 0 234 4 83 51 32 113 114 166 40 232 57 184 21 79 249 235 66 64 105 162 96 34
253 104 255 101 6 107 71 68 112 226 166 8 115 49 65 59 58 228 120 122 105 247 245 8 243 203 69 49 229 251 86 106
32 216 112 122 89 205 147 238 159 60 184 9 38 213 37 21 137 155 67 64 74 43 90 61 113 216 17 62 83 9 70 170
65 148 31 235 50 166 59 50 108 65 111 68 220 19 160 112 183 23 60 60 179 152 49 95 236 191 42 192 152 130 33 49
184 216 120 94 73 205 81 126 135 37 180 9 42 221 46 20 136 154 199 64 74 43 82 191 83 217 16 59 115 136 70 138
65 151 31 111 50 46 55 51 104 72 127 100 254 51 136 115 150 87 124 108 177 184 177 77 228 251 98 66 72 162 163 33
184 192 88 126 73 221 80 254 131 53 244 9 43 157 42 16 137 154 199 64 46 43 90 53 83 217 16 63 115 152 78 138
69 6 27 107 48 134 107 16 110 9 123 100 158 83 168 112 150 9 14 28 131 144 1 95 236 189 34 194 152 130 97 33
56 128 88 250 73 221 80 222 135 53 164 9 43 155 43 145 137 146 135 64 14 42 90 181 83 201 48 61 115 156 76 138
129 23 31 105 49 134 115 48 236 72 122 100 222 19 176 113 180 0 28 124 163 161 17 93 225 249 34 192 88 2 99 33
164 176 120 67 204 77 213 249 22 63 181 25 83 93 74 0 25 146 71 56 122 38 90 23 111 137 37 125 113 138 206 162
213 208 31 254 11 68 21 48 236 82 227 20 222 83 32 123 230 85 56 234 97 37 51 65 209 235 82 2 120 48 161 50
245 69 71 100 4 86 110 112 224 192 234 64 83 115 177 247 120 228 124 234 77 147 149 12 176 232 231 0 41 243 122 0
0 170 184 187 217 137 177 207 30 53 96 25 172 201 74 0 137 27 195 17 50 122 202 119 237 150 28 107 208 8 135 202
104 162 240 107 252 57 216 157 91 59 53 120 219 41 220 58 23 18 68 56 178 112 235 17 78 219 116 117 214 202 194 169
230 80 157 246 75 100 20 42 169 178 163 56 92 183 65 91 167 213 249 130 97 71 155 64 209 178 91 27 8 113 7 50
244 65 247 76 12 66 71 112 193 134 230 2 83 245 161 119 88 244 108 234 105 231 248 8 177 170 101 24 99 187 100 32
0 164 153 241 145 201 49 207 30 49 32 48 182 151 72 40 145 27 130 16 51 88 107 55 237 150 21 103 144 72 133 186
20 33 155 249 143 73 169 192 2 16 64 130 149 221 113 11 104 56 19 195 19 114 154 144 197 129 203 41 117 57 53 162
32 4 187 192 212 102 225 98 108 5 202 82 16 50 48 96 248 156 26 161 9 187 49 66 21 32 170 68 129 8 117 160
0 180 153 121 179 235 17 175 126 113 40 48 150 51 72 112 147 27 130 16 51 248 89 23 237 150 21 102 216 64 129 43
64 32 6 13 73 11 32 72 166 176 194 8 196 192 64 82 224 76 106 0 0 211 203 16 20 32 3 61 0 0 35 130
81 0 6 137 78 11 96 64 100 32 194 74 211 128 0 64 104 140 106 12 8 211 197 0 148 34 131 0 41 8 112 128
16 34 7 129 72 11 224 64 38 32 226 194 193 131 0 80 104 140 106 140 8 243 197 80 20 32 131 0 97 8 98 160
64 32 6 13 9 139 32 72 230 160 194 8 196 192 64 86 96 108 106 0 4 195 203 80 148 32 3 59 0 0 43 134
8 173 152 58 208 221 18 230 190 5 72 9 167 234 98 144 145 107 194 81 6 26 218 63 169 197 29 123 16 2 143 138
17 152 27 122 9 135 81 216 246 89 224 68 182 211 32 121 209 42 74 76 11 171 26 49 193 153 17 126 88 1 97 35
56 69 218 109 16 94 86 52 52 38 238 1 83 51 0 208 88 212 204 98 44 131 81 14 243 231 32 17 98 250 110 2
17 46 202 53 18 138 98 50 116 128 98 194 115 161 128 80 50 238 34 12 40 248 69 46 228 166 113 0 105 160 0 8
48 32 5 5 8 11 32 72 118 160 194 64 67 128 0 64 120 204 106 136 8 209 79 28 148 162 129 16 113 8 2 160
64 160 134 29 73 138 32 200 190 176 66 0 228 224 96 66 145 108 106 0 6 193 139 25 13 34 69 63 0 32 3 130
64 160 134 61 9 3 128 200 246 176 66 9 228 224 72 2 17 108 104 1 2 81 203 25 13 34 77 61 64 32 3 130
64 160 134 31 74 139 32 168 150 176 66 8 228 224 72 66 17 110 104 0 6 65 139 57 12 34 69 63 16 32 25 134
16 160 134 61 24 3 0 232 118 176 66 0 112 224 0 66 17 108 104 32 40 209 207 29 8 34 69 28 96 32 34 0
80 160 135 28 26 3 0 232 150 176 66 72 98 225 96 86 17 108 104 40 32 209 139 29 8 34 69 60 48 32 16 32
32 28 29 92 72 237 129 104 158 6 233 8 246 209 33 64 24 48 74 10 0 35 122 28 69 134 32 56 80 43 5 162
0 32 134 29 8 3 32 72 54 176 194 0 64 224 0 64 81 108 106 8 8 211 203 29 12 34 69 4 64 32 34 128
113 162 205 33 152 42 73 157 98 177 131 220 211 1 216 26 25 140 104 188 27 80 197 0 76 168 181 116 173 210 210 32
96 160 135 29 26 3 0 168 86 176 66 72 96 224 64 80 17 108 96 32 32 208 143 29 8 34 69 36 48 32 16 0
112 160 134 29 26 3 0 232 150 176 66 72 96 224 32 82 17 108 104 32 32 209 143 29 8 34 69 52 48 32 16 0
81 133 95 109 48 98 99 163 100 64 234 0 211 51 40 113 114 134 40 168 57 184 53 125 236 235 66 64 120 162 224 32
50 24 17 126 73 205 129 110 143 60 176 8 166 213 37 21 136 187 70 64 74 43 90 61 145 208 17 58 81 8 71 170
252 96 255 100 15 74 87 5 224 226 166 10 115 49 65 59 40 244 120 106 105 247 245 8 243 139 69 17 225 122 214 106
71 16 157 235 50 135 59 24 62 73 95 224 221 87 161 112 118 17 63 152 3 144 57 254 236 141 170 192 152 131 33 49
209 96 223 103 36 74 103 5 104 202 118 32 251 115 136 51 34 228 108 106 97 244 165 74 228 235 102 0 96 242 227 40
184 208 113 126 73 205 209 110 135 63 240 9 43 221 44 16 136 146 199 0 42 47 114 183 83 217 16 59 115 24 68 234
201 148 191 125 34 70 61 49 248 90 118 112 252 55 128 115 166 85 124 106 241 236 177 73 227 251 98 130 72 160 163 49
188 212 120 74 201 221 213 253 87 63 181 24 91 93 78 21 25 154 199 8 122 38 122 21 123 217 17 127 115 138 198 226
44 148 120 67 201 93 213 249 87 55 181 24 91 87 238 21 25 144 195 58 122 102 123 21 79 139 53 125 115 138 196 162
209 80 31 126 11 68 21 48 236 90 231 116 222 19 0 123 226 21 124 2 97 37 179 113 209 171 114 2 88 49 35 51
212 84 159 252 11 96 21 136 160 82 162 48 93 247 41 123 227 213 184 130 105 69 179 64 209 227 82 31 56 113 37 50
172 48 249 67 216 111 67 216 51 180 53 24 83 87 205 31 25 216 65 122 58 112 121 0 77 136 37 116 195 203 70 242
32 4 26 233 212 102 33 118 20 7 111 0 211 179 160 64 88 28 34 40 24 186 113 2 197 161 34 0 224 136 100 160
5 48 153 113 147 175 48 11 126 179 99 16 158 179 72 56 179 11 32 24 51 248 155 82 141 158 85 102 200 65 131 35
16 34 7 9 72 11 224 64 54 32 226 194 193 131 0 64 120 140 106 140 8 243 197 16 20 34 131 0 97 8 96 160
64 32 6 29 72 139 160 72 230 176 194 8 196 192 64 82 224 108 106 0 6 211 203 17 20 32 3 61 0 0 43 134
48 32 134 45 24 3 2 72 102 160 202 0 66 224 0 64 81 108 106 0 8 211 207 31 40 38 5 60 96 34 34 128
24 173 24 59 153 217 18 238 174 5 136 9 231 242 2 144 145 107 200 83 14 11 90 63 169 197 47 123 16 2 15 138
1 234 29 122 40 173 65 150 238 25 96 76 182 195 96 120 133 42 110 12 131 40 90 49 205 152 49 120 88 24 67 41
49 32 7 13 8 11 32 72 118 160 226 64 67 128 0 64 120 204 106 8 8 209 79 28 20 162 193 16 97 8 64 0
64 160 134 31 8 3 160 168 150 176 66 8 224 224 72 66 145 110 104 0 6 193 139 57 12 34 69 60 0 32 25 130
96 160 134 28 24 3 0 232 150 176 66 8 96 224 96 82 17 108 96 40 32 211 139 29 8 34 69 44 16 32 18 0
246 96 130 46 73 35 66 200 179 162 129 8 103 226 73 155 144 237 108 99 44 71 138 42 144 226 77 63 32 115 10 6
116 132 95 105 19 234 67 34 116 65 235 0 83 51 40 113 113 148 40 176 57 152 117 31 253 231 130 81 249 3 100 34
0 32 134 29 8 3 0 72 54 176 66 0 64 224 0 66 81 108 106 0 0 209 203 29 12 34 69 20 64 32 34 128
112 32 132 61 10 3 0 72 54 176 66 8 66 224 64 80 81 76 104 0 8 210 203 29 24 34 69 60 96 32 34 0
34 16 21 126 8 237 129 78 143 57 184 72 166 212 45 5 136 147 66 0 11 43 122 125 145 144 80 58 80 72 5 172
80 160 134 29 24 3 0 168 214 176 66 8 98 224 32 66 17 108 104 32 32 193 139 29 8 34 69 60 16 32 0 0
240 113 191 102 15 74 69 37 240 194 230 26 115 49 0 51 40 244 120 98 105 231 241 8 241 171 68 19 97 120 214 42
197 133 29 253 50 198 57 56 60 24 103 112 221 119 168 113 230 21 60 248 49 136 41 93 232 235 234 196 24 129 33 33
208 230 159 127 32 70 109 37 248 154 119 48 255 51 136 51 166 213 108 42 96 229 161 73 224 251 118 1 64 240 167 41
212 80 29 249 42 71 29 184 180 122 182 240 212 23 33 121 198 17 191 226 105 69 57 92 193 131 235 150 24 145 37 51
209 244 191 118 42 108 21 50 249 218 231 112 253 119 8 59 166 85 124 130 225 197 179 67 195 251 114 2 72 240 39 59
172 48 121 67 249 255 211 216 119 189 165 24 91 87 205 57 157 144 198 122 58 102 121 20 75 217 37 125 195 131 70 179
44 48 125 67 140 127 195 152 70 190 181 24 211 84 205 172 25 208 70 122 25 100 121 20 15 219 101 116 211 171 68 228
220 52 191 124 139 96 17 26 240 91 231 48 221 247 9 123 167 215 236 128 57 101 179 64 211 227 114 11 224 97 39 51
212 6 189 246 136 96 25 10 178 151 165 176 5 183 65 123 197 215 237 144 59 71 226 2 217 227 250 61 160 113 38 98
217 54 191 124 42 36 89 26 248 31 183 112 252 119 9 123 135 215 124 138 168 69 179 67 211 251 114 128 192 113 39 35
222 80 157 252 40 100 29 26 182 122 167 240 221 55 33 123 197 21 253 130 105 69 251 16 211 227 251 150 144 113 37 115
172 48 124 99 169 127 210 216 102 184 181 8 219 95 77 185 153 16 198 122 57 102 89 20 79 219 37 117 203 179 74 163
45 16 185 67 140 127 195 152 70 254 55 8 211 92 221 44 25 84 126 122 137 116 125 16 79 219 101 116 209 187 68 101
214 52 189 124 139 100 25 27 179 223 167 176 157 183 73 123 133 215 237 144 59 69 243 64 219 227 82 31 160 97 167 115
