194 104 16 186 41 205 146 66 142 188 128 9 174 210 97 132 136 59 202 67 66 15 218 241 145 208 27 59 16 12 15 142
96 32 73 137 76 9 225 64 108 32 242 202 147 8 148 64 106 140 110 136 0 242 197 192 20 176 163 40 69 8 115 160
82 32 22 161 11 10 104 64 45 32 178 66 207 130 0 84 98 133 110 128 12 209 209 192 148 240 139 16 32 0 33 4
96 34 65 169 108 9 224 72 107 32 240 200 135 8 20 16 202 140 110 1 8 114 193 208 148 184 131 49 85 8 83 128
81 0 143 205 4 2 101 40 244 130 194 66 80 224 48 99 120 228 106 168 40 209 135 8 20 34 199 0 33 104 112 32
36 160 4 152 203 195 128 200 150 176 192 10 196 192 104 0 89 24 98 17 2 83 90 17 29 2 143 125 144 8 5 130
83 32 135 133 10 10 40 64 172 160 194 194 213 130 80 82 96 197 106 140 1 209 133 64 156 32 143 0 40 0 35 4
81 0 135 157 12 2 224 104 244 0 194 66 208 224 48 98 120 228 42 136 1 209 135 72 20 34 203 0 1 104 113 32
80 0 134 141 14 2 32 72 246 128 194 3 198 226 32 66 120 204 106 128 12 211 199 192 148 34 203 18 0 40 41 134
96 32 5 137 12 11 32 72 22 160 146 74 211 192 64 64 88 204 106 136 8 227 207 16 156 2 167 56 16 8 48 128
48 32 22 136 75 11 160 72 238 32 242 10 64 210 96 214 232 204 106 128 8 243 211 192 21 0 139 43 81 8 103 134
97 32 72 129 78 9 224 72 46 160 242 138 211 128 64 80 104 140 106 136 0 242 199 80 20 160 3 40 105 8 99 128
113 69 71 77 6 82 110 48 101 192 250 66 83 48 149 229 120 196 60 234 205 176 117 12 54 170 230 0 111 251 120 36
245 98 196 5 4 30 238 152 97 226 147 207 83 8 223 159 62 196 124 255 141 244 221 8 52 40 229 132 239 183 90 84
16 32 6 141 9 74 160 72 174 32 226 2 198 130 0 82 104 197 110 128 8 211 201 64 149 32 139 51 0 8 39 2
65 32 79 133 78 11 96 72 110 160 242 194 215 34 128 82 106 204 106 8 0 242 199 64 148 160 163 0 105 136 35 160
96 32 6 152 73 143 96 72 54 160 226 11 198 194 96 86 248 236 106 128 8 83 211 208 149 32 139 59 16 8 56 2
16 34 22 141 13 2 160 72 238 164 194 2 196 162 32 66 104 196 106 128 0 211 131 208 149 34 138 19 16 8 37 134
36 160 4 184 207 195 160 200 22 176 192 11 196 192 96 0 121 152 98 145 2 83 75 17 29 2 143 125 17 8 53 130
48 32 22 137 73 11 224 72 174 32 242 11 74 194 100 80 232 141 106 128 12 243 195 208 21 0 139 43 65 8 103 134
15 34 128 145 203 185 176 199 186 243 0 221 140 168 94 138 167 11 251 21 151 94 134 192 12 82 95 239 140 68 155 150
2 186 156 184 233 169 177 207 158 53 4 189 172 135 106 8 205 27 227 17 18 75 202 241 93 17 158 127 144 12 141 203
80 32 19 136 74 0 40 72 166 0 194 2 204 194 32 208 104 133 106 128 8 195 131 208 148 32 139 9 0 0 37 32
180 207 15 30 144 3 71 248 84 130 104 104 115 97 168 17 25 102 32 106 105 231 10 63 40 166 101 16 120 250 66 40
112 32 2 136 77 9 96 72 15 32 226 11 198 194 32 70 232 204 106 128 8 115 195 208 149 48 139 59 16 8 56 6
252 70 241 69 100 106 103 16 97 166 247 200 83 37 149 63 88 212 68 106 233 180 229 10 71 170 97 16 103 251 70 160
4 140 150 31 145 217 54 172 182 19 67 16 230 242 40 213 145 106 160 2 50 216 10 63 41 166 85 79 208 64 133 14
32 32 86 13 75 11 160 72 110 176 224 10 64 146 68 50 104 220 106 128 4 243 223 80 20 32 3 39 65 0 99 132
32 32 4 141 77 11 160 72 206 176 240 11 196 192 96 66 233 204 106 1 6 99 203 209 148 32 139 61 81 8 49 130
96 0 4 157 77 131 160 72 134 144 192 3 196 194 96 66 72 236 106 129 10 67 203 209 149 32 139 61 16 8 49 130
81 32 135 5 10 10 104 64 236 160 194 66 212 162 80 86 33 197 106 140 1 209 133 64 156 34 207 0 8 32 35 4
32 32 128 5 74 9 160 72 34 180 224 139 130 224 64 18 105 204 66 21 8 115 207 16 28 0 15 61 65 40 86 130
32 32 22 136 75 11 160 72 166 160 226 11 68 194 96 214 232 204 106 128 0 243 219 64 29 2 139 43 65 0 35 134
252 85 95 244 11 68 87 48 161 154 164 25 127 63 1 115 228 245 253 226 105 71 146 14 243 233 101 59 42 48 46 59
70 176 149 210 171 225 49 203 174 55 161 56 140 151 72 62 163 19 235 144 18 79 170 209 153 144 27 127 144 65 135 35
65 0 135 157 12 2 165 104 246 130 194 66 80 224 32 102 120 228 106 168 33 209 135 72 21 34 199 0 17 104 112 32
88 34 156 165 40 26 92 48 43 170 178 109 223 35 0 210 130 197 236 12 12 64 193 0 198 243 97 17 40 160 75 1
48 32 22 136 75 15 160 72 174 32 226 10 64 210 96 208 232 140 106 128 0 243 211 80 21 0 131 43 81 0 99 134
1 20 127 239 52 6 107 48 52 8 95 96 213 55 184 96 22 124 53 40 145 152 33 15 230 175 34 192 180 162 97 33
96 32 2 153 77 11 32 72 22 32 226 11 198 210 32 70 248 204 106 0 8 83 211 208 149 32 139 59 16 8 48 2
104 34 144 37 41 12 64 24 43 168 178 77 223 43 64 210 128 197 236 28 12 98 193 0 206 249 37 49 74 164 74 3
32 32 6 137 73 15 160 72 174 36 242 11 68 130 96 80 232 140 106 128 4 243 130 80 21 2 131 43 65 0 35 134
80 32 6 140 79 1 32 72 54 0 194 10 196 194 32 64 120 204 106 128 4 211 211 208 149 32 139 11 16 8 41 134
165 206 221 94 200 139 7 190 210 146 96 252 115 97 160 49 17 98 32 110 105 236 14 63 40 174 101 24 120 242 194 40
121 34 16 168 45 13 64 24 107 184 176 76 143 1 64 214 129 196 108 12 142 98 201 145 147 249 33 60 74 140 74 1
105 34 144 33 40 29 80 16 107 168 178 77 223 3 192 146 135 197 108 28 12 96 201 0 218 209 37 48 66 128 74 1
212 140 144 30 147 214 22 173 118 23 107 17 102 242 42 212 145 74 160 50 118 73 11 63 169 182 21 71 144 118 173 6
17 130 207 101 22 10 97 19 116 17 102 214 83 35 144 90 96 134 46 152 25 248 5 5 76 171 242 64 169 128 240 40
36 160 4 153 203 195 160 200 22 176 192 11 196 192 104 128 121 152 226 16 2 83 75 17 29 130 143 125 177 8 37 130
69 166 135 21 140 2 101 248 242 242 194 86 81 224 209 43 89 100 104 190 185 209 143 8 124 34 229 4 201 121 240 32
36 160 148 154 203 195 144 200 150 181 224 10 228 210 104 132 217 91 234 16 18 83 90 53 29 2 15 127 144 8 13 130
193 161 89 161 66 136 105 0 110 17 66 208 157 2 208 112 34 137 74 157 3 24 133 81 148 128 186 104 40 128 35 168
81 6 207 93 4 10 103 56 244 130 226 66 83 225 144 99 120 228 106 170 41 241 143 14 116 174 231 0 41 248 112 32
84 160 132 182 203 71 166 200 18 183 64 9 68 244 75 142 17 94 232 19 114 83 219 51 157 6 77 63 128 116 31 130
96 32 192 140 77 73 224 72 14 180 240 139 130 200 68 146 105 205 194 17 10 115 203 80 29 0 135 63 97 40 86 130
37 78 135 94 140 34 70 184 208 226 98 228 115 225 185 43 89 102 32 46 233 243 175 42 104 46 101 0 237 249 112 160
22 228 148 51 155 119 22 200 22 183 64 17 68 246 107 206 145 95 160 16 54 80 155 51 169 6 93 111 144 117 141 70
114 0 66 4 69 76 192 96 233 4 178 11 2 8 4 18 232 160 194 33 12 163 208 204 145 48 2 19 65 8 118 130
81 32 143 5 8 10 33 72 236 160 194 66 212 226 80 114 97 196 106 156 1 209 135 64 156 34 207 0 9 32 35 4
81 32 159 133 10 10 40 64 236 160 194 66 221 162 208 114 98 197 106 140 1 209 133 64 156 34 239 0 40 32 35 4
65 2 159 29 12 2 165 104 244 130 194 66 80 224 160 98 120 100 106 168 41 241 143 13 20 34 231 0 25 120 112 32
52 160 20 153 219 195 160 200 22 176 192 10 196 210 104 128 121 216 226 16 2 83 91 21 157 130 15 125 177 8 45 130
242 56 80 62 93 205 210 106 139 12 176 9 46 216 37 145 136 179 197 67 110 43 82 253 145 208 0 59 81 13 78 6
1 224 73 51 48 138 105 20 126 1 98 208 189 2 144 120 51 9 22 156 3 156 37 87 132 175 186 192 44 128 3 168
113 2 203 197 20 2 97 17 116 1 226 114 211 3 144 104 120 140 44 152 25 188 197 2 196 174 178 64 165 136 240 32
16 32 82 129 15 8 104 64 47 32 226 3 142 131 0 208 106 133 110 128 8 211 193 208 148 160 139 49 33 8 99 2
96 32 71 137 12 11 200 72 78 32 242 194 215 130 80 64 104 140 110 137 8 243 69 208 148 176 139 48 21 8 112 128
245 102 207 119 148 42 71 248 80 226 246 230 83 97 145 43 121 230 100 62 249 242 173 42 120 175 101 4 237 249 112 32
121 7 77 109 58 43 71 59 64 226 238 236 115 33 144 48 94 228 108 174 233 186 101 14 224 239 96 16 109 234 82 56
114 0 2 137 13 9 224 72 46 32 210 11 198 138 48 82 232 197 110 129 12 227 195 208 149 176 139 27 16 8 49 134
33 32 71 137 76 11 224 72 86 160 210 74 209 136 80 64 120 140 106 141 9 242 71 208 148 0 139 40 53 8 112 160
177 207 6 62 16 3 71 248 84 162 238 72 115 97 42 81 89 230 32 106 104 247 13 63 240 166 101 20 121 250 98 0
4 140 148 27 153 141 54 174 190 23 65 20 228 226 40 80 145 106 32 0 50 88 26 55 45 166 85 107 144 1 137 130
80 32 134 141 9 11 160 72 166 160 194 11 198 194 64 82 232 228 106 129 10 195 219 209 157 34 139 25 16 40 49 6
33 34 78 129 76 11 224 72 126 160 242 202 211 130 192 112 120 204 106 8 0 242 207 80 84 130 163 32 105 8 82 160
33 32 7 141 76 11 160 72 118 160 242 194 209 128 192 68 120 204 106 136 8 242 207 144 28 0 163 48 121 8 112 160
80 0 7 140 77 6 96 72 45 128 194 11 78 130 32 86 104 197 110 133 8 211 147 192 149 34 138 8 32 8 33 0
165 78 134 95 140 34 135 184 210 146 66 228 240 224 185 43 89 102 32 62 161 228 78 42 108 42 245 8 204 249 80 0
22 172 128 30 147 99 22 200 22 183 9 19 64 242 107 204 17 94 160 178 62 193 27 62 169 6 77 119 177 119 188 6
12 172 150 30 153 223 22 172 118 23 73 17 102 240 42 212 145 74 160 2 54 72 27 63 169 182 21 79 210 118 141 6
181 206 95 62 152 131 71 184 212 194 104 236 115 225 168 113 17 102 32 46 105 214 43 63 104 166 101 16 120 240 66 168
6 248 148 146 217 117 54 204 154 183 0 25 236 246 75 142 145 95 235 18 54 65 154 115 45 22 95 111 128 117 143 134
245 239 77 126 146 131 71 188 114 130 40 252 115 97 136 49 21 98 68 110 233 78 46 63 232 142 101 56 120 243 194 169
19 0 7 137 79 11 160 72 238 160 210 194 200 130 164 196 104 140 106 136 9 243 71 220 148 34 139 18 63 12 113 4
181 111 203 126 138 35 71 248 80 234 184 238 115 225 185 59 29 228 68 110 233 231 172 46 240 239 101 188 109 251 82 33
112 0 2 137 77 13 224 72 44 32 242 11 198 192 32 66 104 204 110 129 8 115 195 192 149 32 138 59 16 8 112 6
78 172 148 19 185 252 52 135 190 23 67 17 236 246 79 207 129 91 233 17 54 88 155 115 13 22 95 71 130 85 141 70
89 34 149 165 51 27 104 0 108 160 194 193 207 34 0 210 34 197 236 37 44 208 197 12 132 227 107 17 40 36 11 0
70 249 20 27 201 221 178 140 174 53 0 9 172 210 74 214 129 91 234 83 70 73 218 113 45 16 31 127 144 23 143 142
97 34 0 56 44 13 72 88 235 168 176 77 130 192 84 22 205 196 110 12 140 99 203 16 157 152 165 56 64 136 90 4
82 249 16 17 137 221 16 142 175 53 130 17 142 150 78 198 129 31 236 81 94 73 219 241 137 112 31 127 16 4 143 78
66 249 144 144 185 76 180 238 170 181 136 9 172 182 66 134 129 87 235 81 86 75 218 225 189 20 31 127 128 116 143 94
33 14 77 233 52 138 99 16 116 1 230 240 211 1 144 120 90 172 44 56 185 188 101 14 196 191 178 64 36 137 80 32
113 175 239 101 150 10 103 183 96 160 190 206 83 33 144 50 57 198 108 172 217 248 237 14 252 175 229 20 237 234 82 40
115 68 88 200 39 148 88 198 201 0 188 2 14 27 37 116 231 145 31 152 14 37 18 210 19 184 2 27 55 144 104 15
114 40 16 154 25 205 82 72 143 4 129 9 46 194 101 212 128 177 206 66 14 3 82 253 145 16 9 59 16 15 12 6
253 111 77 101 142 43 71 127 65 226 186 238 83 33 145 51 120 228 92 238 233 243 229 8 240 201 229 180 109 250 210 56
22 236 148 19 147 103 54 140 22 191 65 16 196 246 105 202 145 90 160 18 50 84 154 50 169 6 221 111 144 113 133 162
80 48 6 5 75 75 32 64 100 100 194 141 195 128 2 86 104 204 234 0 4 210 215 0 21 32 2 1 96 8 39 82
82 32 18 152 9 205 16 72 143 0 128 9 166 210 99 134 200 33 206 17 14 35 82 88 145 16 10 59 80 12 43 6
1 2 79 97 20 162 107 50 116 1 226 208 211 3 144 112 122 132 44 172 41 148 101 78 132 255 178 64 109 130 98 32
102 162 196 5 172 27 76 168 107 183 130 153 195 96 222 158 1 196 108 31 28 97 207 16 140 146 197 117 132 252 218 4
96 32 2 1 73 11 32 64 102 160 224 8 130 128 64 80 104 140 106 8 0 243 195 80 20 0 3 56 65 0 98 132
34 19 124 201 102 40 249 18 73 0 124 98 157 57 148 68 38 18 23 8 128 160 69 197 70 184 64 130 119 136 65 161
104 32 0 1 73 9 161 64 198 160 226 10 192 128 64 208 104 140 106 8 0 243 193 16 20 0 3 57 80 8 10 128
64 32 22 1 74 10 32 64 100 32 226 138 135 130 0 82 104 204 106 0 0 211 135 64 148 32 2 0 96 8 35 32
96 34 6 1 72 9 160 72 102 168 224 72 2 128 64 80 104 140 106 0 0 243 203 16 20 0 3 57 65 8 114 128
88 32 6 37 74 10 32 64 100 32 194 128 195 2 0 210 104 204 106 0 1 209 197 64 148 33 2 0 104 0 43 32
80 34 19 1 74 8 32 64 100 44 194 78 70 130 0 82 96 204 106 8 0 211 133 64 148 32 35 0 40 0 33 0
96 32 6 137 73 11 32 72 190 32 226 11 198 210 96 70 248 204 106 0 8 115 219 208 149 32 139 59 16 8 57 134
32 32 5 137 78 11 224 72 54 160 210 74 195 193 64 64 120 140 106 140 9 242 195 144 148 130 131 32 121 8 112 160
3 162 140 177 203 185 180 207 250 115 0 221 140 168 94 138 135 11 250 21 150 88 134 224 140 81 94 239 140 84 155 159
80 32 22 141 15 130 160 72 230 160 194 3 196 194 32 66 104 236 106 128 0 195 219 208 149 34 139 58 16 8 33 130
32 32 22 152 73 11 160 72 174 32 226 11 198 194 96 198 232 204 106 128 12 243 195 192 149 0 139 59 81 8 39 134
245 64 213 69 68 90 231 56 97 162 242 202 83 21 149 247 120 212 100 234 233 182 101 8 55 170 97 0 103 187 118 160
2 170 29 216 235 233 177 207 158 53 32 185 172 135 104 72 199 27 235 16 18 75 226 241 93 144 30 127 144 8 133 235
96 0 2 140 77 64 96 72 45 0 226 11 68 130 32 84 104 141 106 140 8 211 195 192 149 32 138 11 16 8 106 130
32 32 22 141 75 11 160 72 110 160 242 10 128 130 4 82 104 205 106 128 4 243 219 80 21 32 139 56 73 0 99 134
96 32 4 141 79 11 160 72 14 32 192 11 198 194 32 64 232 140 106 1 8 115 203 208 148 32 139 59 16 8 49 130
64 32 14 140 72 0 32 72 166 128 194 2 192 194 32 82 104 204 106 128 14 195 211 81 148 32 139 41 0 0 41 6
1 34 71 141 78 11 160 72 118 160 242 194 194 128 160 68 120 204 106 136 8 243 79 92 28 2 131 48 113 136 80 164
96 32 22 136 73 15 32 72 174 176 226 11 196 194 96 86 232 204 106 0 6 83 203 209 21 32 139 63 16 8 51 134
133 162 249 67 228 47 233 153 94 255 55 88 211 1 220 46 25 12 86 58 179 116 109 2 77 152 53 228 196 202 213 225
19 2 7 141 15 11 160 72 118 176 194 194 195 34 132 228 120 204 106 136 9 241 207 156 148 226 195 22 59 12 112 164
112 32 2 137 77 11 96 72 173 32 242 11 198 130 32 70 232 204 106 1 8 115 195 192 149 32 138 59 17 8 113 6
32 32 22 136 73 11 160 72 166 160 226 9 196 194 96 198 232 204 106 128 8 243 211 64 157 0 139 59 80 8 47 134
70 176 149 216 235 233 49 207 174 49 161 56 140 151 104 126 167 27 234 144 18 75 170 81 157 144 31 127 144 64 135 163
89 2 149 165 40 26 104 48 108 160 162 228 223 2 144 210 162 197 108 5 13 193 197 12 132 243 111 16 44 164 9 1
73 50 24 228 32 12 88 16 45 40 182 109 223 19 128 210 134 197 108 12 12 32 193 0 194 249 32 144 72 160 10 3
96 32 2 137 77 11 96 72 47 32 242 11 134 210 32 84 232 140 106 0 8 115 195 208 149 32 139 59 16 8 112 134
32 32 22 153 73 15 160 72 166 32 226 9 196 194 96 68 232 140 106 128 12 243 211 80 149 2 11 59 80 8 35 134
120 34 145 100 41 12 80 16 43 168 178 109 159 27 0 210 134 197 108 12 13 96 193 0 195 249 33 177 74 128 74 3
16 32 22 137 79 9 160 64 172 32 242 10 76 130 32 80 104 141 106 128 0 243 211 192 149 32 139 25 1 8 99 130
65 176 148 19 173 173 176 39 254 57 3 28 182 176 88 46 129 6 106 29 151 120 219 17 13 26 84 114 200 72 219 14
80 32 6 141 79 3 160 72 38 32 210 42 192 194 32 82 104 204 106 128 12 243 195 208 148 32 139 9 49 8 41 130
105 34 16 224 45 13 80 16 107 40 180 77 159 27 0 144 142 133 108 12 12 98 192 144 195 217 33 48 74 140 74 3
114 34 0 40 44 13 72 8 47 188 176 73 130 64 212 150 201 196 108 12 142 99 203 17 154 208 1 60 80 140 90 4
89 34 80 160 41 29 80 16 107 172 162 108 143 19 192 146 134 69 108 12 12 96 193 0 210 217 37 50 66 132 11 1
113 135 77 101 150 42 103 55 96 234 254 238 115 33 144 115 120 230 76 172 185 186 229 14 244 239 224 144 109 234 210 40
129 130 73 241 6 136 105 16 118 17 86 214 145 131 208 104 114 12 46 156 19 156 199 81 204 169 178 64 172 128 97 32
50 160 20 153 15 75 160 200 158 180 224 11 198 208 96 132 121 156 234 16 10 99 91 145 157 130 143 63 19 8 45 134
253 47 237 101 134 10 71 53 96 226 250 238 115 33 209 51 120 230 108 238 249 250 229 8 244 235 229 144 109 250 210 120
198 249 16 146 153 221 182 206 170 61 136 9 172 214 78 148 129 83 200 83 70 75 218 117 185 16 31 127 144 20 143 78
17 2 207 205 30 2 101 120 118 162 194 70 209 163 160 98 112 196 42 168 33 209 133 76 84 170 226 0 41 168 112 32
1 160 89 161 66 137 105 80 108 16 64 192 189 3 208 121 34 9 6 140 3 28 134 81 132 129 186 104 60 128 3 160
34 52 18 140 73 207 146 104 137 172 185 9 142 146 37 148 200 177 202 35 76 39 82 222 145 16 9 59 80 42 15 134
14 172 148 19 153 253 182 142 191 151 3 17 236 246 79 207 129 123 235 17 54 72 154 243 47 22 95 111 130 85 143 198
2 3 89 200 238 8 189 49 201 16 48 226 157 25 180 0 134 19 23 1 208 40 66 193 70 184 42 136 93 136 193 129
245 71 203 110 146 34 71 248 80 234 250 238 115 97 153 49 29 230 68 110 233 247 237 46 240 239 101 148 237 251 114 49
50 32 64 141 79 73 160 72 171 164 176 11 2 136 68 146 232 221 234 1 8 99 219 208 157 0 7 59 65 40 94 130
241 175 237 101 22 10 99 53 96 224 190 238 115 33 144 51 56 230 108 236 249 248 229 14 252 169 229 144 109 234 82 56
242 4 2 12 85 79 192 65 169 4 240 9 6 152 44 148 248 165 199 33 40 167 16 206 177 48 0 27 65 12 126 130
65 34 223 133 10 10 105 64 108 160 226 64 221 130 144 114 98 196 106 136 1 209 133 64 148 34 171 0 40 32 35 32
50 128 112 232 135 20 92 65 89 2 176 2 10 27 52 80 235 129 5 128 78 6 17 194 51 222 148 7 119 128 232 6
78 168 148 158 201 245 52 200 186 183 0 17 204 246 75 142 145 95 235 19 54 65 154 113 13 18 95 111 130 117 143 198
66 185 144 146 153 220 16 175 171 181 136 9 172 182 74 150 129 87 233 17 70 75 218 241 185 20 31 127 0 4 143 94
53 38 239 117 132 34 71 248 112 234 246 246 83 97 209 43 89 228 100 46 249 242 237 10 120 175 101 132 237 249 242 32
178 1 82 224 133 71 88 64 13 34 176 18 10 27 36 132 232 147 140 128 62 143 80 194 147 216 136 23 51 8 104 6
97 7 77 109 44 43 79 55 96 226 250 204 243 33 144 51 90 230 108 110 249 186 229 12 228 255 224 144 108 234 210 56
65 2 75 97 52 138 99 17 116 1 230 244 211 1 144 120 88 172 44 152 153 188 229 2 196 189 178 64 236 128 240 32
82 249 16 154 9 221 16 206 175 53 128 9 174 150 70 212 129 155 204 81 78 13 218 241 153 208 31 127 16 4 15 78
54 60 18 190 13 205 18 64 137 6 145 11 174 210 97 132 200 185 204 3 10 39 82 152 145 208 11 59 80 46 15 134
1 134 77 99 48 170 107 16 124 1 123 192 249 3 152 112 50 128 12 188 163 148 37 95 228 255 34 192 172 130 67 40
242 184 16 186 89 205 146 234 139 20 176 9 46 216 5 149 136 179 197 67 46 43 90 253 145 208 24 59 81 13 15 14
201 7 223 101 36 10 111 53 104 98 118 236 247 33 144 51 18 100 108 110 241 184 165 12 228 251 96 144 76 186 211 32
65 6 95 105 52 170 107 18 108 1 126 228 215 1 176 112 82 36 44 60 129 184 69 14 228 191 34 64 204 138 81 33
50 8 80 126 9 221 82 74 139 52 160 9 42 218 39 20 136 187 197 66 14 43 90 249 147 216 1 59 113 13 78 14
97 7 79 101 52 42 107 50 100 1 122 228 211 35 144 112 90 6 108 236 185 184 101 13 228 255 162 192 76 130 114 32
1 7 29 235 48 138 107 16 108 9 123 228 221 3 184 112 22 5 12 252 163 184 13 92 236 253 34 192 152 130 1 33
114 0 18 152 9 205 144 68 137 1 160 25 14 218 36 148 200 177 196 1 12 35 82 208 145 208 10 59 80 12 239 134
36 160 20 153 203 199 48 200 22 180 192 10 68 210 96 128 89 28 226 16 2 83 91 29 29 130 13 127 144 8 45 130
80 2 143 93 12 2 33 120 118 128 226 70 82 225 160 66 112 100 42 40 9 243 143 12 84 34 231 0 41 104 112 32
6 188 148 26 145 255 22 172 190 151 66 17 236 246 107 220 145 91 160 18 54 88 155 63 41 22 85 103 146 117 141 14
32 32 132 141 79 75 160 72 22 164 224 11 130 128 64 130 120 204 226 1 8 115 219 16 29 0 15 57 65 40 22 130
81 32 143 133 14 10 33 64 100 128 194 66 208 130 144 114 104 196 106 136 1 211 135 64 156 34 143 0 40 32 99 36
6 236 148 19 153 114 22 136 150 183 0 17 236 246 107 206 145 95 161 18 54 64 155 59 41 22 95 111 146 117 141 6
53 46 207 126 140 34 71 184 82 162 102 238 115 225 185 43 89 102 32 62 185 243 175 42 104 239 101 20 237 249 80 32
70 160 132 21 203 71 52 200 146 182 128 9 228 244 75 142 145 94 233 19 38 67 155 24 29 34 77 127 128 116 31 134
117 166 143 85 140 2 37 248 118 243 194 70 83 225 209 43 121 100 104 188 185 209 239 8 28 35 229 68 233 248 112 32
4 140 150 30 153 223 22 172 182 23 64 17 230 224 42 213 145 110 160 48 54 216 27 63 41 54 85 79 208 36 141 14
181 142 207 62 152 3 71 184 86 130 98 236 115 225 168 81 17 102 32 46 105 210 47 63 96 175 101 16 120 240 66 32
48 160 6 153 75 195 32 200 22 176 192 10 196 194 96 128 89 28 226 16 2 83 91 17 157 130 15 125 48 8 45 130
80 2 143 77 12 2 33 104 246 128 194 66 208 224 160 66 120 100 106 40 9 243 135 8 84 34 231 0 33 40 112 32
96 32 192 141 79 73 160 72 42 164 224 11 130 128 64 130 72 204 66 1 8 115 219 16 28 0 143 57 65 40 86 130
81 32 135 5 10 10 33 64 236 160 194 64 208 130 80 82 104 196 106 141 9 211 133 64 156 34 143 0 40 32 35 4
22 160 132 23 155 83 6 200 22 183 64 11 68 244 75 142 145 94 225 51 34 83 139 58 137 6 77 111 160 116 31 134
101 166 135 85 140 2 39 248 210 178 194 102 80 225 209 107 81 100 104 59 185 211 143 10 44 38 229 4 229 248 112 32
4 140 148 27 153 217 22 168 190 19 64 17 230 242 40 212 145 106 160 0 54 88 11 55 41 166 85 111 208 0 141 6
48 142 15 94 24 3 71 184 86 162 98 72 115 225 168 81 25 230 32 42 105 243 13 63 32 166 101 20 113 248 66 32
6 164 132 19 155 5 22 200 150 183 0 1 228 240 107 14 145 94 225 19 50 65 155 58 41 6 79 111 128 116 13 134
117 38 135 55 140 2 6 248 82 226 194 70 83 225 177 107 89 102 32 190 185 211 143 42 104 46 229 4 233 248 112 32
64 48 2 9 75 72 32 64 100 4 226 6 0 130 34 80 104 140 234 128 0 147 149 64 21 32 2 9 97 8 39 210
16 16 6 137 13 83 32 72 70 100 198 14 194 128 34 68 104 140 234 128 12 211 247 16 149 32 131 25 16 12 52 70
49 16 13 137 10 11 33 72 6 100 198 230 210 132 162 96 104 12 106 12 9 209 227 16 148 32 162 16 56 8 48 240
112 34 18 1 74 13 160 64 108 32 224 78 132 130 0 80 104 136 106 0 1 179 193 64 20 0 34 0 73 0 99 132
16 32 2 137 75 9 160 72 166 32 242 10 70 130 96 80 232 140 106 128 8 227 131 208 148 0 139 27 65 8 33 134
253 98 192 36 75 10 78 152 33 162 162 201 83 67 67 146 24 204 236 230 76 86 205 8 242 225 165 61 43 183 90 2
32 32 70 141 74 3 160 72 38 32 210 170 192 194 160 82 106 204 106 128 0 211 207 80 20 34 171 41 53 8 43 130
89 32 80 32 40 25 88 16 107 168 162 40 143 3 194 208 162 133 108 12 12 96 193 128 210 249 33 49 98 132 11 1
86 32 132 5 141 74 68 136 171 182 130 137 195 32 87 158 33 196 236 17 12 65 223 0 157 114 77 55 228 100 95 6
233 159 109 101 132 10 111 55 96 224 110 204 243 33 144 51 30 230 108 110 249 248 229 12 230 235 228 0 109 226 210 56
1 162 73 241 52 138 107 19 126 65 118 244 179 131 208 120 115 8 46 156 131 156 101 83 198 173 178 192 44 128 192 32
24 0 20 141 11 95 16 72 142 180 130 11 198 210 98 198 233 213 234 0 12 195 219 157 153 195 79 55 16 12 13 6
233 123 237 101 164 10 111 53 112 226 182 236 243 33 209 51 30 228 124 110 233 244 229 8 238 203 229 144 109 250 210 121
50 28 16 190 73 205 146 97 139 172 169 9 46 210 39 148 200 177 198 3 12 39 82 220 145 212 8 59 80 47 15 134
210 249 24 146 121 221 16 238 175 189 128 9 174 150 78 144 129 27 201 81 70 75 218 119 185 145 31 127 16 0 15 94
81 2 207 109 22 2 97 56 116 128 230 230 209 227 144 98 122 196 46 172 169 240 231 12 84 171 231 0 45 160 96 32
1 98 89 121 34 138 105 19 126 17 102 212 191 3 144 121 50 136 14 156 131 144 37 85 196 201 178 64 60 128 193 160
14 188 148 19 153 255 182 172 190 151 131 17 204 254 79 207 145 115 233 19 54 73 155 247 171 86 95 127 146 117 141 70
1 128 89 169 104 137 169 16 140 16 112 192 157 131 224 35 6 9 22 140 67 16 6 209 196 153 106 168 28 128 1 161
245 71 235 100 182 34 79 248 80 226 254 238 83 97 145 49 127 228 84 238 233 247 237 14 248 175 229 148 237 251 114 49
50 32 0 141 79 77 160 72 175 164 176 11 134 216 68 150 232 221 234 1 8 227 219 208 149 144 11 59 65 12 110 134
233 175 111 101 36 10 103 49 96 226 62 236 243 33 208 51 26 230 108 110 233 248 229 13 230 235 101 144 109 170 82 56
50 0 18 184 13 207 208 64 137 12 241 9 78 216 37 156 216 177 196 33 28 163 82 140 145 244 0 27 81 46 110 6
65 34 79 133 74 10 105 80 126 160 226 68 213 34 144 114 114 204 106 140 129 208 197 64 212 34 235 0 44 160 35 160
50 1 114 224 133 70 80 96 65 4 178 3 10 153 44 216 248 135 132 160 28 187 17 192 27 222 208 71 115 8 100 6
78 168 148 158 201 213 180 200 186 183 128 25 236 246 75 142 145 127 235 19 22 75 154 241 13 18 95 127 130 116 143 198
114 241 16 178 25 221 16 239 171 189 128 25 142 222 78 150 129 223 205 17 94 79 218 213 185 212 29 127 0 4 143 78
117 166 239 101 150 10 71 184 114 234 242 238 83 97 145 51 121 204 100 174 233 240 237 14 248 239 229 132 237 248 114 49
105 7 79 101 52 42 111 55 104 64 123 204 243 33 144 115 18 102 124 108 185 184 229 13 228 251 224 144 76 234 210 32
5 138 91 227 52 138 107 16 124 1 119 244 151 3 176 112 82 12 14 28 131 180 37 79 196 189 178 64 140 130 112 32
114 248 16 58 25 205 80 206 171 61 160 9 46 158 70 148 129 155 205 65 78 15 218 247 145 208 17 127 16 4 14 78
50 40 16 190 9 221 82 106 139 6 160 9 174 210 35 148 136 187 196 3 14 15 82 191 145 212 8 59 48 13 14 142
1 6 79 97 52 138 107 18 124 1 122 228 251 3 152 112 50 128 12 188 163 144 37 95 228 191 162 192 204 130 65 32
186 56 16 190 73 205 16 74 155 20 176 9 175 222 35 156 136 187 197 65 46 43 90 189 145 209 24 59 114 13 15 142
193 131 239 103 36 14 111 49 120 74 119 76 255 33 144 51 22 100 108 110 225 180 165 73 228 251 96 144 72 178 195 33
69 7 95 105 52 174 123 48 108 8 123 228 223 33 176 113 150 7 46 110 161 176 37 125 228 187 98 192 92 131 1 33
56 152 80 122 41 221 80 206 135 55 176 9 43 219 46 144 137 147 197 0 14 43 90 181 83 217 16 59 115 140 76 10
197 7 31 111 52 10 107 48 108 8 123 100 223 99 184 113 150 4 44 110 177 176 41 93 236 251 98 192 76 130 97 33
58 144 80 250 73 221 80 254 147 61 176 25 47 223 42 144 137 155 197 0 14 47 90 181 147 209 16 59 115 140 206 158
50 8 16 186 9 221 80 78 139 6 160 9 47 222 34 148 136 179 197 1 30 15 82 177 145 208 16 59 115 12 14 142
32 32 20 137 75 71 48 72 22 180 192 10 196 210 96 132 89 24 234 16 2 115 219 17 29 130 15 63 16 8 45 130
14 188 148 27 153 223 54 168 190 151 66 17 236 246 78 221 145 123 224 16 54 88 155 119 45 22 85 111 146 101 141 70
53 14 207 126 154 2 71 248 82 194 230 236 115 225 185 49 21 230 100 46 233 227 47 47 240 175 101 144 121 248 82 49
17 34 143 93 8 2 97 88 246 160 226 70 81 227 160 66 120 228 106 8 9 241 143 12 84 35 231 0 40 168 112 32
32 32 0 141 79 73 160 72 38 164 240 11 134 128 64 144 104 140 234 1 8 243 211 80 21 0 11 57 65 8 30 130
6 188 148 19 153 247 54 168 190 151 2 17 204 246 79 223 145 123 160 16 54 88 155 119 45 22 93 111 146 117 141 6
53 14 207 126 138 34 71 248 82 226 246 236 115 225 185 59 29 238 36 46 233 227 47 47 240 175 101 144 237 249 82 33
81 32 15 133 14 10 105 64 236 160 194 66 209 130 144 114 104 196 106 136 1 209 133 64 148 32 171 0 41 0 99 32
78 176 150 22 137 215 52 200 146 182 0 1 196 246 75 142 145 127 233 18 38 65 155 48 13 18 79 127 130 116 15 214
117 166 207 117 142 2 71 248 82 243 198 230 83 225 209 43 89 236 96 46 169 242 239 10 120 175 229 4 237 248 112 32
4 160 148 27 155 215 18 232 54 181 64 1 102 242 107 220 145 122 160 16 54 80 27 63 41 6 69 111 210 4 13 70
49 134 207 126 24 2 71 184 214 242 98 228 115 225 161 113 81 228 96 46 169 243 47 63 96 174 101 4 120 240 64 32
6 160 132 23 155 87 20 200 22 182 64 9 100 246 75 142 145 94 233 18 6 211 155 49 9 2 77 111 130 116 15 134
101 166 143 85 156 2 36 248 214 178 194 100 83 225 145 107 81 100 104 60 169 241 175 8 40 43 229 4 237 248 112 32
137 128 11 249 20 142 107 19 118 65 103 84 211 3 48 120 117 140 42 156 139 188 49 83 237 237 146 64 248 128 224 48
88 0 4 173 11 91 16 40 14 180 130 137 203 34 2 210 193 212 236 32 12 195 223 156 153 227 79 55 50 44 13 6
160 24 24 190 120 205 82 106 138 44 176 9 183 222 35 16 136 187 70 67 46 43 82 63 209 133 41 57 80 41 15 202
64 184 56 178 24 205 19 238 170 60 132 9 183 214 67 16 129 27 75 65 70 11 218 53 253 133 63 61 16 0 15 218
65 2 207 109 44 10 97 24 118 72 246 228 211 227 144 96 88 204 46 140 137 240 239 28 68 171 227 128 125 168 112 177
233 120 239 101 36 15 111 53 120 226 38 204 243 33 81 51 28 228 120 110 233 244 245 10 231 219 69 0 78 250 82 120
94 132 148 52 139 87 148 168 191 183 130 9 238 254 15 199 145 87 233 35 60 193 219 157 185 210 79 119 146 100 45 6
1 2 223 107 48 139 107 144 126 65 126 228 223 3 176 120 23 9 14 156 131 148 37 127 196 223 50 128 156 131 33 41
246 177 184 178 184 204 80 239 171 189 129 25 150 222 74 18 129 223 77 17 94 75 218 0 249 145 31 127 128 0 143 83
245 6 237 101 150 10 79 184 80 234 254 238 83 97 145 49 127 196 116 174 233 242 237 14 248 239 229 148 237 250 114 49
133 10 25 251 160 129 105 144 94 8 114 244 157 131 224 104 22 9 14 94 131 144 7 242 196 221 50 128 28 129 1 169
94 176 150 26 153 215 148 200 190 182 128 1 204 246 79 142 145 119 233 17 38 65 155 249 139 83 79 127 130 116 15 70
50 4 114 224 5 230 80 66 213 6 242 19 10 185 44 212 216 189 133 160 12 163 16 194 155 216 128 15 243 76 108 6
117 166 237 101 150 10 111 184 112 226 246 238 83 97 145 49 127 196 116 174 169 242 237 14 252 239 229 148 237 248 82 49
70 176 150 158 137 213 148 232 186 182 128 9 236 246 78 134 145 127 233 17 6 67 154 241 153 50 79 63 130 100 15 198
201 135 127 111 52 10 111 48 104 72 127 228 215 33 144 115 150 102 108 108 241 184 165 13 228 251 96 192 76 162 67 33
77 134 95 107 48 138 107 16 108 73 127 228 223 1 176 112 151 4 46 60 163 176 37 95 236 255 34 192 220 130 97 33
117 166 207 101 150 10 103 184 118 226 246 230 83 97 144 113 61 204 100 172 169 240 237 14 124 239 229 132 237 232 82 49
186 240 80 50 121 205 80 239 175 61 161 25 15 223 74 148 129 155 197 0 110 15 90 183 187 209 21 127 114 20 142 222
186 152 16 190 73 221 80 206 131 63 176 9 47 223 43 157 137 155 198 64 46 47 90 191 147 209 16 59 114 140 14 142
73 7 31 107 48 174 107 48 108 8 127 100 223 35 184 113 176 3 46 252 161 176 33 125 228 255 34 196 216 131 97 33
184 144 16 186 73 221 80 222 147 53 176 25 47 223 42 149 137 155 197 0 46 47 90 181 147 209 81 63 115 140 142 138
197 7 31 111 48 14 123 48 108 72 119 68 222 97 184 113 150 5 44 110 177 176 41 93 228 251 98 192 88 162 33 33
184 144 84 122 73 221 80 206 135 53 176 25 43 223 46 145 137 147 199 0 46 47 90 177 83 201 48 63 115 12 206 10
193 214 159 109 36 14 119 56 120 74 118 116 222 51 136 115 180 69 124 110 225 244 161 73 231 251 98 130 72 48 99 33
184 176 120 114 233 221 80 221 54 53 181 25 27 221 74 144 137 146 197 0 62 43 90 23 91 201 49 125 115 140 206 130
6 184 148 27 153 221 48 168 190 181 0 17 236 246 79 206 145 123 233 17 54 72 154 117 15 18 93 111 146 84 141 198
117 6 207 124 146 2 71 248 80 226 226 236 115 97 145 49 29 228 100 46 233 243 45 14 248 239 101 148 237 248 114 49
77 151 63 105 48 174 107 48 124 65 110 68 221 99 56 113 150 5 56 124 161 144 49 93 239 251 2 64 216 131 97 32
5 86 159 233 50 135 59 152 30 1 78 68 220 83 160 96 214 9 26 28 131 144 49 222 229 221 14 68 152 147 161 33
48 24 250 120 204 244 80 82 213 140 244 3 34 249 54 72 200 176 167 16 140 171 82 32 83 219 208 27 245 232 124 130
48 208 88 122 104 205 80 206 183 63 176 25 39 221 46 17 137 155 199 0 46 47 90 53 211 211 16 63 113 152 206 218
201 195 191 111 36 14 111 49 120 74 119 68 255 33 152 115 182 68 108 110 225 252 161 107 230 251 96 128 72 162 227 97
201 23 31 105 48 142 107 176 124 72 126 100 223 99 184 113 246 7 44 110 161 176 33 93 230 251 98 196 88 131 97 33
184 144 88 126 105 221 80 206 135 63 180 25 43 223 42 153 137 147 199 0 14 47 90 181 83 219 80 63 115 156 206 218
193 151 31 111 32 14 119 56 120 74 119 116 222 115 136 115 182 69 108 110 241 180 161 79 230 251 98 192 72 162 99 33
184 176 84 178 233 221 80 253 163 63 181 25 15 223 74 145 137 146 199 0 126 39 90 149 219 193 117 125 115 140 206 195
205 86 189 109 34 6 53 56 120 90 118 84 220 115 136 123 180 69 124 46 225 244 177 75 199 251 98 134 72 112 35 33
60 176 124 66 233 125 81 216 162 189 181 25 91 87 74 25 25 144 199 58 58 99 122 20 91 201 101 125 227 139 78 211
