130 180 148 17 153 185 180 143 254 51 42 16 172 48 76 143 129 67 234 16 54 200 91 119 44 22 92 103 200 68 139 142
81 0 134 157 12 2 164 104 246 130 194 2 192 226 49 111 112 228 106 171 37 211 159 77 20 34 207 0 8 112 113 4
82 50 80 225 34 8 120 80 45 0 178 237 143 27 0 80 166 149 255 132 4 65 145 192 150 248 10 130 46 132 35 1
83 32 150 133 10 10 40 64 173 160 226 196 205 162 80 86 34 197 106 157 5 209 149 64 156 50 79 0 40 32 35 4
194 204 132 159 137 164 164 166 222 19 0 21 228 224 4 207 129 98 234 3 118 77 219 123 44 50 95 27 144 124 153 142
36 162 212 137 250 11 144 200 30 185 49 250 196 226 232 10 63 93 110 51 50 113 201 81 28 130 111 255 212 106 135 131
43 172 184 26 221 221 178 198 90 1 124 24 188 248 118 160 137 123 146 17 150 122 218 179 47 29 29 107 217 76 219 142
197 96 213 69 36 106 107 24 113 226 51 72 211 51 221 191 50 196 124 234 169 244 253 72 6 170 225 132 239 243 66 32
102 36 173 144 205 105 177 75 138 247 177 27 134 188 93 11 137 7 227 17 50 103 234 192 93 18 93 127 197 109 86 226
34 162 168 177 221 237 181 207 90 55 20 27 164 169 90 8 137 11 35 21 18 120 202 243 77 21 94 111 212 76 215 202
71 32 205 5 194 66 172 33 120 226 195 196 209 50 213 58 120 205 122 173 181 210 213 74 60 46 239 132 141 96 51 148
80 32 19 136 11 73 32 64 174 32 162 2 134 146 0 212 232 148 234 128 8 115 201 80 149 32 11 51 64 8 35 6
48 34 66 137 94 11 162 72 38 36 248 139 66 128 32 16 120 140 98 133 12 179 199 82 52 36 131 41 113 10 114 130
48 141 10 174 20 195 87 240 20 4 234 1 119 231 34 16 88 250 7 226 72 179 8 63 225 165 33 0 113 42 102 226
5 176 153 251 201 229 177 75 158 115 65 16 148 247 104 106 201 27 50 144 19 94 122 208 141 146 91 110 152 72 161 162
80 34 7 140 9 2 161 72 174 164 194 3 196 195 32 66 104 212 106 128 0 211 131 80 149 32 139 17 0 8 37 130
34 37 19 140 91 195 162 72 22 128 200 171 68 192 32 196 216 120 234 96 2 163 218 223 53 20 11 59 83 14 37 134
48 173 26 186 92 141 82 232 158 4 104 9 247 218 34 80 217 235 6 65 14 10 90 63 249 165 47 41 80 10 46 130
224 185 17 90 249 173 81 143 203 25 32 92 190 155 68 16 129 27 74 16 18 43 218 117 77 152 16 122 216 0 195 139
80 32 18 136 9 9 32 64 174 32 162 3 134 130 0 80 232 132 106 128 8 83 209 80 149 32 139 49 0 8 35 2
133 224 132 147 45 173 224 216 238 91 161 92 150 194 89 159 201 0 110 31 167 71 218 113 133 26 127 124 216 89 67 132
80 32 6 140 9 9 160 72 174 0 194 10 196 194 32 82 232 197 106 1 4 195 147 192 145 32 139 27 16 8 41 130
27 16 113 169 39 102 185 24 13 64 82 230 156 62 148 232 166 23 191 161 149 152 117 192 133 120 154 134 172 68 33 125
33 32 7 137 78 11 224 72 118 160 242 74 211 128 64 224 120 140 106 140 9 242 199 16 20 32 131 32 121 8 112 132
80 32 18 136 9 9 32 64 172 32 162 10 134 130 32 208 232 133 106 128 8 99 131 64 149 32 139 59 0 8 35 2
80 32 6 140 13 3 160 72 174 0 194 10 196 194 32 64 232 132 106 129 0 99 131 208 149 32 139 27 16 8 33 130
80 32 6 12 9 11 32 72 174 160 130 0 198 194 64 214 232 196 106 0 8 83 203 80 149 32 3 51 0 0 35 6
152 69 94 101 84 15 103 112 116 38 110 3 115 35 50 81 120 164 34 46 104 180 17 15 119 175 96 1 97 168 104 10
246 33 132 137 13 17 136 8 134 176 129 155 192 192 93 207 72 196 233 213 14 71 223 81 157 32 203 127 16 45 26 6
97 10 143 109 20 46 99 51 116 33 234 84 211 33 48 96 80 100 40 44 153 184 113 14 197 174 144 64 200 170 208 32
150 27 121 65 166 89 158 17 77 104 49 234 157 28 213 32 134 17 149 3 199 32 101 194 3 217 46 150 85 204 5 117
230 160 132 159 77 34 128 136 18 177 131 19 192 96 93 207 73 68 106 145 62 68 223 17 13 34 223 127 153 45 56 134
145 33 91 161 82 130 105 80 52 17 98 214 149 131 208 89 122 140 6 156 19 156 133 68 204 169 186 196 44 128 35 128
187 36 106 224 71 92 248 64 121 196 84 27 25 28 86 57 58 137 151 149 148 180 180 192 87 73 154 107 103 132 119 198
253 100 237 97 141 111 75 216 83 242 165 24 83 5 89 59 89 196 120 254 57 119 249 2 219 203 197 116 233 123 82 112
253 107 205 101 132 10 111 181 96 226 182 206 211 33 209 51 56 228 108 238 233 252 237 40 236 169 229 20 109 186 82 40
50 32 18 184 13 205 144 64 141 132 241 11 166 216 97 12 216 57 203 65 8 35 146 152 145 212 11 59 80 46 23 138
10 120 16 186 25 205 18 64 143 60 137 9 174 210 97 140 136 57 234 82 10 11 90 177 145 212 11 59 18 31 5 46
84 112 188 183 168 108 17 10 174 255 139 17 214 255 75 74 129 85 109 17 14 69 219 0 201 166 123 21 128 113 5 83
118 96 18 60 77 205 146 104 137 4 241 9 110 216 46 18 216 177 194 99 78 35 210 217 145 208 2 59 81 47 103 134
84 116 152 182 136 108 21 138 170 190 143 25 151 246 75 90 129 85 109 3 12 69 219 34 209 247 127 61 128 113 15 83
237 110 205 101 44 47 75 152 90 234 52 236 211 1 209 59 31 68 124 126 169 100 237 10 204 219 97 180 204 251 82 33
113 15 205 101 40 11 79 59 96 162 58 204 243 33 145 51 30 228 108 110 201 240 197 8 228 170 101 176 109 250 82 40
97 10 201 109 52 42 67 18 116 33 102 224 243 33 145 112 82 172 44 8 137 184 101 14 196 175 176 16 252 168 80 40
70 161 144 180 137 108 148 75 170 181 137 25 140 182 72 158 129 87 233 17 18 75 218 192 153 213 31 127 128 100 143 6
129 40 79 49 48 138 105 23 116 17 98 212 147 3 144 121 122 172 14 156 59 220 69 76 204 169 178 68 168 128 98 160
114 72 20 184 89 203 82 72 143 164 160 9 14 210 37 212 200 177 206 112 12 3 82 220 147 208 1 59 18 47 14 6
118 241 144 48 217 204 16 174 171 61 168 25 14 158 78 18 129 215 237 81 30 75 218 245 185 84 29 127 128 4 143 86
86 49 144 178 185 108 16 11 171 181 137 25 14 190 78 154 129 215 237 17 30 75 218 192 155 244 29 127 128 101 143 70
1 82 153 251 110 137 185 20 206 24 80 98 157 155 225 106 134 17 62 9 131 52 66 209 132 152 58 170 28 152 1 161
58 0 66 232 197 86 90 66 1 36 246 2 11 27 36 212 248 148 149 224 8 183 16 140 51 249 128 71 51 141 124 2
58 33 18 44 9 205 146 72 169 4 225 9 175 216 46 148 216 185 196 99 76 35 210 137 145 208 2 59 81 14 111 134
65 10 217 249 36 168 105 18 126 1 82 244 183 131 176 120 82 44 46 28 131 184 197 19 196 188 50 192 156 137 81 33
129 34 67 113 48 138 107 18 116 1 114 212 179 3 144 112 90 172 76 156 155 188 69 70 140 188 178 192 108 128 98 160
50 0 18 184 29 205 80 64 141 132 145 11 142 216 33 132 216 177 207 49 8 35 82 220 145 208 8 59 18 14 45 6
114 88 16 186 25 221 82 64 143 40 160 9 46 210 33 148 136 179 204 82 14 11 90 189 147 212 1 59 18 15 12 14
50 96 18 186 25 205 144 73 141 4 145 9 174 218 101 132 136 57 206 17 14 35 82 217 145 144 10 59 80 14 15 6
33 6 77 249 52 170 107 19 124 1 115 240 247 1 144 96 82 6 14 44 163 188 69 143 228 191 178 128 188 136 208 40
118 9 82 218 93 253 82 64 137 4 161 11 42 219 39 148 200 177 133 66 12 35 82 157 147 216 0 59 115 175 78 6
17 2 77 97 2 2 105 21 116 1 227 194 243 3 144 120 122 140 46 140 137 184 69 68 196 170 242 0 109 128 96 40
1 10 91 99 50 138 59 20 126 1 114 228 159 3 128 112 54 45 44 92 131 152 5 118 204 188 50 192 172 131 1 41
177 97 72 1 84 11 99 89 100 32 226 206 147 0 128 48 120 140 66 252 41 176 69 4 228 160 32 4 105 136 114 160
96 32 0 1 74 9 32 64 100 32 226 8 131 128 0 80 104 140 106 8 8 210 199 0 20 32 1 40 97 0 18 128
16 0 2 1 74 11 32 64 116 32 194 2 195 128 0 64 120 140 106 136 0 210 197 0 148 160 130 0 33 8 49 128
0 32 18 136 72 9 160 72 238 32 194 8 132 128 32 64 232 12 106 0 0 211 129 80 144 32 2 56 80 8 35 130
16 32 2 137 74 11 32 72 102 32 194 2 130 128 0 80 104 140 106 128 8 179 195 16 20 0 130 56 97 8 48 128
80 32 6 137 8 9 160 72 108 32 130 8 134 130 32 64 104 4 106 0 8 131 67 0 148 0 11 24 0 8 35 130
96 32 0 137 72 9 0 72 70 32 224 10 130 128 0 64 72 140 106 0 8 19 65 16 148 32 139 56 80 8 34 132
80 0 2 9 8 9 32 64 100 32 194 0 194 130 0 64 104 132 106 136 8 19 193 64 148 32 130 16 0 8 33 0
112 32 2 1 72 9 32 64 44 32 162 8 134 128 0 80 232 132 106 0 8 195 193 64 148 32 3 48 64 8 3 132
64 32 0 1 74 9 96 64 100 32 226 8 131 0 0 80 104 140 106 8 0 82 197 0 148 32 131 40 32 0 2 128
32 32 2 9 72 3 32 72 118 32 98 0 67 192 96 64 120 76 34 8 8 242 207 16 20 32 3 32 113 8 32 128
0 32 22 8 72 3 32 72 180 0 194 0 68 194 96 64 120 12 106 0 0 211 131 0 20 32 3 8 0 0 35 128
246 66 244 116 9 120 81 2 235 182 167 25 74 171 79 95 129 213 236 2 44 69 235 192 147 250 81 31 226 245 68 70
40 168 184 58 217 221 178 207 90 49 116 25 172 248 86 56 137 123 226 17 150 122 218 115 79 29 29 107 209 8 203 142
253 65 199 69 4 30 110 176 112 226 226 66 83 16 149 247 58 196 124 234 237 244 189 8 54 234 231 4 111 179 122 36
102 32 173 176 205 105 177 75 138 179 17 59 132 189 77 10 137 23 243 17 18 103 202 192 29 18 95 127 192 73 215 226
24 69 119 236 20 66 103 120 100 0 250 2 83 119 32 68 120 244 14 234 73 177 33 12 241 172 163 0 115 186 116 32
114 136 111 200 77 193 213 198 131 21 168 11 0 157 116 3 233 144 91 193 10 43 58 241 83 8 200 63 81 72 244 226
5 39 233 101 180 74 111 50 116 164 94 192 211 33 145 96 19 76 52 234 233 248 229 14 237 175 167 4 228 242 86 96
16 32 19 136 11 72 160 64 238 32 226 2 134 130 32 212 232 149 234 128 8 195 129 80 145 32 139 51 65 8 43 4
50 37 67 136 95 67 162 72 55 4 248 139 66 192 32 148 120 140 2 129 8 179 192 222 52 52 131 43 81 14 118 134
56 69 30 174 16 131 71 120 164 132 238 1 119 99 32 80 88 240 15 106 104 163 9 61 241 229 33 16 112 186 100 34
5 48 145 155 201 229 176 74 138 251 1 24 156 242 105 42 193 27 122 16 19 103 218 208 13 146 91 126 152 73 1 162
16 32 7 140 9 2 160 72 174 36 194 3 196 131 32 214 104 196 106 128 8 195 131 80 149 32 138 58 16 8 39 32
50 173 26 170 91 149 146 200 158 0 232 11 102 216 100 128 217 251 130 33 14 35 26 191 185 196 15 59 80 10 43 134
56 173 26 170 16 135 82 232 22 4 232 1 119 251 34 80 216 235 7 99 14 131 24 63 249 133 47 57 112 10 47 130
32 162 17 97 181 45 80 143 107 57 48 92 142 27 204 152 129 10 68 28 18 124 73 19 142 220 52 118 216 8 203 137
16 32 18 137 9 9 160 72 174 32 226 1 134 130 32 80 104 132 106 128 8 195 193 80 149 32 139 57 0 8 35 130
19 17 113 169 166 6 169 1 109 65 82 194 157 30 144 228 38 21 63 157 145 152 117 192 165 120 138 194 180 128 161 101
96 4 238 69 68 14 231 55 116 134 110 2 115 33 145 98 112 108 34 42 96 240 177 14 101 175 96 0 97 248 84 160
197 112 149 154 109 173 160 138 238 59 145 92 148 194 73 251 129 0 110 30 167 71 202 112 133 26 123 62 152 81 11 5
32 34 65 69 78 9 224 64 100 32 242 202 131 0 128 112 104 140 106 136 8 242 197 64 20 160 35 0 97 136 66 160
64 32 6 140 9 11 160 72 174 0 194 1 196 194 32 66 232 196 106 1 0 67 195 80 149 32 139 59 16 8 35 2
60 69 196 37 149 58 70 48 33 164 170 137 67 41 3 146 24 228 205 110 108 163 81 14 243 237 37 17 227 255 90 2
49 32 15 169 78 11 160 72 118 160 194 74 211 128 64 64 120 140 106 140 13 242 199 16 20 0 163 0 121 8 120 128
16 32 2 137 9 9 160 64 238 32 226 0 134 130 32 212 104 132 106 128 12 195 193 80 149 32 11 59 0 8 43 134
244 105 14 166 9 26 86 168 161 162 130 9 103 194 11 211 144 229 236 98 108 71 202 40 178 227 69 63 32 55 10 2
48 34 197 77 74 11 32 72 118 160 226 226 67 160 192 212 120 204 106 8 8 242 205 28 28 162 69 0 97 168 118 160
0 32 6 140 9 2 32 72 238 32 194 0 196 194 32 70 232 68 106 0 0 195 131 80 149 32 10 59 16 8 33 6
246 96 132 145 143 9 128 8 142 180 131 153 130 128 87 31 64 196 104 115 62 69 223 16 156 32 201 127 0 25 26 6
209 8 155 121 21 142 99 18 116 1 99 84 211 129 48 96 240 44 40 28 187 188 49 14 221 174 146 64 168 128 112 32
70 18 249 228 174 5 159 17 137 138 49 239 156 156 228 34 135 49 159 3 193 39 42 192 113 28 46 186 85 170 133 119
19 64 104 65 70 118 249 94 97 198 254 3 24 29 22 44 58 133 19 173 128 182 53 192 87 43 198 133 103 244 118 230
237 105 173 108 141 15 71 61 192 226 164 76 243 113 81 59 216 228 120 110 233 99 251 8 227 219 197 60 88 122 82 56
1 130 31 249 48 174 105 18 124 3 99 84 189 3 144 120 55 13 30 156 179 156 17 95 196 239 178 64 56 128 33 32
32 120 24 186 88 205 82 64 150 60 165 9 182 211 99 16 200 187 74 66 70 43 90 57 247 129 49 57 80 27 12 138
253 105 237 101 4 14 79 181 112 226 166 78 115 1 81 51 88 228 120 238 233 244 245 40 247 203 197 48 105 186 82 56
123 68 104 65 69 92 124 20 41 182 54 2 9 15 150 255 34 148 149 140 236 148 53 192 87 251 212 131 39 148 220 102
64 225 152 48 216 205 49 159 166 181 6 25 151 159 74 90 129 31 105 17 86 88 219 16 253 133 61 109 128 0 143 74
68 49 188 179 168 108 49 27 162 189 11 17 215 247 75 90 133 87 105 17 18 80 219 0 205 167 127 69 160 97 133 83
252 248 16 190 73 205 146 232 139 28 176 9 46 217 33 144 136 177 199 67 74 35 90 189 145 209 3 59 81 63 15 130
193 2 223 123 52 170 97 19 124 1 103 240 247 1 176 120 82 44 44 28 179 188 101 14 228 255 50 64 164 128 80 40
84 49 152 182 152 108 16 11 170 189 141 25 150 182 75 26 129 87 109 17 30 75 218 64 217 133 127 127 128 97 143 66
122 249 16 58 89 205 146 238 171 61 160 9 174 158 70 148 129 211 205 65 78 75 218 245 185 208 31 127 80 21 15 206
50 88 80 250 89 205 82 64 143 132 161 9 46 219 39 20 136 179 207 66 78 11 90 189 179 208 1 59 114 14 78 14
1 134 79 97 52 170 107 54 116 73 122 192 211 3 144 112 17 166 108 156 153 188 101 95 196 255 178 192 204 130 66 40
129 82 153 251 34 173 57 20 94 9 80 116 189 147 233 104 150 25 62 24 131 148 2 211 196 157 58 168 152 152 1 169
50 32 18 188 25 205 82 64 137 4 225 9 46 216 34 148 216 185 196 99 76 35 82 141 147 208 0 59 114 47 46 134
65 26 155 233 52 174 115 18 110 9 126 100 255 3 160 112 150 46 12 28 147 184 33 127 236 189 34 192 152 131 65 33
1 166 79 97 52 170 107 18 124 9 122 244 183 3 144 112 146 40 78 60 179 156 101 15 236 190 34 192 76 130 98 33
186 184 16 186 57 205 82 238 139 60 128 9 174 159 33 148 136 187 197 67 78 11 90 185 145 208 24 59 114 13 14 142
65 7 31 237 52 46 115 54 108 8 122 100 255 33 168 113 150 38 44 44 177 184 1 125 228 251 98 192 24 162 65 41
190 8 82 252 77 217 82 64 145 4 241 11 43 218 39 144 200 185 133 66 44 39 82 159 147 217 0 59 115 47 110 134
73 143 79 111 52 42 107 54 108 1 122 228 243 35 144 112 82 102 60 44 145 184 5 45 228 255 226 192 140 162 83 41
178 8 80 190 9 217 82 66 131 4 176 9 46 219 39 148 200 179 197 67 46 47 82 187 147 208 0 59 115 61 78 6
102 38 252 84 203 40 17 2 235 191 163 57 74 170 71 91 161 215 237 16 60 71 130 64 83 50 81 63 129 101 70 71
32 170 184 51 201 173 177 207 90 53 52 25 172 184 94 8 137 27 227 17 18 122 202 113 77 17 30 111 209 72 199 202
221 96 195 69 4 94 110 152 96 226 115 74 83 56 213 190 58 196 124 238 205 244 253 72 38 234 229 4 111 243 82 4
88 69 87 204 20 66 71 120 228 132 238 66 83 87 161 101 120 244 46 234 105 177 33 12 241 170 166 0 35 186 116 32
114 128 43 216 157 197 211 206 195 1 160 26 18 220 100 32 201 179 145 81 24 47 18 182 185 212 156 123 81 8 244 46
93 5 126 101 180 14 95 49 100 168 191 32 91 57 146 114 54 116 93 110 200 161 9 14 234 239 37 17 102 226 72 35
16 32 18 137 8 8 160 64 238 32 226 2 134 130 32 208 104 149 106 128 12 195 129 80 149 32 139 59 1 8 43 132
50 37 2 136 89 211 130 72 30 0 248 139 2 200 36 144 216 185 130 33 14 51 138 159 177 212 9 43 81 14 62 134
176 69 94 236 24 131 71 120 165 132 238 0 115 67 34 81 88 228 14 106 104 163 9 29 243 163 33 0 48 186 100 34
4 176 149 145 201 237 177 75 222 243 1 56 148 242 104 42 193 27 122 16 19 88 218 208 141 144 95 127 152 73 133 162
2 32 7 140 9 2 160 72 174 36 194 3 196 131 32 198 104 196 106 128 8 195 195 80 145 32 138 58 16 8 49 130
173 162 208 97 228 43 96 25 123 179 51 89 203 9 72 26 155 140 68 52 30 244 201 16 142 217 37 117 234 234 202 128
80 32 2 137 9 9 32 72 174 32 226 0 134 130 32 84 104 132 106 128 8 195 195 80 148 32 139 59 0 8 35 130
0 32 150 28 9 194 160 72 230 160 194 0 196 194 96 210 233 116 106 0 0 195 139 16 29 34 15 59 0 32 43 4
80 4 254 69 20 78 231 53 116 6 102 18 83 33 144 96 120 76 32 40 40 248 177 14 101 175 112 0 97 168 244 160
197 114 157 16 44 45 176 154 238 187 1 124 156 210 73 235 129 64 106 26 135 101 202 112 133 26 119 62 152 113 11 5
96 34 69 73 78 11 160 64 52 32 226 202 195 0 128 208 120 140 106 136 8 242 197 0 20 160 3 32 97 8 98 160
112 32 2 137 72 9 32 64 110 32 226 10 132 130 0 80 104 140 106 128 12 211 193 80 148 32 139 57 1 0 43 130
80 32 6 141 9 2 32 72 166 0 194 0 196 130 32 86 104 76 106 0 4 211 195 80 148 32 10 27 16 8 35 130
252 98 2 46 9 26 86 232 161 162 130 9 103 194 11 211 144 229 236 103 108 71 138 40 176 227 109 63 32 55 10 2
32 0 126 77 68 78 97 120 116 6 230 0 83 49 34 81 120 4 34 40 40 178 49 14 87 175 96 4 97 168 100 226
145 24 27 123 21 142 97 86 116 73 226 84 118 209 32 105 240 40 42 28 59 189 51 44 209 168 18 64 152 9 112 42
118 101 4 164 9 45 22 72 161 180 136 9 7 128 67 151 128 229 205 99 76 67 216 136 177 208 77 63 0 127 30 14
97 234 197 113 36 139 73 191 86 241 50 252 179 33 208 48 11 70 108 28 219 248 237 53 204 158 245 240 76 136 210 40
71 112 155 248 106 37 185 81 138 177 81 206 156 159 112 11 166 25 19 145 131 114 146 208 213 153 78 168 157 88 129 177
81 132 95 109 17 174 107 51 108 65 106 4 255 35 24 112 50 6 120 172 177 152 53 95 229 175 2 64 168 130 225 32
36 72 24 254 76 205 147 88 142 4 245 9 182 211 35 0 200 56 66 66 66 39 90 57 213 144 1 57 80 43 4 130
249 105 175 101 133 14 71 37 112 226 166 14 115 49 81 51 88 228 120 110 105 246 241 8 247 235 197 48 105 122 82 58
50 0 110 68 197 86 253 85 97 166 246 18 25 153 62 106 120 148 151 169 220 183 53 202 83 123 198 5 103 136 244 198
64 241 184 177 216 205 113 159 50 189 5 25 148 151 74 82 1 30 105 24 82 88 219 80 237 132 61 108 160 128 135 226
65 134 95 105 48 174 107 18 124 9 122 68 223 3 176 112 23 39 44 60 177 184 5 79 236 255 50 64 200 130 97 33
160 216 88 122 88 205 210 238 139 60 188 9 54 221 33 17 137 187 71 66 106 43 90 125 243 145 16 59 81 25 78 138
237 104 239 101 36 15 111 21 120 226 102 76 247 1 209 59 22 100 120 110 225 244 245 8 230 219 69 48 206 250 82 120
58 28 80 254 77 221 82 106 133 4 249 9 42 221 39 144 136 187 199 66 78 43 82 191 83 217 0 59 115 45 78 138
65 135 15 107 48 174 107 18 108 9 126 100 247 35 144 112 178 38 108 44 147 184 33 95 236 255 34 192 200 130 99 41
65 14 31 107 52 174 107 18 108 9 126 68 255 1 176 112 182 34 12 60 179 184 33 127 236 189 34 192 216 131 65 33
60 12 82 186 105 253 82 65 129 14 233 11 47 218 38 156 200 185 135 2 12 39 82 172 147 213 0 59 115 110 76 134
65 151 31 105 48 166 123 178 108 72 126 68 220 51 168 113 150 7 60 108 177 152 33 93 228 187 98 192 88 130 97 33
65 198 31 233 52 138 107 148 108 9 122 100 223 3 184 96 183 5 46 60 129 176 1 223 236 255 34 196 156 130 97 33
184 224 88 178 73 221 80 238 179 53 160 25 47 155 74 145 137 155 197 0 78 15 90 181 251 193 49 127 114 148 206 138
58 12 80 190 73 253 80 66 147 6 240 9 47 222 39 157 200 179 133 0 46 47 82 185 147 210 64 59 115 77 78 134
230 34 254 22 105 40 17 2 171 159 163 185 14 174 71 91 165 215 233 0 32 71 130 64 17 50 89 59 192 117 71 99
253 96 199 69 4 90 110 240 96 226 226 66 83 16 149 247 56 196 124 234 237 245 189 8 50 234 231 4 111 179 122 36
0 170 185 187 205 201 177 207 30 61 80 25 172 141 72 8 137 27 195 17 18 120 234 243 205 20 30 111 208 8 151 234
240 69 119 204 20 66 71 120 101 132 230 2 83 115 161 117 120 244 46 234 104 179 33 12 243 170 230 0 51 186 100 32
216 21 126 100 58 30 94 48 229 184 175 48 95 123 128 115 38 212 253 106 248 161 33 12 243 233 32 145 106 162 72 3
4 176 145 241 201 233 177 75 30 179 1 56 148 183 72 40 137 27 234 16 19 88 218 144 141 146 31 111 128 72 133 163
56 5 26 172 18 131 86 120 132 128 236 3 119 211 34 64 88 169 14 99 76 163 24 29 241 197 33 17 49 42 40 130
80 32 22 13 11 11 160 72 230 160 194 0 196 194 64 82 96 76 106 129 4 195 203 80 149 32 11 25 0 0 35 130
34 37 2 8 89 137 130 72 30 160 200 9 102 192 100 148 217 105 130 33 2 3 202 31 185 20 9 59 80 14 55 134
188 34 200 97 196 42 98 88 33 166 183 75 83 33 73 27 56 204 68 122 56 246 201 8 222 201 97 117 227 235 74 130
24 136 120 103 20 78 99 180 116 5 110 2 243 51 154 64 112 76 36 136 8 176 113 46 199 175 34 1 97 162 100 42
56 4 218 37 17 78 86 52 49 134 234 1 115 51 2 208 248 198 204 34 108 179 81 14 243 231 32 17 99 242 206 10
86 237 20 46 153 145 22 168 174 128 136 8 239 242 44 196 144 99 204 99 110 9 26 61 184 212 15 123 16 38 9 14
247 96 130 36 10 42 2 72 33 162 129 73 71 224 65 30 144 237 108 103 12 71 205 8 144 224 73 62 168 115 51 4
193 163 73 1 168 41 96 191 110 49 10 252 151 0 216 48 19 14 74 60 147 120 197 23 140 16 52 116 204 136 211 8
145 24 27 251 5 134 97 80 116 89 226 84 54 211 33 120 240 40 42 28 11 151 51 33 193 168 18 64 152 1 96 170
131 112 155 241 34 195 57 196 30 80 64 146 157 151 105 104 55 25 19 156 67 212 26 208 205 217 222 100 60 152 33 184
214 105 132 144 137 13 148 8 170 182 130 25 134 144 69 143 128 101 232 83 108 71 219 192 145 16 95 63 0 53 31 14
81 132 95 105 19 238 99 34 124 65 110 0 223 51 56 112 49 132 56 188 49 152 53 95 253 175 2 64 184 3 97 34
32 200 24 222 72 205 131 234 142 20 172 8 182 211 35 16 8 58 66 74 66 47 90 125 197 144 16 56 80 11 7 234
241 189 175 100 13 14 71 117 192 234 174 12 114 177 16 51 216 102 120 110 233 251 241 8 243 251 197 48 72 122 82 42
182 16 242 220 77 198 213 97 209 134 247 18 66 253 54 100 216 180 23 33 136 163 112 194 83 254 194 15 103 170 116 166
192 241 57 179 216 205 97 159 178 189 4 24 148 151 72 80 1 30 105 24 82 88 251 85 109 0 53 116 128 128 134 226
193 133 127 103 5 78 103 37 104 66 111 8 243 49 16 115 50 102 120 110 113 248 181 77 229 235 64 64 104 162 195 40
160 29 16 254 105 205 211 110 139 60 176 9 38 213 39 21 136 187 67 64 106 43 90 189 209 208 16 58 81 9 70 138
65 149 31 105 50 174 51 178 108 1 106 100 254 115 168 113 246 7 40 108 177 184 17 93 236 255 2 66 152 131 33 33
237 104 255 101 36 15 103 4 120 226 38 8 247 33 209 59 146 100 120 126 97 244 177 8 238 219 69 48 76 250 83 40
56 24 124 126 93 205 209 126 199 12 244 11 42 221 39 20 136 178 71 64 42 43 82 189 83 251 16 59 115 137 68 138
193 151 31 111 48 142 107 49 124 9 111 68 255 99 152 113 182 6 108 124 177 184 49 125 236 251 34 64 216 130 99 33
56 152 88 126 89 221 80 222 151 53 180 9 43 157 47 16 136 154 199 64 46 43 90 61 83 217 16 59 115 136 78 138
69 7 31 105 176 174 107 51 108 72 127 68 222 67 184 113 182 7 44 60 179 176 33 93 236 191 34 192 216 130 161 33
56 8 88 254 73 253 80 94 151 36 244 9 43 221 35 152 136 186 199 64 14 43 82 185 83 201 48 57 115 141 76 138
193 151 31 109 36 14 127 180 108 72 118 68 222 115 184 113 180 6 124 110 241 184 33 93 229 187 98 196 88 160 99 41
193 27 29 239 3 6 51 56 124 88 114 68 252 51 32 113 228 85 60 234 225 152 57 125 233 187 98 194 24 33 33 43
56 224 88 114 73 221 80 253 166 53 165 25 31 223 74 144 137 154 199 0 78 14 90 149 123 201 49 125 115 156 206 138
56 144 120 90 76 125 208 223 198 55 180 27 59 157 110 0 9 146 195 0 10 47 90 17 83 137 112 61 115 200 204 138
184 69 94 172 24 131 86 120 133 4 238 9 119 67 34 81 88 224 14 106 108 131 25 29 243 161 33 25 48 186 108 2
64 32 22 29 73 131 32 72 230 176 194 8 196 192 64 86 97 108 106 1 2 211 203 81 149 32 11 61 16 0 35 130
60 34 194 97 198 43 98 88 33 162 179 75 83 33 73 26 56 204 68 118 24 246 201 8 222 201 37 85 227 235 66 130
16 32 135 29 74 11 32 72 118 176 194 72 66 224 32 64 121 108 106 0 8 211 203 29 28 34 69 60 96 40 34 128
4 5 59 192 196 70 163 114 108 36 234 2 145 19 160 64 120 156 42 186 64 179 113 76 117 168 170 68 0 8 117 160
49 34 7 13 72 11 96 72 54 160 226 200 83 192 0 16 121 204 106 8 8 211 207 28 20 162 193 32 97 8 80 128
22 173 128 10 153 137 130 232 142 161 136 8 230 226 108 132 145 107 200 81 14 9 202 63 169 212 15 123 16 6 9 6
117 166 73 1 144 43 65 13 114 177 131 252 211 0 200 25 27 140 78 60 57 82 205 22 140 132 37 116 236 138 210 0
129 158 25 186 45 141 69 150 206 88 104 92 182 209 32 98 192 42 74 12 195 43 90 49 197 153 32 58 24 88 193 161
56 68 90 45 16 78 86 48 52 6 238 1 83 51 34 80 80 220 173 40 8 176 81 14 227 239 32 1 96 162 238 2
214 237 20 62 153 131 6 168 230 144 136 9 231 224 12 199 144 231 236 99 110 73 202 61 184 240 15 63 16 54 1 6
215 96 131 12 10 2 70 200 227 162 128 8 103 192 65 86 144 228 108 103 72 71 142 8 176 160 77 62 8 115 51 4
214 97 132 20 137 77 148 0 170 182 130 25 134 144 69 143 128 101 232 67 108 71 211 64 145 16 93 59 0 53 31 14
81 132 31 109 23 238 99 166 100 65 238 0 83 51 8 113 112 132 120 184 57 184 49 93 253 175 2 64 249 3 96 34
0 24 25 222 8 205 135 202 158 54 160 8 182 215 37 20 8 58 75 74 66 43 122 127 209 148 16 58 80 9 7 234
249 181 191 100 13 78 71 113 224 226 175 12 114 177 16 51 152 102 120 110 121 235 177 8 241 251 69 18 72 106 210 58
68 240 61 243 216 204 33 159 162 181 6 16 148 215 72 82 1 30 105 24 82 72 251 20 109 0 53 116 128 128 134 98
193 133 95 109 50 66 107 33 120 64 103 0 223 115 136 113 50 7 56 110 113 184 181 93 236 251 66 68 104 162 163 32
50 244 17 114 201 205 5 239 171 61 161 24 134 215 72 21 137 155 69 0 122 107 122 85 185 208 21 126 64 0 135 234
56 208 116 126 105 205 209 206 199 61 176 25 43 157 44 16 137 146 199 0 10 43 122 181 83 218 17 63 115 156 196 170
193 208 159 109 34 6 55 61 120 74 118 116 254 115 136 115 182 85 124 106 225 180 177 79 228 251 98 66 72 176 163 49
193 151 29 109 34 6 55 188 124 24 118 116 220 51 168 113 246 21 60 234 225 152 57 93 229 251 98 70 88 0 33 35
60 176 120 82 169 221 85 249 167 189 181 25 11 223 76 16 137 146 199 24 90 47 122 21 91 217 53 127 243 130 198 226
56 208 120 90 9 221 213 221 199 63 181 24 27 215 238 20 9 146 199 8 74 47 122 145 67 217 17 125 115 138 196 234
201 88 191 127 3 6 53 49 248 90 119 84 254 51 0 123 166 69 124 42 225 229 179 107 195 251 98 2 72 112 35 35
209 208 29 127 11 6 21 48 236 90 231 84 252 119 32 115 230 85 56 162 225 101 179 73 193 235 66 2 88 32 33 51
172 180 120 66 201 221 81 249 38 61 181 24 91 87 206 29 25 144 199 58 26 102 122 20 79 137 53 125 227 131 198 242
113 80 31 104 21 174 67 80 116 73 234 76 86 209 33 112 208 36 104 60 11 163 49 31 241 255 0 66 200 2 114 34
120 13 24 63 16 207 82 56 50 36 166 9 119 119 3 80 144 188 237 96 44 128 89 63 227 231 97 81 48 163 14 2
0 176 25 90 8 205 1 238 190 53 160 24 182 215 76 16 129 27 67 8 3 11 122 117 129 144 17 60 80 0 135 232
201 196 221 125 34 74 61 168 120 82 102 48 223 51 136 115 166 85 120 106 97 164 161 79 230 251 82 0 64 176 163 40
201 84 29 125 42 70 53 56 248 90 247 112 252 55 136 123 199 85 60 162 225 132 177 75 195 251 114 134 88 112 35 51
188 176 113 98 233 205 209 217 103 189 181 24 91 223 76 144 153 144 199 50 26 103 123 20 91 201 53 125 243 131 198 242
60 144 121 67 172 125 211 249 71 63 181 24 91 93 204 44 25 144 198 58 154 38 123 21 91 201 97 125 243 139 196 227
209 20 189 125 11 100 21 26 249 90 247 112 220 119 1 123 231 85 252 130 169 229 179 66 195 251 118 131 200 113 35 59
220 84 157 252 11 96 21 18 176 91 167 48 221 55 9 123 195 85 252 130 41 69 243 0 211 227 250 30 136 113 37 51
44 112 253 67 184 127 195 216 98 188 181 8 83 87 205 63 29 208 70 122 43 118 121 0 79 203 37 116 227 243 70 241
220 52 189 116 171 100 17 19 250 219 167 112 220 183 73 123 135 215 252 144 187 69 179 66 219 243 118 26 192 97 167 51
