32 32 200 173 76 73 160 72 46 160 240 139 130 128 68 2 104 220 66 1 0 114 203 80 29 0 7 57 65 40 71 130
192 2 11 192 76 9 33 64 36 49 194 66 146 129 224 72 104 136 42 24 1 147 3 16 20 128 50 72 16 8 48 40
17 32 14 33 2 137 97 82 228 17 226 82 147 1 0 10 104 8 74 152 11 180 69 0 196 128 50 0 105 1 35 160
88 0 22 136 13 89 160 64 196 0 194 2 130 144 32 202 104 0 106 0 12 177 23 0 145 0 82 1 16 8 120 6
0 96 6 8 73 198 160 64 164 4 225 1 0 130 32 159 104 12 74 172 72 147 16 64 17 32 138 77 1 2 43 130
20 160 148 185 219 203 32 200 86 180 224 10 198 210 104 4 121 92 98 16 2 82 219 29 157 130 5 127 208 8 44 130
156 33 22 33 195 73 160 64 96 16 116 26 5 3 40 157 104 136 194 56 34 246 1 4 85 193 82 101 99 8 111 160
64 0 159 93 8 10 100 120 244 130 226 64 80 224 160 98 112 100 106 40 41 243 139 9 20 162 231 0 9 120 96 32
81 32 159 133 10 10 104 64 236 160 226 66 222 130 64 114 106 197 106 136 9 211 133 64 156 34 143 0 32 0 35 36
20 162 148 185 219 143 32 200 86 176 224 10 198 210 72 0 121 92 226 16 2 82 203 21 157 130 5 125 208 8 12 130
64 0 150 93 8 10 100 104 246 130 226 64 80 224 160 102 112 100 106 40 41 243 139 8 20 162 231 0 8 112 96 32
81 32 223 133 10 10 105 64 236 160 226 66 220 130 208 114 42 197 110 136 9 211 133 64 156 34 143 0 0 0 35 36
96 32 192 173 76 73 160 72 46 164 240 139 130 128 68 18 104 204 66 1 0 114 219 80 29 0 7 57 65 40 71 130
96 32 192 141 76 73 160 72 46 164 240 139 130 128 68 18 104 204 66 1 0 114 203 80 29 0 7 57 65 40 71 130
81 32 159 133 10 10 96 64 236 160 226 66 222 130 80 246 106 197 106 136 9 211 133 64 156 34 143 0 32 0 35 4
52 160 21 153 219 203 32 200 86 176 224 10 198 210 104 192 121 92 226 16 2 82 75 21 157 130 7 125 176 8 44 130
105 50 24 96 41 13 80 16 107 168 176 76 159 19 64 146 132 197 76 12 140 96 208 0 203 249 37 48 74 128 74 3
64 2 151 93 8 2 101 104 244 130 226 64 80 225 32 66 112 100 106 40 41 243 139 13 21 162 231 0 24 104 96 32
81 32 223 133 10 10 105 64 236 160 226 66 223 130 64 114 106 197 110 136 9 211 197 64 156 162 175 0 40 0 35 36
96 32 132 165 74 75 160 72 54 180 224 139 130 224 64 2 57 220 98 17 2 114 203 16 29 0 15 61 65 40 7 130
81 32 143 5 8 10 32 72 236 160 194 64 210 162 84 114 105 196 106 136 9 211 135 64 156 34 199 0 0 32 99 4
20 160 20 185 219 195 32 200 86 176 224 10 198 210 104 192 121 92 226 16 2 82 75 21 157 130 7 125 144 8 44 130
64 2 159 93 12 2 36 104 246 130 226 64 80 224 32 66 120 100 106 40 41 243 139 9 21 162 231 0 16 104 112 32
96 32 132 173 74 11 160 72 54 180 224 139 130 224 64 130 57 204 98 17 2 114 219 16 29 0 15 61 65 40 7 130
81 32 142 5 8 10 33 72 236 160 194 66 210 162 80 114 105 196 106 136 9 211 135 64 156 34 207 0 8 32 99 4
104 34 208 100 37 29 80 16 41 172 182 8 143 1 66 22 136 196 236 12 8 96 192 128 199 249 37 51 98 164 78 3
52 160 20 185 219 135 32 200 22 176 192 10 228 210 104 64 121 92 98 16 2 82 91 21 157 130 7 124 144 8 32 130
64 0 151 29 28 2 32 104 244 128 226 2 80 224 32 66 120 100 106 40 32 243 139 13 85 34 231 0 16 104 112 32
96 32 132 165 74 75 160 72 54 176 224 139 130 224 64 2 57 204 98 1 2 114 203 17 29 0 15 61 65 40 23 130
81 32 135 5 8 10 33 72 236 160 194 66 210 162 80 114 105 196 106 140 9 211 135 64 156 34 207 0 0 32 99 36
52 160 20 185 203 199 32 200 86 180 224 10 230 208 104 132 121 108 98 16 2 114 91 29 157 130 7 127 144 8 44 130
65 32 158 29 72 195 33 72 246 128 198 0 80 224 32 114 81 108 106 8 32 211 139 28 9 34 39 8 80 32 32 160
96 32 12 13 74 75 0 72 6 180 192 10 198 128 66 82 105 204 106 0 8 83 219 16 28 2 3 61 80 8 6 130
81 32 135 13 8 11 33 72 118 160 194 68 194 160 64 66 112 196 106 8 1 209 199 16 20 34 67 16 104 32 113 0
48 48 135 29 25 203 34 72 22 160 194 0 114 224 32 192 89 108 106 0 10 211 91 31 153 134 1 32 112 40 36 146
33 32 14 137 76 11 160 72 86 160 242 74 211 192 64 64 120 140 106 8 8 242 199 144 20 128 163 40 49 8 112 160
112 32 150 156 75 135 32 72 182 160 194 3 64 194 32 82 120 236 106 128 0 211 195 192 21 34 131 41 16 8 32 130
32 34 7 137 78 11 32 72 22 160 242 74 211 192 96 64 120 140 106 8 8 242 203 144 28 128 167 40 49 8 112 128
65 32 3 129 76 9 97 64 110 32 226 8 134 130 0 86 104 204 106 136 9 83 199 64 148 32 131 56 8 0 34 0
81 32 142 13 8 11 33 72 118 160 198 0 210 160 64 66 112 196 106 8 9 209 235 16 21 34 195 16 96 32 113 32
80 32 6 5 74 75 160 72 36 36 194 10 194 128 2 82 104 196 106 128 12 243 199 64 148 32 2 9 65 8 47 128
33 34 7 9 74 11 160 72 102 160 226 205 194 130 64 80 104 140 106 128 1 211 207 16 148 2 131 48 105 0 51 128
80 32 15 9 72 11 33 64 230 32 194 2 208 130 32 66 104 76 106 128 1 209 147 0 20 34 3 0 32 0 33 160
32 32 2 9 74 75 160 72 22 164 224 10 192 192 96 80 120 12 106 0 2 243 219 17 21 128 3 41 113 8 38 130
96 48 5 13 75 75 32 72 134 176 192 12 196 128 64 82 105 204 106 0 8 83 223 16 29 2 5 60 80 40 6 130
32 32 70 133 78 11 160 72 62 32 114 66 151 130 64 0 120 140 106 8 1 240 193 80 20 160 3 32 105 8 99 128
72 32 142 29 88 131 32 72 246 136 194 0 64 224 32 82 88 108 106 32 32 211 131 28 93 163 103 9 80 32 36 162
48 32 6 137 77 11 224 72 110 160 242 10 198 130 0 80 104 140 106 128 4 243 223 80 149 2 3 49 65 8 107 134
112 32 2 8 73 9 32 72 246 160 226 138 66 130 64 82 120 204 106 128 8 243 207 64 156 0 131 25 65 0 34 130
80 0 134 141 77 11 96 72 38 160 194 11 194 194 0 82 104 196 106 8 8 67 195 192 149 34 131 57 16 8 80 2
32 34 14 141 78 11 160 72 22 160 210 74 192 128 64 64 120 12 106 0 0 243 203 152 28 34 135 48 17 8 112 128
16 32 22 129 75 11 160 64 238 32 242 2 204 130 96 64 104 12 106 128 0 243 129 80 21 2 131 1 65 0 99 130
64 0 150 156 75 131 32 72 182 160 194 11 68 194 32 66 120 236 106 128 0 211 195 16 21 32 131 43 16 8 33 2
112 0 134 156 75 9 32 72 54 164 194 139 66 194 96 210 120 204 106 128 8 83 207 144 149 32 139 57 17 8 62 130
112 32 2 137 73 9 96 72 230 32 226 138 2 130 64 80 104 140 110 128 8 243 215 80 148 0 131 25 97 0 98 128
80 0 2 137 77 73 96 72 46 32 194 10 198 130 0 82 104 196 110 8 8 67 195 192 149 32 139 57 16 8 84 2
65 2 159 221 8 2 37 120 246 146 226 224 242 226 160 66 121 228 106 168 41 195 207 93 84 162 231 28 24 104 96 32
56 32 134 29 88 143 32 72 150 184 194 64 114 208 32 64 121 108 106 0 10 211 203 29 28 130 37 4 88 40 32 128
96 32 64 129 76 9 224 64 44 32 242 74 194 128 0 80 104 140 106 128 0 242 193 64 20 48 3 40 73 8 67 128
48 32 22 128 75 67 160 72 254 128 242 10 64 130 96 80 120 141 106 128 0 243 207 208 21 0 11 9 65 8 103 130
32 32 4 13 8 15 32 72 22 176 192 0 194 128 64 0 89 76 106 0 9 211 219 16 29 2 5 52 88 8 34 162
65 0 142 29 72 2 33 72 246 160 198 0 210 224 32 66 112 100 106 8 8 211 223 16 85 34 71 8 64 32 32 32
81 32 11 136 72 9 33 64 102 32 194 10 2 130 32 86 104 204 106 136 9 211 133 64 149 32 3 8 0 0 35 0
32 32 3 137 75 75 160 72 22 160 224 74 208 192 96 80 120 12 106 128 2 243 219 17 21 128 3 40 81 8 34 130
80 32 14 137 72 75 33 64 230 32 194 2 208 130 32 66 104 76 106 136 0 211 131 0 21 35 3 0 32 0 33 160
64 32 6 1 74 11 160 72 36 36 226 10 130 128 0 210 104 204 106 128 0 243 199 64 148 32 2 8 97 0 43 128
120 16 130 45 9 54 64 8 86 5 198 21 66 144 51 204 80 44 168 1 12 243 211 0 145 96 192 71 242 44 124 70
64 2 135 221 12 2 101 120 246 130 226 66 80 227 160 66 120 100 106 40 41 211 139 13 84 162 231 0 40 104 96 32
112 34 6 9 74 11 160 72 238 160 162 72 130 130 64 80 104 140 106 128 8 195 199 80 148 0 131 48 105 0 59 128
32 32 3 129 76 73 160 64 54 164 226 10 130 128 96 0 120 140 106 0 0 242 213 16 20 0 3 48 65 8 86 128
96 32 8 129 78 75 160 64 172 164 226 10 198 128 64 80 104 140 106 0 12 243 213 0 148 0 3 49 96 8 23 128
145 34 158 41 0 139 33 80 100 17 230 80 147 131 32 73 104 8 106 152 11 248 67 0 196 129 50 64 232 0 32 168
120 0 18 160 77 73 32 64 164 52 99 10 7 145 96 81 104 140 2 32 64 147 144 16 21 160 2 37 56 8 58 130
184 48 18 1 3 95 113 80 87 102 103 30 2 145 106 76 120 12 130 8 12 180 113 18 211 197 16 119 114 8 12 198
32 34 18 9 73 79 160 72 132 44 225 0 0 131 40 143 88 12 66 56 64 179 64 0 21 160 194 39 80 8 102 130
176 0 8 169 14 11 33 80 22 32 194 194 147 1 192 73 104 140 42 144 9 150 69 16 212 129 176 32 57 8 48 160
32 34 9 1 68 9 224 97 96 32 251 203 147 0 16 2 104 164 66 165 8 186 69 12 20 0 162 16 105 8 114 128
64 0 2 136 13 4 160 73 228 5 195 2 130 128 96 206 96 4 42 16 26 19 147 0 149 160 138 77 16 8 252 34
32 3 27 129 76 9 160 64 0 16 192 66 20 130 96 75 104 136 2 152 3 51 130 192 20 0 178 108 16 8 49 160
64 96 2 160 89 64 32 64 160 1 232 9 4 130 104 146 104 140 74 176 6 147 128 68 21 0 138 109 0 0 42 130
33 32 14 1 72 11 160 72 102 160 226 12 208 130 0 80 104 12 106 0 1 211 223 16 20 2 3 16 73 0 115 128
36 32 3 8 9 69 128 72 36 140 224 0 134 130 33 202 200 0 74 160 9 3 83 0 145 160 138 89 80 2 46 130
0 34 23 133 78 11 160 64 108 32 242 194 132 130 128 2 42 204 106 8 0 241 197 192 148 176 34 16 64 8 99 128
16 34 138 161 4 139 33 81 22 33 70 66 147 129 224 72 120 12 2 24 11 144 1 16 196 129 48 96 56 8 48 136
16 35 11 161 70 9 160 65 100 17 242 70 21 128 96 11 104 8 66 9 0 178 130 0 212 129 114 40 97 8 99 128
96 17 16 140 93 65 2 72 206 4 192 10 164 144 33 208 200 136 202 97 12 3 210 24 145 32 2 59 16 10 52 2
96 0 18 137 79 79 33 72 132 36 192 10 4 128 43 74 104 140 202 32 0 19 208 16 21 32 2 55 16 11 20 130
209 2 79 129 68 169 96 18 44 49 66 90 147 129 240 75 104 168 42 24 17 184 71 16 148 160 114 64 48 8 81 40
0 32 15 145 76 203 160 72 86 160 242 66 208 193 224 96 120 108 106 8 1 241 207 144 28 34 167 16 17 8 113 160
80 32 6 13 74 75 32 72 36 36 194 138 194 128 2 18 104 196 106 128 0 243 215 64 148 34 2 41 97 8 38 130
48 0 6 141 77 15 160 72 54 32 194 3 196 194 32 194 248 204 106 1 0 211 219 149 149 34 203 49 16 8 49 130
32 0 14 141 72 11 32 72 102 32 194 0 192 193 32 66 104 76 106 8 0 211 75 21 85 35 67 17 16 8 32 162
16 0 7 137 72 11 32 72 118 176 194 66 82 192 32 64 120 140 106 0 10 211 223 21 20 34 3 12 48 8 48 128
96 32 6 137 77 75 160 72 126 164 242 11 194 194 68 16 249 204 106 128 12 115 195 80 149 2 7 59 65 8 103 134
65 0 6 29 73 143 32 72 246 168 194 66 82 192 32 192 112 44 106 40 10 211 207 29 20 34 3 0 16 8 48 128
196 18 31 136 104 7 32 88 228 24 227 100 148 131 233 75 72 28 74 114 1 147 2 0 212 129 98 76 88 43 33 145
48 32 23 128 73 11 160 64 126 0 242 2 68 130 96 192 248 141 98 128 0 243 147 208 21 0 139 11 65 0 99 134
80 34 3 137 76 9 96 64 110 32 226 74 134 2 0 214 104 204 106 136 8 19 197 80 148 32 130 56 40 0 34 0
96 34 80 129 76 9 224 64 44 32 242 74 198 0 0 80 104 140 106 128 0 114 193 192 148 176 3 40 73 8 99 128
1 32 6 145 78 11 161 72 94 160 242 66 208 194 160 100 120 12 106 12 1 241 79 144 28 34 131 16 17 8 113 160
96 32 66 129 77 9 96 72 111 32 242 8 134 130 64 208 104 140 110 8 8 99 223 80 149 16 131 57 65 0 78 134
112 32 6 29 75 3 32 72 150 32 194 67 71 192 32 64 88 76 106 0 2 83 203 17 148 162 35 57 16 8 41 130
96 32 0 129 76 9 224 64 44 32 226 10 134 128 64 80 104 140 106 0 12 179 197 64 148 0 131 49 96 8 91 128
0 32 22 1 73 11 160 72 230 148 226 0 196 192 96 66 232 76 106 0 0 243 203 80 157 2 3 7 64 0 43 134
48 0 135 157 9 15 160 72 54 32 194 2 228 195 32 198 120 76 106 0 2 211 219 157 149 162 195 17 16 8 56 130
32 32 7 137 76 11 160 72 86 160 242 74 210 192 64 64 121 140 106 8 0 242 207 144 28 0 135 40 113 8 112 128
48 32 7 137 79 75 160 72 174 32 210 3 198 194 32 194 104 204 106 129 8 243 219 208 149 34 139 51 53 8 57 130
64 0 134 141 75 3 32 72 54 0 194 170 68 194 160 192 120 204 42 0 0 211 131 208 148 34 171 9 48 40 41 130
16 34 143 173 72 2 160 72 118 128 242 66 209 195 64 66 120 204 106 136 0 211 207 80 20 160 163 8 97 40 99 160
73 50 16 96 41 29 80 16 107 168 182 76 159 19 64 146 132 197 76 12 140 96 209 0 195 249 37 48 74 132 75 3
64 66 15 129 78 169 97 66 100 17 202 78 19 0 224 91 104 128 34 156 3 48 23 64 20 128 50 8 57 8 209 160
1 104 15 25 12 137 97 18 228 17 226 70 147 1 192 75 104 128 106 156 3 48 71 32 196 129 114 0 104 144 161 160
36 160 22 153 203 207 48 200 150 180 224 10 70 208 96 132 89 28 234 16 2 83 91 29 29 130 5 127 80 8 45 130
80 0 143 93 8 2 33 120 118 128 226 64 82 225 160 82 112 100 106 40 9 209 139 12 84 162 231 0 40 40 96 32
104 48 18 40 73 71 16 72 132 136 192 8 134 146 43 208 216 24 202 96 12 3 82 8 149 176 10 63 80 11 47 146
48 32 4 141 79 75 160 72 38 164 176 10 2 128 64 18 104 220 234 0 8 115 219 16 29 128 15 49 65 8 6 130
65 32 142 133 12 10 33 64 100 160 226 66 208 130 144 114 96 196 106 136 1 209 135 64 148 34 139 0 40 32 99 32
72 16 2 168 77 113 32 72 228 12 202 10 130 144 106 199 232 132 138 32 12 51 81 0 149 129 2 15 16 72 60 6
32 32 22 137 79 15 160 72 22 180 224 10 196 192 96 128 121 156 98 16 2 115 91 16 29 128 7 61 81 8 37 130
80 2 151 205 12 2 32 72 118 128 226 66 208 227 160 66 120 196 106 136 9 211 131 64 20 34 227 0 40 40 97 32
156 32 2 33 65 85 160 64 52 12 228 16 3 131 98 157 120 136 130 184 60 247 49 0 213 193 82 5 99 8 46 146
48 32 132 141 75 11 160 72 38 160 160 11 2 128 64 18 104 220 106 0 8 115 219 16 157 0 15 57 65 40 10 130
65 32 143 5 8 10 32 64 100 160 194 72 208 130 208 114 96 196 106 136 1 209 135 64 148 34 135 0 40 32 99 0
48 32 148 137 75 75 160 72 22 176 224 10 198 192 96 128 121 92 226 16 2 83 75 17 157 128 15 61 80 8 37 130
184 16 18 129 71 95 53 65 84 110 103 30 2 145 106 205 248 12 162 42 12 183 48 144 147 193 64 103 114 44 252 231
80 2 143 77 8 2 32 72 118 128 226 66 208 224 128 82 120 196 106 136 9 211 131 68 28 34 231 0 40 32 96 32
48 32 132 141 75 75 160 72 54 164 224 10 2 128 64 130 120 204 226 0 8 115 219 16 29 0 15 57 65 40 7 130
65 34 159 133 10 10 97 64 108 160 226 74 212 130 144 114 96 196 106 136 1 209 135 64 148 34 167 0 41 32 99 32
65 32 143 5 72 10 32 64 100 160 194 64 208 130 144 114 96 196 106 136 1 209 135 64 28 34 135 0 41 32 99 0
32 32 0 141 79 75 160 72 42 164 176 11 6 128 64 146 104 220 234 0 8 115 219 80 29 0 7 59 65 40 79 130
80 2 143 93 8 2 33 120 118 128 226 70 81 227 160 82 112 100 106 168 41 209 139 12 92 162 231 0 40 104 96 32
36 160 148 153 203 203 48 200 150 180 224 10 230 208 96 132 217 92 234 16 2 99 219 25 29 130 7 127 208 8 13 134
32 32 20 137 75 79 32 72 22 176 224 10 68 192 96 128 121 92 226 16 2 83 91 17 29 128 15 61 80 8 45 130
80 2 143 77 72 10 32 72 118 128 226 66 208 224 128 82 112 68 106 8 1 211 131 4 84 34 231 0 32 40 112 32
81 34 143 133 12 10 97 72 236 136 242 64 223 194 192 114 104 197 110 136 9 211 199 64 156 32 171 0 8 0 99 36
97 34 157 156 44 0 1 8 230 24 226 228 242 226 160 82 73 228 110 136 9 67 207 81 148 50 227 24 24 40 32 32
104 34 216 100 37 29 80 16 41 172 182 9 143 9 68 146 136 196 236 12 12 98 192 0 195 249 37 49 66 128 74 3
48 64 2 137 77 72 161 68 132 52 194 2 4 131 97 206 104 4 138 96 0 49 145 0 149 160 2 39 16 27 53 130
32 17 2 137 77 104 32 64 76 36 192 10 132 18 32 211 232 128 202 98 16 19 80 136 21 32 130 59 16 9 60 130
32 33 26 8 73 70 128 73 132 12 224 9 4 130 35 0 200 128 202 98 72 3 82 76 145 16 10 27 81 10 47 134
144 35 11 169 76 9 161 64 36 8 240 86 151 129 64 2 104 8 66 201 25 190 195 0 212 128 50 104 105 9 35 160
16 34 11 161 6 11 97 83 100 17 195 82 151 129 224 72 104 136 10 24 11 180 65 128 196 128 48 0 41 136 177 160
129 3 11 129 68 41 33 84 36 25 194 86 19 128 232 73 96 8 42 24 3 178 35 0 212 161 50 72 24 8 160 160
160 17 18 136 77 71 160 64 164 12 225 3 0 147 40 135 232 8 194 98 0 183 16 4 21 0 2 47 65 10 103 130
145 66 30 41 8 171 33 81 116 25 198 116 147 129 224 73 120 8 42 24 11 148 3 0 212 129 114 68 104 136 160 32
32 32 6 137 75 11 160 72 118 160 240 10 64 194 32 68 120 141 106 129 8 243 203 208 21 0 139 41 65 8 35 130
0 96 6 129 73 69 160 71 228 20 168 1 0 130 98 208 104 8 74 176 2 131 16 64 21 0 130 109 65 0 43 130
56 32 6 9 73 95 160 64 164 60 231 4 2 128 42 206 104 8 202 32 8 177 17 0 21 129 66 7 82 8 46 130
56 3 143 161 196 34 33 83 36 25 64 118 145 131 224 203 104 10 2 152 11 146 3 0 196 129 242 68 185 8 176 160
224 32 2 136 77 68 32 65 224 4 201 10 4 130 96 210 232 140 10 177 92 7 144 128 149 32 138 111 0 10 60 130
0 32 6 25 73 139 160 72 230 164 226 1 198 194 98 82 104 100 106 0 0 243 131 64 148 2 131 3 64 0 37 134
112 32 2 137 77 13 96 72 63 32 240 11 130 194 0 80 120 204 106 128 8 115 219 208 149 32 131 57 17 8 114 130
168 96 68 161 69 0 232 68 40 52 112 18 13 3 64 219 104 129 2 136 32 83 16 192 21 129 202 4 33 16 107 130
129 35 11 33 68 136 225 69 108 17 99 94 147 0 16 11 40 8 66 12 17 176 134 0 196 160 98 64 104 8 211 160
248 16 2 8 9 213 16 72 182 76 198 21 130 212 99 221 208 44 170 32 12 215 178 16 145 112 0 59 18 4 62 214
32 32 3 129 72 9 160 72 46 160 242 74 210 128 64 18 104 204 110 8 8 243 195 64 148 32 3 40 97 8 67 128
0 0 6 141 77 11 32 72 182 32 194 2 198 130 32 70 120 68 106 0 4 211 155 149 149 34 203 19 16 8 57 130
16 0 6 153 9 131 32 104 150 16 194 2 196 194 32 70 248 108 106 128 12 195 75 157 149 34 195 31 16 8 41 134
112 32 6 137 8 73 160 72 38 36 226 10 130 2 2 82 104 196 106 128 12 211 213 64 148 32 138 17 64 8 39 128
17 34 7 133 78 11 161 72 214 160 210 66 209 194 160 96 120 204 106 8 0 243 207 144 148 162 163 16 57 8 49 128
117 164 206 55 136 2 7 184 82 242 66 72 83 224 145 43 25 102 96 62 185 243 143 42 104 46 101 4 237 248 80 0
96 32 6 136 73 11 224 72 118 160 242 10 66 194 64 80 120 204 106 128 8 243 211 64 21 0 131 41 65 8 98 130
49 34 2 129 72 9 224 64 44 32 242 74 198 128 0 16 104 140 110 12 8 243 209 64 148 160 3 56 105 8 67 128
6 164 132 23 155 7 22 200 150 183 4 1 196 226 75 79 145 94 233 50 50 81 155 59 41 6 77 111 130 116 7 2
32 32 23 136 75 131 160 72 246 0 240 10 68 194 32 192 120 173 106 128 0 243 210 208 21 0 139 11 81 8 43 134
37 14 207 126 136 34 6 184 82 130 98 232 115 224 137 43 17 102 96 42 233 241 143 47 40 175 101 16 225 249 66 0
32 32 13 137 78 11 160 72 22 160 242 74 211 192 64 64 121 140 106 8 8 242 203 144 28 128 163 40 121 8 112 160
22 172 148 18 153 231 22 168 54 183 0 17 76 230 73 220 145 95 160 48 50 80 27 63 169 22 5 111 146 117 135 70
112 34 12 9 8 9 160 72 38 36 194 10 130 130 2 82 104 196 106 128 12 195 197 64 148 32 138 17 64 8 43 128
48 32 6 141 78 11 160 72 174 32 242 66 21 130 0 80 104 140 106 136 0 243 199 80 20 160 3 32 97 8 99 160
17 32 15 9 72 9 161 72 102 160 226 140 194 128 64 80 104 132 106 128 9 243 213 16 148 0 3 16 105 8 115 160
32 34 7 137 76 139 161 72 22 160 210 74 195 192 96 64 121 172 106 8 8 242 79 144 20 130 163 40 112 8 112 160
48 32 14 141 74 11 160 72 62 160 226 66 85 194 0 80 120 140 106 136 0 241 211 64 20 160 3 32 105 8 99 128
16 32 6 129 77 75 160 72 238 160 242 10 198 128 64 198 104 196 106 1 4 243 223 80 149 2 7 17 65 8 99 134
48 34 7 137 76 11 160 72 14 160 210 66 214 130 0 64 104 140 110 129 8 243 69 208 148 32 139 48 49 8 113 128
80 32 6 141 77 11 32 72 174 32 194 10 198 130 32 82 104 204 106 0 8 115 195 208 149 34 131 49 0 8 80 2
0 34 7 9 72 9 160 72 102 160 226 204 194 128 64 80 104 132 106 128 9 243 197 16 148 0 3 48 105 8 115 128
113 32 11 137 72 11 33 64 110 32 226 10 144 2 0 82 104 204 106 136 1 211 197 64 148 32 2 48 32 0 35 160
16 34 78 141 74 3 32 72 54 0 210 226 65 194 160 192 122 204 170 0 4 211 207 148 20 34 163 137 52 40 41 133
16 32 22 137 75 11 160 72 228 32 242 2 64 130 32 80 104 132 106 128 8 243 211 192 149 2 139 3 1 0 33 130
32 32 6 153 75 11 32 72 22 32 226 11 64 194 32 70 248 204 106 128 8 211 195 208 21 32 139 43 16 8 40 130
112 32 82 129 77 11 96 64 239 32 242 10 134 130 68 208 104 141 106 0 4 243 209 208 149 16 3 49 65 0 110 134
81 32 142 13 72 11 33 72 246 160 198 0 82 160 66 114 112 204 106 8 0 211 239 16 85 35 99 16 32 32 50 32
96 32 66 137 73 11 96 72 237 32 242 10 130 130 68 80 104 140 106 128 8 243 211 192 21 0 131 41 73 8 98 134
96 32 74 129 76 9 224 64 44 32 242 74 146 136 4 80 104 140 106 136 0 242 193 192 148 48 3 40 73 8 99 128
80 32 3 137 77 73 96 72 110 32 210 10 198 130 32 82 104 204 110 0 8 243 193 208 149 32 131 49 16 8 85 2
9 50 3 41 32 131 1 88 22 125 71 244 19 129 224 125 84 8 34 28 27 214 101 16 0 225 48 76 58 136 32 241
32 32 7 137 76 11 160 72 22 160 242 74 195 128 96 0 120 140 106 8 8 243 195 144 20 128 131 40 81 8 112 128
6 164 148 23 155 66 22 200 150 183 0 1 228 242 75 207 145 78 233 50 50 81 139 59 41 6 77 111 128 116 1 6
112 32 6 13 75 75 32 72 54 240 194 9 64 228 64 16 121 76 234 0 4 211 219 16 157 2 5 44 48 12 6 146
117 164 207 23 136 2 7 184 82 178 66 100 83 225 145 11 25 102 96 62 185 243 143 42 40 46 101 4 237 248 80 32
97 32 143 13 72 27 33 72 118 160 194 72 82 224 192 118 113 76 106 12 8 211 239 16 20 34 101 16 32 40 50 228
32 32 14 137 76 11 160 72 86 160 210 74 208 192 96 64 120 140 106 8 0 242 199 208 20 0 163 40 17 8 113 128
96 32 6 152 75 143 32 72 22 32 226 11 64 194 32 68 120 236 106 128 0 211 195 208 21 32 139 43 17 8 34 130
37 14 198 62 136 34 7 184 82 226 98 232 115 225 169 43 17 102 96 42 233 224 143 46 104 46 101 16 233 249 66 0
48 144 142 29 25 147 2 232 22 164 70 36 98 224 34 84 209 108 32 0 44 210 171 31 138 103 69 15 56 40 60 70
22 172 148 18 153 183 22 168 54 183 0 17 68 226 105 220 145 79 160 48 50 64 27 63 169 22 13 103 144 117 133 6
16 0 6 141 73 11 32 72 190 32 194 2 198 226 32 198 248 196 106 0 4 211 219 149 149 162 203 19 16 8 57 134
8 16 22 29 9 223 144 8 158 188 71 1 228 208 34 204 144 48 234 0 6 128 91 17 7 50 65 27 82 46 13 70
153 106 11 57 0 169 97 208 116 89 102 118 19 129 225 105 112 136 42 220 11 240 231 32 212 161 242 0 104 144 96 160
0 32 3 129 76 9 224 64 46 32 242 74 150 136 0 0 104 140 110 8 0 243 193 208 148 128 3 48 97 8 67 128
64 0 6 137 77 11 32 72 190 36 194 11 70 130 32 64 248 204 106 0 4 243 155 208 149 34 11 27 16 8 57 130
48 32 135 61 90 139 96 72 118 160 194 64 115 224 32 80 121 110 106 44 42 211 143 29 24 34 69 0 97 32 98 160
48 32 7 137 76 11 160 72 38 160 242 10 210 129 96 64 104 140 106 8 8 243 75 208 148 0 131 32 113 8 112 160
48 32 22 137 75 131 160 72 166 0 240 10 196 194 32 192 232 169 106 128 4 227 211 208 149 0 139 11 81 8 43 134
17 32 3 129 76 9 224 64 46 32 242 74 134 128 0 16 104 140 110 12 8 243 193 80 148 160 3 48 97 8 67 128
96 32 6 153 75 9 160 72 134 32 240 11 0 194 32 198 232 204 106 128 8 99 203 208 21 32 139 59 17 8 50 130
48 32 7 137 76 11 160 72 38 160 242 74 211 129 96 0 104 140 106 12 8 243 195 144 148 128 3 32 113 8 80 128
16 32 22 129 75 11 224 64 236 32 242 11 142 130 64 84 232 140 106 0 0 243 193 192 21 0 3 35 65 0 99 134
37 160 143 21 152 3 37 248 214 179 194 108 83 225 208 2 17 100 104 44 169 241 207 8 72 42 101 52 141 232 80 32
104 34 145 100 37 13 88 16 41 168 178 73 159 9 64 146 136 197 204 4 12 96 192 0 195 217 37 48 74 128 66 3
16 0 6 157 11 15 32 72 134 32 194 3 192 226 32 70 232 204 106 128 8 211 203 145 149 34 195 19 16 8 36 6
96 32 6 137 73 75 160 72 246 32 240 11 128 194 64 208 248 204 106 128 4 227 219 80 21 0 131 59 81 8 106 134
80 32 6 136 73 11 32 72 254 36 194 10 66 128 96 82 120 204 106 0 8 243 195 208 149 34 3 59 0 8 53 134
86 160 132 21 139 71 20 232 18 182 66 9 68 242 66 6 145 76 233 2 4 83 219 24 29 34 77 63 130 100 19 134
16 32 6 157 73 139 160 72 230 36 194 2 194 194 96 82 104 228 106 128 8 227 195 64 148 34 131 27 65 8 33 130
80 32 19 136 77 73 96 72 236 32 242 11 198 130 32 82 104 204 106 0 8 115 193 192 149 32 131 59 16 8 117 2
32 32 6 9 73 15 160 72 102 160 226 8 194 208 64 214 232 204 106 128 8 243 211 64 29 0 3 58 81 8 34 134
0 32 134 29 25 131 32 104 182 180 194 1 228 224 96 66 209 100 234 0 34 195 219 29 28 34 69 27 64 32 33 2
97 34 149 173 44 13 65 8 79 184 162 76 247 226 192 118 200 196 110 12 11 67 203 145 144 176 163 60 24 8 0 36
96 34 6 152 110 131 160 72 134 8 240 171 193 194 160 64 72 168 110 128 12 99 207 208 148 48 171 185 16 8 42 133
16 32 70 13 10 3 32 72 118 164 194 163 192 194 160 64 122 76 106 128 0 241 135 92 148 34 99 3 96 40 37 130
32 32 150 29 73 143 160 72 182 176 194 8 196 240 64 214 217 108 106 16 2 211 203 25 29 50 69 58 80 32 35 134
117 142 207 126 154 3 70 184 210 178 98 204 115 224 185 123 21 102 96 42 169 210 175 63 96 175 101 16 224 240 66 32
97 34 143 140 8 142 65 72 230 136 178 204 210 194 192 114 72 228 110 136 9 67 207 64 148 176 167 24 8 0 98 36
105 34 24 96 41 29 80 16 107 172 180 77 159 27 66 146 132 196 76 12 140 98 192 0 195 217 37 48 66 128 74 3
16 36 198 29 26 10 32 104 182 160 194 161 66 225 160 81 115 108 106 32 40 209 143 31 56 38 101 130 100 32 32 2
6 164 148 26 153 215 22 168 63 179 64 0 110 240 105 152 145 95 224 48 54 192 155 63 41 54 69 111 210 100 15 6
101 166 206 53 156 2 71 248 214 242 198 228 83 225 145 43 17 100 104 44 169 243 143 8 104 43 101 20 233 248 80 0
32 32 20 24 75 95 176 72 22 180 224 11 196 210 66 132 249 88 234 16 6 115 219 17 29 130 5 63 80 12 45 134
81 34 143 77 8 2 33 88 246 160 226 100 81 227 160 114 120 228 106 136 137 241 175 12 84 163 231 0 41 168 96 160
14 172 150 19 153 215 50 168 190 181 0 17 236 246 79 157 145 123 235 16 54 64 155 119 47 22 77 111 146 116 143 198
86 160 148 22 139 211 22 200 150 182 64 1 68 242 75 142 145 110 232 18 38 81 155 58 9 6 77 111 130 116 15 134
142 56 50 90 49 223 19 64 159 206 101 61 238 221 103 156 150 57 253 3 166 132 122 31 11 95 1 187 18 7 13 87
17 32 15 133 12 10 96 64 236 160 226 66 208 130 144 114 104 196 106 136 1 209 133 64 148 32 163 0 9 0 99 32
96 32 0 136 79 77 160 72 46 164 240 139 134 128 64 150 104 204 234 128 8 115 211 80 21 0 3 59 65 8 110 130
17 34 15 133 8 10 225 80 238 160 226 70 213 130 208 114 104 196 106 136 1 209 133 64 148 32 171 0 40 0 99 160
117 46 207 126 154 2 70 184 210 242 98 236 115 224 153 59 21 102 96 46 169 243 143 46 104 174 101 20 233 240 66 33
189 16 18 152 37 223 16 80 20 78 85 63 134 212 234 237 216 56 130 34 45 247 50 128 131 241 65 47 18 44 60 215
70 172 132 27 153 215 22 168 62 183 64 1 76 226 79 156 145 79 225 16 54 80 155 63 43 22 69 111 130 116 15 70
96 32 0 129 79 9 160 72 38 164 240 10 134 128 64 144 104 140 234 128 8 115 211 64 21 0 11 57 97 8 46 130
1 34 143 93 8 2 32 88 246 160 226 68 80 227 160 82 120 100 106 8 9 241 139 8 20 35 231 0 8 168 96 32
184 112 2 40 105 87 224 76 52 14 229 21 134 151 42 157 248 28 130 176 44 243 50 0 211 209 66 15 66 28 46 214
40 32 20 9 75 79 32 72 22 180 224 10 196 194 64 132 121 24 234 16 2 115 203 16 29 130 5 63 112 8 45 134
113 2 77 105 26 2 67 90 86 105 226 244 83 1 128 120 80 140 108 156 137 151 101 30 210 239 48 84 249 128 96 33
188 80 2 169 77 84 36 73 116 92 199 51 2 145 106 221 248 140 130 34 44 147 144 128 149 241 66 47 2 13 190 198
153 51 15 161 128 25 97 85 100 89 66 118 19 131 232 105 104 138 38 24 91 144 103 0 196 193 114 4 184 216 240 176
12 17 18 8 73 87 176 72 204 12 226 8 134 144 42 135 216 16 202 98 12 163 50 0 145 145 2 31 80 43 45 134
153 18 26 105 128 129 33 85 116 24 70 118 19 131 234 105 104 10 34 152 91 148 67 1 212 193 50 68 58 152 160 160
40 17 22 137 73 87 176 72 132 12 228 1 132 147 43 206 200 4 202 98 4 163 80 8 21 144 2 15 82 31 47 146
40 112 18 40 73 255 48 64 132 12 69 9 134 148 43 220 200 60 202 98 4 131 82 16 149 49 10 47 18 31 47 151
153 82 143 113 128 138 97 84 100 29 102 118 19 129 225 121 104 140 46 156 11 144 39 32 196 225 50 64 58 128 96 168
96 84 18 168 73 79 182 65 140 44 232 9 134 144 34 210 200 16 202 34 68 131 16 8 49 48 10 63 16 58 47 194
49 66 75 179 4 137 97 20 20 49 70 198 147 1 192 105 120 136 34 216 75 144 69 32 196 129 240 0 41 136 80 168
32 16 2 8 73 68 164 72 132 12 224 1 132 146 34 212 200 0 202 98 68 131 80 8 21 16 10 31 80 12 47 194
189 75 11 161 196 169 33 80 100 17 98 70 147 0 225 121 104 138 2 220 3 18 230 32 212 129 114 40 41 8 115 168
17 234 141 35 0 139 97 208 100 17 118 118 147 129 200 8 104 136 2 136 75 188 101 33 196 129 178 0 105 137 130 160
72 49 2 24 73 221 48 72 164 44 207 9 132 214 106 132 144 56 234 32 4 3 210 16 21 16 9 63 82 14 45 214
32 32 20 137 75 79 160 72 22 180 224 10 196 208 96 132 121 152 234 0 2 115 219 17 29 128 7 63 112 8 45 134
192 1 18 130 85 108 224 68 104 36 176 10 12 2 33 134 104 131 74 225 32 43 17 226 181 0 2 33 81 10 45 138
17 34 143 77 8 2 33 88 246 160 230 70 81 163 160 66 120 196 106 136 1 209 135 12 84 34 226 0 8 168 96 32
17 66 79 1 6 171 97 16 100 81 103 230 83 1 160 121 96 128 42 28 11 144 101 16 212 161 176 64 57 136 112 48
96 32 0 137 75 77 160 72 38 164 240 10 134 192 64 134 104 204 234 0 8 115 219 16 29 0 15 59 97 8 46 130
6 172 148 19 153 151 22 168 190 183 0 17 204 246 79 156 145 123 161 16 54 80 155 127 43 22 93 111 130 117 143 70
249 146 107 125 0 138 97 16 116 105 230 244 83 1 128 120 112 140 44 12 153 184 229 23 208 239 240 64 105 128 64 104
32 96 2 136 73 71 176 69 164 12 233 1 132 146 98 148 200 0 202 32 4 3 16 0 17 16 10 95 0 2 175 198
53 174 206 126 154 10 71 184 82 242 102 236 115 225 153 59 25 238 100 46 233 243 143 47 104 175 101 148 237 248 66 1
17 32 142 5 8 10 33 64 236 160 226 70 208 130 128 114 104 196 106 136 1 209 133 64 148 34 163 0 9 32 99 32
104 32 18 136 73 84 32 73 228 12 201 1 132 144 98 214 192 12 202 48 20 7 210 0 21 48 2 111 16 14 174 134
117 166 239 117 158 10 71 248 86 178 194 238 83 225 209 43 25 76 104 44 169 241 239 10 124 47 101 20 237 248 112 32
74 56 20 31 9 221 176 8 174 156 5 9 236 214 99 132 128 51 234 2 6 1 90 49 5 16 9 59 82 38 13 86
69 3 89 139 202 136 233 0 232 16 56 66 153 2 96 82 106 163 2 216 19 2 68 240 100 137 170 72 185 2 65 136
17 35 11 33 4 137 97 80 100 16 67 70 147 1 144 11 104 136 66 76 25 184 135 0 196 225 114 0 105 136 211 160
0 32 7 137 76 11 160 72 54 32 210 202 208 192 32 64 120 140 106 140 0 242 71 208 20 0 131 0 49 8 113 160
104 34 153 100 36 13 80 16 41 168 178 73 159 11 64 146 128 197 236 4 13 96 193 0 195 249 37 49 72 128 75 1
112 0 6 140 11 11 32 72 166 32 194 3 196 194 32 70 232 204 106 128 12 83 219 208 149 32 139 27 16 8 59 134
48 32 6 137 77 75 160 72 46 32 240 11 196 144 96 68 232 140 106 0 0 243 219 208 149 0 139 43 81 8 39 134
112 32 6 136 73 75 160 72 254 32 226 11 68 208 96 84 248 204 106 0 0 115 195 208 21 32 3 43 16 8 111 134
48 32 6 137 79 11 160 72 174 32 210 3 198 130 32 80 104 140 106 128 12 243 195 208 149 32 139 51 17 8 57 6
0 32 22 141 73 11 32 72 230 36 194 11 198 194 96 66 104 204 234 128 12 243 195 64 149 32 3 27 80 8 37 6
105 162 17 173 45 13 64 152 15 56 176 76 135 0 64 86 201 196 108 4 11 98 201 145 157 209 37 62 88 8 82 5
32 32 2 137 77 9 160 72 108 32 242 10 198 146 32 196 232 140 106 128 8 243 193 192 149 0 139 35 81 8 99 134
80 32 6 141 79 11 160 64 62 32 242 42 196 130 160 84 120 204 106 128 0 243 199 208 148 32 131 9 33 8 35 130
71 162 141 69 168 11 13 168 110 187 128 252 211 96 220 126 1 196 108 60 155 65 207 17 156 26 237 252 136 224 131 36
96 34 0 152 40 129 200 72 143 44 176 233 131 194 32 80 200 160 238 128 10 35 207 209 144 176 171 185 80 136 50 132
80 32 70 137 74 139 32 72 166 32 210 170 194 194 224 82 106 236 106 128 8 227 135 64 20 34 163 27 37 8 37 128
97 34 11 160 12 13 65 72 239 136 176 76 146 130 64 82 200 197 110 140 9 99 195 80 145 144 131 24 72 0 98 36
105 34 16 96 41 29 80 16 107 172 180 77 159 11 66 146 132 196 76 12 140 98 192 0 195 217 37 48 66 132 74 3
40 48 20 137 73 95 176 72 150 180 224 11 196 208 98 132 249 28 234 0 4 115 91 144 29 2 7 63 82 12 47 134
81 2 143 173 78 2 97 88 118 128 230 102 209 227 160 98 120 204 106 140 9 211 231 64 84 171 227 0 41 168 96 32
14 160 148 26 153 221 50 200 190 181 64 9 236 246 79 140 145 91 235 17 38 65 155 115 15 22 77 111 146 116 15 198
142 56 48 91 33 221 27 80 63 204 69 61 238 220 71 180 150 59 255 67 166 140 122 127 71 95 9 187 90 7 15 215
117 6 207 124 154 2 71 248 114 226 242 236 115 225 145 123 93 228 100 46 169 243 175 14 248 175 101 132 237 248 114 33
112 32 2 129 73 77 160 64 46 36 242 11 134 148 0 148 232 156 234 0 8 243 209 208 149 32 11 59 65 12 15 130
157 18 251 120 178 146 115 80 247 79 199 244 83 213 170 120 87 188 46 28 171 149 36 2 194 239 48 196 250 128 96 113
156 18 171 248 160 214 81 80 117 207 199 244 211 199 234 236 85 56 174 188 139 151 50 194 194 247 178 4 186 172 100 113
172 80 186 216 37 215 17 80 21 206 199 51 198 212 42 236 220 56 134 34 44 183 112 130 195 215 83 7 18 44 60 215
65 34 75 129 74 8 97 80 108 96 226 70 149 130 128 112 104 141 106 136 1 211 229 64 212 32 163 0 40 0 35 160
70 160 148 31 201 85 52 232 186 182 64 9 236 246 74 134 145 95 233 17 6 67 155 113 13 50 79 127 130 100 15 198
172 16 18 152 105 215 176 64 20 78 101 21 198 215 42 141 216 56 130 50 44 246 242 0 195 241 66 15 82 45 46 215
206 56 52 31 41 221 176 8 191 76 69 9 236 222 71 141 132 59 251 67 70 64 251 121 135 81 73 187 82 39 13 87
117 166 207 117 156 11 101 248 118 242 242 238 83 225 144 51 57 228 108 44 169 241 239 14 120 175 229 132 237 232 114 32
172 16 22 168 109 86 52 64 144 92 244 59 70 210 42 223 216 140 130 98 44 247 48 128 145 241 66 15 18 45 254 214
153 19 15 105 160 11 97 89 116 121 71 246 19 131 232 105 124 136 38 28 219 208 39 0 198 193 114 4 58 200 240 177
204 16 18 8 105 85 48 64 140 140 197 25 134 148 43 141 216 56 202 98 36 35 114 8 145 81 66 15 82 61 45 215
153 18 75 121 0 138 97 85 119 89 230 244 19 129 234 121 116 142 46 28 155 212 101 16 194 235 112 64 186 128 224 49
46 112 22 28 105 223 48 64 140 76 68 9 140 214 35 223 196 56 202 98 4 3 210 24 135 113 0 59 18 62 15 215
153 18 203 113 128 154 97 87 118 89 230 246 19 131 232 121 120 138 46 156 203 212 103 16 212 233 114 64 186 144 224 248
40 80 18 168 105 95 52 72 140 12 204 9 132 212 42 212 216 25 202 98 68 3 82 8 53 16 10 59 18 62 47 214
153 42 75 105 0 137 97 214 116 89 102 228 19 129 227 121 112 10 38 92 139 176 167 0 212 225 114 0 104 216 96 184
29 42 11 49 128 137 97 210 118 88 102 230 147 129 225 104 120 138 6 156 203 176 37 32 196 225 114 64 121 152 112 248
40 21 18 140 73 70 150 106 140 12 232 11 4 150 42 198 216 148 202 32 68 51 16 8 181 144 10 31 80 14 47 134
29 42 141 97 132 139 97 210 100 80 102 230 147 1 193 106 104 168 14 156 11 176 103 32 196 193 162 64 249 152 80 160
40 21 2 128 73 87 176 68 140 12 168 11 132 148 42 214 216 48 202 32 4 131 18 0 49 16 2 63 80 14 47 214
14 176 150 27 153 215 16 232 190 180 66 1 236 246 111 156 145 127 234 48 38 209 155 125 9 18 77 111 146 36 13 198
40 21 2 8 89 87 178 64 132 13 201 9 132 214 42 148 216 48 202 96 36 3 80 10 177 16 10 31 80 14 175 214
113 134 207 125 10 2 71 184 118 210 98 228 115 225 145 123 21 108 100 46 169 243 143 15 104 175 101 132 233 240 114 49
121 3 73 115 0 136 97 144 116 17 102 118 211 1 232 121 112 136 46 156 139 144 103 49 198 233 162 0 57 136 208 160
241 18 107 121 2 138 97 80 116 105 230 244 83 1 152 120 124 142 44 76 153 248 229 21 214 239 48 64 107 129 242 120
108 16 18 136 201 93 48 72 140 12 200 9 132 212 42 198 216 56 202 32 20 3 210 0 21 52 10 59 18 46 47 214
78 176 150 21 137 87 20 232 150 182 66 9 196 246 66 134 145 125 233 18 4 211 155 24 13 50 77 63 130 100 31 134
9 6 89 169 78 136 233 80 232 16 120 70 189 2 232 83 104 9 2 184 3 16 6 208 108 129 174 44 57 2 35 160
74 56 16 31 105 253 48 8 174 28 69 9 236 214 99 134 128 57 234 1 6 0 218 25 5 16 9 59 18 39 15 214
17 35 73 59 70 136 97 80 100 80 110 70 147 129 208 73 104 138 6 206 67 176 71 96 196 193 98 0 105 128 97 160
121 18 109 111 18 138 67 16 116 97 230 254 83 1 144 112 92 164 108 156 169 182 101 62 246 239 176 208 249 137 82 112
209 2 73 115 22 138 99 16 118 65 230 214 243 3 144 112 121 172 46 156 43 180 101 31 228 175 176 0 229 131 80 96
149 3 65 49 134 138 105 16 118 0 98 198 147 67 145 121 114 168 6 216 75 144 69 80 196 136 162 0 61 128 64 160
226 0 18 152 201 205 144 68 136 4 176 25 134 208 38 152 200 177 202 1 16 35 82 92 145 48 10 59 208 8 175 6
48 32 86 152 74 11 160 72 166 32 242 170 68 194 224 198 106 204 106 128 0 243 199 208 20 32 35 43 21 8 39 134
143 56 48 127 49 221 27 82 63 78 69 61 174 220 7 188 150 59 223 3 167 140 122 251 71 95 25 187 90 7 13 119
157 114 235 250 176 246 83 81 119 207 247 244 211 199 234 120 93 188 142 30 173 151 124 138 226 237 178 128 186 206 236 241
140 90 178 187 165 223 23 80 157 206 213 55 206 212 34 232 220 56 134 18 141 166 114 130 195 215 1 11 90 47 188 215
172 88 50 154 105 221 149 80 156 206 117 53 142 213 35 141 220 57 134 66 37 182 114 130 131 213 66 11 90 61 45 215
172 25 18 184 237 247 180 64 156 206 117 51 206 214 43 221 220 56 130 98 36 246 114 128 151 241 67 43 82 124 46 215
142 121 50 26 105 221 52 64 159 204 69 29 236 212 35 141 148 57 171 66 100 6 242 56 135 81 73 59 18 60 15 215
153 18 203 243 132 27 97 220 119 107 86 246 83 135 184 104 117 136 46 156 155 148 45 210 198 207 182 68 186 136 240 113
174 17 54 24 105 221 148 104 142 204 197 9 204 214 34 135 220 57 202 98 100 3 114 24 55 113 66 59 18 126 15 215
25 18 235 113 0 138 97 214 118 75 230 244 83 129 144 120 116 142 46 156 139 185 37 32 210 239 48 64 105 128 224 113
25 178 11 163 196 8 105 220 116 89 85 118 145 3 232 33 121 138 38 152 3 80 171 192 220 193 246 108 59 138 177 160
168 17 22 140 105 215 182 104 140 140 252 9 204 246 42 199 216 48 202 98 100 163 82 192 49 49 2 31 82 44 47 215
78 61 16 30 105 221 50 64 142 76 77 9 172 214 35 148 132 57 202 67 4 3 122 61 55 80 11 59 18 38 15 215
185 26 111 113 18 139 99 18 117 105 246 244 83 5 144 120 124 134 108 28 171 188 101 63 222 239 176 208 237 136 80 121
25 170 205 121 4 138 97 210 118 88 118 102 187 3 224 105 114 10 6 152 139 248 39 112 196 193 114 0 57 136 96 168
44 20 18 152 121 223 178 96 140 140 205 9 198 212 42 134 216 49 202 32 4 3 82 4 49 20 10 59 82 46 47 215
25 10 73 121 0 139 97 18 118 73 102 230 243 1 144 121 112 170 46 156 139 184 103 48 198 233 242 0 120 136 112 120
44 20 18 152 121 215 178 72 136 140 232 9 196 214 42 148 216 48 202 32 4 3 82 8 177 20 10 59 80 46 47 215
25 11 73 115 4 138 97 16 116 64 102 230 147 129 224 121 112 136 46 156 139 144 231 32 198 233 226 0 57 136 112 240
249 18 233 121 18 138 99 16 116 73 230 246 83 1 144 120 120 140 108 156 171 180 229 15 214 239 176 64 105 128 114 112
44 16 18 152 233 215 146 64 136 132 224 9 134 214 42 212 216 177 202 32 4 3 82 130 149 20 10 59 144 46 47 199
74 184 48 26 73 253 50 138 174 60 133 9 172 214 67 196 129 51 235 67 6 73 218 123 23 20 27 59 18 7 15 223
9 7 93 177 78 128 105 20 108 16 116 70 157 131 224 99 106 42 6 136 1 48 166 192 228 193 234 40 56 144 67 160
17 34 201 57 6 10 97 16 116 80 118 102 147 131 192 121 120 136 6 142 139 176 103 80 196 193 98 0 121 128 96 160
113 86 109 101 18 42 99 50 112 105 238 238 115 33 144 112 124 228 108 172 169 188 101 15 244 239 160 208 237 170 82 48
153 2 73 113 6 139 101 17 118 64 102 214 147 1 208 120 112 168 46 30 139 176 101 0 198 193 48 0 105 136 208 48
1 3 73 99 22 138 99 16 124 0 103 198 211 1 144 112 50 136 14 94 195 176 109 110 196 175 34 0 125 155 65 32
10 120 48 95 41 253 23 90 31 78 84 37 174 222 39 172 150 59 151 66 135 140 122 251 199 127 25 187 18 127 13 255
61 26 250 250 180 214 83 80 215 207 255 231 219 215 163 100 95 184 142 30 155 135 108 142 226 255 167 129 186 254 116 113
45 26 186 223 165 221 87 82 31 206 221 39 174 245 227 236 222 58 134 6 157 166 122 178 195 221 34 171 154 254 44 247
174 24 50 158 105 221 181 80 157 206 117 61 174 246 34 140 222 59 130 2 38 142 122 187 151 119 74 43 82 126 47 215
29 146 235 227 180 154 99 208 119 107 247 246 91 199 186 112 117 168 14 156 139 181 45 222 250 207 178 196 63 138 240 113
121 150 111 107 50 170 99 148 117 73 254 244 83 5 152 112 125 134 92 60 169 183 37 63 246 239 32 192 239 130 112 121
206 60 52 26 105 221 50 106 142 124 77 9 172 214 99 149 135 59 219 3 38 11 250 249 55 81 27 59 18 37 15 223
121 26 111 99 18 138 99 18 117 75 246 246 115 5 144 112 117 134 126 28 169 188 101 63 246 239 48 192 239 138 112 121
44 28 18 154 249 221 146 64 136 140 237 9 204 214 34 151 200 49 202 1 36 163 82 206 53 21 11 59 82 46 47 215
78 60 48 30 121 221 146 74 142 12 197 9 172 214 3 148 136 51 203 3 38 11 122 127 53 85 10 59 18 46 15 215
153 11 73 123 132 138 97 20 119 72 102 246 147 195 240 120 112 174 14 204 131 144 101 114 198 239 178 0 56 144 96 48
25 18 237 121 18 138 99 16 117 75 246 244 83 1 144 112 121 172 108 156 171 180 101 15 246 239 178 128 237 130 114 112
46 17 18 156 233 253 150 73 138 140 225 9 206 214 34 148 216 177 202 0 4 3 82 218 145 52 10 59 80 110 143 215
137 66 201 105 4 138 103 21 118 67 118 214 211 1 176 120 113 136 14 94 131 180 37 122 230 239 54 0 125 154 208 96
5 2 73 97 22 138 107 16 126 64 122 230 211 67 144 112 114 140 14 156 163 176 101 94 228 175 163 0 125 130 80 32
65 7 77 109 20 138 99 48 116 64 126 228 211 1 152 112 50 132 76 188 137 176 101 126 228 175 160 0 109 131 80 32
61 30 255 234 180 246 91 82 229 205 255 230 123 223 182 244 79 184 159 30 137 139 100 238 250 255 167 128 190 238 100 113
47 30 178 255 53 221 87 82 31 204 221 39 190 221 166 228 223 59 159 22 135 170 114 187 231 253 34 155 154 207 44 247
10 56 176 223 57 221 31 82 31 78 92 45 174 223 39 164 158 123 151 66 134 190 114 251 199 95 24 187 82 77 13 255
89 150 111 225 52 190 107 208 117 105 255 230 91 71 186 112 119 164 30 188 169 177 45 222 250 239 35 132 191 194 113 113
121 22 111 111 54 58 107 58 101 73 255 230 115 45 154 112 127 134 124 188 169 176 45 95 254 239 162 196 239 130 112 113
174 25 20 158 249 221 150 67 157 204 245 25 174 214 35 151 204 179 194 3 118 47 122 237 53 19 74 59 82 44 15 215
170 57 48 30 121 221 182 75 138 92 164 9 172 214 35 149 140 179 203 67 38 11 122 253 53 81 26 59 82 5 15 223
25 18 233 107 150 138 99 148 119 75 126 230 211 67 152 112 115 140 14 220 139 180 37 94 230 239 50 128 61 146 113 113
121 30 111 105 16 138 99 144 116 73 126 228 211 65 144 112 112 164 76 188 139 176 101 126 238 239 34 192 237 131 210 112
46 88 16 158 105 221 144 74 155 76 177 9 46 246 39 148 204 179 198 1 30 11 82 251 177 52 8 59 210 44 15 215
29 14 233 105 20 138 99 16 119 65 126 230 211 1 176 112 115 136 14 60 203 176 37 46 230 239 38 0 125 138 80 48
65 15 109 107 54 138 107 176 124 64 122 196 223 3 144 112 114 4 44 126 161 176 45 126 228 239 162 132 124 131 65 48
178 24 146 152 73 221 144 71 139 21 176 25 46 254 38 148 200 179 198 1 14 47 82 241 145 16 90 59 208 12 143 78
65 79 77 101 20 10 99 48 124 64 122 228 211 3 144 112 58 132 108 236 169 176 101 94 228 239 160 132 109 131 80 48
29 95 111 224 52 242 107 115 245 108 255 230 91 111 182 112 118 165 158 254 169 145 45 220 250 239 163 196 191 198 225 113
42 249 48 154 105 221 185 206 31 127 116 61 172 222 110 156 143 59 243 5 134 30 122 243 95 87 90 171 18 28 143 223
89 151 111 111 54 30 111 124 117 72 127 230 91 109 186 113 118 198 61 238 185 177 45 77 254 235 98 196 111 162 115 113
234 184 52 154 105 221 176 206 187 125 164 25 172 254 110 151 143 211 219 65 38 79 250 241 151 81 90 191 18 20 15 223
25 23 109 105 54 138 107 24 109 73 127 230 219 67 153 112 118 132 14 188 161 176 45 94 230 239 34 128 190 130 65 121
25 23 109 107 52 138 107 16 109 72 127 230 211 67 153 112 118 132 14 60 169 176 109 94 230 239 34 128 239 130 97 121
