136 189 20 27 217 185 180 167 254 51 42 48 172 112 68 143 129 114 234 16 54 120 91 119 44 22 85 99 210 84 139 142
81 12 134 159 13 2 164 104 246 130 194 2 96 224 49 239 121 102 106 170 96 243 143 109 53 34 199 0 2 112 112 4
83 32 134 133 11 10 40 72 172 160 194 198 205 226 20 214 34 197 106 157 13 211 151 64 156 34 79 0 168 100 35 4
202 204 132 159 137 152 148 167 158 151 130 17 236 232 6 207 129 99 232 3 102 77 203 243 47 115 223 59 146 116 157 14
117 199 68 35 154 3 79 185 86 168 155 238 83 96 152 116 93 198 76 254 249 131 77 63 184 199 165 244 189 251 240 33
99 34 120 64 108 25 250 64 107 164 248 9 138 8 86 16 218 133 70 8 4 50 196 192 22 220 3 51 77 138 74 132
245 98 197 69 40 2 78 152 112 234 183 236 83 97 217 63 92 196 108 238 233 246 237 10 178 170 229 148 111 243 114 49
52 163 1 169 222 139 162 200 6 164 216 203 199 193 104 0 89 152 66 241 10 50 75 31 188 132 175 116 245 10 20 128
245 96 231 69 6 94 111 152 113 226 231 74 83 48 213 63 56 196 124 234 233 244 253 72 55 170 229 4 111 243 114 36
254 112 181 240 171 104 17 200 171 183 161 57 14 159 77 27 131 213 237 81 10 71 154 128 153 209 93 63 192 113 7 51
2 162 156 178 203 233 177 203 158 55 5 185 172 255 74 10 137 27 227 17 18 106 202 147 205 149 95 127 144 72 135 171
16 32 18 137 9 8 32 64 174 32 226 2 134 130 32 80 232 133 106 128 8 211 129 80 149 32 139 51 1 8 35 2
32 34 76 137 78 11 160 72 118 32 240 10 195 128 0 16 120 140 98 8 8 242 197 16 20 160 131 32 113 8 82 128
16 0 7 137 76 3 160 72 6 32 194 66 192 130 32 64 104 140 106 137 8 243 199 208 148 32 139 0 49 8 49 128
16 32 22 137 75 11 32 72 174 32 226 66 196 130 32 84 104 132 106 128 0 209 147 80 148 32 3 0 0 0 33 4
33 32 73 197 76 11 224 64 108 32 242 74 211 2 128 112 104 140 106 8 9 242 197 64 20 160 131 0 105 136 82 160
56 69 127 236 20 195 71 120 196 132 254 2 115 117 160 101 120 244 14 106 73 177 57 13 241 173 163 0 115 186 116 32
98 32 232 216 78 49 185 74 203 53 180 155 9 140 126 11 234 129 115 157 134 99 230 208 87 24 219 45 213 76 119 230
87 16 226 165 102 38 248 88 45 65 83 231 77 11 188 64 182 13 63 165 133 144 21 192 150 120 138 134 44 230 1 21
32 172 27 250 217 197 17 103 22 5 76 16 180 215 96 96 201 59 18 144 50 10 114 183 237 151 154 107 16 8 165 170
80 32 18 136 9 9 32 64 174 32 162 2 134 130 0 212 232 132 106 128 8 115 203 80 149 32 139 51 0 8 35 6
16 32 6 141 9 2 160 72 174 160 194 3 196 194 32 66 104 196 106 128 8 211 131 80 149 32 139 19 0 8 33 2
48 32 7 141 76 11 160 72 86 160 224 2 64 192 32 64 120 76 106 8 8 243 79 16 20 2 131 40 81 8 112 128
16 0 7 141 72 2 32 72 54 128 194 66 64 194 32 192 120 204 106 136 8 211 207 80 20 34 139 0 48 8 48 128
33 32 79 137 78 11 224 72 118 160 226 66 209 128 208 96 120 140 106 140 9 242 197 16 20 32 131 0 121 136 112 132
54 128 47 216 77 193 161 200 142 19 161 3 48 221 108 11 233 185 251 147 74 103 154 209 81 0 218 127 81 8 116 178
1 0 23 169 102 110 169 72 124 64 90 66 213 54 184 96 54 13 58 169 129 144 37 64 20 44 170 132 4 194 33 169
64 32 6 140 9 11 160 72 174 128 194 2 196 194 32 198 232 196 106 128 0 195 147 80 149 32 139 27 0 8 33 130
1 140 27 88 21 197 97 231 254 65 104 16 180 242 32 112 193 42 18 12 35 168 50 127 233 190 18 72 88 8 225 170
1 14 71 181 52 138 104 55 252 0 82 198 181 162 176 64 118 46 42 140 161 152 7 206 164 182 186 0 12 160 113 136
80 32 23 136 74 74 32 72 174 32 194 2 204 195 32 196 104 132 106 136 0 211 131 80 148 32 139 0 0 0 37 32
32 32 69 169 78 75 160 72 54 32 240 74 195 129 0 0 120 140 98 0 0 242 197 16 20 160 35 33 113 8 82 128
0 0 6 137 76 3 160 72 70 32 194 2 192 130 32 68 104 140 106 136 0 243 211 208 20 32 139 0 17 8 49 128
80 32 3 136 74 1 160 72 174 0 194 3 68 194 32 80 232 133 106 132 4 195 131 80 148 32 11 11 0 0 33 4
0 170 24 153 248 173 176 143 174 57 48 92 182 130 72 10 133 11 78 28 18 40 202 113 141 144 62 126 216 0 195 137
217 77 94 100 34 10 86 48 161 128 174 8 255 51 1 211 34 229 108 110 105 161 1 12 242 235 96 17 106 243 74 8
1 14 7 189 20 143 111 119 124 194 74 196 247 226 48 64 112 110 42 44 161 184 21 111 165 174 210 0 8 168 113 56
64 10 206 189 22 138 96 3 116 128 82 227 241 163 160 64 114 238 46 128 40 216 71 110 196 166 242 129 45 160 49 8
32 40 7 5 73 203 160 74 126 160 226 72 64 210 64 180 120 236 106 8 1 243 131 80 21 34 3 32 65 0 99 164
33 32 12 157 76 143 160 72 198 160 192 15 196 192 98 66 200 108 106 5 6 115 219 17 20 32 139 56 88 8 57 130
32 32 6 141 76 11 160 72 86 160 194 2 64 193 32 64 120 76 106 8 0 243 91 16 21 2 131 40 89 8 48 128
0 0 6 141 76 2 160 72 118 128 194 66 192 194 32 64 120 76 106 136 0 211 207 80 20 34 139 0 16 8 49 132
214 237 4 182 155 208 22 164 175 52 136 1 239 238 66 195 128 243 237 115 78 73 154 189 185 208 15 123 0 22 141 14
214 232 20 190 11 192 22 168 170 150 128 137 238 202 77 211 144 245 233 99 110 71 154 253 177 112 79 63 0 55 15 14
65 10 155 126 21 174 96 22 126 9 98 84 246 225 32 104 208 42 42 12 139 185 19 63 193 191 18 0 152 8 97 40
114 144 123 224 46 117 154 112 201 104 144 107 30 156 244 32 134 145 157 67 141 43 34 209 211 89 42 251 93 12 21 87
97 166 133 87 188 43 65 63 90 187 83 120 179 33 216 60 145 14 100 28 186 120 203 23 12 30 245 116 196 200 210 40
145 170 31 177 16 142 105 83 124 25 98 84 149 131 48 89 113 44 6 156 51 220 1 77 205 171 50 64 40 128 227 160
191 32 106 192 87 86 248 72 113 68 245 27 25 28 62 49 248 141 151 181 156 183 181 194 87 73 138 5 101 164 118 198
0 120 24 186 72 205 18 192 158 0 64 9 167 210 97 192 200 59 138 83 14 10 218 51 197 197 58 59 16 11 13 138
253 47 15 101 156 14 79 61 96 232 186 204 83 33 209 19 88 228 108 110 249 251 197 12 248 233 229 148 105 250 210 40
113 134 79 101 20 43 111 55 112 162 254 236 115 33 144 112 51 230 108 174 233 188 101 14 236 175 117 144 101 162 82 40
65 2 201 109 20 43 97 22 118 33 98 208 243 33 144 112 82 142 44 12 137 184 101 3 196 239 48 0 236 136 80 40
33 64 73 169 116 136 105 20 44 1 98 196 177 3 208 88 98 12 34 156 3 144 199 0 68 168 178 0 60 128 80 168
102 232 16 30 73 205 146 232 139 28 161 9 174 216 47 22 200 177 195 67 70 35 218 241 145 208 1 63 81 47 71 134
220 88 181 182 41 76 21 168 184 254 131 125 223 119 73 91 133 85 125 99 104 69 219 34 209 242 95 30 0 53 7 83
1 42 79 113 32 138 105 16 108 17 114 212 145 3 144 89 106 40 78 156 19 252 69 68 196 152 178 64 40 129 97 160
114 0 22 160 77 75 80 98 141 36 162 11 14 137 37 159 232 165 206 97 12 35 0 220 147 208 64 51 81 13 94 6
98 72 86 152 73 203 80 104 139 36 160 9 6 202 37 146 200 177 203 98 76 35 82 220 19 16 1 63 80 47 78 6
229 107 237 101 172 10 71 61 64 224 182 236 211 33 209 51 90 228 108 110 233 242 229 8 228 137 229 180 109 250 210 40
58 128 96 225 69 102 120 128 1 20 118 3 11 27 52 212 232 153 149 168 8 144 81 148 87 217 128 135 55 204 124 130
114 96 18 32 9 203 80 68 173 132 160 9 14 152 33 151 200 161 206 33 76 163 66 76 145 144 2 59 64 12 43 14
65 2 217 253 52 170 97 18 126 1 114 240 247 1 144 120 82 46 46 12 147 184 229 3 196 190 50 0 156 136 81 41
122 8 16 186 89 157 82 64 143 4 161 9 47 210 33 212 192 185 204 64 14 3 90 189 147 208 1 123 18 15 12 6
1 34 79 49 48 138 104 19 116 1 98 212 147 3 144 88 80 172 78 156 187 188 69 78 204 189 178 64 72 128 234 0
58 40 16 190 9 205 146 72 139 4 225 9 175 218 37 148 200 185 197 67 78 35 210 185 145 212 10 59 81 47 15 134
129 2 73 249 52 138 107 16 124 1 114 208 179 3 144 112 82 8 14 28 11 156 69 139 196 189 178 128 20 136 80 40
58 72 80 250 93 221 82 98 135 4 164 11 47 219 39 148 136 178 199 66 78 43 90 189 19 209 0 59 115 140 76 14
129 2 73 105 20 130 107 16 116 1 226 208 145 3 144 112 90 172 12 156 41 188 101 78 228 174 178 64 109 130 96 40
114 36 18 184 9 201 16 64 141 132 161 9 174 218 34 149 200 177 206 33 12 35 82 220 145 16 10 59 80 14 15 6
65 22 95 109 54 42 59 50 108 8 122 228 255 35 160 113 182 7 46 44 161 184 37 95 228 190 98 192 92 130 1 33
54 8 82 186 73 201 80 65 153 4 225 11 14 202 36 148 200 185 133 0 28 35 66 220 145 240 0 59 83 15 78 134
80 48 7 9 11 79 161 72 230 140 194 14 194 128 34 64 104 12 106 0 9 195 195 16 149 32 3 17 40 8 55 210
112 32 6 5 75 11 32 64 172 32 130 72 134 128 0 208 32 140 106 0 1 193 193 64 148 32 11 48 72 8 35 128
96 34 1 1 74 73 32 64 102 32 226 76 131 128 0 80 104 140 106 8 9 210 215 16 20 32 1 40 105 0 18 128
56 0 2 137 76 9 32 64 116 32 226 2 67 128 32 80 120 140 34 136 0 146 197 0 20 160 130 0 97 8 112 128
0 32 22 136 72 9 160 72 238 32 194 8 4 128 32 64 104 12 106 0 0 147 1 80 144 32 2 56 0 8 35 130
48 32 4 169 76 11 32 64 102 32 194 2 131 1 0 64 104 140 106 136 8 178 197 16 148 128 130 0 97 8 48 128
16 32 2 137 8 9 160 72 108 32 194 0 134 130 32 64 104 4 106 0 0 131 195 0 144 0 10 24 0 8 35 130
96 32 0 161 72 9 32 64 70 32 226 8 194 0 0 64 104 140 106 0 8 83 197 16 148 0 131 56 80 8 2 130
80 32 2 1 8 9 32 64 100 32 194 8 194 130 0 64 104 132 106 136 8 83 197 0 148 32 2 48 32 8 32 0
112 32 2 1 74 9 32 64 172 32 162 8 134 128 0 80 104 132 106 0 0 195 193 64 148 32 3 16 64 8 35 128
64 32 0 9 74 9 32 64 100 32 226 8 131 0 0 80 104 140 106 8 8 210 197 0 20 32 131 40 97 0 2 128
32 32 2 9 72 3 32 72 118 32 98 0 67 192 32 64 120 76 34 8 8 242 207 16 20 32 3 0 113 8 32 128
0 32 22 8 72 3 32 72 180 0 194 0 68 194 96 64 120 12 106 0 0 211 131 0 20 32 3 8 0 0 35 128
125 167 68 47 184 19 78 184 70 168 154 238 67 96 153 80 95 198 108 254 216 131 109 60 184 207 165 212 181 243 208 1
112 35 200 44 124 9 194 72 42 164 248 235 3 232 68 16 216 204 102 17 10 51 202 16 188 132 39 61 65 42 86 130
101 98 196 69 108 6 78 152 112 226 179 204 211 96 221 58 93 196 108 238 233 246 205 10 4 142 229 180 237 251 82 16
36 169 26 170 218 129 3 200 22 161 72 10 116 195 105 0 89 186 2 112 18 51 202 61 248 133 45 124 208 10 32 130
88 205 19 46 154 130 70 188 115 4 233 172 99 225 168 208 18 206 108 106 123 11 141 63 186 229 37 124 114 178 162 40
245 65 103 68 4 86 103 112 96 226 226 66 83 114 149 247 120 228 124 234 233 243 181 8 177 170 231 0 39 179 114 36
213 96 229 69 6 122 107 152 96 226 183 10 83 48 221 63 50 196 124 250 137 244 253 72 85 170 229 36 229 243 86 100
246 112 181 112 235 72 17 200 171 183 161 57 14 159 77 27 135 213 237 83 10 103 138 64 153 144 93 127 193 49 7 115
32 32 76 137 78 11 160 72 118 32 240 10 193 128 0 0 120 140 98 128 0 242 199 16 20 160 131 40 113 8 114 128
16 32 7 137 76 3 160 72 6 32 194 66 192 130 32 64 104 140 106 136 8 243 199 208 148 32 139 0 49 8 48 128
16 32 6 137 74 11 160 72 46 32 226 2 196 130 32 80 104 141 106 128 0 211 135 80 20 32 139 0 33 0 33 128
97 32 73 193 76 9 224 64 100 32 242 74 211 0 128 80 104 140 106 136 1 242 197 64 20 160 3 0 105 8 99 160
48 5 127 236 20 195 71 112 196 4 238 2 115 117 32 69 120 244 14 106 72 163 57 29 241 173 163 16 115 186 116 32
32 164 25 219 217 225 17 79 94 29 97 48 164 215 40 96 217 59 130 16 50 42 98 151 205 150 18 107 144 8 133 170
16 32 18 136 9 8 32 64 172 32 162 2 134 130 32 212 232 133 106 128 8 195 145 192 145 32 139 51 1 8 35 6
48 32 7 141 76 11 160 72 86 160 194 2 194 192 32 64 120 76 106 8 8 243 75 16 20 34 131 56 113 8 48 128
16 32 7 141 72 3 32 72 54 160 194 66 64 194 32 64 120 204 106 128 8 211 203 80 20 34 131 0 48 8 48 128
33 32 5 137 78 11 224 72 118 160 226 74 211 128 80 64 120 140 106 140 8 242 199 16 20 0 131 0 97 8 112 128
102 56 59 248 77 197 144 200 130 16 160 10 48 220 101 42 201 177 211 193 11 35 154 240 209 16 139 59 89 9 52 50
1 16 61 233 86 6 169 24 124 1 82 194 213 23 144 97 54 29 59 153 145 152 117 64 197 168 234 128 52 128 1 161
16 32 6 140 9 10 160 72 174 32 194 2 196 194 32 198 232 196 106 128 8 195 131 80 149 32 139 59 16 8 33 6
1 140 27 93 21 231 65 103 94 73 104 16 182 243 32 97 193 42 50 8 51 168 50 63 233 190 18 74 88 8 225 170
96 32 2 137 76 13 160 74 134 36 194 11 196 194 32 64 104 140 106 133 8 99 211 208 148 32 139 56 16 8 49 128
80 32 19 136 74 65 160 72 174 0 226 66 64 194 32 212 104 132 106 128 0 195 131 80 148 32 139 11 0 0 37 164
32 32 7 137 78 75 160 72 38 32 240 10 64 128 32 0 104 140 106 0 0 243 195 16 20 32 3 41 113 8 114 128
0 32 6 137 76 11 160 72 70 32 194 2 192 128 32 64 104 140 106 136 0 243 211 208 20 32 139 0 17 8 49 128
16 32 7 137 8 2 160 72 166 32 194 66 196 130 32 64 104 132 106 128 0 211 135 80 148 32 139 0 0 0 33 132
68 162 16 161 176 41 96 141 43 49 177 253 199 2 200 26 155 143 76 53 26 112 201 80 140 144 21 116 192 74 195 0
89 65 87 164 41 8 92 36 233 146 170 8 239 163 1 247 162 245 108 234 76 67 146 160 176 241 68 24 34 179 43 0
81 14 203 181 20 138 106 55 124 129 66 212 179 163 176 80 118 238 42 140 169 152 133 78 228 166 178 0 44 160 241 8
0 40 23 93 74 139 160 71 246 160 226 98 32 130 224 212 104 46 106 128 0 251 130 80 20 34 19 42 65 0 35 172
0 0 6 141 72 3 160 72 118 160 194 2 192 194 32 64 120 76 106 136 0 211 223 16 21 34 131 0 16 8 48 128
33 180 149 91 181 141 97 191 126 25 96 84 182 240 24 117 193 10 18 24 179 248 83 55 45 62 20 64 216 8 208 171
64 32 151 92 74 194 160 72 182 144 226 128 224 226 100 246 113 124 106 0 2 195 143 1 28 34 71 11 64 32 37 132
64 32 135 28 8 138 160 72 182 176 194 0 192 224 32 66 113 100 106 0 0 209 139 13 28 34 71 0 0 32 49 4
222 233 6 190 155 209 22 168 170 144 128 9 239 194 41 211 144 241 237 99 108 67 154 61 185 225 77 59 16 54 15 14
1 26 155 250 53 165 97 88 246 25 97 84 182 211 32 121 208 42 42 28 131 188 18 49 193 185 18 72 152 8 97 169
33 166 133 83 180 171 97 31 94 59 83 88 135 32 216 61 145 14 100 28 178 248 205 23 12 30 117 116 196 200 210 160
67 19 59 232 110 4 187 84 138 24 16 234 156 159 112 35 230 145 23 193 131 35 146 241 213 24 42 170 29 25 33 179
97 162 205 53 160 11 73 191 118 177 114 252 243 33 216 25 31 134 100 156 187 216 69 21 204 143 245 212 236 128 210 40
17 134 31 97 19 174 107 54 124 1 106 84 127 35 16 112 49 38 40 28 161 156 17 95 229 175 18 64 168 128 97 40
164 104 24 186 88 205 51 72 150 12 97 9 183 211 99 0 200 59 2 66 66 6 90 59 197 133 32 57 16 11 12 130
129 2 219 249 52 170 105 16 126 9 114 80 191 3 176 121 54 44 46 28 179 188 37 17 196 235 50 64 184 128 65 41
88 228 152 51 144 94 18 175 54 53 142 17 215 58 74 64 145 87 237 17 30 73 217 55 235 231 63 85 160 0 141 74
241 107 205 101 132 15 111 53 96 226 162 76 243 33 81 51 56 230 104 110 233 240 213 8 247 235 197 48 105 250 82 40
249 15 77 101 20 46 111 51 96 168 110 76 243 33 16 51 48 230 108 110 249 184 245 15 231 235 96 16 104 226 82 40
98 216 24 58 72 205 146 232 138 28 176 9 166 220 101 144 137 179 199 67 78 43 90 61 19 209 1 59 81 59 79 138
67 67 27 162 108 5 184 84 200 24 49 106 157 155 240 34 166 17 31 11 129 35 138 208 212 152 42 168 28 154 1 33
1 130 95 113 32 170 105 18 124 17 118 84 211 3 144 120 82 32 46 28 147 188 71 85 196 191 50 192 72 128 65 33
50 88 80 222 73 205 82 97 143 132 161 9 110 220 39 16 136 177 199 66 78 35 82 157 147 208 1 59 83 47 78 6
65 134 79 101 52 170 107 50 112 67 122 252 243 33 144 112 18 230 108 44 169 184 101 15 228 191 112 192 204 130 82 40
58 1 82 224 5 70 80 64 1 32 242 3 15 27 36 212 232 145 133 160 12 179 16 132 147 241 130 87 51 12 124 130
50 32 16 188 9 221 82 72 137 4 225 9 46 219 34 148 216 177 204 35 78 35 82 221 179 208 0 59 114 46 14 6
65 2 155 121 52 174 107 18 126 9 118 116 183 1 176 120 54 46 44 28 179 188 37 79 196 188 50 192 152 128 65 33
60 4 18 184 93 223 80 64 133 4 225 9 15 218 37 208 216 185 132 34 12 35 82 156 147 209 0 59 50 14 78 134
1 162 91 99 48 138 105 16 124 9 115 116 155 3 176 120 146 40 14 28 147 188 5 87 204 159 50 192 200 130 227 33
184 232 16 190 73 221 82 202 147 12 240 9 47 219 1 144 136 187 197 67 78 47 90 191 211 193 32 59 114 141 14 138
65 135 31 233 52 174 107 19 108 9 122 68 255 1 176 112 54 32 14 60 179 184 5 95 228 253 34 192 216 130 65 33
184 24 80 126 73 221 82 106 151 4 240 9 43 223 39 144 136 179 199 66 46 43 82 191 83 201 48 59 115 141 78 138
65 135 79 111 52 170 107 52 108 8 122 228 211 35 144 113 82 38 44 110 161 184 37 77 228 251 226 192 76 130 98 33
56 240 88 250 89 221 80 254 131 53 180 9 47 159 10 144 137 154 197 0 14 43 90 181 211 193 48 127 115 156 14 138
65 7 31 239 48 46 107 54 108 9 123 228 221 35 176 112 54 7 46 60 177 176 37 92 228 191 34 192 156 194 1 41
54 0 18 152 9 205 144 73 137 4 161 25 142 202 38 148 200 177 204 1 28 3 82 220 145 16 10 59 80 12 175 6
97 32 3 9 75 77 33 72 100 100 226 12 146 128 2 80 104 140 106 0 9 211 245 0 21 32 35 48 97 0 82 208
28 173 128 35 154 35 15 152 22 161 136 130 209 98 73 0 51 206 104 248 26 80 207 59 236 197 173 124 181 243 144 32
34 160 208 108 94 73 82 200 19 160 248 171 34 201 68 16 89 217 67 0 10 50 202 19 124 148 5 63 113 42 102 130
244 197 64 78 154 18 70 172 99 160 172 170 99 99 136 20 50 196 108 234 122 3 173 63 184 228 5 60 119 178 226 32
38 172 145 218 217 137 130 204 27 129 120 72 44 216 108 132 153 123 2 16 3 42 202 247 61 148 5 126 209 10 195 142
12 173 24 91 210 137 35 188 166 1 108 4 241 227 138 80 17 106 2 88 19 24 42 61 110 5 37 96 154 147 131 168
221 96 227 69 6 94 231 144 96 226 242 74 83 16 213 191 56 196 124 234 201 244 253 72 53 170 229 4 103 243 118 100
230 112 153 240 75 105 145 202 171 182 161 185 12 159 73 27 175 213 233 19 99 103 186 64 157 144 93 63 192 113 7 114
48 32 7 137 78 11 160 72 102 32 242 10 194 128 32 0 104 140 106 128 8 243 195 16 20 32 131 56 113 8 114 128
48 32 6 137 76 11 160 72 6 32 194 66 192 130 32 64 104 140 106 128 8 243 195 208 148 32 139 0 49 8 48 128
0 32 6 137 74 3 160 72 38 32 226 2 192 130 32 64 104 140 106 128 0 211 199 80 20 32 139 0 1 0 33 128
65 32 67 137 76 9 224 64 100 32 242 74 131 128 128 64 104 140 106 136 8 242 197 64 20 160 131 32 97 8 83 128
112 69 127 204 28 194 71 112 196 4 238 2 115 117 160 101 88 244 14 106 104 163 57 29 241 168 33 16 115 186 100 34
0 176 25 219 251 233 17 79 94 21 97 48 180 215 104 104 209 27 130 16 51 120 107 23 205 150 18 123 144 72 133 163
48 32 18 136 9 9 160 64 236 32 226 3 134 130 32 80 232 133 106 129 8 195 129 64 145 32 139 59 64 8 35 6
33 32 5 137 76 11 224 72 118 160 194 202 211 128 80 64 120 140 106 140 8 242 199 16 148 128 131 0 49 8 112 160
226 156 25 186 77 165 144 210 139 24 184 72 182 217 101 0 205 51 19 1 10 43 218 243 1 152 18 58 88 88 82 171
88 132 92 237 50 2 95 48 53 2 110 0 223 51 160 81 86 212 61 170 104 144 17 14 227 239 224 193 54 162 40 35
16 32 6 140 9 2 160 72 238 32 194 0 196 194 32 214 232 196 106 0 8 195 131 80 145 32 138 59 16 8 35 134
48 32 134 29 74 139 32 72 150 176 194 8 66 224 96 0 89 108 106 8 10 211 203 29 28 2 69 60 112 40 34 128
0 32 134 29 72 2 32 72 118 144 194 0 64 224 32 64 113 108 106 0 0 211 139 29 28 34 71 4 0 32 32 128
112 32 133 13 78 11 160 72 118 160 226 74 211 224 64 64 120 204 106 8 8 242 207 16 28 130 5 0 97 8 114 160
0 148 29 91 189 237 17 47 94 17 105 48 182 241 40 112 209 58 42 0 51 168 83 31 205 182 16 75 216 8 197 170
17 140 3 189 21 134 107 247 116 65 106 70 54 163 48 96 240 238 26 140 35 153 17 111 177 174 18 0 40 0 225 56
1 10 70 85 48 138 105 22 124 1 114 240 185 131 160 80 98 110 38 136 160 216 5 111 132 166 178 128 44 128 225 169
64 40 6 136 77 139 160 70 174 32 194 3 132 129 32 68 104 166 106 12 0 217 147 208 149 32 146 16 16 8 49 138
64 40 10 8 72 1 160 74 166 0 226 0 128 194 32 80 104 140 106 128 12 203 195 80 149 32 139 41 0 0 41 132
32 34 7 9 72 11 160 72 38 32 226 74 64 128 32 0 104 140 106 128 8 243 195 16 20 32 3 40 113 8 34 128
0 32 6 137 78 11 160 72 70 32 194 2 192 128 32 64 104 12 106 136 0 243 211 16 20 32 131 0 16 8 49 130
16 32 7 137 72 3 32 72 38 32 194 66 192 130 32 64 104 140 106 128 0 211 195 80 148 32 139 0 0 0 33 128
52 39 193 35 194 43 66 73 33 179 187 249 67 1 72 30 57 140 68 50 24 242 77 0 156 208 5 118 225 235 194 132
85 73 150 164 40 8 76 32 233 146 168 8 239 162 65 215 162 229 108 74 76 67 130 64 144 240 78 27 0 243 43 12
248 233 6 190 11 81 86 232 161 130 128 9 239 194 41 211 144 245 237 227 108 71 202 61 177 227 77 59 48 54 10 6
1 152 31 250 41 133 81 88 254 25 97 68 182 211 32 121 192 42 42 28 147 171 18 49 193 185 18 72 152 1 97 163
2 56 89 248 234 65 189 192 138 16 64 138 157 159 97 43 110 25 147 211 67 82 146 240 213 1 202 40 29 25 33 184
50 68 106 192 68 70 253 69 193 164 254 2 80 157 53 96 248 148 19 169 200 179 48 200 113 56 142 6 69 58 116 226
33 166 133 19 180 171 96 43 126 59 99 88 199 32 216 141 145 14 100 28 50 252 205 23 12 158 117 116 192 200 211 32
145 144 27 121 19 166 99 82 118 1 230 20 115 19 40 120 241 168 40 156 59 157 17 95 249 175 18 64 185 0 96 34
36 40 24 190 72 205 51 88 150 28 101 9 183 211 35 0 136 57 66 66 2 2 90 57 197 129 33 57 80 43 7 130
81 148 95 251 18 166 123 18 124 3 103 84 253 19 32 120 119 45 8 60 179 156 53 95 237 239 18 64 184 128 33 32
88 141 24 54 25 220 82 168 179 36 139 9 239 122 10 208 145 247 237 65 46 9 217 63 187 231 41 123 32 2 14 10
209 141 79 101 5 14 103 55 104 194 106 12 115 33 16 51 48 230 104 110 241 248 181 13 247 235 64 0 105 98 210 40
32 232 24 186 120 205 151 238 138 53 176 9 54 159 72 16 137 155 67 64 66 43 90 117 125 128 53 61 80 24 7 138
5 98 155 226 232 4 169 208 138 24 80 100 157 211 233 106 166 9 22 206 131 48 138 208 132 153 42 168 156 210 33 161
176 25 120 126 76 221 210 104 141 4 245 11 34 217 37 16 136 178 199 66 78 35 82 61 83 217 0 27 113 171 76 2
65 130 159 107 52 174 107 18 126 9 115 84 223 3 144 112 183 6 44 28 147 156 33 127 196 191 50 192 216 131 97 33
50 28 88 126 9 253 82 106 135 4 237 9 43 221 39 144 136 178 197 66 14 43 90 189 147 217 0 59 115 15 78 10
5 2 31 105 48 142 107 16 126 9 114 100 159 3 176 120 183 8 44 28 147 188 33 95 196 188 50 192 152 130 97 33
62 13 80 186 25 253 82 72 133 12 233 9 47 219 35 148 200 185 196 2 14 3 82 157 147 213 0 59 114 46 78 134
1 151 31 107 52 174 107 16 108 9 123 100 222 83 168 112 148 0 12 60 179 152 33 127 228 191 34 192 152 131 97 33
1 6 31 233 52 174 107 16 108 9 126 100 191 3 176 112 151 1 14 60 179 180 1 127 228 191 34 192 24 131 97 33
184 232 80 186 73 221 80 254 179 61 160 9 47 155 74 145 137 155 197 64 110 15 90 181 243 193 49 125 50 20 14 138
184 24 88 126 73 221 80 94 135 29 240 9 59 159 35 145 136 187 199 64 46 43 82 61 83 203 112 57 115 136 78 138
193 211 31 111 36 6 117 49 120 10 115 84 254 51 0 115 164 68 124 110 225 180 177 77 227 251 98 2 72 176 227 33
56 240 92 114 73 221 80 255 162 61 181 25 59 223 74 144 137 155 199 0 78 43 90 21 115 201 49 125 113 136 206 138
184 132 120 122 73 221 80 222 134 55 180 25 59 23 106 144 9 146 195 8 42 46 90 51 67 201 48 61 115 216 204 138
71 40 152 48 201 185 176 199 186 243 96 93 140 170 70 154 129 75 226 21 23 90 146 98 28 87 94 111 200 69 139 150
245 96 195 4 4 86 102 240 96 226 226 74 83 24 149 183 56 196 124 239 237 247 189 8 49 106 229 4 101 179 122 4
230 34 157 144 75 105 185 66 170 183 161 185 140 167 65 27 143 81 235 21 2 71 138 64 85 18 91 191 128 117 7 243
112 69 119 76 20 66 71 48 196 132 238 2 115 119 164 117 88 244 44 106 104 163 57 13 177 170 225 16 51 186 116 32
0 150 153 217 187 233 17 207 30 49 96 48 132 151 104 104 217 27 162 16 50 56 99 23 205 150 22 127 144 72 133 163
32 32 6 137 76 11 160 72 70 32 194 2 192 128 32 64 104 140 106 128 0 243 195 16 20 32 131 0 17 8 48 128
0 32 6 137 74 3 160 72 38 32 194 2 192 130 32 64 104 140 106 128 0 211 195 80 20 32 139 0 1 0 33 128
32 32 6 13 72 11 160 72 54 160 194 8 194 192 0 64 120 76 106 8 8 243 203 16 20 34 1 56 81 8 34 128
48 32 7 5 74 11 160 72 118 160 226 202 67 128 64 0 120 204 106 8 8 242 199 16 20 162 1 32 97 8 82 160
32 142 25 249 108 13 64 142 91 59 48 120 183 9 220 17 131 11 4 25 98 44 67 179 140 158 52 124 88 136 193 9
24 4 92 233 22 66 75 52 52 0 79 2 211 83 24 64 114 220 61 234 40 144 25 14 231 239 160 65 48 131 40 32
1 156 27 190 149 196 97 247 118 9 234 20 182 179 32 96 209 42 26 140 59 154 19 127 169 190 18 66 24 8 224 42
17 142 27 127 18 142 107 246 124 1 106 70 61 163 48 80 116 107 34 140 161 152 17 111 229 174 18 0 40 128 33 8
1 40 71 145 70 139 96 70 190 33 66 194 181 131 160 64 106 46 106 8 2 248 7 113 20 34 18 0 36 8 81 136
16 32 6 137 78 11 160 72 102 32 194 2 192 128 32 64 104 140 106 128 0 243 199 16 148 32 139 0 17 8 49 128
252 64 222 108 72 2 86 88 160 162 228 9 83 227 35 27 88 244 101 98 72 199 216 8 243 235 101 25 97 243 106 130
120 5 84 44 25 88 70 32 225 2 170 9 111 34 0 210 224 196 236 226 76 3 208 15 179 245 64 27 34 114 110 6
1 154 25 123 45 141 65 145 206 25 104 68 182 195 96 120 196 42 14 28 131 40 90 49 197 153 34 104 24 8 193 161
22 104 217 251 3 193 173 192 30 16 64 130 189 151 97 41 122 57 27 218 67 208 26 240 197 129 222 32 60 152 33 176
222 233 4 190 137 209 22 168 128 176 128 9 239 242 9 211 144 241 236 99 108 67 202 61 185 211 79 63 48 54 15 14
81 148 31 105 21 230 99 82 116 65 226 20 82 19 32 112 241 132 40 56 59 191 49 63 241 239 18 66 249 1 96 34
24 0 30 185 24 207 81 88 20 132 100 1 215 211 35 80 80 56 6 104 8 144 82 30 193 197 32 41 48 170 12 130
73 148 95 105 50 162 123 34 108 1 111 4 223 115 40 112 115 7 56 40 49 152 53 95 236 239 2 64 252 131 33 32
50 28 120 94 76 237 211 106 223 14 244 10 34 253 53 101 200 242 7 66 170 43 114 189 83 250 80 59 81 137 84 174
160 233 25 154 104 205 161 238 138 53 160 9 180 151 72 16 137 27 67 64 98 47 90 119 117 128 49 60 80 24 7 170
201 149 127 111 50 14 115 48 120 64 111 100 254 115 136 113 182 70 120 108 177 184 177 93 238 251 66 66 72 130 227 33
69 151 31 105 50 166 107 16 108 73 111 68 220 83 168 112 246 5 28 60 131 144 49 95 236 189 34 68 152 131 33 33
48 208 120 88 89 205 81 254 183 61 180 25 35 223 14 20 137 146 71 8 106 47 90 55 123 223 17 127 115 152 206 138
56 8 120 126 89 221 80 94 151 38 180 9 43 221 35 16 8 178 199 8 42 47 82 185 83 219 16 59 115 140 76 202
193 135 31 107 48 142 107 176 108 73 123 68 222 67 152 113 182 7 108 124 177 184 33 125 228 187 34 192 88 131 35 33
197 145 31 107 131 134 55 48 124 88 99 84 222 115 40 113 246 7 60 110 241 160 49 125 225 251 98 66 88 1 33 35
56 152 120 126 76 253 209 222 198 31 244 27 59 217 42 9 72 146 131 8 10 43 82 49 83 171 112 25 115 200 76 138
32 32 6 137 74 11 32 72 102 32 194 2 192 128 32 64 104 140 106 0 0 211 195 16 20 32 131 0 16 8 48 128
1 14 87 191 54 138 107 50 124 8 82 194 253 163 176 96 50 43 38 12 161 152 5 111 164 166 50 0 40 128 33 169
0 32 6 13 72 3 32 72 118 160 194 0 64 192 32 64 120 76 106 0 0 211 203 16 20 34 3 0 0 0 48 128
48 32 7 5 74 11 32 72 54 160 226 202 67 128 0 0 120 204 106 8 8 243 199 28 20 162 65 32 97 8 80 160
32 162 213 225 228 11 96 189 91 51 49 216 211 9 72 24 27 142 70 56 26 116 77 145 140 218 117 116 253 138 208 136
28 68 88 229 20 74 90 176 52 4 110 2 83 51 40 80 112 204 45 234 8 144 25 14 227 239 160 5 50 179 92 2
1 156 27 59 181 132 80 191 94 1 106 84 182 177 40 112 209 42 42 8 51 168 83 63 169 190 22 74 152 8 240 42
16 32 6 137 72 11 32 72 118 32 194 2 192 192 32 64 120 140 106 0 8 211 203 16 148 34 3 0 16 8 48 128
24 173 18 42 25 157 18 200 62 133 200 9 175 210 96 208 145 107 130 81 14 11 218 63 185 197 15 59 80 6 43 142
60 96 218 36 74 43 66 88 33 162 227 9 83 99 65 154 88 204 68 114 12 247 201 8 210 193 97 21 225 251 106 130
197 98 151 17 105 172 48 194 254 155 33 80 140 130 65 27 161 9 106 28 2 69 138 64 13 154 87 110 192 81 35 129
0 40 134 29 72 139 32 70 182 160 194 0 160 160 0 66 104 110 106 0 0 219 195 60 20 34 83 0 96 0 32 136
0 32 134 13 74 11 32 72 118 176 194 8 194 224 0 64 121 76 106 0 0 211 207 28 28 34 69 52 96 40 2 128
17 105 9 251 3 69 109 64 22 176 68 2 177 147 97 104 120 187 27 202 75 208 26 240 213 129 206 32 57 120 33 162
252 232 0 190 9 2 70 232 163 162 128 9 103 194 9 147 144 229 236 99 108 71 202 57 177 227 77 63 48 51 10 2
1 80 31 120 141 134 65 212 246 89 226 68 150 211 97 120 208 40 42 92 203 163 50 17 193 153 18 74 88 16 96 34
56 4 30 168 16 79 82 52 52 36 230 1 87 19 35 80 80 156 164 96 44 146 81 14 243 231 32 85 48 155 44 2
4 162 135 17 180 171 96 130 126 179 99 216 135 160 216 10 129 14 104 28 50 252 143 16 12 18 81 68 192 193 83 0
85 133 95 105 19 226 107 170 100 65 110 0 223 115 32 113 114 133 40 184 49 152 53 93 237 239 2 68 249 3 97 34
32 12 121 92 76 237 147 106 222 14 240 11 50 249 37 0 200 179 67 1 42 43 82 127 81 190 64 56 81 41 69 170
210 229 20 44 9 92 22 40 169 166 137 9 207 178 6 214 128 245 237 99 76 3 218 155 177 240 73 63 0 38 15 6
128 169 24 179 72 205 49 254 162 53 44 9 181 151 74 16 1 26 67 72 66 94 218 55 237 129 53 44 32 144 7 234
193 129 95 109 34 66 55 32 120 64 103 32 223 51 136 115 54 87 120 106 113 184 181 77 230 251 66 68 72 162 35 32
197 149 29 105 50 134 51 184 124 72 102 116 220 19 168 113 246 21 60 226 241 136 57 93 228 251 98 70 24 129 33 51
188 240 117 82 233 221 85 253 55 61 177 24 11 221 76 20 137 146 69 16 90 111 122 149 123 216 21 126 99 128 198 162
56 144 112 90 9 221 209 253 199 63 181 24 11 149 238 52 9 154 198 8 90 46 122 149 83 217 81 127 115 142 196 234
201 208 63 125 34 6 53 57 232 90 119 116 222 115 136 115 166 85 124 106 225 165 177 79 227 235 98 2 72 48 163 51
213 208 29 124 11 6 21 56 252 90 243 116 222 51 32 123 226 21 60 234 225 165 57 93 193 235 98 6 88 49 33 51
168 128 120 74 77 125 209 158 70 55 180 26 27 49 42 12 9 18 227 40 10 42 122 145 67 203 112 125 211 200 204 170
172 176 120 66 201 253 81 249 34 189 181 24 91 87 206 21 25 144 197 58 58 102 123 20 95 201 37 125 227 131 198 242
221 52 191 124 11 96 49 10 248 211 166 48 254 115 9 123 227 85 120 0 33 101 179 66 209 235 82 10 200 113 35 50
164 48 116 67 136 111 195 216 38 189 181 24 83 85 205 29 25 144 65 58 58 96 121 20 77 154 37 116 193 131 70 98
210 97 148 20 9 76 148 32 168 52 131 25 134 178 69 223 128 85 232 67 108 67 211 65 145 48 74 59 0 117 15 6
205 5 93 233 50 195 59 40 44 112 102 48 221 23 161 113 102 17 56 250 97 148 41 94 236 251 66 68 16 129 33 32
56 144 241 90 13 125 209 157 71 63 181 26 123 125 60 232 217 146 142 8 154 34 123 145 67 249 17 63 115 202 212 102
50 176 117 98 233 205 193 237 47 63 177 89 74 95 76 20 153 147 71 0 91 34 91 149 9 218 17 126 83 2 198 226
216 84 189 124 42 110 21 26 248 90 247 112 222 55 9 123 166 85 252 162 161 101 179 65 195 243 114 130 64 113 39 51
220 84 157 124 43 96 21 26 240 91 183 112 221 55 9 123 199 85 188 130 41 69 251 66 211 227 250 151 152 113 37 51
172 48 125 67 184 127 211 216 98 188 181 24 211 87 205 63 25 208 196 122 43 98 249 32 75 219 37 117 227 211 70 241
