3 142 2 155 92 147 138 236 86 1 89 211 96 202 186 196 89 10 2 165 38 138 15 191 40 38 159 233 29 14 184 140
104 48 56 96 33 77 81 16 105 136 52 8 159 23 0 48 132 21 93 8 136 96 176 0 195 217 32 16 66 128 66 35
2 143 2 158 23 131 178 230 22 5 88 163 32 232 50 192 89 107 131 129 38 184 8 255 32 38 138 11 20 14 60 138
104 48 56 96 32 77 81 16 105 136 52 8 159 23 0 48 132 20 93 8 136 96 176 0 195 249 32 144 66 128 66 35
2 142 2 158 23 131 146 230 22 5 90 163 96 234 34 192 91 123 131 129 38 136 10 255 32 38 154 11 20 12 60 138
3 143 3 158 20 147 170 230 86 1 88 70 96 232 180 228 89 106 2 205 167 184 12 255 32 46 138 136 29 10 120 140
104 48 56 96 32 76 81 16 105 8 52 8 159 23 0 48 132 21 221 8 136 96 176 0 195 249 32 16 64 128 66 35
104 48 56 96 33 12 81 16 97 136 52 8 159 23 0 48 132 20 93 8 136 96 176 0 195 249 32 16 66 128 66 35
2 141 3 158 20 131 171 238 22 1 88 66 112 233 176 68 89 106 2 137 35 184 8 255 32 38 138 136 20 10 48 168
104 48 56 96 33 77 81 16 105 136 52 8 159 23 0 48 132 21 93 8 136 96 176 0 195 217 32 16 66 128 66 35
2 143 2 158 20 131 162 226 22 5 88 163 96 232 48 192 89 106 131 193 38 184 8 255 32 38 138 9 20 14 60 138
2 141 3 158 20 131 170 230 22 0 90 66 96 234 48 64 89 106 19 129 3 184 10 255 32 38 138 128 20 14 48 136
2 141 2 158 20 195 170 230 22 0 90 2 96 234 48 64 89 106 19 129 2 184 8 255 32 38 138 129 20 14 52 136
3 142 3 158 20 131 170 230 86 0 90 70 96 226 176 196 89 106 18 141 167 152 14 255 32 38 138 128 28 14 48 140
104 48 56 96 32 76 81 16 105 8 52 8 159 23 0 48 132 20 93 8 136 96 176 0 195 249 32 16 64 128 66 35
2 140 2 158 23 195 178 230 22 4 90 163 96 234 34 64 89 123 131 129 34 136 10 255 32 38 138 11 20 14 60 138
72 48 56 96 33 76 81 16 105 8 52 8 159 23 0 48 132 21 221 8 136 96 176 0 195 217 32 16 66 128 66 35
3 141 3 222 20 131 175 250 22 0 90 66 112 232 176 100 88 106 2 203 3 184 8 255 32 38 139 128 28 10 48 168
72 48 56 96 33 93 81 16 105 136 52 8 159 23 0 48 132 21 221 8 136 96 176 0 195 249 32 16 66 128 67 35
90 48 88 224 34 72 88 16 41 136 52 168 159 31 64 80 166 149 221 0 0 64 128 192 210 249 34 131 34 128 7 19
3 143 2 158 20 131 170 230 86 0 90 70 96 226 180 228 89 106 2 140 135 152 14 255 32 46 138 128 29 14 120 140
2 143 2 158 23 131 178 230 22 5 88 163 96 232 48 192 89 106 131 197 38 184 8 255 32 38 138 11 20 14 60 138
130 143 6 158 28 131 174 226 148 6 218 163 104 234 48 193 121 107 139 227 38 139 14 255 32 34 202 131 21 12 56 140
104 48 56 96 32 77 81 16 105 136 52 40 159 31 0 48 134 21 220 8 128 96 176 0 195 249 32 144 98 128 70 51
130 143 6 158 23 131 186 230 148 4 218 163 96 234 34 193 104 107 139 129 38 153 11 255 32 38 138 131 20 44 60 138
3 143 2 158 20 131 174 230 86 0 90 198 96 226 180 196 121 106 2 207 135 152 14 255 32 46 138 128 29 14 120 140
104 48 56 96 32 76 81 16 105 136 52 8 159 23 0 50 132 84 93 8 136 96 176 0 195 249 32 16 64 128 66 35
41 48 112 96 97 29 81 16 105 168 180 8 30 17 196 52 132 144 214 8 137 96 240 192 71 217 1 50 66 136 66 35
33 140 3 155 92 129 138 236 22 1 88 66 96 232 184 228 89 106 19 137 35 170 75 255 32 38 155 40 29 10 48 172
104 48 56 96 33 77 81 16 105 168 52 8 159 23 64 48 132 149 93 8 136 96 240 0 195 249 33 48 66 128 66 35
2 143 2 158 23 131 178 230 22 5 88 163 96 232 50 192 89 107 131 133 38 184 8 255 32 38 138 11 20 14 60 138
2 141 3 158 20 131 170 230 22 1 88 66 32 234 48 68 89 106 19 129 35 184 8 255 32 38 138 136 20 10 48 168
2 141 2 158 21 195 170 230 22 4 90 2 96 234 48 64 89 106 19 129 34 184 10 255 32 38 138 129 20 14 52 138
3 143 3 158 20 131 170 242 86 1 88 70 96 232 180 228 89 106 18 205 163 186 12 255 32 46 138 136 29 10 48 172
104 48 56 96 32 76 81 16 105 136 52 8 159 23 0 50 132 84 93 8 136 96 176 0 195 249 32 16 64 128 66 35
2 140 2 158 23 195 186 230 22 5 90 163 104 234 34 64 123 123 147 129 34 154 8 255 40 38 138 3 20 12 60 138
104 48 56 96 33 77 81 16 105 168 52 8 159 23 0 48 132 148 93 8 136 96 240 0 195 217 32 48 66 128 66 35
35 142 3 155 92 129 138 236 86 1 88 66 96 232 184 196 89 74 19 141 163 170 78 255 32 6 155 168 29 10 48 172
104 48 56 96 33 77 81 16 105 136 52 8 159 23 0 48 132 21 93 8 136 96 176 0 195 249 32 16 66 128 66 35
3 6 6 157 12 131 172 104 148 2 210 199 104 234 176 199 124 100 43 167 100 241 15 221 20 34 203 128 21 124 56 4
131 143 6 158 20 130 174 226 148 2 210 231 96 234 176 197 120 111 170 231 100 217 15 255 32 34 203 129 28 44 56 140
3 143 2 158 20 147 174 230 86 0 90 198 96 234 180 196 121 106 18 205 166 152 14 255 32 38 138 136 28 14 120 140
104 48 56 96 32 76 81 16 105 136 52 8 159 23 0 48 132 20 93 8 136 96 176 0 195 249 32 16 66 128 70 51
105 48 113 64 101 29 113 16 105 168 180 8 26 27 196 182 140 212 70 8 137 98 224 192 71 217 1 178 66 136 66 37
3 142 2 159 28 147 138 236 22 1 88 86 96 234 184 196 89 74 2 165 167 186 79 191 40 38 155 72 29 14 184 140
104 48 56 96 33 77 81 16 105 168 52 8 159 23 64 48 132 149 93 8 136 96 240 0 195 217 33 49 66 128 70 35
2 143 2 158 23 131 186 230 22 5 88 163 96 234 50 192 121 107 131 133 38 186 14 255 32 38 138 11 21 14 60 142
3 141 3 158 20 131 174 230 22 0 90 66 96 234 176 228 121 106 19 201 35 152 10 255 32 38 138 136 28 10 48 172
2 141 2 158 21 131 170 230 22 0 88 3 96 234 48 64 89 106 147 129 34 186 10 255 32 38 138 139 21 14 60 138
3 143 3 158 20 131 170 230 86 1 88 198 96 234 180 228 121 106 18 205 167 186 12 255 32 38 138 136 29 14 48 172
104 48 56 96 33 77 81 16 105 136 52 8 159 23 0 48 132 20 93 8 136 96 176 0 195 217 32 16 66 128 70 51
130 143 6 158 23 131 186 230 150 4 90 163 96 234 50 193 121 107 131 129 38 153 10 255 32 38 154 131 20 12 60 138
104 48 56 96 33 77 81 16 105 168 52 8 159 23 0 48 132 149 93 8 136 96 240 0 195 217 32 48 66 128 66 35
3 142 0 155 28 147 138 236 22 1 88 214 96 232 184 196 89 74 18 161 39 58 79 191 44 6 155 236 28 14 184 140
72 48 120 96 33 77 81 16 41 136 52 40 159 23 0 48 134 21 221 8 136 96 176 0 195 249 32 144 98 128 66 35
19 14 6 159 28 131 174 104 148 2 210 199 96 234 180 197 121 102 42 175 228 209 15 255 176 34 235 128 29 104 49 4
104 48 121 96 33 77 81 16 105 168 52 40 159 23 0 52 134 148 221 8 136 96 240 128 195 217 33 178 66 128 70 51
105 48 113 64 109 29 248 16 105 104 180 8 138 25 148 182 206 212 86 8 133 98 240 192 87 217 1 50 67 140 66 229
39 134 0 155 221 147 138 232 22 17 208 211 224 234 58 192 89 74 162 181 54 114 79 247 60 6 159 109 29 12 184 132
72 48 56 96 33 93 81 16 105 168 52 40 159 23 0 50 132 212 221 8 136 96 240 0 195 249 33 176 66 128 70 51
130 141 14 158 22 131 190 230 150 4 90 163 96 234 50 65 121 107 131 195 38 155 14 255 32 38 154 3 21 10 60 138
131 141 3 158 20 135 174 230 150 1 88 70 112 234 48 68 121 106 19 201 99 186 24 255 41 38 138 8 29 10 48 172
130 141 14 158 20 195 190 230 150 4 90 131 96 234 50 64 89 106 3 195 34 186 10 255 40 38 142 65 21 10 180 138
3 143 3 158 20 147 170 238 214 1 88 198 96 224 180 228 121 106 2 205 167 186 12 255 40 46 138 0 29 14 120 172
104 48 57 96 33 77 81 16 105 168 52 40 159 23 64 50 134 212 93 8 136 96 240 0 195 249 33 176 66 128 70 51
130 143 14 159 28 130 174 226 148 6 210 227 96 234 176 65 121 99 43 231 100 201 15 255 32 38 235 129 21 40 56 140
54 134 4 153 157 151 138 232 30 49 208 19 227 234 58 193 217 74 234 181 62 242 75 159 172 214 143 117 21 12 248 132
18 142 14 191 28 130 172 232 150 22 210 231 225 234 184 67 121 103 47 167 108 203 79 253 240 34 235 153 21 40 56 0
