96 32 128 165 74 73 160 72 14 180 240 139 130 192 68 2 105 204 66 1 10 115 219 17 29 0 7 61 65 40 86 130
16 32 6 5 74 11 160 72 116 0 226 2 64 192 0 2 56 76 106 8 0 243 135 0 20 32 2 8 65 8 35 128
32 32 7 9 73 75 160 72 230 168 224 76 192 192 64 82 105 76 106 0 1 211 203 16 28 2 5 56 72 0 114 146
88 32 134 37 74 10 32 72 54 160 194 136 67 160 0 146 120 204 106 128 8 211 199 0 20 35 1 0 97 0 42 128
54 32 10 136 77 70 160 64 172 4 240 3 0 138 38 220 232 129 202 240 8 39 16 192 145 49 138 79 65 2 111 130
33 32 7 1 72 11 33 72 118 224 226 76 208 192 194 208 121 76 106 4 1 211 239 16 28 2 37 56 72 0 114 240
80 32 134 37 75 74 32 72 118 228 194 140 67 160 2 18 120 204 234 0 4 209 215 0 21 34 1 33 97 0 38 214
32 32 6 1 73 11 32 72 118 160 226 8 80 192 64 80 121 76 106 0 0 211 207 16 29 2 5 57 64 0 114 128
8 34 207 169 70 11 225 83 100 17 242 230 151 3 128 8 106 136 106 136 11 182 69 1 212 129 114 0 105 128 35 136
80 32 134 36 74 14 32 72 38 160 194 72 83 160 0 82 96 204 106 0 1 211 199 0 21 34 35 0 40 0 34 160
104 81 18 140 89 85 16 72 206 44 192 11 44 146 35 212 192 168 234 113 6 35 211 153 149 48 11 59 18 14 63 142
81 34 16 32 40 13 88 0 107 168 178 72 143 18 192 182 166 197 108 24 13 97 193 64 152 249 39 178 74 128 3 5
32 34 6 1 74 11 32 72 118 160 226 204 64 128 64 80 121 204 106 0 1 211 207 16 28 2 5 56 73 0 114 128
250 65 82 136 93 71 224 65 13 132 240 10 8 26 39 208 232 173 202 209 12 131 81 200 181 32 130 59 49 24 124 134
80 32 134 4 74 10 32 72 230 164 194 136 66 160 66 18 104 204 106 0 0 211 199 64 20 32 3 1 64 0 43 68
65 2 77 73 92 171 97 82 118 57 102 230 211 1 160 105 104 172 106 24 25 152 101 20 86 169 178 64 185 136 80 32
164 140 23 30 152 131 6 184 214 2 96 104 115 225 168 81 17 110 32 42 105 250 11 63 40 166 101 16 80 248 66 168
20 140 150 30 155 218 6 172 118 19 64 16 102 242 40 212 145 74 160 2 50 200 11 63 169 166 21 79 208 98 132 14
83 32 135 133 10 10 104 64 236 128 194 194 212 130 64 114 96 197 106 140 1 209 133 64 156 32 143 0 40 0 35 4
32 32 192 133 78 73 224 72 14 164 240 139 130 128 80 2 104 204 66 5 8 115 207 80 28 0 135 57 65 40 86 130
80 132 68 141 27 75 4 168 167 54 130 136 195 98 4 199 73 196 236 32 40 193 79 29 140 242 199 87 50 40 12 4
81 0 135 157 12 2 161 104 246 128 194 66 208 224 32 98 120 228 106 136 0 209 131 72 21 34 199 0 17 104 112 32
48 33 6 160 73 70 224 96 172 20 224 3 12 130 40 209 232 141 66 161 4 179 16 212 21 0 138 101 1 0 107 130
36 160 4 137 203 67 160 200 22 176 192 11 212 192 96 0 121 152 98 16 2 83 91 17 29 130 143 125 177 8 37 130
81 6 223 95 26 2 101 56 246 130 230 226 115 225 160 99 121 228 106 170 41 241 239 45 116 162 231 0 121 248 112 32
36 140 150 62 152 131 7 184 214 2 98 108 115 225 168 81 17 102 32 42 104 242 11 63 104 166 101 0 120 248 64 136
20 132 146 30 155 135 6 232 118 19 64 16 102 226 40 84 145 74 32 34 50 216 27 63 169 166 21 79 146 98 169 6
144 34 11 161 70 9 225 81 100 17 114 95 149 131 48 9 104 136 2 13 67 182 131 65 84 129 114 0 105 8 99 128
81 32 142 133 8 10 96 72 236 128 194 66 212 226 80 114 96 196 106 140 1 209 135 64 156 34 207 0 8 32 35 4
96 1 22 136 93 213 32 72 206 12 193 0 132 210 98 208 216 168 234 49 14 3 146 144 145 48 2 75 16 10 45 134
32 32 132 133 74 11 160 72 22 180 224 139 194 192 64 2 121 204 98 17 8 115 223 16 29 0 15 61 113 40 86 130
48 32 196 165 9 11 160 72 62 180 176 139 199 1 64 146 89 204 234 17 8 243 223 16 156 208 7 53 65 44 95 130
81 32 159 133 10 10 41 72 236 160 194 66 221 162 208 114 99 197 106 156 1 209 135 64 156 34 239 0 40 32 35 36
65 0 159 29 12 10 164 104 246 130 194 66 80 224 32 98 112 228 106 168 33 241 139 9 21 34 231 0 25 120 112 32
17 18 221 233 2 139 97 80 22 161 70 230 147 131 161 105 120 188 6 152 9 148 69 24 196 227 48 32 185 136 32 168
52 160 148 153 219 195 160 200 22 176 192 10 196 194 104 0 121 88 226 16 2 83 203 21 157 130 15 125 176 8 45 130
81 32 135 133 10 10 33 64 236 160 194 66 212 162 80 114 96 197 106 140 1 209 133 64 156 34 207 0 32 32 35 4
80 2 159 157 12 2 161 104 246 128 194 66 80 224 32 98 120 100 106 168 32 209 131 76 21 162 231 0 16 104 112 32
36 160 20 153 203 131 160 200 22 176 224 10 228 208 104 192 121 152 226 16 2 83 91 17 29 130 143 125 177 8 33 130
83 160 2 128 89 140 96 64 109 20 226 10 6 130 70 212 104 141 74 129 78 27 149 85 149 32 138 79 1 0 43 6
96 33 2 0 73 201 160 97 168 32 176 9 132 128 4 146 168 161 202 33 0 35 128 64 21 16 10 59 65 8 111 130
209 160 65 33 66 136 105 0 116 1 98 210 145 2 208 89 58 140 72 156 11 220 133 69 212 128 178 64 41 128 99 168
64 16 150 72 89 214 160 73 230 13 227 0 192 208 38 198 192 36 234 16 20 163 147 16 17 48 2 95 208 10 108 6
209 128 201 209 22 138 105 16 118 1 66 210 209 3 144 104 114 140 40 156 19 156 197 193 204 173 178 64 173 128 113 40
81 32 151 133 10 10 41 64 236 160 194 66 220 130 80 114 96 197 106 140 1 209 133 64 156 34 143 0 40 0 35 4
96 2 77 161 76 137 224 96 168 32 240 207 147 8 16 18 106 160 66 5 8 58 68 69 84 32 162 80 77 8 82 128
32 32 192 164 76 9 224 72 14 164 240 139 130 128 68 2 104 204 66 1 8 115 203 80 29 0 135 57 97 40 86 130
49 98 29 173 74 11 32 88 6 176 192 206 179 131 193 9 104 44 98 136 9 210 71 16 212 129 57 32 57 136 0 184
64 2 159 93 12 2 101 104 244 130 226 66 80 224 160 98 112 100 106 168 41 241 139 13 84 162 231 0 24 120 96 32
20 160 148 185 219 199 160 200 22 176 224 10 196 210 104 192 121 88 226 16 2 83 91 21 157 130 7 127 144 8 45 130
80 32 22 141 12 2 160 64 228 32 194 34 196 130 32 194 104 204 106 128 12 211 129 192 148 32 138 17 0 8 49 128
96 0 0 137 77 73 32 72 100 32 194 11 198 192 32 66 104 204 106 8 8 83 195 0 149 32 130 56 48 8 16 0
32 32 6 9 74 7 160 72 230 160 226 8 64 194 96 82 104 76 106 128 0 211 203 0 29 2 3 32 64 0 34 128
16 32 134 5 74 11 160 72 118 128 226 64 82 192 64 2 56 76 106 0 0 243 135 16 20 32 35 8 97 32 35 128
70 165 150 18 145 254 22 172 58 151 11 17 238 242 74 148 145 91 160 18 54 200 154 119 169 54 21 71 130 119 143 6
181 206 205 62 130 35 71 188 210 194 96 252 115 225 137 51 25 102 68 110 233 102 14 47 96 174 101 56 121 243 194 169
0 152 20 31 73 253 48 160 174 29 99 1 228 246 39 222 133 115 234 0 6 72 123 61 15 54 81 27 82 38 13 95
86 236 132 150 155 119 54 200 146 179 64 17 196 242 75 206 145 95 233 18 54 81 154 50 169 6 205 111 128 117 143 134
117 46 143 87 132 34 103 248 210 178 66 86 83 225 217 11 89 102 96 62 185 243 175 42 104 43 229 4 237 249 240 32
96 32 4 129 76 11 32 64 198 32 194 74 210 128 64 64 104 132 106 8 8 211 197 16 148 32 131 16 48 8 16 128
181 226 201 101 146 3 67 251 86 224 134 246 83 99 209 96 81 204 60 188 171 207 109 30 248 207 181 244 189 160 48 41
16 32 6 1 75 11 32 72 230 32 226 64 64 128 96 16 104 12 106 128 0 211 143 16 20 2 3 1 97 0 35 130
64 160 134 29 9 10 32 200 246 176 194 0 66 224 64 22 145 100 104 0 0 211 139 24 13 34 69 55 64 32 2 6
98 32 24 140 77 15 144 105 138 164 184 11 4 152 37 18 200 177 203 35 64 35 82 220 49 16 9 63 81 42 31 130
96 32 4 129 8 11 32 64 198 160 194 10 192 130 0 64 104 132 106 8 8 83 197 16 148 34 131 16 16 8 48 128
113 2 11 169 76 0 64 64 100 0 194 66 147 128 240 72 72 172 42 216 25 146 197 128 148 160 162 8 169 8 112 32
17 160 73 51 66 138 104 16 52 49 99 210 157 3 208 121 50 137 2 156 3 148 133 85 132 137 178 64 45 128 35 128
80 2 19 129 74 8 32 64 100 36 194 66 198 130 32 66 96 204 106 136 0 209 133 64 148 32 130 0 32 0 35 128
20 164 144 30 153 223 22 172 118 19 104 16 102 240 40 208 145 74 160 50 54 72 27 63 169 166 85 79 208 98 137 6
0 32 2 137 13 205 160 64 140 33 128 2 132 128 97 204 232 56 202 17 0 165 81 144 133 16 26 51 16 9 29 138
164 206 159 126 152 131 7 184 214 146 98 232 115 224 169 81 17 102 32 42 104 210 11 63 104 166 101 16 112 240 64 40
32 32 2 129 76 9 160 64 110 32 226 10 128 128 96 208 104 12 106 0 0 114 193 16 20 0 131 48 65 8 90 128
32 18 14 153 74 11 33 72 134 36 194 231 192 192 34 66 72 76 106 0 3 195 207 21 84 35 163 24 24 8 56 208
86 133 146 18 147 98 22 173 179 151 139 16 76 242 44 20 145 86 200 98 114 73 10 63 57 38 5 95 130 119 166 6
80 18 142 28 10 18 33 120 118 236 198 36 66 228 162 82 113 108 104 128 8 211 171 8 88 163 101 4 96 32 36 112
165 204 197 127 194 171 7 190 18 178 96 248 115 97 129 59 19 106 32 74 97 124 14 63 36 10 117 32 121 249 130 168
117 38 239 119 132 34 103 184 114 242 194 86 83 97 145 43 121 230 96 62 185 242 239 42 120 175 229 4 237 249 240 32
20 228 132 23 155 99 22 200 22 183 64 16 68 242 73 14 17 94 160 18 50 80 139 50 169 6 93 111 144 113 133 6
8 160 132 29 73 91 161 200 214 244 68 8 192 224 66 134 25 76 234 16 6 83 239 17 76 3 69 125 82 44 14 212
37 108 135 86 140 34 134 184 208 178 66 80 113 225 233 43 89 102 96 42 121 243 143 42 40 38 101 0 201 249 240 160
16 0 6 136 75 83 33 72 102 228 198 2 192 192 34 196 104 12 106 8 12 211 79 28 20 34 3 1 16 8 60 68
80 0 27 129 74 8 33 64 100 32 194 66 215 130 0 66 96 204 106 136 1 211 129 64 148 160 34 0 40 0 33 32
32 32 0 129 77 73 160 64 198 36 226 10 128 128 64 64 104 140 106 0 0 115 209 16 21 0 131 57 81 8 86 130
32 0 14 153 10 11 33 72 134 160 194 130 208 192 32 66 72 76 106 8 0 211 207 28 84 35 163 24 49 8 48 160
89 0 142 28 8 18 32 120 118 224 230 0 83 225 160 98 113 228 104 136 8 211 175 8 90 227 101 4 99 160 96 32
0 176 133 29 72 15 176 200 214 184 64 105 192 244 64 2 157 92 106 16 2 83 203 17 13 2 69 126 80 40 2 211
16 16 7 136 75 71 32 72 230 168 194 66 192 192 32 64 104 12 106 0 8 211 95 28 21 34 3 16 16 8 52 2
156 180 144 30 155 142 22 172 118 23 105 16 102 242 42 80 145 74 160 34 118 201 27 63 105 166 21 87 146 114 173 2
165 206 94 94 152 139 6 190 214 18 102 252 115 225 160 113 17 98 32 46 105 254 43 63 106 174 101 16 120 240 194 40
80 0 18 129 74 8 32 64 100 32 194 130 207 130 0 66 96 204 106 136 0 211 133 64 149 160 130 1 33 0 33 0
86 164 132 151 155 103 22 200 158 183 128 25 204 246 75 143 145 95 233 18 54 67 219 114 185 22 79 127 130 117 143 214
181 110 207 126 138 34 71 248 80 226 252 238 115 97 185 51 27 230 68 110 233 231 45 47 242 239 101 144 237 251 114 57
96 32 0 129 76 9 160 64 206 32 224 74 144 128 68 64 104 140 106 0 0 115 193 16 20 0 131 56 81 8 82 128
22 228 128 22 155 119 22 200 22 179 8 17 68 246 107 204 145 78 160 50 54 65 155 58 169 6 77 111 144 119 173 70
37 78 167 30 204 34 135 184 210 210 66 228 112 224 241 43 89 102 32 62 233 243 175 42 104 38 101 4 197 249 80 104
48 0 6 153 11 11 32 72 134 160 194 66 192 192 32 66 72 76 106 0 8 195 207 28 20 34 131 24 48 8 48 130
246 197 4 31 139 82 150 172 179 182 161 155 96 118 15 159 49 215 232 226 100 71 223 125 57 34 85 23 115 117 174 6
80 0 134 28 8 2 34 104 118 168 226 64 67 224 32 82 113 228 104 128 8 211 139 8 24 162 69 4 97 32 96 2
8 160 132 29 72 11 160 200 214 176 64 8 196 224 192 130 25 76 106 24 2 83 203 17 12 3 69 124 80 32 2 128
17 0 6 137 74 3 32 72 230 160 194 2 192 192 32 192 104 12 106 0 8 211 79 28 20 34 3 16 16 8 56 0
101 162 196 17 172 11 224 136 110 177 146 168 195 224 220 22 3 70 110 28 2 96 207 16 12 26 229 253 196 168 91 4
20 228 128 23 155 99 6 200 22 183 64 17 68 224 73 142 17 94 160 178 50 210 155 58 169 6 77 47 160 117 181 130
101 44 143 23 204 34 134 168 210 146 194 66 112 224 225 107 89 102 104 190 57 193 143 42 40 38 229 4 129 121 112 0
22 165 128 2 155 99 22 232 22 163 137 19 66 114 107 64 17 206 168 178 62 195 13 62 184 6 141 87 177 119 168 2
121 134 93 108 26 35 67 250 119 98 234 252 115 97 168 112 55 196 76 44 169 15 45 31 248 239 33 84 249 162 98 49
113 38 111 100 16 35 75 126 86 232 142 238 83 101 145 48 81 228 125 188 169 159 45 30 248 207 165 212 173 170 80 120
78 57 182 31 41 220 176 33 142 148 71 1 228 244 67 198 128 118 233 1 22 73 218 41 13 54 77 27 194 110 29 86
226 97 18 12 77 205 128 64 233 4 240 9 6 200 44 16 232 161 194 99 68 39 146 68 17 16 10 59 65 8 103 134
87 24 240 224 39 28 220 16 73 38 50 170 13 62 149 38 167 145 149 135 196 36 117 200 19 222 75 182 119 252 5 53
113 2 73 169 70 128 97 16 68 1 194 198 147 0 192 88 72 172 42 216 11 154 197 0 196 161 178 72 41 137 112 160
66 185 180 159 121 221 48 136 174 220 69 9 236 252 79 198 133 123 235 81 6 72 250 241 15 112 77 59 18 7 13 223
41 32 7 1 72 27 161 72 118 224 226 8 80 192 192 244 56 76 106 12 1 243 175 16 20 0 39 8 64 0 51 228
88 0 4 45 41 91 68 40 46 182 130 169 195 34 128 214 67 196 236 42 40 65 207 29 136 243 67 21 50 44 76 4
249 22 111 100 58 35 75 126 80 232 158 238 115 97 144 48 93 228 124 172 169 155 45 30 250 239 165 212 45 170 114 121
50 0 2 128 77 68 160 64 172 12 184 3 8 130 38 148 232 129 202 160 24 163 16 192 145 16 138 79 65 6 111 130
80 48 7 12 75 78 32 72 54 224 194 13 67 198 0 82 120 204 234 128 0 211 215 0 21 34 3 32 33 0 38 210
97 2 223 95 8 2 37 120 246 146 226 228 243 224 160 98 89 228 106 8 9 227 239 57 84 34 99 24 24 232 112 32
0 32 68 161 44 75 224 8 46 164 178 137 199 0 64 146 202 204 238 5 8 225 193 128 140 209 47 49 68 8 75 128
246 196 196 31 139 114 148 168 146 182 130 155 64 118 15 143 25 215 232 163 108 71 223 121 185 34 221 55 97 116 142 6
249 151 109 100 26 35 79 122 80 232 190 238 83 33 144 49 29 196 124 174 185 219 237 31 248 239 165 180 109 226 114 121
17 162 11 169 70 9 225 82 100 25 114 214 149 131 176 9 104 136 2 140 3 186 199 1 212 129 114 4 105 136 99 160
48 0 14 137 12 11 160 72 134 32 194 2 210 128 32 64 104 4 106 0 8 163 207 16 213 33 171 25 17 8 49 160
100 16 18 136 89 245 16 72 206 140 232 9 134 208 35 212 192 56 234 49 6 3 210 25 17 48 10 59 16 47 45 22
181 206 237 126 138 35 79 184 82 194 120 238 115 97 153 59 31 230 100 110 233 230 79 47 104 175 101 156 237 251 82 57
81 34 159 133 10 10 105 64 108 128 242 64 221 130 144 114 106 197 110 136 1 211 197 64 156 34 171 0 8 32 35 36
17 2 207 177 6 171 97 82 116 33 118 198 115 1 161 104 120 136 46 28 11 188 37 0 196 225 176 0 57 136 112 184
67 66 121 200 102 0 253 4 201 50 176 202 153 8 20 122 175 149 31 133 192 36 100 208 68 60 190 144 117 144 195 5
88 0 142 12 74 2 32 88 118 160 198 0 80 225 96 114 112 204 106 136 8 211 199 0 85 35 65 1 34 32 34 160
30 180 148 23 155 119 22 136 158 183 130 17 76 118 79 143 145 95 233 178 62 193 219 170 185 86 77 55 130 117 189 6
53 38 239 117 134 34 71 248 114 226 246 254 83 97 209 43 121 236 100 46 249 242 237 10 120 175 229 132 237 249 242 49
32 48 4 5 72 15 160 72 246 184 194 104 212 208 96 0 157 92 106 0 0 211 203 24 13 2 37 62 80 8 0 163
80 0 6 137 14 7 32 72 102 40 194 66 208 2 0 64 104 140 106 128 9 147 199 16 149 32 162 0 24 8 48 34
96 33 2 128 73 68 96 65 172 4 226 9 4 146 34 145 232 133 74 161 12 131 16 84 17 16 138 79 65 2 110 134
74 152 180 31 105 221 178 168 174 53 7 1 236 252 71 134 129 115 235 65 6 72 219 117 15 50 89 107 82 39 13 222
185 34 201 117 22 11 67 19 118 225 198 254 115 1 208 32 120 236 108 156 169 220 229 14 206 207 177 144 45 136 80 56
40 32 6 1 73 9 160 72 118 160 226 8 0 128 96 208 120 76 106 0 0 243 131 16 20 0 35 9 65 0 115 130
64 16 18 136 25 84 160 72 236 12 195 0 132 144 102 196 192 4 234 48 6 163 145 192 145 48 2 95 16 10 45 6
121 142 237 108 26 34 75 250 82 226 172 238 83 97 144 48 125 196 124 172 169 15 109 31 250 239 165 252 253 162 114 57
32 2 75 169 68 137 225 68 168 16 112 206 149 1 16 11 104 128 66 77 1 56 198 65 84 32 178 72 76 136 83 168
65 32 6 5 74 15 32 72 102 168 194 8 64 130 64 210 104 204 106 128 0 211 197 64 20 32 35 32 33 0 34 128
113 142 109 108 26 34 67 122 82 234 172 254 115 97 144 48 61 196 76 172 169 47 45 31 248 239 33 148 125 162 98 113
33 34 13 161 74 9 33 80 4 32 66 230 145 1 224 74 104 168 66 200 9 186 69 16 196 129 178 32 57 8 16 160
48 2 4 137 14 11 160 72 70 32 194 198 194 128 0 64 104 140 106 8 8 129 199 16 148 32 130 16 56 8 48 128
64 0 6 137 76 3 33 72 230 0 194 2 194 128 34 196 104 132 106 128 8 131 195 16 148 32 138 25 16 8 56 0
36 160 20 153 203 207 48 200 150 180 224 10 68 210 96 128 89 92 234 16 2 83 91 29 29 130 13 127 144 8 45 130
80 2 143 93 8 2 33 120 118 128 226 70 82 224 160 66 112 100 106 40 9 241 139 12 84 34 231 0 41 104 112 32
48 32 132 141 79 75 160 72 62 164 160 11 2 128 64 146 120 220 234 1 8 115 219 80 29 0 15 57 65 40 78 130
6 172 148 18 153 244 22 140 190 183 2 17 236 246 79 220 145 91 161 18 54 80 155 127 41 22 93 111 130 117 141 78
181 78 207 126 136 35 71 184 82 226 98 236 115 225 185 59 29 102 100 46 233 226 15 46 96 175 101 24 233 249 66 41
65 34 143 133 78 10 97 64 108 160 194 66 212 130 144 114 96 196 106 136 1 209 135 64 148 34 143 0 40 32 99 32
6 164 148 23 155 85 22 200 146 183 0 9 228 242 75 142 145 95 233 18 54 67 155 59 41 6 79 111 128 116 15 198
117 38 207 87 140 10 39 248 82 242 226 102 83 225 145 43 89 102 96 62 185 243 175 42 104 47 101 4 233 248 112 32
101 172 143 87 140 2 38 184 210 178 66 70 80 224 249 43 81 102 96 58 177 209 239 40 104 43 229 4 233 248 112 32
217 130 73 241 6 136 97 16 118 1 98 82 147 3 208 104 112 140 46 152 11 188 197 195 204 173 178 64 173 128 112 32
17 96 73 177 66 137 105 81 108 16 96 194 189 3 208 121 34 136 2 156 3 144 7 81 196 128 250 64 44 128 195 160
20 164 132 23 155 71 22 200 22 179 64 1 68 224 107 10 145 94 161 50 114 80 155 58 169 6 205 111 160 116 20 130
36 142 143 30 152 131 7 184 214 130 98 104 115 225 168 81 17 102 96 42 105 208 11 63 104 166 101 16 112 240 66 32
226 0 18 140 77 207 144 97 136 164 177 11 4 208 36 18 200 177 202 33 64 39 80 222 21 16 11 59 80 42 15 130
226 32 2 140 93 77 160 97 168 0 185 25 4 200 44 146 232 145 202 33 0 35 16 78 17 48 10 59 65 10 63 130
20 140 150 30 155 215 22 168 118 19 64 16 102 240 40 212 145 110 160 48 50 64 27 63 169 166 5 111 208 96 133 6
101 166 143 23 140 2 7 184 82 242 66 86 80 225 209 43 89 102 96 62 185 209 175 42 40 38 229 68 229 248 240 96
17 43 75 161 64 128 105 80 100 49 226 66 17 3 208 88 104 136 2 158 11 146 197 64 212 128 178 64 41 129 98 128
6 164 132 23 139 83 22 200 22 183 0 1 196 244 75 142 145 94 232 51 102 81 139 58 41 6 77 47 128 116 31 198
48 160 20 153 75 203 160 200 22 176 224 10 196 192 96 128 121 28 98 16 2 83 91 17 157 128 15 61 16 8 41 130
70 172 148 26 145 255 22 172 62 19 74 17 238 240 10 212 145 78 160 50 54 72 27 63 169 54 21 103 210 119 143 6
81 32 135 133 14 10 33 64 228 128 194 66 208 130 80 82 104 196 106 137 1 211 135 64 156 34 143 0 40 32 99 4
181 206 207 126 152 163 71 184 146 130 104 232 115 225 169 17 21 102 100 110 233 192 46 63 104 174 101 24 112 242 66 40
80 2 143 205 12 2 33 104 246 128 194 66 208 224 160 66 120 100 106 168 9 211 131 76 84 34 231 0 33 40 112 32
78 172 148 18 145 243 22 172 62 151 11 16 108 242 73 220 145 95 160 50 54 200 27 63 169 22 29 103 146 119 133 6
181 206 207 126 138 35 71 184 210 130 104 232 115 225 185 59 21 102 36 106 233 228 46 43 104 174 101 24 113 243 66 40
48 32 132 141 75 75 160 72 54 176 224 11 134 224 64 130 121 204 234 1 10 83 203 17 29 0 15 61 65 40 31 130
32 32 132 141 79 75 160 72 54 164 224 11 130 128 64 2 120 204 98 1 8 115 219 16 28 0 15 57 65 40 22 130
81 32 143 5 12 10 33 64 116 160 194 66 208 160 144 114 121 196 106 136 1 211 135 64 156 34 207 0 33 32 115 36
65 2 142 93 12 2 33 104 246 128 226 66 82 224 160 66 112 100 106 40 9 243 143 12 20 34 231 0 41 104 112 32
117 164 143 85 140 2 38 248 118 242 194 102 83 225 209 43 89 100 104 58 185 211 143 10 120 39 229 68 233 248 112 32
52 160 4 153 203 203 32 200 22 180 192 10 68 194 96 0 89 92 226 16 2 83 91 29 157 130 13 125 48 8 45 130
37 140 206 94 152 3 7 184 86 130 102 108 115 225 168 113 81 102 32 42 105 241 15 63 104 175 101 0 120 240 64 0
28 188 148 26 153 151 22 168 54 55 64 17 102 242 42 212 145 126 160 48 50 80 27 63 169 166 5 111 210 100 133 6
49 18 14 137 8 11 161 72 134 96 198 167 210 128 162 64 104 4 106 4 13 195 207 16 212 35 163 24 24 8 56 208
113 7 207 101 2 42 103 55 96 98 234 206 115 33 144 83 120 230 76 174 217 184 229 13 244 239 224 16 109 234 210 104
64 18 142 28 74 130 33 88 246 196 198 173 80 228 226 82 112 124 106 128 8 195 235 16 84 34 99 8 112 32 38 240
48 48 22 13 11 219 32 72 214 244 198 5 64 196 34 4 121 108 234 0 4 209 255 28 29 2 5 55 114 12 20 214
80 0 4 137 75 83 32 72 102 100 198 6 194 0 2 68 72 140 106 128 12 211 255 16 149 34 3 17 16 8 52 70
130 33 125 208 230 129 92 1 137 16 144 218 157 11 84 131 174 147 95 205 179 0 4 192 180 24 174 146 37 136 145 33
74 248 180 19 105 221 178 172 174 125 15 25 236 254 78 134 133 119 251 65 70 88 251 245 15 50 95 111 130 6 141 95
118 8 112 192 39 29 218 0 9 0 48 139 9 31 20 4 166 145 157 198 128 4 84 228 19 216 138 210 119 141 73 6
178 8 96 193 23 74 216 132 41 32 182 131 9 31 21 36 46 145 21 220 138 176 21 224 195 216 136 147 39 149 88 6
22 160 113 160 38 33 218 128 137 0 24 139 141 42 92 182 174 153 85 229 8 0 28 208 145 88 138 254 180 231 19 36
128 32 18 136 73 77 176 74 168 4 192 9 132 144 96 132 200 25 202 65 64 39 146 65 145 16 10 59 64 12 39 130
16 96 2 128 13 237 128 64 140 37 130 10 134 146 96 140 232 144 202 17 8 129 17 192 149 20 26 51 16 9 29 2
32 32 4 13 72 27 161 72 198 176 198 8 196 192 98 130 72 76 106 12 0 243 203 16 28 0 1 61 80 8 9 128
70 233 16 26 201 205 178 202 170 61 136 9 172 214 66 196 129 19 202 83 66 11 218 117 189 16 31 127 16 21 15 14
1 192 89 201 110 8 185 20 204 18 48 194 157 9 224 66 38 1 10 12 3 32 6 208 68 184 34 40 116 152 1 160
100 162 196 1 142 75 160 136 114 177 146 185 195 224 216 14 27 204 106 17 30 115 207 16 28 2 229 245 229 232 222 4
67 66 121 64 36 16 222 21 105 68 58 161 43 9 181 112 134 161 21 13 132 32 36 202 34 124 18 131 71 148 85 77
98 12 107 200 36 72 216 128 233 0 48 193 137 13 181 113 130 161 21 205 128 33 4 232 34 56 138 128 69 165 87 32
78 185 144 159 121 221 178 0 170 156 69 9 172 214 66 198 132 123 251 81 86 72 218 249 13 48 15 59 2 38 15 223
49 2 77 77 18 171 65 18 86 97 102 222 115 1 144 120 120 164 108 12 137 188 101 31 212 239 48 16 249 136 80 40
113 66 72 169 68 136 96 20 100 0 66 194 179 0 144 112 96 136 10 24 3 176 197 128 148 160 162 64 60 152 80 160
67 64 217 224 108 0 173 135 136 16 56 194 157 139 117 10 46 1 23 141 193 32 134 192 68 153 238 168 13 208 3 137
118 164 132 21 155 87 20 168 55 182 130 11 194 120 79 207 17 212 237 179 60 195 223 140 169 226 205 119 163 116 28 6
25 2 207 97 6 139 97 18 100 25 118 246 211 1 160 104 104 138 46 156 139 184 37 0 196 235 178 0 169 137 112 176
117 38 207 127 158 2 71 184 82 250 242 230 83 225 145 43 95 228 100 46 185 242 207 42 104 239 101 148 237 248 112 49
78 56 48 159 121 221 48 0 170 156 133 9 172 214 66 134 128 121 235 83 70 73 218 253 13 48 11 59 18 7 15 214
32 1 2 128 73 70 176 64 172 12 225 9 4 146 34 148 232 132 202 35 4 131 16 68 145 16 10 79 64 7 62 198
121 38 111 101 22 11 75 54 80 233 190 254 115 33 144 48 61 228 124 188 169 253 101 30 250 207 177 144 237 138 80 120
247 5 80 193 135 45 90 1 9 0 187 155 73 43 28 2 174 145 21 162 28 0 88 194 191 216 143 215 53 163 201 6
74 248 52 27 121 221 178 136 174 61 132 9 172 222 71 198 129 115 235 83 6 73 219 117 13 16 11 59 82 7 13 95
100 20 18 136 93 119 16 72 236 12 169 9 134 146 34 212 200 133 202 114 12 3 18 204 145 48 10 127 16 31 45 6
9 3 75 171 70 137 225 84 44 17 114 198 183 129 208 75 106 8 66 76 3 176 199 1 196 225 114 0 104 136 83 168
99 71 121 202 110 0 222 4 201 0 177 202 156 10 60 82 166 131 23 15 192 35 12 225 38 152 170 152 93 146 193 1
121 30 109 108 26 35 75 123 64 226 188 238 83 33 144 50 127 196 124 172 169 47 109 31 250 239 161 148 125 162 114 121
98 7 121 238 254 0 222 132 201 0 176 203 60 73 156 81 134 19 23 111 224 33 4 200 100 56 174 154 85 210 225 41
86 37 64 160 199 100 234 64 9 128 152 10 14 56 85 134 232 129 31 161 8 34 24 200 149 4 138 55 165 107 127 38
32 32 20 137 75 77 160 72 22 180 240 10 196 208 64 132 121 152 234 0 2 243 219 17 29 128 7 63 81 8 45 130
17 34 143 77 8 2 33 72 246 160 226 70 209 227 160 98 120 196 106 136 1 209 135 12 84 34 226 0 40 168 96 32
14 172 148 27 153 215 54 168 190 183 0 17 236 246 79 156 145 123 232 16 54 72 155 63 47 22 85 111 146 117 141 70
53 134 207 126 154 2 71 248 82 194 102 236 115 225 153 59 29 238 100 46 233 243 175 47 112 175 101 20 233 248 98 49
32 32 0 141 75 73 160 72 38 164 240 11 134 192 64 146 104 204 234 0 8 243 219 16 29 0 15 59 65 8 14 130
17 34 143 5 12 10 33 64 108 160 226 66 209 130 144 114 104 196 106 136 1 209 133 64 148 34 163 0 41 32 99 32
78 160 134 22 201 87 52 232 146 182 64 9 196 246 75 142 145 126 234 18 6 83 155 48 29 50 77 127 130 116 15 134
117 166 207 117 158 10 103 248 118 242 194 230 83 225 209 43 57 204 104 44 169 241 239 10 124 47 229 20 237 248 112 32
121 135 205 101 22 10 103 55 96 96 250 206 115 33 144 115 120 230 108 236 217 184 229 13 244 235 224 0 109 234 210 120
17 226 73 249 22 138 105 19 126 1 98 214 155 3 208 121 115 136 14 156 35 180 5 93 196 237 178 64 189 128 241 32
1 98 77 113 6 138 105 20 126 17 98 210 153 3 144 120 50 136 6 156 3 144 39 81 196 201 242 64 189 144 65 160
194 248 16 154 25 205 146 238 170 60 128 9 172 150 71 148 129 51 202 83 70 15 218 119 185 16 31 63 16 4 15 158
1 64 217 233 110 169 168 150 206 16 120 194 157 131 240 66 38 1 2 76 3 48 6 224 4 152 42 40 124 217 1 168
166 0 18 158 73 205 146 96 136 132 177 9 238 210 44 145 216 177 194 3 36 7 82 207 145 16 11 59 16 43 15 134
230 1 18 152 89 205 144 72 136 4 177 9 6 216 37 144 216 177 202 33 40 39 82 78 145 48 10 59 81 40 47 6
113 2 201 125 18 171 99 18 116 33 226 222 115 33 144 120 56 164 108 140 185 188 101 15 212 175 48 80 237 137 80 32
1 43 77 161 230 136 97 16 100 16 66 198 147 3 144 120 72 40 10 30 11 144 70 160 196 161 178 64 44 137 80 160
5 10 73 161 128 128 101 17 100 16 226 196 145 3 192 64 104 136 10 142 75 144 69 65 196 128 162 64 41 128 226 160
32 32 20 137 75 71 32 72 22 176 192 10 196 210 96 196 89 24 234 16 2 211 219 17 29 130 7 63 16 8 45 134
50 5 18 128 5 111 80 66 141 4 136 11 134 144 32 212 232 145 202 32 12 131 0 192 145 16 10 59 16 88 44 6
16 2 143 93 8 2 33 88 246 160 226 68 81 225 160 66 120 228 106 8 9 241 139 12 84 34 227 0 40 168 96 32
14 188 148 27 145 247 22 168 190 147 66 17 236 246 79 220 145 123 160 18 54 88 155 63 43 22 85 111 146 117 143 6
18 36 18 136 9 109 144 66 172 4 152 11 134 144 32 132 200 129 202 1 12 35 80 64 145 16 10 59 80 72 47 6
17 2 73 185 6 138 97 16 124 0 98 198 147 0 145 121 114 40 14 92 3 176 69 0 196 161 178 64 61 136 80 160
70 160 132 20 203 87 52 232 22 190 64 9 196 246 66 134 145 92 232 16 6 83 219 24 29 2 77 127 128 100 7 198
53 160 143 85 156 10 37 248 246 242 194 100 83 225 208 98 81 100 104 40 169 241 239 8 92 34 229 4 233 232 114 32
49 34 65 33 0 138 97 80 100 0 98 198 147 3 128 80 104 168 6 204 11 176 69 0 196 129 162 64 105 128 114 160
226 0 18 152 89 205 16 64 137 4 160 25 6 210 38 144 200 177 206 0 44 3 82 206 145 16 10 59 16 12 15 6
194 32 18 136 73 237 144 78 140 12 144 27 134 146 34 132 200 161 206 33 44 35 2 194 145 16 26 59 80 76 47 14
49 2 73 227 6 10 97 16 116 0 103 194 211 1 152 120 114 140 46 92 139 176 69 0 196 170 50 0 45 136 80 32
224 16 18 136 73 69 176 70 136 5 160 24 132 146 96 212 200 1 202 0 4 3 210 192 17 16 10 59 16 12 175 134
49 0 65 67 4 138 97 16 116 0 98 198 211 1 144 120 120 140 14 216 137 180 69 10 132 174 178 0 109 128 112 32
0 48 182 21 11 219 32 72 246 240 194 133 64 196 34 2 49 108 234 0 0 209 127 28 29 2 5 53 0 12 4 214
113 32 142 29 74 2 33 72 182 192 194 136 80 228 226 114 80 108 106 4 9 211 239 24 28 34 69 10 112 32 50 244
88 32 6 13 72 82 32 72 182 196 198 0 64 194 162 86 120 76 106 136 4 211 171 0 20 35 3 41 0 0 54 196
16 48 7 1 10 11 32 72 230 172 194 109 64 128 96 66 40 76 106 0 5 243 139 28 20 66 37 0 105 8 50 208
166 20 2 136 201 87 146 64 172 12 185 25 142 150 42 148 248 145 202 99 28 167 16 194 145 16 10 31 83 15 46 198
54 4 112 225 199 68 206 97 73 38 177 27 10 42 20 192 249 193 7 163 120 51 25 194 51 222 134 23 229 106 232 6
121 22 109 101 22 43 75 50 97 233 254 254 115 37 144 48 125 230 124 172 169 190 229 14 250 239 161 208 237 138 82 121
25 98 73 187 6 137 97 85 100 81 119 198 151 131 216 105 104 8 38 158 131 176 103 49 196 193 242 0 125 145 227 160
74 248 48 27 121 221 178 138 174 61 133 9 172 222 71 198 129 83 251 67 6 73 218 241 15 16 31 59 18 7 15 95
65 3 89 168 110 8 239 128 200 0 56 206 157 75 184 66 46 65 23 239 65 35 76 208 100 152 46 168 93 250 193 161
232 84 18 136 89 253 144 64 140 12 232 9 140 212 35 212 216 49 202 114 4 3 82 202 145 48 10 59 18 127 45 70
121 150 109 109 18 42 75 50 64 106 254 254 115 33 144 112 124 228 124 172 185 190 229 31 246 239 160 208 237 162 82 113
153 10 205 115 2 139 97 16 118 65 102 246 147 1 128 121 112 172 46 220 139 208 101 32 198 233 176 64 57 137 80 48
53 6 207 126 162 2 71 248 80 202 114 236 115 225 145 59 29 230 100 46 233 243 175 46 232 175 101 144 237 248 82 33
78 176 148 20 201 87 52 232 182 182 130 9 196 246 66 134 145 93 235 16 6 67 219 16 29 50 77 127 130 100 15 198
117 162 207 117 142 11 101 248 118 242 194 238 83 225 208 34 25 76 104 44 169 240 239 8 92 171 101 4 237 232 114 48
113 134 79 103 18 42 99 50 96 65 255 198 243 33 144 112 120 198 108 172 185 184 229 15 236 239 160 64 109 170 82 48
65 66 73 251 20 138 107 148 126 1 98 212 145 3 176 120 115 140 14 156 43 180 45 127 196 175 178 64 188 129 64 32
242 248 16 154 9 221 18 238 175 61 128 9 174 150 102 149 133 155 206 65 110 15 90 117 153 16 26 59 16 5 15 78
129 2 201 123 4 139 107 144 118 67 102 212 155 131 144 120 50 10 14 220 131 148 37 115 196 141 178 0 188 129 65 32
178 25 16 158 105 237 18 98 139 14 177 9 174 214 39 149 136 179 198 67 46 47 82 253 145 146 74 59 80 45 15 134
5 41 89 235 226 9 173 144 140 16 112 198 157 195 249 99 6 11 6 206 3 48 142 224 196 153 46 168 28 155 1 160
89 6 73 103 22 171 99 16 124 65 103 222 243 1 144 112 56 164 108 28 187 188 101 63 228 239 176 64 237 139 80 32
5 11 89 251 134 136 105 144 124 16 114 198 159 131 241 105 50 9 46 94 19 176 39 240 196 137 50 0 60 155 65 160
182 5 86 152 73 239 208 72 137 4 241 25 78 216 36 153 200 177 198 1 44 35 82 220 145 48 8 27 81 108 46 6
5 106 79 243 132 138 97 17 124 81 99 196 151 1 240 120 82 8 14 94 195 176 103 32 196 233 178 64 44 145 209 160
178 4 82 136 137 111 212 67 153 5 240 27 6 186 38 145 216 153 134 32 44 163 18 200 177 16 8 27 209 72 236 6
5 66 75 115 4 136 101 16 118 16 115 196 147 131 208 120 88 136 14 222 75 144 101 81 196 137 162 0 44 144 208 32
17 66 73 235 6 8 97 148 116 16 114 198 147 1 144 97 114 136 6 222 3 176 5 96 196 161 34 0 61 147 65 160
50 4 18 136 137 205 20 65 141 4 160 9 142 210 32 132 216 177 202 33 12 39 82 64 145 20 10 59 80 12 175 6
21 10 73 51 6 138 99 16 124 64 115 198 211 1 144 120 114 8 14 78 139 176 101 114 196 207 178 0 44 129 80 32
34 12 18 154 41 233 16 66 139 6 169 25 174 210 38 149 200 177 202 1 12 7 82 120 145 16 10 59 80 76 143 6
121 150 109 103 18 42 75 50 97 107 255 238 115 37 144 48 124 230 124 172 185 190 229 47 246 239 160 208 237 171 82 113
29 66 75 123 6 139 97 144 118 65 118 230 147 3 185 121 114 168 46 222 139 240 101 32 198 235 112 128 45 153 80 56
97 143 111 111 20 42 99 178 96 64 254 196 211 33 152 113 122 198 108 44 185 184 101 47 238 239 160 64 109 163 80 48
69 70 79 107 20 170 107 144 116 65 102 196 219 67 185 112 115 132 14 188 163 180 45 127 228 239 178 64 252 131 113 32
5 70 77 107 52 138 107 144 124 65 106 196 221 67 185 112 51 12 14 188 163 180 37 127 228 239 50 64 252 131 65 32
178 24 16 158 9 237 18 74 139 22 176 9 174 246 39 157 136 179 196 3 14 15 90 255 145 146 88 59 16 13 15 206
133 66 217 249 38 138 107 144 126 64 114 196 159 195 177 120 50 8 14 92 195 176 37 82 196 205 38 0 60 144 65 32
178 28 20 190 105 237 144 74 139 46 176 9 46 222 39 157 136 179 197 1 46 43 90 253 145 18 88 59 81 77 15 78
178 12 22 152 217 205 148 65 137 6 240 25 14 250 38 153 200 177 198 1 60 163 82 202 145 18 72 27 209 108 206 6
50 28 146 156 137 237 80 66 153 7 176 25 46 246 38 156 200 185 206 1 60 43 82 200 145 48 88 59 208 76 14 6
21 2 73 99 22 138 99 144 116 64 114 198 211 65 152 112 122 136 14 206 139 176 69 58 196 239 162 0 125 147 80 32
97 135 111 111 52 42 99 178 96 64 126 228 211 97 152 113 90 198 108 110 185 184 229 45 236 239 160 192 109 171 82 48
69 70 77 105 52 138 107 152 124 65 126 196 211 67 177 112 83 132 44 60 169 176 45 95 228 255 162 68 252 130 64 32
18 184 16 186 9 253 16 238 191 63 128 9 174 150 110 149 129 147 205 65 46 15 90 247 153 80 91 63 16 20 15 95
50 24 16 190 73 237 84 75 155 30 240 9 46 246 39 157 200 179 196 1 14 11 82 249 145 210 88 59 80 77 15 222
5 70 111 105 52 138 107 184 124 65 126 196 219 67 177 112 50 132 12 188 131 144 45 94 230 255 34 68 252 131 65 32
5 67 217 233 182 11 111 24 126 128 114 196 157 195 241 96 18 9 14 94 195 176 45 218 228 221 38 4 60 146 1 32
50 24 20 190 73 237 80 78 159 28 176 9 46 252 39 157 136 179 196 1 30 43 82 249 145 210 88 59 81 76 14 94
5 70 91 233 54 138 107 152 124 64 122 196 159 67 177 112 18 8 14 126 227 176 45 94 228 223 38 4 60 146 65 32
5 70 75 105 52 138 107 144 124 64 126 196 211 65 177 112 18 140 14 126 131 176 45 94 228 255 34 4 124 147 81 32
50 24 20 190 137 237 80 78 155 28 176 25 46 254 38 153 200 179 197 1 30 43 82 249 145 146 88 59 209 76 78 78
50 24 148 154 137 253 80 70 155 5 160 25 46 254 38 157 200 187 196 1 14 43 82 241 145 146 88 59 208 76 14 206
73 70 111 109 52 138 107 184 108 65 126 196 211 65 177 112 114 4 46 60 163 176 45 94 238 255 34 132 252 146 97 32
233 135 111 101 36 10 111 176 120 64 126 228 211 97 144 115 26 196 108 110 249 248 229 15 230 251 96 132 108 170 82 48
50 152 16 190 9 221 80 206 175 61 160 9 174 254 43 156 137 179 205 1 14 11 90 241 145 210 90 59 16 68 15 95
50 24 148 190 73 205 80 75 139 12 240 25 46 222 38 156 200 179 164 1 30 43 82 177 145 240 88 59 209 12 142 222
9 71 109 105 52 138 107 56 108 65 126 196 219 3 177 112 50 4 14 124 161 144 45 94 230 255 162 128 252 146 113 32
50 152 20 190 73 237 80 206 139 61 176 9 46 254 39 156 137 179 231 1 14 43 82 177 145 208 88 59 81 12 15 206
69 71 127 105 52 138 107 24 108 64 126 196 223 3 177 112 18 4 46 126 161 176 45 94 228 255 34 192 92 146 65 32
