52 160 20 185 219 195 160 200 22 176 224 10 196 210 104 192 121 88 226 16 2 83 75 21 157 130 7 125 177 8 45 130
129 50 31 145 66 169 225 82 108 85 102 118 189 3 128 105 106 136 74 136 3 189 39 65 212 32 114 0 105 128 35 168
24 32 134 21 9 155 32 72 118 164 230 0 66 224 98 4 120 108 106 8 0 243 167 24 4 35 65 1 97 32 107 192
113 162 4 161 44 11 64 136 47 188 176 73 199 0 192 150 137 196 108 20 14 99 203 17 156 210 37 52 80 172 91 4
121 34 16 37 44 13 80 16 43 168 178 73 143 11 64 146 130 197 108 28 12 98 193 0 158 217 37 49 74 136 74 1
17 48 14 9 72 3 33 72 230 224 230 164 80 130 98 18 104 76 106 128 1 211 175 16 28 2 33 0 65 0 34 192
177 34 9 169 76 41 160 64 60 120 114 206 151 130 225 89 104 140 34 20 5 190 197 16 84 161 250 160 57 8 83 152
16 32 134 12 75 82 160 72 118 196 226 4 64 192 66 2 120 76 234 0 6 243 191 17 21 32 3 9 65 32 39 214
58 32 18 136 77 69 160 64 173 4 177 3 8 10 70 148 232 129 202 144 24 35 80 196 149 144 138 91 67 14 111 134
104 16 18 168 89 77 48 72 206 36 224 10 4 146 35 214 232 156 234 81 6 19 209 208 21 32 2 63 16 12 28 142
80 32 2 129 74 8 32 64 230 160 194 10 150 130 32 82 96 204 106 136 0 211 133 64 148 32 2 0 33 0 35 128
32 32 14 1 72 27 160 72 230 176 194 8 208 192 192 114 41 76 106 8 0 211 239 20 92 2 5 20 64 0 18 160
56 50 75 169 78 3 161 80 36 1 240 118 147 129 96 8 104 136 2 136 9 178 195 0 196 129 114 36 121 136 96 160
80 32 142 44 74 6 32 72 38 160 194 136 67 228 0 82 104 204 106 128 8 211 207 0 21 34 65 32 33 32 34 130
32 32 18 1 75 9 160 64 238 160 226 10 128 128 96 80 104 12 106 0 0 243 193 16 21 0 3 48 65 8 82 130
17 18 79 201 20 171 97 91 53 57 230 246 83 1 160 121 120 140 46 56 57 184 37 28 214 235 178 64 187 136 112 48
80 2 18 129 74 8 32 64 102 32 194 66 198 130 32 66 96 204 106 136 0 209 197 64 148 32 2 1 40 0 43 128
32 34 6 9 73 11 160 72 118 168 224 72 192 192 64 82 121 76 106 0 0 211 207 16 28 2 5 57 72 0 82 130
88 32 134 5 72 10 32 72 54 160 194 136 67 224 64 210 120 204 106 8 0 211 199 8 148 34 33 0 32 32 42 128
32 32 2 129 72 9 160 64 110 160 226 10 128 128 96 208 104 12 106 0 0 115 193 16 20 0 131 56 81 8 74 160
18 96 2 128 73 68 168 68 172 52 242 3 12 131 104 158 232 129 74 172 0 51 17 192 145 0 138 69 1 2 107 130
80 32 27 129 74 10 33 64 230 32 194 66 150 130 0 82 96 204 106 136 1 211 197 64 148 32 2 0 40 0 35 128
97 32 15 9 72 11 161 72 246 240 224 76 192 192 64 16 217 76 106 4 5 195 203 16 28 2 39 60 72 0 2 180
108 25 18 28 73 213 48 72 206 12 65 8 228 208 35 204 192 56 170 64 6 3 210 25 21 48 3 59 16 43 45 134
80 32 134 5 11 74 32 72 54 164 194 9 67 160 2 82 120 204 234 128 12 211 159 8 148 34 67 1 97 32 38 196
32 32 2 129 73 73 160 64 110 164 226 10 2 128 96 84 104 12 106 0 0 243 211 16 21 0 3 57 65 8 86 130
48 32 6 1 74 11 160 72 118 160 226 136 64 192 64 80 121 204 106 0 0 210 207 16 28 2 133 56 97 0 114 128
0 34 75 161 70 137 233 81 44 16 112 207 181 128 144 27 106 8 66 13 3 188 198 65 84 161 114 104 109 136 67 160
80 32 134 12 72 10 32 72 166 160 194 72 192 160 0 82 104 196 106 0 0 211 199 64 20 34 3 32 0 0 35 132
57 48 9 169 10 11 33 89 22 176 192 230 147 147 225 73 120 44 34 152 9 210 71 16 212 129 49 32 57 136 32 160
37 204 150 30 152 131 7 184 214 66 96 72 114 225 168 81 17 102 32 42 105 250 11 63 104 166 101 16 88 248 64 8
36 160 148 152 203 199 144 200 214 180 224 10 228 210 104 132 217 120 226 16 2 83 90 21 157 130 7 127 144 8 45 134
81 2 143 93 16 2 101 120 244 130 226 70 81 225 160 67 112 228 106 168 41 241 143 9 84 162 231 0 41 248 96 32
32 32 192 172 77 73 160 72 14 164 240 139 130 128 68 130 104 220 194 1 8 115 219 80 29 0 7 59 65 40 86 130
20 140 146 30 155 134 6 168 118 23 64 17 102 242 40 208 145 74 160 34 50 200 27 63 169 166 21 79 208 98 164 66
81 32 134 133 10 10 32 64 236 160 194 66 212 130 80 82 96 197 106 140 1 209 133 64 156 34 143 0 40 0 35 4
96 32 128 37 74 9 160 72 42 164 224 139 130 128 68 18 104 204 66 5 8 115 207 16 28 0 7 57 97 40 86 130
81 32 159 133 10 10 41 64 236 160 194 66 220 130 208 114 98 197 110 136 1 209 133 64 156 34 143 0 32 0 35 36
80 0 143 157 12 2 96 104 244 128 194 66 80 224 48 98 120 228 106 136 1 209 135 72 21 34 199 0 16 104 112 32
52 160 4 153 203 67 160 200 22 176 192 10 196 192 96 192 121 24 98 16 2 83 91 17 29 130 143 125 49 8 37 130
211 33 2 129 17 64 96 64 108 37 130 2 132 2 64 212 96 129 74 220 70 11 149 85 149 0 138 97 0 0 35 12
36 158 31 30 152 131 6 184 214 2 98 108 115 225 168 81 17 110 32 42 105 250 43 63 40 167 101 16 80 248 66 168
20 132 150 30 155 222 6 168 118 3 68 16 102 242 42 212 145 74 160 34 50 200 11 63 169 166 5 79 208 98 172 6
64 1 18 137 29 68 160 64 228 5 194 2 128 144 96 198 224 4 106 80 30 131 145 192 21 36 138 91 0 8 125 6
101 44 135 23 140 34 135 184 210 178 66 96 112 225 249 11 89 102 96 42 121 243 175 42 40 38 101 0 201 249 112 160
22 164 132 23 155 35 6 200 22 183 64 17 68 226 75 14 17 78 160 48 50 80 139 50 169 6 77 111 176 117 165 2
96 32 16 140 75 69 144 104 142 164 128 11 132 210 97 130 200 177 202 33 64 35 90 216 17 16 11 63 16 40 15 130
20 160 148 187 219 199 32 200 86 177 224 10 102 210 104 196 89 90 226 16 2 83 91 53 157 130 5 127 144 8 13 130
114 34 16 12 75 75 144 99 9 36 176 11 34 8 4 16 200 181 202 33 8 43 208 76 17 48 8 59 65 8 70 138
64 4 159 93 24 2 101 104 244 130 226 64 82 225 160 99 112 100 106 40 41 241 139 13 116 162 103 0 88 120 96 32
32 32 128 164 78 73 160 72 14 176 240 139 130 192 64 2 105 220 66 1 10 115 219 17 29 0 7 61 81 40 70 130
81 32 135 133 10 10 40 64 236 128 194 66 212 130 80 114 96 197 106 140 1 209 133 64 156 34 143 0 40 0 35 4
32 32 192 164 76 9 224 72 14 164 240 139 130 128 68 2 104 204 66 5 8 115 203 80 28 0 135 57 65 40 86 130
64 2 159 29 12 2 101 104 244 130 226 66 80 224 32 98 120 100 106 40 41 241 143 13 21 34 231 0 80 120 112 32
81 32 143 133 10 10 33 64 236 128 194 66 208 162 80 114 96 197 106 136 1 209 133 64 157 34 207 0 32 32 35 36
36 160 4 185 203 75 160 200 22 176 192 10 196 192 64 0 121 152 98 16 2 83 219 17 29 130 143 125 17 8 37 130
37 140 31 30 152 131 6 184 214 130 98 76 115 225 168 81 17 102 32 42 104 242 59 63 104 166 101 0 80 248 66 168
20 164 148 30 155 203 22 232 118 19 64 16 102 242 40 80 145 74 160 2 50 216 11 63 169 166 21 79 210 98 136 6
81 32 142 5 8 10 96 72 236 160 194 66 208 162 80 114 97 196 106 140 1 209 135 64 156 34 207 0 8 32 99 4
64 0 151 29 12 2 101 104 244 130 226 66 80 224 160 98 120 100 106 40 41 241 139 13 21 34 231 0 24 104 112 32
20 160 20 185 219 195 32 200 22 176 192 10 196 210 104 64 121 88 226 16 2 83 75 21 157 130 7 125 176 8 37 130
81 32 135 5 10 10 32 72 236 160 194 66 208 162 80 114 96 196 106 140 1 209 135 64 156 34 207 0 0 32 35 36
96 32 132 164 78 75 160 72 62 180 224 139 130 192 64 2 121 204 98 17 10 115 219 16 29 0 15 61 65 40 86 130
64 0 159 93 12 2 101 104 244 130 226 66 80 225 32 98 120 100 106 168 41 241 139 13 21 162 231 0 16 104 112 32
97 34 0 173 44 13 72 8 15 184 176 201 199 66 192 212 200 132 108 12 10 99 203 145 148 240 165 188 80 136 90 4
96 2 0 137 78 73 32 72 86 40 194 78 198 192 0 64 120 204 106 8 9 83 195 0 148 32 131 56 56 8 16 0
104 32 4 129 77 11 32 64 198 164 194 10 194 128 2 68 104 132 106 8 8 211 197 16 148 34 131 17 48 8 24 0
88 0 134 45 10 2 32 72 118 160 194 0 67 226 32 66 112 204 106 136 8 209 195 0 148 163 67 0 97 32 32 0
32 32 5 13 72 139 160 72 214 184 224 72 196 192 96 0 89 108 106 0 0 99 203 16 12 0 5 60 80 8 3 128
48 18 7 153 74 11 33 72 6 32 194 230 192 192 32 66 104 76 106 0 11 211 207 21 20 34 163 16 24 8 48 144
81 18 142 29 10 2 33 120 118 232 194 100 67 224 162 82 113 236 104 128 9 211 139 12 24 162 101 4 104 96 32 16
44 160 132 29 201 219 161 200 214 180 68 12 196 224 66 130 17 108 234 20 6 83 251 17 12 3 69 125 82 32 14 132
16 0 6 136 13 83 33 72 198 164 194 2 192 192 34 196 104 12 106 8 14 195 79 29 20 34 3 1 17 8 60 132
89 0 142 28 26 18 33 120 118 128 198 0 82 224 160 114 49 108 104 136 8 211 191 8 88 35 97 4 96 96 32 32
80 0 6 136 12 67 32 72 246 32 194 2 64 194 32 64 120 4 106 128 8 195 87 16 21 34 131 8 16 8 48 134
68 164 146 18 145 254 22 172 58 151 11 17 110 242 74 212 145 75 160 50 54 200 155 119 169 22 21 71 130 119 175 6
22 172 132 54 155 99 22 200 22 183 64 25 68 246 75 14 17 94 232 18 50 81 139 51 169 6 205 111 128 113 135 130
101 44 143 23 140 34 103 184 210 242 194 68 80 225 217 43 89 102 104 58 185 243 143 42 108 46 101 4 201 249 112 32
181 206 205 126 138 35 71 184 210 130 96 252 115 225 137 27 17 102 96 110 233 230 46 47 96 175 101 24 121 243 194 40
86 168 132 22 155 103 54 200 146 183 64 25 68 246 75 138 145 94 232 18 50 83 154 50 153 6 205 111 128 117 143 134
117 166 143 85 140 2 103 184 242 178 194 86 83 225 209 43 121 100 104 58 249 241 143 10 108 43 229 4 229 248 240 32
101 46 142 23 140 34 70 184 210 178 70 84 80 224 217 43 89 102 96 62 188 243 143 42 104 39 229 4 201 249 240 128
22 180 140 55 155 39 22 200 22 183 64 17 68 230 75 138 21 94 224 18 54 81 155 51 169 6 77 111 128 113 139 146
121 130 89 124 18 3 67 122 86 105 230 116 83 97 160 112 85 140 44 44 171 135 109 31 250 239 49 84 251 160 96 33
112 4 134 29 25 83 0 104 214 244 198 1 96 224 34 85 81 100 232 32 44 211 187 29 40 34 69 7 19 44 52 70
96 0 8 137 78 9 97 72 68 32 194 138 214 128 0 64 104 140 106 12 9 51 199 0 148 32 130 56 48 8 48 128
17 96 64 49 82 170 105 18 124 17 98 194 185 3 144 121 50 136 2 156 19 152 197 85 196 232 178 64 45 128 67 160
80 32 4 129 13 75 32 64 230 36 194 15 198 130 34 64 104 132 106 4 12 147 213 16 149 32 139 17 16 8 20 4
165 220 213 126 216 131 6 190 214 146 98 124 115 241 161 181 17 98 32 42 105 206 14 63 42 175 101 16 122 240 194 40
212 164 146 30 145 203 23 172 118 23 105 49 102 240 42 84 145 74 160 50 114 73 11 63 169 166 85 71 208 115 135 3
32 0 6 137 75 3 160 72 70 32 192 131 192 193 32 66 104 76 106 0 2 211 79 21 21 34 131 56 16 8 48 130
16 0 6 137 12 3 32 72 118 32 194 66 80 192 32 192 120 132 106 8 10 211 207 21 20 34 131 0 16 8 48 128
16 2 6 137 14 10 160 64 36 0 194 66 193 130 0 64 104 140 106 136 8 145 193 64 148 32 170 0 40 0 32 128
49 34 0 137 13 1 160 72 70 32 242 10 130 128 32 64 104 140 74 128 8 35 203 80 148 0 139 56 81 8 57 128
1 176 143 31 26 131 1 200 150 240 192 228 96 224 170 69 81 110 106 36 35 210 239 61 8 34 109 60 24 40 0 240
32 0 14 137 74 11 33 72 70 32 194 130 208 192 32 66 104 76 106 1 2 243 223 21 84 34 131 16 17 8 48 160
214 141 144 26 145 230 22 172 50 151 11 17 110 230 76 84 145 83 160 50 50 73 155 127 41 38 21 71 144 119 167 6
165 204 205 126 202 171 71 190 210 210 96 248 115 96 129 59 17 98 32 106 233 244 14 63 96 174 101 24 249 249 194 8
8 160 134 29 27 131 32 200 22 176 68 8 112 224 40 64 81 110 106 40 34 211 207 29 73 35 69 60 48 40 0 128
181 79 207 126 146 34 71 248 80 226 236 236 115 225 185 59 29 230 100 110 233 247 44 46 240 175 101 16 233 243 66 57
227 19 120 200 238 128 216 0 201 16 176 230 28 27 180 83 166 145 31 208 150 41 64 208 22 152 2 218 125 128 65 5
37 76 135 30 204 34 135 184 210 154 66 100 112 225 241 11 89 102 32 62 225 224 78 42 40 34 245 12 192 249 80 32
6 172 148 19 145 253 54 140 190 151 67 17 236 246 79 220 145 91 161 18 54 88 154 119 47 22 95 111 130 117 143 78
209 130 201 229 22 138 106 18 118 1 66 210 211 3 144 112 114 140 44 152 27 156 229 67 140 239 178 64 165 128 112 32
8 136 20 31 105 223 48 168 174 28 99 1 236 244 39 158 128 113 234 66 6 64 91 61 5 54 65 59 82 39 13 223
70 249 20 27 201 205 178 136 174 53 0 17 172 214 74 198 129 91 234 83 70 72 218 113 13 16 31 111 16 7 143 222
165 206 204 127 192 191 134 190 210 154 104 92 115 96 145 43 17 98 32 110 228 252 78 63 38 43 117 32 121 249 202 136
84 135 154 58 147 182 22 172 178 147 11 17 68 226 42 208 149 87 168 50 62 73 26 63 169 39 5 95 144 119 170 2
117 38 207 119 132 42 71 248 82 242 226 126 83 97 153 43 89 102 96 62 249 243 175 42 120 175 101 4 237 249 240 32
32 34 6 137 9 11 160 72 198 32 194 74 194 129 32 64 104 4 106 0 8 243 207 16 149 34 163 17 24 8 48 128
88 2 134 29 75 130 32 88 246 128 194 72 64 225 96 82 80 108 106 0 8 211 203 24 29 163 69 9 122 32 58 130
32 32 150 29 10 139 33 72 214 184 194 0 80 192 32 130 89 108 106 0 0 209 75 28 28 3 37 52 16 8 8 128
1 2 207 193 6 139 97 82 100 49 214 246 147 3 160 105 104 136 46 152 11 176 103 128 214 137 178 68 189 136 112 176
88 0 6 136 14 3 33 72 102 32 194 2 210 130 32 192 104 140 106 128 8 195 207 16 148 34 163 56 16 8 56 128
48 32 7 1 72 11 32 72 118 168 194 76 64 192 96 80 56 76 106 0 1 211 139 16 28 2 37 0 73 0 50 130
82 64 80 162 71 12 232 68 73 4 177 10 12 10 124 130 234 129 31 161 0 35 17 192 149 24 10 55 37 26 105 6
73 34 134 12 73 27 32 72 182 164 198 8 65 192 194 214 120 76 234 0 4 211 207 0 20 35 3 41 2 4 42 128
36 32 2 136 77 70 160 64 236 12 225 3 132 146 106 204 248 0 202 176 12 163 16 192 145 16 138 95 16 14 47 198
74 248 180 27 105 221 176 172 191 61 6 9 236 254 78 198 129 95 235 65 70 88 251 241 15 114 95 111 2 7 13 223
49 18 14 137 8 11 33 72 6 32 194 230 194 128 160 64 104 4 106 0 9 211 207 16 148 34 163 24 24 8 48 176
44 16 18 152 73 213 176 72 204 140 193 9 132 210 35 223 200 56 202 98 4 3 210 136 21 48 10 59 16 47 45 134
81 18 142 29 74 6 33 24 118 192 194 100 66 224 194 114 112 108 106 132 9 211 207 24 20 34 97 8 120 32 34 116
118 1 97 192 135 66 238 65 41 32 176 139 8 31 84 18 170 145 23 166 8 50 21 192 19 24 138 151 37 36 251 2
231 0 92 200 238 128 248 1 137 16 48 218 157 10 84 115 174 145 95 213 19 35 70 208 20 24 174 184 29 128 129 129
32 32 6 29 9 219 32 72 214 244 198 4 192 192 98 6 89 108 234 0 0 209 251 24 12 2 5 53 80 12 13 212
25 34 75 169 70 9 225 80 44 17 115 214 149 131 208 11 104 8 2 140 3 188 135 65 196 129 114 96 105 136 99 160
25 2 201 177 2 139 97 82 52 49 86 246 179 1 128 105 120 172 6 24 11 212 101 0 196 193 240 0 184 136 64 176
121 22 109 109 18 35 67 26 87 97 230 254 83 1 128 112 127 132 76 60 169 159 101 31 210 239 49 212 249 128 98 49
36 160 20 153 203 205 176 200 150 180 240 10 100 208 96 132 249 88 234 16 2 99 219 17 29 0 15 127 80 8 45 134
98 96 105 224 100 8 237 4 168 18 144 219 153 9 20 10 170 145 87 137 2 37 4 193 84 24 186 136 69 152 211 160
81 34 143 77 28 10 33 120 118 160 226 70 81 227 128 98 112 196 106 168 33 209 135 12 84 162 231 0 41 160 112 32
70 57 178 30 121 213 144 9 138 140 129 9 236 212 70 198 128 117 235 81 6 67 250 217 29 48 11 123 0 38 31 71
48 32 64 141 79 73 160 72 170 164 176 11 2 152 68 146 232 220 234 1 8 99 219 80 29 0 7 59 65 40 78 130
14 188 148 19 153 245 54 140 190 151 1 17 204 246 79 159 145 123 233 16 54 72 154 119 47 22 95 111 146 117 141 198
181 70 207 126 130 34 71 248 82 234 254 238 115 97 153 59 29 238 100 46 233 247 173 46 248 175 101 148 237 251 114 49
65 34 159 133 10 2 105 64 108 160 226 74 221 130 144 114 98 196 106 136 1 209 133 64 148 34 171 0 40 32 35 32
50 68 80 237 35 10 92 49 73 2 48 131 15 11 20 132 166 145 149 168 84 36 80 194 38 250 16 211 119 136 201 5
78 184 150 18 201 245 52 136 158 183 0 17 204 246 75 142 145 127 233 18 54 65 154 113 15 18 95 111 130 117 143 198
82 33 2 128 81 68 96 64 109 36 161 10 14 2 102 212 232 137 78 163 78 19 16 196 145 16 138 119 1 6 47 6
74 153 148 31 41 221 178 168 142 189 7 1 236 252 7 198 128 115 235 65 6 73 219 121 15 50 73 59 82 39 13 95
53 38 207 117 134 34 71 248 82 226 246 254 83 97 145 43 25 236 100 46 249 242 237 10 120 175 101 20 237 249 240 49
64 1 18 136 29 84 160 64 236 13 130 0 130 144 100 196 232 12 234 112 14 3 145 192 145 48 10 91 16 10 61 6
74 152 148 31 105 221 176 136 174 20 7 1 236 244 7 198 128 115 235 65 6 72 91 125 7 54 73 59 82 38 13 94
70 248 16 27 73 205 50 200 174 20 128 9 172 214 75 196 129 51 202 83 70 1 218 113 13 16 15 127 16 22 15 70
98 112 18 140 73 69 144 73 138 164 128 9 132 146 97 128 200 49 202 33 0 3 82 88 145 16 11 59 16 40 15 130
36 160 20 153 203 207 32 200 150 180 224 10 68 210 96 132 89 28 234 16 2 83 91 29 29 130 13 127 16 8 45 130
114 1 18 12 9 79 144 64 9 36 176 9 6 152 36 144 216 181 198 33 24 163 80 76 145 48 0 27 65 8 110 6
80 2 143 93 72 2 33 120 118 128 226 70 82 225 160 66 112 100 106 40 9 241 139 12 84 34 231 0 41 104 96 32
48 32 4 141 79 75 160 72 190 164 160 11 2 128 64 144 120 220 234 1 8 115 219 80 29 0 15 57 65 40 14 130
6 172 148 18 145 246 22 172 190 183 2 17 236 242 79 220 145 95 160 18 54 88 155 127 41 22 85 103 146 117 141 6
181 78 207 126 136 43 71 184 82 226 98 236 115 225 185 59 25 102 100 46 233 226 47 46 96 175 101 24 233 241 82 41
65 32 143 133 14 10 97 64 100 160 194 66 212 130 144 114 96 196 106 136 1 209 135 64 148 34 143 0 40 32 99 32
6 164 148 23 155 85 22 200 150 183 0 1 228 246 75 142 145 95 232 18 54 65 155 59 41 6 79 111 128 116 15 134
117 38 207 87 140 10 7 248 82 178 226 108 83 225 145 43 89 102 96 62 185 243 175 42 104 47 101 4 233 248 112 32
80 0 4 137 11 67 32 72 102 36 194 6 194 0 34 68 72 140 106 128 8 211 223 16 148 34 3 49 16 8 60 196
81 72 73 241 22 170 105 23 118 1 66 210 147 3 208 120 114 140 44 152 43 152 197 67 196 173 178 64 173 128 208 40
1 40 77 121 18 138 105 22 124 1 102 208 155 3 144 120 50 136 14 156 51 156 69 127 196 239 50 64 172 129 67 32
33 32 15 9 72 11 161 72 118 224 226 12 80 192 224 80 120 76 106 4 1 243 191 16 20 0 7 40 64 0 35 240
242 1 18 158 77 237 146 64 136 164 177 11 166 210 36 133 200 177 202 3 0 35 82 216 145 144 10 59 80 47 15 134
64 32 6 13 73 75 32 72 54 228 194 9 64 198 2 80 120 204 106 128 4 211 199 0 21 34 3 1 1 0 38 210
24 0 14 137 14 11 161 72 134 32 194 130 210 128 32 64 104 140 106 136 8 209 199 16 212 35 163 16 49 8 48 160
89 0 142 13 74 18 33 72 246 128 198 8 80 226 64 114 112 108 106 136 8 211 239 16 85 35 99 8 96 32 34 160
32 48 6 13 74 15 32 72 214 184 194 64 208 212 96 2 89 76 106 0 0 211 219 20 29 2 5 54 80 8 21 147
64 16 6 137 78 7 32 72 230 40 194 66 194 128 32 64 200 140 106 128 8 195 219 16 149 32 139 24 16 8 48 2
52 140 143 62 152 3 7 184 22 194 98 108 115 225 168 81 17 110 32 42 105 210 11 63 104 167 101 16 120 240 2 48
4 140 150 30 153 223 22 168 54 23 64 16 230 240 42 84 145 110 160 48 54 192 59 63 41 182 69 95 210 100 133 70
117 166 142 87 140 2 6 184 82 178 66 114 81 224 209 43 89 102 96 62 185 211 143 42 104 47 229 68 237 248 240 0
6 164 148 23 139 7 22 200 150 183 0 1 196 224 75 10 145 94 233 51 102 83 155 58 41 6 77 47 128 116 29 134
32 32 20 137 75 79 160 72 22 176 224 10 196 192 96 128 121 28 226 16 2 83 91 17 29 128 15 61 16 8 45 130
70 172 148 26 145 255 22 172 62 55 2 25 238 244 14 148 145 94 160 50 54 72 27 63 41 54 85 103 208 119 143 6
181 206 207 126 152 35 71 184 82 130 96 236 115 225 185 49 21 102 100 46 233 194 46 63 96 174 101 24 112 240 66 41
80 2 143 77 76 2 33 72 118 128 226 66 208 224 128 66 112 196 106 136 1 211 131 68 84 34 231 0 33 40 112 32
48 32 132 141 75 75 160 72 54 164 160 11 6 128 64 144 120 204 234 0 8 115 219 16 29 0 15 57 65 40 15 130
70 172 148 18 145 247 22 172 62 183 2 17 236 246 77 220 145 95 160 50 54 192 27 127 41 22 93 103 130 119 141 6
181 206 207 126 138 35 71 184 82 226 96 232 115 225 185 59 29 102 36 42 233 226 14 46 96 175 101 56 237 241 66 41
65 32 143 5 76 10 33 64 100 160 194 66 208 130 144 114 96 196 106 136 1 209 135 64 28 34 135 0 41 32 99 32
6 164 148 23 155 87 22 200 150 183 0 1 228 242 75 206 145 95 233 18 50 65 155 59 41 6 77 111 130 116 7 134
117 36 207 119 140 2 7 184 82 242 66 108 83 225 145 43 89 102 96 62 185 243 143 42 104 174 101 4 233 248 80 32
32 176 20 153 75 143 32 200 22 180 192 10 196 194 96 0 89 92 226 16 2 83 91 17 29 128 15 125 16 8 37 130
84 172 148 30 145 235 22 172 62 23 15 16 110 228 14 84 145 119 160 50 50 200 11 63 169 54 21 71 210 119 135 6
165 220 205 126 146 163 71 184 210 146 104 108 115 240 141 51 17 102 32 106 225 196 78 63 40 170 101 56 120 242 66 40
80 0 142 77 12 2 32 104 118 128 226 66 208 224 160 66 120 68 106 40 9 243 131 12 92 34 231 0 41 40 112 32
48 32 0 141 79 9 160 72 46 164 160 11 2 128 64 18 104 204 106 1 8 115 219 80 29 0 15 57 65 40 86 130
81 32 142 133 74 10 97 64 108 160 194 66 212 130 16 114 96 196 106 136 1 211 133 64 148 34 139 0 40 32 43 0
6 160 132 23 155 7 20 200 150 179 0 9 228 246 75 138 145 78 233 48 54 83 155 57 9 2 77 127 128 116 11 130
117 166 174 117 140 6 39 248 82 178 66 70 83 225 145 75 89 100 104 62 184 243 143 10 104 39 101 4 233 248 112 32
4 172 149 26 153 195 22 168 54 55 64 17 230 240 40 208 145 126 160 48 50 80 11 63 41 166 69 111 208 96 133 2
53 142 134 126 152 3 7 184 86 130 98 76 115 225 168 81 81 102 32 46 105 242 11 63 96 174 101 16 120 240 66 32
32 32 20 137 75 75 160 72 22 176 192 10 196 192 96 0 121 156 226 16 2 83 75 16 29 128 15 61 17 8 45 130
64 2 135 93 12 2 33 104 118 128 226 66 82 224 160 66 112 100 106 40 9 243 139 12 20 34 231 0 33 104 112 32
48 32 4 141 79 75 160 72 54 164 224 11 130 128 64 128 120 204 98 1 8 115 203 16 29 0 15 57 65 40 22 130
81 32 143 133 12 10 32 64 100 128 194 66 208 130 16 114 96 196 106 136 1 211 135 64 148 34 143 0 40 32 99 0
118 40 18 158 73 205 146 64 137 4 185 9 38 216 37 148 136 177 198 67 10 35 82 125 145 48 8 59 81 47 15 6
118 32 132 133 137 123 4 136 171 182 130 137 194 96 71 142 1 196 236 147 62 67 223 128 152 146 205 119 132 125 30 6
2 184 180 159 57 221 178 128 175 220 64 1 172 220 7 206 129 115 235 83 6 72 251 253 15 114 89 43 2 7 13 223
122 64 112 192 39 16 218 132 9 0 52 131 13 31 21 148 134 145 21 205 128 32 64 194 179 220 138 147 39 150 83 7
2 33 113 160 38 40 233 2 137 112 152 202 157 15 212 34 174 147 95 141 130 33 132 192 132 24 170 184 5 214 19 161
121 22 111 100 16 35 75 126 82 232 190 238 115 37 144 48 93 228 92 188 169 159 109 30 250 207 165 212 237 170 82 120
121 158 109 109 26 35 75 122 66 232 188 238 83 33 144 112 127 196 124 172 185 171 237 31 250 239 161 244 125 162 114 57
121 54 239 101 54 42 67 51 97 233 254 254 115 37 144 48 124 196 92 188 185 191 37 14 250 239 161 208 237 138 114 121
40 16 18 136 105 93 144 72 142 140 224 9 140 214 35 212 200 49 202 98 4 3 82 216 145 48 10 59 18 47 47 199
121 23 109 100 26 35 75 123 64 232 190 238 83 37 144 48 124 230 124 172 185 187 237 30 250 239 161 208 111 170 82 121
153 98 201 57 6 137 97 86 118 65 86 214 147 3 208 105 120 136 6 156 139 244 37 65 196 201 114 0 105 128 97 160
195 0 93 224 238 0 237 164 136 18 48 222 157 10 84 11 47 19 87 207 81 46 78 224 84 152 254 168 29 144 193 129
121 150 109 109 26 42 75 58 65 232 254 238 83 33 144 112 127 228 124 172 185 186 229 31 250 239 161 208 109 162 66 57
25 66 75 241 6 171 97 86 116 65 86 246 147 1 224 105 112 136 38 28 139 244 101 0 196 193 240 128 169 152 80 176
81 2 207 173 14 2 97 24 118 128 230 230 83 227 160 96 120 204 42 140 9 240 231 12 212 163 227 0 57 168 112 160
32 176 22 152 73 223 176 200 158 180 128 9 228 210 98 134 217 120 234 16 6 99 219 17 157 18 15 63 82 12 13 134
81 2 207 109 14 2 97 24 118 192 230 230 83 227 128 114 120 204 106 140 137 240 239 12 84 171 231 0 105 160 96 160
14 184 148 27 217 221 52 140 190 183 4 17 236 246 79 142 145 123 235 17 54 73 154 113 13 18 95 111 146 84 143 198
78 185 48 158 121 221 178 8 170 252 129 9 172 222 71 198 128 115 235 83 6 75 218 249 29 48 15 59 18 7 15 95
117 22 207 125 146 2 71 248 112 234 246 238 83 97 145 51 93 228 100 46 233 242 237 14 248 239 101 148 237 248 114 49
50 32 2 128 73 77 160 72 174 164 240 11 6 208 64 150 233 220 234 1 8 115 219 80 21 0 11 59 65 8 14 130
114 68 80 197 7 76 236 7 41 6 186 19 10 10 20 144 170 129 7 160 76 36 17 192 179 188 2 19 117 88 233 6
65 34 79 133 10 10 105 80 110 160 226 68 209 130 208 114 98 204 106 136 129 209 229 64 212 32 171 0 40 128 99 160
98 1 2 128 65 70 64 96 41 12 161 9 6 146 38 144 248 129 202 161 28 135 16 206 17 16 130 95 64 14 126 198
78 160 148 158 201 87 52 232 186 183 128 9 204 246 75 142 145 95 235 17 6 67 154 113 29 50 79 63 130 100 15 134
74 185 52 30 57 221 178 8 174 60 141 9 236 220 71 198 129 51 235 67 6 1 219 113 7 48 11 59 82 7 13 87
117 162 207 117 132 11 101 184 118 242 226 238 83 225 208 34 57 196 108 44 169 240 239 8 92 171 229 132 237 232 114 32
96 16 18 136 25 245 146 72 204 4 132 9 134 144 38 196 208 184 202 48 4 3 208 192 145 48 2 63 16 14 45 70
70 169 16 26 73 221 18 234 170 60 128 9 172 214 67 148 129 51 202 83 70 11 218 117 157 16 15 63 16 4 15 78
50 16 18 140 73 207 144 73 136 164 160 9 6 146 37 144 216 177 194 33 76 3 82 204 145 16 8 59 16 40 15 6
32 32 20 152 75 79 176 72 22 180 224 10 196 210 96 196 121 24 234 16 2 115 219 17 29 130 7 63 16 8 45 130
17 34 143 77 8 2 33 88 246 160 226 102 81 163 160 66 120 196 106 136 9 241 135 8 84 163 226 0 41 168 96 32
114 1 18 136 73 207 144 64 168 4 176 9 6 148 36 144 216 177 202 33 24 163 80 76 145 48 10 27 65 8 47 2
96 32 0 137 79 73 160 72 38 164 240 139 134 128 64 144 104 140 234 128 8 115 211 80 21 0 3 57 65 8 126 130
6 188 148 19 153 247 54 168 190 151 2 17 204 246 79 223 145 123 225 18 54 88 155 119 45 22 93 111 146 117 143 70
178 4 82 64 5 108 208 70 109 4 250 19 10 8 36 80 233 131 4 16 12 179 17 194 155 152 130 3 113 72 108 6
53 134 207 126 138 34 71 248 82 226 242 236 115 225 185 59 31 238 100 46 233 243 175 47 248 238 101 148 237 249 82 49
17 32 15 133 14 10 233 64 108 160 226 66 213 130 144 114 104 196 106 136 1 209 133 64 148 32 170 0 41 0 99 32
241 135 109 101 20 10 103 50 96 64 238 206 243 33 144 115 120 230 108 236 185 184 229 45 230 171 224 64 109 170 210 56
117 166 207 117 142 2 71 248 86 242 194 230 83 225 209 43 25 236 96 46 169 242 239 10 120 175 101 4 237 248 112 32
65 134 77 99 20 170 107 150 124 1 110 196 211 3 144 112 115 132 12 188 59 188 101 127 236 175 162 64 237 131 80 40
1 14 77 105 22 138 107 16 124 1 106 196 219 3 144 112 50 128 12 188 163 156 69 127 228 175 178 64 173 131 81 40
82 248 16 18 25 221 16 206 175 52 128 9 174 150 71 212 129 187 204 65 78 11 218 117 153 16 27 127 16 4 15 78
246 24 18 186 73 205 144 64 137 6 240 9 46 216 37 148 200 177 196 3 8 39 82 249 145 240 10 59 81 44 47 6
133 2 75 235 52 138 99 16 124 0 99 212 151 65 176 120 82 12 14 30 131 176 101 15 196 189 50 64 44 130 81 32
5 2 75 97 52 138 106 16 124 0 99 196 211 3 152 120 82 136 14 12 131 144 101 31 196 223 162 0 44 131 80 32
178 8 80 156 9 205 80 66 139 6 160 25 42 218 38 20 200 177 132 0 12 47 82 218 145 16 0 59 81 40 76 6
178 40 16 158 9 205 80 75 155 4 160 9 46 214 39 148 136 187 204 0 46 11 82 251 145 16 25 59 16 12 14 14
178 40 16 154 9 205 16 75 139 4 144 25 174 218 38 148 136 179 204 1 46 43 82 253 145 16 27 59 16 12 15 14
65 71 79 103 52 10 107 48 108 64 127 228 215 35 144 112 18 68 44 108 161 176 45 76 228 191 34 64 108 162 67 32
32 32 20 137 75 79 32 72 22 180 224 10 196 210 64 128 121 28 234 0 2 243 219 17 29 128 7 63 112 8 45 130
14 172 148 27 153 223 22 168 62 183 64 17 110 246 111 220 145 91 224 16 54 88 155 63 41 22 85 111 210 100 141 6
117 142 207 126 152 2 71 184 210 178 98 236 115 225 185 115 21 230 96 46 233 242 175 63 96 175 101 20 248 240 66 33
80 34 143 77 8 10 33 72 246 160 226 70 80 227 160 66 120 196 106 136 1 241 131 12 84 34 227 0 8 40 96 32
32 32 0 141 75 73 160 72 38 164 240 10 134 128 64 146 104 204 234 0 8 243 219 16 29 0 15 57 97 8 14 130
6 172 148 27 153 215 22 168 62 183 0 17 76 246 109 220 145 91 160 16 54 80 155 63 41 22 93 111 146 116 141 70
117 46 207 126 154 2 71 184 210 242 98 232 115 225 185 59 21 230 96 46 233 242 143 46 104 174 101 20 233 248 66 33
81 34 143 5 8 10 33 64 108 160 194 66 208 130 144 114 104 196 106 136 1 209 133 64 148 34 163 0 9 32 99 32
86 160 132 22 139 87 20 232 18 182 64 9 68 246 75 142 145 94 233 18 6 83 203 56 25 34 77 127 130 116 15 134
101 164 143 85 156 2 39 248 214 178 194 228 83 225 209 43 17 100 104 44 169 241 207 8 108 43 229 52 237 248 80 32
4 164 148 31 153 219 22 168 62 183 64 1 102 226 107 212 145 122 224 48 54 208 11 63 41 22 69 111 208 36 5 70
117 140 207 126 154 2 70 184 210 178 96 236 115 224 185 59 21 102 100 46 233 242 14 63 32 175 101 16 249 240 66 49
64 34 143 93 8 2 32 72 246 160 226 68 80 224 160 66 120 100 106 8 9 241 139 12 84 35 231 0 72 168 96 0
37 166 142 119 152 2 69 184 210 178 66 228 83 225 145 11 81 100 104 44 185 243 143 40 104 42 101 4 232 248 112 0
86 160 132 20 203 71 148 232 18 182 64 9 68 242 66 134 145 92 233 3 4 83 219 25 25 34 77 63 128 100 31 134
48 32 6 9 75 79 32 72 102 32 226 71 80 134 0 210 104 204 234 128 0 211 215 64 21 32 2 40 1 8 38 146
17 32 14 1 72 11 161 64 230 160 230 8 16 128 34 112 104 12 106 8 0 243 167 16 85 1 35 0 65 8 35 224
16 48 39 21 9 75 32 72 54 244 194 129 66 212 32 0 57 76 234 0 4 209 235 28 29 2 5 22 33 8 20 214
97 32 143 28 74 19 33 72 118 224 196 136 80 228 160 114 84 108 106 12 3 211 239 17 84 34 69 40 80 32 34 228
25 2 205 115 22 171 97 22 118 73 118 246 83 1 144 120 114 138 14 28 171 180 101 34 198 239 178 192 189 153 112 48
6 184 180 27 153 221 178 200 191 181 0 17 236 254 111 142 145 91 235 17 54 73 155 243 15 22 95 127 146 116 143 198
117 6 207 125 146 2 79 248 80 234 246 238 115 97 145 113 95 236 116 174 233 243 237 14 248 175 229 148 237 248 114 49
50 20 18 136 77 87 148 97 169 14 184 25 14 158 46 148 216 145 198 33 44 167 16 206 145 20 10 95 65 14 174 214
50 32 0 128 73 77 176 72 174 164 176 11 130 148 70 150 232 221 234 1 12 99 219 208 149 16 11 59 81 12 79 134
18 129 240 225 133 68 222 198 89 37 178 3 10 10 20 192 232 195 135 192 124 176 17 224 51 254 146 7 229 88 236 6
65 34 79 5 74 10 97 16 108 224 226 102 217 130 208 114 104 204 106 140 129 208 229 64 212 41 163 0 40 128 97 32
78 176 150 30 201 213 180 232 186 182 128 9 236 246 74 150 145 127 235 17 6 67 154 241 29 50 79 63 130 100 15 198
74 248 48 26 57 221 178 138 174 60 132 9 172 222 71 196 129 83 251 67 6 73 250 245 21 20 27 59 18 5 15 95
226 16 18 136 25 221 18 64 141 12 161 9 142 212 39 212 216 185 202 49 36 3 82 222 145 48 10 59 16 46 47 86
162 5 16 156 9 205 144 104 139 166 168 9 142 210 34 148 216 177 202 33 108 39 82 90 145 16 11 59 80 46 15 70
194 185 16 154 25 221 18 234 170 52 128 9 174 214 71 148 129 59 202 67 70 15 218 127 153 16 31 63 16 5 15 78
40 176 22 153 73 223 48 200 150 180 194 9 196 210 98 132 217 60 234 0 6 83 91 17 29 2 7 63 82 12 45 134
81 2 143 45 74 2 33 88 118 128 226 102 83 225 160 114 120 204 106 12 9 243 231 12 84 163 99 0 121 168 112 160
6 168 148 27 153 221 50 136 191 181 64 17 236 246 111 140 145 91 233 17 54 80 155 119 41 22 93 111 146 100 143 70
117 6 207 126 138 2 71 248 82 226 226 236 115 225 177 59 29 228 100 46 233 243 175 46 232 174 101 144 237 240 82 33
50 20 18 184 9 237 16 64 153 4 240 25 6 220 36 148 216 177 197 33 44 163 82 78 145 176 8 91 209 12 110 2
225 143 79 103 36 10 103 48 96 64 126 236 243 33 144 115 90 198 108 110 249 184 229 45 230 235 224 64 108 170 82 48
78 160 148 29 201 87 52 232 178 182 192 9 204 246 74 134 145 93 235 17 6 83 155 17 29 50 77 63 130 100 15 134
65 142 77 107 52 170 107 178 108 65 111 196 211 1 144 112 114 134 44 60 169 184 45 63 228 191 162 64 236 131 64 40
117 162 207 117 140 11 101 248 118 242 226 238 83 225 208 98 25 68 104 44 169 243 239 8 92 171 229 4 237 232 114 32
210 184 16 154 41 205 80 206 187 53 128 9 174 150 71 213 129 155 205 65 14 11 218 255 153 16 25 59 16 5 15 78
5 14 77 107 48 138 107 16 124 1 110 196 219 67 176 112 19 128 14 188 131 144 45 127 228 255 34 64 252 131 65 32
178 44 16 186 9 237 80 66 155 12 129 9 174 210 39 157 128 187 196 3 46 15 90 255 145 144 8 59 16 76 15 6
69 6 95 105 54 138 107 16 108 65 107 196 223 65 184 112 18 4 14 60 163 176 37 94 228 191 34 68 252 131 65 32
6 172 150 27 153 215 18 168 190 181 66 17 236 246 79 157 145 127 225 17 54 208 155 127 41 22 77 111 146 100 141 6
53 6 207 126 154 2 71 248 82 194 98 236 115 225 185 59 21 238 100 46 233 243 175 47 232 174 101 144 233 248 82 48
182 28 18 152 233 247 22 65 153 142 241 25 14 214 38 221 200 177 206 51 28 163 82 202 177 18 10 27 144 111 174 215
34 188 16 154 105 221 18 234 187 60 160 9 174 214 103 149 137 187 206 67 110 11 90 125 145 16 25 63 16 5 15 94
50 28 16 190 105 237 84 65 153 14 177 9 46 214 39 157 136 179 198 1 44 35 82 252 145 18 73 59 80 44 15 198
54 20 18 184 137 237 80 65 153 12 240 25 14 222 38 153 200 177 196 33 44 35 82 220 145 178 72 59 209 108 142 6
97 135 111 111 52 42 99 176 104 64 126 228 211 33 152 113 26 198 108 110 185 184 165 45 230 251 96 64 108 163 82 32
69 70 77 105 52 138 107 144 108 65 126 196 251 3 177 112 18 4 46 60 161 176 45 95 228 255 162 4 220 131 65 32
50 24 16 186 9 237 80 66 159 6 224 25 46 246 38 156 200 187 196 1 14 11 82 249 145 208 88 59 240 108 14 198
114 188 16 186 9 237 80 238 187 55 160 25 174 158 78 149 129 155 197 1 46 15 218 245 153 208 25 63 16 20 14 94
77 7 95 109 52 10 107 176 108 64 126 196 223 99 176 112 18 4 46 108 161 176 45 92 228 251 34 4 92 130 65 32
50 140 20 186 73 205 16 206 139 31 160 25 174 222 34 157 137 179 196 1 46 15 90 177 145 210 90 59 112 12 15 206
50 184 20 178 105 221 80 238 187 61 160 9 46 214 78 148 137 147 197 1 14 75 90 245 153 18 89 127 16 4 14 223
50 24 84 190 105 253 80 75 139 36 176 9 46 222 39 156 136 179 198 0 30 43 82 249 145 146 80 59 81 76 14 198
50 24 84 186 137 237 80 75 139 4 240 25 46 252 38 156 136 179 196 17 30 43 82 249 145 178 16 59 209 76 206 206
233 131 111 101 36 10 111 176 120 64 118 236 211 33 144 115 18 196 108 110 249 248 229 15 228 251 96 132 108 171 82 112
65 7 93 105 52 138 107 56 108 64 126 228 211 33 177 113 18 4 44 124 161 176 45 92 230 255 34 4 92 131 65 32
50 184 16 186 9 237 80 206 171 63 160 25 47 222 78 148 129 155 197 1 14 11 218 177 145 208 24 63 16 68 142 78
50 24 144 186 137 237 80 78 139 21 160 25 46 254 38 156 200 187 196 1 14 43 82 177 147 210 80 59 208 76 14 78
201 67 109 109 36 10 111 56 120 64 119 228 223 33 144 113 18 68 108 110 225 180 165 76 230 251 98 128 76 163 83 32
50 160 20 186 105 237 80 207 171 63 160 25 47 254 74 156 137 147 197 1 30 11 90 145 155 210 89 127 50 68 142 206
201 7 111 109 36 10 111 56 120 72 118 236 223 33 144 113 18 68 108 110 225 176 173 15 230 251 96 192 76 163 82 113
58 176 80 58 41 253 80 207 163 61 160 25 46 255 14 156 137 147 197 0 14 43 90 241 155 208 17 59 114 68 206 223
