16 4 159 189 92 66 164 104 246 130 226 66 112 241 32 67 120 108 42 170 32 243 155 9 117 162 231 0 113 120 112 162
32 96 26 140 77 65 144 72 142 172 176 10 4 210 97 2 232 177 202 227 64 35 2 88 17 128 11 63 80 42 45 138
96 32 192 5 73 9 224 72 43 180 224 139 130 232 68 146 41 205 66 149 8 115 219 80 28 0 7 61 65 40 86 130
81 32 142 165 8 10 104 0 116 160 194 200 215 162 80 82 48 197 106 156 13 208 199 0 156 163 239 0 160 32 35 0
32 160 134 30 73 128 160 200 178 128 224 0 96 227 96 86 121 238 106 152 2 195 154 97 25 32 143 40 64 32 98 130
1 32 87 33 26 11 160 96 118 160 226 66 213 66 128 35 59 68 106 184 32 241 13 76 140 130 103 0 105 0 67 128
100 128 4 141 140 11 64 168 22 48 130 202 194 97 8 70 89 196 106 168 40 81 75 21 156 34 205 116 48 40 16 0
244 204 132 22 140 19 6 168 86 242 11 157 65 96 42 81 17 70 32 42 124 86 221 63 40 6 197 116 185 254 216 4
1 32 134 37 70 11 160 72 126 160 98 74 214 128 80 2 57 76 106 29 32 241 141 88 156 2 7 0 65 8 67 128
4 166 148 27 155 225 48 239 54 55 65 17 196 226 74 205 49 75 234 16 54 89 139 119 13 6 95 111 144 69 173 134
6 174 150 19 154 167 166 174 254 187 34 80 196 224 109 15 129 119 106 50 50 73 11 127 40 18 93 118 200 113 129 132
113 128 140 141 12 11 0 168 206 48 130 10 230 224 8 66 201 196 106 1 12 67 207 21 144 34 203 31 16 40 24 4
97 128 132 188 76 11 4 232 86 50 192 10 230 224 8 82 217 196 106 1 14 67 203 17 156 34 199 63 16 40 24 2
252 204 197 95 202 2 6 168 114 134 234 130 97 96 9 209 113 198 32 226 104 214 207 63 56 166 213 21 113 114 102 8
180 199 78 126 152 3 70 253 80 42 233 120 83 96 168 17 89 198 4 42 120 231 77 63 242 167 101 84 113 250 250 0
4 132 4 157 152 11 34 232 22 176 194 130 195 97 72 65 89 196 106 184 40 209 79 29 172 2 205 116 48 40 16 0
112 32 128 36 77 9 224 72 138 180 176 11 130 200 84 18 233 204 74 21 8 99 203 16 157 144 135 61 65 40 86 130
18 33 18 168 9 137 144 72 142 4 185 13 174 210 106 4 216 57 203 97 2 35 66 81 145 144 10 59 88 12 43 130
83 32 23 161 15 14 104 64 47 32 242 66 207 130 0 244 98 133 110 136 9 209 209 208 148 176 139 16 40 0 33 36
245 79 202 102 150 34 71 240 112 162 239 154 83 97 147 51 121 230 4 238 120 247 141 46 250 175 229 20 237 251 242 0
65 32 83 137 104 72 105 64 46 96 242 162 157 151 128 112 110 157 127 140 1 211 237 208 212 48 171 128 5 128 35 240
96 34 121 101 100 8 232 16 105 40 178 105 219 9 20 18 202 213 111 0 136 98 193 192 148 184 32 48 68 160 70 33
96 34 121 193 100 73 248 16 105 40 240 73 155 9 20 48 202 149 95 9 136 114 196 192 87 152 32 48 69 136 86 161
78 145 181 49 203 100 189 143 186 247 2 181 204 63 78 79 167 87 249 145 18 216 147 224 77 50 94 199 138 84 165 219
130 182 148 17 145 191 176 143 63 51 34 85 140 34 68 141 129 19 232 16 54 220 83 118 140 18 94 71 192 68 139 14
66 185 188 19 139 232 181 135 174 53 10 49 140 182 74 74 135 87 235 17 22 73 251 97 109 54 94 79 128 80 135 222
114 33 2 160 93 75 66 65 101 37 171 11 2 8 4 16 232 133 206 33 12 171 81 221 177 52 0 51 97 14 94 14
113 7 77 100 138 59 70 127 112 162 234 206 115 32 128 179 120 198 76 46 109 183 117 14 242 239 101 16 105 250 218 8
3 184 5 154 217 209 176 207 158 81 64 245 172 206 102 228 197 43 234 149 151 74 94 245 12 82 158 235 154 12 169 220
17 128 221 245 20 138 104 19 118 17 98 82 211 3 144 104 98 134 42 152 27 248 69 69 204 235 242 64 165 128 249 32
181 126 158 62 184 171 71 248 214 142 96 124 115 240 169 49 17 110 32 106 108 214 27 47 232 166 101 16 248 243 66 8
37 176 88 169 206 27 98 216 86 176 244 110 211 211 193 40 89 204 46 24 15 114 207 150 222 134 165 124 185 136 90 128
96 162 104 141 12 9 192 200 207 176 176 73 135 200 84 18 201 196 78 1 10 99 207 209 221 144 3 61 81 136 87 132
2 32 39 221 77 131 168 72 254 128 194 66 65 203 52 70 120 108 123 137 0 211 134 220 21 58 203 9 17 8 49 134
120 34 144 237 45 13 81 24 103 172 182 72 207 3 64 210 192 196 108 8 10 99 203 145 211 249 37 57 2 136 86 35
97 32 19 161 108 13 224 64 44 32 242 78 214 128 128 208 104 141 106 140 1 242 193 64 148 176 3 40 72 8 99 132
25 136 79 97 18 170 107 50 116 65 107 208 217 3 144 120 115 135 44 156 27 156 5 94 204 174 178 64 237 128 98 32
86 162 168 178 171 169 25 203 175 61 129 189 140 206 106 26 167 131 237 149 22 75 138 209 217 16 27 255 144 68 143 71
96 184 25 248 107 201 145 71 171 81 164 56 190 150 36 52 139 51 234 0 3 107 210 113 145 176 18 59 80 8 143 171
80 50 26 129 74 76 33 64 238 100 230 39 132 146 2 84 232 140 106 128 5 211 249 208 148 32 139 2 9 0 39 246
49 134 203 221 28 131 99 216 86 9 248 66 115 227 168 96 121 202 38 172 174 178 79 31 254 174 163 76 49 170 96 128
80 32 86 161 7 12 96 64 111 40 178 72 207 130 0 80 34 133 110 8 0 241 193 208 149 178 3 16 96 0 67 2
80 32 81 161 13 13 96 0 111 32 178 72 207 130 0 16 42 133 110 8 8 225 193 208 149 184 3 48 97 8 67 2
96 34 12 169 108 11 160 72 22 160 242 234 193 129 192 64 120 140 106 140 4 242 195 16 148 128 163 40 89 136 121 128
118 71 98 4 2 82 79 232 32 230 222 171 67 100 147 82 122 228 237 238 76 147 205 10 176 103 237 149 39 247 126 84
33 56 24 152 109 141 193 78 203 124 164 12 182 208 118 54 201 34 74 13 138 107 242 241 157 24 17 58 80 8 82 238
4 162 156 187 219 195 50 232 22 177 192 27 228 242 104 72 217 91 226 16 50 83 75 55 189 134 15 127 152 8 137 130
16 4 107 155 20 203 98 104 118 65 66 227 115 228 188 96 120 170 2 140 163 176 28 127 244 38 179 0 117 136 116 184
80 2 23 141 14 142 32 72 236 168 194 99 198 146 32 66 96 244 110 128 0 209 131 204 148 162 3 2 32 8 33 130
69 220 148 31 200 136 7 172 146 147 65 120 228 240 72 203 145 110 160 3 99 84 219 51 44 38 93 46 152 112 144 10
193 160 72 49 0 136 105 16 126 17 66 208 189 130 208 120 50 13 56 156 3 28 215 81 196 168 186 64 44 128 33 40
65 32 75 129 72 8 105 64 110 100 230 130 157 130 130 112 106 141 106 140 1 211 237 208 212 32 139 16 1 128 35 224
125 236 197 30 138 114 7 236 114 130 232 146 97 224 137 156 49 206 32 170 106 214 175 43 56 38 85 12 225 115 226 172
198 175 156 51 145 190 54 167 58 83 75 17 236 226 74 88 149 79 161 19 54 216 155 119 109 55 95 71 128 71 137 14
70 248 148 144 233 233 148 142 154 187 128 57 172 246 65 142 129 83 233 19 86 75 202 241 157 18 95 127 144 117 143 30
217 85 70 5 20 30 110 48 100 224 254 70 83 32 179 229 120 228 30 238 237 177 21 14 182 234 166 0 47 186 120 4
49 64 75 237 12 2 65 81 84 0 194 66 19 3 161 104 72 140 46 136 9 150 69 128 212 160 178 8 56 136 112 160
83 32 135 133 14 14 232 64 108 128 194 66 220 178 80 102 106 197 122 137 1 241 149 192 157 34 207 0 37 32 35 160
132 174 159 19 154 135 167 168 182 187 35 144 68 228 201 11 17 102 106 114 114 65 11 63 41 2 93 118 192 113 133 52
180 175 142 23 152 167 70 168 86 182 138 28 66 224 73 3 17 110 104 122 56 241 93 62 233 7 197 84 168 121 144 0
88 34 156 165 44 13 81 24 46 172 178 41 223 11 64 18 133 69 108 28 8 96 201 16 219 211 39 49 64 128 7 1
32 32 69 169 78 11 160 72 22 160 242 203 208 156 68 64 120 156 107 129 9 242 199 208 21 0 131 40 53 8 112 162
65 32 14 141 13 13 233 72 230 32 214 10 210 210 2 98 104 196 106 140 8 227 227 192 213 33 139 24 16 8 49 32
0 136 62 159 120 147 177 200 214 20 68 1 228 247 42 100 216 122 170 12 38 219 42 189 71 115 67 11 16 8 53 230
40 172 30 222 121 147 178 200 150 0 68 35 224 209 162 228 217 122 162 4 38 251 10 191 102 247 3 43 82 140 56 134
34 105 16 172 73 141 146 104 142 168 184 11 166 210 101 128 200 177 202 99 64 35 74 217 145 144 11 63 16 58 11 130
86 48 147 240 139 228 17 2 171 179 131 24 158 182 64 126 163 183 253 144 27 79 146 192 153 241 27 127 136 1 39 54
50 96 18 180 77 141 146 64 136 140 177 9 38 200 36 144 152 161 194 35 76 39 210 200 145 16 10 59 65 46 111 134
18 34 18 128 13 143 128 64 142 172 128 11 134 128 97 140 216 57 202 81 8 1 80 144 145 20 11 63 16 10 29 134
129 162 73 49 18 136 105 18 126 1 67 208 189 130 208 248 54 143 6 156 147 156 197 83 140 173 186 224 44 128 3 168
70 236 133 146 155 55 38 204 146 179 64 28 196 242 105 142 145 79 232 23 51 83 154 50 169 6 223 111 136 117 155 182
69 6 143 85 140 15 101 232 246 178 226 66 81 224 209 107 113 228 106 186 56 241 207 8 125 34 229 68 129 121 112 32
225 46 69 77 18 171 66 59 84 226 234 248 243 32 144 49 26 164 76 44 173 188 101 31 164 174 33 112 109 136 90 44
65 40 135 158 9 211 177 72 190 68 198 1 244 246 34 102 232 108 106 140 5 209 187 124 213 34 203 2 0 36 37 246
48 50 3 61 112 131 34 88 87 232 112 231 99 192 160 68 89 108 38 4 47 178 79 31 184 230 39 2 121 136 38 149
3 0 7 141 77 67 160 72 150 36 194 131 196 194 32 68 248 204 106 133 13 243 95 208 148 50 139 18 20 8 49 132
105 50 152 100 32 12 80 16 105 172 182 77 223 51 66 18 132 196 108 12 8 96 193 0 195 249 37 16 74 160 74 3
69 160 197 141 138 11 41 200 110 176 130 200 213 162 208 114 99 196 106 156 3 81 205 81 156 2 207 116 0 32 3 4
252 230 199 95 156 34 71 189 82 179 227 210 83 97 153 47 89 198 32 174 121 242 205 42 56 38 229 4 227 249 240 32
73 128 194 213 4 162 105 19 118 1 199 86 209 3 144 108 112 140 46 156 155 152 197 195 204 174 178 64 173 128 112 32
168 157 56 122 221 221 81 143 219 21 36 24 190 221 66 32 129 58 147 16 114 110 122 183 111 221 21 123 210 8 196 186
253 64 117 69 68 90 231 56 97 226 114 72 83 17 149 247 120 212 100 106 233 180 125 12 55 170 97 0 103 187 66 36
24 5 75 172 22 66 103 120 36 4 202 3 87 71 32 80 120 252 13 234 72 147 1 12 241 165 162 0 32 170 36 98
97 34 69 133 108 73 97 64 108 96 242 204 215 2 128 242 106 196 110 12 1 242 197 64 148 48 34 16 76 8 67 240
32 34 65 165 76 11 160 64 44 40 242 234 147 18 128 64 106 140 110 8 8 242 197 64 148 160 35 48 97 8 67 160
32 34 72 169 108 9 224 72 111 32 240 205 131 137 20 16 200 140 110 12 12 114 197 208 148 176 163 56 93 136 90 128
64 48 39 141 78 6 41 88 110 64 194 71 212 135 32 98 104 204 106 132 129 211 211 192 149 32 138 0 57 8 53 178
81 32 46 237 12 14 169 72 238 0 210 130 221 142 48 98 110 221 123 141 0 211 215 208 213 41 138 16 21 136 49 160
32 32 78 141 76 203 161 72 254 160 224 138 196 192 36 52 122 236 106 8 0 243 207 80 20 50 3 41 81 8 103 164
48 34 78 137 76 11 224 72 134 164 242 203 195 129 100 0 104 140 110 128 8 243 207 208 148 128 131 57 117 136 116 128
41 32 70 137 79 3 160 72 86 128 240 2 192 195 160 196 120 140 106 136 3 243 79 209 20 34 131 32 55 136 120 164
96 32 73 129 76 9 224 64 109 36 242 139 195 8 20 80 104 140 106 132 4 242 197 64 20 48 3 40 101 136 102 198
17 16 15 141 10 218 48 72 164 192 198 167 208 214 162 102 106 100 234 132 5 209 167 192 214 35 163 1 38 140 37 244
174 45 98 66 225 45 255 87 121 10 253 24 26 169 180 61 202 158 87 30 240 179 128 230 119 24 0 192 71 213 226 161
64 50 3 129 74 12 40 80 110 104 242 99 148 150 128 112 106 141 110 128 129 211 221 208 149 48 171 50 9 0 35 148
244 101 108 78 142 3 199 248 193 190 189 42 83 105 253 39 88 212 76 106 232 99 173 44 248 201 229 188 119 251 246 33
17 32 7 141 12 14 161 72 174 168 210 66 214 147 0 70 104 196 110 136 9 195 195 208 148 176 138 16 8 8 49 160
180 199 195 62 156 35 71 249 80 174 169 216 67 97 185 17 25 198 4 110 232 103 44 62 240 134 101 60 241 251 214 96
66 171 140 19 203 216 190 134 170 245 6 165 172 230 70 74 135 119 235 212 22 72 235 241 79 19 95 235 130 85 141 95
71 166 133 145 172 43 140 136 26 179 147 252 192 96 221 239 85 198 124 190 187 64 207 80 140 18 239 252 140 249 153 36
49 34 3 169 88 3 98 88 118 204 242 238 67 194 224 68 120 204 38 12 143 242 239 27 156 134 163 44 121 136 32 213
114 32 90 129 108 11 113 64 47 160 240 43 6 158 100 80 234 157 238 128 12 99 211 208 148 144 3 59 65 8 102 134
16 34 195 5 70 11 99 72 118 160 98 130 195 193 208 196 122 204 98 140 1 242 197 64 20 164 3 0 97 170 107 160
2 0 134 141 75 27 168 72 190 160 194 131 204 226 96 98 122 221 123 141 4 211 143 192 149 34 203 1 20 36 33 6
217 69 115 37 50 122 111 119 125 66 254 214 95 6 146 244 54 141 94 236 233 149 53 79 244 237 34 128 111 150 163 120
64 50 23 141 9 77 32 64 174 224 226 108 198 130 66 210 232 196 234 0 13 99 219 80 149 48 3 58 72 8 7 18
137 27 104 201 60 242 75 83 68 68 254 36 179 3 183 96 88 44 46 88 203 179 117 159 214 253 162 80 30 138 116 112
9 8 120 201 60 251 73 90 78 108 254 4 179 129 179 96 90 8 14 24 131 185 117 144 198 153 34 80 94 138 92 121
33 32 67 129 70 11 226 64 109 0 250 202 136 200 180 196 122 140 66 140 1 178 197 192 20 60 131 40 101 138 123 132
64 0 7 133 76 11 96 72 62 176 194 10 194 161 64 64 113 236 106 12 0 209 207 20 28 2 197 52 16 40 16 128
17 32 6 5 78 11 160 64 230 160 226 2 199 192 0 2 40 196 106 141 0 241 133 92 156 2 7 0 97 8 99 128
48 68 18 140 79 67 149 104 137 140 184 10 4 154 37 22 232 145 74 99 72 35 66 220 49 16 10 59 81 42 38 130
4 172 6 23 152 135 164 232 246 178 130 76 224 224 36 3 25 102 106 176 33 193 11 60 56 2 77 84 201 32 32 6
80 2 132 77 14 10 160 40 126 160 194 194 195 32 0 66 113 68 106 40 0 240 205 28 132 162 99 16 40 104 81 0
100 128 157 30 203 64 6 232 118 19 192 24 112 240 72 83 81 78 104 34 51 67 207 55 25 38 69 45 81 112 171 130
73 34 136 165 72 10 98 8 118 160 194 200 211 227 64 80 88 204 106 153 8 210 199 2 204 231 175 8 32 32 50 0
114 160 4 136 13 75 0 200 134 176 128 138 194 194 64 68 73 132 106 144 10 67 75 17 157 2 141 63 16 8 20 6
114 71 24 140 79 7 146 97 9 36 184 11 2 8 36 16 200 149 195 163 72 35 65 206 49 180 138 59 81 10 126 138
48 32 134 165 13 143 160 72 174 172 160 9 134 128 64 2 232 108 106 1 8 241 216 80 157 16 7 51 64 8 83 130
114 39 26 140 89 7 146 105 139 172 161 9 6 130 36 144 216 181 203 97 72 3 210 94 177 16 9 63 80 10 46 130
98 49 2 0 93 207 162 64 172 33 171 9 6 144 44 144 216 165 202 97 12 163 208 93 145 52 8 59 72 14 58 22
113 7 205 101 130 58 71 55 96 226 250 202 243 32 144 179 88 198 108 174 249 248 229 8 180 235 228 16 109 250 210 40
217 138 200 113 20 138 99 18 118 1 102 208 211 3 144 120 115 140 44 152 27 188 197 3 204 175 178 64 172 128 80 40
96 34 88 229 108 9 232 16 105 40 242 204 223 9 148 18 234 197 110 8 9 114 193 192 84 184 34 48 77 128 67 161
129 224 89 121 48 136 105 21 126 1 70 208 189 131 208 121 50 8 14 156 35 220 133 81 196 168 50 64 44 128 3 40
6 172 172 51 145 172 54 175 190 223 71 21 236 226 74 89 145 107 161 23 54 88 155 119 109 22 95 71 128 85 141 70
245 95 222 62 146 42 71 248 114 226 234 236 115 112 171 49 19 230 100 106 237 247 13 63 240 167 101 20 233 243 106 17
116 229 97 78 219 19 198 232 65 160 168 202 99 104 156 148 56 198 76 110 201 35 237 63 56 12 5 60 113 190 210 44
162 49 18 140 9 141 144 64 142 164 129 8 134 146 97 6 200 49 202 98 72 3 82 152 145 16 11 59 16 42 9 138
6 186 149 145 169 225 20 142 190 179 128 113 132 246 65 14 133 119 232 16 50 73 203 112 141 18 95 127 144 117 143 151
3 184 4 186 201 185 176 207 158 113 128 255 172 142 102 136 205 11 250 21 150 75 94 241 156 81 30 255 152 12 153 222
98 48 18 28 89 205 146 104 168 0 185 9 102 216 44 144 152 177 195 99 72 35 18 79 145 52 2 59 81 43 79 130
120 34 48 96 45 29 64 88 107 172 180 9 139 11 84 16 200 132 76 8 140 99 210 144 211 217 1 59 98 132 70 2
225 34 202 209 4 136 96 18 116 1 66 214 147 129 208 104 88 172 44 156 154 188 197 0 140 233 178 64 173 137 112 32
129 162 75 177 48 138 104 17 118 1 67 208 145 130 216 120 115 136 6 156 154 156 5 83 196 141 186 192 44 129 243 160
50 34 18 184 25 141 16 64 141 172 129 9 134 194 99 132 216 185 206 1 12 3 82 216 145 144 11 59 16 10 13 6
0 0 14 153 76 147 176 72 214 4 214 35 224 194 34 64 248 40 170 0 6 243 10 221 86 35 139 11 16 8 57 134
37 162 217 201 222 11 224 200 86 160 240 106 211 129 192 16 89 204 102 28 10 114 207 27 92 142 37 60 245 136 66 128
73 50 152 100 32 12 80 16 105 168 54 109 223 51 64 146 134 69 236 12 140 96 193 0 195 249 33 144 72 160 74 3
40 184 26 218 107 217 176 199 139 81 228 56 190 150 36 180 203 59 202 0 19 107 210 241 85 177 18 123 80 8 143 171
50 112 18 152 9 205 144 65 137 12 241 13 134 216 36 132 152 41 194 33 8 39 210 200 145 144 10 59 88 46 43 134
5 177 189 67 244 109 225 157 74 61 55 24 214 17 220 47 145 30 86 56 147 112 121 17 77 152 53 116 192 202 213 225
120 34 144 108 45 29 80 24 107 188 180 77 143 3 66 82 193 196 236 12 14 99 203 17 211 249 37 61 66 140 78 3
253 64 87 69 70 74 103 112 97 162 242 74 83 21 149 247 58 212 100 106 105 180 53 8 55 170 97 0 99 179 70 160
118 103 230 5 160 2 111 120 33 172 222 235 67 100 147 87 124 196 237 239 204 147 205 8 114 32 237 133 101 247 118 68
86 162 168 176 169 225 25 203 171 63 129 189 140 143 74 26 167 147 237 149 26 71 138 208 217 80 219 255 144 69 167 67
98 0 7 188 79 199 161 72 150 128 192 11 196 210 96 64 248 237 106 133 6 83 219 209 149 32 139 42 16 8 49 134
86 48 154 240 11 228 17 2 171 147 165 24 158 150 65 126 167 181 253 144 27 71 146 192 153 242 90 123 136 65 47 55
33 66 73 249 52 170 97 20 116 1 102 208 179 1 128 120 80 172 46 24 11 156 101 12 196 175 178 64 180 136 80 40
242 3 19 152 25 233 82 72 143 4 169 9 46 194 45 212 152 177 206 98 14 3 66 221 145 16 0 59 16 11 12 6
64 32 86 129 78 11 96 64 109 160 242 74 206 130 64 16 42 133 110 0 8 243 193 64 148 160 35 32 104 8 75 0
241 171 204 37 134 10 103 53 97 224 190 206 115 33 210 19 56 230 108 110 217 250 197 40 252 169 229 16 111 250 82 8
222 112 147 248 11 224 24 66 171 147 129 57 15 151 65 94 227 145 253 145 11 71 146 128 153 241 218 251 130 69 39 50
88 34 152 161 40 13 81 16 47 172 182 13 223 3 66 18 133 197 108 12 8 96 201 0 203 241 37 49 64 128 79 3
89 85 87 69 22 94 110 48 100 192 250 70 83 48 181 229 114 196 60 234 205 176 53 76 54 234 230 0 111 242 104 36
125 69 196 5 142 58 70 184 64 226 170 174 67 96 153 134 89 198 108 110 73 226 205 8 184 231 197 20 239 251 88 0
83 48 23 129 10 14 168 64 44 32 242 66 223 146 0 228 102 21 110 136 1 209 149 192 149 160 139 0 8 0 33 160
66 241 189 19 170 212 188 143 170 245 134 49 148 191 76 74 135 87 249 213 18 73 155 97 47 51 94 255 128 80 173 126
173 126 90 122 236 45 255 115 56 46 245 124 158 147 162 25 143 75 87 106 176 47 192 118 119 217 50 120 82 201 207 163
96 32 69 169 78 11 160 72 54 160 210 202 211 144 64 192 120 156 106 129 9 242 199 208 148 0 139 8 53 8 112 160
185 6 48 235 180 191 79 86 93 42 223 82 179 1 177 101 217 42 30 42 186 190 97 190 243 221 178 144 150 217 244 41
129 19 85 235 106 129 184 16 136 16 49 244 188 147 236 11 206 19 34 78 65 3 2 208 68 152 122 40 92 138 161 169
209 68 99 123 244 58 110 119 117 74 243 212 91 39 144 117 127 207 30 174 253 190 61 238 242 254 182 128 103 213 231 109
104 34 68 161 108 11 97 64 118 160 242 226 211 3 144 192 122 140 110 140 0 240 197 144 212 163 163 0 52 136 121 128
65 32 106 129 72 72 105 64 110 36 230 0 151 130 2 112 104 140 110 140 8 211 229 208 213 184 139 17 1 0 99 224
166 63 106 88 252 59 236 247 249 31 124 124 0 168 181 185 219 251 151 57 177 250 102 110 54 31 244 207 205 89 254 189
32 32 67 129 78 9 224 64 108 32 242 203 131 136 20 0 106 140 106 5 8 243 197 192 20 32 131 40 101 8 83 160
125 119 233 110 140 23 79 248 64 226 169 206 83 104 121 163 125 196 88 239 237 99 191 42 187 201 197 60 121 251 242 48
2 33 26 136 9 169 144 64 142 32 128 13 142 194 99 4 200 33 203 33 14 3 210 80 144 16 10 63 24 12 43 134
48 32 69 137 13 19 160 72 86 160 226 130 193 194 148 196 88 140 106 136 8 242 79 144 148 226 131 16 55 12 113 132
66 249 180 19 203 204 183 135 170 53 10 49 172 182 74 78 167 87 235 81 82 73 219 113 45 16 30 111 128 85 135 111
133 64 81 249 50 138 104 144 126 1 114 214 159 3 176 232 55 9 14 156 147 180 37 83 140 172 50 64 188 129 1 160
252 115 204 102 142 3 199 248 66 182 181 238 83 65 253 19 124 196 108 234 232 103 207 40 248 201 229 188 125 251 114 33
117 207 109 110 158 67 71 248 64 232 156 106 115 121 153 50 24 198 124 107 253 163 45 62 250 175 165 156 101 251 246 97
74 249 164 19 137 204 185 142 174 125 130 145 172 238 78 198 133 87 235 213 86 73 203 241 77 18 223 251 130 4 133 95
66 233 17 18 137 217 50 142 175 61 128 41 172 134 68 198 129 83 232 81 86 73 203 113 189 16 31 127 16 21 135 110
105 6 77 85 48 187 106 50 124 99 110 220 243 33 144 177 19 166 76 44 177 188 101 31 164 175 48 16 230 200 82 40
181 207 199 94 188 35 71 248 18 174 185 252 67 97 185 17 29 230 68 110 232 103 44 62 248 142 101 188 245 251 210 113
184 71 95 236 18 66 71 120 37 4 238 2 83 67 32 81 120 212 15 234 104 147 49 12 241 160 160 0 35 186 100 96
96 34 0 169 108 13 64 72 79 32 176 73 135 72 20 80 200 129 111 1 8 99 195 208 149 152 131 56 80 8 82 128
48 166 11 153 92 3 226 200 86 0 240 194 81 194 176 96 121 136 2 140 42 242 79 223 124 134 163 12 117 136 112 160
18 0 7 201 77 135 168 72 254 0 210 2 192 202 52 68 248 172 107 137 0 227 147 212 149 50 139 26 17 8 113 134
17 0 67 97 16 170 105 18 116 1 226 86 211 3 144 248 120 140 46 156 155 184 101 66 132 174 178 64 233 129 96 32
148 79 60 251 188 219 158 164 204 60 151 22 247 72 59 99 194 83 93 99 253 193 125 60 226 233 238 209 60 25 153 3
245 215 201 38 158 7 78 248 82 226 190 206 83 105 153 48 63 198 92 239 237 227 221 62 250 175 165 52 109 251 250 17
188 169 238 211 31 185 75 202 206 181 140 18 63 210 123 98 107 254 59 220 10 207 159 243 219 9 143 117 55 9 17 170
51 34 66 137 95 27 226 72 109 32 250 202 8 200 52 132 120 140 202 140 5 179 133 194 52 52 131 43 79 14 123 132
81 48 19 129 9 76 160 64 238 96 226 7 140 130 0 84 98 141 106 128 5 193 209 208 149 176 10 50 72 0 35 178
66 248 16 26 91 201 18 138 170 21 128 41 172 214 69 208 131 147 232 83 6 11 202 117 185 52 11 127 16 5 7 79
102 42 140 81 172 57 140 139 138 191 151 153 128 169 213 142 129 102 233 28 18 107 207 192 206 18 255 253 130 249 219 0
92 156 157 244 187 90 22 170 154 182 138 33 207 254 41 195 151 85 253 32 104 65 59 159 171 247 79 23 144 106 5 127
32 34 73 169 108 11 232 80 108 32 242 226 151 2 144 192 106 140 110 8 8 243 197 64 148 160 35 48 68 136 67 160
65 0 7 205 76 6 41 72 44 8 194 66 212 146 32 114 104 221 122 136 1 211 211 192 149 32 138 0 8 0 33 160
254 100 132 183 139 38 84 168 131 178 130 31 207 106 75 219 193 199 237 247 60 67 219 168 185 227 205 23 170 117 152 6
80 34 14 205 13 11 97 72 238 36 230 2 194 130 2 114 104 196 106 8 8 243 195 192 213 33 131 17 0 8 125 34
48 39 10 169 22 219 162 72 6 164 248 199 195 200 34 192 248 169 142 225 12 179 93 158 176 197 171 57 121 10 121 130
125 47 197 101 142 19 78 125 64 226 184 206 83 32 213 179 28 198 92 238 237 115 253 8 186 201 229 180 111 250 90 12
96 34 64 169 108 9 224 72 47 36 240 205 135 0 2 144 72 140 110 4 12 114 199 208 148 48 35 56 73 8 90 128
97 50 73 161 108 73 97 80 109 96 242 236 151 2 144 116 106 140 110 140 1 114 245 192 148 176 170 16 76 136 67 176
68 176 149 31 139 66 4 232 246 179 192 56 228 240 72 66 17 94 104 35 38 67 203 49 73 34 69 126 80 96 163 130
120 32 64 165 64 10 99 88 54 160 106 192 215 131 64 80 120 204 34 136 8 210 197 2 212 229 167 32 34 130 82 128
114 32 6 136 73 79 0 72 142 184 130 8 194 130 100 80 201 132 106 0 12 67 203 16 157 18 141 63 16 8 20 6
5 16 147 251 104 5 185 80 142 25 113 228 188 211 232 43 206 17 54 14 195 16 138 225 68 152 106 170 24 217 33 161
16 40 134 23 79 143 32 66 174 172 194 14 198 208 98 2 160 108 106 8 32 249 147 44 157 2 5 35 64 40 51 130
18 44 16 154 25 237 82 66 143 12 136 9 174 198 35 148 136 163 205 3 14 11 90 127 145 20 8 59 16 5 7 94
54 0 112 225 151 74 82 96 93 4 242 3 10 9 52 208 250 129 5 160 44 176 17 206 147 222 0 71 117 136 104 6
248 65 87 109 66 74 103 120 37 164 230 138 83 7 161 85 120 212 77 234 104 147 97 12 241 170 225 16 99 178 102 96
4 174 158 21 184 207 54 162 190 250 66 41 228 224 67 15 129 110 104 20 32 217 138 42 44 22 85 51 128 120 17 27
37 188 248 83 208 141 243 222 118 241 108 28 240 225 222 56 17 106 2 24 178 248 126 119 110 14 53 105 219 194 202 218
117 165 204 4 218 18 70 184 67 160 142 142 67 96 91 18 81 196 108 126 28 131 205 14 250 45 165 28 229 250 90 0
164 70 16 219 180 175 78 166 93 43 243 112 247 105 189 89 217 250 14 106 184 182 73 62 164 190 54 80 144 219 208 8
199 206 71 215 244 42 110 164 124 10 115 80 208 123 157 121 249 231 22 238 233 246 77 110 180 62 246 128 196 243 226 169
97 34 88 197 108 9 224 64 107 160 240 234 151 9 212 18 74 204 70 9 0 114 197 192 84 152 35 32 77 136 66 128
98 186 0 184 203 165 153 207 143 53 128 189 172 138 106 14 207 11 203 149 22 75 218 241 220 16 30 255 144 12 141 219
32 32 92 233 78 11 224 72 86 176 240 138 145 129 208 16 91 204 98 24 0 242 205 144 92 136 167 36 117 136 82 160
133 237 19 251 176 173 174 199 61 35 104 112 150 123 136 8 191 91 91 74 114 180 73 115 164 156 6 98 200 217 131 129
165 173 250 90 214 185 190 239 120 3 100 158 113 236 63 40 255 107 18 22 181 190 62 38 126 143 94 104 197 216 251 152
21 66 89 35 22 138 104 16 124 64 114 198 155 3 145 121 50 136 14 220 131 176 5 112 132 169 50 64 109 128 73 0
86 84 157 223 44 100 177 138 174 191 155 51 212 126 45 107 229 85 125 3 0 69 123 96 129 182 91 22 144 121 37 87
245 103 238 5 196 14 111 56 33 172 218 199 67 32 147 83 124 196 77 239 236 242 141 12 116 40 229 128 101 247 114 68
86 162 160 176 169 161 25 203 171 55 129 185 140 175 106 154 167 147 233 149 18 79 138 208 153 80 159 255 144 69 167 98
129 2 67 99 52 170 99 16 116 65 106 208 211 3 144 116 88 160 46 156 187 156 101 126 228 174 178 64 172 131 112 32
64 34 86 165 74 138 104 64 172 32 226 66 221 130 0 80 98 173 106 136 1 241 129 64 148 160 35 0 104 0 35 128
245 207 197 126 156 38 79 188 82 250 189 220 83 97 217 48 93 198 52 238 251 98 111 63 232 142 229 188 255 251 242 33
64 34 67 161 76 9 225 64 44 32 242 202 135 1 16 64 104 140 106 137 1 242 213 192 149 32 131 0 101 8 115 160
66 241 169 144 184 200 184 143 174 125 134 49 148 190 78 66 133 87 121 145 82 73 235 113 249 17 159 255 128 0 141 123
234 116 19 140 73 217 150 104 142 134 169 41 174 214 37 149 216 177 202 35 100 39 18 223 177 20 11 59 80 46 39 6
65 32 23 129 12 14 232 64 108 32 242 66 221 2 128 240 106 141 110 140 1 209 197 64 148 160 171 0 8 0 33 160
65 34 72 161 108 9 97 16 108 36 242 236 151 0 144 80 74 140 110 140 8 242 197 64 212 176 163 16 76 136 99 160
81 85 87 69 6 86 110 48 101 224 250 66 83 50 181 245 114 196 60 234 205 177 53 76 50 234 230 0 111 250 104 36
248 67 109 182 45 64 93 36 129 214 134 187 127 47 59 91 192 213 253 231 104 71 162 160 211 227 252 153 38 61 54 90
66 176 19 218 203 249 48 79 171 113 161 56 140 150 76 190 163 147 234 16 23 75 154 209 217 144 26 127 216 0 143 151
178 28 82 220 93 233 80 66 141 4 241 27 46 218 37 157 200 177 134 0 60 35 82 142 147 208 0 27 81 44 76 6
73 2 95 227 52 170 99 18 124 1 110 228 247 3 184 112 83 38 44 28 3 184 101 126 236 191 50 64 164 131 97 32
32 32 5 169 78 11 160 72 54 32 210 74 211 128 64 68 120 140 106 136 9 242 199 208 148 128 139 0 57 8 49 164
80 32 30 205 76 10 48 72 238 32 226 3 196 131 32 82 104 204 106 128 4 243 211 208 214 161 130 17 24 8 57 130
50 4 19 172 29 67 86 104 25 38 241 10 14 184 36 148 216 149 198 35 104 163 64 206 177 176 138 31 81 58 38 6
104 34 69 137 76 11 97 88 118 164 242 226 211 3 128 84 120 140 110 136 8 240 69 208 212 160 163 48 55 138 112 160
254 120 155 184 11 96 88 194 171 215 129 185 142 151 65 223 199 209 253 144 11 71 210 192 147 211 222 191 130 117 47 50
101 172 149 150 157 38 134 172 210 179 0 18 64 240 109 111 209 78 32 55 62 82 155 191 41 6 221 110 144 121 176 4
50 6 18 172 77 71 214 96 25 38 242 27 66 24 44 20 248 149 199 35 40 179 80 206 177 182 128 19 81 8 246 6
25 2 69 169 13 27 96 8 126 160 194 192 195 2 128 224 120 140 110 136 12 240 207 156 132 243 171 17 20 8 81 4
66 249 145 144 153 205 147 238 170 61 136 41 172 150 76 150 133 91 235 81 82 75 218 115 189 20 31 127 130 4 135 111
34 32 7 185 79 195 160 72 150 8 224 3 4 210 32 212 248 172 106 129 0 211 194 208 21 32 139 43 16 8 50 134
226 36 26 156 89 207 146 96 138 36 169 13 134 194 42 17 216 181 202 35 36 3 210 94 177 20 11 59 16 10 15 130
102 52 26 152 89 173 146 64 169 4 161 9 70 208 46 144 216 177 202 33 44 163 82 94 177 48 8 59 88 15 10 6
218 20 148 148 139 71 148 171 137 182 130 155 78 38 69 143 133 213 233 35 108 71 219 136 153 210 95 55 2 124 13 30
54 16 18 188 9 205 144 65 137 0 241 9 142 216 34 148 216 185 196 35 76 39 82 153 145 240 10 59 88 46 15 135
214 48 146 248 11 244 16 2 171 211 161 24 158 150 65 126 167 181 253 144 31 71 146 192 153 240 90 123 136 65 47 22
121 135 205 101 6 26 103 55 96 226 250 202 243 32 144 51 88 230 108 238 217 184 229 13 228 235 228 0 101 234 210 40
50 72 16 158 41 205 82 64 141 132 161 9 38 202 37 20 200 185 198 2 76 3 82 253 147 144 0 59 16 42 14 6
129 42 74 177 36 138 105 16 116 1 70 244 145 131 144 120 89 136 14 156 155 156 69 83 196 157 178 64 12 128 242 128
244 64 247 69 70 74 231 80 97 166 247 66 83 39 133 191 122 212 100 234 233 180 245 8 55 170 97 0 99 243 102 160
133 160 181 67 164 127 225 153 78 121 51 120 214 88 220 46 147 20 54 59 147 112 109 145 13 152 37 228 212 138 213 229
114 120 16 26 89 201 18 202 171 16 160 9 46 222 5 208 129 187 205 67 78 11 90 125 145 48 24 59 16 5 15 14
8 2 22 191 79 131 176 72 150 144 194 131 228 193 32 192 217 106 170 0 6 243 14 189 84 34 67 9 48 8 57 130
70 162 132 17 172 173 136 3 170 191 131 89 134 168 84 10 129 38 109 29 22 73 203 192 140 18 95 127 192 76 223 5
201 130 88 123 22 138 107 19 126 3 103 208 251 3 144 121 115 172 12 28 35 188 5 127 196 239 50 64 188 128 209 32
137 170 74 241 52 138 106 16 126 1 114 244 147 129 240 232 211 12 14 28 147 188 5 147 140 253 178 64 140 129 120 0
102 56 18 188 89 205 146 104 169 0 177 9 230 208 33 148 152 177 202 35 6 35 82 93 145 48 10 59 80 47 15 134
9 98 65 123 48 138 105 21 126 3 103 208 191 3 144 121 51 40 14 28 35 148 37 93 196 255 178 64 190 128 67 40
73 14 79 69 20 187 107 50 109 35 110 204 243 33 144 52 18 166 108 44 177 184 101 15 230 191 112 64 239 130 82 40
194 233 16 18 9 221 18 142 175 52 128 9 174 134 69 212 129 19 233 83 70 73 202 117 137 16 31 127 16 20 15 110
50 0 18 156 9 205 144 72 141 164 161 9 134 210 35 4 216 49 202 33 12 3 82 216 145 144 11 59 16 42 7 134
164 204 131 18 192 38 71 166 16 59 73 93 114 100 41 93 209 78 0 126 121 214 24 47 41 6 213 100 128 123 148 56
253 106 237 101 142 83 207 157 66 226 180 238 83 8 215 171 91 196 124 239 237 118 237 10 246 203 229 180 127 250 90 124
87 163 129 129 186 11 8 137 42 177 129 252 210 2 204 150 23 133 108 177 91 67 205 80 188 20 143 252 140 34 131 4
80 32 42 201 12 8 105 64 108 36 226 2 222 130 0 80 104 141 110 136 8 211 193 192 213 176 138 17 0 0 101 34
81 0 7 205 76 2 160 72 172 0 194 66 208 146 160 242 104 196 106 136 9 211 195 192 148 170 138 8 0 8 33 32
225 143 78 111 36 10 111 49 104 2 119 236 247 33 146 83 18 230 108 110 240 184 197 45 230 251 96 144 100 170 211 32
197 237 189 18 242 61 22 239 88 115 44 153 118 116 205 63 151 91 64 110 244 111 44 47 123 18 85 62 208 113 131 253
1 131 153 249 34 1 189 208 14 26 112 192 157 131 240 11 6 25 22 78 195 80 14 208 196 217 122 236 92 136 1 129
63 183 179 74 253 127 215 255 29 79 252 172 74 253 191 52 221 218 215 62 252 187 122 170 123 221 5 255 211 254 254 255
162 1 18 128 205 73 160 68 168 16 176 11 140 130 101 138 232 3 202 81 4 11 130 192 17 16 10 123 144 12 43 142
245 60 214 54 147 15 22 96 48 170 234 10 66 112 1 17 53 252 224 34 104 251 25 46 185 38 69 22 225 122 98 3
112 32 2 128 13 89 96 64 239 32 162 8 206 130 16 212 104 132 110 129 12 99 215 208 148 48 3 57 65 12 106 6
96 34 88 197 108 9 104 0 105 32 242 200 147 3 148 18 42 204 110 12 8 114 197 64 20 184 34 48 76 136 66 128
3 168 165 17 201 249 160 207 254 113 0 216 172 172 220 174 137 75 226 21 151 120 174 241 13 80 31 111 198 84 151 236
98 186 8 184 201 141 184 207 143 53 148 191 172 138 106 8 141 139 219 21 22 75 218 241 93 16 30 251 144 12 143 218
178 28 16 158 121 201 18 65 155 12 177 25 46 206 36 148 136 179 197 2 46 43 90 255 177 144 16 59 80 76 14 94
32 34 73 129 78 11 225 72 86 164 112 202 211 129 208 16 122 204 98 8 8 242 207 16 92 128 167 32 117 136 82 160
117 103 110 5 132 14 111 112 32 172 250 207 67 32 147 19 60 196 101 238 200 241 141 12 52 40 229 128 101 183 114 64
178 28 16 190 73 205 144 97 137 12 225 25 46 222 38 149 200 177 198 1 12 47 82 191 145 208 10 59 81 46 15 134
69 7 95 233 52 170 107 18 108 9 126 228 223 3 176 112 86 4 46 60 147 184 37 95 236 189 34 192 148 130 97 33
81 85 87 69 22 22 110 48 96 192 250 66 83 50 149 241 114 196 60 234 237 177 181 76 180 169 230 0 45 178 120 36
102 162 145 144 201 225 24 75 171 63 129 185 140 135 108 158 165 147 235 144 18 75 170 208 153 16 159 255 144 68 167 98
97 184 18 154 45 141 176 71 206 17 224 29 182 144 32 64 192 35 106 5 2 107 210 241 197 48 26 58 88 8 209 138
17 0 79 237 30 66 96 88 118 0 194 194 209 227 176 96 120 204 42 168 9 208 95 93 212 162 227 4 61 136 112 160
65 34 87 133 70 138 168 64 124 32 98 198 205 194 0 68 50 236 106 140 0 208 133 192 20 32 2 0 105 128 35 132
54 8 16 190 109 205 86 106 131 6 240 9 46 217 35 148 200 187 197 3 78 47 82 187 147 240 0 59 114 45 14 134
54 12 80 190 41 205 86 65 141 6 233 9 46 222 37 148 200 185 196 2 12 35 82 169 147 208 0 59 80 126 76 134
1 6 78 107 52 170 107 50 108 65 127 228 211 3 144 112 147 0 14 60 163 184 37 31 230 255 162 192 220 130 113 0
54 24 16 188 9 237 144 72 139 4 225 9 174 210 35 148 136 177 198 3 12 35 82 221 145 176 10 59 80 47 15 134
9 2 91 105 52 138 107 16 126 65 118 212 191 64 184 112 19 8 14 28 131 180 37 90 142 253 50 64 220 138 97 33
254 66 165 182 45 64 93 98 129 158 129 155 47 237 67 219 193 213 237 7 108 71 138 160 211 243 223 187 38 61 55 66
66 176 26 154 139 233 176 207 171 113 161 56 142 214 76 186 163 19 234 16 23 75 154 81 153 144 26 127 216 0 143 151
73 134 103 71 52 42 107 50 108 65 122 204 243 33 148 48 18 230 108 44 177 184 101 47 166 255 32 64 239 162 82 32
50 16 18 156 9 205 16 65 141 132 225 9 142 210 38 148 216 185 206 32 12 3 82 200 145 144 9 59 16 46 15 134
82 168 16 26 9 221 18 202 175 52 128 9 174 134 71 148 129 59 204 67 78 75 218 125 153 16 27 59 16 5 15 14
18 34 6 152 77 139 160 72 174 8 210 98 196 210 32 196 232 172 106 128 0 243 3 208 149 50 139 11 16 8 53 166
9 2 215 123 48 170 107 16 127 3 103 212 251 67 152 124 51 44 14 156 131 148 37 95 198 255 50 64 254 130 97 32
65 134 73 123 52 138 107 18 127 3 103 208 243 67 152 120 115 140 44 60 35 188 69 127 228 239 178 64 236 131 192 32
54 40 26 184 89 201 16 72 157 4 225 9 78 216 39 16 216 185 198 35 14 3 82 93 145 48 8 27 80 46 14 6
16 34 133 5 11 11 32 72 126 160 226 192 195 160 196 196 56 76 106 12 0 208 77 28 140 226 7 18 98 44 83 132
13 160 241 195 164 123 227 152 122 240 51 88 215 24 220 174 19 68 92 123 177 244 237 128 12 152 33 100 230 235 82 37
214 120 146 184 11 244 16 2 171 147 161 24 142 150 69 254 227 181 253 144 14 71 146 192 145 240 90 59 136 81 43 23
54 4 18 152 25 205 147 96 155 36 225 9 238 214 47 149 216 177 198 99 44 3 82 221 177 176 9 59 80 47 15 134
16 2 6 189 30 131 32 72 22 32 194 231 193 193 32 192 123 108 42 32 46 241 79 157 148 226 67 5 60 8 40 128
88 21 28 174 27 71 95 48 132 56 157 43 95 63 32 83 204 145 221 227 121 3 88 12 243 193 232 153 56 58 12 51
66 162 148 17 173 173 160 7 174 189 3 93 142 160 64 142 129 6 106 29 18 73 203 81 141 18 93 126 128 76 219 11
50 0 118 224 5 70 112 66 117 36 242 3 11 9 52 68 248 132 133 160 12 179 17 192 147 250 128 7 103 12 124 6
50 4 18 140 13 79 84 96 153 38 240 11 78 176 44 149 216 181 198 33 40 179 80 204 145 178 74 23 81 44 38 6
66 188 16 154 57 221 18 234 187 60 128 9 174 150 71 149 129 123 202 65 102 75 218 247 185 16 31 63 18 5 15 79
50 28 18 188 9 221 150 104 159 142 161 9 238 244 35 149 200 185 206 3 46 35 90 221 177 208 1 59 80 46 15 7
192 248 184 177 56 205 177 142 170 61 134 25 180 158 74 66 129 87 121 81 70 77 251 51 237 129 63 125 0 16 159 74
20 145 156 181 160 110 21 143 50 191 66 17 215 63 74 75 213 87 45 17 56 216 211 0 233 167 127 85 160 112 133 82
132 85 29 235 176 15 39 184 36 168 75 64 213 87 9 96 55 93 26 122 65 144 25 62 237 132 47 132 24 115 33 177
194 4 180 213 129 50 52 167 90 183 74 16 196 51 0 79 145 94 161 145 48 220 1 226 77 54 223 71 128 112 189 2
82 4 174 164 25 119 16 42 142 189 139 9 239 126 10 130 129 117 253 33 12 193 91 12 235 227 111 19 0 38 13 26
194 96 132 183 9 72 148 39 171 183 131 153 226 172 70 143 129 117 233 7 44 69 215 160 149 242 223 19 130 124 159 30
70 44 148 145 139 114 144 139 158 179 130 145 204 54 71 207 67 87 232 145 54 69 219 80 141 18 223 119 144 117 137 6
39 164 240 90 249 27 222 237 223 163 237 136 75 252 60 52 159 219 211 62 54 99 94 190 127 223 5 127 215 255 202 166
132 92 61 215 40 111 173 186 172 250 147 81 212 87 9 75 7 85 123 35 97 197 91 108 69 2 127 148 16 113 37 179
119 174 199 22 158 3 142 232 82 162 194 202 115 224 221 161 31 238 96 63 173 227 207 63 56 46 205 84 237 248 122 4
228 205 132 23 213 38 70 167 19 179 42 17 98 97 77 15 145 102 32 82 122 220 91 47 47 22 213 70 224 121 208 14
164 204 132 23 224 34 6 174 18 179 73 24 116 112 169 25 145 90 0 58 112 212 74 43 40 6 85 68 128 123 144 40
213 205 128 22 146 34 6 174 146 130 9 82 102 96 41 6 49 98 0 110 112 9 8 47 40 38 69 86 184 123 176 4
1 3 81 243 36 139 108 16 126 80 114 196 153 67 176 105 50 40 14 222 195 176 5 208 132 152 34 0 60 146 97 128
46 133 228 250 223 153 222 237 223 3 233 139 105 233 60 100 91 251 243 189 54 43 94 255 127 94 149 123 247 254 208 134
103 168 150 22 205 5 132 232 222 178 2 8 96 240 77 139 209 110 106 55 38 65 219 61 13 18 77 126 128 120 24 132
149 141 164 95 147 190 134 174 118 146 74 16 227 96 25 101 49 110 40 110 116 200 31 63 107 46 69 1 227 115 129 12
181 237 156 86 138 43 150 236 210 178 169 187 114 116 137 59 29 246 96 102 120 103 78 47 120 7 101 60 241 123 130 2
119 162 193 161 152 11 72 9 107 176 131 252 199 66 216 182 19 141 108 181 217 82 205 132 152 208 141 246 172 38 146 4
245 231 201 14 138 99 70 248 83 178 169 88 83 225 105 59 17 198 76 122 125 103 159 58 186 134 69 60 249 243 226 4
134 140 148 151 201 164 54 167 218 147 2 17 236 98 73 159 129 119 224 18 54 204 219 111 45 50 95 67 128 113 137 142
17 67 88 217 6 138 105 144 124 64 122 196 223 3 145 104 50 168 14 206 195 176 13 82 132 172 34 4 125 146 81 0
116 166 207 22 156 67 71 232 82 226 138 78 83 240 89 59 89 230 96 170 121 243 223 46 249 38 229 52 237 120 118 34
214 98 165 180 9 96 88 66 139 151 129 155 14 175 67 159 197 213 253 21 42 71 130 192 147 242 219 187 130 125 55 118
182 28 80 190 105 237 80 67 159 6 241 25 46 216 38 148 200 179 132 3 46 47 90 191 145 210 16 59 113 76 76 142
65 71 31 107 52 138 107 48 108 8 127 100 223 67 184 113 182 5 46 124 161 176 33 127 236 191 34 192 88 131 97 33
178 28 16 190 105 221 80 110 147 6 240 9 47 159 35 148 136 179 197 0 46 47 82 187 147 242 80 59 114 12 14 206
58 28 16 190 9 205 86 66 157 14 232 9 47 222 39 148 200 179 199 3 46 47 82 187 147 208 16 59 114 13 76 158
0 34 6 137 76 11 160 72 62 32 194 98 192 194 160 68 120 12 106 128 0 243 3 80 148 34 131 2 16 8 57 132
65 7 95 107 52 170 107 48 108 65 127 100 215 99 186 113 182 4 46 124 177 184 45 93 238 255 34 64 220 130 97 1
184 71 79 237 66 11 103 120 37 36 238 130 83 35 32 81 120 196 47 238 104 147 65 12 241 170 225 0 35 186 116 96
182 8 16 190 73 237 82 74 155 12 225 9 46 218 39 148 200 179 196 3 46 47 90 191 145 240 8 59 81 93 14 134
65 6 95 107 52 170 107 18 110 65 127 196 223 2 176 112 23 4 14 60 163 176 45 127 238 255 34 64 220 131 97 33
65 135 111 105 52 170 107 58 108 65 126 196 219 99 156 112 50 4 108 60 179 184 37 95 238 255 34 64 236 130 67 32
16 2 7 173 10 3 32 72 22 48 194 199 65 195 32 64 121 76 42 132 14 209 79 157 148 34 131 4 56 136 32 128
242 184 16 178 9 205 18 238 187 61 128 9 174 150 78 148 129 155 205 65 78 79 218 247 153 208 29 63 16 5 15 94
182 56 16 186 9 205 82 72 187 44 161 9 46 222 39 148 136 187 197 3 14 15 90 255 145 208 1 59 80 7 14 70
37 32 241 65 164 123 227 152 120 242 51 74 211 24 221 175 59 212 94 122 153 244 237 8 13 136 37 68 229 235 82 36
214 112 144 184 11 228 16 2 171 147 160 24 142 150 69 255 199 149 253 144 15 71 210 192 145 240 90 59 152 81 47 23
69 6 77 107 52 170 107 18 124 65 127 196 215 67 152 112 83 132 44 60 171 180 37 127 236 255 178 64 252 131 64 32
73 135 111 111 52 42 107 50 96 64 123 236 243 97 152 115 26 198 108 110 249 184 229 13 236 235 96 192 108 162 82 112
186 4 86 224 133 102 208 70 85 38 242 19 75 153 44 212 249 135 133 161 44 179 17 194 147 216 146 7 99 76 124 14
52 98 252 69 66 42 99 216 97 166 247 138 83 33 133 62 58 212 68 122 136 246 229 8 69 168 97 4 227 243 70 160
65 162 150 17 173 173 176 3 174 185 131 93 142 176 76 158 161 39 106 29 22 73 147 65 141 18 95 122 128 68 139 7
114 248 24 186 57 221 18 238 187 53 128 9 166 158 71 21 137 155 204 67 110 75 90 125 153 145 25 59 80 5 15 95
182 24 28 190 72 205 82 96 139 140 241 9 102 252 39 16 200 177 198 3 12 39 90 30 145 243 65 59 80 42 14 67
218 1 6 180 9 94 16 32 172 53 138 9 207 62 10 219 160 215 237 97 28 201 211 5 153 227 74 83 0 7 157 6
210 96 132 151 9 120 32 6 171 183 130 153 239 162 78 143 129 101 237 1 44 69 211 160 133 114 95 27 128 116 31 14
178 24 16 190 73 205 82 66 155 55 160 25 46 222 38 148 136 187 197 67 46 15 90 255 145 208 24 59 81 13 79 206
245 34 193 161 154 42 74 8 51 224 131 237 71 66 193 154 122 205 108 247 29 214 205 10 152 193 173 244 172 167 18 4
193 131 127 103 36 10 111 48 120 72 127 228 215 35 144 113 22 68 108 110 225 176 165 77 228 186 98 192 68 162 99 97
68 160 148 31 203 3 164 232 222 179 64 9 228 224 73 10 145 79 106 17 38 67 203 49 29 34 77 63 144 120 11 130
222 149 148 180 137 92 20 169 142 182 130 1 239 254 67 203 129 119 237 99 124 65 219 136 137 211 95 63 0 116 13 14
245 239 129 54 138 32 78 236 146 178 137 90 65 226 73 147 25 226 64 234 120 71 206 42 184 134 205 60 169 115 130 128
244 205 129 182 148 32 6 167 18 179 11 88 96 96 9 131 145 102 0 163 124 93 136 47 56 38 221 18 136 123 216 10
244 172 196 118 154 34 14 168 146 178 136 216 113 97 9 19 17 230 97 162 120 67 206 63 41 38 197 60 225 115 130 0
198 28 148 152 137 116 148 138 190 151 130 17 204 114 77 207 129 87 233 19 38 69 155 224 137 50 95 31 130 117 45 6
212 140 135 54 149 162 134 174 114 147 11 81 98 120 8 1 145 102 40 3 122 233 11 47 169 38 85 2 200 115 240 10
164 205 140 23 204 162 198 174 210 178 40 24 98 96 13 27 153 102 96 99 120 238 74 63 45 2 213 48 193 121 210 136
180 237 129 58 140 35 70 236 210 178 129 90 83 225 121 15 89 194 0 234 104 71 142 58 184 198 197 60 177 251 242 128
117 175 202 86 178 34 6 232 18 162 152 234 83 97 169 18 51 230 4 106 120 71 12 46 56 134 229 252 181 251 210 33
237 162 173 107 172 39 75 153 83 115 165 220 211 101 218 59 93 196 120 190 187 102 253 19 206 219 193 124 217 235 210 112
181 172 197 118 136 39 70 232 18 162 168 88 83 241 73 24 17 230 96 34 120 71 155 58 185 134 69 124 249 243 194 0
132 140 133 23 145 162 6 174 26 147 75 16 228 96 104 201 145 110 32 18 54 216 27 103 45 38 93 71 128 112 129 14
4 164 132 63 153 3 6 232 150 179 66 1 228 226 72 67 145 78 106 49 34 209 139 63 44 38 205 109 144 96 32 128
224 172 175 122 141 245 69 199 211 119 164 24 50 253 118 191 201 234 120 152 62 111 186 179 219 219 213 127 211 92 246 110
70 172 148 151 201 232 182 174 186 147 2 17 228 242 77 143 129 103 232 18 52 72 219 121 45 50 95 15 128 113 137 142
125 230 192 103 158 35 78 248 82 162 136 202 83 97 217 34 89 198 108 250 57 67 205 42 248 135 165 52 173 251 178 32
198 4 148 149 137 126 180 15 190 183 3 17 204 58 78 207 129 87 235 17 54 205 211 192 13 50 95 71 130 100 141 134
4 172 148 23 219 234 54 175 158 179 66 145 228 225 65 79 129 126 162 18 118 248 203 35 45 22 85 71 192 121 133 138
20 172 150 127 154 139 70 168 54 178 98 0 99 227 41 81 17 110 32 34 42 216 139 63 169 166 69 5 240 112 64 8
225 128 173 121 141 37 69 15 82 83 160 28 179 49 88 59 201 130 120 140 59 110 243 19 193 155 212 124 216 72 210 56
20 174 134 30 149 147 70 168 86 131 72 82 96 224 121 132 17 110 32 154 62 200 143 63 40 38 213 101 185 114 216 14
0 172 134 31 27 131 34 232 182 176 64 1 228 224 104 197 17 110 106 1 34 208 139 63 44 38 77 46 24 32 3 134
254 247 127 250 239 127 95 255 191 254 190 127 222 255 207 125 253 251 255 226 233 103 122 250 255 223 239 191 187 125 230 115
4 172 132 31 221 131 38 168 214 179 64 69 224 224 73 193 145 110 32 16 38 216 155 63 44 38 197 109 152 96 88 6
84 172 151 62 139 66 6 168 146 178 66 8 102 241 9 27 17 118 104 34 40 193 139 47 169 166 69 31 160 112 6 2
100 164 151 94 201 7 6 168 210 178 98 8 114 241 73 27 17 110 96 58 32 83 155 58 105 38 69 60 224 112 66 130
125 98 201 165 74 42 66 24 33 226 227 239 83 97 65 155 122 204 236 230 13 214 205 8 210 225 161 52 47 243 90 0
244 164 133 54 154 3 70 168 18 178 130 72 67 97 9 19 25 198 96 170 120 195 143 62 56 166 229 52 233 112 2 0
20 85 25 231 176 78 71 184 52 168 203 64 215 119 9 64 16 92 13 106 73 144 89 46 225 167 37 20 32 179 133 49
68 172 149 22 144 130 6 174 146 147 66 24 230 96 8 203 145 102 32 3 115 248 203 63 40 54 85 6 136 112 144 0
245 172 135 54 148 34 6 168 146 178 136 88 98 96 9 147 145 230 96 34 121 67 138 63 56 166 197 60 136 114 210 0
218 193 132 181 9 92 20 160 161 52 130 25 207 56 10 223 160 213 237 67 92 79 211 129 145 243 90 83 0 36 31 6
218 0 148 181 137 84 148 41 143 182 131 25 207 250 71 207 129 85 237 35 124 69 219 128 137 243 95 63 2 116 13 14
181 237 129 50 144 37 70 236 146 146 41 88 67 97 73 22 25 202 0 126 122 103 138 63 169 134 5 124 240 115 210 160
6 204 132 23 209 34 36 167 62 183 66 17 228 34 65 31 161 79 32 144 114 216 11 98 45 22 93 71 128 113 129 142
255 215 246 252 239 63 254 255 191 186 252 251 222 255 237 127 255 255 255 162 232 115 74 250 255 223 207 190 215 252 226 187
240 20 154 188 72 199 144 64 128 142 228 25 215 250 42 16 216 177 6 33 12 39 82 10 209 227 42 57 80 40 47 194
52 24 28 190 104 205 82 65 158 12 241 9 119 220 35 17 200 177 198 3 44 43 90 57 211 225 33 59 113 42 14 82
48 184 28 186 40 205 18 238 170 53 132 9 182 222 67 16 141 187 79 67 14 75 90 53 209 131 56 57 80 1 15 90
186 17 114 224 141 246 84 65 197 132 242 19 75 217 46 213 216 181 133 32 44 167 80 128 179 217 134 31 227 76 252 6
54 24 88 62 73 253 82 66 143 140 241 9 47 221 39 144 200 179 199 2 12 35 90 185 147 241 0 59 113 110 78 214
233 135 111 101 180 10 111 49 121 64 111 204 243 97 152 115 18 198 108 110 249 248 245 15 230 251 96 0 108 162 210 112
143 95 119 183 227 126 190 245 189 202 254 247 252 254 183 165 254 247 255 103 229 243 61 238 182 127 111 130 207 254 171 213
58 188 16 190 105 221 80 206 175 63 160 9 47 222 79 148 137 155 197 65 14 11 90 189 147 209 25 59 82 21 14 222
58 12 80 190 73 237 82 74 135 12 248 9 47 223 35 156 200 179 199 2 14 43 82 185 147 210 0 59 114 109 14 198
77 135 127 105 48 170 107 58 108 64 127 228 223 35 152 113 18 4 108 124 177 184 37 93 236 255 34 196 220 131 67 33
13 71 95 107 48 170 107 152 108 73 126 100 223 3 184 112 146 5 14 124 163 176 45 124 236 255 34 196 220 131 97 33
58 28 80 190 105 253 80 74 139 38 176 9 47 254 35 156 200 179 199 0 46 43 82 185 147 211 16 59 114 77 14 206
77 7 63 105 52 138 123 184 108 72 126 100 223 67 184 113 182 4 44 108 161 176 41 93 238 251 34 192 92 131 97 33
58 28 80 190 105 237 80 79 159 22 240 9 47 254 39 157 200 179 199 0 46 43 90 185 147 242 16 59 243 76 76 14
58 180 16 184 105 221 80 207 187 55 160 25 47 158 78 149 137 155 197 0 46 15 90 183 155 210 17 127 50 4 142 206
50 8 80 190 9 237 80 74 155 23 176 25 47 223 38 157 200 179 197 1 62 43 82 177 147 210 80 59 243 76 76 206
193 131 63 111 36 14 111 56 120 74 119 68 223 99 152 113 180 69 44 110 225 176 161 79 228 187 98 128 72 163 99 33
58 132 80 186 73 237 80 206 151 55 160 25 47 223 42 157 137 147 197 0 46 15 90 177 155 210 80 127 114 76 206 206
117 226 205 97 172 2 73 157 82 249 186 252 211 97 216 58 93 196 124 188 217 114 237 16 204 139 229 244 237 234 208 33
148 56 24 190 8 205 20 104 182 46 197 9 183 255 35 16 128 57 77 1 46 7 218 59 209 193 107 57 16 34 15 66
13 70 93 235 52 174 107 24 124 65 110 68 223 3 49 112 117 12 42 60 163 144 61 94 231 255 135 0 216 210 97 112
233 165 111 101 36 14 111 48 121 194 103 204 211 33 24 51 20 68 120 110 241 252 181 15 231 251 64 0 72 186 210 112
50 156 24 58 104 253 80 206 183 63 164 9 39 255 42 16 137 147 199 0 46 43 90 55 211 215 17 63 112 208 78 219
205 135 61 109 52 142 107 184 108 72 126 68 223 35 144 113 150 4 108 110 177 184 45 93 238 251 98 68 88 131 99 33
58 28 208 62 73 253 80 78 151 30 240 9 47 253 35 148 137 179 199 0 46 43 82 187 147 255 16 59 243 76 78 222
13 71 29 105 52 134 107 184 108 72 126 100 223 3 177 113 214 5 46 126 161 144 41 92 238 251 35 196 88 131 33 33
56 24 210 254 237 253 80 70 151 5 244 27 43 249 38 220 200 178 135 0 30 43 82 187 19 255 16 59 243 204 76 138
58 152 80 62 105 253 80 206 151 63 176 25 47 191 42 152 137 147 199 0 14 43 90 179 147 215 80 63 115 76 206 222
205 135 61 109 48 14 127 184 108 72 118 100 223 35 176 113 182 69 60 110 225 176 41 92 230 251 98 196 88 163 97 33
56 152 212 190 73 253 80 206 151 55 176 25 47 191 46 156 201 179 199 0 14 43 82 177 147 211 80 59 243 204 76 138
205 87 29 233 54 134 59 56 124 232 126 100 220 19 161 113 214 5 62 110 225 144 105 94 230 187 43 132 24 147 33 33
58 176 84 178 201 253 80 223 179 55 161 25 15 223 74 145 137 147 199 0 30 15 90 149 155 211 85 127 243 4 206 218
205 70 63 109 32 14 103 56 104 74 119 116 222 51 153 115 182 68 124 110 225 180 169 73 230 251 98 132 72 178 99 33
193 195 61 109 36 14 111 184 121 66 102 68 223 33 16 115 182 68 104 110 225 244 185 77 231 251 66 4 72 163 99 112
184 144 92 58 41 253 80 223 167 63 181 25 47 255 106 144 137 147 199 0 62 43 90 145 219 219 113 127 115 200 206 219
205 86 61 125 32 14 125 48 120 90 119 116 222 51 129 123 228 69 124 110 225 244 169 74 231 251 98 134 74 241 35 33
