36 160 148 152 203 203 176 200 150 180 224 10 196 208 72 132 249 88 226 16 2 115 219 149 29 130 7 127 208 8 13 130
96 32 192 172 77 73 224 72 47 164 240 139 130 136 68 146 104 221 194 1 8 115 219 208 29 16 7 59 65 40 70 130
64 0 6 129 73 11 32 72 102 164 194 10 194 128 98 68 104 132 106 8 8 211 207 24 20 34 131 17 16 8 88 64
81 32 223 133 10 10 104 64 236 160 226 66 223 130 208 114 98 197 110 140 1 209 133 64 156 34 175 0 40 0 35 36
17 48 14 1 74 11 33 72 246 224 198 164 80 194 194 82 121 76 106 128 1 211 235 24 28 2 1 0 96 0 34 208
0 48 134 13 73 82 160 72 118 132 194 4 64 224 66 66 120 76 234 0 4 243 255 16 21 32 3 9 65 32 38 214
33 32 14 1 72 11 161 64 110 160 226 8 146 128 0 80 104 12 106 0 0 243 207 16 20 0 3 16 65 0 115 160
80 32 7 12 74 75 32 72 36 32 194 202 66 130 0 82 104 204 106 128 0 211 215 64 149 32 2 40 97 8 39 130
80 32 10 128 74 8 32 64 102 32 194 10 18 130 32 82 96 204 106 136 0 211 133 64 148 32 2 8 33 0 35 128
20 160 148 184 203 207 32 200 86 176 224 10 230 210 104 132 121 88 226 16 2 83 219 21 157 130 5 127 208 8 13 130
16 82 23 161 64 109 33 92 228 30 98 118 128 131 234 73 96 0 42 144 3 149 3 80 148 129 242 68 40 16 33 128
40 1 16 137 77 121 160 72 68 53 245 14 130 0 34 141 232 136 130 10 24 50 227 0 84 225 82 41 91 9 170 128
64 2 143 93 24 10 101 120 244 130 226 64 80 225 160 66 112 100 106 40 41 241 139 9 84 162 231 0 1 248 96 32
32 32 2 129 74 9 160 64 110 160 226 74 128 128 64 80 104 140 106 0 0 243 197 16 21 0 3 32 65 8 83 130
88 0 134 13 11 2 32 72 246 128 194 0 66 224 32 66 112 108 106 136 8 211 207 16 85 163 99 1 96 32 104 128
32 32 22 13 74 143 160 72 86 184 192 72 212 128 96 128 89 108 106 0 0 211 203 16 28 0 7 60 80 8 3 128
96 32 192 164 77 73 160 72 46 164 240 139 130 128 68 130 104 220 66 1 8 115 219 80 29 0 7 57 65 40 70 130
48 0 6 153 75 11 32 72 70 32 194 194 192 192 32 66 104 76 106 0 0 211 207 21 20 162 227 17 48 8 48 128
16 0 6 136 12 3 32 72 214 176 194 66 192 192 32 192 120 4 106 0 2 195 79 29 20 34 3 28 16 8 56 132
33 34 138 9 72 41 161 64 172 44 232 68 16 128 105 26 232 140 66 33 4 179 192 0 20 32 58 32 201 91 114 160
32 34 6 9 72 11 160 72 118 160 224 76 192 192 64 80 121 76 106 0 1 211 207 16 28 2 7 40 72 0 114 134
80 32 134 13 72 11 32 72 54 164 194 136 65 224 66 82 120 196 106 136 0 211 199 0 148 34 3 1 32 8 43 128
92 96 2 33 73 45 33 66 36 48 202 10 131 2 75 155 104 128 202 240 3 19 213 80 149 1 2 5 232 89 11 128
81 0 142 21 10 2 33 104 246 144 194 8 82 224 162 114 17 108 106 0 9 211 175 24 28 162 101 12 96 32 112 48
81 32 159 133 10 10 41 64 236 160 226 66 222 130 80 114 98 197 106 136 1 209 133 64 156 34 15 0 32 0 35 36
121 64 15 169 10 2 33 93 22 57 198 210 83 135 160 121 112 12 42 156 11 158 67 17 212 161 114 68 50 136 168 32
192 1 7 128 77 71 36 73 228 140 195 2 0 128 33 194 104 12 106 170 64 167 7 0 17 33 130 13 0 42 53 130
32 176 148 29 75 219 0 200 246 176 192 12 194 224 66 18 89 108 234 16 10 210 255 28 13 2 69 53 16 32 6 150
33 32 14 9 72 11 161 72 118 160 224 8 192 192 64 80 121 204 106 8 0 211 207 16 21 2 131 56 64 8 50 164
80 32 7 5 74 10 32 72 36 160 194 202 82 160 0 82 104 204 106 128 8 211 151 0 148 34 3 0 32 0 35 128
80 32 6 128 72 8 32 64 230 32 194 10 82 128 32 82 96 204 106 136 0 211 133 16 21 32 35 8 1 0 35 128
184 1 6 9 9 215 96 73 84 56 227 1 2 128 35 217 88 44 34 32 76 179 83 24 67 160 66 5 122 8 124 134
32 32 2 129 75 9 160 72 102 160 226 10 192 128 64 144 104 140 106 0 0 211 205 16 21 0 3 32 65 8 18 130
88 2 134 29 10 2 32 120 246 132 194 96 66 225 160 82 112 108 106 8 8 211 143 24 28 163 101 9 96 32 116 0
1 114 27 9 64 0 33 70 100 16 226 96 20 146 224 121 104 8 106 136 3 191 131 64 84 32 114 8 72 0 35 168
48 1 18 136 77 69 32 72 196 4 237 10 2 209 32 133 120 40 2 32 12 179 18 24 145 128 0 43 50 43 126 130
32 32 150 29 75 155 32 72 214 184 196 8 196 192 96 128 89 108 106 16 2 211 203 16 28 1 5 52 80 8 10 128
145 42 15 49 68 169 161 66 108 17 98 86 149 128 225 75 104 40 66 92 3 180 3 64 212 129 114 32 73 9 97 168
96 32 3 9 74 75 160 72 118 160 224 76 130 130 64 208 120 140 106 128 13 211 215 16 20 0 131 56 105 0 115 128
160 34 15 9 72 41 33 82 22 48 194 220 146 129 97 73 72 140 106 88 9 22 83 16 212 128 242 32 88 9 0 176
80 32 6 1 74 75 161 72 164 36 226 10 130 128 0 210 104 204 106 128 0 243 135 64 148 32 2 0 64 0 39 128
64 34 3 137 76 9 97 64 110 36 226 72 134 130 0 82 104 204 106 128 8 3 193 80 148 32 2 56 32 0 34 0
96 32 3 129 76 73 224 64 44 32 226 10 198 128 64 208 104 140 106 0 12 243 197 0 148 128 3 49 104 8 27 128
48 32 2 41 73 107 160 72 36 36 232 2 130 130 41 9 120 140 66 40 8 50 209 0 149 160 130 45 112 9 46 130
81 34 142 13 8 11 33 72 118 164 194 0 194 160 64 66 112 196 106 8 8 209 207 16 20 34 195 16 96 32 48 32
96 18 27 136 74 1 32 72 4 0 193 110 20 128 97 88 72 12 42 48 1 147 195 16 20 160 98 104 24 9 34 160
80 64 2 169 65 73 32 64 100 53 67 2 7 131 97 201 104 140 130 56 2 146 133 16 149 160 2 101 48 8 63 128
96 32 5 13 74 75 0 72 6 176 192 12 194 128 64 18 73 196 106 0 9 83 219 16 156 2 5 61 56 8 2 130
25 50 14 41 18 178 65 90 116 201 230 100 83 0 160 249 80 44 108 60 185 249 37 28 208 231 48 0 232 128 122 40
80 32 14 137 74 11 161 64 230 32 194 2 212 130 32 66 104 76 106 136 0 211 131 0 20 34 3 0 32 0 41 128
8 48 6 60 9 213 0 72 166 140 64 5 224 192 34 132 144 40 234 80 6 199 83 29 17 114 9 75 64 5 44 22
32 34 2 137 74 15 160 72 22 160 224 74 192 193 96 80 120 12 106 136 0 243 219 16 20 128 3 40 113 8 34 128
65 32 142 29 88 147 32 72 246 136 198 0 80 240 34 114 81 108 106 40 36 211 139 28 76 163 101 9 80 32 32 130
17 34 15 41 0 163 32 70 100 17 226 82 19 130 0 104 104 8 106 152 11 184 65 0 212 161 50 64 232 8 40 128
128 32 2 8 9 5 160 72 164 132 224 0 128 130 33 200 200 8 106 232 76 7 83 8 149 32 138 89 80 8 42 130
56 32 134 29 8 143 32 72 150 168 194 68 98 224 32 80 81 108 106 0 10 211 203 31 24 166 37 36 120 40 34 128
16 2 15 129 20 137 97 2 164 33 198 86 211 1 32 64 96 132 106 28 19 153 1 20 212 160 50 64 56 136 113 40
224 65 18 141 79 77 32 64 196 32 192 10 4 144 33 202 104 140 74 64 0 19 209 16 21 32 2 51 16 8 26 142
48 32 6 157 75 11 32 72 86 32 192 2 96 192 32 192 120 76 106 0 2 195 203 17 21 163 35 56 48 8 44 160
80 0 6 25 73 139 32 72 246 160 194 66 80 192 32 192 120 44 106 8 34 211 143 29 20 34 35 0 16 8 112 128
81 32 135 5 8 10 33 72 236 160 194 66 208 162 80 114 97 196 106 140 1 209 135 64 156 34 207 0 8 32 35 36
96 32 132 165 78 75 160 72 54 176 224 139 194 224 64 2 121 204 98 17 10 115 203 16 29 0 15 61 65 40 86 130
97 32 7 5 74 9 96 96 232 16 227 74 2 0 4 147 104 128 74 160 5 59 197 69 20 32 66 8 105 0 98 132
64 0 150 29 12 2 165 104 244 130 194 66 80 224 32 66 120 100 106 168 33 241 139 13 21 34 231 0 24 104 112 32
52 160 20 153 219 131 160 200 22 176 192 10 196 210 104 64 121 88 98 16 2 83 91 21 157 130 7 125 176 8 36 130
48 33 2 9 89 73 160 64 44 4 224 11 128 2 0 144 104 128 74 144 24 139 65 68 149 0 138 81 65 10 39 138
81 32 135 5 10 10 33 72 236 160 194 66 208 162 80 114 96 196 106 140 1 209 135 64 156 34 207 0 0 32 35 4
96 32 132 164 78 75 160 72 62 176 224 139 130 192 64 2 121 204 98 1 10 115 219 17 29 0 15 61 65 40 70 130
24 34 153 169 10 3 1 72 22 56 64 229 149 195 97 8 92 9 2 192 3 214 75 17 192 129 107 44 56 41 35 128
96 2 78 4 70 9 224 64 168 16 114 79 34 8 52 27 232 165 66 4 4 50 70 64 20 32 66 9 73 8 91 138
81 2 2 128 87 45 32 66 108 33 202 10 4 130 96 80 96 140 74 17 6 17 149 64 148 32 2 37 48 8 57 128
64 0 158 221 12 2 32 104 244 128 194 66 80 225 160 98 120 100 106 168 33 241 139 13 21 162 231 0 24 104 112 32
28 66 159 233 26 3 1 90 22 149 194 98 23 3 32 72 120 152 42 24 11 145 67 28 216 131 50 68 176 136 32 32
16 32 6 8 9 70 160 64 164 128 227 2 128 130 96 204 104 4 106 152 8 131 19 64 145 32 130 77 8 0 104 130
160 0 18 141 77 69 0 72 134 0 192 0 132 146 33 206 200 8 234 112 2 3 211 24 21 48 2 59 16 8 62 142
52 160 20 153 219 131 160 200 86 176 224 10 228 210 104 64 121 88 98 16 2 83 91 21 157 130 7 125 177 8 37 130
1 160 65 1 2 136 41 65 236 0 138 192 189 130 208 116 34 9 74 140 67 8 133 81 148 32 138 104 40 128 35 160
20 160 20 185 219 199 32 200 86 176 224 10 102 210 104 68 89 72 226 16 2 83 75 21 157 130 5 127 240 8 40 130
210 32 2 128 29 64 32 64 236 0 131 2 132 130 100 196 232 132 74 145 10 3 128 194 145 48 138 94 0 8 57 6
210 160 2 128 17 8 72 64 45 0 128 9 6 2 68 212 232 137 76 133 78 23 0 86 145 144 138 127 0 0 43 6
64 2 159 93 8 2 101 104 244 130 226 64 82 225 160 66 112 100 106 40 40 241 139 13 84 162 103 0 88 120 96 32
0 34 11 161 68 169 160 66 236 1 98 221 181 128 80 8 106 40 74 12 2 184 198 1 132 160 50 40 104 8 67 128
48 32 72 169 78 139 225 66 20 33 192 130 147 1 65 72 104 172 2 152 9 182 69 144 132 128 240 32 53 8 16 168
81 32 142 133 8 10 32 64 236 160 194 66 208 162 80 114 96 196 106 136 1 209 133 64 157 34 207 0 0 32 35 4
32 97 10 160 89 7 96 64 164 20 224 11 0 130 32 145 232 140 74 224 12 131 0 68 149 0 138 109 1 0 42 130
96 32 129 164 78 73 160 72 46 160 240 139 130 160 68 18 104 204 66 1 8 115 219 80 29 0 7 57 65 40 70 130
32 42 74 49 68 137 225 64 228 0 114 202 179 0 144 11 42 40 66 141 0 184 196 64 4 0 114 0 69 8 83 136
32 32 128 165 78 9 160 72 14 176 240 139 130 192 64 2 105 204 66 1 10 115 219 17 29 0 7 60 65 40 70 130
81 32 159 133 10 10 96 64 236 160 226 66 218 130 80 114 97 197 106 140 1 209 133 64 156 34 15 0 32 0 35 36
64 6 159 93 24 2 37 104 244 130 226 64 82 224 160 99 80 100 106 40 41 241 171 13 52 162 101 0 80 120 96 32
0 34 76 129 28 139 33 66 132 33 138 194 131 1 192 68 72 160 106 152 11 152 69 0 132 128 176 48 56 136 16 40
112 1 0 168 93 33 0 73 68 36 201 10 134 146 33 208 200 140 106 17 12 3 209 8 149 32 138 59 16 10 56 14
20 160 148 27 219 195 32 200 86 177 224 10 102 194 104 196 89 90 226 16 2 83 203 53 157 130 5 125 240 8 13 130
80 0 151 205 12 2 96 72 244 128 194 66 208 226 32 98 120 196 106 136 1 209 131 200 149 162 202 0 16 40 113 32
208 64 2 136 93 68 160 68 228 1 194 18 128 128 96 73 104 140 42 144 8 147 145 0 145 160 138 73 0 8 120 2
32 35 11 161 68 13 161 64 108 16 98 79 23 128 32 19 104 8 66 77 64 187 134 0 20 32 34 40 73 8 115 128
160 99 15 129 76 11 161 68 4 160 64 202 145 128 97 11 72 44 106 192 73 146 65 16 148 129 170 32 25 24 16 168
64 32 2 160 65 36 96 68 36 48 226 1 0 130 96 25 104 140 74 180 0 147 16 84 21 0 202 101 1 0 34 130
96 2 4 13 72 13 32 72 86 32 194 78 194 192 32 66 120 204 106 8 9 83 203 16 148 32 3 56 24 8 50 128
80 0 14 137 12 75 32 72 118 32 194 6 194 192 34 64 120 132 106 136 12 211 87 24 20 34 131 1 16 8 48 128
96 82 26 128 72 40 36 68 236 42 227 108 6 144 168 90 120 132 74 34 1 19 128 64 20 32 66 46 8 27 42 36
80 66 30 128 70 9 100 206 236 58 178 74 158 2 41 75 105 129 14 170 64 51 0 192 149 128 122 37 17 80 33 160
124 17 2 161 75 45 33 64 36 52 230 26 7 19 72 157 104 136 194 18 2 18 194 16 148 193 82 105 114 9 138 128
108 1 84 137 205 40 224 194 72 17 120 10 0 32 32 219 104 130 2 2 26 50 66 192 21 161 194 105 241 72 218 162
64 0 14 9 8 11 32 72 118 164 194 2 64 192 34 64 120 4 106 8 2 211 207 29 20 34 3 49 16 8 56 128
48 2 6 141 74 15 32 72 86 32 194 198 64 192 32 66 120 76 106 0 2 211 207 21 20 34 35 56 56 8 56 144
96 176 132 29 89 211 0 248 214 244 198 12 66 228 66 82 81 108 234 48 44 211 251 28 29 34 69 63 50 44 4 86
40 3 130 137 77 87 161 85 20 77 213 6 130 128 98 140 88 8 162 8 13 179 50 128 209 129 242 41 83 8 188 218
153 83 31 169 5 70 33 85 196 221 194 54 20 146 98 201 104 12 162 176 11 151 50 192 208 161 170 68 56 8 172 240
24 32 15 161 68 9 161 68 36 16 66 78 150 129 32 11 104 8 66 13 65 179 131 0 212 129 98 32 105 8 51 168
81 2 207 93 8 10 97 120 118 128 226 102 81 227 160 98 112 228 106 168 41 209 175 12 84 171 231 0 41 232 96 32
48 32 64 141 77 73 224 72 43 164 176 11 2 136 68 146 232 221 234 1 8 115 209 208 149 16 3 57 65 8 78 130
80 0 142 77 12 2 33 72 118 128 226 66 208 224 160 66 120 68 106 136 9 211 131 68 84 34 231 0 40 40 112 0
32 32 20 137 75 15 160 72 22 180 224 10 196 192 96 128 121 28 226 16 2 83 91 17 29 128 15 61 16 8 37 130
65 34 95 133 10 8 105 64 108 160 242 66 221 130 208 114 98 197 110 136 1 209 133 192 148 32 171 0 40 0 35 32
81 34 143 5 76 10 33 64 100 160 194 66 208 130 16 114 96 196 106 136 1 211 135 64 148 34 143 0 33 32 99 0
48 32 4 141 79 75 160 72 54 164 224 10 6 128 64 128 120 204 98 0 8 115 219 16 29 0 15 57 65 40 15 130
64 2 142 93 8 2 33 104 118 128 226 64 82 225 160 66 112 100 106 40 8 243 139 12 28 34 231 0 32 104 96 32
52 160 148 25 203 203 32 200 22 176 224 10 70 194 96 132 89 76 226 16 2 83 91 29 157 130 5 127 80 8 45 130
96 32 2 136 77 102 32 74 228 28 202 18 0 146 96 91 200 140 10 49 8 147 208 0 21 32 130 77 0 8 60 130
177 34 14 161 12 9 33 80 4 48 66 70 147 129 224 11 104 8 34 88 73 176 67 0 212 129 242 32 40 24 16 168
48 32 64 141 79 73 160 72 174 164 176 11 2 128 64 146 104 220 234 1 8 115 219 80 157 32 7 57 65 40 78 130
32 33 6 129 73 102 32 64 164 29 194 17 0 146 96 208 104 12 74 176 2 147 16 64 21 0 146 77 0 0 54 138
96 64 0 136 93 13 32 70 76 4 200 11 6 144 32 208 200 140 202 49 68 3 81 8 149 32 10 59 16 8 62 6
64 34 78 129 76 137 97 2 236 1 202 202 179 1 160 66 72 160 106 28 19 152 69 32 4 0 160 16 40 137 80 32
65 34 143 133 10 10 97 64 108 160 226 66 212 130 144 114 96 196 106 136 1 209 135 64 148 34 143 0 40 32 99 32
48 1 2 0 73 70 128 68 0 132 160 11 2 2 36 16 232 129 74 224 8 163 80 68 149 0 138 25 65 26 106 130
65 34 159 133 10 10 105 64 108 160 226 74 220 130 144 114 98 196 106 136 1 209 133 64 148 34 171 0 40 32 35 32
1 32 25 169 70 169 224 198 236 17 114 70 157 131 80 10 34 10 74 12 19 169 6 65 196 128 50 8 120 137 67 128
48 32 4 141 79 75 160 72 62 160 176 11 2 128 64 144 120 220 106 1 8 115 219 80 157 0 15 57 65 40 78 130
80 2 143 93 72 10 33 120 118 128 226 70 82 225 160 66 112 100 106 40 9 241 139 12 84 34 231 0 40 104 96 32
41 146 11 137 74 33 33 82 132 57 207 118 21 131 224 75 72 12 42 28 25 19 193 16 84 161 178 76 56 8 160 177
36 160 20 153 203 207 32 200 22 180 224 10 68 210 96 132 89 92 226 16 2 83 91 29 29 130 13 127 80 8 45 130
160 80 18 137 9 79 32 72 196 44 193 2 132 144 33 206 72 4 202 32 0 135 83 0 21 32 18 59 16 8 61 142
112 32 18 8 73 68 128 64 228 12 193 9 132 130 99 192 232 128 74 19 12 7 83 64 145 0 138 27 80 10 46 6
81 0 2 128 85 46 32 66 228 37 234 10 4 130 98 208 232 140 74 184 6 19 144 64 149 32 2 45 0 9 41 130
48 33 2 9 75 73 160 64 44 36 225 139 132 2 32 128 104 128 202 32 16 19 65 4 149 0 10 81 65 8 47 130
168 17 22 136 77 87 48 72 196 12 229 2 134 145 43 195 216 8 194 34 0 179 19 8 21 128 2 15 82 42 110 130
97 0 15 8 72 8 160 96 96 17 227 74 16 0 0 27 104 128 66 128 5 54 196 100 20 32 226 0 73 1 98 128
48 80 18 136 79 77 128 65 140 36 224 10 6 16 32 208 232 132 202 32 76 35 209 8 149 32 10 59 17 8 255 130
76 10 29 129 94 136 97 80 228 17 70 70 177 3 224 75 96 128 106 156 3 152 5 113 68 161 50 64 56 137 97 160
104 96 2 9 73 69 160 68 100 4 192 7 132 146 33 198 200 8 202 0 76 19 81 0 149 0 130 27 80 8 42 134
56 48 18 41 65 127 32 64 164 44 105 8 2 146 43 221 216 12 130 96 8 179 144 16 145 160 2 47 112 9 46 134
25 66 14 33 2 137 97 84 228 17 230 70 19 3 128 104 104 136 106 216 11 177 69 0 212 129 50 64 232 136 32 128
56 0 2 160 73 75 160 64 36 12 234 10 6 130 35 212 232 140 202 96 8 179 0 0 145 160 2 45 80 27 47 130
36 160 20 153 203 221 176 200 158 180 240 11 228 210 98 132 217 88 234 16 6 99 219 153 29 2 7 127 144 12 45 134
242 32 2 136 29 68 0 64 236 32 129 18 132 130 108 196 240 140 74 177 10 3 144 194 145 48 138 127 0 10 61 6
88 16 135 29 74 130 32 88 118 132 194 108 64 225 96 210 80 108 106 0 8 211 207 24 28 162 69 8 106 32 114 130
41 42 3 9 64 139 33 83 22 120 70 228 19 129 225 205 88 12 34 28 9 158 69 16 84 129 112 32 10 136 16 176
33 32 150 29 74 139 32 72 246 188 194 8 64 192 96 6 89 108 106 16 4 211 203 28 28 2 5 52 16 8 0 128
225 50 3 77 72 74 33 80 112 121 230 124 16 128 128 121 88 12 106 40 193 123 231 1 20 33 112 72 73 128 98 176
72 49 22 8 75 215 48 72 174 172 192 41 132 150 66 132 144 60 234 96 68 83 243 16 21 0 9 127 16 2 47 215
81 0 6 137 12 11 32 72 102 36 194 2 194 130 32 64 104 132 106 128 12 211 207 16 148 34 131 24 16 8 48 128
32 32 6 9 72 11 160 72 118 160 194 8 66 128 66 80 120 76 106 0 1 211 141 16 20 2 7 32 64 8 35 128
32 160 134 61 8 131 32 200 22 176 194 9 64 224 2 66 81 76 106 36 9 211 203 29 12 34 69 52 48 40 32 208
64 0 142 29 8 82 0 104 118 240 194 4 64 224 34 66 81 68 106 0 8 211 235 21 28 34 69 13 16 40 52 196
0 32 6 29 72 75 32 72 54 160 194 12 65 192 34 80 120 204 106 128 0 211 223 0 20 34 3 9 32 8 38 128
153 33 31 249 66 32 33 84 100 25 96 82 177 130 232 107 104 10 66 152 3 146 167 65 84 129 242 0 57 0 35 168
80 0 134 28 74 18 32 72 118 128 198 8 80 224 160 114 81 108 106 8 8 211 239 24 92 34 101 8 64 32 50 0
56 34 143 161 2 11 97 80 6 49 194 199 147 129 97 8 104 40 2 28 11 180 65 0 196 129 178 0 120 8 48 152
32 176 151 29 11 143 32 200 214 176 194 104 64 240 32 130 25 108 234 16 2 209 203 28 29 2 5 52 16 32 0 130
24 2 157 201 10 131 1 88 6 177 198 230 19 3 160 73 72 152 42 152 11 150 103 16 212 129 50 68 184 136 32 32
168 0 6 8 73 87 32 72 196 12 231 1 0 144 42 206 200 40 234 98 4 179 19 16 21 225 64 11 82 14 124 150
121 130 95 124 2 2 65 58 118 73 230 116 83 225 160 120 80 140 36 8 153 255 167 31 82 239 112 68 107 160 98 17
0 32 2 9 72 75 160 72 118 160 226 8 64 128 64 80 120 140 106 0 0 211 133 16 20 0 35 33 65 8 99 128
120 32 6 9 73 9 32 72 54 32 226 10 65 192 32 208 120 204 106 136 0 211 199 64 20 32 130 8 97 8 35 128
8 112 22 24 73 213 48 72 134 188 71 9 132 214 98 196 148 60 234 96 4 211 186 17 5 16 1 63 82 46 5 214
48 0 6 137 10 11 32 72 102 32 194 198 195 129 32 64 104 132 106 0 9 209 223 16 148 34 131 16 57 8 56 128
80 2 135 29 74 2 32 88 118 132 194 104 64 224 224 82 81 108 106 0 8 211 235 24 28 162 69 8 96 32 118 208
67 72 89 232 74 33 172 198 136 17 48 66 157 26 100 120 103 17 18 153 3 10 94 240 20 136 62 168 157 80 131 137
86 12 80 224 71 8 234 96 73 34 178 10 10 8 52 66 106 133 6 195 88 63 16 202 21 136 2 5 101 41 101 34
32 32 150 29 75 219 48 72 246 244 198 8 64 224 98 6 89 108 106 16 4 211 235 28 28 3 5 55 16 8 10 196
160 34 72 161 70 169 161 66 4 33 66 210 179 1 192 9 104 168 2 136 8 184 69 128 132 129 242 0 45 136 80 160
24 0 6 137 13 86 32 64 228 28 198 3 0 128 98 206 104 12 234 146 76 151 145 128 149 225 130 7 34 76 124 198
64 0 14 136 74 11 32 72 102 36 194 10 192 128 34 80 104 140 106 0 8 195 207 16 148 34 3 57 16 8 48 68
117 38 175 119 136 2 7 184 82 178 66 104 83 225 145 43 25 102 96 58 185 243 175 46 104 46 101 4 229 248 80 32
82 32 2 128 17 73 64 64 45 4 128 25 6 2 102 212 248 137 76 161 46 7 16 70 145 20 138 127 0 0 43 6
6 164 148 23 155 87 22 200 150 183 0 1 228 242 75 142 145 95 232 18 54 67 155 59 41 6 77 111 128 116 7 134
160 50 139 161 76 12 161 72 228 105 242 118 144 128 105 42 104 8 66 112 1 183 193 0 84 1 34 36 201 88 115 176
97 32 6 9 74 75 160 72 166 224 194 72 208 192 64 162 105 76 106 0 1 83 199 16 28 2 7 56 81 8 34 164
117 166 207 87 136 10 39 248 82 178 66 108 83 225 145 43 89 102 96 62 185 243 143 42 104 46 101 4 233 248 112 32
80 32 135 13 8 75 32 72 166 228 194 0 192 224 0 82 104 204 106 136 8 211 199 0 21 34 131 0 0 32 54 224
81 0 134 13 72 11 33 72 118 164 194 8 82 160 2 82 112 204 106 8 0 211 141 16 85 34 67 0 96 32 114 32
96 48 6 9 72 15 32 72 54 176 192 72 80 208 64 16 121 204 106 0 1 211 219 16 29 2 5 44 24 8 2 128
14 164 133 23 155 83 22 200 150 179 0 1 196 246 73 143 145 94 232 48 50 83 155 59 41 6 77 111 130 116 7 198
65 32 73 9 74 136 105 2 238 0 202 64 153 2 208 112 34 137 74 156 67 16 229 81 84 8 170 72 40 128 35 32
164 206 238 126 184 35 71 184 210 130 96 232 115 225 153 27 17 102 100 42 232 224 142 47 104 174 101 24 225 241 66 40
32 34 74 51 68 137 224 0 228 0 99 206 179 128 144 11 42 40 66 141 0 188 198 0 132 129 114 0 109 136 83 168
165 140 198 62 152 3 71 184 146 146 96 104 115 225 169 51 17 102 96 42 96 208 78 63 104 170 101 16 112 240 66 32
20 172 148 30 145 203 22 172 118 179 64 17 102 240 40 84 145 110 160 48 58 73 27 63 169 38 21 95 210 101 136 6
169 19 18 168 109 21 161 88 132 76 85 119 134 212 234 237 88 8 130 102 17 179 98 128 192 193 98 42 82 12 180 245
117 38 199 87 136 2 7 184 82 178 66 68 83 225 145 139 25 102 96 62 185 243 143 42 40 46 101 4 233 248 80 32
6 164 148 23 155 67 22 200 150 179 0 1 196 242 75 74 145 95 232 48 54 81 139 59 41 6 77 111 144 116 9 6
153 82 14 185 5 214 96 84 116 92 198 55 3 150 162 237 120 140 174 148 79 221 35 192 194 225 242 69 58 12 60 222
45 12 198 62 136 34 71 184 210 130 98 108 115 225 169 11 17 102 96 46 232 240 143 47 104 46 101 16 235 249 82 0
22 172 148 26 185 167 22 168 54 191 64 17 108 242 107 92 145 79 168 48 54 64 27 63 169 22 13 111 146 117 137 6
48 0 7 137 72 11 160 72 102 32 194 70 194 129 32 64 104 4 106 0 8 243 207 16 148 34 163 48 24 8 48 128
88 32 4 161 67 109 33 64 36 52 102 2 137 2 67 221 104 136 194 152 0 90 21 80 213 193 210 37 162 80 47 130
81 2 65 193 70 128 97 18 102 49 202 66 145 3 208 66 96 140 42 152 11 20 197 208 84 168 162 64 33 128 113 32
40 32 22 152 77 223 176 72 158 188 176 11 198 212 98 132 249 184 234 16 6 99 219 209 157 16 15 63 82 12 13 134
81 34 207 237 14 2 97 88 118 128 226 230 209 163 128 98 112 204 110 140 137 209 231 12 84 171 231 0 41 160 112 160
98 32 64 136 77 77 224 72 47 164 240 11 138 152 68 148 232 157 234 129 8 115 211 208 21 16 3 59 65 12 126 130
17 34 95 133 10 10 233 80 108 160 242 70 221 130 144 114 106 197 110 136 129 209 133 192 212 32 171 0 40 128 35 160
104 17 2 136 205 102 32 72 228 4 193 0 132 144 98 202 200 12 202 48 16 131 146 0 21 32 130 111 0 8 62 134
145 35 11 161 4 43 97 84 4 48 70 70 19 129 224 73 104 8 34 72 11 208 7 0 212 193 112 0 40 216 48 168
32 48 22 152 73 223 176 72 150 180 192 9 228 210 98 132 217 56 234 16 6 115 219 17 29 146 7 63 80 8 45 134
81 2 143 109 26 2 97 120 118 160 226 102 83 227 160 82 120 204 106 172 41 241 239 28 84 163 227 0 41 168 96 160
0 32 2 129 73 68 160 65 164 29 131 0 128 146 98 196 232 0 74 160 16 131 16 0 21 0 130 79 0 2 190 130
25 98 11 169 70 9 224 84 36 16 197 70 147 1 160 11 104 8 66 138 73 186 199 0 212 225 114 0 105 8 51 168
0 33 2 8 73 87 160 73 164 12 192 1 128 146 106 132 232 0 202 32 20 131 18 0 17 0 10 15 64 0 175 134
96 32 0 136 79 73 160 72 46 164 240 11 134 208 64 150 233 220 234 0 8 115 219 80 21 0 11 59 65 8 46 130
49 114 13 41 74 137 33 87 100 80 198 102 147 1 128 89 104 12 2 136 73 186 199 0 212 225 98 108 121 8 162 160
224 64 18 136 75 93 32 69 228 44 192 11 6 144 34 210 232 132 202 48 68 19 144 8 149 32 10 59 16 8 63 142
97 11 79 1 72 137 97 80 100 17 98 206 147 0 160 81 104 136 42 92 19 24 103 32 84 161 160 8 40 137 208 160
17 34 15 133 10 10 97 64 236 160 226 66 212 130 144 114 104 196 106 136 1 209 133 64 148 32 171 0 41 0 99 32
32 32 0 141 79 73 160 72 38 164 240 10 134 128 64 144 104 140 234 128 8 243 211 80 21 0 3 57 65 8 78 130
17 34 15 133 8 10 97 80 230 160 226 66 209 162 144 114 104 196 106 136 1 209 133 64 212 34 163 0 40 160 99 160
17 34 143 93 8 2 33 88 246 160 226 100 81 227 160 82 120 228 106 8 9 241 139 12 84 35 231 0 8 168 96 32
9 18 15 193 76 41 33 82 36 120 196 102 145 131 234 75 104 138 66 12 9 18 227 128 84 129 242 32 184 72 48 176
32 32 20 137 75 79 48 72 22 180 224 10 196 210 64 132 121 152 234 16 6 243 219 17 29 130 5 63 80 8 45 134
32 32 22 137 75 87 32 72 22 180 192 10 198 208 96 196 121 8 234 0 6 115 91 17 29 130 7 63 16 8 45 134
40 80 18 136 73 125 176 64 196 44 193 10 132 144 99 204 232 20 202 34 4 3 16 0 17 32 2 63 16 27 61 134
72 16 2 8 73 85 32 72 196 12 192 0 128 146 98 212 200 12 202 16 4 3 209 0 21 32 10 59 16 14 45 198
96 32 2 128 73 71 161 64 164 12 161 9 6 146 34 212 200 132 202 96 12 131 80 64 17 32 10 63 16 10 47 198
48 64 2 129 81 77 161 64 164 36 226 11 4 130 34 148 104 128 202 32 16 51 16 0 181 0 2 71 65 8 47 134
33 74 11 41 64 104 161 66 96 80 120 70 17 0 161 123 104 138 98 136 1 50 134 96 84 161 226 0 73 81 99 160
40 16 18 136 75 77 160 96 68 36 224 10 134 16 34 208 232 128 202 32 76 51 81 0 149 32 10 59 16 10 47 130
40 20 2 8 73 87 48 72 132 12 228 37 6 144 35 151 200 56 194 96 4 179 50 8 17 145 2 47 82 40 46 214
81 66 15 129 74 137 33 84 100 16 230 102 17 3 160 83 104 128 74 216 3 23 35 68 84 160 226 64 57 24 97 168
40 18 18 168 73 87 32 72 164 12 232 9 134 146 35 150 200 8 194 32 12 179 16 8 145 145 2 11 80 12 46 146
89 66 30 33 26 136 97 84 100 89 230 230 19 3 226 105 104 136 106 156 11 176 101 16 84 129 34 64 120 136 96 104
104 16 18 168 73 85 176 64 132 44 192 13 134 144 34 208 200 136 202 32 76 3 80 8 149 33 10 59 80 14 47 214
32 0 2 136 73 68 128 68 8 134 176 11 4 3 34 144 232 128 202 96 8 163 81 0 53 0 138 27 81 24 110 138
25 90 15 41 0 155 97 85 100 89 102 230 147 131 226 104 104 136 14 28 11 144 101 0 196 225 178 64 184 136 248 176
246 36 18 136 25 208 128 64 236 0 129 24 134 144 46 196 208 172 138 49 12 7 210 78 145 48 10 63 16 11 45 6
161 2 76 179 6 139 97 16 20 49 195 214 179 1 192 73 120 168 34 152 11 148 69 32 196 129 240 0 45 137 80 160
82 36 2 136 81 37 0 64 44 4 137 25 134 130 46 212 248 137 202 161 44 7 16 70 145 20 138 127 0 4 47 70
33 42 75 51 68 137 96 16 100 17 67 214 179 129 152 9 104 168 66 206 11 176 198 33 196 161 160 0 109 137 82 144
44 16 22 9 73 87 48 72 196 12 228 1 130 144 35 207 200 12 202 34 12 179 50 0 19 241 2 15 82 13 44 198
25 51 11 41 8 33 33 80 116 89 102 228 17 131 224 233 120 8 34 140 139 146 231 1 212 225 114 4 122 136 32 241
76 56 20 29 9 253 48 8 142 148 65 9 228 212 99 132 132 57 234 0 6 0 218 25 5 48 9 59 82 39 13 70
1 43 29 139 206 141 97 212 236 17 114 70 157 131 241 10 34 130 74 204 3 56 7 97 212 129 34 72 248 139 99 168
121 2 93 105 2 131 65 81 118 57 230 246 83 3 160 121 80 140 38 152 11 150 101 16 210 233 242 64 185 136 224 48
136 48 22 24 73 213 48 72 142 172 196 9 132 214 98 198 128 56 234 96 4 131 242 16 5 16 9 59 2 36 13 215
113 18 239 105 18 130 65 26 86 97 226 116 83 129 160 120 80 140 44 156 137 151 101 28 208 239 48 84 249 129 96 56
72 49 2 8 9 221 176 73 166 140 199 9 196 212 106 132 144 52 234 32 4 67 146 16 5 16 11 63 82 6 45 86
99 6 93 192 198 8 238 70 169 18 56 66 60 34 53 82 107 131 26 138 65 3 2 224 52 10 186 8 61 88 112 8
48 4 80 161 71 104 226 198 72 0 184 2 14 8 20 130 104 129 6 129 8 32 80 196 149 0 138 81 117 24 93 2
113 142 207 126 58 2 70 184 210 178 98 236 115 225 185 91 21 102 96 46 232 242 143 63 96 174 101 16 248 240 66 1
6 172 148 26 153 159 22 168 62 183 64 17 110 242 111 156 145 91 224 48 54 208 155 63 41 22 85 111 210 36 139 6
57 114 15 105 48 155 65 81 54 105 198 228 83 129 162 120 84 140 46 28 139 156 37 24 194 235 176 192 170 136 240 113
16 197 16 130 85 76 226 69 104 32 185 26 12 10 20 130 104 129 10 131 82 43 16 227 181 132 138 97 113 10 169 4
96 204 73 178 68 128 231 32 200 2 179 210 145 10 4 82 104 129 2 130 96 38 68 230 52 132 170 72 77 10 225 128
177 51 9 41 2 131 1 17 118 104 230 244 19 129 128 121 92 172 32 140 153 218 229 16 196 225 240 208 121 128 50 176
109 166 199 117 158 10 103 248 214 242 198 228 83 225 145 43 17 100 104 44 169 243 175 8 108 107 101 4 237 248 112 32
121 18 255 108 18 2 65 26 118 73 230 244 83 33 160 120 84 140 36 12 153 255 165 29 210 239 48 84 121 128 98 49
70 160 148 22 139 215 22 200 22 190 64 9 68 242 75 142 145 127 233 18 38 83 155 58 25 6 77 111 130 116 15 134
6 172 148 26 153 151 22 168 62 179 0 17 108 246 79 156 145 91 160 48 54 208 155 63 41 86 85 111 146 117 143 6
9 35 73 73 2 168 97 18 228 17 78 192 145 131 208 112 96 136 106 156 147 152 231 81 68 161 162 64 41 128 99 160
116 46 238 126 186 2 71 184 210 178 98 232 115 225 153 27 21 102 96 46 233 242 143 46 104 239 101 144 233 240 66 1
37 164 143 85 152 10 36 248 214 178 194 224 83 225 209 43 17 100 104 40 185 241 239 8 104 35 101 52 237 248 80 32
185 50 235 124 50 179 73 26 119 201 246 244 83 197 178 248 22 204 124 60 171 183 39 31 194 239 49 212 111 132 102 121
9 18 10 168 108 80 33 88 84 92 198 119 145 150 234 105 120 8 170 182 77 211 35 128 208 193 242 13 26 140 60 211
185 18 22 169 45 87 49 88 20 126 212 55 134 148 234 237 216 8 130 38 77 242 115 128 133 209 82 2 26 12 60 245
131 73 217 235 78 129 168 0 138 49 185 202 157 2 73 42 110 131 22 201 3 3 78 240 132 132 174 184 61 82 3 136
114 12 80 196 5 40 238 98 105 36 186 2 10 8 21 128 104 133 6 129 8 187 17 232 145 154 138 1 69 105 112 2
113 22 77 77 26 163 67 19 84 97 238 238 83 1 128 80 92 164 108 172 185 159 69 30 242 175 48 208 249 130 114 48
6 188 148 19 153 215 54 136 190 183 0 17 204 246 79 159 145 91 232 17 54 64 155 119 45 22 95 111 130 116 143 198
50 4 208 169 151 8 72 7 9 1 120 19 15 9 52 156 171 131 4 145 30 56 0 194 160 254 22 3 241 88 201 6
53 6 207 126 138 2 71 248 82 226 242 236 115 225 153 59 31 238 100 46 233 243 175 46 248 175 101 144 237 248 114 33
112 0 6 137 12 75 32 72 102 96 194 2 194 128 32 64 104 132 106 128 8 211 207 16 149 34 130 16 16 8 52 130
25 48 15 161 0 89 161 83 100 120 118 100 151 144 235 235 104 8 2 28 3 180 39 0 212 193 34 4 233 8 107 240
81 2 77 97 6 168 97 18 102 17 106 70 147 1 208 104 96 140 42 152 11 184 199 16 4 169 178 64 33 136 112 32
17 0 2 137 74 11 161 72 102 32 194 139 194 129 0 64 104 132 106 4 8 211 207 16 148 32 131 48 48 8 48 128
114 48 2 129 77 77 240 64 47 36 176 11 142 156 6 148 232 149 238 1 12 99 209 208 149 48 3 59 65 12 79 134
65 34 91 129 74 8 105 80 108 96 242 230 157 2 144 112 106 141 110 140 129 211 229 64 212 160 171 128 40 128 35 160
40 48 20 137 73 95 176 72 134 188 226 11 196 208 98 132 233 24 234 0 4 115 91 144 29 0 7 63 82 12 47 134
64 48 18 136 89 246 144 64 236 4 129 25 134 210 110 220 208 40 202 34 12 3 208 66 145 52 10 123 16 12 63 198
185 66 75 241 6 137 97 16 116 1 198 214 179 129 200 73 120 168 46 152 11 148 101 2 196 193 240 0 41 153 80 176
81 2 143 173 78 2 97 88 116 128 230 102 209 163 160 98 120 204 106 140 9 211 231 64 84 163 226 0 57 168 96 32
114 52 2 128 65 102 4 65 40 7 128 25 6 146 46 212 248 137 206 33 12 131 16 70 145 20 138 127 0 4 175 198
129 106 75 49 4 136 97 16 100 80 102 196 147 193 144 41 104 8 66 206 11 180 71 1 196 225 98 64 108 152 83 144
6 160 148 26 137 221 48 200 190 181 64 9 236 246 111 140 145 91 235 17 6 65 155 113 13 18 79 111 146 116 15 134
117 6 207 124 154 2 71 120 114 226 242 236 83 225 145 123 93 228 100 46 169 243 175 14 248 175 101 132 237 248 114 32
10 56 20 31 105 253 48 8 174 28 13 9 236 212 67 132 129 59 234 3 6 0 218 57 5 16 9 59 18 7 13 198
121 22 79 125 18 171 67 51 112 105 230 252 83 33 144 113 124 196 108 188 185 219 101 30 240 239 176 80 233 129 114 48
108 1 18 136 233 119 50 74 228 12 200 1 132 144 98 198 192 8 202 112 20 131 210 0 21 48 2 63 146 13 47 198
17 35 15 33 6 171 97 84 20 120 198 102 19 1 225 104 120 136 46 94 11 144 101 0 196 193 112 0 41 217 112 168
0 53 2 8 73 87 178 73 164 12 207 1 128 146 98 132 200 16 202 96 20 7 16 0 17 16 10 15 80 5 175 214
25 19 11 225 228 57 37 83 100 121 70 230 147 135 226 105 108 8 38 28 27 144 162 128 212 193 242 36 186 200 176 241
112 132 16 130 69 70 230 224 105 47 184 26 12 10 8 146 233 131 10 163 16 35 17 230 181 0 130 101 65 10 233 134
65 142 79 162 76 136 237 162 232 18 112 70 157 2 112 18 105 2 2 139 33 48 134 229 116 131 234 104 13 26 83 128
25 51 11 105 168 49 33 83 116 89 94 230 145 135 234 109 124 10 38 140 155 154 231 1 212 193 226 4 58 200 160 241
44 16 22 8 109 87 48 64 196 220 246 37 130 148 34 199 200 60 202 32 4 179 50 0 19 113 66 15 82 44 44 215
17 122 13 59 2 169 101 83 116 80 71 102 147 129 192 105 120 170 6 142 9 176 71 32 196 225 96 0 121 136 160 160
40 17 18 136 105 87 176 72 132 140 228 5 134 148 34 134 200 24 194 32 4 179 50 8 23 209 66 15 82 44 44 215
153 115 15 113 0 155 97 84 116 93 70 246 19 3 226 105 104 136 46 92 203 144 39 0 198 193 98 64 42 152 240 240
40 17 22 160 205 102 164 65 0 140 242 2 0 152 34 134 232 148 138 160 8 163 81 200 21 161 130 11 65 72 254 130
89 82 15 81 64 136 97 84 116 88 102 230 147 131 227 121 120 136 42 220 203 144 103 48 84 129 226 0 58 152 96 248
40 16 18 172 73 127 144 72 132 108 228 13 134 150 42 214 200 148 194 32 12 179 16 8 149 177 2 47 82 76 47 214
57 50 43 121 34 43 97 80 118 121 230 228 19 133 144 121 124 140 4 76 137 213 37 0 208 233 112 192 105 129 98 249
17 82 11 129 66 136 37 86 100 88 110 102 145 2 225 123 104 138 34 140 73 18 231 96 212 225 226 40 57 88 97 184
40 16 18 160 73 93 162 64 160 44 232 11 6 144 42 214 232 148 202 34 12 51 16 0 149 16 10 39 80 14 47 214
10 48 50 24 105 213 48 64 174 76 197 9 140 214 98 132 132 57 203 32 4 131 242 28 21 81 9 123 18 6 47 215
157 43 15 41 130 168 97 82 100 88 102 102 147 129 193 107 104 10 6 202 9 176 167 32 196 225 226 0 105 217 99 176
65 14 217 165 78 8 237 66 232 16 56 70 185 34 229 83 106 163 34 136 33 50 192 224 52 129 238 40 185 88 113 136
52 0 82 162 197 108 230 192 73 4 186 2 14 10 44 128 249 135 134 163 12 179 17 224 53 128 134 5 97 91 253 2
40 16 18 136 73 95 160 64 172 12 229 9 134 148 34 212 200 144 202 32 12 131 48 12 177 16 10 95 64 15 47 198
44 80 18 128 89 68 164 64 36 12 160 9 4 18 34 198 232 128 202 114 12 135 16 64 181 0 10 27 80 30 175 198
72 48 18 24 89 223 50 72 134 76 196 9 132 212 35 196 192 61 202 113 4 3 146 16 21 49 2 63 18 13 47 214
104 20 2 160 73 71 54 101 224 44 137 11 6 144 42 212 248 148 202 34 68 131 16 64 53 16 10 63 16 14 175 198
21 66 77 97 128 139 97 17 100 57 103 102 147 131 232 104 104 140 46 152 75 144 103 16 196 225 178 64 185 152 240 176
74 112 52 25 9 221 48 72 174 204 5 9 236 214 79 196 144 57 235 97 70 65 250 89 7 81 9 59 18 6 15 215
104 81 18 136 73 85 150 66 132 44 136 11 134 148 35 196 200 16 202 96 4 131 16 0 145 48 10 63 16 13 47 134
21 202 11 51 196 137 97 210 100 80 102 198 147 129 224 121 96 8 34 24 83 152 167 33 212 225 98 104 56 137 115 168
113 6 207 125 26 2 71 120 118 194 98 228 115 225 176 115 17 108 100 46 169 243 175 15 104 175 101 128 233 240 114 33
129 129 217 227 78 1 235 144 170 49 16 66 157 66 72 34 106 131 66 200 3 0 76 242 228 128 175 168 61 80 1 160
112 13 80 134 5 76 196 68 72 6 186 2 10 40 5 128 232 195 134 129 8 59 81 234 181 128 138 1 193 74 124 10
40 53 2 8 73 125 180 78 140 44 232 9 132 150 34 150 200 0 202 32 4 3 80 0 21 16 10 63 82 92 47 206
121 18 239 125 58 2 67 126 80 105 247 252 83 37 144 120 92 196 108 44 185 255 101 15 242 239 48 212 233 160 98 49
249 50 239 100 54 2 67 122 81 201 246 252 83 33 144 56 16 196 116 44 185 255 165 15 216 239 49 208 109 136 114 121
117 166 207 117 140 10 101 248 118 242 226 238 83 225 144 51 57 228 108 44 169 241 175 12 88 171 229 132 237 232 114 32
70 160 148 29 201 85 52 232 186 182 64 9 236 246 74 134 145 95 235 17 6 67 155 81 13 18 79 127 130 100 15 198
10 48 52 27 41 221 16 8 175 76 69 13 236 214 39 157 150 59 243 70 6 192 122 93 7 81 9 43 82 39 15 215
145 38 65 67 2 136 97 20 100 16 75 214 145 3 208 113 96 138 74 140 147 24 199 81 196 129 162 0 49 130 241 160
194 56 48 31 9 221 178 2 174 60 131 9 172 212 71 196 128 51 235 66 6 13 219 115 5 52 11 59 18 7 13 6
121 6 109 109 26 163 67 18 68 97 235 238 83 1 144 112 124 164 108 188 153 190 101 30 244 239 32 208 253 130 114 40
153 18 42 49 32 63 97 82 116 93 86 244 19 149 234 105 120 8 38 28 139 240 38 64 214 193 114 68 106 136 112 241
57 50 235 125 50 179 75 24 87 73 246 244 83 197 184 120 86 172 60 28 171 199 101 23 194 239 49 212 127 128 98 113
65 3 89 170 108 0 236 96 200 0 49 64 157 66 176 83 162 1 2 78 65 39 14 240 68 152 238 40 92 178 97 128
141 16 58 136 41 223 17 88 151 92 85 183 215 212 170 233 220 56 166 36 141 179 114 144 195 209 96 143 26 172 44 245
50 132 212 187 215 72 96 70 41 5 241 19 14 10 4 144 235 131 6 145 46 190 17 198 187 240 0 67 241 8 236 6
173 18 34 232 32 215 81 88 21 93 102 245 211 215 234 109 84 24 166 52 143 214 230 128 194 249 114 140 58 140 116 241
236 16 34 168 109 84 48 72 132 220 197 55 134 148 42 221 216 28 130 32 12 147 178 128 211 113 194 15 2 12 60 215
17 35 77 107 6 170 97 21 102 17 107 198 179 1 208 120 96 142 46 156 155 184 71 17 68 233 162 64 41 128 208 32
226 1 18 138 73 79 150 68 168 40 176 9 6 16 32 144 200 147 202 67 108 167 64 110 177 48 10 27 81 30 47 138
113 130 205 119 20 10 99 50 112 65 231 214 83 33 144 120 120 198 44 188 185 188 101 15 252 239 176 64 233 136 80 16
185 18 59 249 32 246 113 88 85 78 212 247 145 151 234 237 92 60 166 60 137 210 118 192 194 249 242 134 58 204 52 245
185 18 187 169 37 119 113 88 21 78 87 183 151 151 234 237 220 28 166 36 141 246 48 128 195 209 242 135 26 204 60 247
153 16 186 184 37 95 49 80 149 110 87 55 206 212 234 237 252 56 166 36 141 247 34 128 195 209 114 135 90 172 44 215
185 18 239 121 48 146 75 25 119 105 246 244 83 141 190 120 86 140 29 60 187 183 101 30 242 239 49 212 127 128 242 113
25 50 235 121 160 115 113 80 117 77 86 228 27 133 234 105 125 152 166 28 139 241 39 66 194 205 50 132 234 192 96 241
172 16 50 136 97 215 49 80 149 204 117 53 142 215 106 205 220 56 131 32 140 215 50 128 131 209 66 15 82 44 44 215
25 19 235 225 160 59 97 81 116 109 86 246 19 149 234 104 124 136 38 28 155 152 37 128 202 201 50 132 186 200 240 241
174 16 50 152 105 215 16 64 156 204 68 61 142 212 42 221 220 56 130 32 4 146 242 128 211 113 66 43 18 44 44 215
170 16 50 152 105 215 20 73 220 76 196 29 142 212 42 205 220 56 170 32 4 163 114 128 147 113 64 11 82 44 173 215
153 179 107 225 160 27 97 81 118 121 118 246 19 135 242 97 124 138 6 156 219 220 101 0 198 201 226 68 58 136 224 241
153 210 75 113 32 11 97 87 116 88 102 246 19 133 226 105 124 138 46 28 203 148 39 0 214 233 112 128 58 216 240 241
25 26 79 113 0 170 101 86 116 90 230 230 179 135 225 121 120 142 38 140 139 176 101 32 198 233 114 0 249 208 112 249
42 81 18 40 105 127 22 72 140 76 205 9 140 150 42 212 220 17 194 98 4 131 114 8 177 81 10 63 82 127 175 215
74 112 50 8 105 223 50 72 172 204 205 9 140 212 34 148 148 57 202 98 4 3 114 28 55 81 10 59 18 23 175 215
25 58 143 33 130 10 101 82 116 90 118 230 179 1 193 105 120 138 6 140 139 184 39 32 212 225 114 0 233 217 96 184
249 150 233 109 50 2 75 85 86 105 247 252 83 5 144 120 92 196 124 60 185 191 101 30 210 239 176 208 239 160 226 113
61 27 79 113 128 139 97 82 118 121 102 230 19 1 192 121 112 140 46 28 155 144 101 0 206 233 242 192 185 136 208 112
74 121 48 26 41 221 176 72 174 204 13 9 236 214 71 196 132 57 251 67 70 65 250 93 7 81 9 59 18 6 15 87
104 20 18 140 73 87 150 70 132 14 136 11 4 180 35 196 216 148 202 96 4 139 16 2 177 16 10 27 82 126 47 158
25 146 73 123 2 136 97 208 116 89 230 102 19 1 200 121 120 138 38 156 139 176 229 49 214 201 242 64 105 128 96 168
168 52 18 8 105 95 182 70 140 44 204 9 132 150 42 212 216 16 202 34 68 3 16 2 49 16 10 63 82 92 47 222
65 131 93 160 222 1 239 133 136 48 48 74 157 3 208 3 107 131 2 169 35 0 76 215 84 133 171 172 61 16 129 160
121 126 111 102 48 139 75 82 84 105 246 254 115 1 144 48 124 132 124 44 169 191 101 47 242 239 177 208 237 136 82 121
25 138 11 59 6 9 101 208 116 90 70 198 51 129 232 105 120 138 38 14 139 184 39 33 212 233 114 0 121 136 114 184
40 20 2 136 73 87 182 98 160 14 136 25 132 150 42 212 216 16 202 34 20 131 16 66 53 16 10 63 18 14 175 214
49 10 235 123 0 138 99 80 118 105 198 228 115 1 144 120 124 142 46 204 203 176 37 41 214 239 176 128 105 136 80 112
78 52 50 24 73 221 48 64 140 140 201 25 132 214 34 196 192 56 202 33 84 3 210 24 37 48 10 59 18 47 175 214
17 14 9 171 70 8 229 81 232 18 112 70 181 34 240 66 104 10 2 140 1 48 134 225 228 129 234 40 41 138 225 160
25 42 207 179 4 138 101 16 116 80 78 230 179 129 224 105 120 170 46 142 11 184 103 32 196 193 226 0 56 216 112 176
104 20 18 136 249 87 178 98 172 141 192 25 132 146 42 212 216 144 202 33 52 131 18 2 181 20 10 95 144 12 175 214
36 20 18 136 249 87 146 78 140 140 192 25 134 212 34 196 216 48 202 48 52 3 82 10 177 20 10 123 144 44 175 214
249 66 111 117 18 170 65 48 116 105 230 254 83 33 144 120 124 196 108 188 185 247 101 14 210 239 240 208 237 128 114 49
149 98 203 59 132 136 101 144 126 66 98 212 147 193 145 121 112 136 14 76 195 180 103 49 196 225 48 0 108 152 82 160
1 7 93 174 110 0 237 56 200 146 113 70 221 34 240 67 34 67 2 174 1 50 14 208 100 153 107 40 92 162 99 160
166 16 2 136 217 71 16 65 169 5 225 25 198 150 42 216 216 185 206 33 60 131 80 78 177 16 10 31 208 100 174 70
61 66 203 113 134 171 99 16 116 65 230 230 147 129 225 121 120 136 14 156 139 180 101 2 196 205 176 64 233 153 80 48
121 6 77 107 18 170 67 18 84 99 238 254 83 1 144 112 121 166 76 188 185 182 101 62 244 239 160 208 253 139 114 48
68 16 18 152 201 253 148 72 220 14 128 9 134 214 47 220 208 57 202 33 4 3 210 74 145 52 10 59 144 125 47 6
130 236 16 26 73 221 182 232 174 54 129 9 172 214 99 149 129 51 202 3 102 7 90 125 53 16 11 59 18 38 7 207
121 134 111 103 18 10 99 52 112 65 247 246 83 33 152 112 120 198 108 44 185 188 101 47 244 239 176 64 233 171 242 32
149 3 77 123 134 138 97 144 118 65 102 86 91 3 152 120 48 142 46 220 147 176 37 117 196 171 178 64 121 128 241 32
32 20 16 156 105 205 148 76 138 174 176 9 140 246 35 157 216 177 202 32 100 35 82 220 53 18 75 59 80 124 15 194
5 162 73 123 130 136 97 144 124 16 74 196 147 131 216 121 50 138 14 142 131 144 71 113 196 201 98 64 44 130 81 160
34 20 18 136 73 239 150 102 136 6 184 25 6 144 34 145 200 177 194 35 36 167 80 78 49 54 24 27 81 76 175 142
66 160 146 136 153 69 176 198 140 4 128 11 132 146 98 196 200 16 202 16 4 11 146 194 145 20 30 63 144 76 45 78
17 2 73 97 6 10 101 208 116 64 98 102 19 3 145 88 120 140 46 222 203 176 37 0 212 233 166 4 105 146 112 32
98 0 146 156 201 221 180 99 136 7 144 25 132 242 42 134 200 49 202 33 4 35 82 192 21 48 74 59 208 44 175 134
153 18 235 121 178 247 123 89 119 77 247 244 91 205 186 120 126 184 191 28 187 179 37 66 210 239 178 132 254 196 240 113
189 18 251 249 164 246 123 84 85 79 247 246 219 215 234 236 95 60 182 188 137 147 52 194 194 253 178 132 186 220 116 241
157 18 186 249 165 247 113 84 21 79 215 183 223 215 234 236 223 60 182 36 141 183 48 130 195 253 178 135 154 252 60 247
143 80 186 248 37 247 49 80 149 206 87 55 206 220 238 236 220 57 182 32 141 182 50 130 195 221 115 143 90 252 44 215
174 80 50 152 97 247 181 80 157 206 117 55 204 214 106 237 220 57 151 32 172 214 114 192 199 209 70 139 82 124 174 215
185 146 107 105 176 154 107 85 117 105 246 244 83 141 178 112 125 142 30 28 171 189 101 30 214 239 176 196 127 128 240 113
153 19 235 241 164 23 97 88 119 73 246 246 27 151 170 104 118 138 14 220 251 145 37 202 218 205 54 196 174 136 224 241
174 84 50 156 233 221 181 80 157 204 85 55 206 212 42 205 220 121 131 64 164 150 242 136 151 113 74 43 18 61 173 215
25 58 239 113 0 138 97 86 119 72 118 230 179 3 208 105 120 170 46 156 139 248 37 32 198 201 242 128 235 200 96 249
110 53 50 28 233 221 150 72 140 76 204 9 140 214 43 148 220 49 203 33 4 3 114 28 181 113 10 59 18 126 15 215
9 11 217 165 198 169 233 86 108 88 84 198 189 163 192 34 106 74 38 136 131 24 166 225 204 193 250 168 57 192 1 168
249 30 107 109 50 138 75 16 119 105 254 244 83 5 144 112 124 204 92 188 169 183 101 30 246 239 176 208 111 130 114 113
29 154 75 113 134 139 97 210 116 72 118 230 19 1 192 105 120 168 46 156 139 216 103 32 206 233 230 192 57 136 112 240
106 20 50 24 105 223 182 100 140 14 204 9 140 212 42 196 216 49 202 35 4 3 114 64 177 21 10 63 18 78 47 223
17 154 105 113 0 138 97 144 118 72 102 230 19 1 208 121 121 136 14 156 139 176 101 18 198 233 226 4 121 128 96 240
249 22 111 115 18 138 99 16 117 73 246 246 115 5 144 112 120 134 124 60 171 180 101 63 246 239 176 128 237 152 80 112
78 60 48 26 121 221 146 72 142 76 132 9 172 214 34 212 128 59 203 1 54 3 250 123 53 52 11 59 18 38 15 215
25 98 9 169 6 8 101 220 100 16 126 70 159 227 240 98 106 72 6 204 3 176 47 193 196 193 230 32 57 186 225 160
40 144 2 128 93 70 150 195 152 12 186 11 6 150 34 148 217 148 202 32 44 171 16 206 153 22 142 31 1 12 239 150
25 67 205 121 4 138 97 148 118 88 102 230 115 65 176 121 112 168 46 204 139 240 101 32 198 235 162 0 121 153 80 48
44 17 18 152 249 221 146 78 140 140 224 9 132 214 34 212 216 48 202 49 36 3 82 14 145 20 10 123 210 44 47 215
253 22 111 101 146 10 99 48 112 105 246 246 83 33 144 112 124 228 124 172 169 182 101 47 214 239 240 208 237 169 82 48
74 184 16 26 105 221 178 201 174 60 133 9 172 214 99 132 129 51 203 1 6 65 250 95 53 20 11 59 18 118 15 199
153 3 109 113 6 138 97 144 118 64 102 230 211 1 128 121 112 172 46 222 139 144 101 32 196 233 182 0 57 129 112 112
104 16 18 140 105 127 144 76 142 172 128 9 142 212 34 148 216 49 202 32 4 3 82 24 145 16 10 59 80 108 15 86
5 71 89 161 102 41 237 112 124 82 116 70 157 227 248 113 50 74 6 206 1 112 6 224 196 217 99 40 60 225 65 160
21 34 73 123 6 138 101 16 126 66 103 198 147 193 208 121 120 136 6 14 203 176 109 16 196 201 114 0 120 216 81 160
38 208 6 152 201 223 20 197 168 15 160 25 134 214 42 208 216 177 206 49 28 131 82 64 177 18 10 95 192 52 174 70
121 70 109 101 18 171 67 16 116 97 238 254 83 1 144 112 124 132 76 188 169 150 101 14 244 239 160 208 237 139 82 48
45 66 203 113 148 139 103 17 118 65 102 230 211 65 177 120 120 136 14 28 171 176 101 30 196 207 176 0 189 216 208 48
66 56 48 26 9 253 144 0 174 28 129 9 172 212 39 204 128 59 203 3 6 1 218 125 149 48 27 59 18 23 13 78
118 17 18 156 169 221 148 73 220 140 192 9 174 214 39 220 208 185 138 1 4 3 82 200 145 48 10 59 144 124 143 70
121 150 109 109 22 10 99 48 112 65 254 230 83 33 152 112 121 196 108 172 185 188 101 47 254 239 160 192 237 163 240 48
66 188 16 26 73 253 182 235 174 62 137 9 172 214 99 132 137 59 203 2 102 11 90 117 21 16 11 59 18 68 15 223
34 20 18 156 9 237 148 96 138 134 184 25 204 246 34 132 200 49 202 32 4 35 90 216 145 18 75 59 80 108 143 214
29 130 73 123 150 138 99 148 118 64 98 70 91 3 144 120 113 140 46 220 171 176 101 123 196 175 178 4 105 145 113 32
5 11 73 123 2 10 101 16 126 64 102 196 187 67 145 120 50 136 46 206 131 144 45 81 196 137 34 4 124 130 65 48
34 4 22 152 73 207 144 68 137 7 160 9 14 246 38 144 216 177 194 33 36 35 82 68 17 54 90 123 209 12 15 202
142 60 48 30 105 221 188 74 159 94 85 45 172 222 103 205 207 59 243 3 230 26 250 249 119 81 75 171 18 94 15 215
14 28 54 30 233 221 182 104 143 206 205 9 172 246 38 149 204 49 219 1 38 3 122 251 55 81 11 59 146 110 15 215
153 27 235 115 50 138 99 82 119 73 246 246 115 5 144 120 126 142 30 156 139 184 37 43 214 239 178 128 239 192 112 121
42 20 50 152 249 223 146 100 141 204 252 9 204 246 42 150 204 49 202 33 36 35 114 202 55 117 10 59 82 44 47 215
153 26 235 115 22 139 99 16 119 72 246 246 115 7 144 120 116 172 46 156 171 184 101 42 222 239 182 128 111 136 112 113
253 158 107 105 178 138 99 144 117 107 246 246 83 5 144 112 125 172 124 188 171 180 101 30 246 239 176 208 111 130 112 113
25 26 233 113 4 139 97 16 118 72 118 230 147 3 144 105 113 168 14 140 139 240 109 90 198 205 178 132 123 128 80 240
110 20 18 152 105 221 146 72 140 204 204 9 238 214 34 132 220 177 203 33 4 3 82 206 145 53 10 123 82 44 15 215
153 66 73 113 134 138 101 20 118 72 118 246 211 131 240 120 114 136 46 140 131 144 103 66 198 205 162 0 56 144 240 48
34 17 18 136 233 223 148 73 153 142 240 11 206 212 42 148 216 177 202 33 4 35 82 192 145 48 8 63 80 12 175 215
217 18 107 109 18 138 99 16 118 73 246 244 211 65 144 112 121 140 44 220 171 180 101 14 230 239 178 192 109 130 82 48
202 56 16 158 73 253 144 72 158 172 133 25 172 214 34 148 128 49 203 3 6 3 122 121 145 16 11 59 82 110 15 215
145 66 233 121 22 138 99 148 118 64 118 246 147 1 144 120 114 140 14 94 171 176 109 126 228 239 48 0 125 209 112 48
1 67 89 161 196 8 109 180 124 80 116 68 157 163 241 105 114 74 6 206 129 240 38 224 196 217 230 32 60 144 1 168
38 85 18 152 233 253 148 65 168 12 232 9 238 214 34 148 216 177 195 1 12 3 82 80 177 16 10 123 80 100 175 198
5 74 207 123 22 139 103 144 126 64 118 230 211 1 176 120 112 136 14 78 139 176 109 62 198 207 162 0 60 153 208 176
50 20 18 152 169 253 20 75 137 142 200 25 206 246 38 212 200 177 142 1 28 3 82 194 145 16 10 59 16 108 175 70
125 150 109 103 22 10 99 176 116 65 255 230 211 33 144 112 125 196 108 188 169 176 109 46 238 239 160 192 237 163 80 48
194 60 16 30 9 253 144 74 174 62 140 9 172 214 103 132 137 51 203 1 38 11 90 251 145 16 11 59 16 68 15 70
50 28 18 156 137 253 144 70 154 14 240 25 142 246 38 132 200 177 194 1 36 35 82 210 145 48 10 59 208 76 15 214
149 75 73 107 22 138 103 144 118 64 246 230 219 67 152 112 112 140 14 206 171 176 109 122 228 237 162 0 125 147 240 32
149 75 73 107 22 138 107 144 124 64 118 198 83 67 144 112 114 140 14 238 227 176 109 126 228 239 34 0 125 147 112 32
34 28 22 154 73 253 144 70 154 6 176 25 46 246 34 148 200 179 202 1 38 43 82 211 145 22 26 59 208 76 143 198
25 22 235 235 182 154 107 25 117 75 126 230 91 7 178 112 127 142 30 156 171 180 37 239 246 239 166 128 63 130 224 113
25 94 107 97 54 138 111 21 117 75 126 230 123 71 144 112 119 172 30 188 235 180 37 30 246 239 166 128 175 146 240 113
121 86 111 101 54 154 99 54 117 73 126 230 83 69 144 112 127 228 126 188 169 176 37 30 246 239 160 192 239 146 80 113
121 86 109 109 54 138 99 180 117 73 254 230 211 37 144 112 127 164 94 252 169 176 101 30 230 239 160 192 239 154 240 113
78 189 48 158 105 253 144 202 159 92 132 9 172 214 38 148 141 51 219 3 6 11 122 249 151 81 11 59 18 108 15 215
25 91 105 105 150 138 111 148 119 74 126 230 211 1 145 112 114 142 46 252 203 180 101 62 230 239 166 128 109 146 112 121
46 28 18 154 233 221 148 69 159 76 173 9 174 246 38 148 204 177 203 1 86 11 90 249 177 18 11 59 82 126 143 215
13 79 233 107 148 10 103 144 116 64 126 228 211 1 145 112 50 140 14 206 235 176 45 126 230 239 166 128 125 178 96 112
50 28 18 154 233 221 148 67 171 15 248 9 174 246 38 148 200 177 199 1 30 11 82 243 185 22 14 59 208 108 175 214
117 87 109 103 22 10 99 176 100 64 254 230 211 97 153 112 120 196 108 252 169 176 109 46 230 239 160 192 109 187 114 48
74 188 16 158 9 253 16 202 191 62 132 25 172 246 98 157 129 59 203 1 38 11 90 243 145 22 27 59 146 68 15 94
