0 172 156 27 147 200 37 175 54 23 67 16 228 226 74 65 49 74 168 16 50 216 139 55 45 38 84 65 128 64 133 8
36 162 192 16 206 9 160 200 142 180 176 239 6 200 84 2 171 201 67 21 2 99 207 80 28 0 5 126 221 40 82 130
38 162 132 146 202 137 160 200 154 177 128 239 196 224 73 10 59 79 98 21 22 83 138 48 28 2 45 124 221 120 19 128
253 209 77 79 13 31 78 188 66 242 165 78 83 65 89 179 92 196 120 238 233 102 255 57 179 137 197 60 121 187 218 48
103 166 196 29 168 26 76 168 47 178 130 232 199 98 204 247 195 198 108 36 44 65 207 157 158 242 197 55 180 228 26 4
87 132 197 69 142 27 78 168 127 178 130 154 195 32 221 239 51 196 104 174 124 65 205 222 188 54 205 86 165 252 216 4
77 42 151 181 163 139 168 2 254 176 194 200 141 34 208 134 39 101 106 157 1 248 133 192 140 242 79 68 70 164 3 36
90 44 134 28 141 114 164 230 242 146 194 0 160 160 17 207 73 102 232 129 104 235 195 168 185 242 223 27 195 116 62 142
96 12 134 157 77 128 164 39 246 3 226 16 160 160 52 215 201 102 42 136 96 250 195 189 37 50 210 17 16 88 240 142
116 113 156 36 170 72 21 141 170 180 164 41 23 150 75 26 130 213 237 83 88 75 154 0 249 193 109 61 64 50 143 75
32 32 70 137 76 11 160 72 102 32 240 10 194 128 0 16 104 140 106 8 8 242 195 80 20 32 131 56 81 8 114 128
0 0 6 137 76 3 160 72 6 32 210 2 192 130 32 64 104 140 106 137 0 243 199 208 20 32 139 0 21 8 49 128
80 32 22 136 10 9 32 72 174 0 194 2 204 194 32 196 106 133 106 128 0 195 131 80 148 32 11 8 0 0 33 4
33 34 72 165 76 9 224 64 36 32 242 202 147 0 0 80 104 140 106 140 0 242 197 64 148 160 163 8 109 136 83 128
213 68 71 197 6 62 106 48 100 194 195 70 211 34 153 239 114 196 60 238 173 148 53 204 148 234 235 128 47 179 121 20
0 0 6 141 76 2 32 72 54 128 194 2 192 194 32 64 120 76 106 136 0 211 207 80 20 34 139 0 48 8 49 128
32 34 79 137 78 11 96 72 54 160 242 202 209 130 192 64 120 140 106 140 8 242 199 16 212 160 163 32 33 136 112 128
110 248 177 82 137 253 149 143 155 255 36 24 46 253 78 190 133 83 241 16 23 105 186 177 43 219 85 127 194 84 199 127
145 68 119 77 20 94 227 120 116 192 247 66 83 80 181 101 120 196 30 238 233 181 53 12 177 170 224 0 127 187 112 36
33 32 7 137 78 3 224 72 86 160 210 66 209 130 80 64 120 140 106 140 9 242 199 208 148 32 139 0 61 8 112 128
81 87 125 103 48 70 79 188 32 200 158 228 243 103 137 112 22 214 125 238 233 128 109 46 224 175 37 144 36 242 4 121
246 112 173 48 75 108 89 202 171 246 161 157 14 159 79 27 141 213 253 151 44 71 218 192 211 210 93 63 227 117 6 82
80 32 6 140 13 3 160 72 174 0 194 2 196 194 32 70 232 196 106 129 0 227 131 208 149 32 139 27 16 8 49 134
1 42 6 145 38 136 168 66 172 0 194 194 173 130 176 64 98 39 106 140 0 217 134 224 148 32 154 0 4 128 33 136
244 69 126 108 68 75 87 120 112 166 247 10 83 81 151 49 120 212 68 106 232 183 125 12 115 235 97 17 97 187 102 34
227 188 49 250 141 253 144 238 203 89 168 25 190 252 108 35 141 51 219 81 151 107 250 241 155 216 95 123 208 93 133 127
2 176 153 251 219 229 49 207 30 81 64 49 188 151 104 72 199 27 179 16 19 74 90 211 205 150 30 106 152 8 133 186
1 10 6 157 108 140 232 70 252 9 82 64 181 130 176 64 232 42 42 140 2 217 130 225 4 58 186 128 8 136 113 136
80 40 78 157 74 138 32 66 166 160 194 130 129 130 64 82 106 228 106 129 0 219 197 112 148 34 139 0 33 0 33 0
124 197 109 229 180 2 79 185 100 34 159 130 211 39 153 112 90 214 29 238 232 144 109 15 227 239 165 148 39 242 212 32
1 180 21 123 219 173 49 31 62 17 96 84 188 211 104 120 167 27 50 16 51 88 19 87 141 158 18 106 152 0 129 186
214 48 35 184 207 229 153 202 139 213 128 159 12 222 103 11 233 147 211 149 15 67 178 240 153 0 159 123 189 13 55 246
75 51 96 37 34 58 248 28 41 101 126 229 205 42 158 150 182 5 237 173 132 208 133 196 198 123 74 135 238 198 11 93
3 32 227 135 228 74 173 32 40 194 82 199 244 44 156 42 182 71 123 239 133 208 245 224 4 62 254 128 13 164 83 252
182 27 126 210 207 213 209 81 139 244 181 191 8 157 102 15 110 179 223 145 212 43 62 240 91 89 213 251 247 141 244 119
248 67 4 172 13 11 70 44 133 52 129 137 195 2 8 215 72 132 236 98 72 3 65 148 176 241 193 61 50 63 152 4
65 10 143 223 44 172 105 22 254 9 66 80 177 226 48 104 192 46 42 156 147 216 194 33 141 186 242 64 136 1 113 40
181 166 205 83 154 3 135 185 86 179 35 254 81 97 217 43 57 70 96 190 179 100 79 21 104 10 101 84 237 226 210 160
129 168 27 179 96 140 105 83 188 25 114 84 189 195 224 89 54 43 54 156 19 220 134 117 204 168 58 224 8 128 163 129
201 149 252 197 70 22 253 188 124 50 118 146 89 63 156 97 118 157 51 170 161 148 53 204 119 43 242 133 55 160 105 168
184 100 202 36 84 47 198 68 112 166 105 11 115 233 59 16 248 236 134 99 108 182 16 14 243 197 32 1 97 122 126 138
117 15 201 101 180 10 71 63 112 234 222 238 83 33 145 50 89 230 108 172 249 250 229 10 248 239 165 144 237 250 242 40
94 237 132 162 153 213 18 136 143 180 138 9 206 210 67 134 129 117 233 81 14 65 219 180 185 212 15 127 146 55 13 6
121 143 77 109 26 43 71 187 64 226 188 238 115 33 145 51 31 196 76 238 233 34 109 31 244 175 101 180 125 250 82 40
86 248 148 26 185 221 18 174 175 21 138 25 174 210 78 212 129 83 232 81 22 73 219 119 169 86 31 127 144 5 141 6
50 96 2 168 29 207 130 72 142 164 136 11 134 194 97 132 216 57 202 81 10 35 90 154 145 148 11 63 80 62 21 138
145 160 95 161 82 138 105 81 52 49 98 214 157 3 192 89 122 140 2 156 19 220 5 85 196 169 178 68 41 128 99 160
114 96 18 60 77 205 146 97 233 4 249 9 102 200 46 16 216 169 194 35 76 35 146 207 145 148 2 59 65 46 110 134
212 84 156 182 40 108 21 42 184 190 131 25 215 247 75 91 129 213 109 35 104 71 219 34 209 163 123 61 0 113 7 83
253 106 205 101 132 11 111 148 112 250 182 238 83 1 209 59 57 196 108 126 233 244 237 40 254 203 229 180 239 187 82 32
74 161 144 176 137 92 180 79 170 181 137 25 140 182 74 158 129 87 233 17 22 75 218 192 189 212 95 127 130 100 143 6
97 10 201 253 52 171 97 18 118 33 66 210 243 33 144 120 80 172 44 8 9 184 69 18 196 175 176 0 188 136 80 40
86 9 18 152 25 205 2 64 143 160 128 9 134 210 97 212 192 177 202 80 10 3 90 221 145 144 9 127 16 15 13 6
86 177 144 48 153 220 16 143 171 61 138 25 142 190 78 222 129 151 237 17 30 73 219 215 185 118 31 127 128 4 143 86
129 32 79 113 16 130 105 18 116 1 98 212 145 3 144 121 120 172 6 156 59 220 69 68 204 168 178 64 40 128 98 160
114 97 18 62 9 205 146 105 169 4 233 9 238 218 46 16 216 185 196 99 78 35 218 157 145 208 2 59 81 46 47 134
193 2 201 185 100 136 104 16 124 1 98 208 177 131 208 88 64 12 46 28 3 152 199 1 196 185 178 0 60 136 80 136
82 5 18 160 93 207 80 64 141 164 154 11 6 144 33 133 232 161 206 49 12 163 16 220 145 16 9 59 16 14 30 6
129 32 78 121 48 138 105 16 116 1 226 212 179 131 144 89 120 172 6 156 27 220 69 68 196 169 178 64 108 128 98 136
58 72 96 225 69 82 88 18 5 36 246 2 11 15 21 212 104 148 151 232 72 186 81 128 23 249 128 71 39 156 124 34
50 32 18 40 25 205 146 72 237 132 169 9 166 216 101 132 152 169 206 49 12 163 146 74 145 148 10 59 80 14 47 134
66 97 18 146 25 205 146 64 175 132 137 9 166 208 99 132 128 33 206 81 14 3 130 92 185 16 11 59 16 14 15 14
113 166 79 101 22 11 107 55 96 160 250 206 115 33 144 16 58 166 108 172 249 184 69 14 252 175 165 80 109 130 210 40
33 2 201 249 54 170 97 18 116 1 98 242 179 3 144 104 114 12 46 12 3 184 69 17 196 168 178 0 60 136 80 168
114 65 18 136 29 207 80 64 141 164 160 11 14 147 37 212 216 177 207 97 12 3 80 220 145 208 1 63 50 14 12 6
17 0 77 121 16 130 105 18 116 17 227 212 211 3 144 121 104 172 110 156 57 252 69 12 196 171 242 64 109 128 96 32
146 96 18 48 25 205 144 65 172 132 129 9 166 210 99 128 136 33 202 33 14 163 194 72 145 16 10 59 64 6 47 142
65 130 81 171 100 136 105 16 126 17 98 224 157 131 208 80 98 8 38 28 3 24 198 97 196 184 50 224 60 128 65 161
176 34 72 97 86 10 224 68 96 0 240 74 19 9 8 16 120 140 66 232 74 182 69 72 20 160 34 0 105 8 98 160
66 1 18 136 77 229 144 73 140 16 129 27 132 208 104 200 200 17 234 17 18 35 82 208 149 16 10 123 16 8 173 6
102 32 210 128 199 72 230 64 137 38 177 11 0 136 101 158 232 132 194 2 20 39 128 192 23 20 0 63 193 121 126 134
160 33 4 137 73 237 160 73 142 53 225 17 132 128 100 11 200 17 202 16 18 131 83 80 5 16 26 107 208 8 135 130
49 0 77 225 6 171 97 18 84 32 67 82 147 1 176 97 120 136 14 140 9 188 69 156 196 168 178 0 53 136 80 160
1 0 69 173 4 34 233 18 68 33 219 194 145 2 16 66 72 132 10 172 25 144 69 192 132 160 250 128 53 139 48 160
68 8 2 128 201 40 164 64 168 22 137 8 140 130 65 223 104 160 106 138 0 71 194 64 148 16 218 40 128 112 43 0
192 12 22 137 77 8 164 64 236 18 130 2 140 2 33 195 96 32 74 98 96 1 194 192 148 32 74 25 16 25 25 8
50 37 18 8 25 201 146 64 189 0 224 9 166 146 36 148 216 169 206 33 12 171 80 78 177 148 10 59 80 8 47 14
49 66 9 161 76 9 96 78 68 32 226 74 19 0 136 64 104 136 74 236 10 182 69 16 212 128 178 48 49 136 112 136
98 8 18 152 73 237 128 66 136 5 136 9 6 210 32 212 200 185 202 1 2 11 210 210 145 52 10 123 16 8 39 134
16 0 6 1 74 9 32 64 116 32 194 2 195 128 0 64 120 140 106 136 0 210 197 0 148 160 130 0 33 8 49 128
0 32 22 136 72 9 160 72 238 32 194 8 4 128 32 64 104 12 106 0 0 211 1 80 144 32 2 56 16 8 35 130
16 32 2 137 74 11 32 72 102 32 194 2 130 128 0 80 104 140 106 128 8 179 195 16 20 0 130 56 97 8 48 128
64 32 6 137 8 9 160 72 108 32 130 8 134 130 32 64 104 4 106 0 8 131 195 0 148 0 11 24 0 8 35 130
96 32 0 137 72 9 128 72 70 32 224 10 130 130 0 64 72 140 106 0 8 19 65 16 148 32 139 56 80 8 34 132
80 0 2 137 8 9 32 64 100 32 194 8 194 130 0 64 104 132 106 136 8 51 193 64 148 32 130 16 0 8 33 0
112 32 2 1 72 9 32 64 44 32 162 8 134 128 0 80 232 132 106 0 8 195 193 64 148 32 3 48 64 8 3 134
64 32 0 1 74 9 96 64 100 32 226 8 131 0 0 80 104 140 106 8 0 82 197 0 148 32 131 40 32 0 2 128
32 32 6 9 72 3 160 72 86 32 224 0 0 128 96 64 88 76 98 0 8 115 203 16 20 32 3 40 81 8 34 128
16 32 6 1 10 3 32 72 164 32 194 0 192 130 96 66 96 76 106 128 0 211 131 0 20 34 3 0 32 0 33 128
80 32 6 37 10 10 32 64 100 32 194 8 198 128 0 82 32 204 106 0 0 241 197 0 148 32 2 16 96 8 35 128
96 32 2 9 72 9 32 72 98 32 226 8 130 130 64 80 72 140 106 8 8 211 195 16 20 0 1 56 64 0 82 128
20 142 132 31 147 201 38 175 54 23 67 17 231 224 10 81 49 74 32 0 54 216 47 63 45 166 117 69 240 64 132 74
36 162 4 155 202 137 160 200 158 176 128 203 228 194 104 128 89 27 106 17 2 67 202 49 28 0 15 124 144 8 1 128
98 162 192 28 104 9 128 200 171 176 176 233 130 232 68 18 139 197 106 21 14 99 202 81 24 16 69 62 69 40 66 130
20 230 132 19 154 48 38 140 22 151 71 214 65 226 75 206 49 74 32 154 54 80 223 34 12 6 223 109 173 113 189 144
103 160 196 13 202 10 76 168 107 178 162 137 198 98 92 82 3 197 104 37 44 67 207 81 156 50 205 60 132 96 26 4
1 44 151 21 16 142 40 34 252 160 66 64 220 163 16 103 35 100 106 12 32 217 17 108 173 58 71 0 8 160 1 36
17 12 150 245 149 134 102 102 244 138 106 2 52 179 33 113 224 110 32 8 97 249 16 110 177 174 86 0 232 112 97 170
244 241 184 36 138 72 87 221 162 180 164 9 151 151 66 18 162 213 109 82 74 67 154 32 249 193 45 61 96 50 143 75
64 32 73 137 76 9 224 64 108 32 242 202 131 1 16 64 106 140 106 140 0 178 197 192 20 160 163 32 101 8 113 128
0 0 7 137 76 11 160 72 86 32 194 2 192 194 32 64 120 140 106 136 0 243 203 208 20 34 139 0 17 8 48 128
0 32 6 141 74 11 32 72 62 32 194 2 196 130 32 64 120 204 106 128 0 211 135 80 20 34 11 0 0 0 33 128
97 32 76 161 76 11 224 72 118 160 226 202 211 128 64 80 120 140 106 140 8 242 199 80 148 160 163 0 105 8 114 128
0 32 69 137 78 11 224 72 52 32 242 202 193 128 128 64 120 140 106 136 0 242 199 192 20 128 131 32 117 8 112 160
201 184 184 113 160 253 185 151 250 249 52 24 188 189 194 59 133 83 245 24 183 124 186 51 79 217 117 225 194 64 207 123
33 34 65 129 76 9 224 64 100 32 242 202 147 0 144 96 104 140 106 136 1 242 197 64 20 160 131 0 109 8 83 160
245 68 127 77 4 78 103 48 100 194 247 2 83 16 181 109 120 212 60 234 233 181 53 12 113 170 226 0 101 187 116 100
16 32 18 136 9 8 96 64 173 32 226 3 134 130 32 80 232 133 106 129 8 195 129 192 149 32 138 51 1 8 35 2
33 32 71 169 78 11 224 72 118 32 210 202 211 128 64 64 120 140 106 140 9 242 71 16 148 128 163 0 61 8 112 128
246 112 229 246 73 108 80 202 171 243 160 25 30 159 69 27 137 213 253 147 41 71 218 192 211 210 93 63 201 117 6 114
16 32 6 141 13 2 160 72 174 32 194 2 196 194 32 64 232 132 106 129 8 195 131 208 149 32 138 51 16 8 49 134
2 176 21 251 203 229 177 207 158 81 64 16 188 215 104 40 205 27 179 16 19 90 90 213 141 146 30 111 152 8 133 186
1 42 14 145 104 136 40 70 172 0 210 192 165 130 176 64 106 46 106 140 0 217 134 96 148 48 186 0 0 128 33 136
252 68 220 101 68 42 116 17 96 166 247 11 83 41 27 27 56 132 100 34 108 246 193 8 214 235 96 21 97 251 74 130
226 184 177 250 173 205 144 174 203 59 16 24 190 248 108 43 129 83 93 81 131 107 218 241 137 216 95 126 216 9 145 47
1 10 6 157 36 140 96 86 252 9 82 68 180 162 176 64 224 106 46 12 131 217 2 109 132 186 242 0 8 128 97 137
69 176 149 211 233 173 32 219 190 59 33 84 156 211 72 154 129 11 106 28 19 93 154 80 13 154 51 110 152 65 163 129
195 33 113 133 226 12 173 9 121 66 83 215 212 46 214 35 166 69 127 165 245 92 165 66 52 56 42 132 12 0 131 213
129 32 173 135 230 78 173 25 108 198 82 146 245 36 208 34 54 77 51 173 193 244 181 66 101 8 46 128 4 226 149 224
65 130 9 169 108 169 97 159 78 57 66 124 183 0 216 114 193 6 110 8 27 60 199 49 196 48 50 112 152 136 208 40
246 65 4 188 9 8 68 132 169 50 131 137 135 130 73 223 192 196 108 110 76 71 211 16 145 240 192 63 48 61 218 4
118 208 123 202 207 197 189 81 139 112 177 175 24 221 100 2 238 145 251 131 210 35 154 240 87 8 143 123 93 10 165 179
85 162 205 65 154 35 129 24 70 176 131 226 209 96 217 43 59 68 104 190 185 112 207 28 76 10 101 116 229 163 80 32
81 129 126 69 70 38 249 224 108 36 247 2 80 59 182 99 122 221 51 170 128 179 181 68 87 43 226 4 101 226 101 224
102 36 132 21 203 34 128 10 18 183 131 153 224 96 86 143 73 238 232 149 62 206 223 0 13 34 217 125 225 101 90 134
1 170 15 51 16 142 105 83 244 9 98 84 183 195 48 121 17 42 38 28 179 220 2 109 197 187 178 64 8 128 227 160
56 100 26 164 21 79 86 104 52 14 233 9 87 249 42 144 248 168 196 35 108 183 16 14 243 199 32 17 96 122 46 130
241 47 201 125 60 2 71 63 82 163 210 252 179 33 145 112 89 238 108 12 185 234 197 43 232 175 181 144 237 232 80 40
198 233 6 132 9 213 144 168 143 180 130 9 196 210 71 199 128 101 232 115 68 65 219 212 185 16 77 127 2 39 29 6
121 15 77 101 44 11 79 59 96 224 190 236 243 33 145 51 26 230 108 110 201 240 229 12 230 235 229 144 109 250 210 56
241 10 201 125 52 170 97 22 118 33 98 244 243 1 144 104 82 172 44 24 153 188 197 6 196 174 48 64 252 136 80 40
50 52 18 188 25 207 82 64 159 164 137 9 134 210 33 149 216 185 206 32 44 131 80 158 177 208 9 59 16 46 12 6
82 241 152 48 152 221 16 143 191 53 138 25 134 158 78 216 129 215 237 81 94 73 219 119 185 213 29 127 128 16 143 78
70 26 121 224 110 45 185 18 137 24 56 234 157 158 228 34 134 17 31 193 129 33 130 208 20 152 106 186 85 233 1 49
186 68 104 69 69 86 124 23 81 162 86 130 9 15 150 229 127 157 151 168 228 148 117 202 103 249 133 133 39 244 92 38
17 138 79 113 16 138 105 19 116 35 227 212 147 3 144 88 50 140 46 156 59 156 69 95 196 239 178 64 108 128 98 160
126 40 18 62 73 205 146 104 155 4 225 9 238 216 37 148 136 185 199 67 78 35 218 159 145 212 11 59 80 47 15 134
249 103 77 101 172 10 71 53 96 224 190 238 83 33 209 51 90 228 108 238 233 250 229 8 248 233 229 148 109 250 210 40
90 161 144 178 153 92 20 79 170 181 137 25 143 182 74 134 129 95 233 17 22 73 218 128 185 213 31 127 130 68 143 6
113 15 77 101 4 42 111 51 96 160 250 204 243 33 144 50 58 230 108 174 249 184 197 15 228 174 97 144 109 226 82 40
114 248 16 48 217 205 16 238 171 53 160 25 142 158 78 148 129 211 237 81 94 75 218 245 185 84 29 127 16 20 143 94
129 2 217 249 52 170 97 16 124 1 102 240 183 1 144 121 114 44 14 24 163 252 101 5 196 171 50 64 172 136 81 40
54 33 18 154 25 205 82 72 143 132 161 9 102 210 41 148 216 177 206 98 44 131 82 220 179 208 1 59 16 62 12 6
1 130 79 113 48 170 105 18 116 1 102 212 211 3 144 120 27 164 46 156 153 188 101 23 204 190 242 64 236 128 98 32
129 114 153 185 102 141 185 148 206 25 80 244 157 131 224 107 166 25 62 89 131 80 130 241 196 153 122 236 28 153 1 161
54 33 16 188 9 205 150 72 139 4 233 9 142 218 32 148 216 185 204 99 78 35 218 221 145 208 11 63 80 46 15 134
1 130 91 249 52 170 107 18 126 1 115 244 247 1 176 120 83 12 44 28 179 188 5 111 204 190 50 64 156 129 65 33
54 0 82 190 25 221 82 104 143 132 161 9 110 217 47 148 152 177 197 98 44 3 90 188 147 209 1 59 50 47 78 6
129 34 75 121 32 170 105 18 116 1 99 212 179 3 144 120 90 40 14 28 11 188 69 103 196 159 178 64 108 129 112 0
182 96 18 172 25 79 82 72 145 4 225 9 14 216 42 148 216 185 196 99 14 39 82 157 147 208 0 63 114 46 46 134
1 2 95 251 52 170 105 18 124 9 115 244 159 3 184 121 55 8 14 28 179 188 37 221 204 187 50 192 156 128 65 33
58 8 82 190 77 221 80 65 133 132 225 11 47 218 39 148 200 177 199 2 76 163 82 156 147 209 0 59 114 46 76 6
1 2 73 123 36 136 105 16 108 17 115 196 145 131 208 104 66 8 46 156 3 144 71 64 196 152 242 64 172 128 97 32
18 32 18 152 9 201 144 65 173 4 193 9 174 210 34 148 200 161 206 33 78 35 66 77 145 16 10 27 64 6 175 134
54 0 82 152 93 165 18 72 137 4 241 11 78 218 45 220 216 185 135 50 28 35 82 220 147 208 0 59 144 111 108 134
129 98 65 121 102 168 104 16 124 1 112 212 179 3 144 89 114 8 6 28 3 176 68 65 196 136 50 64 124 128 67 160
38 96 194 128 205 72 160 66 136 52 185 11 0 8 102 26 232 145 194 18 4 35 128 192 21 16 2 63 193 121 111 134
98 64 82 140 73 12 84 100 169 6 160 9 6 162 37 155 200 133 206 99 12 35 80 72 49 48 64 27 81 124 110 6
16 5 18 136 17 205 134 99 140 0 168 10 134 146 32 149 232 163 202 33 124 43 16 76 177 16 10 27 80 8 175 6
49 2 1 161 70 11 96 8 68 32 240 66 147 1 128 64 120 136 74 168 8 178 69 0 148 128 160 52 113 138 80 160
50 4 18 152 89 233 144 78 152 5 168 25 6 210 36 196 216 187 130 1 2 11 18 242 145 16 26 123 144 12 39 142
98 32 192 12 108 9 192 72 171 176 176 169 130 200 68 18 203 197 75 1 10 99 202 81 28 16 5 63 69 8 66 130
98 160 192 13 74 9 128 200 43 176 160 137 198 96 68 18 11 197 104 5 14 99 207 81 156 48 77 61 69 32 66 132
67 24 23 149 34 142 56 66 173 32 66 68 220 146 32 98 166 117 122 0 1 209 145 64 149 50 10 2 8 0 33 39
69 170 135 21 204 142 172 162 238 186 2 72 192 160 84 211 33 100 106 13 32 217 135 108 29 34 79 20 128 96 89 4
65 12 214 85 67 138 101 34 252 162 98 2 93 243 32 115 51 101 122 42 33 216 157 108 60 170 71 0 41 96 33 32
212 71 82 229 130 2 110 112 48 166 254 194 73 99 129 85 118 245 44 234 232 149 141 78 176 166 231 132 39 242 37 33
69 176 209 35 160 47 58 24 122 251 49 252 223 114 200 186 151 69 124 62 183 84 221 80 140 218 97 228 200 227 139 21
1 32 7 137 76 11 224 64 36 32 242 74 211 129 0 0 104 140 106 12 0 243 197 64 148 32 131 32 105 8 81 128
73 184 184 115 169 221 17 151 122 251 52 56 188 31 64 59 133 83 245 24 242 108 187 115 79 219 117 233 194 192 207 43
16 32 7 137 72 11 160 72 54 160 226 202 195 129 0 64 120 140 106 140 8 242 199 16 20 2 131 32 97 8 112 160
65 32 65 129 76 9 224 64 100 32 242 202 147 0 144 192 104 140 106 136 1 178 197 64 148 128 131 0 109 8 113 128
245 64 119 69 4 66 103 48 100 134 247 2 83 49 181 109 120 212 44 234 233 183 53 12 113 170 224 4 99 251 116 96
97 32 78 169 78 11 224 72 54 32 210 202 211 128 0 64 120 140 106 140 9 242 71 16 148 128 131 0 61 8 112 128
246 112 181 118 75 76 84 64 171 250 161 25 30 223 77 159 141 213 253 3 105 71 218 192 147 250 221 187 235 117 6 19
2 160 21 251 201 233 177 207 158 113 64 26 188 151 104 40 201 27 179 16 19 88 90 209 13 146 158 127 144 8 133 186
65 10 15 153 96 139 104 70 188 8 82 192 189 131 176 64 224 46 46 140 0 216 2 96 132 178 50 128 0 128 33 136
252 4 220 101 65 42 118 16 97 166 255 27 91 33 11 155 56 196 228 42 40 246 193 8 214 235 97 21 99 251 74 130
1 26 159 61 52 134 96 118 254 1 66 68 180 162 48 96 224 110 42 12 163 216 18 127 161 190 18 0 8 0 113 8
193 171 145 186 236 173 112 150 203 57 48 88 190 249 72 27 129 11 6 25 22 104 138 241 141 152 21 126 216 72 193 9
255 65 84 244 172 12 92 168 169 186 176 104 79 187 201 223 162 197 125 110 104 67 138 192 146 249 69 62 2 176 74 1
5 176 149 91 233 173 48 155 254 57 33 84 156 210 72 238 129 11 106 28 19 72 27 81 13 154 51 110 216 64 129 131
1 100 249 231 70 46 173 20 124 198 95 18 213 23 216 96 55 93 51 141 160 212 53 66 101 40 174 128 36 210 133 224
247 98 129 36 11 43 64 72 33 162 129 201 199 2 65 30 56 133 76 35 44 86 197 8 144 208 9 54 96 119 2 4
97 170 25 155 252 137 97 135 110 57 160 124 182 0 200 90 193 10 78 28 19 44 201 49 132 48 50 124 152 136 210 168
212 65 68 164 143 72 68 160 169 180 170 11 207 34 1 215 34 196 236 98 76 67 214 136 177 240 68 63 34 127 219 6
215 98 133 4 26 35 2 200 34 160 131 232 198 64 201 14 49 197 104 251 10 71 207 72 152 0 11 62 0 99 3 4
214 184 187 234 75 133 189 193 138 16 161 30 28 223 100 2 236 177 19 131 211 35 154 241 85 136 203 106 89 10 161 178
100 36 196 19 236 170 224 2 242 179 67 185 193 32 216 26 73 14 104 28 54 252 199 0 12 50 209 65 196 73 218 132
1 170 15 187 1 140 105 82 254 25 96 84 182 195 56 120 208 42 42 28 147 152 18 49 193 153 82 72 24 128 227 160
132 1 126 229 196 70 251 112 68 36 247 18 81 59 58 96 120 220 35 234 32 182 81 74 87 171 234 5 97 171 117 130
56 4 154 172 20 78 86 120 52 6 230 3 87 49 34 16 120 204 132 34 108 179 17 14 243 231 32 5 97 250 110 130
97 46 205 119 60 10 75 55 82 171 242 252 179 33 144 51 73 230 68 12 185 254 197 47 236 255 244 144 236 200 82 41
86 101 20 134 25 221 18 40 171 180 139 9 238 220 79 215 128 119 237 115 76 67 154 188 185 208 15 123 2 38 13 78
97 15 143 103 20 46 111 55 96 99 238 204 243 33 144 114 24 230 108 44 185 184 101 15 228 255 224 16 200 226 82 40
216 236 24 58 88 205 82 234 58 52 64 9 183 214 67 17 129 187 197 67 110 90 218 55 253 193 57 105 48 19 15 202
129 142 91 123 52 142 107 18 124 11 114 84 247 3 176 120 115 44 12 60 179 188 37 47 236 191 50 64 136 136 81 41
36 40 88 254 88 205 82 72 151 4 161 9 54 219 35 16 200 185 194 66 110 39 90 63 87 129 33 59 112 43 78 130
241 43 205 101 132 15 79 53 96 226 178 204 243 33 145 51 24 228 124 110 249 248 229 8 228 233 229 48 109 250 210 40
67 22 59 226 108 36 169 84 136 8 24 234 157 175 241 34 167 51 31 141 129 35 130 192 84 28 42 184 212 250 1 161
58 68 96 229 69 22 248 98 81 160 126 2 9 59 22 96 248 157 151 128 204 176 49 200 119 255 158 1 39 196 92 130
64 241 152 176 216 205 20 143 186 189 3 25 151 158 74 90 129 159 109 17 94 75 219 18 253 197 63 125 128 0 143 74
129 10 75 113 48 170 105 18 118 1 226 244 211 3 144 120 82 168 44 140 43 156 69 119 196 254 178 64 108 128 96 32
182 72 16 190 9 205 22 72 155 4 225 9 206 216 33 148 200 185 196 67 12 39 90 159 177 240 10 59 80 47 15 134
225 107 237 101 36 10 71 53 113 234 182 236 243 33 209 51 92 228 108 110 233 244 229 8 230 219 229 176 77 250 82 41
84 177 152 178 152 252 16 15 170 189 137 25 135 254 74 26 129 223 237 17 30 75 218 0 219 213 31 127 160 0 143 66
97 6 79 101 52 42 107 50 112 99 250 236 243 33 144 112 58 230 108 172 185 184 101 15 228 174 160 128 237 162 82 40
122 233 16 58 89 205 18 238 171 52 160 9 174 150 67 148 129 155 197 67 78 75 218 181 185 208 27 123 82 21 15 206
1 2 95 121 52 170 99 23 124 1 118 244 215 1 144 120 23 40 12 28 179 188 5 95 196 255 50 64 156 128 193 33
62 25 80 190 73 221 82 104 141 4 249 9 110 219 39 144 136 187 199 66 46 35 90 191 147 209 1 59 82 47 78 6
65 134 79 101 52 170 107 50 116 1 126 244 211 33 144 112 19 4 108 44 185 188 37 31 236 191 176 64 204 131 82 32
50 60 16 186 9 221 82 104 171 28 169 9 174 218 3 148 137 187 196 67 14 11 90 253 145 212 9 59 114 39 15 142
129 10 89 121 52 170 107 18 126 1 114 212 191 1 176 120 55 8 14 28 163 188 37 127 196 190 50 64 156 129 65 32
62 0 82 252 73 205 80 72 141 4 225 9 107 216 39 144 152 177 199 98 12 39 82 156 147 209 1 59 115 47 76 6
1 142 95 107 52 170 107 18 124 65 115 244 215 65 152 112 147 34 12 60 177 188 5 127 228 191 34 192 220 129 115 33
186 104 16 190 73 221 82 106 131 4 240 9 47 217 35 145 136 187 197 66 78 43 90 189 147 209 1 59 114 173 14 130
5 2 223 249 36 138 105 16 126 17 115 244 159 131 184 104 50 8 46 28 131 180 7 81 196 191 50 64 156 136 65 32
178 0 18 184 69 207 80 68 137 4 225 27 14 218 36 213 216 185 132 33 12 163 16 136 145 208 0 27 81 14 110 134
1 2 219 235 52 130 107 16 126 9 123 244 157 195 184 112 147 9 46 28 131 148 33 119 204 253 50 192 152 131 97 33
58 24 16 186 25 253 82 106 139 4 225 9 47 222 33 148 200 187 197 67 14 11 90 189 147 209 16 59 114 13 14 142
1 34 65 51 70 136 105 16 124 16 99 198 155 3 216 89 50 136 6 220 3 176 4 97 132 136 50 0 60 129 97 160
118 0 18 152 221 141 18 72 137 4 177 11 14 210 37 156 216 185 134 113 12 3 66 216 145 16 10 63 144 47 47 134
129 134 77 123 52 138 107 16 124 1 115 212 147 3 144 120 50 136 14 60 163 180 5 95 132 142 50 64 124 129 65 32
17 2 77 227 134 136 97 16 116 16 83 198 147 1 144 72 120 136 46 142 153 176 69 0 196 169 226 0 61 138 80 32
98 72 146 132 73 12 150 68 136 6 160 9 4 170 37 146 200 213 202 65 4 35 208 96 49 16 10 27 65 60 103 142
242 9 22 136 73 141 84 103 137 4 160 25 6 146 38 212 200 179 206 33 92 139 80 206 177 50 0 27 16 76 170 6
85 71 206 101 130 6 110 112 32 164 234 198 89 35 145 83 118 197 108 238 201 145 157 72 244 172 231 132 41 243 98 16
69 96 197 33 160 47 106 152 107 242 51 221 221 6 219 187 55 69 124 254 149 212 253 64 140 152 101 228 236 247 75 81
73 160 188 67 164 60 121 157 122 63 53 56 221 57 220 59 23 22 125 56 146 124 233 81 79 155 117 228 198 194 195 33
244 64 255 69 6 98 103 16 100 166 247 2 83 49 149 127 120 212 44 234 168 180 237 8 85 170 227 4 99 251 116 32
102 48 145 214 73 105 144 74 171 179 161 57 12 255 77 26 137 213 249 17 3 71 218 192 25 18 89 63 193 113 7 178
97 32 13 169 78 11 96 72 54 32 194 202 211 128 0 64 120 140 106 140 9 242 199 16 148 160 131 0 57 8 112 128
2 176 21 219 201 233 176 207 158 49 1 56 156 150 104 40 129 27 250 16 19 88 218 209 13 144 30 127 152 8 133 186
252 34 204 101 194 42 114 17 49 162 247 91 83 33 9 155 56 196 228 42 56 246 193 8 214 235 97 21 227 251 74 130
161 171 145 250 173 173 80 150 219 57 48 88 190 251 68 26 129 99 4 16 19 104 202 243 137 152 53 122 216 72 195 139
1 10 143 53 48 142 106 82 252 136 98 68 179 163 176 80 160 110 38 12 162 248 129 47 132 190 50 0 72 128 113 168
69 50 148 19 232 173 176 218 238 187 33 84 156 210 73 26 133 10 106 28 150 69 139 80 13 26 51 110 128 65 11 133
225 139 153 145 228 169 96 135 106 59 178 124 151 0 192 88 129 10 78 24 19 56 73 115 140 148 52 116 216 200 210 169
0 100 120 225 70 70 233 22 116 38 87 18 209 19 144 96 51 28 51 169 224 244 189 2 229 175 175 4 37 144 5 160
247 34 129 4 10 43 64 72 33 162 131 216 199 2 73 31 56 141 76 183 12 86 205 8 148 128 9 62 168 99 2 4
247 25 27 250 205 133 187 120 128 26 160 78 60 219 96 2 236 147 91 219 43 47 218 240 89 136 138 58 89 9 33 170
244 65 6 182 137 72 68 160 233 182 163 9 207 162 67 223 168 197 236 99 76 67 222 128 177 240 68 59 32 60 206 6
1 171 11 123 44 141 97 148 238 25 96 68 183 195 120 104 200 42 102 92 155 40 106 49 197 153 50 72 88 128 80 168
164 1 30 229 196 70 245 80 84 134 246 3 81 179 43 64 120 92 35 232 56 183 17 10 69 171 226 5 97 169 116 162
56 4 26 172 17 94 86 96 21 6 235 1 87 51 34 144 216 220 140 34 44 179 81 14 243 231 32 21 114 250 46 2
97 162 205 101 60 43 73 31 82 177 179 252 147 33 208 58 11 206 108 140 155 248 197 21 76 171 245 244 109 136 210 40
214 97 148 20 9 85 148 8 170 182 131 9 204 208 71 143 128 85 232 67 68 71 219 208 145 48 95 63 0 53 15 6
97 6 15 102 21 46 99 54 224 105 234 76 243 97 16 114 152 102 104 44 185 185 177 47 225 255 64 64 200 162 82 40
56 252 24 187 88 205 82 250 50 52 100 9 183 215 67 17 1 27 69 66 110 90 218 61 239 195 53 41 48 129 14 202
81 130 31 105 22 174 107 18 124 11 102 84 255 67 32 112 117 38 40 60 163 180 49 127 229 175 50 64 168 129 97 32
3 35 27 233 232 5 237 84 140 24 80 96 156 147 240 43 166 27 23 220 147 88 130 192 196 153 110 168 24 184 161 161
56 0 250 228 69 86 212 113 65 167 255 19 80 153 60 192 248 148 135 160 12 183 17 206 83 175 130 5 103 170 252 130
65 6 95 109 48 174 107 50 124 11 122 84 223 35 144 112 183 36 44 60 177 156 37 95 228 191 50 64 216 130 97 33
160 24 24 190 72 205 86 106 151 22 181 9 54 221 35 17 136 187 195 66 110 47 90 63 243 131 48 59 113 137 14 138
237 106 239 101 36 15 111 21 120 226 38 76 243 1 81 59 156 100 120 110 233 244 245 8 229 219 69 48 72 250 82 56
84 49 152 178 184 236 81 75 163 189 137 25 150 255 75 90 129 223 109 17 30 75 218 64 217 148 29 125 160 65 134 83
105 135 79 101 52 42 111 51 104 72 126 204 243 33 144 115 16 102 108 110 249 184 165 13 228 251 96 192 76 226 210 41
48 245 24 50 89 205 80 238 179 53 168 25 38 159 74 145 137 155 197 80 78 75 218 53 251 209 29 127 112 16 143 138
1 66 223 105 52 138 107 22 126 11 115 116 223 1 152 120 51 4 12 28 163 180 5 95 204 255 50 192 152 130 193 33
190 24 80 190 89 237 82 104 159 4 241 9 111 223 35 145 136 185 199 66 46 35 90 189 147 209 0 59 115 47 78 130
184 69 118 224 21 118 212 87 85 132 246 19 11 153 48 193 120 156 133 177 44 179 81 128 115 249 132 7 231 220 252 130
73 142 95 111 52 170 107 146 108 9 126 228 215 35 144 112 151 6 44 60 177 184 37 127 236 255 34 192 204 131 97 41
56 216 80 126 89 221 82 250 135 52 180 9 47 223 35 144 137 187 199 66 78 47 90 189 211 213 17 59 115 157 78 138
5 10 95 123 52 170 107 146 126 67 114 116 223 1 177 112 179 8 14 28 163 180 37 127 228 190 50 192 220 129 97 33
56 8 80 188 73 205 80 72 131 6 225 9 15 219 35 148 136 185 199 2 12 43 82 157 147 240 0 59 115 46 78 134
65 134 31 105 52 174 107 50 108 73 123 100 223 67 152 112 23 6 44 60 177 184 37 95 236 191 50 192 216 131 97 33
186 8 80 190 73 205 82 74 159 4 160 9 47 219 35 145 136 187 197 66 78 47 82 191 147 209 16 59 115 13 14 142
5 2 155 233 48 130 107 152 126 9 122 244 223 67 184 112 215 9 46 28 131 148 41 82 204 255 50 196 152 131 97 33
60 13 82 254 73 253 82 112 133 6 241 27 43 249 38 213 200 179 199 2 44 35 82 168 83 249 64 27 115 239 76 134
182 12 16 186 73 237 82 64 137 4 233 9 111 222 39 148 200 187 198 3 62 35 90 191 147 240 8 123 80 47 46 134
62 72 80 190 73 253 82 72 151 6 176 11 47 219 35 156 200 187 135 3 46 35 90 187 179 215 0 59 115 125 76 134
5 6 79 107 180 138 107 16 124 67 115 244 223 67 184 120 19 0 14 28 163 180 5 127 228 159 50 192 220 131 65 32
69 70 223 235 52 138 107 144 124 1 122 228 223 67 184 96 147 4 46 28 131 180 5 110 228 191 34 192 156 130 225 33
221 65 103 229 4 82 110 112 100 224 194 66 83 50 177 247 120 196 60 234 233 147 181 136 177 168 231 0 37 243 112 36
69 160 253 67 164 42 235 152 106 183 55 16 219 48 220 63 51 196 124 250 145 116 237 64 77 154 97 100 228 227 87 100
244 64 247 69 4 74 103 48 100 134 246 2 83 17 181 119 120 212 44 234 233 183 37 8 113 170 229 0 99 187 116 32
102 48 145 208 201 233 176 74 170 179 129 57 140 183 73 26 137 83 251 17 19 71 154 64 157 16 91 127 128 65 7 178
96 32 7 1 78 11 224 72 118 32 226 74 195 128 128 64 120 140 106 136 8 242 199 16 20 160 35 32 97 8 82 160
252 64 222 109 64 42 87 88 32 166 247 11 83 33 3 91 120 212 100 106 40 183 201 8 83 171 97 21 99 251 110 2
5 176 148 59 137 173 48 159 254 57 97 84 156 146 72 104 129 11 106 28 147 120 219 81 141 154 23 102 216 64 129 131
1 10 143 29 20 142 104 22 252 137 98 68 179 161 48 80 160 106 34 12 163 248 130 47 133 190 50 0 72 128 112 168
32 162 193 35 228 41 96 133 57 177 58 216 135 32 200 26 153 142 68 52 27 248 77 2 140 212 52 100 200 200 194 136
196 96 150 22 41 8 36 132 234 182 160 25 134 194 93 95 131 68 104 15 102 103 138 64 144 48 87 61 0 113 11 4
5 24 31 170 205 165 175 88 128 26 136 70 52 211 96 34 205 35 26 138 19 3 218 241 241 153 138 40 24 75 33 162
1 138 27 123 44 141 97 158 238 24 104 68 182 195 120 113 193 42 74 92 195 44 122 49 197 153 50 104 88 8 80 168
60 68 30 172 17 127 86 115 52 6 170 9 87 51 34 208 216 212 204 34 44 163 81 14 243 231 32 17 96 122 174 2
214 96 148 21 9 76 148 0 170 182 130 25 134 128 71 143 128 85 232 67 76 71 211 64 145 50 95 59 0 53 15 6
225 138 15 126 52 142 67 18 244 73 226 92 243 193 48 120 144 98 104 28 171 173 115 63 225 191 48 64 72 0 82 40
156 60 24 62 16 207 86 120 54 6 197 9 247 95 3 16 144 185 205 99 44 132 90 63 227 199 33 49 48 35 14 66
81 0 31 105 17 174 107 22 118 67 102 84 94 67 48 112 241 132 40 28 161 181 49 95 241 175 18 64 248 3 225 32
36 28 28 62 72 205 179 122 134 22 109 9 181 215 35 16 8 50 67 2 66 46 90 63 85 133 32 57 80 11 71 202
182 4 122 220 204 230 213 64 213 134 245 18 82 249 55 105 216 176 39 42 168 167 114 202 83 190 131 27 117 248 116 34
89 133 95 111 21 174 99 54 108 65 111 68 223 51 16 113 50 6 40 60 177 184 49 93 237 239 2 64 248 131 97 32
160 216 88 222 72 205 83 238 158 53 164 9 54 215 47 16 137 211 67 66 98 47 90 127 85 131 48 57 80 25 78 138
229 96 175 101 5 15 103 21 120 226 38 12 247 1 81 51 16 100 120 110 225 244 241 8 231 219 69 16 104 250 210 56
100 49 152 178 248 236 113 75 170 253 137 25 150 215 74 90 129 223 73 17 18 75 218 64 217 4 63 124 128 65 135 115
65 134 31 107 48 174 107 178 108 73 127 68 223 35 152 112 183 6 44 60 161 184 33 127 236 255 34 64 216 131 97 33
176 204 92 126 88 205 80 254 143 61 164 9 34 159 47 17 137 219 199 66 110 47 90 117 115 153 16 63 113 153 78 138
65 135 31 111 52 174 107 178 108 72 123 68 223 97 152 113 182 6 108 60 177 184 41 127 236 255 34 192 200 131 99 33
184 252 92 190 89 221 80 238 183 53 164 9 47 223 11 144 137 155 199 64 110 15 90 55 243 209 17 59 112 144 14 202
69 70 29 107 48 166 107 24 110 9 127 100 252 67 185 112 183 37 46 60 131 144 41 94 236 191 50 192 152 130 33 33
184 24 88 126 73 253 82 94 151 6 244 9 43 253 35 145 136 186 199 64 46 47 82 191 83 237 48 57 115 201 76 138
69 135 31 107 48 174 107 144 108 73 126 100 223 99 184 112 182 4 44 60 131 176 33 94 236 191 34 196 216 131 97 33
184 28 80 126 73 253 82 126 151 54 176 9 43 159 35 145 136 187 199 66 46 47 90 191 83 217 16 59 115 205 78 138
69 70 31 235 52 134 107 152 110 73 122 100 223 67 185 112 215 0 12 28 131 180 41 94 236 221 34 196 152 131 97 33
188 28 82 254 221 252 82 82 149 4 241 11 43 249 35 201 200 178 135 2 62 47 82 175 83 235 64 27 243 237 108 130
184 216 80 122 89 253 80 222 151 55 176 9 43 159 43 152 137 155 199 64 46 43 90 183 83 203 16 63 115 221 78 138
186 8 80 190 73 221 84 75 151 54 176 11 47 255 35 144 136 179 199 0 46 43 90 187 147 211 80 59 115 204 76 142
69 70 95 233 52 10 107 152 108 9 122 100 223 35 185 112 22 4 44 124 161 176 13 78 236 191 34 196 156 130 97 33
53 38 193 35 208 43 96 9 33 179 179 217 195 33 72 26 89 140 68 54 56 240 205 0 140 192 101 116 233 202 194 128
214 65 20 182 41 8 76 40 233 150 161 24 207 226 64 223 130 197 108 98 76 67 154 192 145 240 71 59 0 48 139 6
1 170 25 123 45 141 101 158 206 27 40 92 182 193 96 114 193 42 78 30 195 40 74 49 197 153 51 60 216 216 193 169
124 5 22 166 153 126 86 160 161 4 170 9 79 50 2 210 232 213 236 98 44 3 81 46 179 231 0 19 96 119 110 10
56 0 26 237 132 78 85 118 20 6 102 17 87 147 34 72 88 92 36 34 88 176 81 10 195 231 112 5 96 233 236 130
5 16 31 122 133 134 65 88 118 73 227 84 214 209 48 120 208 40 42 92 139 177 51 49 193 185 16 64 88 17 224 34
5 28 221 235 19 135 59 152 126 3 102 6 221 19 33 112 119 25 26 152 35 148 61 223 237 207 26 4 184 18 33 32
81 149 63 111 23 46 99 50 104 64 111 4 95 49 24 113 48 198 104 108 177 184 177 61 255 235 64 64 105 35 99 34
160 248 24 26 72 205 17 238 190 61 164 9 182 151 78 17 9 147 67 64 98 75 90 119 89 130 49 60 80 16 7 202
69 149 93 109 50 174 115 178 108 64 110 4 223 115 8 113 54 7 40 108 161 184 61 93 237 251 66 68 120 131 97 32
178 220 124 90 72 205 209 238 159 63 180 9 50 159 47 17 137 147 71 64 106 47 90 119 209 154 17 63 81 24 70 202
193 147 63 109 38 14 127 56 120 66 102 68 222 115 24 115 182 70 104 110 241 184 177 77 230 251 66 0 72 162 99 33
176 244 92 114 201 205 85 255 179 61 165 25 3 215 78 21 137 147 69 16 122 75 218 23 123 216 21 127 98 128 198 194
193 147 31 109 36 14 119 184 104 74 118 68 222 49 144 115 180 68 108 110 241 188 161 77 229 251 96 192 72 162 99 33
56 240 88 114 73 221 80 255 179 61 165 25 11 223 74 17 137 154 199 0 62 107 90 21 251 203 49 125 115 132 206 194
197 23 29 107 50 134 123 56 108 72 127 68 222 19 161 113 244 5 60 110 241 176 41 92 237 251 34 196 88 131 33 33
184 24 252 126 77 221 208 95 150 20 180 27 59 221 34 139 72 178 135 0 46 47 82 185 83 201 112 57 115 204 76 10
184 208 92 58 73 221 84 223 135 63 164 25 63 223 106 145 137 147 199 0 78 43 90 21 219 195 113 125 115 220 206 202
197 87 29 231 18 6 63 184 104 72 62 68 220 51 41 113 212 69 60 238 225 144 41 124 237 171 103 134 24 35 33 33
113 84 31 110 21 142 67 80 112 65 238 4 82 49 16 112 241 68 104 60 169 179 177 15 249 175 0 64 200 2 114 50
128 188 28 191 72 237 119 218 166 54 108 9 183 215 3 16 9 58 67 8 34 30 90 63 229 131 97 41 112 209 6 194
193 145 127 111 34 14 127 40 120 66 103 4 223 51 0 115 50 69 120 110 241 188 185 93 231 251 66 0 72 162 99 32
178 176 124 114 72 205 85 239 187 63 161 25 2 215 78 21 137 147 69 0 122 111 90 85 217 154 21 126 80 0 198 250
201 116 189 117 34 110 53 24 121 218 119 48 222 115 137 123 166 85 124 106 161 228 185 74 199 251 98 2 72 241 35 51
