96 128 132 159 25 195 32 232 150 48 194 2 224 226 40 198 89 222 234 160 42 67 203 189 21 34 207 63 16 40 45 134
81 34 222 165 108 8 104 8 109 0 242 203 207 162 80 82 42 197 110 132 12 67 199 192 148 186 67 24 44 160 98 4
48 32 86 129 79 11 232 72 107 160 242 10 8 138 68 146 232 205 106 128 4 243 211 192 29 40 135 41 97 0 106 134
97 34 211 69 108 8 232 64 43 160 242 205 143 139 68 82 162 205 110 12 4 114 193 192 158 184 7 48 76 128 67 128
112 0 130 156 77 74 96 72 119 176 226 10 66 226 100 214 120 236 234 128 12 211 203 192 149 34 199 27 48 40 108 6
64 32 6 129 72 15 32 72 102 160 194 74 192 144 96 64 104 132 106 0 8 211 207 24 149 34 131 16 16 8 16 2
16 32 6 9 75 3 32 72 246 160 194 0 65 194 64 82 121 76 106 128 0 211 203 8 29 2 3 1 96 0 34 128
16 0 6 157 9 15 160 104 166 180 210 2 198 226 32 198 104 228 234 160 12 227 91 93 157 34 195 21 17 40 53 6
0 32 134 13 72 3 160 72 246 128 194 64 80 224 64 2 120 76 106 0 0 243 207 16 20 32 3 24 65 40 35 128
32 34 6 1 72 11 160 64 102 160 226 76 194 128 64 80 104 4 106 0 0 241 207 16 20 2 3 16 73 8 115 128
80 32 6 12 74 10 33 72 102 32 194 10 194 130 0 210 104 204 106 128 0 211 199 64 148 32 2 41 97 8 43 128
80 34 2 128 72 8 32 64 230 32 194 74 2 130 32 86 96 204 106 128 1 211 133 0 148 32 2 0 9 0 35 0
97 130 205 159 12 2 5 168 102 50 130 230 242 226 128 70 73 198 110 136 9 99 207 249 148 162 227 28 28 104 48 32
32 32 2 129 76 9 160 64 46 36 224 10 128 128 96 0 104 140 106 0 0 243 197 16 20 0 3 49 81 8 91 128
81 0 135 28 72 2 33 72 246 128 194 4 82 224 32 82 113 100 106 0 9 211 207 16 20 34 67 8 64 32 32 0
32 32 20 13 11 75 32 72 86 180 192 0 194 128 64 0 89 76 106 0 12 243 203 16 29 0 1 53 80 8 36 128
112 32 70 137 77 11 224 72 110 32 242 11 198 130 32 208 104 141 110 128 8 163 83 208 149 160 139 25 1 8 107 128
32 0 14 137 72 11 161 72 70 32 194 1 196 192 32 66 104 76 106 0 3 243 203 21 20 34 3 48 16 8 32 160
83 32 223 133 10 10 105 0 237 128 242 64 223 130 192 114 98 197 110 156 1 193 199 64 156 176 143 16 40 0 35 36
16 0 14 137 76 75 32 72 118 160 194 6 67 192 32 64 120 140 106 8 10 211 223 17 20 34 131 9 16 8 52 128
48 32 6 25 74 131 32 72 246 128 194 8 80 194 96 80 120 108 106 0 0 211 207 16 28 2 7 8 96 0 35 128
112 32 6 141 79 203 160 72 174 160 242 11 192 226 96 210 104 236 234 128 12 243 219 80 157 34 139 25 1 8 59 130
16 32 135 29 74 139 32 72 246 160 194 192 64 192 32 0 120 108 106 0 0 243 199 0 21 32 3 0 96 8 114 128
112 32 6 137 79 75 160 72 126 36 242 10 194 194 32 208 120 204 106 128 12 243 223 208 148 34 131 25 33 8 35 128
32 32 6 1 73 11 160 64 102 160 226 8 194 128 64 80 104 4 106 4 0 243 207 16 20 0 3 16 65 8 115 128
80 32 6 12 74 10 32 72 102 32 194 74 210 130 0 210 104 204 106 128 0 211 199 64 148 32 2 40 105 8 35 128
80 0 2 128 74 8 32 64 102 32 226 74 2 130 32 82 104 204 106 128 0 211 133 80 148 32 2 9 33 0 35 0
120 34 16 225 45 13 88 16 107 44 176 73 143 9 84 144 136 133 76 4 12 34 200 144 158 217 33 51 82 140 74 1
114 162 128 161 40 9 64 136 43 188 176 169 199 0 198 150 137 196 110 4 14 99 203 17 156 208 5 127 80 168 90 4
120 34 16 33 45 13 80 16 43 172 178 73 143 11 64 146 128 197 108 12 12 98 193 144 158 217 33 50 66 140 74 1
32 32 2 129 74 9 160 64 110 32 224 74 128 128 96 128 104 140 106 0 0 243 197 80 20 0 131 48 81 8 91 160
80 2 134 13 10 2 32 72 246 128 194 68 66 226 32 64 120 108 106 136 9 211 199 0 20 162 99 0 104 32 96 128
33 32 22 13 75 139 160 72 214 180 192 0 196 128 32 132 89 108 106 0 0 227 203 16 28 0 3 61 80 8 9 132
81 0 6 137 13 11 32 72 118 164 194 2 66 192 34 192 120 132 106 8 12 211 207 24 20 34 131 1 16 8 56 128
73 210 27 136 104 132 33 80 100 24 71 244 212 151 234 221 116 44 170 12 3 151 163 0 84 161 34 76 26 130 104 113
153 82 7 169 4 197 33 84 182 121 211 118 213 147 234 205 120 12 170 48 11 149 3 144 212 225 242 68 58 136 32 113
169 16 130 136 69 85 97 80 20 77 244 22 1 130 99 236 120 140 162 156 29 183 176 128 87 197 210 45 155 13 124 198
184 64 22 169 77 125 96 76 68 63 244 18 2 145 42 207 104 136 162 168 12 247 51 128 215 225 210 7 115 88 108 134
184 64 6 169 73 95 32 73 4 62 231 18 2 131 42 223 120 140 138 34 108 214 193 0 213 225 66 103 18 8 46 130
32 32 7 9 72 11 161 72 118 160 194 76 192 192 64 80 121 76 106 4 1 211 203 16 28 2 135 48 72 0 50 164
32 34 22 129 64 36 161 72 232 24 224 66 28 146 233 187 232 137 66 168 3 179 130 64 20 128 242 40 73 64 99 172
82 66 7 160 78 101 233 76 140 58 144 90 156 19 120 75 106 129 31 171 2 23 0 209 213 0 250 172 61 89 49 162
80 32 134 5 75 75 32 72 52 164 194 140 67 224 66 82 120 204 234 128 12 211 151 0 148 34 3 1 32 0 38 192
168 0 4 161 77 72 229 76 0 51 244 18 137 3 8 223 104 132 66 232 0 114 81 192 85 225 210 5 99 24 251 160
156 64 2 161 71 73 96 65 100 54 82 18 13 131 96 205 104 140 10 160 112 183 20 64 149 193 130 5 35 8 175 130
89 0 142 29 10 2 33 104 246 128 198 0 82 224 160 114 81 100 106 8 8 211 239 24 92 163 101 8 96 32 112 32
32 176 149 29 75 207 32 200 214 184 192 104 194 240 64 2 89 124 106 16 10 211 219 21 29 2 5 52 16 40 6 146
160 2 9 137 76 65 161 73 6 61 193 214 145 3 224 74 104 140 42 152 27 146 193 144 148 160 162 108 48 8 180 160
81 0 88 194 206 44 184 66 232 16 48 74 28 10 84 43 170 131 70 145 20 33 130 224 20 152 66 40 205 73 107 129
16 0 7 137 13 75 32 72 118 32 194 66 208 192 32 64 120 132 106 0 0 211 95 16 149 34 131 0 16 8 48 128
136 17 2 8 73 112 32 72 164 132 233 4 128 210 43 206 216 8 202 32 5 3 210 8 21 48 130 13 24 10 108 150
96 32 14 9 74 11 160 72 118 160 224 8 194 192 64 16 121 140 106 0 8 195 207 16 21 2 131 57 97 8 50 128
64 32 6 5 74 10 160 72 164 32 194 74 208 160 0 82 104 204 106 128 1 211 135 64 20 34 3 0 72 32 35 160
40 18 23 141 73 223 17 72 198 60 101 10 134 208 42 204 216 44 170 34 64 147 50 16 149 161 3 47 18 42 45 226
145 96 27 176 74 193 161 85 100 17 242 82 28 147 96 73 104 136 42 152 3 255 3 64 212 129 242 72 41 0 161 136
96 32 2 137 73 9 96 72 110 32 194 8 130 128 0 82 104 204 106 136 8 67 199 80 149 32 3 57 0 0 34 0
17 2 11 161 68 141 33 70 116 57 98 86 147 128 224 88 120 12 34 28 1 150 144 16 212 161 114 96 24 8 113 168
96 32 0 133 74 11 160 72 172 160 226 74 214 128 64 208 104 140 106 0 0 209 197 0 148 0 3 48 104 8 19 128
64 34 134 13 9 11 32 72 246 168 194 68 194 224 64 210 113 196 106 8 8 193 203 16 28 34 199 17 104 32 112 2
105 34 132 13 74 11 32 72 6 176 192 8 196 224 66 210 73 76 106 0 8 83 207 16 156 3 37 52 48 40 10 128
80 34 134 13 72 11 32 72 246 160 194 68 66 128 32 66 120 76 106 128 1 209 203 0 20 34 3 0 40 0 33 130
16 98 135 169 68 11 225 82 100 17 240 98 147 1 96 10 104 8 2 144 11 178 65 0 196 129 178 0 105 8 34 160
32 96 2 136 73 102 224 72 40 132 240 11 2 3 37 145 232 128 66 224 8 167 81 76 21 0 138 89 81 25 110 130
32 32 2 9 74 11 160 72 22 164 224 10 64 193 96 84 120 12 106 8 2 211 203 17 28 0 3 41 112 8 42 128
17 0 15 233 0 171 97 82 36 49 198 86 83 1 160 73 104 140 42 28 27 153 99 20 212 162 112 64 184 136 112 32
232 64 18 168 91 77 32 77 198 36 192 10 6 144 35 208 232 140 234 97 6 23 192 16 149 32 10 59 16 10 21 14
52 160 148 152 203 207 160 200 86 180 224 10 198 210 104 132 121 88 226 16 2 82 219 21 157 130 7 127 144 8 45 130
65 2 143 93 8 2 100 120 244 130 226 66 81 225 160 66 112 100 106 168 41 209 139 13 20 162 231 0 41 248 96 32
32 32 192 172 77 9 224 72 14 164 240 139 130 128 68 2 104 220 66 1 0 114 219 80 29 0 7 57 65 40 86 130
48 160 142 29 24 219 32 200 214 244 66 0 98 224 162 64 81 108 106 0 14 211 239 31 24 134 5 5 112 40 38 132
81 32 135 133 10 10 32 64 236 160 194 66 208 130 80 114 96 197 106 140 1 209 133 64 156 34 143 0 0 0 35 4
81 32 159 133 10 10 105 64 236 160 226 66 220 130 208 114 98 197 110 136 1 209 133 64 156 34 143 0 40 0 35 4
32 32 128 164 78 73 160 72 46 160 240 139 130 128 64 2 104 204 66 1 0 114 203 16 29 0 7 57 65 40 86 130
64 2 151 29 8 2 165 104 244 130 226 64 82 224 160 66 80 100 106 40 40 241 139 13 20 34 103 0 80 120 112 32
20 160 148 153 219 195 32 200 22 176 192 10 68 210 104 192 89 88 226 16 2 82 203 21 157 130 5 125 176 8 9 130
48 33 2 128 73 102 160 64 164 0 232 3 0 131 96 158 232 128 74 232 24 163 80 64 145 0 138 77 1 2 107 130
81 32 143 133 10 10 32 64 236 160 194 66 210 130 84 114 96 197 106 140 1 209 133 64 156 34 143 0 0 0 35 4
96 32 200 172 78 9 160 72 46 160 224 139 130 128 68 18 104 204 66 1 0 114 203 16 29 0 7 57 65 40 86 130
64 0 151 29 8 2 101 104 244 130 226 64 82 225 160 66 112 100 106 40 40 241 139 13 20 162 103 0 88 120 112 32
20 160 20 153 219 195 33 200 86 176 192 10 102 210 104 64 89 72 98 16 2 82 75 21 157 130 5 125 176 8 32 130
96 16 18 172 89 77 16 72 206 8 200 8 166 208 35 208 208 12 234 33 6 3 210 25 21 32 10 59 16 11 61 2
0 32 11 161 68 41 225 67 44 16 113 70 149 129 80 10 104 136 66 13 0 50 132 64 84 128 50 40 105 8 115 160
81 32 151 133 10 10 33 64 236 160 226 66 222 130 80 114 96 197 106 136 1 209 133 64 156 34 143 0 32 0 35 4
16 0 77 129 16 171 97 18 6 49 70 194 179 1 129 72 72 172 42 24 11 152 101 20 196 129 176 16 58 136 80 168
96 32 192 172 76 73 160 72 46 160 240 139 130 128 68 18 104 204 66 1 0 114 203 80 29 0 7 57 65 40 70 130
80 2 159 157 12 2 96 104 244 128 226 66 208 226 32 66 120 228 106 136 0 209 131 72 21 162 231 0 16 104 112 32
48 32 2 160 65 6 96 65 160 44 227 3 12 130 96 145 232 133 66 177 4 147 16 68 21 0 138 69 1 0 106 130
64 17 2 140 77 212 128 72 228 12 195 0 134 144 98 206 208 44 170 48 28 35 146 0 17 32 2 15 24 8 61 6
36 160 20 185 207 75 160 200 86 176 224 10 212 208 96 192 121 152 98 16 2 114 91 17 29 130 135 125 49 8 40 130
81 32 159 133 10 10 33 64 236 160 226 66 222 130 80 114 98 197 106 140 1 209 133 64 156 34 143 0 40 0 35 4
160 34 75 161 68 9 161 64 236 5 114 207 181 8 16 3 40 0 66 77 64 188 132 64 84 32 114 0 73 8 83 136
160 66 1 169 78 1 161 72 4 160 192 106 148 17 65 10 104 156 66 161 73 54 65 128 20 128 170 56 57 8 48 168
96 32 192 172 76 9 160 72 46 164 240 139 130 128 68 18 104 204 66 1 0 114 219 80 29 0 7 57 65 40 70 130
28 160 148 184 219 203 32 200 86 176 224 10 198 210 104 132 121 88 226 16 2 82 203 21 157 130 5 127 208 8 13 130
64 2 159 93 8 10 101 120 244 138 226 64 80 225 160 66 112 100 106 40 41 241 139 13 20 162 231 0 1 120 96 32
32 32 192 172 76 73 160 72 46 164 240 139 130 128 68 2 104 220 66 1 0 114 219 80 29 0 7 57 65 40 71 130
64 2 159 93 8 2 100 104 244 130 226 64 80 225 160 66 112 100 106 40 33 241 139 13 84 162 231 0 24 120 96 32
20 160 20 185 219 199 32 200 86 176 224 10 230 210 104 196 89 88 226 16 2 82 91 21 157 130 5 127 176 8 36 130
81 32 159 133 10 10 96 64 236 160 226 66 222 130 80 114 98 197 106 136 1 209 133 64 156 34 143 0 32 0 35 36
112 0 12 13 74 9 32 72 86 32 198 10 210 192 32 66 120 204 106 8 8 83 203 16 212 32 3 56 48 8 48 128
48 2 7 137 74 11 160 72 70 32 194 199 192 192 32 66 104 76 106 0 3 211 207 21 20 34 3 48 56 8 32 144
112 32 6 141 79 139 160 72 190 164 242 11 196 226 96 212 120 236 234 128 8 243 211 208 149 32 131 25 1 8 43 130
48 0 14 137 10 11 161 72 70 32 194 131 208 193 32 66 104 76 106 0 0 211 71 16 149 34 131 48 48 8 48 160
96 34 0 169 44 9 192 72 15 188 176 169 199 194 196 208 200 132 110 0 10 99 203 145 156 144 129 61 80 8 94 132
112 32 134 157 75 207 160 72 182 176 226 11 194 226 32 214 121 236 234 0 12 211 219 84 149 34 3 29 1 8 43 130
48 32 6 185 93 79 160 72 118 52 242 3 192 194 32 80 248 204 234 160 40 243 91 220 21 34 131 37 17 8 111 130
33 32 22 137 78 11 160 72 70 32 192 2 134 128 32 196 104 136 106 128 8 179 79 80 148 0 131 48 81 8 57 132
140 49 2 136 77 87 32 73 228 132 227 4 128 130 99 206 104 168 202 176 12 179 146 72 145 161 2 9 8 42 109 130
32 32 4 137 12 75 160 72 70 36 192 2 130 0 0 64 104 136 106 128 12 179 77 80 148 0 131 48 81 8 48 128
80 2 143 77 8 10 33 72 118 128 226 70 208 226 128 66 112 196 106 136 1 209 131 4 84 162 231 0 40 32 97 32
97 162 205 141 12 11 1 136 110 48 162 236 211 226 128 98 75 196 110 8 11 99 207 145 148 178 227 60 28 168 16 36
24 0 14 137 74 11 32 72 102 32 194 130 211 129 32 64 104 132 106 8 8 241 199 16 212 163 162 17 49 8 48 128
112 0 22 136 75 15 160 72 102 40 194 74 192 130 32 208 104 140 106 0 9 195 207 80 149 32 3 56 24 8 48 6
96 34 6 9 72 11 160 72 166 160 226 76 192 128 64 0 104 140 106 0 8 83 195 16 20 0 35 57 89 8 42 128
80 32 6 5 73 15 32 72 182 32 194 2 192 128 0 212 120 204 106 136 8 211 199 0 148 35 162 0 0 32 43 128
120 34 16 33 45 9 64 0 43 172 178 9 143 11 64 146 128 197 108 4 12 98 193 128 158 217 5 49 98 140 74 0
117 166 134 87 140 2 7 184 82 178 66 64 83 225 145 43 89 102 96 58 185 243 143 46 104 38 101 4 233 248 112 0
6 164 132 23 155 19 22 200 150 183 0 0 228 230 73 139 145 94 232 48 38 83 139 58 41 7 77 111 128 116 15 134
80 0 143 93 72 10 33 104 118 128 226 64 82 224 160 66 112 100 106 40 9 243 139 12 20 34 231 0 40 104 112 32
36 160 20 153 203 203 32 200 22 180 192 10 196 210 96 128 89 92 226 16 2 83 75 29 29 130 13 125 16 8 5 130
153 18 26 201 96 52 48 80 180 89 103 244 17 135 234 253 116 12 162 140 3 214 162 193 86 225 242 68 26 144 106 209
117 164 143 85 136 2 38 248 82 242 66 104 83 224 145 43 25 100 104 58 185 243 175 10 40 47 101 4 233 248 112 32
6 176 148 23 139 67 20 200 146 183 0 9 228 242 73 142 145 94 232 48 50 83 139 56 9 2 77 111 128 116 7 135
9 50 26 161 104 48 161 88 228 29 245 118 157 130 234 43 104 8 2 176 5 179 162 64 84 129 114 12 201 65 107 161
65 32 135 133 74 10 97 64 108 160 226 66 212 130 16 114 96 196 106 136 1 209 133 64 148 34 139 0 40 32 35 32
48 32 0 141 79 73 160 72 46 160 160 11 2 128 64 146 104 220 106 0 8 115 219 80 29 0 15 57 65 40 70 130
152 18 7 177 12 203 97 83 20 121 70 118 147 129 224 201 104 12 34 28 27 220 99 16 196 225 242 96 58 136 208 240
80 2 135 77 8 2 33 104 118 128 226 64 208 224 160 82 112 68 106 40 9 211 131 12 92 34 231 0 32 40 96 32
228 142 199 126 152 35 71 184 146 146 96 232 115 225 137 51 17 102 96 42 97 208 174 63 104 170 101 16 112 240 66 32
4 172 148 26 145 255 22 172 118 187 64 24 102 240 104 148 145 127 224 48 54 72 27 63 169 54 21 119 210 101 139 6
153 18 26 169 66 0 33 85 116 25 246 118 17 147 232 105 120 136 34 152 11 150 195 64 212 129 114 12 121 8 160 160
168 17 18 140 77 119 177 64 196 44 198 2 132 144 34 199 232 12 138 32 0 179 16 128 21 161 2 47 16 121 61 134
96 32 2 137 72 9 32 72 102 32 194 138 130 128 32 80 104 140 106 128 8 211 199 16 148 32 130 56 17 8 50 128
32 160 148 153 75 207 32 200 22 176 224 10 198 208 96 128 89 92 226 16 2 83 91 17 29 128 13 125 80 8 13 130
25 98 139 161 68 12 33 86 118 25 102 86 17 131 224 72 120 8 2 156 3 190 129 0 212 225 114 96 168 8 97 168
16 0 7 137 74 11 32 72 118 32 194 198 194 192 32 64 120 68 106 0 9 211 207 16 20 162 195 16 56 8 48 208
96 32 6 13 75 11 32 72 102 0 194 8 64 130 0 210 104 204 106 128 8 83 203 16 20 32 3 56 0 8 42 128
25 106 143 185 0 139 97 82 116 25 102 86 147 131 160 105 104 136 6 152 11 248 7 0 196 193 242 64 232 136 96 168
40 32 18 168 73 71 160 72 12 4 248 3 4 18 43 130 200 128 194 162 72 179 81 8 21 128 138 31 81 10 110 130
16 32 7 1 10 11 160 72 118 36 194 66 194 128 64 64 120 12 106 8 0 241 207 16 20 2 35 16 105 0 123 128
32 32 20 137 79 79 176 72 150 180 240 10 68 208 96 132 249 152 234 16 2 99 219 145 29 128 15 63 17 8 45 130
80 0 6 129 14 11 33 64 110 32 194 10 194 0 32 192 104 140 106 0 0 209 197 80 148 32 3 48 0 8 49 128
145 2 79 201 12 169 97 18 36 17 198 118 83 1 224 105 104 140 42 156 11 184 103 16 212 161 242 64 185 136 112 32
104 16 18 168 73 79 176 64 132 44 224 11 4 128 42 211 232 156 202 33 68 19 144 16 149 32 2 47 17 12 63 130
80 2 143 205 12 2 33 88 118 128 194 70 209 227 160 66 120 196 106 136 1 209 131 204 84 162 227 0 40 40 113 32
0 32 6 29 8 143 33 72 246 160 194 0 80 192 32 194 120 108 106 128 0 241 207 0 20 32 35 0 65 8 48 128
48 32 128 141 79 75 160 72 46 164 176 11 6 128 64 146 104 220 234 1 8 115 219 80 29 0 15 59 65 40 79 130
117 38 207 87 136 10 7 184 82 178 66 236 83 225 145 11 25 102 96 62 185 243 175 42 40 175 101 20 233 248 80 32
6 164 148 23 153 67 22 200 150 183 0 1 228 242 75 207 145 95 232 18 54 81 139 59 41 6 77 111 130 116 15 6
65 34 143 133 10 10 97 64 100 160 226 66 212 130 144 114 96 196 106 136 1 209 135 64 156 34 167 0 41 32 99 32
65 32 23 133 10 8 97 64 108 160 226 66 212 130 80 114 96 196 106 136 1 209 133 64 148 32 139 0 40 0 35 32
53 14 199 62 136 34 71 184 82 226 98 236 115 225 185 59 25 102 96 46 233 242 143 46 104 174 101 16 233 241 66 33
6 172 148 18 153 247 22 168 54 183 0 17 236 242 75 220 145 79 160 48 54 80 27 63 41 22 77 111 146 117 143 6
48 32 2 136 9 68 128 64 12 140 176 2 130 18 34 148 232 128 202 160 8 171 81 70 145 0 138 91 65 8 110 130
48 32 0 141 79 73 160 72 46 164 176 11 2 128 64 146 104 204 106 1 8 115 209 80 21 0 3 57 65 8 70 130
80 2 143 77 8 2 33 72 118 128 226 66 208 224 160 66 112 68 106 8 1 211 131 4 84 34 231 0 40 40 96 32
103 0 89 224 202 0 168 64 136 48 48 74 157 10 117 123 106 129 18 153 18 34 196 208 20 136 234 232 157 0 3 128
32 32 6 25 75 131 32 72 118 128 194 8 64 194 96 80 120 108 106 0 0 211 207 16 21 1 39 8 80 0 34 128
9 34 9 169 70 136 225 80 100 17 115 86 157 131 208 10 42 8 66 140 19 176 135 65 196 129 50 32 105 128 35 160
112 16 18 137 89 77 176 72 12 44 232 11 4 146 35 214 200 156 202 32 4 3 208 0 149 32 2 59 16 10 63 142
1 2 79 129 4 137 97 21 228 17 71 198 179 1 160 74 104 40 106 24 11 176 39 0 196 129 178 0 168 136 80 160
32 32 20 137 75 79 32 72 22 180 224 10 198 192 96 128 121 28 226 16 2 83 91 17 29 128 15 61 80 8 45 130
65 34 143 5 8 10 33 64 100 160 194 66 208 130 144 114 96 196 106 136 1 209 135 64 156 34 167 0 41 32 99 32
86 136 80 225 71 12 202 192 105 36 178 10 14 10 84 0 170 129 7 195 0 49 17 224 149 136 10 53 117 9 97 2
16 0 2 128 65 68 160 64 36 36 162 3 0 18 98 144 232 128 74 226 20 147 17 64 21 0 154 71 65 1 110 130
96 48 2 136 77 86 32 68 196 4 195 8 132 144 35 203 216 28 138 112 4 131 146 128 145 48 10 111 16 9 61 134
48 32 132 141 75 75 160 72 38 164 160 11 6 128 64 146 104 220 234 0 8 115 219 16 29 0 15 57 65 40 15 130
32 32 20 137 75 79 160 72 150 176 224 10 70 208 96 132 121 220 234 16 2 83 91 17 29 128 15 63 81 8 45 130
25 34 11 161 68 9 225 82 36 17 114 94 147 129 144 11 104 8 66 13 1 180 135 0 212 129 114 0 105 8 83 160
49 50 11 161 70 41 33 82 4 160 74 230 147 129 225 74 104 136 2 152 9 144 69 128 196 129 178 32 41 8 16 168
0 32 158 29 10 219 32 72 246 244 198 8 64 224 98 6 89 108 106 16 4 209 255 28 28 2 5 55 16 40 4 196
6 172 148 18 185 247 22 172 54 187 0 16 76 242 73 220 145 95 160 48 50 64 11 63 169 22 21 103 144 117 143 6
112 0 14 137 12 75 32 72 102 100 194 2 194 130 34 64 104 132 106 0 12 195 223 16 148 34 131 25 16 8 52 198
33 32 14 9 72 11 161 72 118 224 198 8 82 192 2 100 121 76 106 12 1 211 111 16 29 2 69 32 64 8 50 224
53 14 207 126 170 42 71 184 82 162 98 232 115 225 153 59 29 102 100 46 233 242 175 46 104 175 101 16 233 249 66 32
64 16 167 29 9 66 0 72 118 240 194 5 64 228 32 66 81 68 234 0 42 211 251 29 29 34 69 14 16 40 52 86
0 32 135 28 73 74 32 72 54 240 194 13 64 228 32 80 120 204 106 0 8 211 219 0 21 34 3 12 0 0 54 210
88 32 142 29 74 18 32 72 118 128 198 8 80 224 96 114 113 108 106 8 8 211 207 24 93 35 101 9 64 32 50 160
24 128 134 29 11 139 32 248 182 176 198 0 64 224 32 80 49 108 106 40 32 209 139 29 77 163 101 20 112 8 48 128
112 128 134 29 72 134 1 200 246 56 194 0 112 240 32 208 81 108 106 0 2 211 203 29 24 34 101 44 16 40 48 128
32 48 134 21 11 143 32 72 182 184 194 72 80 244 96 130 121 124 234 0 1 209 203 16 29 0 37 54 8 8 2 178
65 0 142 29 72 19 33 72 118 160 198 8 112 224 32 114 81 108 106 8 0 211 251 17 84 34 69 8 64 32 34 36
97 48 135 13 72 11 33 72 246 160 194 109 66 224 64 82 113 108 106 4 13 211 203 17 28 34 69 16 64 40 50 80
112 32 134 13 74 75 32 72 54 244 68 8 64 224 194 80 81 108 106 8 4 211 203 16 156 2 5 45 48 40 6 192
4 172 148 30 153 203 22 168 54 51 64 17 102 240 42 80 145 110 160 48 54 208 27 63 41 166 69 127 210 100 136 6
165 220 207 94 152 43 71 184 82 130 98 108 115 225 169 17 17 102 96 46 105 192 158 63 40 175 101 24 120 240 66 40
68 172 148 26 145 235 22 172 54 183 78 17 110 240 106 84 145 110 160 50 50 72 11 63 169 54 5 119 210 119 143 6
48 32 6 29 25 11 32 72 54 176 194 0 66 240 96 0 89 76 234 16 8 209 207 28 29 2 5 36 48 8 0 146
173 80 138 136 69 87 160 88 212 220 117 54 80 212 235 233 248 12 130 50 69 247 178 128 87 225 226 45 91 62 126 214
165 78 199 94 136 34 71 184 210 130 98 232 115 225 137 59 17 102 96 42 233 240 142 47 40 174 101 16 233 241 66 32
96 0 22 137 74 3 32 72 102 0 194 2 192 130 32 80 104 140 106 128 8 211 207 16 21 32 3 40 16 8 48 130
113 48 135 28 74 2 33 88 118 192 194 236 64 224 226 82 81 108 106 0 13 211 239 24 28 34 69 8 72 32 50 208
16 0 6 137 10 11 32 72 230 32 194 2 210 128 32 64 104 12 106 8 0 241 155 16 148 162 35 16 48 8 49 128
48 150 134 61 26 7 0 248 22 184 66 102 96 225 32 83 17 108 104 32 41 211 203 29 10 226 197 20 122 32 48 18
152 66 130 129 69 93 36 68 116 47 118 22 128 131 106 204 120 140 162 224 36 180 49 192 151 193 210 7 35 24 237 134
67 12 88 208 70 128 248 0 201 18 176 66 24 10 20 91 111 129 23 132 36 46 68 208 20 136 218 16 93 0 97 0
33 160 142 29 8 19 33 200 22 240 198 136 112 228 130 102 81 108 106 44 9 211 239 29 13 34 197 52 112 40 32 224
117 38 206 119 136 2 7 184 82 242 102 232 83 225 145 43 25 102 96 58 185 243 143 42 106 174 101 4 237 248 80 0
77 128 134 29 168 147 0 168 150 180 70 0 224 224 170 71 17 110 104 40 34 193 171 29 12 35 69 61 16 32 24 0
120 34 16 164 45 9 72 16 41 172 178 9 143 11 66 146 130 197 108 4 12 96 193 128 146 217 1 49 66 132 74 1
16 32 7 13 74 203 32 72 246 228 194 8 192 192 64 66 120 108 106 0 6 211 239 29 28 2 5 48 0 8 36 196
96 0 7 137 72 75 32 72 102 100 194 2 194 128 32 64 104 132 106 0 12 211 205 16 148 34 131 48 16 8 52 198
17 32 6 1 72 11 32 88 230 160 194 64 82 128 32 98 104 76 106 12 0 209 143 20 85 2 37 0 64 8 50 160
153 18 139 243 36 246 113 80 117 75 71 246 17 151 234 109 124 188 166 156 141 214 164 192 210 225 242 196 186 157 56 245
172 112 170 233 101 87 177 88 20 94 117 55 146 220 235 233 216 28 130 50 77 247 50 128 195 241 226 47 82 62 124 215
96 48 6 12 73 7 32 72 118 160 194 77 80 196 0 210 88 76 234 0 11 211 219 17 21 32 3 40 8 12 58 178
157 50 59 177 224 56 161 88 116 93 118 116 153 131 234 105 122 8 6 156 159 244 167 64 196 193 114 4 235 129 163 241
48 34 14 137 74 11 160 72 102 32 194 206 194 128 0 64 104 132 106 8 8 195 203 16 212 35 163 49 56 8 56 128
153 50 11 225 164 89 97 81 52 120 87 246 147 135 232 105 120 8 38 92 27 144 167 0 212 193 242 96 56 136 240 241
10 184 52 27 41 221 48 136 191 124 69 5 236 222 71 132 135 59 249 83 70 88 219 245 15 81 13 227 18 7 13 95
25 50 139 41 2 6 97 86 116 89 231 118 19 131 226 105 124 140 38 152 139 214 101 0 196 225 114 68 186 136 224 177
168 17 18 136 105 221 49 72 132 12 229 9 140 212 43 199 216 56 202 96 4 163 114 8 215 81 2 59 18 46 45 215
37 164 143 117 152 2 4 184 214 242 66 224 83 224 145 43 17 100 104 56 185 241 143 8 104 43 101 4 232 248 80 32
153 50 159 177 6 1 97 86 118 25 246 118 19 131 224 105 120 136 6 156 139 246 103 64 212 193 114 0 185 136 97 168
153 66 139 113 0 171 97 82 116 73 102 246 83 131 160 105 120 138 38 28 139 220 39 0 212 195 114 64 234 136 112 56
86 176 148 23 155 87 20 200 22 178 64 1 100 246 73 142 149 94 233 18 2 81 155 57 9 2 77 111 128 116 15 134
32 32 20 152 79 223 176 72 22 180 240 11 196 208 98 196 249 184 234 0 6 115 219 145 29 128 7 63 80 8 45 130
121 22 235 108 50 2 67 122 114 235 246 252 83 37 176 112 92 196 108 44 185 191 229 15 242 239 49 208 239 160 114 113
40 16 18 136 73 95 176 64 132 12 232 9 6 146 34 214 200 156 194 32 4 163 16 0 17 49 10 63 82 14 47 214
81 34 143 205 12 2 97 88 246 160 194 102 209 163 160 98 120 196 106 136 1 209 167 12 84 163 226 0 41 168 112 160
25 26 75 121 0 170 97 82 116 81 230 246 19 129 224 120 112 140 38 156 139 152 167 16 196 233 178 64 57 137 112 160
74 48 50 24 73 221 176 72 142 204 65 9 172 214 107 212 144 57 203 33 70 3 242 17 21 80 11 59 18 6 15 214
96 32 64 129 77 73 224 72 47 164 240 139 130 136 68 128 104 140 202 129 8 115 211 208 21 0 3 59 65 8 126 130
14 188 148 19 153 215 50 168 190 181 0 17 204 246 79 157 145 91 233 17 54 64 155 119 45 22 95 111 146 117 143 198
101 38 207 126 152 2 6 184 210 178 98 232 115 225 145 59 21 102 96 42 169 242 175 46 40 175 101 16 233 240 66 32
53 6 207 126 138 2 71 248 82 226 246 236 115 225 153 59 31 238 100 46 233 243 175 47 248 175 101 144 237 248 114 49
17 34 31 133 14 10 233 64 108 32 226 66 221 130 144 114 106 197 110 136 1 209 133 192 148 32 170 0 41 0 35 32
22 164 148 26 155 215 22 168 62 183 64 0 100 242 73 156 145 95 224 48 54 208 155 63 41 22 69 111 130 116 15 6
96 16 2 136 73 86 144 72 12 12 225 11 134 146 34 212 216 128 202 32 12 35 81 64 145 16 10 91 80 12 47 70
11 8 89 225 78 129 233 20 136 16 48 202 157 10 80 18 42 33 19 153 1 2 6 192 76 137 238 168 29 16 19 128
4 164 148 26 153 211 18 168 62 189 64 1 102 240 107 220 145 94 224 48 54 208 139 63 41 54 69 111 208 36 13 6
25 162 141 169 6 137 97 208 228 17 118 70 157 131 192 10 106 136 10 220 3 176 71 65 196 129 50 0 121 128 33 160
78 56 52 26 105 213 48 0 174 164 5 9 236 214 70 198 128 61 235 1 6 65 250 89 5 16 9 59 18 38 13 70
17 34 15 5 8 10 33 64 236 160 226 66 208 130 208 114 104 196 106 136 1 209 133 64 148 32 163 0 9 0 99 32
32 32 0 141 75 73 160 72 38 164 240 11 134 144 64 146 104 204 234 0 8 243 211 16 21 0 11 57 97 40 46 130
96 16 18 128 73 95 176 72 236 44 162 11 6 148 42 196 248 148 202 34 4 3 16 64 145 48 10 55 16 9 47 150
145 2 79 113 6 137 97 16 100 17 102 214 179 1 232 105 96 136 42 28 3 184 39 0 68 137 178 64 185 136 208 160
117 174 207 126 154 2 71 184 210 242 98 236 115 225 153 59 21 230 96 46 169 242 143 47 104 239 101 20 233 240 66 32
84 8 80 129 199 76 236 65 105 36 178 10 12 10 20 194 170 133 14 131 8 51 145 192 181 128 138 49 101 40 237 130
36 48 2 136 73 215 144 68 172 132 192 9 132 210 42 148 216 48 202 96 4 131 18 64 145 16 10 95 0 23 47 214
40 112 18 136 73 214 48 68 204 4 192 1 132 212 34 222 200 60 202 49 4 131 210 0 17 48 2 47 16 28 45 214
6 164 148 27 153 215 22 168 62 183 64 1 108 246 79 152 145 91 161 16 54 80 155 63 41 22 69 111 208 116 15 6
101 2 89 178 68 128 233 0 232 18 176 66 185 10 20 90 107 129 2 138 1 38 68 242 20 156 250 32 29 0 97 128
25 42 11 161 70 40 225 82 36 82 126 70 147 1 128 11 104 138 66 140 3 186 135 0 196 225 114 0 105 200 115 160
74 56 16 30 105 221 178 8 174 28 1 9 236 214 103 132 128 59 234 67 6 9 90 57 5 16 9 59 18 7 13 199
121 2 77 105 18 130 65 27 86 97 230 244 83 1 128 120 84 140 44 156 169 159 101 28 208 239 48 80 249 128 96 41
32 32 20 24 75 95 48 72 22 180 224 10 196 210 64 132 249 88 234 16 6 115 219 17 29 130 5 63 80 8 45 130
17 34 143 93 8 10 32 88 246 160 226 100 81 227 160 114 120 228 106 8 9 241 175 12 84 35 231 0 41 168 96 160
6 172 150 27 153 215 50 168 190 181 0 17 204 246 79 157 145 123 234 16 54 64 155 55 45 22 69 111 146 116 141 70
53 166 207 126 154 2 71 248 82 226 98 236 115 225 153 59 29 238 100 46 233 243 175 47 120 175 101 20 233 248 98 49
96 32 0 129 79 73 160 72 46 164 240 139 134 128 64 146 104 204 234 128 8 115 211 80 21 0 11 59 65 8 110 130
17 34 15 133 8 10 225 64 236 160 226 66 212 130 208 114 104 196 106 136 1 209 133 64 148 32 171 0 41 0 99 32
70 176 150 22 137 215 52 200 150 182 0 9 196 246 75 142 145 127 233 18 38 65 155 56 13 18 77 127 130 116 15 198
33 2 143 93 8 2 33 88 246 160 226 68 83 225 160 82 120 100 106 8 9 241 139 28 84 162 99 0 72 168 96 32
48 32 22 9 75 95 48 72 22 180 224 9 198 210 98 196 89 24 234 16 6 211 219 17 29 130 5 63 80 8 45 134
65 0 14 137 72 9 33 72 102 32 194 10 194 128 32 64 104 140 106 12 9 211 207 16 20 32 131 56 16 8 48 160
249 54 111 100 20 35 67 115 80 233 246 254 115 37 144 49 60 228 124 60 169 255 101 14 250 239 49 208 239 168 82 121
112 32 142 29 74 2 32 72 246 128 194 136 64 192 0 82 88 76 106 0 8 211 207 28 20 34 5 24 64 0 50 160
118 32 132 5 139 91 148 136 43 182 130 137 194 112 71 158 1 213 237 145 12 67 223 128 153 18 207 127 132 116 31 70
185 54 235 124 54 254 75 16 51 201 247 245 91 205 154 112 22 236 125 61 169 245 229 14 194 239 49 208 239 132 114 113
14 56 20 31 25 221 50 0 174 156 69 1 172 214 71 198 128 123 249 83 70 72 219 253 7 48 11 59 18 7 15 198
121 146 105 101 18 2 75 123 82 235 246 254 83 37 144 48 93 228 116 172 185 191 229 31 240 239 177 208 109 168 82 121
249 22 233 108 58 179 75 27 87 105 247 252 83 233 146 112 23 196 124 172 187 175 101 31 242 239 49 212 255 130 98 113
112 50 134 93 74 3 32 88 118 160 194 100 64 224 160 80 112 76 106 0 0 210 207 17 84 34 101 40 120 32 34 128
117 166 207 117 142 11 103 184 118 243 194 238 83 225 217 43 57 204 108 46 169 240 239 10 124 175 229 132 237 248 114 48
1 32 6 29 9 143 32 72 182 188 198 0 64 208 32 68 89 124 234 0 0 209 203 20 28 2 5 22 16 8 56 128
113 0 6 9 75 15 32 72 102 36 194 2 194 144 32 64 104 132 106 128 8 211 203 16 148 34 131 16 48 8 56 128
10 248 52 27 41 221 50 136 191 124 69 1 172 222 70 132 133 59 241 67 70 88 218 245 15 81 9 43 18 38 15 215
78 176 150 150 201 87 52 232 154 182 130 9 204 246 75 142 145 127 235 17 6 67 155 112 29 50 77 63 130 116 15 198
74 184 48 31 121 221 178 136 174 220 65 9 236 222 79 132 133 59 249 81 70 64 250 253 15 80 11 107 18 7 13 223
74 248 52 31 9 221 176 136 174 124 5 9 236 212 71 198 129 121 249 81 70 65 186 241 15 112 11 47 18 39 13 215
74 248 52 19 105 221 178 142 174 61 2 1 172 158 70 198 129 91 251 67 70 88 219 117 15 80 30 43 18 5 13 79
98 0 16 158 73 205 144 64 138 132 161 9 172 210 34 144 200 177 202 1 36 3 90 90 145 20 11 59 16 42 15 134
54 56 18 152 9 205 144 96 137 4 161 9 166 212 38 148 136 177 206 1 8 35 82 93 145 20 8 59 80 46 15 6
120 32 208 165 41 73 72 0 105 164 162 137 207 34 66 214 130 197 236 4 12 96 193 192 150 241 3 19 98 132 79 4
57 18 235 108 50 246 123 80 247 79 247 244 91 205 186 112 86 236 29 61 185 151 36 14 242 239 49 192 239 135 102 113
142 120 48 127 41 221 27 80 31 206 85 189 174 220 39 188 150 57 151 67 167 140 122 251 71 93 9 187 82 37 15 215
157 18 139 249 164 246 121 80 21 207 215 246 209 214 235 105 124 60 150 190 141 215 174 194 194 249 243 132 186 221 60 245
188 50 178 249 37 215 177 80 21 206 213 183 206 221 107 236 220 60 134 18 205 247 50 130 195 213 67 15 18 252 124 247
157 178 251 179 160 17 97 216 118 111 119 246 29 135 234 105 127 137 38 156 155 244 47 194 210 197 50 196 171 129 33 241
157 18 203 241 164 27 97 80 118 105 87 246 19 133 232 105 124 136 6 28 187 212 37 130 214 205 114 196 190 136 240 241
138 121 52 27 41 221 178 8 191 92 69 37 236 222 71 133 133 59 251 67 70 72 250 245 7 81 11 171 18 7 15 215
153 178 139 249 32 11 97 84 118 105 119 246 19 131 232 105 125 136 6 156 139 212 101 0 198 201 242 132 58 136 224 241
172 17 54 136 109 215 176 72 140 156 244 19 142 212 42 207 216 56 138 96 36 183 114 128 151 113 66 15 18 44 45 215
174 17 22 156 105 223 144 64 140 12 244 9 140 214 42 135 216 49 194 96 4 35 82 136 117 81 74 63 82 46 47 215
50 160 22 153 9 223 176 200 158 180 130 11 196 214 98 196 217 60 234 0 6 227 219 209 153 18 7 63 82 12 45 198
81 2 207 109 76 2 97 120 116 192 226 230 83 227 160 98 120 196 106 140 137 243 167 8 84 171 227 0 41 168 112 32
249 30 111 109 50 42 67 50 113 105 254 252 83 37 144 112 93 196 92 60 185 191 101 15 242 239 48 208 239 138 114 113
14 184 148 27 217 221 48 136 191 181 0 17 236 254 79 142 145 123 235 17 54 73 154 113 15 18 95 111 146 116 143 198
25 10 203 243 4 138 97 80 118 89 102 118 19 131 224 105 112 138 14 156 139 216 37 112 198 233 242 64 187 136 112 184
14 48 16 24 105 221 144 72 142 76 73 9 204 214 42 148 144 57 203 35 6 3 250 29 21 81 11 59 18 6 15 215
117 6 207 125 178 2 79 248 82 234 246 238 115 97 145 113 95 236 116 46 233 243 237 14 248 175 101 148 237 248 114 49
50 32 2 129 73 77 160 72 174 164 242 11 134 148 66 150 232 220 234 0 12 115 219 208 149 0 11 59 65 12 15 130
108 16 18 136 73 95 150 73 140 12 232 9 6 150 42 212 216 149 202 35 4 3 80 12 17 20 10 31 82 15 175 215
65 34 15 5 74 10 97 80 108 224 226 102 209 130 208 114 104 204 106 140 129 211 229 64 212 33 163 0 40 128 35 160
153 42 79 121 0 138 97 18 118 89 102 246 147 1 144 121 120 136 46 156 139 188 103 16 198 233 242 64 233 128 96 176
129 42 93 251 110 136 233 80 174 16 84 86 157 131 240 43 98 41 23 136 3 28 166 240 196 193 234 168 60 128 1 160
70 160 148 29 201 85 52 232 186 182 192 9 236 246 74 150 145 95 235 17 6 67 219 81 29 50 79 63 130 100 15 198
78 56 50 26 89 221 50 64 174 204 133 9 172 214 66 196 128 49 235 67 6 65 250 121 7 16 11 59 18 39 15 215
117 166 207 117 140 10 101 248 118 242 226 230 83 225 144 115 57 196 108 172 169 241 239 14 92 175 229 132 237 232 114 32
104 17 18 136 65 95 182 65 136 44 160 11 134 148 42 212 248 148 202 96 12 163 16 192 177 16 10 63 64 13 175 198
249 146 233 101 18 10 67 82 119 105 246 254 83 5 144 112 124 172 124 12 185 188 101 15 242 239 176 208 109 136 82 112
74 184 52 31 121 221 50 138 174 252 5 1 172 214 71 134 129 123 235 67 6 73 251 245 15 113 27 59 18 5 15 223
25 2 73 241 70 136 97 18 116 18 118 198 147 131 240 105 112 8 38 156 131 148 167 1 196 201 242 32 57 136 81 160
44 17 18 8 201 215 176 64 140 140 192 9 132 214 34 148 216 48 202 32 4 3 82 72 145 16 10 31 66 46 47 214
65 66 201 161 198 40 237 23 232 18 120 86 157 2 240 90 107 128 2 136 1 52 4 208 68 129 250 40 61 88 195 160
25 34 73 57 6 168 97 82 116 81 86 230 147 1 192 105 120 136 6 140 139 176 71 0 196 225 242 0 233 200 112 160
74 184 48 27 105 221 178 136 174 60 5 9 172 214 67 196 129 59 235 67 70 73 218 121 5 16 11 59 18 7 13 79
104 84 18 136 77 214 144 70 140 12 232 11 132 212 34 198 216 48 202 32 68 3 82 128 177 48 10 63 16 124 45 135
25 3 75 97 134 171 97 80 116 73 70 230 147 1 224 105 120 138 46 156 155 152 101 0 198 201 240 0 169 200 80 160
121 18 109 121 18 139 67 17 117 105 230 246 83 1 144 120 124 164 44 156 185 156 101 30 212 239 176 208 249 136 240 112
6 172 148 27 153 215 50 136 190 181 64 17 236 246 111 157 145 95 233 17 54 80 155 127 41 22 77 111 146 100 143 198
117 6 207 126 138 2 71 248 82 194 98 236 115 225 177 59 29 230 100 46 233 243 175 46 232 175 101 144 237 240 114 48
70 160 148 21 201 87 48 232 182 180 194 9 196 246 66 134 145 93 235 16 6 83 219 16 29 50 77 63 130 100 15 198
117 162 207 117 142 10 101 248 118 242 198 230 83 225 208 98 121 76 104 44 169 243 239 8 92 171 101 4 237 232 114 176
121 135 79 101 22 42 99 54 96 64 238 198 211 33 144 115 120 196 108 236 185 184 229 13 228 235 160 64 109 170 82 48
210 184 16 154 9 221 146 202 186 60 128 9 174 214 67 148 129 179 204 67 46 15 218 127 153 16 27 59 16 5 15 78
65 6 79 99 20 138 99 20 116 1 107 196 211 3 152 112 19 132 14 188 171 176 109 31 228 175 34 68 237 130 80 32
178 9 16 158 9 237 144 64 155 6 176 9 46 210 39 157 200 179 206 1 44 39 82 250 145 16 9 59 80 108 15 6
65 6 77 107 20 138 107 16 116 1 111 196 211 3 144 112 50 132 46 252 169 176 37 127 228 175 162 64 237 131 64 40
1 14 89 107 22 138 107 16 124 0 111 196 219 1 176 112 50 140 14 62 163 176 37 126 228 175 34 0 124 131 65 32
50 28 18 154 9 237 80 67 141 6 169 25 46 210 38 144 200 179 196 0 44 15 82 242 145 20 0 59 80 76 142 6
69 2 79 35 20 138 99 16 124 64 111 196 211 3 144 112 82 132 44 62 137 176 109 94 228 239 162 0 108 130 80 32
146 8 16 154 9 205 16 67 155 22 128 25 174 214 34 148 137 187 204 1 62 15 90 115 145 16 26 59 80 12 15 14
157 18 251 233 176 87 107 80 119 79 247 246 91 199 250 104 127 136 142 158 171 181 45 194 210 205 182 196 175 134 96 241
185 146 235 107 50 155 107 208 119 107 247 246 83 5 186 112 127 140 30 60 171 149 37 30 246 239 178 196 239 130 240 113
157 178 219 243 54 27 107 216 119 107 87 246 27 135 250 104 127 136 14 156 139 180 45 210 198 207 50 196 174 138 113 241
174 16 50 158 109 221 144 96 157 204 85 27 204 214 42 205 220 57 131 32 36 35 114 216 151 113 75 59 18 46 47 215
174 84 22 152 109 215 180 77 140 140 245 27 204 220 42 135 220 49 202 33 36 163 114 200 55 113 74 15 82 60 173 215
121 158 111 109 54 58 67 114 97 105 254 238 83 45 144 112 127 198 124 44 185 187 229 15 250 239 160 208 239 170 114 113
153 18 107 115 6 138 97 80 119 73 246 246 115 3 176 120 117 138 14 156 171 180 101 59 214 235 178 192 191 128 112 113
42 17 18 152 105 223 150 64 137 12 224 9 204 214 42 148 216 177 194 96 68 163 114 204 49 113 10 63 82 47 175 215
153 10 105 123 4 139 105 23 118 73 118 118 147 131 208 104 115 136 46 156 139 180 37 114 206 205 242 192 57 144 224 240
74 56 48 158 121 253 178 74 174 92 5 9 172 222 71 196 132 59 251 67 6 73 250 253 23 81 27 59 18 5 15 95
110 17 18 152 201 223 150 64 140 12 224 9 78 214 42 196 216 177 202 97 20 131 82 202 177 52 10 27 82 63 175 215
121 22 239 101 22 170 67 50 117 105 254 238 115 5 144 112 125 132 92 188 169 188 101 15 246 239 160 208 239 138 114 113
25 66 201 249 6 168 101 86 124 74 118 246 155 131 240 105 123 136 38 156 139 144 229 80 198 201 114 0 185 208 225 176
46 17 18 152 233 247 148 68 136 140 176 9 142 246 42 212 216 176 202 97 12 131 82 200 177 16 10 27 18 126 175 214
153 34 201 121 134 170 99 150 118 65 118 246 147 1 144 120 112 138 14 220 155 176 101 43 198 239 178 0 253 209 112 112
74 188 48 26 121 253 178 202 174 124 140 9 172 222 71 196 133 27 235 67 6 79 250 245 23 16 27 59 18 5 15 95
44 20 18 152 237 215 148 69 136 140 184 11 142 214 42 196 216 177 202 33 20 35 82 200 177 52 10 27 18 124 175 199
113 22 109 101 18 10 99 51 112 105 254 254 115 33 144 112 125 132 124 172 185 188 101 47 246 239 160 208 237 170 210 113
25 139 77 113 134 139 97 146 119 65 230 230 211 1 144 120 112 142 46 220 219 152 101 42 198 239 176 192 185 136 240 48
233 135 111 101 20 42 103 48 96 64 255 236 211 33 152 115 90 198 108 110 249 184 229 45 228 235 224 192 109 171 82 48
242 185 16 154 9 253 16 206 191 63 128 9 174 214 103 148 129 187 204 65 46 11 90 127 145 16 26 59 16 5 15 94
178 25 16 158 9 237 80 74 155 6 176 9 46 246 39 156 136 179 196 1 30 43 82 251 145 18 26 59 80 108 15 6
69 7 77 109 20 10 107 48 108 64 126 196 211 3 144 112 50 132 44 188 161 176 101 126 228 239 162 64 109 131 64 32
50 28 16 152 25 237 80 67 155 5 176 25 46 254 38 157 200 187 196 1 46 43 82 249 145 176 80 59 209 76 14 14
69 15 77 97 22 138 107 48 124 64 106 196 211 1 144 112 50 132 14 238 129 176 37 110 228 238 34 0 125 131 65 32
69 7 77 109 22 10 107 48 108 64 123 196 211 97 152 112 50 132 44 110 161 176 109 14 228 175 32 0 109 130 82 32
142 61 52 154 121 221 182 67 143 76 229 9 172 222 39 149 142 59 219 67 102 11 250 253 55 81 74 59 18 45 15 215
89 22 111 107 54 186 99 182 117 73 254 230 115 37 144 112 119 132 126 188 171 188 101 63 246 239 160 192 239 131 112 113
153 82 235 243 54 171 107 156 119 75 119 246 251 67 184 120 119 136 46 156 139 180 45 122 198 239 178 128 191 211 224 113
25 82 235 107 54 170 107 150 119 75 254 246 83 3 144 112 119 142 46 156 139 180 101 126 246 239 178 192 255 147 240 113
174 25 18 154 233 213 144 96 137 140 245 27 78 254 38 214 204 177 194 65 36 163 114 200 49 81 10 27 210 46 175 215
78 61 48 158 105 253 22 67 143 76 205 9 172 214 39 148 140 51 219 67 6 11 122 253 55 81 10 59 18 127 15 215
121 22 111 101 22 170 99 50 101 73 255 230 83 37 144 112 125 198 124 188 185 184 101 47 246 239 160 192 239 131 114 113
153 26 233 123 182 170 107 146 127 75 118 246 155 67 145 120 115 170 14 156 131 180 37 122 198 239 54 128 189 208 97 113
170 17 18 152 125 214 144 100 153 140 240 11 76 254 47 148 216 177 130 49 44 163 82 206 177 48 14 95 195 44 60 215
46 29 16 158 105 221 148 65 143 204 205 9 174 246 35 132 200 179 203 3 22 3 82 251 181 52 10 59 210 126 15 215
157 10 109 107 150 138 99 144 119 75 118 246 211 1 144 112 59 142 14 156 187 188 101 62 230 239 50 192 237 129 64 112
74 188 48 26 121 221 182 238 174 127 140 9 172 158 71 132 133 19 219 67 70 79 250 245 159 21 27 59 18 5 15 223
46 20 146 156 249 221 144 97 137 140 249 11 206 244 38 148 216 177 202 33 12 35 82 200 177 52 10 59 210 126 175 215
74 56 16 158 105 221 150 73 142 30 173 9 172 214 35 148 128 51 203 3 70 11 90 249 177 20 10 59 82 110 15 215
121 150 109 103 22 42 99 178 97 72 254 238 211 37 144 113 124 230 124 172 185 184 229 47 230 239 224 192 237 170 210 113
141 139 201 123 52 138 99 144 118 65 118 246 219 3 176 120 114 138 14 220 131 184 109 123 206 207 178 192 60 137 80 48
178 184 20 186 9 253 80 206 171 63 160 25 46 150 78 149 137 187 196 1 46 11 90 245 145 210 91 63 16 68 15 78
5 71 79 99 52 138 107 144 108 64 126 196 211 3 185 112 50 132 14 190 131 176 45 94 228 255 162 4 108 146 81 32
50 24 20 190 9 237 80 78 139 30 240 9 46 254 38 157 200 179 196 1 14 43 82 241 145 210 80 59 81 76 14 206
69 7 109 111 52 10 107 176 108 64 126 196 219 99 152 113 50 68 44 236 161 176 37 124 230 255 34 64 108 163 81 32
93 158 111 107 54 154 107 178 125 73 126 230 219 7 144 112 55 134 94 188 161 184 101 127 230 239 34 192 239 130 113 113
13 222 111 105 52 138 107 146 124 73 126 230 251 3 144 112 119 132 14 188 131 184 37 94 238 239 34 192 252 131 97 113
74 184 48 146 105 253 144 238 171 127 140 25 172 158 78 148 133 27 219 65 6 75 122 245 155 85 31 127 18 4 143 223
62 24 144 158 121 221 146 75 155 92 188 9 46 252 38 148 204 179 195 3 54 11 90 251 177 84 9 59 82 12 15 223
9 78 109 105 52 138 107 18 126 73 126 230 223 65 177 112 51 172 14 188 131 176 37 95 238 239 34 132 60 131 65 113
50 176 20 186 105 221 80 207 171 61 168 25 175 254 74 156 137 147 197 1 14 11 90 177 153 210 89 63 48 4 142 223
186 176 16 178 233 221 80 207 171 61 160 25 46 222 74 148 129 147 221 1 30 79 90 211 153 212 29 127 50 4 142 95
