104 48 112 64 101 29 81 16 105 136 52 8 30 17 132 180 132 148 214 8 136 96 240 192 199 217 32 18 66 128 66 35
3 6 6 157 12 131 172 104 148 2 210 199 104 234 176 199 124 100 42 167 100 209 15 221 20 34 203 128 28 124 56 4
104 48 56 96 33 77 81 16 105 136 52 8 159 23 0 48 132 20 93 8 136 96 176 0 195 217 32 16 66 128 66 35
177 207 64 30 214 129 206 247 84 2 24 246 97 96 180 5 73 226 18 207 250 76 12 63 40 46 229 192 125 216 240 140
3 142 2 154 28 147 138 236 86 1 88 66 96 232 184 196 89 42 19 141 167 170 15 191 40 38 155 136 28 14 184 140
104 48 56 96 33 76 81 16 97 8 52 8 159 23 0 48 132 20 93 8 136 96 176 0 195 249 32 16 66 128 66 35
3 143 3 158 20 131 170 230 86 0 90 70 96 226 180 228 89 106 2 140 135 152 14 255 32 46 138 128 28 10 112 140
2 140 2 158 23 195 178 230 22 4 90 3 96 250 32 64 89 123 131 129 34 152 10 255 32 38 138 3 20 14 60 138
104 48 56 96 32 76 81 16 105 136 52 8 159 23 0 48 132 20 93 8 136 96 176 0 195 249 32 16 64 128 66 35
104 48 56 96 33 77 81 16 105 136 52 8 159 23 0 48 132 20 93 8 136 96 176 0 195 217 32 16 66 128 66 35
2 141 2 158 21 195 186 230 22 4 90 163 96 234 50 64 89 107 131 129 34 184 10 255 32 38 138 3 20 14 60 138
3 143 3 158 20 147 170 230 86 0 90 70 96 226 180 228 89 106 18 141 167 152 14 255 32 46 138 128 28 14 48 140
2 141 2 158 20 131 170 230 22 0 90 2 96 234 48 64 89 106 19 129 2 184 10 255 32 38 138 128 20 14 48 136
3 143 3 158 20 131 170 230 86 0 90 198 96 226 180 196 89 106 2 141 135 184 12 255 32 46 138 128 28 14 112 140
104 48 56 96 32 76 81 16 105 136 52 8 159 23 0 48 132 20 93 8 136 96 176 0 195 249 32 16 64 128 66 35
2 141 0 156 147 144 182 167 30 7 72 147 44 40 38 196 161 99 131 129 118 8 0 255 40 54 158 67 16 84 185 78
104 48 56 96 33 77 81 16 105 136 52 8 159 23 0 48 132 21 93 8 136 96 176 0 195 249 32 16 66 128 66 35
3 143 2 158 20 147 170 230 86 1 88 70 96 224 180 228 89 106 2 140 167 184 12 255 32 46 138 136 29 10 120 140
2 221 0 158 147 208 182 167 30 69 72 131 44 44 38 196 225 115 147 129 118 8 28 255 41 54 158 67 21 86 189 94
104 48 56 96 33 12 81 16 97 8 52 8 31 23 0 48 132 20 93 8 136 96 176 0 195 249 32 16 66 128 66 35
3 142 2 155 20 147 138 236 86 1 88 198 96 232 188 196 89 42 18 141 167 170 15 255 40 38 155 136 28 14 56 140
104 48 120 96 34 77 81 16 105 136 52 40 159 31 0 16 134 21 221 8 128 96 176 0 195 249 32 131 98 128 71 19
130 143 6 158 21 131 174 226 148 6 90 163 96 234 48 193 89 106 139 199 38 153 14 255 32 38 138 129 20 12 56 140
2 157 136 158 147 197 182 175 30 71 73 179 100 126 42 64 181 115 147 131 118 8 24 127 41 38 159 195 16 86 189 94
104 48 112 96 101 29 81 16 105 8 52 8 30 19 4 180 132 148 213 8 137 96 240 192 199 249 32 18 66 128 66 35
38 130 0 153 221 145 138 200 22 53 80 147 96 202 122 192 89 10 130 149 54 50 79 151 28 6 143 111 21 12 184 134
124 32 250 96 75 105 81 64 227 2 165 26 27 151 97 56 42 184 81 138 8 35 178 0 211 201 0 57 231 113 102 162
104 48 56 96 32 77 81 16 105 168 52 8 159 31 64 48 134 149 93 8 8 96 240 0 195 217 33 177 66 128 70 51
3 134 2 155 221 145 138 236 22 1 89 211 96 234 186 196 89 74 130 149 38 186 79 191 44 6 159 109 157 14 184 140
104 48 56 96 33 29 81 16 105 168 180 8 159 31 64 50 134 212 92 8 136 96 240 128 195 249 33 50 66 128 66 35
130 143 2 158 21 131 142 230 150 4 88 231 96 232 48 192 89 107 131 71 38 170 14 191 40 38 138 139 21 14 56 140
104 48 120 96 32 77 81 16 105 136 52 40 159 23 0 48 134 21 93 8 136 96 176 0 195 217 32 145 98 128 70 35
3 207 65 142 150 129 142 167 70 64 72 230 97 96 180 196 78 98 2 207 243 8 44 63 40 36 174 192 61 158 176 92
72 48 56 96 33 77 81 16 105 136 52 8 159 23 0 48 132 21 221 8 136 96 176 0 195 249 32 16 66 128 67 35
130 143 6 158 22 131 178 230 150 5 88 163 96 232 32 192 89 122 131 193 38 184 10 255 40 38 154 11 20 8 60 138
88 48 120 96 32 76 81 16 105 136 52 40 159 23 128 50 166 85 221 8 136 96 176 0 195 249 32 144 98 128 71 51
3 143 3 158 20 131 174 226 86 0 88 198 96 232 180 228 88 106 2 207 167 186 12 255 32 46 138 0 29 142 112 140
104 48 56 96 32 77 81 16 105 136 52 8 159 23 0 48 132 20 93 8 136 96 176 0 195 217 32 16 66 128 70 51
130 143 6 158 20 147 170 230 150 5 88 163 96 232 48 192 89 106 131 193 38 186 14 255 40 38 154 131 21 12 60 142
3 142 3 158 20 147 170 230 86 0 90 198 96 226 180 228 121 106 18 141 167 152 14 255 32 38 138 128 28 14 56 140
2 141 2 158 20 131 170 230 22 1 88 2 96 232 48 64 89 106 19 195 34 186 8 255 40 38 138 128 21 10 48 136
3 143 3 158 20 131 170 230 86 0 88 198 96 234 180 196 120 106 2 141 167 186 12 255 32 46 138 128 29 14 120 140
35 207 96 142 150 145 143 230 70 0 92 226 97 96 180 100 90 98 2 207 210 40 44 61 40 44 174 192 53 154 240 172
104 48 56 96 33 76 81 16 97 136 52 8 159 23 0 48 132 20 93 8 136 96 176 0 195 249 32 16 66 128 70 51
2 143 2 158 23 131 186 230 22 4 88 231 96 234 34 192 89 107 131 133 38 152 14 255 32 38 138 131 28 14 56 156
2 141 0 158 147 209 182 167 28 69 72 131 44 44 38 196 193 99 131 193 118 8 4 255 40 54 158 3 20 84 189 78
208 177 56 116 32 204 85 55 249 136 180 24 182 183 0 50 132 191 93 8 216 105 176 73 195 249 116 18 96 192 194 43
104 48 56 96 33 77 81 16 105 136 52 8 159 23 0 48 132 21 93 8 136 96 176 0 195 249 32 16 66 128 66 35
3 143 2 158 20 147 170 230 86 0 90 198 96 224 188 196 89 106 2 141 166 184 14 255 32 38 138 128 29 14 120 140
104 48 56 96 33 77 81 16 105 136 52 8 159 23 0 48 132 21 93 8 136 96 176 0 195 217 32 16 66 128 66 35
130 142 6 158 28 131 174 232 148 2 210 199 96 232 176 197 89 98 42 103 100 253 15 255 32 34 203 128 21 44 56 132
2 157 0 158 147 192 150 231 30 65 73 163 100 124 46 192 249 115 147 131 118 8 28 255 40 38 158 195 21 86 189 30
104 48 56 96 33 93 81 16 105 168 180 8 158 31 0 52 132 148 93 8 136 96 240 192 195 217 33 50 98 128 66 35
35 134 0 155 92 147 170 200 22 1 80 211 224 200 186 192 89 10 130 133 38 178 79 255 60 6 159 237 29 14 184 140
88 48 88 224 35 73 80 16 41 168 52 40 159 31 64 16 166 149 221 0 0 96 128 192 210 217 35 179 98 128 7 19
130 14 6 158 28 130 174 96 148 6 210 199 96 234 48 197 120 103 171 231 100 201 15 255 48 34 202 129 20 124 56 132
6 157 137 190 146 231 183 173 30 79 73 55 228 246 42 64 213 91 51 163 118 8 26 119 105 38 143 199 144 67 165 83
105 48 113 68 101 93 113 16 105 168 180 40 154 25 212 54 142 212 76 8 137 98 240 192 199 217 5 50 66 128 66 39
130 143 6 158 30 130 174 226 148 2 210 231 96 234 176 193 121 99 42 231 100 205 15 255 32 38 203 129 28 108 56 140
88 48 121 224 35 76 81 16 41 136 54 40 159 23 128 80 166 149 253 0 0 64 176 192 211 249 32 131 98 128 7 19
179 207 65 158 150 145 142 175 86 64 72 210 97 96 190 229 89 98 18 207 243 8 44 127 40 38 143 192 61 222 240 252
3 142 7 155 156 145 138 236 86 1 217 210 96 232 60 196 89 42 34 141 166 186 79 191 44 6 159 72 28 14 184 140
72 48 120 96 33 77 81 16 105 136 52 40 159 23 0 48 134 20 221 8 136 96 176 0 195 249 32 146 98 128 66 35
130 142 14 159 28 130 174 232 148 6 210 163 96 234 48 65 121 99 43 231 100 137 15 255 32 38 203 129 21 40 60 136
88 48 113 96 99 76 81 16 41 168 54 40 159 31 0 82 166 213 253 0 0 65 176 192 215 249 37 179 98 128 7 19
3 143 3 158 20 131 170 238 214 1 88 198 96 232 52 228 121 106 2 205 167 186 28 255 32 38 138 8 29 14 112 140
104 48 56 96 32 76 81 16 105 136 52 40 159 23 0 48 134 20 93 8 137 96 176 0 195 249 32 144 64 128 70 51
130 143 14 191 28 130 174 226 148 6 210 163 97 234 176 65 121 99 43 227 100 201 15 255 32 39 235 129 21 104 60 136
3 143 2 158 20 147 170 230 214 0 88 198 96 232 180 228 121 106 2 207 167 186 28 255 40 46 138 0 29 140 120 140
2 141 10 158 20 195 174 230 22 0 90 2 112 234 48 64 121 106 19 195 34 186 26 255 40 38 174 192 21 10 176 136
3 143 3 158 20 135 170 238 86 0 88 198 96 232 180 228 121 106 2 207 167 186 28 255 40 46 138 0 29 142 112 140
51 207 96 78 214 145 142 252 70 64 92 230 97 96 188 196 94 98 2 239 251 40 44 63 40 44 165 192 63 158 248 172
104 48 57 96 33 93 81 16 105 168 52 8 159 23 64 52 132 148 221 8 136 96 240 128 195 249 33 48 66 128 70 51
130 143 2 158 22 131 170 230 150 5 88 231 96 234 50 192 89 107 131 133 38 154 14 255 32 38 138 139 29 14 56 140
72 48 120 96 33 77 81 16 105 136 52 40 159 23 0 50 134 85 221 8 136 96 176 0 195 249 32 146 98 128 67 35
3 142 6 159 28 147 170 236 86 1 216 211 96 234 190 197 89 42 34 133 38 171 79 255 44 38 155 9 28 14 184 140
104 48 121 96 33 77 81 16 105 136 52 40 158 23 0 52 134 20 93 8 136 96 176 192 195 249 32 144 66 128 70 51
3 14 142 159 12 2 172 104 148 130 210 199 97 226 176 193 121 102 106 167 228 193 15 237 52 34 235 128 20 120 56 4
130 149 4 158 146 195 182 239 22 7 73 179 100 124 42 65 213 83 147 163 118 72 9 63 40 38 191 194 148 86 181 26
105 48 241 68 101 93 113 16 105 168 180 40 154 25 196 54 134 212 76 8 137 98 240 192 199 217 5 50 66 128 66 39
90 48 113 96 98 72 121 80 41 136 116 168 31 31 128 116 166 149 223 0 128 80 160 192 215 249 32 130 102 128 7 51
147 205 37 158 150 147 142 172 212 82 200 146 97 96 186 229 89 226 50 239 253 205 47 191 40 34 223 144 53 254 176 108
39 134 4 155 157 151 138 232 86 17 208 87 224 104 60 193 217 10 42 181 46 227 79 255 188 6 143 84 29 12 184 140
88 48 121 224 99 76 113 80 41 140 52 40 30 31 128 116 166 149 223 0 0 96 160 192 215 249 32 147 98 128 71 35
16 142 14 191 28 131 140 232 150 22 210 131 225 234 58 65 121 227 107 167 110 235 79 253 236 34 251 17 21 40 56 136
131 141 7 159 29 135 174 236 214 1 216 70 96 232 60 197 121 106 10 173 39 171 95 255 36 54 139 0 29 12 112 140
146 143 6 191 30 131 170 236 150 1 216 247 97 232 186 65 89 107 10 165 38 139 79 191 168 38 171 201 61 12 184 140
51 134 4 159 29 147 138 232 86 17 208 215 224 104 62 193 217 10 42 165 46 227 79 255 172 38 139 21 29 12 184 132
105 48 113 64 97 93 121 80 105 136 52 40 158 31 132 180 166 20 223 8 129 96 176 192 215 217 0 18 106 128 66 179
74 50 115 64 98 73 121 80 41 140 116 170 14 31 132 52 166 157 215 8 128 115 160 192 86 248 0 130 103 128 103 167
80 130 140 191 12 2 76 168 134 22 194 131 227 227 56 67 73 230 110 167 106 195 79 189 212 163 251 24 48 104 48 8
147 132 5 159 29 151 134 236 214 18 194 66 224 96 60 199 217 66 106 167 111 195 95 253 181 50 219 18 28 44 120 12
18 134 4 191 28 131 136 232 150 16 210 231 225 106 186 65 89 194 111 165 46 131 79 253 180 34 251 145 60 172 56 8
