82 48 88 224 34 9 120 80 41 128 178 168 143 31 64 16 166 149 223 0 0 64 128 192 150 217 43 131 102 128 15 17
105 48 113 96 37 29 81 16 105 8 180 72 26 27 132 52 134 148 68 8 136 96 224 192 195 249 32 146 66 128 66 35
163 207 40 159 150 129 143 167 86 2 76 146 96 96 180 101 73 98 2 207 242 72 108 63 44 38 142 192 21 216 240 172
3 142 3 154 28 145 130 236 86 1 88 214 96 224 188 196 89 10 2 13 167 170 15 191 40 6 155 72 28 14 184 140
88 48 120 96 34 73 80 16 41 8 52 40 159 31 128 16 166 21 221 0 128 96 128 0 195 217 32 131 98 128 7 19
130 15 6 158 28 131 174 104 148 6 82 231 96 234 176 197 121 106 170 231 100 185 14 255 32 34 203 129 20 44 56 132
88 50 120 96 34 76 80 16 41 136 52 40 159 31 192 16 166 149 221 0 128 64 128 192 210 249 36 131 98 128 7 19
3 134 3 155 92 147 138 232 22 1 88 211 96 200 184 192 89 10 3 165 38 178 79 191 40 38 155 236 29 14 184 140
104 48 56 96 32 77 81 16 105 136 52 8 159 23 0 48 132 20 93 8 136 96 176 0 195 249 32 16 66 128 66 35
3 143 3 158 20 131 170 230 86 1 88 70 96 232 180 228 89 106 2 205 167 184 12 255 32 46 138 136 28 10 112 140
104 48 56 96 32 76 81 16 105 136 52 8 159 23 0 48 132 20 93 8 136 96 176 0 195 249 32 16 64 128 66 35
2 143 2 158 23 147 186 230 22 4 90 163 96 234 34 192 89 107 131 129 38 152 14 255 32 38 138 3 20 14 60 142
3 141 2 158 23 195 170 230 22 1 88 131 96 232 50 192 89 107 131 133 6 184 12 255 32 38 138 11 28 14 56 156
3 143 2 158 20 147 170 238 86 1 88 70 96 232 188 228 89 106 2 141 167 184 12 255 32 46 138 8 28 14 56 140
128 133 59 239 244 135 239 121 84 8 91 2 245 115 56 64 88 42 19 99 240 184 89 95 109 44 162 64 20 10 241 131
104 48 56 96 33 12 81 16 97 8 52 8 159 23 0 48 132 20 93 8 136 96 176 64 195 249 32 16 66 128 66 35
104 48 56 96 33 77 81 16 105 136 52 8 159 23 0 48 132 21 93 8 136 96 176 0 195 217 32 17 66 128 66 35
3 143 3 158 20 131 171 242 86 1 88 66 96 232 180 100 89 106 19 205 163 184 12 255 32 46 138 128 28 10 48 172
2 14 6 158 28 130 174 96 148 2 210 231 96 234 48 193 120 103 171 167 100 201 15 253 48 34 202 129 28 44 56 132
88 50 120 96 34 76 80 16 41 136 52 40 159 31 192 80 166 149 221 0 0 64 128 192 210 241 36 131 98 128 7 19
130 15 6 158 29 131 174 104 148 6 82 131 96 234 48 197 121 106 138 231 100 185 14 255 32 34 203 1 20 44 56 132
104 48 56 96 32 76 81 16 105 8 52 8 159 23 0 48 134 20 93 8 136 96 176 0 195 249 32 16 66 128 66 35
3 132 3 155 28 147 138 232 22 1 88 86 96 200 184 224 89 10 19 161 35 50 79 191 44 6 155 236 29 10 184 140
88 48 120 96 34 72 80 16 41 8 52 40 159 31 128 80 166 21 221 0 128 64 128 128 195 249 32 131 98 128 7 19
105 48 113 64 101 29 113 16 105 8 180 8 10 25 148 180 142 148 70 8 129 96 224 192 71 217 0 18 66 136 66 37
1 134 0 155 28 131 130 232 86 1 88 214 97 200 184 192 89 10 2 173 166 50 79 191 44 6 187 76 28 10 184 140
67 2 134 141 76 2 40 80 108 192 210 198 220 130 144 82 98 197 126 141 129 209 135 192 148 42 174 128 12 160 49 0
83 34 82 129 34 8 104 64 45 0 178 206 141 10 128 80 110 133 127 140 1 67 133 192 148 240 171 128 8 0 35 5
65 2 134 157 12 2 44 120 246 2 210 198 65 226 176 67 112 101 106 175 164 211 135 204 20 34 234 128 12 248 49 0
120 48 121 96 35 93 81 16 105 136 52 40 159 31 0 20 166 149 221 8 0 96 176 192 195 249 32 130 98 128 71 19
39 134 4 155 220 147 130 200 86 49 208 211 96 200 56 192 89 10 34 5 38 242 79 183 60 6 159 109 29 12 184 132
104 48 113 96 37 93 81 16 105 8 52 40 30 23 132 52 134 148 213 8 137 96 240 192 195 249 32 146 98 128 66 35
130 143 14 158 28 130 174 234 148 6 194 131 96 234 40 65 217 99 171 227 36 137 15 255 32 34 203 1 20 40 60 140
90 48 88 224 98 73 89 16 45 172 52 168 159 31 64 16 166 149 221 0 0 96 128 192 214 249 35 179 98 128 7 19
105 32 113 64 101 29 248 16 105 8 52 8 138 27 148 182 142 196 78 8 133 96 240 192 71 249 0 18 74 136 66 37
146 143 12 158 146 192 134 167 20 70 200 147 96 100 50 65 121 227 9 195 126 201 12 63 168 38 158 145 53 90 180 92
3 14 14 159 12 130 172 104 148 130 210 231 97 226 176 195 120 103 42 167 100 209 15 253 48 34 235 128 20 120 57 4
90 50 121 224 98 73 57 80 45 140 52 169 159 31 196 16 166 149 221 0 128 96 128 192 214 249 34 131 38 128 7 83
38 162 0 153 221 147 138 200 86 49 208 211 64 200 56 192 89 10 162 181 54 114 79 151 60 6 143 125 157 12 184 132
72 48 120 96 33 77 81 16 105 136 52 40 159 23 128 52 134 21 221 8 136 96 176 0 195 249 32 144 98 128 66 35
18 14 14 190 12 131 172 104 212 2 210 67 113 234 48 65 120 100 59 167 228 225 11 253 244 35 235 128 21 104 48 0
104 48 56 96 33 77 81 16 105 136 52 8 158 23 0 48 132 20 93 8 136 96 176 192 195 249 32 16 66 128 70 51
131 143 7 158 20 135 174 230 214 0 90 70 96 234 52 197 121 106 2 207 231 153 28 255 32 46 138 0 28 14 112 140
104 48 120 96 32 77 81 16 105 168 52 40 159 23 0 48 132 149 93 8 136 96 240 0 195 217 33 177 66 128 66 35
86 91 30 164 40 70 30 32 172 140 146 33 199 30 1 66 198 117 125 227 72 129 65 140 177 241 106 147 0 51 37 3
105 48 113 64 101 29 81 16 105 168 52 40 30 17 132 180 134 148 214 8 137 96 240 192 71 217 33 178 66 128 66 39
104 48 57 96 33 76 81 16 105 136 52 8 159 23 0 48 132 20 93 8 136 96 176 0 195 249 32 16 66 128 70 51
131 141 7 158 20 135 174 230 150 0 90 70 112 226 52 229 121 106 18 207 35 153 30 255 32 46 138 0 28 10 48 172
3 14 14 158 28 131 172 104 148 2 210 199 97 234 180 65 121 102 42 175 228 233 15 253 48 34 235 128 29 104 48 132
90 50 88 224 98 72 57 80 45 140 52 169 143 31 68 80 166 149 221 0 8 65 128 192 214 249 34 131 38 128 7 83
2 14 14 159 12 130 174 104 148 150 210 195 97 226 48 65 120 102 42 167 100 193 15 253 48 34 203 1 20 120 56 4
104 48 120 96 33 77 81 16 105 136 52 40 159 23 128 52 134 21 221 8 136 96 176 0 195 249 32 146 98 128 66 35
163 207 1 158 150 145 142 175 86 64 72 198 97 96 190 229 89 98 18 239 247 8 44 63 40 38 142 192 29 222 248 252
39 134 4 155 221 151 138 200 22 49 208 82 224 200 56 192 89 10 34 181 54 114 79 183 60 6 143 124 157 12 184 132
82 48 88 224 34 72 121 16 45 172 50 168 159 31 68 18 166 213 253 0 0 64 129 192 214 249 35 179 36 128 7 19
130 142 14 158 28 130 174 226 148 6 210 231 96 234 32 193 121 99 171 231 36 153 15 255 32 34 203 3 20 40 56 140
194 133 180 21 176 42 60 167 121 23 74 17 172 35 4 83 163 71 1 128 116 220 1 79 46 54 94 67 128 80 129 14
105 48 113 64 101 29 248 16 105 8 52 8 138 27 148 54 142 212 94 8 133 98 240 192 71 249 0 18 66 136 66 37
54 162 12 153 207 27 176 200 22 180 208 139 192 200 114 128 89 136 235 145 6 115 79 145 156 2 143 127 213 12 60 134
247 124 107 82 206 112 198 208 209 210 180 88 83 220 213 59 41 240 124 74 237 103 190 34 51 14 69 60 237 241 242 116
104 48 113 64 101 93 249 16 105 8 116 40 14 29 132 52 174 149 215 8 129 112 224 192 87 216 0 146 70 128 66 167
18 142 14 191 28 135 172 232 150 22 210 135 224 234 58 65 249 227 107 167 110 139 91 253 176 34 219 1 28 40 56 138
82 50 114 224 98 9 121 80 45 132 112 171 15 159 196 16 38 157 223 128 0 114 128 192 214 248 34 130 39 128 39 33
17 134 12 191 28 135 202 232 86 17 208 211 225 232 58 193 89 10 43 165 46 163 79 191 172 38 139 28 60 8 184 136
97 32 115 65 101 29 248 64 233 64 240 8 138 154 148 182 238 197 86 8 133 114 244 192 23 184 2 18 79 140 75 135
135 183 165 147 181 247 167 175 94 121 11 84 228 112 94 164 145 74 146 49 183 88 121 183 45 22 31 102 144 78 157 229
81 138 142 191 12 131 172 168 150 18 210 199 225 98 184 195 89 230 110 175 236 195 79 253 148 34 235 152 28 40 57 0
82 48 115 224 98 8 121 80 61 128 114 234 29 31 196 80 54 221 127 128 0 83 129 192 214 248 42 130 39 128 39 241
54 134 4 169 157 31 138 200 22 48 208 67 195 72 56 192 217 140 234 165 46 97 91 159 168 214 143 119 29 12 24 132
72 48 120 96 99 93 113 16 105 140 52 40 30 31 128 52 166 149 223 0 128 96 160 192 215 249 32 147 98 128 71 51
80 6 143 191 44 131 173 120 214 2 210 131 241 235 48 67 120 230 127 163 168 227 75 253 208 163 235 152 53 104 48 0
131 140 7 158 29 135 174 232 214 2 194 2 96 234 60 229 121 106 42 239 37 171 31 255 49 42 202 0 29 12 112 140
142 132 148 147 179 50 188 43 190 23 15 177 204 46 10 79 131 23 201 145 52 205 9 198 207 55 222 215 130 68 141 71
131 141 7 223 29 135 174 232 214 2 210 66 112 226 60 229 121 106 58 239 33 171 91 255 37 42 203 0 29 8 48 172
83 2 142 191 44 131 173 104 134 2 210 199 241 234 176 66 104 230 126 175 140 195 79 253 208 34 235 152 53 104 49 0
82 50 82 224 98 8 121 80 61 132 112 235 13 31 196 80 54 157 223 128 0 83 128 192 214 248 34 130 39 128 39 49
80 10 142 191 12 131 140 40 150 22 210 67 225 234 48 67 216 230 110 167 108 227 75 189 208 163 235 25 20 40 56 2
171 167 44 27 148 183 134 237 86 89 77 214 241 96 190 161 89 74 18 127 247 120 125 63 44 7 175 228 157 94 152 220
72 48 120 96 99 93 113 16 41 140 52 40 30 31 128 52 166 149 223 0 128 96 160 192 215 249 32 147 98 128 70 51
55 134 4 169 157 31 138 200 30 48 208 67 195 72 56 192 217 136 106 165 46 99 91 159 168 215 143 117 29 12 24 132
143 108 245 83 227 122 175 134 121 250 118 48 140 52 213 175 35 95 176 10 161 244 173 226 7 30 85 166 198 245 7 229
82 50 113 224 98 9 121 80 61 132 112 171 31 31 196 16 54 157 95 128 0 114 160 192 214 216 34 130 103 128 39 51
18 142 14 191 28 131 172 232 150 22 210 199 225 234 56 65 249 99 42 167 102 201 79 253 176 34 219 1 29 40 56 136
211 252 146 182 226 4 30 228 184 138 8 112 124 242 41 211 183 115 49 227 100 79 138 111 56 38 127 138 8 114 171 11
99 32 115 65 101 93 248 64 105 64 244 8 138 154 148 182 238 213 86 8 133 115 244 192 23 88 0 18 79 140 67 167
50 34 83 64 66 73 249 64 57 160 114 170 12 203 228 20 126 221 103 128 0 243 132 192 22 184 7 171 101 128 102 160
1 134 12 189 28 3 200 232 150 53 210 7 227 104 58 65 89 128 106 165 46 99 79 157 188 34 203 84 20 8 56 0
3 32 115 65 103 73 184 64 253 0 114 10 12 154 52 180 186 93 86 1 133 243 128 192 23 216 10 2 71 12 67 135
135 189 180 147 181 191 182 175 222 127 11 20 196 120 90 37 149 123 210 19 183 216 123 191 45 22 15 70 152 77 153 245
65 130 140 189 44 3 204 184 206 50 210 199 243 98 176 194 73 198 110 175 142 98 207 221 212 34 235 152 28 232 56 0
3 32 83 193 98 3 105 80 61 160 242 202 25 143 244 52 62 221 119 136 1 242 132 192 22 184 163 160 109 128 99 177
19 132 4 173 29 15 72 168 15 176 130 67 195 42 16 195 201 197 110 165 44 225 91 157 140 243 203 85 56 40 24 6
106 50 114 64 98 25 121 80 105 164 116 170 10 27 132 54 38 213 87 8 128 114 160 192 86 248 1 163 103 128 102 167
96 130 141 190 44 3 77 184 150 50 210 106 243 227 184 66 89 230 111 136 10 99 203 189 212 178 227 156 20 168 48 32
19 132 5 159 29 195 130 236 222 17 192 18 224 120 60 229 217 66 106 161 46 227 91 253 169 50 223 94 20 12 240 142
17 132 5 159 29 135 130 236 214 17 208 66 240 112 56 229 89 66 106 169 43 227 91 253 189 34 219 20 28 8 120 12
96 2 141 190 44 0 77 56 150 18 210 235 243 226 176 66 88 230 110 141 10 67 207 241 212 178 235 152 20 168 48 32
98 34 83 192 98 2 104 64 57 160 242 234 8 139 228 212 126 221 119 128 1 243 132 192 22 184 163 168 39 128 99 161
64 2 140 189 12 3 72 40 142 52 210 71 247 99 48 66 200 228 111 133 10 67 203 213 212 179 235 28 28 104 49 0
98 50 122 64 98 25 121 80 105 172 116 170 10 155 196 54 38 213 87 8 128 114 160 192 86 248 1 163 103 128 102 167
157 215 44 191 156 151 78 189 86 123 197 87 243 100 186 225 89 66 185 239 255 77 127 63 232 99 253 213 30 124 152 92
83 132 4 173 29 31 72 168 15 48 130 3 199 42 18 195 201 196 110 165 44 225 91 157 140 243 203 87 24 44 24 6
98 32 83 193 66 137 233 64 57 128 242 202 28 131 228 20 122 253 119 136 0 242 130 192 28 168 7 40 101 128 103 160
97 2 200 173 108 11 104 88 63 48 210 207 247 226 178 80 88 204 110 13 138 82 207 211 212 38 235 156 60 168 120 0
81 0 4 165 45 11 64 40 239 176 146 75 199 56 16 195 227 196 110 33 45 241 89 156 156 242 207 20 60 40 25 6
