90 50 88 224 34 9 120 80 41 128 178 168 143 31 64 16 166 149 223 0 0 64 128 192 150 217 43 131 102 128 15 17
124 233 96 106 201 209 86 228 131 20 165 8 99 201 127 22 8 194 205 82 74 35 170 49 251 201 5 57 115 191 214 202
161 206 68 30 204 131 198 182 212 146 72 247 96 96 176 193 89 98 34 239 232 108 14 63 32 34 245 128 21 248 248 136
2 157 9 191 146 100 183 167 28 79 75 55 244 54 42 64 133 83 19 131 116 152 24 111 105 38 158 194 16 82 181 91
130 149 145 145 176 102 188 39 60 11 74 117 140 54 32 73 135 19 19 21 48 216 17 207 45 54 94 194 128 64 133 83
104 48 56 96 33 93 81 16 105 136 52 8 159 23 0 48 132 20 221 8 136 96 176 0 195 217 32 16 66 128 66 35
72 48 56 96 33 77 81 16 105 8 52 8 159 23 0 48 132 20 221 8 136 96 176 0 195 217 32 16 66 128 66 35
3 143 2 158 20 147 170 230 86 0 90 198 96 226 180 196 89 106 2 141 166 152 14 255 32 38 138 128 29 14 120 140
104 48 56 96 33 93 81 16 105 136 52 8 158 23 0 52 132 20 221 8 136 96 176 192 195 217 32 16 66 128 66 35
2 141 0 156 147 208 150 167 30 69 72 147 36 44 38 196 225 99 131 129 118 8 4 255 40 38 158 67 20 84 189 94
2 143 2 158 23 131 186 230 22 4 90 163 96 234 50 192 89 107 131 129 38 184 10 255 32 38 138 131 20 14 60 138
104 48 120 96 33 77 81 16 105 136 52 40 159 23 0 48 132 21 93 8 136 96 176 0 195 217 32 144 66 128 66 35
3 143 3 158 20 131 170 230 86 0 90 198 96 226 180 228 89 106 2 140 163 152 14 255 32 46 138 128 29 14 112 140
104 48 56 96 33 77 81 16 105 136 52 8 159 23 0 48 132 20 93 8 136 96 176 0 195 249 32 16 66 128 66 35
130 141 14 158 21 195 186 230 150 4 90 34 96 234 48 65 89 122 131 129 34 184 10 255 33 38 138 3 20 8 52 138
104 48 56 96 33 77 81 16 105 136 52 8 159 23 0 48 132 21 93 8 136 96 176 0 195 217 32 16 66 128 66 35
3 143 3 158 20 131 170 230 86 0 90 198 96 224 180 228 89 106 2 140 167 152 12 255 32 46 138 128 29 10 112 140
2 143 2 158 23 131 178 230 22 5 88 163 96 232 34 192 89 107 131 133 6 152 14 255 32 38 138 11 20 14 60 142
3 143 3 158 20 131 170 230 86 1 88 198 96 224 180 228 89 106 2 141 167 184 12 255 32 46 138 0 29 10 112 172
130 141 14 158 21 195 186 230 150 4 90 2 96 250 32 65 89 122 147 129 34 152 10 255 33 38 154 3 20 8 52 138
2 164 132 153 155 179 176 111 30 183 64 145 236 234 98 192 145 15 163 53 54 88 131 223 12 22 31 111 144 100 141 14
72 48 56 96 33 77 81 16 105 136 52 8 159 23 0 48 132 21 221 8 136 96 176 0 195 249 32 16 66 128 67 35
2 138 2 155 245 153 160 135 62 17 82 145 172 136 50 192 203 43 162 21 54 184 70 247 44 54 30 67 20 12 153 142
3 190 19 154 243 133 178 214 254 9 88 84 172 218 36 228 165 59 2 21 179 56 26 255 45 30 30 106 88 0 161 143
72 48 17 96 33 77 81 16 41 136 48 72 158 23 0 148 128 21 221 8 1 96 144 64 193 249 36 2 66 0 7 51
153 143 42 174 20 130 79 240 84 4 222 199 115 227 178 64 120 106 6 239 232 152 13 63 224 239 171 128 60 170 120 200
104 48 56 96 33 77 81 16 105 136 52 8 159 23 0 48 132 21 93 8 136 96 176 0 195 217 32 16 66 128 66 35
104 48 120 96 32 76 81 16 105 136 52 40 159 23 0 48 134 20 93 8 136 96 176 0 195 249 32 144 66 128 66 35
6 190 132 155 155 165 182 168 158 191 64 53 236 254 107 72 149 91 179 17 54 80 155 247 45 22 95 239 144 117 141 87
65 2 206 157 12 2 172 120 246 2 210 198 81 226 176 67 112 100 106 175 165 211 135 204 20 42 234 128 12 248 113 4
39 162 8 155 220 147 130 200 86 49 208 211 224 200 120 192 89 10 2 37 54 114 79 183 60 6 143 109 29 8 184 132
120 48 121 96 35 77 81 16 105 136 52 40 159 31 0 20 166 149 221 8 0 96 176 192 195 249 32 130 98 128 71 19
105 32 113 64 101 29 249 16 105 8 244 8 138 27 148 54 142 196 70 8 133 114 240 192 71 216 0 18 66 136 66 165
138 157 23 191 147 64 55 183 20 95 78 179 244 119 40 197 135 83 145 131 113 216 8 175 233 103 254 130 16 86 165 123
37 162 0 153 220 151 138 200 86 49 208 82 224 200 56 192 89 10 34 165 54 114 79 151 60 6 143 125 29 8 184 132
104 48 113 96 97 29 113 16 105 168 180 40 158 17 196 54 134 212 92 8 136 96 240 192 199 249 37 178 66 128 66 35
130 143 14 158 28 130 174 234 148 6 210 163 96 234 32 65 89 99 171 227 36 137 15 255 32 34 203 131 20 40 60 140
104 48 57 96 33 93 81 16 105 168 52 8 158 23 64 52 132 148 221 8 136 96 240 192 195 217 33 176 66 128 66 35
35 142 6 159 92 147 170 236 86 1 88 198 96 232 190 197 89 106 2 141 166 170 79 255 40 38 159 72 29 14 248 140
105 48 113 96 33 93 89 16 105 136 52 40 30 23 132 52 134 148 213 8 137 96 176 192 195 249 32 146 66 128 66 51
146 143 37 158 146 193 134 167 150 68 72 179 96 108 54 193 121 99 131 193 118 200 12 255 40 38 158 195 21 94 181 94
2 141 14 158 22 195 182 230 22 4 72 163 96 234 42 64 89 107 131 197 38 136 14 255 40 38 142 75 20 10 184 142
88 48 113 224 35 76 81 16 41 136 54 104 159 31 0 80 166 149 221 0 0 64 176 192 215 249 32 147 98 128 71 51
3 142 6 159 29 147 170 236 214 1 216 215 96 226 60 197 121 42 10 165 167 139 15 255 40 38 155 8 28 14 184 140
72 48 120 96 33 76 89 16 41 8 52 40 159 23 128 50 134 85 93 8 128 96 176 0 195 249 32 128 98 128 70 35
130 143 14 158 28 131 190 238 148 6 218 163 96 234 50 65 121 106 11 227 34 185 11 255 104 38 235 129 21 8 60 138
104 48 57 96 33 76 81 16 105 136 52 8 159 23 0 48 132 20 93 8 136 96 176 64 195 249 32 16 66 128 70 51
104 48 56 96 33 77 81 16 105 136 52 8 159 23 0 52 132 21 221 8 136 96 176 0 195 217 32 146 66 128 66 35
2 142 22 155 117 153 170 198 190 17 82 81 172 202 58 192 227 43 162 5 38 184 10 255 44 54 30 75 28 12 169 140
3 188 19 218 243 133 179 206 30 9 89 118 124 210 236 100 247 27 146 144 51 10 10 247 57 6 62 234 152 2 161 175
88 48 121 96 35 92 81 16 41 136 52 40 159 31 0 80 166 149 221 0 128 64 176 192 195 249 32 147 98 128 71 51
34 162 97 153 108 73 201 200 31 117 240 187 34 205 222 4 89 138 215 133 10 114 238 145 30 16 141 253 85 140 214 242
130 143 14 158 22 131 186 230 22 5 88 163 96 234 50 64 89 107 131 129 38 186 14 255 32 38 138 139 21 10 60 138
73 48 17 96 33 92 80 16 41 136 52 104 158 23 128 180 134 21 220 8 1 64 144 128 131 249 32 130 74 128 11 51
153 15 110 174 20 147 78 120 212 4 222 6 115 107 178 97 120 230 12 238 236 169 29 191 242 239 163 16 63 170 120 64
40 48 113 96 101 93 81 16 105 168 52 8 30 31 64 52 140 144 215 8 137 96 112 192 199 217 33 176 66 136 66 35
130 143 14 159 28 131 134 234 150 4 216 231 96 232 184 65 89 106 138 103 38 171 79 191 32 38 171 137 29 8 56 140
72 48 120 96 33 93 81 16 105 136 52 40 159 23 0 50 134 85 221 8 136 96 176 0 195 249 32 144 66 128 67 35
53 142 199 30 156 34 79 248 82 226 242 206 115 224 185 171 89 238 36 174 233 243 15 47 184 46 229 20 237 251 112 16
54 162 4 153 207 83 176 200 22 180 208 139 192 200 98 128 217 137 171 145 6 115 75 145 156 2 143 127 213 12 60 198
104 48 113 96 35 93 81 16 105 168 52 40 159 31 0 52 134 21 221 8 136 96 240 128 195 217 33 178 98 128 71 51
81 34 70 141 14 2 104 80 236 224 210 198 221 130 176 98 106 196 126 140 129 209 197 192 148 40 170 128 45 136 113 0
97 34 112 65 109 29 248 64 105 32 240 74 138 8 20 178 170 196 70 12 132 114 212 192 22 216 0 33 79 140 74 132
53 162 0 187 220 131 130 200 86 53 208 211 195 192 58 192 89 10 2 45 62 114 79 183 188 6 143 109 61 8 184 128
2 14 6 158 12 130 36 104 156 2 194 71 228 226 32 195 216 103 42 39 100 193 11 253 160 50 203 3 24 104 57 4
154 223 5 190 154 80 30 189 148 82 199 247 97 119 169 199 85 243 189 227 105 77 14 191 170 98 253 147 54 246 180 125
55 130 12 169 156 7 138 200 30 52 208 3 193 72 58 64 217 136 107 165 46 114 91 159 172 134 143 117 29 8 56 132
104 48 113 64 99 93 121 16 105 136 116 104 30 31 132 52 166 149 87 8 129 112 160 192 87 248 32 130 102 128 66 35
18 142 6 191 28 131 172 232 150 22 210 231 225 234 184 65 121 227 107 167 110 139 79 253 176 34 251 129 21 40 56 136
105 48 113 96 97 93 121 16 105 168 180 104 158 31 132 180 166 148 223 8 129 96 240 192 199 217 32 50 106 128 66 51
220 221 142 190 138 66 71 188 144 214 198 179 115 103 43 67 89 242 249 234 104 199 47 47 243 227 253 145 51 251 180 122
19 134 6 159 28 147 142 236 86 23 208 199 225 104 58 193 249 66 42 175 46 227 79 255 172 38 223 92 29 12 56 140
106 48 115 64 101 93 249 80 105 40 116 40 14 29 132 52 174 149 87 8 129 112 240 192 87 216 1 50 71 128 70 167
2 142 14 191 30 195 174 236 22 21 216 163 97 234 42 65 123 107 11 163 38 171 79 255 104 38 187 9 21 8 60 138
74 48 115 96 98 72 113 80 41 136 116 232 30 31 132 52 166 149 215 0 129 82 176 192 214 249 32 130 102 128 7 179
20 149 153 167 144 110 22 175 36 172 203 33 215 119 8 64 148 95 13 35 92 152 25 46 233 229 47 21 160 114 133 83
19 132 4 159 29 151 138 232 214 17 208 83 224 234 60 197 217 10 58 165 46 163 79 255 172 54 155 28 29 12 184 140
16 142 14 191 28 131 140 232 150 22 210 163 225 235 56 65 121 227 111 167 106 235 75 253 248 162 251 129 53 40 52 138
61 225 90 115 141 205 71 212 227 21 236 12 50 211 74 62 104 138 64 90 75 32 250 49 243 201 4 120 227 27 194 162
61 4 94 234 156 183 66 216 86 163 159 70 83 113 185 104 121 192 30 62 191 33 29 158 250 207 167 84 188 251 248 0
38 178 97 201 237 73 184 200 27 253 176 235 0 204 220 132 221 153 215 145 139 114 206 209 31 16 141 255 215 12 86 247
34 142 14 191 94 131 170 236 150 21 216 163 97 234 58 65 89 107 11 129 38 171 79 255 100 38 155 9 21 8 60 138
105 48 88 64 99 29 112 80 105 168 52 108 158 19 134 180 166 149 222 8 133 96 224 192 150 249 33 178 106 128 74 5
177 141 110 254 28 150 79 248 213 6 214 7 115 99 178 69 120 230 63 238 236 167 125 255 242 235 193 16 55 248 112 64
104 48 113 64 99 93 121 16 105 136 52 104 30 23 132 180 166 148 223 8 129 96 176 192 215 217 32 146 106 128 70 51
16 142 14 191 28 130 172 232 150 22 210 231 225 234 58 65 121 227 107 167 44 203 79 253 224 34 251 129 29 40 56 8
72 48 113 96 97 93 113 16 105 136 52 40 158 31 128 52 166 149 223 8 128 96 160 192 215 249 32 146 66 128 71 35
117 172 206 62 156 2 79 184 82 226 234 198 115 224 187 102 89 238 124 174 153 243 207 47 168 174 229 20 237 250 120 36
54 160 12 169 141 75 184 200 30 180 208 131 195 200 114 64 249 141 239 133 14 227 95 153 141 211 143 55 53 12 29 134
88 48 113 96 98 73 121 80 41 136 52 40 159 31 128 52 166 149 221 0 128 96 160 192 214 249 32 146 98 128 7 51
98 32 211 69 102 73 248 64 105 160 112 106 14 153 196 182 42 221 70 8 1 243 132 192 22 184 7 34 103 128 67 165
99 48 115 64 99 89 248 80 105 160 112 104 30 155 196 182 166 221 86 8 129 113 144 192 23 152 5 34 111 128 67 165
135 165 133 155 156 163 135 169 86 243 9 215 208 228 90 37 89 78 90 63 183 64 127 55 44 6 143 244 156 95 145 212
19 134 12 189 28 135 140 168 214 55 146 199 227 104 58 67 217 198 111 173 46 227 79 221 188 34 203 29 20 8 56 68
98 32 115 65 99 73 248 64 249 160 112 42 14 155 164 52 178 157 87 0 0 115 160 192 23 184 3 35 103 128 103 167
16 134 12 191 30 3 139 232 22 20 210 131 241 107 56 65 89 194 107 165 42 163 79 189 244 34 235 29 53 40 52 136
35 48 115 65 99 73 120 80 121 160 112 234 28 159 196 180 62 157 87 128 1 242 144 192 23 152 3 162 103 128 99 165
23 132 4 155 157 143 130 232 86 57 210 19 226 104 60 193 217 2 106 165 46 225 91 189 188 146 207 87 24 8 152 4
80 130 132 191 44 2 77 168 134 22 210 227 225 227 168 67 73 230 111 170 42 67 79 253 212 178 235 152 52 232 52 0
83 158 22 158 58 134 180 232 190 26 210 103 236 242 168 195 247 99 110 39 38 193 11 253 176 50 91 154 24 36 41 15
7 166 213 155 250 147 170 205 94 49 89 242 204 226 236 229 119 75 10 188 183 83 15 247 44 22 31 110 156 135 169 133
61 13 218 226 150 167 71 216 86 163 159 66 83 225 121 104 121 238 14 126 25 179 29 190 249 207 165 116 185 251 240 0
144 134 12 191 30 3 142 236 150 22 194 147 225 99 40 65 89 194 107 163 42 193 79 189 232 35 223 93 53 40 188 136
38 178 97 129 236 15 168 216 27 252 112 239 8 140 212 132 189 221 211 21 131 114 204 208 28 24 141 246 77 12 86 245
99 50 122 64 98 24 121 80 121 236 118 109 14 26 134 52 182 205 70 4 133 114 164 192 22 56 33 162 111 132 75 149
96 4 111 222 12 6 79 56 213 22 246 2 115 99 188 119 88 230 127 174 104 195 111 253 119 170 193 24 55 232 116 100
99 48 115 65 99 29 248 80 105 160 116 40 12 159 196 180 166 157 214 8 129 115 176 192 23 216 1 34 111 128 75 167
96 130 140 191 12 3 140 168 134 18 210 199 241 107 56 67 73 198 111 175 42 35 79 189 196 178 235 28 28 40 48 0
97 130 12 169 12 11 64 168 78 116 146 79 198 104 50 67 201 196 110 45 44 97 95 157 156 50 207 20 60 8 24 66
88 134 12 189 12 11 205 168 134 54 194 131 243 99 56 67 73 196 107 173 40 209 75 157 212 163 203 20 52 168 52 0
61 45 195 246 212 167 111 216 87 163 94 2 81 225 241 164 121 238 18 254 59 243 44 186 121 207 165 32 163 251 240 160
96 132 237 221 108 91 77 168 95 22 246 2 243 99 156 115 89 198 111 174 40 98 111 157 79 186 225 20 54 168 84 96
