90 50 80 224 34 9 120 80 45 136 178 168 143 31 0 16 166 149 223 0 0 64 128 192 150 217 43 131 102 128 15 19
105 48 113 64 101 29 113 16 105 8 180 104 26 27 132 182 134 212 70 8 137 96 240 192 71 249 32 146 66 136 66 37
67 6 134 157 12 2 44 40 180 2 194 199 64 226 176 199 112 100 42 175 229 209 7 204 52 34 203 0 28 248 48 4
88 48 120 96 34 72 88 80 41 136 52 40 159 31 128 80 166 149 221 0 0 64 128 192 210 241 36 131 98 128 7 19
3 134 2 155 92 147 138 236 86 21 88 211 96 200 186 196 89 10 130 165 38 170 79 191 40 38 155 109 21 14 184 140
105 48 112 64 101 29 81 16 105 8 180 8 26 27 132 182 134 212 70 8 137 96 240 192 199 249 0 18 66 128 66 33
2 157 0 158 147 209 182 167 30 71 73 183 100 126 46 192 245 115 147 129 118 8 24 255 41 54 158 195 20 86 189 94
2 14 6 158 28 130 174 104 148 2 210 227 96 234 176 193 120 103 43 167 100 201 15 253 48 34 202 129 20 44 56 132
104 48 56 96 33 93 81 16 105 136 52 40 159 31 0 16 134 21 221 8 128 96 176 0 195 217 32 144 66 128 70 51
1 142 1 155 28 147 130 236 86 1 88 86 96 192 56 228 89 10 2 161 167 50 79 191 40 6 155 108 28 10 184 140
162 207 64 30 214 129 142 231 22 4 88 247 97 96 180 129 89 98 2 207 246 72 12 63 40 6 173 192 125 158 248 140
104 48 56 96 33 77 81 16 105 136 52 8 158 23 0 52 132 21 221 8 136 96 176 192 195 217 32 18 66 128 66 35
114 185 30 252 11 205 20 103 171 28 160 41 166 223 32 83 162 243 237 64 120 75 146 253 179 243 90 59 80 32 167 27
130 213 9 172 146 36 164 167 28 3 8 81 180 50 32 64 133 83 19 1 112 8 16 103 41 6 158 0 16 80 177 10
130 143 14 158 22 131 186 230 150 4 90 163 96 234 34 65 89 107 139 129 38 137 10 255 32 38 138 131 20 8 60 138
72 48 120 96 33 93 81 16 105 8 52 40 159 23 0 48 134 20 221 8 136 96 176 0 195 217 32 144 66 128 66 35
130 157 0 156 147 208 182 167 30 71 72 179 36 46 38 193 161 115 147 129 118 8 16 255 41 38 158 195 16 84 189 94
130 143 6 158 20 131 170 230 150 5 88 163 96 234 50 193 89 107 131 133 38 184 8 255 32 38 138 9 20 14 60 138
104 48 56 96 33 77 81 16 105 136 52 8 159 23 0 48 132 21 221 8 136 96 176 0 195 217 32 16 66 128 66 35
3 143 3 158 20 131 170 238 86 1 88 198 96 232 188 228 89 106 2 205 167 184 12 255 32 46 138 8 29 14 112 140
72 48 56 96 32 76 81 16 105 8 52 8 159 23 0 48 132 20 221 8 136 96 176 0 195 217 32 144 66 128 66 35
2 142 10 158 22 131 178 230 22 4 90 163 96 234 34 192 89 107 131 129 38 152 14 255 32 38 138 3 20 10 60 142
104 48 56 96 33 76 81 16 97 8 52 8 159 23 0 48 132 20 93 8 136 96 176 0 195 249 32 16 66 128 66 35
3 141 3 158 20 131 170 230 22 0 90 70 112 234 48 68 89 106 19 137 35 152 26 255 32 38 138 0 28 10 48 172
34 207 64 14 214 129 142 231 6 4 88 231 97 96 180 132 74 98 130 207 214 8 12 61 40 4 173 192 53 158 248 140
120 176 60 112 41 109 80 150 163 61 180 9 31 31 66 27 133 149 253 16 26 75 210 16 219 217 112 127 226 0 6 83
7 142 3 154 20 163 170 234 86 1 89 86 64 234 188 228 89 42 18 191 179 144 28 255 8 46 139 68 156 75 48 164
38 104 235 194 84 131 175 216 86 162 112 74 80 200 245 40 121 232 19 219 193 182 44 234 112 14 167 172 197 251 114 160
252 69 110 238 20 18 78 248 213 128 239 2 83 107 185 113 120 228 29 234 232 163 45 142 242 233 135 20 55 187 112 0
141 48 152 97 32 63 96 89 126 187 117 116 223 83 200 184 151 12 198 56 147 244 89 0 206 205 49 228 202 128 75 161
104 48 56 96 33 77 81 16 105 136 52 8 159 23 0 48 132 21 93 8 136 96 176 0 195 217 32 17 66 128 66 35
3 143 2 158 20 147 170 230 86 1 88 198 96 224 182 228 89 106 2 141 167 184 12 255 32 46 138 0 29 14 120 140
2 143 10 158 20 147 170 230 22 5 88 163 96 232 48 192 89 106 131 133 38 184 12 255 32 38 138 9 20 10 60 140
130 143 0 158 147 144 150 167 30 67 72 147 44 40 38 197 225 99 131 133 118 8 12 255 40 54 158 67 20 84 185 14
104 48 56 96 33 93 81 16 105 136 52 8 159 23 0 48 132 20 93 8 136 96 176 0 195 249 32 16 66 128 66 35
104 48 56 96 33 12 81 16 97 136 52 8 31 23 0 48 132 20 93 8 136 96 176 0 195 249 32 16 66 128 66 35
3 142 6 158 20 147 170 230 86 0 90 198 96 226 188 196 89 106 2 141 166 152 14 255 32 38 138 128 29 14 120 140
130 141 14 158 22 131 170 230 150 1 88 131 96 234 34 193 89 107 131 133 38 152 12 255 32 38 138 11 20 14 56 142
104 48 56 96 33 77 81 16 105 136 52 8 158 23 0 52 132 20 221 8 136 96 176 192 195 217 32 18 66 128 66 35
41 205 97 66 213 145 135 183 64 97 12 2 16 33 52 164 72 74 18 79 219 42 124 53 111 9 132 120 87 158 208 232
104 48 120 96 33 77 81 16 105 136 52 40 159 23 0 48 134 20 221 8 136 96 176 0 195 249 32 144 66 128 66 35
2 134 3 155 28 131 138 236 86 65 88 211 96 200 56 196 89 10 2 165 38 58 79 191 40 6 155 108 21 14 180 140
67 2 134 157 12 2 172 120 244 2 210 199 64 226 176 199 120 100 42 175 161 241 7 204 20 42 234 128 28 120 57 4
90 50 88 224 34 8 120 80 45 0 178 233 143 31 0 80 166 149 223 132 8 64 129 192 150 209 42 131 38 132 39 17
2 142 14 158 29 195 146 230 150 5 74 131 224 234 34 65 217 123 131 129 38 136 10 255 33 38 154 11 20 8 60 142
105 48 113 64 101 29 81 16 105 8 180 40 26 27 132 182 134 212 70 8 137 96 240 192 199 249 0 146 66 128 66 33
3 134 2 155 28 147 138 232 22 1 88 210 96 200 56 192 89 10 2 165 38 50 79 191 40 6 155 108 29 14 184 140
150 157 8 186 147 195 150 173 22 87 73 179 100 252 42 64 241 91 179 179 118 8 11 63 169 38 159 199 144 70 189 82
83 0 134 156 12 2 172 104 246 2 194 199 193 226 48 70 120 228 122 173 133 195 215 204 148 42 202 16 12 120 113 4
90 50 122 224 98 72 121 80 41 140 180 169 159 31 192 80 166 149 223 0 0 67 128 192 214 249 34 131 38 128 7 51
54 134 12 155 157 147 138 200 22 53 208 147 96 200 58 192 89 10 170 165 54 99 79 255 184 6 143 127 21 12 184 132
107 48 113 64 101 93 120 80 105 0 52 8 14 27 148 54 170 196 70 8 129 97 240 192 23 216 0 18 67 128 66 167
130 151 4 158 155 193 182 175 158 19 73 247 228 254 42 193 245 83 187 163 118 201 10 255 40 38 159 195 20 86 189 95
19 142 6 158 28 131 172 232 148 22 210 199 225 226 176 65 121 102 42 175 236 195 79 253 176 34 235 144 21 104 56 4
104 48 113 96 99 77 113 80 105 136 54 40 158 31 128 20 166 149 253 8 129 96 176 192 215 249 32 146 98 128 71 51
79 53 177 67 241 124 183 131 122 235 13 56 220 116 77 44 145 95 144 51 179 16 249 98 45 22 13 102 202 103 135 247
39 130 12 155 157 135 138 200 86 49 208 83 64 200 56 64 217 10 34 165 54 114 91 183 60 22 143 125 25 8 184 132
105 48 113 64 101 29 81 16 105 136 52 40 30 17 132 52 134 148 86 8 137 96 240 192 71 217 32 18 66 136 66 39
128 142 14 190 28 130 174 232 148 6 210 227 113 234 32 65 121 99 43 231 100 201 15 255 96 163 235 128 20 40 48 136
88 48 121 96 35 92 81 16 41 8 52 40 159 31 0 20 166 149 221 0 128 64 176 192 195 217 32 147 98 128 71 51
3 142 6 159 28 147 170 236 214 1 218 199 96 234 62 193 121 106 10 173 166 169 15 255 32 38 155 8 28 12 56 140
104 48 113 96 97 93 121 16 105 136 52 40 30 17 132 52 166 148 94 8 136 96 176 192 215 249 32 18 98 128 66 35
146 143 6 158 155 192 150 167 150 87 72 179 100 108 34 195 97 99 171 193 118 201 14 191 40 34 222 131 53 84 189 94
130 142 14 159 28 131 174 232 148 6 210 163 96 234 56 65 121 106 43 167 38 139 79 255 32 34 203 129 21 8 56 136
105 48 49 96 97 93 81 16 105 136 52 72 158 31 4 52 132 20 93 8 137 96 176 192 199 217 0 18 66 128 66 35
3 142 7 155 29 147 138 236 86 1 88 199 96 232 60 197 89 106 10 141 167 169 95 255 32 38 155 8 29 14 112 140
2 142 10 186 22 193 146 238 22 5 72 163 96 234 42 64 91 107 131 129 38 170 14 255 40 38 154 9 20 10 60 138
50 207 64 142 150 145 142 236 6 4 216 231 97 96 190 196 94 98 130 239 222 9 12 61 40 36 175 209 53 158 184 140
120 48 60 240 41 109 80 21 171 61 181 41 31 159 74 27 135 151 253 16 26 107 210 144 219 217 112 255 194 0 6 83
244 76 110 236 28 6 79 232 213 130 238 2 83 235 49 113 120 228 121 234 104 167 53 46 243 175 197 28 37 187 112 0
29 50 216 97 32 63 112 25 118 175 119 116 223 83 202 184 150 12 204 60 156 180 105 0 206 205 49 229 234 131 75 1
131 143 6 158 21 151 174 234 212 2 74 6 96 234 62 229 89 106 2 239 166 186 30 255 32 46 139 0 29 14 120 140
131 143 4 158 147 145 134 231 158 16 72 215 96 96 188 197 89 99 130 199 246 200 12 255 40 38 158 131 21 94 185 140
88 48 120 96 33 76 81 16 41 136 52 40 159 23 128 116 166 21 221 0 8 96 160 192 195 249 32 146 98 128 71 35
3 142 6 159 92 147 170 236 86 1 218 199 96 234 60 197 121 106 10 141 166 171 79 255 32 38 155 8 29 12 120 140
130 141 14 158 28 131 174 232 148 2 210 131 97 234 56 65 121 99 43 231 36 137 15 255 96 34 235 129 20 8 48 136
208 205 45 54 130 66 71 150 212 86 134 22 51 5 161 75 1 230 8 206 105 205 53 42 241 163 244 16 33 208 180 120
8 50 249 123 36 235 121 22 127 125 119 49 191 151 202 28 183 58 23 24 146 252 97 240 207 217 50 193 198 129 71 251
105 48 113 64 97 93 113 16 105 136 52 40 30 17 132 52 134 148 86 8 137 96 176 192 71 217 32 146 66 128 66 39
43 205 32 195 149 215 167 175 78 105 12 0 224 96 30 164 17 74 146 127 243 184 125 63 45 5 143 100 144 94 153 238
104 48 113 96 99 93 113 16 105 136 52 40 158 31 128 20 166 149 221 8 0 96 176 192 215 249 32 147 98 128 70 51
38 160 8 155 220 147 130 200 22 49 208 211 192 200 56 64 217 10 35 165 55 114 91 183 60 22 143 125 29 8 184 132
83 2 134 157 12 130 168 104 246 0 210 199 193 226 176 194 120 228 126 173 137 243 199 204 144 42 234 128 29 232 57 4
82 34 90 161 98 0 120 64 45 128 242 207 157 14 64 82 166 213 127 133 4 81 129 192 150 248 170 130 36 128 43 1
128 143 14 190 28 131 166 238 148 6 194 3 228 226 40 65 217 107 43 227 36 137 11 255 104 34 219 1 16 8 60 138
107 48 113 64 101 93 120 80 105 8 52 40 14 27 148 182 166 212 86 8 129 97 176 192 23 248 0 146 66 128 66 167
55 134 4 153 156 131 138 200 22 53 208 147 224 200 58 192 89 10 43 165 38 227 79 223 188 6 143 125 29 12 184 132
130 151 6 190 155 2 142 173 150 18 193 247 228 102 40 195 213 87 251 227 118 77 15 191 168 34 223 223 28 116 185 31
65 130 132 191 12 131 140 168 214 18 210 199 225 234 176 67 89 230 110 175 172 227 79 189 148 34 235 24 28 40 56 4
82 48 115 224 98 72 120 80 41 128 118 234 30 31 132 244 166 149 255 0 1 83 160 192 150 248 0 130 103 128 7 179
55 132 12 169 157 7 138 200 22 48 144 3 195 74 56 64 217 136 106 165 46 227 91 159 169 150 143 116 25 8 56 134
96 50 115 64 98 77 121 80 105 136 116 104 30 31 132 54 166 213 87 0 128 112 160 192 87 248 0 130 102 128 71 163
16 134 15 191 12 130 173 168 150 2 210 195 241 234 56 67 121 98 43 175 106 195 79 253 240 163 235 152 53 40 48 0
106 48 113 96 99 89 121 80 105 168 116 40 14 31 132 148 166 149 215 8 129 113 176 192 87 217 1 162 103 128 71 163
51 134 4 155 28 151 130 232 86 17 208 87 224 232 58 193 217 66 106 173 174 227 79 191 172 34 207 84 29 12 184 140
104 48 115 64 99 93 249 80 105 136 116 40 14 29 132 52 166 149 86 8 128 112 160 192 87 216 0 130 102 128 70 167
178 207 46 158 140 2 143 172 148 86 192 215 97 108 187 67 89 226 41 231 236 205 111 63 160 34 253 145 53 124 180 92
2 134 12 191 28 131 140 232 150 22 210 163 225 106 184 65 89 66 111 167 46 161 79 253 228 34 251 145 21 8 48 136
105 48 113 64 101 29 113 16 105 8 180 72 30 31 132 180 134 148 212 8 137 96 240 192 199 249 32 146 74 128 66 37
19 132 5 159 29 151 138 232 214 17 210 67 224 106 60 197 217 66 123 165 47 161 95 253 177 50 219 28 29 12 120 140
34 132 10 187 94 193 146 236 22 5 88 179 100 200 42 64 89 11 3 129 34 58 74 183 120 6 155 109 21 10 181 138
90 178 208 160 107 9 16 16 171 57 181 105 142 159 72 26 166 149 253 16 26 11 130 192 218 209 58 255 138 134 11 19
3 140 6 159 29 151 174 232 214 22 194 3 224 234 62 69 249 106 42 175 36 171 95 253 33 34 219 0 21 12 112 204
104 48 121 96 99 93 113 80 105 140 52 40 30 31 132 52 166 149 223 0 0 96 160 192 87 217 32 147 98 128 71 35
51 134 4 155 29 147 130 232 86 17 208 215 224 104 60 197 89 66 106 173 46 227 79 255 172 38 223 84 29 12 184 140
16 134 13 191 30 131 172 232 150 22 208 163 241 104 56 65 121 66 107 167 46 163 79 253 244 34 251 144 53 8 48 136
96 48 115 64 98 77 121 80 105 136 116 104 30 27 132 54 166 213 87 8 129 112 160 192 87 248 0 130 102 128 66 163
90 48 113 224 98 88 112 80 41 136 52 168 142 31 132 244 166 149 223 0 0 65 160 192 214 248 0 130 102 128 7 179
55 132 12 185 156 135 138 200 30 48 208 67 210 74 56 64 217 136 127 165 46 225 91 159 173 134 143 116 29 8 56 128
65 2 142 188 44 134 72 88 182 128 210 197 211 226 48 66 88 228 110 141 12 67 199 192 148 178 238 24 28 32 56 0
82 34 90 224 66 0 107 80 61 160 114 203 13 131 100 16 126 221 39 136 8 211 132 194 86 172 163 168 101 128 98 128
0 142 14 191 28 135 164 232 150 22 194 7 228 234 42 65 249 98 106 167 102 225 91 189 237 162 219 1 16 40 57 138
99 32 115 65 109 89 248 64 233 32 112 10 14 152 212 182 170 205 86 9 132 115 176 192 23 24 3 34 71 140 75 135
50 132 12 169 29 7 138 232 22 52 210 3 194 106 50 65 89 192 107 165 46 225 95 157 173 130 207 117 21 40 56 130
98 32 115 69 102 9 248 64 105 160 240 106 14 155 196 180 46 157 86 136 129 115 132 192 22 184 3 34 103 128 99 165
80 128 141 191 12 3 205 184 150 50 210 66 243 99 56 67 89 194 110 175 42 99 75 189 236 162 235 28 52 168 48 32
98 32 83 64 98 73 248 64 57 160 242 170 12 155 132 180 62 221 70 128 0 243 144 192 23 184 3 42 103 128 99 165
49 134 4 185 28 139 192 168 86 53 146 71 226 104 58 195 217 198 110 173 46 225 79 157 172 34 207 84 28 12 24 4
34 32 115 65 99 89 248 64 121 128 112 42 14 153 180 52 190 157 86 0 128 115 160 192 22 24 2 3 103 128 103 165
82 130 132 191 44 2 76 168 134 22 210 163 225 227 168 67 73 198 111 162 40 67 207 253 148 178 235 157 20 168 52 0
105 34 112 68 109 29 248 16 105 168 180 72 138 9 212 182 142 196 78 8 132 98 224 192 23 217 1 50 67 136 74 133
98 50 115 65 98 73 121 80 105 132 116 170 12 159 132 52 38 157 215 0 0 115 160 192 86 248 2 131 103 128 103 167
83 134 4 141 12 3 200 168 206 48 210 71 227 104 24 195 201 196 110 165 46 35 79 221 144 178 203 28 28 44 56 4
98 32 115 69 102 9 248 80 105 0 240 106 14 155 132 180 46 157 87 136 129 115 132 192 22 184 2 130 103 128 99 165
140 191 60 51 180 187 22 191 86 63 15 48 246 112 138 33 151 114 141 115 246 248 111 63 232 215 109 215 148 81 157 3
82 50 115 225 98 72 184 64 41 0 176 234 15 31 132 212 166 149 223 128 1 67 128 192 150 248 10 130 103 128 39 177
17 132 13 173 28 15 224 168 30 176 146 66 215 0 16 65 217 132 110 33 41 225 75 157 204 178 235 84 28 8 17 0
96 2 200 188 108 129 72 72 31 128 240 207 243 195 48 80 88 238 110 140 10 66 207 209 148 176 131 56 20 136 114 0
18 32 122 65 102 11 184 64 237 128 240 162 25 154 180 32 46 157 70 128 0 243 134 192 22 152 11 34 69 128 99 132
97 130 12 173 12 11 72 168 78 52 146 79 199 104 18 66 73 196 111 13 12 35 207 213 148 50 203 28 60 40 24 0
96 130 140 172 108 11 64 168 135 48 130 139 227 227 8 194 73 196 238 128 10 67 207 213 156 178 207 125 52 40 28 0
