104 48 56 96 32 76 81 16 105 8 52 8 159 23 0 48 132 20 93 8 136 96 176 0 195 249 32 16 64 128 66 35
104 48 56 96 32 77 81 16 105 136 52 8 159 23 0 48 132 20 93 8 136 96 176 0 195 249 32 16 66 128 66 35
2 143 2 158 20 131 162 230 22 5 88 231 96 232 48 192 89 106 131 193 38 184 8 255 32 38 138 9 20 14 60 138
3 143 3 158 20 147 170 230 86 0 90 70 96 226 180 228 89 106 18 141 167 152 14 255 32 46 138 128 28 10 56 140
104 48 56 96 32 77 81 16 105 136 52 8 159 23 0 48 132 21 221 8 136 96 176 0 195 249 32 16 64 128 66 35
104 48 56 96 33 77 81 16 105 136 52 8 159 23 0 48 132 20 93 8 136 96 176 0 195 249 32 16 66 128 66 35
2 141 2 158 21 195 162 230 22 1 88 2 32 248 48 64 89 106 19 129 2 184 8 255 33 38 138 11 20 10 52 138
3 143 3 158 20 131 170 230 86 0 90 70 96 226 180 228 89 106 2 140 131 152 12 255 32 46 138 128 28 10 112 140
146 89 22 156 13 196 156 36 156 18 210 18 172 26 49 67 232 97 59 193 104 141 18 253 177 50 218 18 20 24 49 10
3 143 3 158 20 131 170 230 86 0 90 70 96 226 180 68 89 106 2 140 131 152 14 255 32 46 138 128 28 10 48 140
2 156 2 158 21 197 130 230 22 9 88 18 160 250 48 64 217 42 19 129 34 170 18 191 41 54 154 75 16 8 176 138
104 48 56 96 33 77 81 16 105 136 52 8 159 23 0 48 132 20 93 8 136 96 176 0 195 249 32 16 66 128 66 35
104 48 56 96 32 77 81 16 105 136 52 8 159 23 0 48 132 21 221 8 136 96 176 0 195 249 32 16 64 128 66 35
3 143 3 158 20 147 170 230 86 0 90 70 96 226 176 228 89 106 18 140 167 152 14 255 32 38 138 128 28 10 48 140
2 143 2 158 23 131 178 230 22 5 88 163 96 232 50 192 89 106 131 129 38 184 8 255 32 38 138 11 20 14 60 138
72 48 56 96 33 77 81 16 105 136 52 8 159 23 0 48 132 21 221 8 136 96 176 0 195 249 32 16 66 128 67 35
104 48 56 96 33 77 81 16 105 136 52 8 159 23 0 48 132 20 93 8 136 96 176 0 195 217 32 16 66 128 66 35
185 207 104 78 212 145 206 245 80 0 92 230 113 105 176 32 89 226 20 206 234 42 44 63 106 9 165 192 63 154 240 136
3 143 3 158 20 131 174 238 86 0 90 70 96 224 188 228 89 106 18 205 167 168 14 255 32 46 138 136 28 14 112 140
104 48 56 96 33 77 81 16 105 168 52 8 159 23 0 48 132 149 93 8 136 96 240 0 195 217 33 48 66 128 66 35
2 143 2 158 23 131 178 230 22 5 88 167 32 234 34 192 89 107 131 133 38 152 14 255 40 38 138 11 20 14 60 142
104 48 56 96 32 76 81 16 105 136 52 8 159 23 0 50 134 84 93 8 136 96 176 0 195 249 32 16 64 128 66 35
33 207 104 14 214 145 143 247 70 64 92 230 97 96 180 100 75 226 2 207 210 8 44 61 40 12 173 192 53 218 240 172
2 143 2 158 21 131 186 230 22 4 90 135 96 234 50 64 121 107 131 133 34 184 10 255 32 38 138 131 28 14 60 154
3 143 2 158 20 147 170 230 86 1 88 70 96 234 180 228 89 106 18 141 167 186 12 255 32 46 138 136 29 10 120 140
3 143 3 158 20 131 170 230 86 1 88 70 96 234 180 228 89 106 18 141 167 186 12 255 32 46 138 136 29 10 48 140
2 143 2 158 23 131 186 230 22 4 90 163 96 234 50 192 121 107 131 129 38 184 10 255 32 38 138 131 20 14 60 138
104 48 56 96 33 77 81 16 105 168 52 8 159 23 64 48 132 149 93 8 136 96 240 0 195 249 33 49 66 128 66 35
3 143 3 158 20 131 174 230 86 0 90 198 96 224 180 228 89 106 2 207 135 184 12 255 32 46 138 128 29 10 120 140
104 48 56 96 32 76 81 16 105 136 52 8 159 23 0 48 132 20 93 8 136 96 176 0 195 249 32 16 64 128 66 35
130 141 6 158 21 195 162 230 150 5 216 34 96 234 32 65 73 122 131 195 34 185 10 255 40 38 154 3 20 8 52 138
104 48 56 96 32 76 81 16 105 136 52 8 159 23 0 48 132 20 93 8 136 96 176 0 195 249 32 16 66 128 70 51
2 142 6 158 23 131 186 230 150 4 90 163 96 234 34 193 121 123 131 129 38 153 14 255 32 38 154 11 20 12 60 142
104 48 120 96 32 77 81 16 105 168 52 8 159 23 0 48 134 149 93 8 136 96 240 0 195 217 32 177 66 128 70 35
35 207 104 14 214 129 143 231 70 0 88 226 97 96 180 100 88 98 2 207 242 8 44 63 40 44 174 192 53 154 240 172
130 141 6 158 21 131 190 230 150 0 90 131 96 234 50 193 121 107 147 199 102 153 8 255 32 38 138 3 28 12 56 154
3 143 3 158 20 147 170 230 86 1 88 198 96 232 180 228 89 106 2 141 167 186 12 255 40 46 138 136 29 14 112 140
3 143 3 158 20 131 170 238 86 1 88 198 96 232 188 228 89 106 2 141 135 186 14 255 40 46 138 136 29 10 112 140
2 143 2 158 23 131 190 230 22 4 90 163 96 234 34 192 121 107 131 193 38 152 14 255 32 38 138 3 20 14 60 142
104 48 56 96 33 76 81 16 105 136 52 8 159 23 0 48 132 20 93 8 136 96 176 192 195 249 32 16 66 128 70 51
3 143 3 158 20 147 170 234 86 1 88 198 96 232 188 228 89 106 2 207 167 186 12 255 32 46 138 128 29 142 112 140
104 48 56 96 33 77 81 16 105 168 52 8 159 23 0 48 132 149 93 8 136 96 240 0 195 217 32 48 66 128 66 35
131 141 6 159 28 130 174 226 148 2 210 163 96 234 176 193 121 99 59 231 100 201 15 255 32 38 203 129 21 44 48 140
3 143 3 158 20 131 170 230 86 1 88 198 96 232 180 196 121 106 2 141 167 186 12 255 32 46 138 136 29 14 112 140
35 142 2 154 92 145 170 236 86 1 88 215 96 232 188 196 89 42 18 133 38 186 79 255 60 6 155 136 29 14 184 140
130 143 2 158 23 131 186 230 150 4 90 163 96 234 50 193 121 107 131 133 38 155 14 255 32 38 138 131 21 14 60 142
2 14 14 159 12 130 174 96 148 22 210 162 97 234 176 65 120 102 59 167 100 193 15 253 48 34 235 129 21 120 57 4
3 142 3 155 85 147 170 236 86 1 88 198 96 232 60 196 121 106 2 141 167 186 79 255 44 38 159 72 29 14 176 140
39 134 0 155 221 147 170 200 22 17 208 211 224 200 56 196 89 10 162 181 54 114 79 255 60 6 159 111 157 14 184 132
130 143 14 158 28 130 174 226 148 6 218 227 96 234 40 65 121 99 43 231 100 139 14 255 32 34 203 129 21 40 56 140
