34 77 98 158 84 131 174 225 214 0 72 2 96 232 53 64 88 106 19 195 224 186 30 255 49 46 142 8 21 31 240 136
2 143 10 158 22 131 178 230 22 5 88 163 96 234 50 64 89 123 3 129 2 184 10 255 32 38 138 11 20 10 52 138
53 203 64 46 148 128 206 245 64 128 144 230 115 96 184 128 92 226 4 206 204 43 12 61 56 136 165 144 125 187 248 8
60 100 226 226 84 51 234 216 87 162 229 2 91 201 253 8 121 236 19 251 168 183 60 138 122 205 135 36 247 251 114 128
166 141 106 218 84 178 234 232 213 3 237 18 96 232 60 101 121 170 19 170 186 163 62 255 58 46 131 72 53 139 112 132
222 176 178 184 203 253 16 202 187 31 177 57 14 223 106 27 163 179 237 16 30 103 154 209 219 209 82 255 210 5 47 87
2 141 3 158 21 135 170 230 22 1 88 2 112 234 48 68 89 106 19 137 35 184 24 255 33 38 138 8 20 10 48 168
2 141 10 158 20 195 186 230 22 4 90 3 112 234 48 64 89 106 19 129 2 184 10 255 32 38 170 129 20 10 52 138
72 48 120 96 32 77 81 16 105 136 52 40 159 23 0 48 134 20 221 8 136 96 176 0 195 249 32 144 66 128 66 35
131 143 3 158 20 131 170 226 214 1 88 194 96 224 52 100 89 106 2 205 163 184 28 255 32 38 138 0 28 8 48 172
104 48 57 96 33 77 81 16 105 136 52 8 158 23 0 48 132 20 93 8 136 96 176 192 195 249 32 16 66 128 66 35
60 176 186 112 105 237 80 218 171 27 181 56 30 223 72 26 167 153 215 16 26 103 146 144 219 221 49 255 194 1 6 19
2 140 10 158 22 195 178 230 22 4 90 163 96 234 42 64 89 123 3 129 38 152 14 255 32 38 138 3 20 10 60 142
104 48 56 96 32 12 81 16 97 8 52 40 159 23 128 48 134 20 93 8 136 96 176 0 195 249 32 144 64 128 66 35
130 133 148 149 145 240 180 39 30 23 74 17 140 46 2 73 129 19 131 17 52 92 1 199 45 54 94 67 144 68 141 70
172 112 248 99 236 77 117 89 123 186 53 40 223 217 201 56 159 24 70 90 195 118 235 80 79 217 101 172 210 186 66 163
77 81 245 101 44 28 117 24 237 176 167 64 223 17 157 255 134 84 104 106 193 97 227 128 199 251 67 20 66 163 65 32
131 141 7 158 20 135 170 230 214 0 90 66 112 234 52 228 88 106 18 201 163 184 28 255 32 46 138 0 28 8 48 172
57 207 97 14 212 145 207 252 68 192 156 198 113 96 182 164 88 226 16 239 201 42 44 61 40 40 165 144 127 190 240 236
104 48 120 96 33 77 81 16 105 136 52 40 159 23 0 48 134 21 93 8 136 96 176 0 195 217 32 144 66 128 66 35
3 134 0 159 28 147 138 236 86 17 88 86 96 202 56 196 89 10 18 161 167 186 79 191 40 38 155 76 28 10 184 140
35 207 65 14 214 129 142 236 70 0 72 199 97 96 188 132 88 98 2 239 247 8 12 63 40 4 141 64 125 158 248 156
80 185 156 179 234 236 49 199 174 25 179 57 182 190 72 90 167 19 127 144 18 89 155 113 221 129 126 229 128 0 167 19
105 48 113 64 101 29 113 16 105 8 180 40 26 27 132 182 134 212 70 8 137 96 240 192 71 249 32 146 66 136 66 37
3 134 0 155 29 147 138 232 86 17 88 215 96 200 58 196 89 10 130 165 166 50 79 183 44 6 155 109 28 14 184 140
105 32 113 64 101 29 113 16 105 8 180 8 10 25 148 52 142 148 70 8 129 96 240 192 71 217 0 18 66 136 66 37
104 48 121 96 33 92 81 16 105 136 52 40 159 23 0 48 134 20 221 8 136 96 176 0 195 249 32 144 66 128 66 35
129 143 7 158 20 131 130 238 214 1 72 198 96 224 188 229 89 106 2 12 167 168 28 191 32 46 130 8 29 10 112 172
65 2 142 157 12 2 172 120 244 2 210 199 65 226 176 67 120 100 42 175 160 209 135 204 20 34 234 128 28 120 57 4
188 64 119 124 11 194 83 96 229 128 227 2 91 215 33 121 120 244 115 234 72 163 50 12 211 234 65 9 99 59 98 162
82 50 88 224 34 9 120 80 41 128 50 233 159 15 4 80 166 149 223 128 8 65 128 192 214 217 43 130 100 128 35 17
2 14 6 159 12 130 46 96 148 18 194 199 96 226 48 193 248 102 42 167 100 193 15 253 32 34 203 0 28 40 56 4
134 133 136 158 147 224 182 175 30 23 73 149 236 234 46 64 145 67 163 135 118 72 10 247 40 54 159 71 144 70 173 78
139 132 148 23 161 42 45 39 56 51 75 144 140 34 128 207 39 71 24 140 49 220 69 238 44 54 94 66 130 244 161 4
104 48 56 96 33 93 81 16 105 136 52 40 31 31 128 20 134 20 93 8 136 96 176 128 195 249 32 18 98 128 66 35
134 157 149 151 176 102 63 183 62 91 75 245 220 118 40 227 151 83 145 3 241 216 57 231 45 54 127 194 152 119 133 123
38 162 4 153 205 147 144 200 22 52 208 131 64 202 106 192 89 136 163 149 22 114 79 145 28 2 143 127 149 12 60 134
88 48 88 224 99 73 81 16 41 136 52 40 159 31 64 16 166 149 221 0 0 96 128 192 214 217 34 131 98 128 7 19
88 89 118 101 33 30 106 16 237 152 254 64 223 51 149 247 166 100 108 106 136 177 1 204 195 249 98 144 74 179 75 33
129 13 7 158 20 135 175 98 212 2 202 2 112 226 52 101 121 106 26 238 99 185 28 255 33 46 203 0 25 40 112 172
130 135 132 157 187 176 180 175 158 19 136 177 172 42 2 195 133 19 217 129 118 73 67 223 172 54 94 211 152 68 153 14
108 98 218 96 107 41 112 216 171 157 52 40 15 219 201 26 183 153 207 16 2 71 138 192 210 221 53 255 226 243 71 131
0 140 10 158 22 193 147 236 22 5 88 163 116 250 40 64 89 59 3 129 34 170 10 63 105 38 187 73 20 10 180 138
72 48 120 96 34 76 81 16 41 168 52 40 159 31 128 16 134 21 221 0 8 64 224 0 195 249 33 177 98 128 70 35
129 141 7 222 29 135 166 234 212 2 74 66 112 242 52 229 89 106 10 238 99 169 31 255 33 42 131 0 25 8 112 172
56 160 233 105 204 109 73 15 67 51 172 24 147 9 84 58 73 138 83 152 26 106 247 19 79 221 144 120 247 200 210 168
130 207 12 157 153 144 180 167 156 27 128 213 164 40 6 195 129 99 234 133 116 77 67 255 40 50 222 19 24 84 185 14
176 207 64 62 146 129 142 236 22 4 216 231 99 96 184 193 91 226 140 231 126 73 13 63 232 231 173 209 125 154 184 8
188 33 241 97 109 89 239 72 111 162 101 8 27 217 221 62 58 136 66 122 72 114 255 192 87 217 69 61 103 235 70 160
194 64 213 245 42 72 33 0 175 179 34 48 220 23 69 94 167 85 123 16 1 69 195 64 133 186 82 22 128 161 7 34
104 48 49 96 33 29 81 16 105 136 52 72 30 19 0 180 132 148 213 8 137 96 240 192 195 249 32 146 66 128 66 35
144 143 14 191 28 131 6 232 148 22 210 163 113 226 168 65 89 99 43 231 38 137 79 63 224 34 235 1 52 40 52 136
88 48 120 96 99 76 81 80 41 172 52 40 159 31 0 16 166 149 221 0 0 64 240 192 215 249 33 179 98 128 7 3
131 141 7 222 28 135 174 234 212 2 194 66 112 226 176 101 121 106 26 238 99 157 31 255 32 46 203 0 28 104 112 172
104 48 113 96 99 77 112 16 105 136 116 104 30 31 132 180 166 149 223 8 1 112 144 192 87 216 0 146 98 128 67 163
144 142 14 190 30 131 174 232 150 22 210 163 97 234 40 65 89 107 43 231 100 201 79 189 240 34 251 17 52 8 60 138
88 48 120 96 35 92 81 16 41 140 54 40 159 31 0 16 166 149 253 0 128 64 176 192 199 249 32 131 98 128 7 19
19 132 4 159 29 151 138 232 22 49 208 86 224 202 56 197 217 2 42 165 47 227 95 191 172 54 139 84 29 12 184 132
40 48 113 64 97 93 113 16 105 168 52 40 30 31 132 180 166 145 215 8 129 96 112 192 87 217 0 50 66 128 66 35
130 143 14 191 30 131 162 236 150 5 200 131 97 232 58 65 89 107 139 161 38 137 79 191 32 38 155 9 20 8 60 136
107 48 113 64 101 93 248 80 105 8 52 40 14 27 132 54 166 212 70 8 133 97 176 192 23 248 0 2 71 136 66 167
19 132 4 155 93 151 130 200 86 53 208 19 224 200 58 192 217 10 42 165 38 227 95 191 173 22 143 125 21 12 184 132
99 48 113 64 103 93 120 80 105 8 116 104 30 31 132 180 166 149 86 8 129 113 160 192 23 248 2 130 71 128 67 167
104 48 113 96 97 93 81 16 105 136 52 40 158 31 128 180 166 21 223 8 137 96 176 192 199 217 32 147 98 128 66 35
129 132 7 159 28 135 170 236 86 1 208 70 241 232 56 225 89 74 26 173 167 163 95 255 36 38 155 8 29 8 120 140
168 199 76 95 148 131 134 173 86 22 69 151 241 96 184 1 89 98 0 239 114 108 79 63 108 3 245 68 93 218 216 136
81 2 142 188 12 2 168 88 230 0 210 199 209 226 176 66 106 228 127 141 136 195 199 192 212 163 234 144 12 96 49 0
54 225 104 98 207 81 87 253 67 53 181 10 67 233 127 54 26 194 197 122 222 35 46 49 123 200 5 125 247 219 222 110
175 197 97 83 151 81 198 189 211 115 29 26 73 125 222 164 17 66 145 126 247 44 124 183 43 88 133 255 127 222 216 252
82 34 90 224 98 9 121 80 57 128 242 235 29 143 4 16 62 157 23 136 0 82 128 192 86 136 171 128 101 128 99 161
83 6 143 158 12 130 172 104 150 2 210 199 225 226 48 67 248 102 106 167 100 195 79 253 144 34 203 16 28 104 56 4
94 58 177 184 171 225 25 222 171 95 184 253 143 159 65 90 175 155 221 145 158 79 194 208 154 212 59 254 150 69 39 87
129 12 7 223 28 199 175 104 212 2 194 2 112 242 48 101 120 102 58 234 97 241 31 255 49 42 203 0 21 104 112 32
52 36 137 186 151 99 135 200 86 179 9 18 81 240 121 104 121 94 32 179 50 118 191 50 89 7 159 101 181 123 181 162
199 76 134 150 137 54 142 166 146 154 130 214 224 224 53 239 193 103 122 199 229 197 158 234 33 50 223 18 136 117 57 20
124 108 59 84 71 221 71 226 241 194 164 10 50 241 37 183 104 224 208 202 105 99 178 40 115 201 69 59 99 121 118 34
0 134 25 187 222 195 131 204 22 17 81 243 244 209 40 64 89 27 3 145 50 250 75 191 109 6 191 108 149 10 181 170
88 50 120 224 34 29 80 16 41 172 52 40 159 31 192 16 166 149 221 0 128 96 128 192 194 249 37 179 98 128 7 19
131 140 7 223 29 199 134 232 214 18 192 2 240 112 60 229 217 98 42 170 47 171 91 253 37 50 211 18 16 8 112 172
148 167 204 179 154 163 134 237 22 53 137 183 65 96 202 1 91 202 194 179 58 72 79 63 232 135 191 245 189 202 188 144
33 173 41 123 252 141 77 55 67 81 44 28 179 41 212 50 201 34 80 28 219 106 247 55 111 157 148 120 90 136 210 248
33 48 112 64 101 29 112 16 105 168 180 76 10 25 212 180 142 128 70 8 133 98 240 192 7 216 5 50 75 136 74 37
32 50 120 96 102 25 113 80 105 172 116 40 14 27 196 52 166 145 199 8 128 112 96 192 94 217 33 179 98 136 70 163
1 140 7 223 28 131 164 232 214 18 210 66 224 242 184 229 121 98 106 170 99 233 79 253 44 42 219 0 17 104 112 172
143 167 172 187 159 179 14 173 150 85 9 151 193 238 58 193 85 75 187 183 254 72 79 183 168 7 159 245 156 78 185 84
202 124 151 87 227 108 62 166 57 182 98 48 172 55 69 31 167 127 161 130 96 220 146 106 39 54 92 130 130 117 135 175
99 48 83 65 99 73 120 80 121 128 112 104 14 27 132 180 190 157 70 0 1 113 144 192 22 216 2 2 111 128 99 165
16 134 12 191 28 3 140 232 150 22 194 199 225 98 42 65 89 194 107 167 108 193 79 189 196 34 251 17 60 40 56 8
90 50 122 96 98 24 112 80 41 140 118 40 31 31 132 86 166 213 255 8 128 82 128 192 214 249 32 147 98 128 79 35
23 132 5 189 157 31 130 232 94 48 130 2 195 72 24 197 217 128 110 177 47 225 91 157 173 210 207 87 24 12 24 6
43 48 115 65 99 89 120 80 105 160 116 10 8 27 196 180 174 153 86 8 129 113 48 192 23 216 1 34 79 136 67 167
50 134 4 191 29 3 130 232 22 53 208 135 227 104 58 65 89 195 107 165 46 163 95 189 181 2 219 29 17 8 56 138
66 32 115 69 103 73 248 64 233 32 112 42 14 154 228 54 174 221 70 0 128 113 160 192 23 56 3 35 71 136 71 167
18 132 5 153 29 7 194 232 30 49 128 67 194 104 56 193 217 192 111 165 46 225 91 157 189 34 203 117 17 44 24 6
34 32 115 65 103 89 248 64 249 160 112 42 12 152 212 180 190 157 70 8 0 241 128 192 22 24 3 35 71 128 67 165
82 48 81 97 99 72 120 64 41 160 182 40 15 31 68 182 166 213 223 0 0 81 128 192 159 248 3 51 103 128 67 163
145 132 4 191 29 7 196 232 214 18 194 66 241 96 56 195 89 194 106 175 46 193 95 189 164 162 219 28 24 40 120 12
189 199 12 63 156 19 198 188 214 62 205 83 99 97 186 129 89 70 32 110 126 228 79 63 104 231 245 85 119 248 216 8
97 0 140 190 108 5 73 8 150 16 192 139 243 227 48 82 89 228 110 141 10 99 223 241 212 178 235 24 20 40 48 0
229 92 135 94 141 118 134 170 210 242 198 22 112 240 181 239 89 102 106 234 101 213 255 42 33 34 221 16 137 125 120 62
156 183 90 114 242 85 31 253 49 139 45 248 95 119 200 49 55 219 149 242 242 80 168 39 123 193 37 231 99 242 142 147
83 132 133 159 13 194 132 168 222 18 194 2 224 242 44 231 217 226 106 171 45 67 79 253 145 50 219 30 16 40 112 12
63 62 168 179 148 51 143 154 82 247 157 183 65 236 251 40 93 110 177 183 190 214 109 178 104 71 173 181 181 255 148 212
156 135 76 187 154 3 71 189 22 55 143 191 67 101 154 67 89 198 236 247 122 66 79 63 232 195 237 245 181 236 188 80
246 245 104 66 211 81 95 253 17 118 165 155 99 237 94 21 61 218 197 226 126 71 188 55 123 0 133 253 103 214 222 222
114 50 122 64 98 8 120 80 57 132 116 170 13 159 132 84 62 157 87 128 128 83 128 192 86 248 2 130 103 128 35 131
96 130 12 189 44 11 77 168 6 22 210 227 243 99 184 67 73 198 111 174 40 3 79 157 212 162 235 156 52 168 52 32
83 128 133 159 12 2 140 168 206 18 210 66 224 226 188 231 73 226 110 171 43 35 79 253 132 50 203 30 20 40 112 36
6 124 147 86 243 96 191 198 59 138 106 224 108 247 101 28 183 127 49 210 32 212 138 106 41 22 93 170 128 115 167 191
3 32 83 193 98 72 248 64 57 128 112 234 12 138 132 244 62 221 70 128 1 243 132 192 22 184 2 130 101 128 99 165
64 130 12 173 12 11 192 168 134 53 194 135 227 97 26 67 73 196 106 173 44 65 75 157 220 34 203 21 28 40 24 0
98 34 122 64 98 9 121 80 121 164 244 139 14 139 196 20 62 221 71 8 128 115 132 192 86 184 7 170 103 128 103 129
83 0 21 173 45 11 72 40 79 176 146 66 199 58 16 195 193 196 127 33 44 33 75 157 157 242 203 23 52 8 17 6
18 32 115 64 66 88 248 64 249 128 240 170 12 155 132 180 62 157 215 128 0 243 132 192 22 184 2 139 103 128 111 165
18 32 83 85 71 11 184 64 249 128 242 2 13 218 100 132 62 221 78 129 0 243 135 192 21 248 11 3 101 0 103 167
82 132 4 157 13 7 4 168 134 54 130 7 226 99 8 71 201 198 106 167 42 67 91 221 149 50 203 29 16 44 52 2
80 132 13 173 29 15 96 232 158 48 194 75 198 112 32 193 249 196 106 33 46 113 75 157 157 50 203 87 24 40 24 2
109 92 167 30 141 118 134 170 214 218 70 100 224 240 175 239 209 102 232 43 229 197 255 43 33 38 221 26 200 127 48 79
143 173 119 83 242 178 191 183 248 151 47 176 216 119 204 39 39 114 82 250 178 220 46 103 46 26 85 70 195 241 131 165
180 125 251 94 211 114 150 222 91 202 120 234 114 252 173 52 63 127 144 82 167 235 186 42 59 46 37 10 233 115 231 255
34 34 86 65 66 3 248 64 61 132 242 143 13 203 68 16 62 205 67 140 0 243 130 192 94 40 11 32 101 128 99 128
113 130 133 157 12 11 132 168 94 51 194 66 227 98 136 227 89 198 106 42 43 99 207 157 156 34 195 28 20 104 80 36
231 158 44 190 172 167 134 184 150 250 19 93 210 252 58 67 149 102 121 119 252 213 91 191 233 54 237 214 152 127 144 83
6 238 151 87 242 32 174 142 58 139 104 240 108 246 237 134 183 123 160 210 35 208 138 107 40 54 31 130 136 115 163 173
19 32 87 193 70 67 168 64 236 128 242 2 25 138 132 160 42 157 70 128 5 243 135 200 20 168 11 0 69 0 107 132
64 130 4 141 77 15 96 168 31 52 194 15 198 161 50 64 121 204 106 13 8 81 91 209 148 50 203 53 56 44 25 64
98 32 115 65 104 9 233 64 105 128 240 8 9 203 84 22 106 205 78 136 0 227 194 192 22 184 7 40 77 128 98 128
80 2 29 165 46 11 96 40 239 32 146 74 206 170 16 194 227 197 110 1 4 177 201 212 148 178 75 16 52 40 17 0
134 237 87 86 232 135 190 251 178 186 33 144 72 231 172 63 149 119 49 234 112 204 10 127 43 26 197 196 67 241 162 129
97 130 157 173 78 11 96 232 94 48 194 202 71 162 96 224 121 204 110 1 11 114 207 145 156 162 203 60 52 40 88 4
103 142 135 158 236 135 15 184 30 170 75 93 84 241 120 64 149 110 49 15 241 220 11 183 40 54 253 230 156 127 144 17
6 174 158 31 184 50 174 236 190 147 73 240 236 226 141 131 151 95 232 147 39 193 139 127 44 54 95 142 136 112 171 141
64 128 6 156 79 143 96 200 190 244 194 15 70 224 98 84 121 236 106 12 4 83 153 209 29 34 203 39 24 44 49 214
