128 34 27 168 76 9 160 72 36 16 225 74 20 128 32 11 104 8 66 35 0 183 130 0 20 0 98 44 65 9 35 128
80 34 6 5 74 8 32 64 230 160 194 74 66 128 32 82 96 204 106 128 0 243 141 80 20 160 3 9 40 0 43 128
32 32 18 1 74 9 160 72 230 160 226 10 192 130 64 82 104 76 106 0 0 211 205 16 20 0 3 48 65 8 10 160
16 32 142 13 8 11 33 72 230 160 198 0 82 160 32 66 96 76 106 8 0 209 137 20 85 35 67 0 32 0 33 160
80 34 6 4 72 10 32 72 230 160 194 76 66 128 96 82 96 204 106 0 1 211 141 16 20 32 3 8 8 0 35 128
121 162 16 161 45 13 64 136 47 184 176 73 143 10 64 146 137 197 76 4 12 98 201 144 132 209 33 52 80 136 91 1
32 32 2 9 74 73 32 72 22 176 224 72 80 209 96 16 89 140 98 0 2 211 219 17 29 2 1 44 113 8 34 130
96 32 2 1 74 9 160 72 102 164 226 10 66 193 64 22 104 76 106 0 0 211 207 16 20 0 3 33 65 8 26 128
33 99 131 129 76 9 161 64 100 32 224 70 18 128 97 74 104 8 66 12 5 183 193 0 20 0 58 32 73 24 115 136
32 34 74 33 76 137 224 102 232 1 98 204 179 0 144 19 72 160 66 13 64 186 196 1 20 32 114 40 109 8 83 136
64 0 2 136 13 68 160 64 228 1 194 2 128 130 96 198 96 4 106 209 8 131 145 192 145 32 138 93 0 11 57 6
208 33 2 160 81 0 96 64 161 36 227 9 4 2 96 17 232 141 74 241 12 147 16 68 145 128 138 69 0 2 42 2
32 34 6 1 73 11 32 72 102 160 226 76 192 128 64 82 104 76 106 0 0 211 207 16 20 2 3 16 73 0 114 128
20 160 148 27 219 199 32 200 86 177 192 10 102 210 104 68 89 90 226 16 2 83 219 53 157 130 5 127 176 8 13 130
64 4 151 93 24 2 37 104 244 130 226 64 82 225 160 67 80 100 106 40 41 241 139 13 116 162 101 0 88 120 96 32
48 35 12 169 78 11 161 64 6 160 192 202 145 128 97 72 72 168 34 208 8 146 71 16 212 129 170 32 49 8 16 168
32 32 128 164 78 73 160 72 14 176 240 139 130 192 64 2 105 220 66 1 10 115 203 17 29 0 7 61 65 40 70 130
32 107 72 1 76 9 160 68 232 32 248 207 179 0 16 18 104 160 66 65 8 58 196 1 20 0 130 56 65 8 82 136
112 32 2 136 93 197 0 72 196 132 193 2 6 144 98 82 200 172 106 49 12 3 210 0 145 32 138 91 16 10 60 2
81 32 159 133 10 10 97 64 236 160 226 66 210 130 80 114 96 196 106 136 1 209 133 64 156 34 143 0 0 0 35 4
64 161 2 161 65 4 96 65 160 21 195 3 1 130 96 81 104 140 74 240 18 155 16 84 21 0 154 109 33 0 34 130
81 32 6 12 74 11 33 72 102 160 194 138 66 128 2 210 104 204 106 0 0 211 199 0 20 32 3 41 33 8 43 128
96 32 128 164 78 9 160 72 46 164 240 139 130 128 64 18 104 204 66 1 8 115 203 16 29 0 7 57 65 40 70 130
80 2 158 221 12 2 96 104 244 128 226 66 80 226 32 66 120 100 106 136 9 209 131 72 21 162 231 0 24 104 96 32
36 160 20 185 203 11 160 200 86 176 224 10 196 208 96 64 121 24 226 16 2 115 91 17 29 130 7 125 145 8 41 130
81 32 135 133 8 10 33 64 236 160 194 66 208 162 80 114 96 196 106 136 1 209 133 64 156 34 207 0 0 32 35 36
112 64 0 172 93 5 64 72 76 36 200 10 134 144 33 192 200 140 110 17 12 3 209 8 149 32 138 59 16 8 48 14
65 16 134 20 8 2 33 72 246 144 194 44 82 224 226 82 81 100 106 0 9 211 175 16 28 34 69 12 64 32 32 80
32 160 148 29 75 219 32 200 118 180 196 12 194 224 66 16 89 108 234 16 12 208 255 16 13 0 69 53 16 32 6 214
16 32 142 161 4 171 33 81 20 33 67 66 151 131 97 72 120 40 10 24 9 149 1 0 196 129 178 32 56 8 48 168
176 32 10 128 89 70 96 64 164 0 224 9 0 130 32 17 232 132 74 244 24 131 64 68 145 32 130 77 1 0 42 130
208 2 11 129 70 137 32 66 52 49 66 94 19 129 96 73 96 140 42 24 3 158 135 16 148 160 242 72 57 9 48 8
32 0 18 173 77 71 32 72 198 0 192 2 132 144 33 203 200 8 106 96 2 131 195 24 21 32 2 59 16 8 124 138
104 34 208 100 37 29 80 16 41 172 182 9 143 11 194 22 128 196 236 8 8 96 192 128 199 249 37 49 66 164 78 3
52 160 20 153 219 131 160 200 22 176 224 10 196 210 104 64 121 216 98 16 2 83 91 21 157 130 7 125 177 8 37 130
16 96 5 41 8 11 161 70 36 17 226 198 147 0 64 74 104 140 74 152 11 182 87 0 132 128 178 0 121 8 34 128
64 0 158 29 12 2 160 104 244 128 194 66 80 224 32 98 120 100 106 168 33 241 139 13 21 34 231 0 24 104 112 32
4 32 6 8 73 199 32 64 164 132 227 0 128 130 98 200 232 40 106 248 8 147 19 0 17 160 130 9 64 9 42 134
224 1 11 128 76 9 96 65 44 32 98 74 18 128 96 91 104 172 74 12 17 187 196 16 20 0 66 32 24 8 83 136
96 32 132 164 78 75 160 72 62 176 224 139 130 224 64 2 121 204 98 17 10 115 219 16 29 0 15 61 65 40 86 130
16 0 2 129 71 9 32 64 228 53 66 2 5 131 104 202 96 12 106 152 6 144 149 64 20 32 18 37 48 8 57 128
65 33 31 1 74 137 225 71 108 17 227 66 149 2 0 75 40 128 74 152 3 59 7 65 148 0 50 8 96 0 35 168
64 32 2 9 73 73 160 72 164 36 224 0 128 2 8 0 104 4 74 176 8 19 65 0 149 32 138 89 64 10 39 130
81 32 135 5 8 10 33 72 236 160 194 66 208 162 80 114 97 196 106 140 1 209 135 64 156 34 207 0 0 32 35 4
240 0 3 160 75 77 32 64 164 33 226 26 6 145 96 208 104 140 74 32 0 151 144 16 149 32 2 57 16 8 54 130
64 2 26 137 72 3 33 88 6 9 194 102 16 131 160 72 64 12 42 56 11 135 195 16 84 161 34 76 152 9 32 0
40 32 2 41 73 205 160 64 36 32 224 2 131 131 0 140 104 8 74 56 9 147 81 0 21 160 130 9 80 8 42 130
17 34 143 41 8 171 33 88 6 49 194 70 147 0 33 200 72 12 106 24 11 144 67 16 132 129 176 84 248 9 40 160
65 2 223 223 8 2 37 104 246 146 226 230 243 226 160 66 89 228 106 168 9 195 207 61 84 34 231 24 24 248 96 32
120 34 16 37 44 13 64 0 43 168 178 73 207 11 64 146 130 197 108 28 12 98 193 0 158 217 37 48 66 136 74 0
16 0 22 137 13 15 32 64 68 4 202 2 2 144 34 78 104 8 10 32 12 179 3 16 149 160 66 9 48 10 124 130
81 32 223 133 10 10 105 64 236 160 226 66 221 130 208 114 98 197 110 136 1 209 197 64 156 34 175 0 32 0 35 32
52 160 20 185 219 131 32 200 22 176 192 10 196 211 104 64 121 88 98 16 2 83 91 21 157 130 7 125 176 8 41 130
97 98 11 0 72 8 33 64 228 24 226 72 16 130 32 123 232 140 106 200 65 179 194 64 20 32 114 8 72 8 34 140
81 32 159 133 10 10 97 64 236 160 226 66 222 130 80 114 99 197 106 140 1 209 133 64 156 34 143 0 40 0 35 4
48 35 2 41 1 83 96 72 116 36 202 2 2 128 34 205 88 140 42 104 12 146 193 16 149 160 194 5 48 8 116 134
64 2 158 29 12 2 165 104 244 130 194 66 80 224 32 98 120 100 106 40 32 241 139 13 85 34 199 0 16 104 112 32
152 66 14 169 13 71 97 92 132 28 198 6 146 129 35 201 88 8 2 88 9 147 19 128 193 129 178 1 24 8 60 168
96 32 132 164 74 75 160 72 54 180 224 139 130 224 64 18 57 204 98 17 10 115 203 16 28 0 15 61 65 40 86 130
65 32 134 13 8 11 33 72 246 160 198 8 210 224 64 114 81 68 106 8 9 67 235 16 29 34 199 24 96 32 16 32
96 32 192 172 76 73 160 72 46 164 240 139 130 160 68 18 104 204 66 1 8 115 219 80 29 0 7 57 65 40 70 130
72 32 142 29 24 131 32 104 246 136 198 0 68 241 32 83 81 108 106 40 32 195 139 28 73 163 101 9 80 32 36 130
56 160 134 29 8 135 0 200 150 184 64 64 112 240 96 80 81 108 98 8 10 211 203 31 8 134 101 36 112 40 34 128
81 32 135 5 8 10 33 72 236 160 194 66 208 162 80 114 97 196 106 140 1 209 135 64 156 34 207 0 0 32 99 4
32 32 6 9 74 11 160 72 118 160 224 200 128 128 64 208 120 140 106 0 0 211 207 16 20 0 131 57 97 0 50 132
145 128 31 177 0 136 97 84 116 17 198 86 19 131 160 73 112 12 42 24 11 220 3 1 212 161 114 64 40 136 96 168
64 0 143 93 24 2 100 120 244 130 226 64 80 225 160 66 112 100 106 40 41 241 139 13 84 162 231 0 9 120 96 32
20 160 20 184 203 199 32 200 86 176 224 10 230 210 104 132 89 88 226 16 2 83 91 21 157 130 5 127 144 8 45 130
16 32 6 9 74 11 160 72 230 32 226 0 65 194 64 80 104 140 106 136 0 211 195 16 21 2 3 1 97 0 34 128
64 32 22 4 73 9 32 64 118 160 226 8 194 130 64 80 120 204 106 128 0 243 139 64 148 32 131 41 65 0 43 130
80 34 6 5 74 11 160 72 164 32 194 10 192 128 0 210 104 196 106 128 0 211 135 64 148 34 2 0 64 8 43 128
153 17 31 41 10 131 33 92 166 89 198 244 87 135 168 73 80 8 106 28 27 155 35 16 208 161 50 64 240 8 160 49
96 0 132 141 73 11 32 72 54 160 194 11 194 194 32 194 120 204 106 0 8 67 219 208 149 32 131 57 16 8 58 130
32 32 7 169 76 11 160 72 22 160 210 74 195 192 64 192 120 140 106 12 9 242 207 144 28 128 135 40 121 8 112 128
33 34 14 137 76 11 160 72 22 160 210 74 210 192 64 64 120 140 106 4 0 243 203 144 220 0 163 56 17 8 112 128
48 32 22 129 75 139 160 72 238 0 242 2 192 194 64 192 104 172 106 128 4 243 219 80 149 0 131 25 65 0 107 134
33 32 15 137 78 11 160 72 86 160 242 74 210 192 64 64 120 12 106 12 5 243 207 144 92 0 167 56 81 8 120 128
96 32 64 137 76 9 224 64 44 32 242 206 194 0 0 16 104 140 106 136 0 242 193 64 20 160 3 40 73 8 107 128
33 32 74 133 78 11 160 64 172 32 242 2 147 130 0 16 104 140 106 8 1 243 193 64 212 160 35 32 105 8 99 128
112 0 134 141 13 11 96 72 46 32 194 11 194 130 0 82 104 196 110 4 12 195 195 208 149 34 139 25 48 8 17 2
97 32 2 129 72 9 160 72 46 160 242 74 194 128 64 18 104 204 106 8 8 243 195 64 20 32 3 40 73 8 67 128
32 34 14 137 76 11 160 72 22 164 242 74 194 128 192 64 120 140 106 8 8 242 195 144 20 128 163 40 49 8 112 128
80 32 6 13 75 74 32 72 164 36 194 136 192 224 2 82 104 196 106 128 4 211 215 64 148 34 2 1 0 8 47 132
48 0 23 153 79 195 160 72 150 4 210 3 196 194 32 192 120 236 106 128 0 227 91 220 149 34 139 11 16 8 53 130
33 32 14 9 74 11 160 72 118 160 224 204 192 192 64 80 121 140 106 0 1 210 207 16 20 2 131 56 105 8 50 132
0 32 22 9 73 11 160 72 238 160 226 0 196 194 96 66 232 76 106 0 0 243 139 80 29 2 3 3 64 0 35 130
33 160 134 29 75 203 32 200 86 180 192 12 192 192 96 128 89 108 234 16 6 211 203 16 12 0 5 61 80 40 11 128
80 0 134 13 10 2 32 120 246 128 194 68 66 224 32 80 112 108 106 128 9 211 207 8 28 34 101 0 96 32 96 0
16 32 6 13 74 11 160 72 102 0 226 66 208 192 0 2 104 204 106 0 0 243 199 16 20 32 2 24 65 8 35 128
96 32 1 1 74 9 160 72 38 160 242 74 210 128 64 82 104 204 106 136 0 242 195 64 20 160 3 40 97 8 98 128
200 66 23 65 64 108 97 80 228 28 98 84 3 129 168 91 96 12 106 42 1 179 129 64 20 161 98 68 42 1 97 128
112 32 134 157 73 131 32 72 182 160 194 11 64 194 96 82 120 236 106 128 8 211 195 192 20 34 139 11 16 8 33 130
32 32 5 137 78 11 160 72 22 160 242 74 211 192 64 64 120 140 106 8 8 242 203 144 28 128 131 40 113 8 112 128
80 32 6 12 74 11 33 72 102 160 194 10 194 160 0 210 104 204 106 128 1 211 199 0 148 32 3 40 41 8 43 0
80 32 66 129 73 9 96 64 229 32 242 10 138 130 64 80 104 140 106 128 8 243 197 192 148 32 131 9 33 0 99 128
56 33 2 41 75 73 33 69 20 60 101 26 6 130 106 157 248 8 194 2 80 146 64 16 84 129 80 107 80 8 174 128
32 34 6 1 73 11 160 72 102 160 226 8 192 128 64 82 105 76 106 0 0 211 207 16 20 2 135 16 65 8 114 128
96 32 10 137 72 75 224 64 172 164 226 10 198 128 64 80 104 140 106 0 12 243 213 0 148 128 3 49 96 8 23 128
80 32 2 129 75 9 96 64 230 160 242 10 202 130 64 214 104 204 106 128 8 243 199 64 156 32 131 25 97 0 35 130
65 34 64 137 108 9 96 0 110 40 178 232 135 2 208 80 106 132 110 12 8 99 197 80 148 176 35 184 64 128 67 4
64 32 3 137 76 9 97 64 110 32 194 8 134 130 0 86 104 204 106 128 9 67 195 64 148 32 3 56 0 0 34 0
80 32 134 141 9 2 32 72 230 160 194 2 196 163 32 66 104 196 106 128 8 211 131 144 148 34 130 18 16 40 33 130
48 32 14 1 74 131 161 72 182 0 226 8 80 194 96 112 120 44 106 128 0 211 223 16 84 0 3 8 65 0 35 164
112 32 134 157 73 11 0 72 166 160 194 11 194 194 64 82 104 196 106 0 8 195 195 0 149 34 131 25 16 8 48 2
16 32 6 13 74 138 160 72 118 0 226 2 64 128 32 0 120 108 106 128 0 243 151 16 21 32 2 0 97 8 39 128
112 32 2 153 77 131 32 72 182 0 194 11 68 194 32 80 120 236 106 128 8 211 195 208 149 32 139 11 17 8 33 130
0 32 22 137 73 11 160 72 238 32 226 2 68 194 96 64 232 12 106 128 0 243 147 80 21 2 3 3 65 0 35 130
49 34 143 169 74 3 161 75 6 121 195 194 20 134 98 74 72 8 2 21 27 147 67 16 148 129 58 100 144 8 163 224
128 36 2 128 69 67 164 73 4 132 230 2 0 131 34 83 104 136 10 232 20 179 16 8 53 128 130 77 1 8 110 130
160 97 2 136 73 103 160 97 164 12 224 25 0 130 32 144 232 128 202 160 0 131 18 68 17 0 138 79 0 0 166 130
49 32 7 141 78 11 160 64 172 32 242 66 21 130 0 80 104 140 106 136 1 243 199 64 20 160 3 32 97 8 99 160
0 48 22 9 9 223 16 72 182 52 71 9 70 212 98 196 144 60 234 32 4 209 154 17 1 16 65 39 82 12 12 214
185 18 15 121 2 130 64 92 118 73 198 244 83 133 160 121 84 140 46 28 27 156 39 16 210 227 112 64 56 128 160 57
168 3 2 8 77 83 32 65 68 140 196 3 2 129 34 199 232 12 130 96 12 179 1 0 149 161 2 15 50 8 254 130
112 32 6 137 9 11 160 72 174 0 242 2 192 130 64 68 104 140 106 128 8 227 211 208 149 0 139 9 65 8 107 134
32 32 3 129 76 9 224 64 44 32 242 78 135 136 0 0 104 140 110 8 8 243 209 192 20 160 3 40 105 8 67 128
96 32 6 137 77 11 32 72 174 32 242 11 132 130 32 194 232 204 106 0 4 227 219 208 149 32 139 59 16 8 122 134
1 82 14 41 8 171 33 82 6 112 198 228 147 129 162 72 72 12 106 28 9 145 65 16 212 129 48 64 56 137 48 176
32 32 14 9 74 3 160 72 230 128 226 8 80 194 96 80 104 12 106 128 0 243 207 16 84 128 35 8 97 0 35 160
32 34 6 137 76 11 160 72 22 160 242 74 195 128 96 64 120 140 106 8 8 243 195 144 20 128 131 40 121 8 112 128
6 164 148 23 155 87 22 200 150 191 0 1 228 242 73 143 145 95 232 48 54 83 139 59 41 6 77 111 128 116 15 134
16 32 6 153 73 139 160 72 246 160 226 1 64 194 96 80 120 100 106 128 0 243 131 64 21 2 3 3 65 0 35 134
16 32 6 13 73 14 160 72 246 32 226 2 192 194 32 64 120 76 106 128 0 243 199 80 21 32 2 0 65 8 32 130
48 32 7 1 72 11 160 72 38 160 242 74 194 128 64 16 104 140 106 8 8 243 195 64 148 0 3 56 97 8 67 128
117 38 199 87 136 2 7 184 82 242 66 68 83 225 145 11 25 102 96 58 185 243 175 46 104 46 101 4 233 248 112 32
96 32 6 8 73 11 160 72 230 160 226 9 66 128 64 82 104 204 106 128 8 243 203 64 29 0 3 59 65 8 98 134
112 32 134 141 73 11 32 72 174 160 194 11 194 130 32 82 104 196 106 0 8 211 195 208 149 34 131 59 16 8 16 6
96 32 2 136 72 9 32 72 102 160 194 10 18 128 32 82 104 204 106 0 8 83 207 16 20 32 163 56 16 8 50 128
104 34 208 100 45 13 80 0 43 168 178 73 143 11 68 146 136 197 236 0 8 98 192 0 158 217 37 49 74 164 66 3
16 32 22 137 73 11 160 72 230 32 242 3 70 130 96 80 104 4 106 128 0 243 131 80 149 2 131 3 65 0 33 134
32 32 6 152 73 131 32 72 182 32 194 11 68 194 32 66 248 236 106 128 8 211 195 208 21 32 139 43 16 8 32 130
80 0 6 129 75 11 32 64 102 32 194 2 194 128 0 64 104 12 106 0 0 209 197 16 149 32 3 48 32 8 49 2
32 160 20 153 75 143 32 200 22 180 224 10 196 208 96 132 89 12 226 16 2 83 91 29 29 130 7 127 16 8 37 130
96 80 2 136 93 77 32 70 76 4 200 11 6 144 33 208 200 140 202 113 12 3 81 8 181 32 10 59 16 25 62 10
24 2 14 161 4 43 97 80 68 17 70 66 51 1 160 72 104 136 42 24 11 144 65 0 196 129 48 0 168 136 112 128
32 32 2 8 73 71 128 74 164 140 232 9 132 131 34 144 200 128 202 32 8 131 82 12 17 32 138 123 64 8 46 130
97 34 3 160 44 13 72 64 111 168 178 200 135 130 80 208 200 132 110 12 12 99 193 208 148 144 163 56 64 128 66 4
80 2 142 93 8 2 33 104 118 128 226 70 82 225 160 66 120 100 106 40 9 211 139 12 84 34 231 0 40 40 96 0
24 34 143 41 0 35 32 90 116 16 192 116 151 129 160 136 120 12 2 12 11 182 3 0 192 193 114 4 120 8 50 160
48 32 4 141 75 75 160 72 62 164 160 11 2 128 64 146 120 220 106 0 8 115 219 80 29 0 15 57 65 40 14 130
97 130 157 159 40 131 1 136 198 56 162 236 242 224 136 98 73 230 110 8 11 99 207 49 132 50 99 60 24 104 32 36
89 34 24 33 36 13 80 16 41 168 178 73 159 11 64 144 130 133 108 12 12 98 192 0 130 217 37 48 64 136 74 1
240 2 15 9 74 1 33 66 36 16 194 110 16 128 224 89 104 136 34 56 1 150 199 0 84 128 98 104 56 8 32 160
81 34 27 128 8 8 105 64 237 136 242 96 223 130 192 118 104 197 110 136 9 211 197 192 156 176 171 0 8 0 35 36
97 32 7 9 72 11 160 72 166 224 226 8 208 128 64 0 104 140 106 4 9 83 227 16 20 0 3 56 81 8 34 128
80 32 7 13 8 74 32 72 166 100 194 3 192 192 0 82 104 204 106 136 8 211 199 0 149 34 130 0 33 32 39 128
32 16 18 137 73 79 32 72 196 36 192 2 134 144 35 198 200 12 202 32 4 147 208 16 21 32 2 59 16 10 61 138
129 42 13 41 72 137 33 84 36 49 226 214 147 1 64 75 104 136 74 152 11 60 69 0 212 129 178 0 120 8 32 160
32 34 6 137 75 11 160 72 102 32 194 70 196 192 32 194 104 76 106 0 0 19 195 16 20 34 163 57 56 8 48 130
56 18 134 29 11 2 32 120 118 136 194 100 66 225 32 82 113 108 106 32 8 211 203 29 72 226 101 0 106 32 112 146
185 80 6 169 45 23 64 92 20 88 198 54 146 144 162 109 216 8 170 48 78 151 99 128 193 225 242 4 18 24 52 251
9 162 134 28 72 23 1 200 214 184 196 40 64 224 226 132 25 76 106 24 2 195 203 29 28 3 37 60 18 32 42 128
81 2 6 137 77 15 32 72 230 32 194 2 192 192 34 192 104 12 106 136 0 147 135 16 20 34 131 0 16 8 56 128
80 0 143 77 12 2 32 72 118 128 226 66 208 224 160 66 120 68 106 8 9 211 131 4 84 34 231 0 40 40 112 0
96 32 2 136 73 69 160 72 196 140 192 0 132 146 33 194 200 8 202 32 12 3 83 0 21 0 130 27 80 8 46 134
32 32 20 137 75 79 161 72 22 180 192 10 68 192 96 128 121 28 226 16 2 83 91 17 29 128 15 61 16 8 37 130
108 49 2 0 73 101 32 64 36 92 198 13 6 150 43 29 248 140 194 112 30 19 146 0 149 1 2 47 128 13 46 210
32 160 20 153 75 207 176 200 150 180 224 10 68 208 96 132 121 28 234 16 2 115 91 17 29 128 7 63 16 8 45 130
1 64 11 163 70 136 161 68 236 17 96 86 181 130 72 66 106 10 74 28 3 176 134 96 132 129 114 104 56 24 243 136
208 64 10 128 69 76 160 68 236 36 194 18 0 130 96 66 104 132 74 184 0 23 16 64 149 0 130 45 1 24 47 128
65 34 135 5 10 10 33 64 108 160 226 72 212 130 80 114 96 196 106 136 1 209 135 64 148 34 143 0 40 32 99 32
81 34 11 9 72 137 33 64 100 17 227 86 16 130 200 73 104 136 74 136 19 179 167 65 20 160 34 8 104 0 162 160
81 32 135 5 76 10 33 64 100 160 194 66 208 130 144 114 96 196 106 136 1 211 135 64 148 34 143 0 33 32 99 32
80 2 143 205 12 2 33 120 118 128 226 66 81 227 160 66 120 196 106 168 33 209 131 12 84 163 231 0 40 40 96 32
137 146 31 136 72 1 33 84 116 89 102 100 23 131 224 105 112 12 42 92 11 151 35 1 84 161 114 76 58 136 96 185
80 32 2 9 73 73 33 64 100 52 194 2 128 130 106 76 104 8 202 32 2 19 81 0 149 128 2 65 96 8 46 130
48 32 0 141 79 73 160 72 174 164 176 11 2 128 64 146 104 220 234 1 8 115 219 80 29 32 7 57 65 40 70 130
96 4 2 136 93 101 0 75 64 4 200 10 134 144 33 216 200 136 202 48 8 3 80 72 181 32 138 59 16 8 62 2
48 32 4 141 79 75 160 72 22 160 160 10 6 128 64 144 120 204 234 0 8 115 219 16 29 0 15 57 65 40 7 130
64 2 143 93 8 2 33 104 118 128 226 64 82 225 160 66 112 100 106 40 9 243 139 12 84 34 231 0 40 104 96 32
36 160 22 153 203 207 32 200 22 180 192 10 196 210 96 132 89 28 226 16 2 83 91 29 29 130 13 127 16 8 37 130
32 42 72 179 4 137 97 80 4 48 67 194 179 129 192 74 104 168 2 26 9 184 71 128 196 128 240 32 45 136 80 168
65 32 159 133 10 10 105 64 108 160 226 74 212 130 144 114 96 196 106 136 1 209 133 64 148 34 163 0 40 32 35 32
32 0 19 137 77 109 160 64 36 8 232 11 6 18 40 146 232 128 74 32 8 179 17 0 21 128 2 59 81 74 127 130
137 42 3 131 64 8 161 66 228 24 96 86 49 130 224 249 104 10 2 138 67 182 130 97 84 129 242 32 72 16 99 168
32 34 75 33 68 137 224 64 228 17 99 204 179 129 144 11 104 10 66 206 1 176 198 33 196 1 114 40 105 137 83 136
184 17 2 168 77 21 32 64 100 12 226 14 2 128 34 196 104 136 130 96 8 179 80 8 181 160 2 9 48 8 100 134
224 36 18 136 29 70 0 64 204 12 202 10 6 146 32 208 216 140 74 241 12 135 144 194 145 48 138 31 0 11 60 6
57 2 14 169 72 169 33 82 36 49 198 70 17 131 224 72 104 12 42 152 27 144 65 16 212 161 178 64 56 137 48 160
160 36 2 128 65 103 32 64 160 4 169 25 4 130 42 145 248 132 202 162 4 135 16 68 17 0 138 5 0 3 46 130
48 42 11 129 74 9 33 64 4 32 194 202 145 0 64 3 104 168 74 200 73 150 69 0 212 128 162 48 33 8 16 168
56 32 18 9 73 125 32 64 164 40 232 8 2 146 32 134 232 8 74 32 12 179 17 4 149 160 2 11 88 10 46 146
32 2 10 171 68 8 161 70 232 16 120 206 183 0 16 3 104 0 66 77 1 48 198 65 84 32 98 40 104 10 83 136
48 32 6 137 73 11 160 72 228 0 242 2 194 194 64 68 104 140 106 128 8 243 211 192 149 0 131 1 81 8 99 134
41 50 11 0 72 57 161 80 228 120 70 108 144 128 234 42 104 12 74 44 145 147 160 0 84 1 98 44 72 89 179 208
64 32 22 136 73 75 160 64 100 32 242 10 0 130 32 80 232 140 106 128 0 243 131 64 20 32 131 41 65 8 99 128
16 32 6 5 10 11 160 72 118 176 194 64 194 128 64 64 120 76 106 8 8 241 207 16 20 3 33 4 97 8 114 128
6 164 156 23 155 67 22 200 150 183 0 1 196 242 75 74 145 78 232 48 54 81 139 59 41 6 77 111 128 116 9 6
70 164 148 23 139 83 22 200 146 178 0 1 228 242 75 138 145 94 233 18 54 67 139 58 41 6 77 111 128 116 15 134
64 32 134 13 73 2 32 72 166 160 194 8 196 194 64 210 104 204 234 0 0 67 203 16 20 32 67 56 16 0 42 128
117 166 143 87 140 2 7 248 82 178 66 108 83 225 145 43 25 102 96 62 185 243 175 42 40 46 101 4 225 248 112 32
80 50 134 29 74 2 32 88 246 192 194 108 64 224 224 82 112 108 106 0 9 211 207 28 20 162 69 8 104 32 50 144
32 32 22 21 75 155 32 72 246 180 198 8 64 192 98 6 121 108 106 0 0 211 239 16 28 0 5 53 0 8 10 196
117 36 199 23 136 2 7 184 82 178 66 68 83 225 145 11 89 102 96 62 57 243 143 42 40 46 101 4 233 248 80 32
48 48 134 29 25 75 0 72 118 240 194 1 66 228 64 0 25 92 234 16 10 209 223 28 29 2 5 55 48 36 6 210
64 0 22 136 79 11 32 72 230 36 194 10 194 130 34 84 232 140 106 0 12 195 207 80 148 32 3 57 16 8 56 68
65 32 142 28 72 131 33 72 246 224 198 136 208 228 162 114 81 124 106 12 0 211 239 17 28 34 101 8 64 32 34 96
32 2 6 137 14 11 32 72 102 32 194 198 195 128 32 64 104 140 106 8 9 241 199 16 148 160 130 16 57 8 48 128
120 48 134 13 75 15 32 72 54 184 66 72 80 240 64 144 113 92 234 0 0 211 219 16 156 2 37 44 48 32 2 128
25 3 142 225 132 139 97 208 100 17 70 70 19 1 160 73 104 130 42 156 27 152 103 0 212 129 50 64 184 137 112 32
33 32 6 9 72 11 161 72 102 160 226 8 210 0 2 96 104 140 106 12 0 211 229 16 149 0 35 0 97 8 115 224
104 34 88 100 36 13 80 16 41 168 176 73 159 11 64 146 128 197 204 4 12 98 192 0 195 249 37 49 74 128 75 3
16 32 6 137 75 11 160 72 230 32 242 2 198 130 96 80 104 140 106 128 8 227 131 80 148 2 131 27 33 8 33 134
32 32 6 137 73 11 160 72 166 32 194 3 196 194 32 82 104 204 106 128 8 211 195 208 149 32 139 59 16 8 48 134
112 32 2 9 73 73 32 72 166 96 194 14 194 128 0 208 104 132 234 128 8 211 211 64 149 32 130 8 0 8 39 146
0 32 6 137 73 11 160 72 238 32 242 2 68 194 32 208 232 140 106 128 0 243 131 80 20 32 131 41 65 8 35 130
37 166 143 85 152 2 36 248 214 178 194 228 83 225 209 43 17 100 104 44 169 241 143 8 104 43 101 20 232 248 80 0
96 34 0 136 44 13 64 72 107 168 176 73 130 128 212 148 200 132 110 4 12 99 195 80 149 144 161 57 64 136 90 4
97 34 149 141 44 13 65 8 207 56 160 108 231 226 128 86 201 196 110 13 11 99 203 17 145 240 3 60 24 40 2 36
89 34 24 160 36 13 80 16 41 172 178 9 159 11 64 144 130 133 108 12 12 96 192 0 195 217 33 49 64 128 74 1
113 34 11 128 8 12 65 64 237 136 178 76 150 130 192 82 200 197 110 136 9 67 195 64 145 176 171 24 8 0 98 36
86 160 132 23 139 23 20 232 22 182 64 9 68 230 75 142 145 94 233 18 6 83 203 56 25 2 77 127 128 116 15 134
117 46 207 126 186 2 71 184 210 242 98 236 115 225 153 59 17 102 96 46 233 242 175 47 40 175 101 16 233 240 66 32
6 172 148 26 153 211 22 168 62 183 0 17 108 242 75 220 145 91 161 48 54 208 155 63 41 22 85 111 146 117 141 6
113 2 108 121 18 162 67 16 86 97 231 246 83 1 128 120 120 172 108 156 185 158 101 30 212 239 48 80 249 128 98 16
184 18 23 169 45 87 85 89 84 95 71 54 131 149 234 237 216 8 174 18 73 210 99 128 194 241 114 7 26 220 188 211
161 42 73 179 4 137 97 16 4 49 71 214 179 129 200 72 104 136 2 26 11 176 71 32 132 193 224 0 41 137 80 160
137 170 67 57 6 137 97 208 108 17 98 212 151 129 208 11 98 8 2 94 3 176 198 33 196 193 114 8 104 137 83 160
65 72 89 170 110 128 173 128 232 16 48 66 189 66 229 82 34 1 2 206 3 35 14 208 52 152 46 40 28 146 3 129
200 120 20 31 9 221 176 8 174 148 3 9 236 196 99 132 132 49 234 66 6 5 123 25 5 16 9 59 82 39 5 70
32 32 20 152 79 79 176 72 22 180 240 10 196 208 96 196 249 152 234 0 6 115 219 145 29 128 7 63 80 8 45 130
137 18 71 105 42 3 65 92 86 89 70 244 87 193 160 121 84 12 46 124 155 18 39 16 66 225 112 76 58 136 160 113
96 52 18 136 89 231 18 72 204 12 192 9 132 208 43 212 208 176 202 51 4 7 210 12 17 48 10 63 16 43 63 150
32 52 2 128 73 103 34 72 164 78 160 1 132 146 34 148 216 0 202 34 4 131 16 68 17 20 10 31 0 5 47 130
214 1 144 225 151 8 194 65 105 37 177 26 14 42 28 72 186 145 4 129 24 50 17 194 185 140 10 87 229 42 201 4
17 34 143 205 12 2 97 88 246 160 226 102 81 163 160 66 120 196 106 136 1 209 135 12 84 162 162 0 41 168 112 160
57 114 239 124 50 155 65 30 119 201 230 252 83 197 176 248 22 108 108 28 171 245 37 31 194 239 48 208 122 128 114 113
198 56 180 31 89 220 176 8 170 156 13 1 172 214 67 198 132 121 249 83 6 69 218 57 5 48 9 59 18 7 31 198
6 188 148 19 153 215 50 168 190 181 0 17 236 246 79 157 145 123 224 16 54 64 155 119 45 22 93 111 146 116 143 70
9 18 27 169 72 1 33 88 100 120 196 102 21 131 232 105 104 8 42 26 65 19 163 0 84 129 98 40 24 8 32 177
136 17 54 8 41 223 16 72 135 76 68 13 130 212 39 221 148 56 226 96 4 146 114 24 3 113 1 59 82 12 14 215
53 6 207 126 138 2 71 248 82 226 226 236 115 225 153 59 31 238 100 46 233 243 175 47 248 175 101 144 237 248 114 33
96 32 0 140 75 77 160 72 46 164 240 139 134 196 64 150 105 220 234 0 0 115 219 80 29 0 11 59 65 8 46 130
17 34 15 5 8 10 97 80 238 160 226 66 209 162 144 114 104 196 106 136 1 209 133 64 212 34 163 0 40 32 99 160
25 58 15 43 0 24 33 80 228 89 102 100 147 131 224 105 104 8 2 8 75 176 39 32 196 225 50 4 104 88 99 169
168 21 18 8 89 95 48 72 196 12 196 13 130 128 34 197 200 12 194 96 12 179 82 0 145 209 0 63 90 12 46 214
117 166 207 117 142 10 103 248 118 242 194 230 83 225 208 35 121 236 104 46 169 240 239 10 124 175 101 4 237 248 114 32
113 18 77 125 26 163 65 50 86 97 231 238 83 33 128 121 92 228 100 172 169 218 101 28 144 235 240 80 249 128 114 48
40 16 18 8 73 95 48 72 164 12 236 9 134 144 42 214 200 8 202 32 4 179 80 0 181 161 2 11 82 12 47 214
249 50 239 108 50 67 65 57 118 201 231 252 83 133 144 120 22 204 116 12 153 219 39 29 210 235 113 212 111 160 98 113
57 19 15 73 8 137 33 80 100 121 230 102 19 129 224 121 104 12 106 28 27 145 97 16 212 161 162 64 56 136 32 240
24 0 2 161 73 93 162 72 36 28 234 10 130 146 42 198 104 136 202 96 12 147 17 64 149 128 2 7 210 11 47 130
24 68 2 160 73 77 33 68 164 44 226 3 4 130 34 214 104 128 202 96 0 19 16 64 149 128 10 47 0 24 47 130
153 98 11 9 66 168 33 81 100 81 102 118 147 1 200 123 104 136 106 152 11 176 231 1 212 161 34 68 105 0 224 160
64 6 9 128 196 8 237 67 168 50 152 66 145 2 96 2 105 130 10 152 81 18 64 192 156 128 174 44 57 72 179 160
0 64 2 128 69 68 164 68 96 12 160 2 0 2 34 194 232 132 202 160 8 35 144 64 181 0 138 13 0 24 173 130
232 112 18 8 73 85 32 73 196 12 192 1 132 146 99 206 200 8 202 48 4 19 210 0 21 33 2 11 18 12 46 198
129 35 15 161 198 136 229 212 228 18 96 86 183 3 200 75 104 2 2 136 3 48 134 65 212 129 98 8 121 24 243 128
177 98 11 35 64 137 101 84 36 90 66 86 147 1 224 75 104 138 2 76 3 54 231 32 212 129 178 0 104 24 176 168
40 16 18 136 73 93 52 73 196 36 193 0 128 144 34 198 200 12 202 32 4 147 144 0 21 32 2 47 16 12 189 134
72 48 22 24 73 221 48 72 134 140 69 9 132 214 99 132 128 57 234 34 68 1 242 17 5 16 1 59 18 38 15 214
57 82 3 41 66 137 33 80 100 56 224 118 19 128 224 121 104 12 34 156 9 158 231 0 212 161 242 0 56 9 162 176
9 11 69 49 0 139 97 17 36 17 98 198 179 1 129 74 96 40 42 28 11 144 103 0 196 161 176 0 56 137 80 48
25 98 143 41 2 171 97 86 100 57 198 100 19 129 160 104 104 136 6 152 11 176 101 0 196 193 178 0 105 153 96 160
244 9 80 195 197 110 232 192 105 33 178 2 74 40 29 192 232 151 6 129 24 187 17 194 153 32 130 7 225 90 112 2
32 12 2 137 73 100 162 66 32 132 184 11 4 18 32 144 232 128 202 34 8 163 81 4 53 0 138 27 81 91 110 130
64 48 18 24 41 253 176 72 174 44 137 9 132 214 106 132 148 49 234 33 4 3 154 82 17 16 9 63 80 47 15 71
80 68 18 168 91 109 32 70 228 44 200 11 6 144 34 210 232 140 202 115 4 19 144 0 181 32 2 59 16 25 175 130
113 2 111 109 0 3 65 17 118 105 230 244 83 33 160 121 80 140 36 28 153 219 103 20 82 171 112 80 121 128 242 112
72 112 2 24 9 221 176 64 174 164 199 9 132 214 98 132 128 48 234 32 4 67 210 16 5 16 9 59 80 6 45 70
32 32 20 137 75 79 32 72 22 180 224 10 196 210 96 196 121 8 234 16 2 243 219 17 29 130 5 63 112 8 37 134
160 49 2 8 9 69 132 68 172 4 128 25 134 150 34 128 200 144 202 96 12 7 80 2 177 16 10 59 80 24 175 6
65 34 143 93 8 2 33 88 246 160 226 68 81 227 160 66 120 100 106 8 9 241 139 12 84 34 227 0 8 168 96 32
32 32 0 137 79 73 160 72 38 164 240 10 134 128 64 128 104 140 234 128 8 243 211 80 21 0 3 57 97 8 78 130
6 164 148 27 153 199 22 232 62 183 64 1 76 242 75 156 145 91 225 16 54 80 155 63 41 22 69 111 146 116 15 70
176 16 2 136 137 69 132 68 36 12 160 17 132 18 32 148 200 0 202 32 88 3 80 66 177 16 138 27 0 16 191 134
117 44 207 126 186 2 71 184 210 242 98 236 115 225 185 123 17 230 96 46 169 243 175 47 104 239 101 20 233 240 66 33
81 34 15 133 12 10 97 64 236 160 226 66 212 130 144 114 104 196 106 136 1 209 133 64 148 32 171 0 9 0 99 32
1 2 9 171 70 168 225 68 100 16 120 70 183 1 144 2 104 10 66 12 3 48 134 65 196 161 98 40 105 90 83 168
86 160 148 22 139 87 22 200 22 178 64 9 68 246 75 142 145 94 233 16 38 83 155 59 9 6 77 111 130 116 15 134
32 5 16 136 201 69 48 77 12 12 200 27 132 144 34 212 200 16 202 32 116 3 64 8 177 32 10 59 16 26 190 130
37 166 207 93 152 2 101 248 214 178 194 228 83 225 145 43 17 100 104 44 185 243 143 8 104 43 101 4 233 248 112 32
65 128 88 202 70 0 238 1 200 3 176 90 28 106 20 80 42 131 2 137 52 38 68 243 52 142 170 16 125 50 193 0
32 32 2 137 77 9 224 72 108 32 242 11 130 130 4 80 104 140 106 128 8 243 211 192 149 0 131 59 65 8 102 134
98 34 0 40 108 13 72 8 47 172 176 73 131 72 84 144 201 132 78 4 12 99 202 16 145 240 129 185 80 136 90 4
105 34 17 172 45 13 64 24 15 56 176 76 143 0 64 214 201 196 108 0 15 98 201 145 145 209 33 62 88 12 82 5
71 162 133 1 168 11 5 168 110 187 130 252 211 96 220 118 129 196 108 28 155 67 207 17 152 18 237 252 136 224 131 36
104 34 16 164 37 13 64 16 105 172 178 9 159 3 64 144 128 133 108 12 12 96 193 0 194 249 37 49 66 132 75 1
97 34 11 160 12 13 65 64 105 136 178 76 150 130 64 80 200 133 110 140 9 99 195 64 145 144 131 56 72 0 98 36
185 50 235 121 32 214 81 89 119 77 102 244 211 212 190 249 214 60 180 28 143 240 247 16 194 249 50 192 250 132 108 117
143 48 62 120 41 223 17 88 159 238 87 181 206 214 170 173 158 57 159 36 157 212 122 24 195 219 113 151 90 140 12 87
169 18 50 137 41 87 81 88 23 76 70 247 199 149 234 237 212 28 166 52 141 146 99 144 195 241 114 7 26 140 172 245
74 112 50 28 41 215 16 8 159 204 71 5 204 220 39 204 150 57 251 17 134 192 242 17 71 115 73 155 82 36 13 87
32 32 22 137 73 95 176 72 134 180 226 11 196 208 98 132 233 24 234 0 4 115 91 144 29 0 7 63 80 12 45 134
153 50 143 33 0 87 97 84 116 92 118 116 155 133 234 105 120 8 134 156 139 241 166 64 198 193 114 4 106 128 97 249
9 18 138 161 108 80 169 88 100 93 100 102 145 131 234 235 104 12 162 136 13 210 178 192 214 193 234 44 10 136 60 240
56 80 2 168 97 87 177 92 20 124 116 39 0 150 107 173 252 28 130 48 13 211 48 0 211 193 66 47 194 28 46 215
81 2 143 13 78 2 33 88 116 128 230 102 209 163 160 98 120 204 106 140 9 211 231 0 84 163 226 0 41 168 96 160
6 160 148 27 153 215 48 200 190 181 64 1 236 246 111 140 145 95 234 17 38 81 155 117 13 18 77 111 146 68 15 134
25 50 11 161 36 25 97 80 52 124 86 230 147 133 226 105 120 8 46 28 11 208 33 0 214 193 226 4 42 136 48 241
104 80 34 136 77 84 49 68 116 92 196 47 134 148 98 213 216 156 130 32 12 147 176 128 177 113 66 47 2 92 60 215
117 6 207 125 138 2 71 120 114 194 226 228 115 225 177 123 93 228 100 46 169 243 175 14 120 175 101 128 237 240 114 48
57 18 11 169 72 17 37 90 68 122 252 230 145 131 232 106 109 8 2 140 9 151 229 0 212 193 226 36 56 8 32 241
25 50 143 41 0 48 97 90 100 88 206 230 147 131 226 105 104 8 38 28 139 178 39 0 196 193 98 0 58 200 32 241
40 17 18 136 233 87 48 72 196 76 228 5 134 148 42 199 200 28 202 32 4 179 114 128 23 113 0 31 82 14 46 214
249 18 239 125 50 2 67 24 83 105 246 252 83 165 144 120 92 204 124 12 185 255 229 31 210 239 177 212 239 128 82 113
40 21 22 8 73 95 48 64 132 44 230 9 6 148 42 198 200 28 202 96 4 179 48 0 181 193 2 15 82 13 44 214
29 19 15 97 128 136 97 80 116 88 102 230 19 131 224 121 96 142 38 28 11 144 39 0 214 233 240 64 186 136 112 240
185 114 111 121 2 130 65 81 118 89 230 244 83 5 144 121 84 140 108 28 139 246 101 0 210 233 112 192 107 128 226 113
40 84 18 136 73 119 49 68 164 12 237 9 134 144 34 214 232 152 202 32 12 131 16 0 177 17 2 15 66 94 47 214
153 178 15 49 2 136 37 209 100 88 102 118 147 1 192 107 104 136 66 152 203 148 103 0 212 193 226 4 105 128 224 176
74 48 54 24 9 223 16 72 142 76 69 1 204 212 35 204 144 57 235 33 6 0 218 24 135 113 9 59 18 6 13 215
25 194 13 33 68 136 33 208 100 90 118 102 19 1 192 107 104 136 10 152 75 54 103 64 212 129 114 12 121 136 98 160
108 80 18 8 201 87 52 77 132 12 197 9 132 146 34 198 200 28 202 34 4 3 16 0 181 49 2 63 18 30 173 198
49 114 11 33 64 9 97 212 52 90 70 230 19 129 232 105 120 8 34 12 139 178 167 0 212 225 114 0 104 152 112 240
232 17 18 140 73 87 182 72 132 12 192 25 132 144 34 198 200 16 202 98 20 135 82 2 49 48 2 63 82 47 175 198
57 10 11 115 0 171 97 210 116 89 102 230 147 129 225 104 120 10 6 156 11 144 103 32 196 225 242 0 185 201 112 176
244 9 18 131 197 78 226 224 72 4 178 10 66 40 37 130 232 211 130 195 56 163 81 234 61 0 138 67 65 41 124 130
40 33 2 8 73 127 178 76 140 44 224 9 132 150 35 212 200 16 202 98 4 3 80 8 53 16 10 59 80 93 47 206
32 20 2 128 73 79 182 66 128 44 232 9 6 144 34 212 232 148 202 34 68 131 16 4 17 52 10 63 80 92 175 142
241 146 203 125 16 10 67 81 114 105 231 244 83 1 176 120 88 204 108 12 153 255 229 15 210 239 176 80 105 128 226 48
6 160 150 27 153 215 16 232 190 180 66 1 236 246 111 156 145 127 234 48 38 209 155 125 11 18 69 111 146 36 13 70
96 20 2 8 73 85 148 68 140 14 192 9 134 150 34 212 216 16 202 32 76 15 81 10 181 16 26 59 80 12 175 22
113 6 207 125 10 2 71 120 82 194 102 228 115 225 145 123 17 108 100 46 169 243 175 15 104 175 101 0 233 240 114 32
25 35 15 57 2 171 101 22 100 80 110 70 179 129 192 104 104 138 42 220 139 176 103 17 196 225 50 0 105 208 226 160
65 132 89 168 206 8 173 166 200 19 56 66 157 98 104 18 107 131 2 136 17 34 70 243 116 135 186 40 125 80 195 128
244 20 18 128 217 79 176 77 44 45 129 27 134 144 34 212 248 148 202 48 48 135 16 66 177 48 2 63 144 72 175 134
74 32 18 24 121 245 48 8 174 140 141 9 204 214 98 132 148 57 235 1 4 65 218 89 21 16 11 59 2 38 15 214
241 66 232 125 2 138 67 16 114 97 231 254 83 33 144 120 92 236 100 140 185 252 229 31 214 239 240 208 105 129 82 48
1 11 79 49 132 137 97 16 228 16 102 198 147 129 224 120 96 170 42 94 83 144 103 32 196 129 32 0 40 152 208 32
116 128 146 161 213 70 226 65 121 44 179 19 14 42 36 144 249 197 6 145 24 179 17 194 153 132 142 71 225 9 236 6
36 17 2 8 233 247 146 64 172 132 224 9 134 210 43 156 216 48 202 32 20 131 18 66 145 20 10 31 64 103 47 214
96 84 18 136 73 247 48 72 140 14 200 9 132 212 35 221 216 180 202 35 36 3 82 8 145 48 10 63 144 125 47 150
198 252 48 26 105 221 178 136 174 60 129 9 172 214 67 132 129 51 235 66 70 77 219 121 53 16 11 59 16 7 13 79
149 98 73 59 6 137 97 144 116 80 102 198 147 129 217 121 120 136 38 94 3 176 231 33 196 193 112 64 105 153 114 160
29 10 203 51 4 137 97 16 118 81 70 214 147 193 248 105 112 136 14 92 11 244 103 32 196 193 176 64 232 137 80 32
49 2 207 113 18 171 97 18 116 33 226 246 83 1 144 120 120 134 38 152 139 184 101 13 212 171 176 64 233 136 112 32
81 1 73 97 134 136 97 21 100 17 98 66 147 1 208 104 96 142 46 156 11 176 229 0 196 233 162 64 41 152 240 0
17 35 73 65 198 136 96 20 100 17 66 70 145 2 208 112 96 138 10 216 147 28 69 113 244 129 162 0 57 145 241 160
96 0 2 136 73 77 176 106 168 2 144 25 132 128 34 132 200 1 202 33 84 47 18 64 145 48 26 123 80 12 47 130
53 11 78 227 134 2 101 80 100 16 226 198 19 1 129 89 104 142 10 202 25 178 69 32 196 161 162 0 41 139 112 160
21 66 73 33 130 138 101 80 116 48 227 70 19 0 152 120 120 136 46 154 75 144 101 0 212 137 226 0 33 146 240 32
17 66 65 161 6 10 101 148 116 0 98 198 147 1 152 65 112 136 14 204 3 176 69 64 196 160 162 0 57 146 224 136
0 32 18 136 201 69 176 72 172 3 128 17 132 144 96 132 200 24 202 32 16 7 146 66 149 20 26 127 208 12 163 134
228 0 18 136 201 65 176 64 136 32 160 25 4 150 32 93 200 17 202 48 36 3 64 192 21 16 90 123 144 12 47 134
143 49 122 120 169 223 89 80 159 76 87 53 222 214 174 172 222 57 191 4 141 208 114 18 195 95 49 143 90 172 12 87
185 83 186 217 161 215 117 92 87 76 86 247 195 212 238 237 220 60 166 100 141 214 52 128 195 249 114 135 26 157 172 245
249 18 235 121 50 147 91 92 119 105 246 244 83 157 190 120 86 188 61 60 171 151 101 30 210 239 48 212 255 128 112 113
153 115 43 113 160 86 101 92 116 76 246 245 147 149 234 109 124 24 166 92 207 242 39 64 194 201 246 140 42 148 228 245
169 49 50 136 161 215 21 85 149 76 244 49 142 214 42 173 220 56 135 48 141 211 50 128 195 209 70 7 82 28 174 215
25 83 11 177 164 91 101 84 118 120 86 230 19 135 234 105 120 10 6 204 139 208 39 160 198 201 246 132 58 152 244 249
40 17 146 168 237 86 181 89 144 92 244 39 132 182 106 197 216 156 130 34 92 243 176 192 181 241 70 15 66 76 188 215
25 114 111 105 160 3 101 212 116 88 214 230 19 133 226 105 124 136 46 92 139 176 103 0 198 193 102 0 122 152 240 241
40 149 22 136 237 87 180 194 196 92 254 3 130 148 42 199 216 28 138 34 84 179 49 128 51 113 66 15 66 77 172 214
249 18 235 101 48 154 75 16 119 105 247 252 83 5 144 120 92 196 125 188 185 191 101 14 242 239 176 208 239 130 114 113
185 114 107 121 32 154 67 80 117 107 231 244 19 133 176 120 124 140 46 92 139 180 37 50 194 239 176 192 239 129 112 113
157 90 11 113 0 136 97 208 116 88 102 246 19 131 224 121 112 136 38 94 139 212 39 32 214 233 242 0 56 145 240 240
108 20 18 140 201 95 182 106 132 14 204 9 134 144 34 198 200 20 202 34 84 135 82 2 177 17 2 27 82 124 175 214
185 18 111 123 16 139 65 80 117 105 231 244 83 5 144 120 124 134 108 28 171 182 101 30 210 239 176 144 235 136 64 113
25 51 143 115 128 43 97 80 116 89 103 230 19 1 224 105 120 138 14 92 139 240 101 32 198 193 242 0 249 201 240 176
25 18 79 115 128 171 97 17 118 89 103 230 83 1 224 105 120 138 46 220 139 240 103 32 198 225 242 0 57 217 240 48
168 20 18 8 233 95 178 70 140 12 228 9 132 150 35 148 200 16 202 96 36 3 18 2 49 48 10 63 210 92 47 215
40 20 18 136 73 79 148 76 140 14 232 9 132 150 34 212 216 16 202 32 36 3 80 10 177 52 10 31 80 92 47 214
113 210 239 117 18 138 67 85 113 105 246 244 83 5 144 120 124 132 108 28 171 255 101 15 242 239 48 192 237 128 242 113
25 18 9 99 134 128 101 84 116 18 111 102 19 131 224 105 121 138 38 158 91 152 167 32 204 201 230 96 57 136 240 160
74 52 18 8 121 221 20 77 142 14 137 9 140 214 42 212 144 57 202 33 86 3 210 95 53 20 11 59 18 94 15 215
36 16 18 136 201 95 148 108 140 47 225 25 134 150 42 212 216 145 202 35 12 131 80 2 177 20 26 95 80 14 175 222
25 35 205 123 2 138 97 144 118 89 102 102 147 1 145 121 120 138 14 222 203 240 101 49 198 233 50 0 105 144 96 40
1 132 217 175 78 0 171 240 136 0 56 66 189 227 120 34 43 67 74 137 1 33 142 227 228 141 42 168 60 130 3 160
36 16 18 128 209 79 144 97 152 45 163 27 6 148 42 149 216 148 206 32 60 163 16 66 145 20 74 127 128 12 175 214
100 52 18 24 249 253 178 72 172 140 192 9 196 214 43 149 216 49 202 32 52 3 82 72 177 16 10 59 80 109 47 87
29 11 73 115 132 137 97 16 116 80 102 198 147 129 224 113 96 170 42 94 195 152 103 48 196 225 96 0 56 216 80 176
189 74 105 123 130 138 65 16 118 65 230 246 19 1 144 120 88 172 44 220 139 240 229 48 196 233 176 80 105 136 210 112
96 16 18 156 73 223 148 72 140 142 192 9 142 212 42 212 216 177 202 35 4 3 82 74 145 52 10 59 16 124 47 214
78 124 16 30 73 221 182 72 174 14 129 9 236 214 99 197 128 51 235 2 102 7 218 121 21 16 11 59 18 54 15 214
21 35 73 41 134 136 101 208 118 80 102 198 179 129 217 105 120 136 6 206 203 176 111 16 196 193 226 4 121 144 114 160
113 14 109 103 18 171 67 48 116 105 239 238 115 33 144 112 124 228 108 188 185 148 101 62 244 239 160 208 237 139 82 48
157 66 75 241 134 139 97 144 118 64 70 214 147 193 241 105 112 136 46 94 3 180 101 2 196 193 176 0 41 153 80 48
181 66 109 121 18 138 99 16 116 99 230 246 83 1 152 112 120 172 46 156 171 180 101 30 196 239 176 80 249 139 112 48
177 130 205 115 22 138 99 148 116 65 226 246 83 1 144 120 120 142 46 156 171 184 101 46 212 175 176 64 105 137 208 48
21 43 73 243 134 136 97 144 116 80 110 230 147 129 216 105 120 138 14 156 155 176 229 48 196 137 162 0 45 202 240 160
21 139 73 107 134 137 101 144 116 16 106 198 145 67 216 112 120 138 6 158 195 144 103 112 196 200 226 64 57 130 65 160
96 0 18 136 73 93 176 67 140 13 128 25 132 146 34 142 200 49 202 32 4 11 82 192 21 16 26 59 16 12 175 206
98 0 18 136 201 253 176 66 136 7 176 25 132 128 34 132 200 51 202 0 20 43 210 64 21 48 90 123 80 12 47 134
53 11 73 227 134 136 101 80 116 16 98 230 179 1 209 104 120 138 14 94 201 176 69 32 196 161 162 0 41 154 80 160
21 74 74 65 2 130 101 208 116 0 226 102 147 1 128 112 120 136 46 206 203 178 69 0 196 137 162 0 33 210 240 32
96 0 18 136 201 113 48 206 140 5 128 25 140 146 34 205 201 147 202 48 36 7 18 192 21 16 26 59 144 92 173 6
0 68 146 136 217 101 148 70 140 23 128 25 140 146 32 142 201 17 202 0 36 39 82 192 177 16 30 63 80 92 173 6
153 114 235 121 176 215 119 220 119 78 246 245 219 213 190 120 126 184 158 28 235 181 37 138 194 207 182 132 62 156 224 113
153 19 186 249 165 215 119 212 85 78 214 183 155 214 238 236 222 60 150 36 253 183 52 130 195 253 54 135 26 188 188 247
175 49 50 88 169 221 21 85 157 204 85 53 206 215 238 237 222 56 183 32 212 242 114 130 195 121 102 139 82 252 173 215
153 19 235 241 160 23 101 220 119 75 246 246 19 151 170 105 116 154 174 220 203 209 37 130 194 205 182 132 58 152 228 249
172 17 50 152 237 215 181 84 157 76 116 55 206 244 106 237 220 124 130 98 188 243 114 128 147 113 70 47 210 124 173 215
14 61 50 26 105 253 20 72 159 204 77 45 236 222 46 205 198 57 243 3 148 2 242 152 183 81 73 187 82 127 141 215
185 90 235 105 178 158 99 148 119 75 246 244 83 5 179 120 126 140 62 28 139 180 101 62 210 239 50 192 239 147 112 113
142 53 48 26 105 253 52 64 159 204 77 41 236 220 39 133 150 57 251 3 148 3 114 216 135 81 9 187 18 127 15 215
249 86 235 109 50 154 75 82 117 105 254 252 83 13 146 112 95 196 124 60 169 191 101 46 242 239 160 208 111 139 114 113
25 58 75 113 160 8 101 214 116 74 118 230 19 135 225 105 125 138 38 158 203 240 39 32 214 201 118 128 58 216 112 249
189 90 235 121 176 170 99 210 119 75 246 244 83 5 176 120 125 142 126 28 171 180 101 62 242 239 176 192 239 145 240 113
29 186 75 243 132 9 101 208 116 90 86 230 147 1 232 105 121 138 38 140 139 240 111 96 204 193 230 64 185 168 112 176
40 20 18 12 121 95 178 108 140 76 228 9 142 246 42 132 216 49 202 32 36 3 114 14 17 52 10 31 82 12 47 215
249 222 111 119 18 138 67 176 113 73 246 246 83 5 144 120 124 198 108 188 169 186 101 47 242 239 48 192 239 128 242 121
40 20 18 136 89 86 144 76 152 13 240 11 70 150 42 197 216 148 202 32 36 163 82 206 145 54 26 31 81 12 47 223
25 147 77 123 2 138 97 144 118 88 102 230 211 1 136 121 120 142 46 220 139 144 101 48 198 233 226 0 41 128 96 48
48 144 82 128 93 78 144 192 24 61 178 11 70 146 46 212 248 149 130 33 44 179 17 196 145 18 130 23 65 12 124 130
42 16 18 136 121 223 146 64 156 44 160 25 206 214 42 148 216 185 202 32 36 3 80 94 177 20 10 63 80 44 175 214
25 131 237 123 2 138 97 144 118 88 102 230 243 1 152 121 120 138 46 220 139 240 101 49 198 233 34 0 105 144 96 112
44 16 18 136 233 223 144 72 152 140 160 9 206 212 42 148 216 177 202 49 12 131 82 66 145 20 10 127 208 44 47 215
253 106 233 127 144 138 99 16 118 105 230 254 115 1 144 112 120 172 108 92 235 180 229 63 214 239 176 208 109 136 82 112
137 3 73 121 4 137 97 16 118 64 102 198 179 193 240 121 112 168 46 94 203 144 101 16 198 233 98 0 123 136 80 176
36 16 18 28 233 223 144 64 152 140 224 9 198 214 43 156 216 177 202 33 4 3 82 72 145 48 10 59 208 44 47 214
78 56 16 30 105 221 182 72 174 62 133 9 172 214 35 212 128 51 219 67 6 11 218 125 21 16 11 59 18 55 15 95
153 35 73 121 4 138 101 16 118 64 102 244 147 193 208 120 120 168 46 206 203 176 101 16 198 233 242 4 105 216 112 240
9 6 75 161 68 8 237 112 236 82 116 196 157 163 240 99 106 8 6 168 1 112 134 192 228 209 227 40 60 160 65 160
100 16 18 156 105 223 144 72 140 140 192 9 142 246 42 212 216 177 202 33 4 3 82 200 145 48 74 59 16 108 47 215
157 2 107 113 134 139 99 16 118 66 102 214 147 1 145 120 112 136 46 158 203 176 101 10 196 239 176 0 105 216 112 48
125 86 109 97 146 170 99 18 116 73 238 246 83 33 145 112 125 132 108 188 169 180 101 14 246 239 160 208 237 139 82 112
149 131 73 113 150 138 99 144 126 64 102 230 179 67 144 120 112 140 46 222 235 176 109 91 196 237 178 68 105 128 80 32
1 131 73 113 6 138 101 144 124 64 118 230 147 195 144 121 120 136 6 206 139 176 109 81 196 137 226 4 125 128 80 160
98 0 18 152 73 221 144 78 136 5 128 25 140 214 34 148 200 177 202 33 4 3 82 192 145 16 26 59 16 12 175 70
98 16 18 152 201 221 144 70 136 5 176 25 140 242 42 148 200 177 202 1 20 35 82 192 145 48 90 123 208 12 175 198
25 146 235 248 54 214 127 212 119 79 246 231 91 223 190 96 127 188 159 60 239 149 37 142 242 255 182 132 62 222 108 121
155 146 250 249 181 215 127 212 85 206 215 247 219 223 174 228 255 56 151 70 205 183 52 202 203 223 182 135 30 238 188 247
121 22 239 104 178 154 123 216 117 107 254 228 83 77 187 112 127 150 63 60 137 181 37 30 242 239 162 196 239 130 112 121
25 146 235 233 52 211 123 220 119 79 254 230 91 135 186 240 127 188 158 156 203 149 37 218 242 207 182 132 62 222 96 121
174 26 50 158 237 221 177 112 159 204 117 55 174 255 34 237 222 121 151 2 180 18 122 240 215 113 75 171 210 110 175 215
142 57 48 30 105 221 61 66 159 76 85 61 172 254 39 141 158 59 247 3 150 26 250 249 151 81 73 171 146 108 13 215
125 30 111 105 182 138 107 242 117 75 254 238 83 13 147 112 127 134 93 60 171 183 101 63 242 239 160 192 239 138 114 121
153 58 235 113 54 139 103 82 119 74 118 246 115 7 178 120 127 138 14 156 171 188 45 110 238 239 54 128 63 200 96 113
14 28 50 28 121 221 144 96 159 204 221 9 236 246 38 149 222 57 195 0 4 3 122 216 55 81 75 59 146 46 15 215
78 56 48 30 121 221 178 104 142 76 133 9 172 246 34 132 132 51 203 1 38 3 250 223 151 85 11 59 18 38 15 215
25 26 105 241 4 139 97 16 118 72 118 230 211 195 240 105 122 168 46 140 139 240 45 65 198 201 226 128 61 136 113 113
25 18 237 121 22 138 97 16 119 73 246 230 211 65 144 120 113 172 46 156 139 240 109 91 198 239 178 132 57 128 112 112
78 56 48 30 121 221 144 64 158 76 133 9 172 214 2 148 132 49 219 3 36 3 122 253 21 81 11 59 18 46 15 215
153 2 105 121 2 138 97 28 119 72 118 230 211 193 208 120 114 140 46 156 131 176 109 82 198 239 178 0 121 144 96 112
42 16 22 152 105 223 144 64 153 12 240 11 206 214 42 148 216 177 198 33 12 163 18 192 177 16 10 31 80 44 47 215
121 22 109 101 18 138 99 16 116 73 254 230 211 1 144 112 57 164 124 60 171 180 101 15 230 239 176 192 237 130 82 112
153 66 105 121 6 138 101 148 126 74 102 246 147 129 240 120 114 136 14 220 139 176 101 50 198 237 50 0 121 145 80 112
46 56 18 152 105 221 144 72 158 140 229 9 236 214 34 148 200 177 203 1 4 3 114 88 145 16 10 59 82 46 15 215
153 2 233 121 4 11 103 148 118 66 118 212 211 1 144 120 120 136 14 78 171 180 101 50 198 237 178 0 121 145 80 48
34 17 18 156 233 223 16 64 153 140 248 9 206 214 34 148 216 177 202 32 4 3 82 200 145 48 10 27 16 44 47 87
29 74 203 251 4 11 103 144 118 192 118 198 147 3 176 104 114 200 14 206 131 176 45 170 198 205 178 0 61 155 240 48
21 11 73 107 22 10 103 24 118 64 123 230 211 3 144 112 50 136 14 206 193 176 109 58 228 239 34 128 125 195 81 32
25 22 235 227 54 27 107 88 117 75 254 230 123 7 178 112 119 142 30 172 171 180 45 255 254 239 178 128 63 130 96 113
74 56 48 158 105 221 178 74 175 92 133 9 172 222 103 148 143 59 219 3 38 75 250 255 151 87 11 187 18 5 15 215
121 22 111 101 50 138 107 52 117 73 254 230 83 101 144 112 61 228 124 188 169 180 101 15 254 239 160 192 237 146 114 113
25 83 233 97 54 138 111 28 119 72 118 230 211 3 144 112 118 172 46 156 171 180 101 94 230 239 182 128 61 146 225 113
78 56 16 158 233 221 150 67 159 76 133 9 172 214 39 148 140 51 203 3 6 11 122 249 183 81 11 59 82 44 15 215
153 82 233 105 150 138 111 148 119 74 118 246 219 3 144 112 114 140 46 220 139 180 101 126 230 239 50 128 125 147 192 113
25 78 111 105 22 138 103 144 124 74 126 230 211 1 144 112 123 140 62 190 171 180 101 62 230 239 34 128 239 147 208 112
13 74 233 233 20 10 111 144 118 65 126 230 211 1 177 112 122 140 14 254 203 176 109 110 230 239 166 128 124 154 112 112
