130 143 6 158 23 195 166 226 148 6 218 163 96 234 32 193 89 107 131 195 36 153 10 255 32 38 202 3 20 12 60 138
72 48 56 96 34 76 81 16 41 136 52 40 159 31 128 80 134 21 221 0 0 64 176 0 195 249 32 147 98 128 71 51
3 142 3 158 20 131 138 236 86 1 88 194 96 234 184 228 89 106 19 141 35 168 14 255 40 38 138 136 28 14 48 140
130 141 6 158 21 131 174 226 148 6 90 131 96 234 48 65 89 106 139 195 34 185 10 255 32 38 138 129 20 12 60 138
73 48 17 96 1 92 80 16 41 136 36 72 158 23 0 244 128 20 220 8 1 64 144 192 131 249 4 2 74 0 11 51
107 34 32 41 45 29 208 88 79 252 176 77 170 72 86 0 201 130 206 5 142 98 223 145 134 89 129 63 91 12 90 198
104 48 56 96 33 77 81 16 105 136 52 8 159 23 0 48 132 21 93 8 136 96 176 0 195 217 32 16 66 128 66 35
82 34 82 184 75 192 26 72 191 4 208 163 12 206 96 80 126 185 239 128 10 3 138 211 144 100 139 171 53 6 39 195
3 142 2 158 20 147 170 238 86 1 88 70 96 232 188 228 89 106 18 141 167 168 14 255 32 46 155 136 29 14 120 140
2 142 2 158 23 131 186 230 22 4 90 135 96 234 34 64 89 123 147 129 34 136 26 255 32 38 138 11 20 14 60 138
104 48 56 96 32 76 81 16 105 136 52 8 159 23 0 48 132 20 93 8 136 96 176 0 195 249 32 16 64 128 66 35
12 17 126 101 32 46 123 56 108 168 119 0 95 51 137 48 182 84 92 106 128 176 49 76 199 235 97 4 98 243 66 163
104 48 56 96 33 77 81 16 105 136 52 8 159 23 0 48 132 21 93 8 136 96 176 0 195 217 32 16 66 128 66 35
2 205 128 156 147 208 182 167 30 7 72 147 44 44 38 196 161 99 131 129 118 8 0 255 41 54 158 67 16 84 189 94
104 48 124 100 96 15 113 19 233 169 55 24 158 17 4 50 132 148 118 8 144 120 176 64 71 217 112 0 66 128 194 35
3 143 3 158 20 147 170 230 86 0 90 70 96 226 180 228 89 106 2 141 167 184 12 255 32 46 138 128 29 10 120 140
130 143 6 158 21 131 174 226 148 6 90 163 96 234 48 193 89 107 131 195 38 153 14 255 32 38 138 131 20 12 60 142
104 48 56 96 33 77 81 16 105 136 52 8 159 23 0 48 132 21 93 8 136 96 176 0 195 217 32 16 66 128 66 35
38 162 0 153 221 147 138 200 86 49 80 211 224 200 122 192 89 10 162 149 54 114 79 151 28 6 143 109 29 12 184 132
104 48 56 96 33 77 81 16 105 136 52 8 158 23 0 52 132 20 93 8 136 96 176 192 195 249 32 16 66 128 70 51
130 14 6 158 28 131 174 96 148 6 210 131 96 234 48 65 120 106 171 227 100 233 11 255 48 34 202 129 21 44 56 128
72 48 120 96 32 77 81 16 105 136 52 40 159 23 0 48 134 21 221 8 136 96 176 0 195 249 32 144 66 128 67 35
120 13 110 238 28 19 79 120 197 0 222 2 115 99 176 116 120 228 93 234 232 163 41 189 242 237 163 144 55 170 112 0
73 48 24 96 33 28 80 16 105 136 36 76 159 19 128 240 132 20 220 8 133 64 144 0 131 249 32 18 74 128 74 3
130 143 2 158 23 131 186 230 150 5 88 163 32 234 50 193 89 107 131 133 38 184 14 255 32 38 138 11 20 12 60 142
107 162 32 40 45 29 216 136 75 188 180 13 143 8 82 16 137 132 205 5 142 98 202 145 219 217 9 189 86 140 94 71
104 48 56 96 33 77 81 16 105 136 52 8 159 23 0 48 132 20 93 8 136 96 176 0 195 217 32 16 66 128 66 35
114 184 88 250 75 193 17 200 159 20 224 171 44 223 108 16 251 187 131 128 2 11 154 243 83 149 139 171 53 0 39 146
3 142 0 153 28 147 138 238 86 1 88 247 32 200 176 196 89 10 2 133 38 58 79 191 40 6 155 109 28 12 184 140
2 143 2 158 23 131 178 230 22 5 88 163 32 234 34 192 89 107 131 133 6 184 14 255 32 38 138 11 20 14 60 142
3 143 3 158 20 131 170 230 86 1 88 198 96 224 180 196 89 106 2 141 167 184 12 255 32 46 138 136 29 14 112 140
130 141 6 158 23 195 170 230 150 4 90 131 96 234 50 193 89 107 131 133 38 152 14 255 40 38 138 3 28 12 56 142
104 48 56 96 32 76 81 16 105 136 52 8 159 23 0 48 132 20 93 8 136 96 176 0 195 249 32 16 64 128 66 35
3 143 3 158 20 131 170 230 86 1 88 70 96 234 180 228 89 106 18 141 163 184 14 255 32 46 138 136 28 10 48 140
33 207 64 14 214 129 142 247 70 0 88 231 97 96 180 132 73 226 2 207 210 40 12 61 40 4 173 192 117 218 248 140
220 17 126 101 32 78 117 81 108 128 103 0 95 55 9 51 182 84 125 104 128 177 49 72 215 235 96 4 96 163 98 35
72 48 120 96 32 77 81 16 105 136 52 40 159 23 0 48 134 20 93 8 136 96 176 0 195 249 32 144 66 128 66 35
130 143 2 158 23 131 186 230 150 5 88 163 32 234 50 193 89 107 131 133 38 184 12 255 40 38 138 11 20 12 60 142
2 141 0 158 147 209 182 167 30 69 72 131 44 44 38 196 193 99 131 193 118 136 4 255 40 38 158 3 20 84 189 94
104 48 120 97 100 45 113 16 233 41 119 24 155 27 132 62 134 180 102 8 144 118 224 200 71 249 48 0 66 129 66 161
72 48 56 96 33 93 81 16 105 136 52 8 159 23 0 52 132 20 221 8 136 96 176 128 195 217 32 16 66 128 70 51
3 143 2 158 20 131 170 230 86 0 90 198 96 234 180 196 121 106 2 141 167 186 12 255 32 46 138 128 29 14 120 140
72 48 120 96 32 76 81 16 105 136 52 40 159 23 0 48 134 21 221 8 136 96 176 0 195 249 32 144 98 128 67 35
130 14 6 158 28 131 174 96 148 2 210 231 96 234 176 197 120 106 43 231 100 233 15 255 48 34 202 129 21 44 56 132
66 14 6 158 12 130 172 104 148 6 210 195 104 234 48 195 120 101 59 167 100 193 15 253 52 34 203 129 21 104 57 4
104 48 120 96 35 93 81 16 105 136 52 40 159 31 0 48 134 21 221 8 128 96 176 0 195 249 32 147 98 128 71 51
49 141 111 206 28 147 79 248 85 0 254 66 115 99 184 116 120 226 30 234 234 171 109 191 242 238 129 144 55 170 112 40
105 34 120 96 33 29 81 16 105 172 52 13 159 27 66 18 132 196 76 12 140 96 224 0 194 249 33 49 66 132 74 67
130 143 6 158 28 131 174 226 148 6 218 227 96 234 178 193 121 107 138 231 102 153 14 255 32 38 202 131 20 44 56 140
106 162 40 168 109 93 89 152 3 188 180 137 139 13 82 16 201 132 207 13 142 98 232 145 223 217 37 189 70 140 86 67
104 48 56 96 33 76 81 16 97 136 52 8 159 23 0 48 132 20 93 8 136 96 176 0 195 249 32 16 66 128 70 51
34 176 121 90 75 193 145 200 27 17 240 42 56 223 108 48 251 155 147 128 3 99 250 243 95 28 23 47 113 8 39 187
35 142 0 153 92 147 170 206 22 1 80 211 160 138 50 196 73 42 130 133 38 186 71 255 44 38 158 233 29 12 184 140
2 143 2 158 22 147 170 230 22 5 88 163 96 232 48 192 89 106 131 133 38 186 12 255 32 38 138 139 21 14 56 142
3 143 3 158 20 147 170 230 86 0 88 198 96 234 180 196 120 106 2 141 167 186 12 255 32 38 138 128 29 14 120 140
130 143 6 158 28 131 174 226 148 6 218 227 96 234 176 197 121 106 10 231 102 185 14 255 40 38 202 129 21 44 56 140
72 48 56 96 33 77 81 16 105 8 52 8 159 23 0 48 132 20 93 8 136 96 176 0 195 249 32 16 66 128 66 35
3 142 2 154 28 147 138 236 86 1 88 210 96 232 188 228 89 42 18 133 167 170 15 191 40 38 155 8 28 14 184 140
163 207 64 30 212 129 142 231 86 4 88 227 97 96 180 196 88 98 2 239 246 40 12 63 40 36 173 192 53 154 240 140
212 96 126 101 34 78 113 96 61 162 103 24 87 31 0 83 182 149 121 106 104 245 177 10 215 248 64 4 98 160 103 18
88 48 120 96 35 76 81 16 105 168 54 40 159 31 64 18 166 213 253 0 8 64 240 0 219 249 33 179 98 128 7 19
130 143 6 159 28 130 174 226 148 6 210 231 96 234 50 193 121 107 171 231 100 153 14 255 32 38 202 131 20 44 56 140
45 112 115 83 100 173 233 16 233 1 99 88 159 25 21 62 142 52 66 8 129 244 240 192 7 248 16 64 194 155 66 164
104 48 113 96 101 29 81 16 105 8 52 8 30 17 132 180 142 148 214 8 137 96 240 192 199 217 32 18 66 128 66 35
3 142 2 158 20 145 170 236 86 1 88 227 96 234 190 196 121 42 2 133 38 186 15 255 40 38 155 136 28 14 184 140
243 133 101 94 92 23 79 252 87 64 254 66 114 96 188 117 89 194 30 234 175 163 125 255 51 190 129 24 127 170 112 44
104 34 120 96 33 29 81 16 105 236 52 45 143 9 210 18 134 197 204 12 140 96 224 0 194 249 33 177 98 132 79 67
147 14 6 159 28 130 174 104 148 2 210 231 97 234 176 193 120 102 42 231 228 221 15 255 176 34 235 128 28 40 56 132
106 162 105 64 109 89 89 152 3 252 180 169 139 13 214 20 9 148 223 16 8 98 232 144 95 217 165 181 71 140 86 115
104 48 57 96 33 76 81 16 97 136 52 8 158 23 0 48 132 20 93 8 136 96 176 192 195 249 32 16 66 128 70 51
149 110 134 190 140 135 174 196 214 130 80 198 113 200 241 137 89 106 18 207 237 247 30 170 32 2 223 40 61 121 120 140
39 176 113 90 235 197 144 204 95 25 240 122 60 222 108 180 255 155 19 16 131 98 250 241 31 24 23 110 89 8 227 167
201 89 55 109 45 158 123 48 237 64 230 4 255 115 33 246 166 100 121 76 193 169 51 237 231 249 66 16 74 164 67 120
104 48 120 96 33 77 81 16 105 168 52 8 159 23 0 48 134 149 93 8 136 96 240 0 195 217 33 177 66 128 70 35
3 134 6 155 93 147 138 232 86 17 209 211 96 232 56 196 89 74 130 165 38 163 79 191 44 38 159 111 29 14 184 140
49 165 73 73 221 37 73 15 86 81 168 30 51 32 88 48 89 138 66 60 27 42 87 21 25 141 144 124 249 8 242 168
88 50 121 224 34 72 89 16 41 8 52 168 159 31 192 80 166 149 221 0 0 64 160 192 211 249 34 131 98 128 7 19
3 14 6 159 28 130 174 104 148 2 210 199 97 234 176 193 120 103 42 167 228 217 15 253 36 34 235 128 28 40 56 132
105 48 113 64 101 93 113 16 105 8 244 8 10 25 148 182 142 212 70 8 129 112 240 192 87 217 0 18 74 136 66 165
17 142 14 191 12 131 174 168 150 18 210 231 225 226 184 67 89 230 110 175 108 195 79 189 176 34 251 152 20 40 56 8
149 76 142 182 140 55 110 216 214 162 194 86 115 224 177 233 121 236 42 255 237 245 31 170 176 142 199 0 173 249 120 132
19 132 4 153 29 23 138 232 22 49 208 83 194 232 56 197 217 192 170 165 46 227 95 159 172 246 207 127 29 44 184 132
