160 207 20 31 217 139 6 174 214 22 104 88 226 224 40 17 145 114 98 66 114 236 74 63 44 34 85 75 80 112 206 142
81 12 134 159 12 2 164 104 244 130 194 2 224 226 49 111 113 230 106 170 36 211 143 109 53 34 207 0 0 112 113 4
83 32 150 133 10 10 104 64 173 160 226 196 205 162 80 86 34 197 106 157 5 211 151 64 156 50 79 0 40 32 35 4
238 108 134 30 141 176 134 174 154 146 194 17 224 224 37 207 193 102 234 67 100 197 202 43 37 50 221 27 130 125 24 14
70 172 145 146 192 160 39 135 58 19 8 73 164 226 76 30 129 91 35 18 19 90 138 99 61 22 31 106 128 83 135 172
54 98 114 100 78 107 146 72 17 164 178 235 67 13 69 16 62 221 207 99 8 247 133 140 154 194 1 183 101 171 102 135
40 188 186 90 221 221 146 198 218 1 124 8 50 248 118 160 153 123 146 17 150 58 222 63 111 93 21 107 209 78 223 142
35 188 42 186 85 133 179 198 86 69 88 15 48 216 118 0 217 42 19 21 134 186 62 191 121 29 159 106 93 14 114 222
32 162 184 177 205 233 177 207 90 63 52 25 132 185 90 8 137 11 163 17 18 122 194 243 77 23 95 111 197 72 215 202
34 0 110 216 79 193 240 65 203 22 165 27 0 137 116 11 104 139 115 129 2 103 6 209 87 9 218 41 117 8 118 130
5 37 233 69 148 74 239 49 112 226 78 64 211 32 145 96 114 108 48 107 225 240 229 10 109 174 167 0 229 242 86 224
82 34 2 128 13 8 232 64 45 32 162 3 140 130 38 208 232 133 110 129 12 19 129 192 148 48 139 19 9 8 59 4
32 189 58 250 92 199 147 224 222 4 120 11 113 252 34 0 217 59 3 65 2 186 90 63 121 133 43 41 85 10 116 202
19 32 6 137 77 22 160 64 236 32 194 66 132 130 36 196 232 140 106 137 9 243 197 192 148 48 138 18 25 8 57 132
34 173 90 26 89 217 146 200 155 132 248 9 98 200 46 144 217 186 130 64 14 179 138 63 59 21 5 59 81 14 110 134
24 77 30 238 28 199 71 120 132 4 206 2 247 247 33 64 88 240 15 106 104 131 89 61 241 229 167 16 48 186 36 34
252 64 94 108 0 6 87 248 33 134 230 8 83 83 33 115 112 244 108 234 104 135 185 8 243 235 229 17 34 179 110 34
147 20 113 173 2 102 185 24 45 66 82 226 157 30 16 229 38 29 31 227 193 148 117 193 133 120 154 134 62 197 33 253
211 16 117 205 6 6 41 24 125 64 82 194 221 22 152 228 54 157 62 235 193 148 53 200 149 56 138 2 36 129 33 37
133 48 149 218 205 237 160 202 222 123 33 88 148 242 105 43 193 10 114 24 51 70 218 80 13 146 91 126 152 73 1 162
80 32 3 136 77 4 32 72 164 0 194 2 4 146 32 80 232 133 106 129 8 3 211 192 149 32 138 10 0 0 33 2
67 34 6 140 73 19 160 72 238 160 194 74 192 194 36 198 232 196 106 1 4 195 199 80 148 34 139 27 24 12 57 132
33 32 65 137 76 9 224 64 108 32 240 74 151 8 20 128 104 132 74 9 1 49 196 192 20 48 130 48 93 8 91 128
96 32 66 9 74 9 160 72 42 32 224 11 2 130 4 80 104 141 106 133 4 115 197 80 20 32 3 41 65 0 106 134
96 0 24 137 78 1 160 72 134 0 192 3 132 210 32 64 200 140 106 129 8 99 203 208 149 32 139 59 17 8 49 130
80 32 19 128 73 13 32 72 238 0 226 0 68 194 32 212 232 132 106 136 0 195 147 80 149 32 11 10 0 0 33 36
56 5 126 101 70 10 103 48 116 166 110 2 115 33 147 81 56 236 34 234 104 176 33 14 119 175 96 1 97 242 106 170
16 2 14 169 14 11 160 64 22 32 210 163 193 2 32 64 120 132 106 128 8 241 69 144 148 162 171 17 53 8 53 128
80 32 23 129 74 15 33 64 46 32 226 2 212 131 0 84 104 132 106 136 0 209 145 80 149 162 3 0 97 0 99 162
0 32 19 1 75 13 160 64 110 32 226 74 214 131 0 20 40 140 106 8 0 241 149 80 21 32 3 32 97 8 67 160
81 0 7 140 9 2 32 64 228 128 194 74 194 130 32 118 96 196 106 136 8 195 199 64 148 34 131 24 0 8 49 4
32 32 20 157 74 11 160 72 134 176 192 11 196 192 96 66 200 93 106 1 2 115 203 17 20 0 11 63 17 8 41 130
64 0 22 156 75 128 32 72 134 128 192 0 196 210 96 66 192 108 106 0 2 67 203 17 149 32 11 10 16 8 33 130
16 34 4 141 10 11 160 72 54 160 194 195 65 128 32 64 120 204 106 132 8 241 79 28 148 2 131 16 113 8 32 128
80 32 14 173 10 2 33 72 166 160 194 3 80 131 32 82 104 212 106 128 8 211 203 28 212 162 131 0 32 8 36 2
33 32 4 169 76 11 160 72 70 160 224 74 147 128 64 130 72 204 106 12 5 240 207 16 148 0 3 48 121 8 90 128
80 32 10 136 9 1 32 64 174 32 162 9 134 130 32 80 232 132 106 128 8 67 195 80 149 32 139 59 0 0 35 2
2 112 111 176 106 197 185 86 139 80 80 239 28 143 116 11 175 25 211 149 131 90 146 208 84 24 154 170 13 132 55 243
32 34 65 37 76 11 96 64 36 32 226 74 211 2 128 80 104 140 106 8 8 242 197 0 148 160 3 0 97 8 66 160
80 32 6 140 9 9 160 72 174 128 194 8 196 194 32 82 232 69 106 1 4 195 131 80 145 32 139 27 16 8 41 6
214 201 28 190 9 221 86 172 173 16 130 9 239 242 41 211 128 241 236 98 108 65 26 61 179 243 69 27 48 55 8 14
49 32 7 9 78 11 96 72 118 160 98 66 211 128 128 64 120 140 98 136 8 240 69 16 148 160 163 0 113 136 112 128
165 162 196 17 76 43 96 8 94 177 3 218 195 0 220 143 3 4 104 29 54 116 207 17 12 34 209 116 253 141 216 132
4 36 152 177 128 108 177 7 58 183 79 17 149 179 74 74 145 31 33 17 54 88 211 2 205 167 126 109 128 64 141 130
225 166 205 113 176 11 69 191 114 51 50 248 179 33 152 57 19 198 100 24 251 252 77 63 236 159 117 244 228 128 194 40
81 29 155 108 21 166 67 51 116 9 238 80 114 113 48 112 112 230 40 40 57 187 49 14 241 239 128 64 248 10 112 42
226 84 121 160 54 65 152 22 201 72 24 235 158 28 244 32 134 17 157 1 173 32 96 208 226 93 42 186 28 28 21 87
245 113 159 100 141 15 71 92 192 162 160 12 82 241 65 59 152 228 104 106 105 103 218 8 241 138 69 62 200 123 82 50
1 132 95 249 50 174 105 51 60 67 98 212 253 19 128 121 55 11 26 172 179 156 21 95 196 175 50 64 56 128 161 40
32 104 26 254 76 205 210 64 134 132 249 11 182 217 97 0 200 185 67 67 74 35 82 57 85 133 160 57 81 58 94 138
32 232 24 186 88 205 19 206 150 52 44 9 182 211 99 16 129 59 66 80 66 42 74 57 237 133 49 121 16 27 13 138
245 104 205 101 5 75 67 128 112 242 162 10 83 1 81 59 57 196 104 122 41 244 253 40 221 203 197 52 237 123 82 32
112 8 58 126 77 221 210 104 201 4 241 9 34 217 44 144 216 185 199 67 76 35 90 61 83 249 0 59 81 43 110 130
68 48 181 183 168 108 49 154 166 255 139 17 212 247 73 90 5 87 105 17 2 69 251 64 205 38 127 20 128 113 5 115
201 15 205 101 36 10 111 55 104 226 46 204 243 33 145 51 54 230 124 110 225 240 245 8 228 235 101 16 108 242 67 40
65 10 217 109 52 170 99 23 124 1 122 244 247 33 144 112 54 38 44 12 145 184 69 15 196 175 48 0 236 138 65 41
68 177 152 178 136 108 17 11 170 183 137 25 150 246 74 26 129 87 105 17 22 75 218 64 217 132 95 125 128 97 143 82
118 241 24 48 249 205 16 175 171 61 168 25 14 154 78 146 129 151 237 16 30 75 218 85 187 213 29 127 128 4 143 6
58 104 16 186 25 205 82 64 143 164 161 9 46 219 97 148 136 177 207 82 14 39 90 189 147 208 1 59 114 15 14 14
237 106 237 97 172 15 79 149 64 234 182 108 211 1 209 59 220 100 108 126 233 244 229 10 238 219 229 180 204 250 210 49
186 105 16 62 9 221 18 104 131 20 161 9 175 218 2 144 136 187 197 67 78 47 218 189 147 209 8 59 114 15 15 142
97 6 93 109 52 170 99 50 108 9 123 228 247 33 144 112 82 38 44 44 177 184 69 15 228 252 32 192 28 138 80 41
56 76 88 250 89 221 82 66 151 4 180 11 47 223 35 144 136 178 199 66 46 43 90 191 243 213 0 59 115 157 76 10
1 6 79 97 48 138 107 22 116 1 123 196 243 3 144 112 90 164 12 188 185 156 101 78 228 191 162 192 76 130 96 32
50 108 18 184 9 237 18 64 141 4 169 9 174 218 35 148 200 177 204 33 44 35 82 220 177 80 8 59 80 14 14 6
69 31 93 233 54 142 51 48 108 8 122 100 255 19 160 113 182 21 62 104 177 152 33 125 228 187 34 194 156 131 1 33
56 141 88 250 77 221 80 122 130 4 236 9 43 219 38 145 200 179 133 0 46 42 90 189 83 203 48 59 115 140 78 138
40 32 6 9 73 19 161 72 86 32 230 2 66 128 34 192 120 76 98 8 8 242 207 16 20 33 3 9 113 8 42 128
96 32 0 137 72 9 128 72 70 32 224 10 130 130 0 64 72 140 106 0 8 19 65 16 148 32 130 56 80 8 34 132
0 0 22 128 72 9 32 72 230 32 194 8 132 128 32 64 104 12 106 0 0 243 129 16 20 32 2 24 16 8 35 128
112 32 2 1 72 9 32 64 44 32 162 8 134 128 0 80 232 132 106 0 8 227 193 64 148 32 3 48 64 8 3 128
102 188 145 147 193 168 166 135 59 51 41 92 172 226 76 158 145 95 160 16 23 90 154 227 44 22 95 110 136 86 131 188
32 168 184 58 221 141 179 207 94 29 124 25 164 248 126 0 137 123 131 17 150 122 218 51 109 31 29 107 213 8 223 202
100 160 189 240 205 233 177 75 186 183 17 57 132 189 72 10 137 27 227 17 18 126 226 192 93 18 95 127 193 72 151 226
25 101 122 101 52 10 111 53 116 164 111 0 215 49 146 96 54 76 92 110 192 176 37 14 232 173 37 4 100 178 193 105
82 32 10 136 13 8 232 64 173 36 162 3 134 130 34 80 232 133 78 133 12 3 193 192 144 32 139 59 9 8 43 6
114 0 43 232 77 97 225 72 202 20 160 10 0 216 116 10 232 145 19 129 10 35 146 208 81 8 138 57 81 8 116 162
0 160 153 249 141 225 49 207 94 123 65 16 148 179 104 104 201 26 50 24 51 88 90 146 141 150 95 111 144 72 133 162
83 32 2 136 13 29 160 72 238 32 194 2 132 194 36 196 232 132 106 129 12 99 211 208 148 48 139 59 24 8 57 132
82 32 10 136 8 9 32 72 174 36 130 1 134 194 34 80 232 133 106 133 12 67 203 80 148 32 139 57 0 8 39 2
176 77 30 238 24 199 87 120 132 4 206 2 119 115 35 65 80 244 15 106 104 131 25 61 241 161 37 17 50 186 44 34
19 9 81 229 6 102 45 0 61 98 210 194 157 54 21 237 102 159 31 171 1 144 117 192 133 56 218 134 53 209 33 44
80 32 19 136 73 1 32 72 236 0 226 2 68 194 32 208 232 140 106 128 8 195 195 64 149 32 138 42 0 0 33 4
33 42 6 129 76 139 160 66 54 32 242 199 131 128 16 0 104 172 106 140 0 240 85 16 20 34 131 0 121 8 83 128
32 32 19 137 78 13 160 64 110 32 240 74 151 128 0 128 104 140 74 8 1 241 197 80 21 160 3 32 97 8 67 128
81 32 2 140 77 0 96 72 236 0 194 10 66 130 32 82 232 204 106 128 12 211 211 64 149 32 130 26 0 8 48 4
96 32 2 13 74 11 160 72 174 160 224 11 0 128 64 82 104 204 106 129 4 243 203 80 20 32 11 57 65 8 107 130
96 0 20 137 74 11 160 72 134 32 192 10 196 194 32 64 104 140 106 1 2 67 203 17 148 32 11 59 16 8 49 130
56 5 202 101 20 74 86 112 112 166 238 11 115 33 3 16 56 236 164 106 104 178 17 14 243 239 32 1 99 250 110 138
16 2 14 173 10 11 32 72 54 32 194 195 211 163 32 64 120 196 106 128 8 208 71 20 148 162 227 0 49 8 48 0
16 32 7 5 74 11 160 64 102 160 226 66 194 130 64 86 104 204 106 136 0 243 131 80 21 32 3 0 97 0 99 160
33 32 12 169 76 11 160 72 70 32 224 75 147 128 64 64 72 140 106 12 4 240 205 16 212 0 131 48 121 8 90 128
16 32 2 136 8 9 160 64 174 32 226 1 134 130 32 80 104 132 106 128 8 195 193 80 145 32 11 49 64 8 35 2
3 32 109 177 106 193 185 68 138 81 80 163 157 159 112 11 174 27 19 213 131 90 150 208 69 25 218 168 21 132 55 248
64 32 6 140 9 11 32 72 174 32 194 9 196 194 32 82 232 196 106 1 0 67 131 80 149 32 139 59 0 8 35 2
70 168 132 191 137 194 36 168 158 147 2 17 228 242 73 74 129 119 105 145 50 200 155 41 13 34 223 15 128 112 133 2
177 24 155 120 21 166 67 82 116 9 230 84 114 209 32 120 208 174 40 24 59 191 49 31 209 239 16 82 152 8 96 42
151 4 106 64 197 70 233 96 121 68 214 19 25 28 62 37 248 133 23 189 248 183 53 198 83 120 138 199 101 132 118 230
228 96 196 17 76 169 160 136 214 179 3 219 129 0 92 143 1 4 106 31 54 84 207 16 12 2 217 117 237 13 90 132
97 142 29 127 56 173 75 182 250 43 40 92 247 97 16 48 133 98 108 12 163 40 75 63 237 255 49 120 88 130 67 41
32 105 24 187 88 205 19 88 150 4 109 9 182 211 99 0 8 58 66 74 66 10 90 61 197 132 33 57 80 138 4 138
81 133 95 109 18 234 107 35 108 65 110 0 253 51 16 112 50 167 120 172 49 152 53 95 229 239 66 64 40 194 225 40
245 120 205 101 5 79 103 132 96 226 162 10 83 49 81 59 57 228 104 122 105 246 241 40 253 203 197 52 233 123 82 58
68 49 177 147 200 236 33 27 163 253 11 16 212 247 73 94 1 94 105 24 18 80 251 64 77 52 21 76 130 192 135 115
201 9 223 101 34 10 111 53 104 194 102 8 255 33 144 51 50 102 120 110 241 248 181 73 228 235 64 0 108 242 195 40
48 200 120 122 89 205 209 238 203 60 188 9 34 153 47 16 137 155 71 64 74 47 90 55 115 156 16 63 81 25 70 138
65 150 95 109 48 174 107 51 104 65 110 100 255 35 128 112 22 103 44 60 177 184 181 79 236 191 34 64 200 130 33 33
86 49 145 182 217 108 17 202 171 189 137 25 142 247 73 30 129 223 109 17 26 67 218 64 217 148 31 126 130 101 7 114
56 24 88 250 73 221 82 74 135 12 180 9 43 219 39 144 136 178 199 66 78 47 82 191 211 221 16 59 115 153 76 10
242 225 88 112 248 205 80 207 171 53 164 25 6 155 78 16 129 155 69 16 94 75 218 85 251 145 21 127 240 0 206 10
1 2 15 97 48 138 107 22 124 9 122 116 247 3 144 112 147 32 14 28 147 156 1 79 204 190 50 192 72 130 99 33
184 188 16 186 25 221 82 254 163 52 164 9 47 159 3 145 137 155 197 66 78 43 90 189 211 209 16 59 115 13 14 138
65 23 31 233 52 174 115 54 108 9 122 68 222 19 160 112 214 4 44 124 179 184 1 93 236 191 34 192 152 130 97 33
56 8 92 126 77 221 86 82 132 6 244 11 59 217 39 216 200 178 135 0 44 43 82 185 83 203 48 57 115 253 76 138
65 135 31 105 52 166 107 52 108 8 122 100 222 3 152 113 214 2 60 124 177 152 1 93 228 251 162 192 8 131 99 41
193 31 31 125 2 14 49 48 236 24 119 84 220 51 32 113 164 21 60 110 241 137 49 93 225 187 98 198 24 160 33 49
184 8 80 190 9 253 80 106 147 20 160 9 43 218 38 144 200 187 133 1 14 43 82 189 147 217 80 59 115 13 78 138
102 38 156 52 201 40 176 7 170 183 162 29 12 170 79 91 129 199 233 21 52 79 130 64 92 51 94 127 136 113 139 2
32 170 184 59 237 137 177 207 218 61 117 25 172 249 94 8 137 123 67 17 18 122 202 115 77 20 29 107 213 72 199 234
217 85 126 101 56 30 94 176 229 168 175 48 127 59 152 243 38 84 93 106 232 161 25 12 227 235 37 17 106 178 201 3
36 152 57 122 77 229 210 210 203 26 184 72 182 217 100 32 201 179 135 3 11 47 90 179 3 156 16 58 80 8 84 43
48 32 2 137 8 8 160 64 174 32 226 3 134 130 32 80 104 133 106 133 12 195 193 80 148 32 138 57 1 8 35 130
240 69 94 206 24 70 87 120 133 132 230 2 115 115 33 81 80 244 44 106 104 131 25 61 243 171 101 17 50 186 100 34
4 176 157 241 191 233 49 79 94 243 65 48 148 178 104 104 209 26 34 16 19 88 91 18 141 150 23 103 152 72 133 179
0 32 6 140 9 15 160 72 238 32 194 1 196 130 32 66 232 68 106 1 12 195 147 80 145 32 138 59 16 8 51 134
65 1 35 193 68 70 237 68 124 38 194 66 208 50 181 104 120 159 58 139 9 155 53 64 149 40 218 4 1 81 53 44
96 32 10 137 72 9 160 72 166 32 224 11 132 130 0 80 104 140 106 129 4 243 203 80 20 32 11 41 65 8 107 130
96 32 16 137 75 9 32 72 134 32 192 10 132 194 32 84 104 140 106 0 0 67 195 80 149 32 11 58 16 8 35 134
1 40 7 25 68 139 224 66 244 32 194 66 179 128 16 192 104 174 106 140 9 248 69 32 132 34 147 0 97 8 112 136
80 2 6 137 74 11 97 64 36 32 194 194 193 131 0 64 104 140 106 140 8 211 197 64 148 34 131 0 41 136 48 0
16 34 7 65 74 11 160 64 102 32 226 194 193 130 128 80 104 140 106 136 0 243 197 80 20 160 3 0 97 8 99 160
16 32 2 137 9 9 160 64 174 32 226 1 134 130 32 80 104 132 106 128 8 195 193 80 149 32 138 59 0 8 35 130
56 4 74 109 16 70 119 58 116 6 238 1 83 49 34 80 88 76 32 42 40 178 81 14 227 175 96 5 97 170 110 130
32 32 65 5 78 9 96 64 36 32 226 74 147 0 0 80 104 140 106 136 8 242 197 0 132 160 3 0 97 136 82 128
0 32 6 140 9 10 32 72 238 32 194 1 196 130 32 66 232 68 106 1 0 195 131 80 149 32 10 59 16 8 35 2
68 160 135 29 152 194 36 168 182 178 194 1 228 227 64 66 17 100 104 128 34 193 203 25 13 34 205 61 128 96 53 2
48 32 71 9 78 11 96 72 118 160 226 74 211 128 64 64 120 140 106 136 8 242 71 16 20 160 131 0 113 8 112 128
64 32 134 29 9 138 32 72 166 160 194 0 196 192 96 82 193 100 106 0 0 195 203 16 29 34 7 59 0 32 35 2
113 148 31 121 21 230 99 102 116 1 234 16 82 83 32 120 241 182 8 176 59 189 17 31 217 231 146 66 168 10 96 34
133 224 197 17 12 171 224 138 126 51 3 216 195 0 217 207 1 12 104 29 35 244 207 17 12 50 209 116 204 201 88 132
69 172 148 22 139 2 6 168 242 178 34 0 96 226 73 159 17 102 96 42 115 192 155 59 41 38 85 6 200 114 138 4
97 170 205 113 176 11 105 191 114 57 50 252 179 33 216 16 3 134 108 28 187 252 205 53 204 159 117 244 204 128 210 40
7 56 153 251 162 197 185 80 30 64 81 242 157 215 224 104 246 57 23 151 67 144 154 242 196 149 186 226 28 138 161 177
160 44 17 222 24 205 131 74 143 36 160 8 166 213 37 5 8 58 74 74 42 43 114 63 129 144 1 58 80 9 5 234
89 141 95 109 19 234 107 35 100 65 111 0 249 51 48 112 50 134 56 168 49 152 53 95 229 239 2 64 184 130 97 32
245 120 159 100 15 78 87 68 96 226 162 10 114 17 65 59 184 244 120 106 105 247 241 8 241 139 69 50 105 122 82 58
70 177 145 83 152 204 33 27 59 189 11 80 148 215 76 94 1 94 105 24 19 88 251 64 141 20 21 126 128 192 135 241
73 149 31 105 50 166 59 50 124 65 110 96 252 19 160 113 246 23 60 120 179 152 49 93 238 251 34 66 24 130 33 57
32 192 80 122 121 205 209 238 171 53 176 25 46 209 12 20 137 155 67 0 74 47 90 117 121 216 17 126 83 24 198 170
56 208 120 90 105 221 81 254 199 61 180 24 43 219 110 21 137 146 199 8 74 43 122 181 115 217 17 127 115 152 196 170
201 147 31 111 32 142 119 49 120 72 119 100 254 51 128 113 166 38 124 106 241 184 177 125 230 251 98 2 72 128 227 33
56 240 88 114 121 221 80 253 163 61 165 25 11 215 74 21 9 154 199 24 106 47 90 149 123 217 21 127 115 128 206 138
193 143 31 107 52 142 107 48 108 8 122 68 222 83 176 113 166 37 44 124 161 168 33 125 236 251 34 192 88 131 97 33
56 8 124 126 77 221 80 90 131 6 244 11 59 29 35 144 200 178 135 0 14 42 82 185 67 235 48 57 115 204 76 138
193 208 159 124 3 4 53 48 232 82 98 84 254 115 0 115 164 85 120 106 225 165 179 65 193 187 82 2 72 48 99 35
44 180 120 67 200 205 81 249 6 53 181 24 83 87 206 17 25 144 67 56 122 38 123 21 79 139 37 125 113 138 198 226
246 84 21 244 11 76 20 40 169 186 162 120 94 191 77 251 167 213 253 162 105 71 146 192 145 178 89 27 72 113 6 23
240 69 94 206 24 66 87 120 133 132 238 2 115 243 32 81 88 244 47 106 104 131 25 61 243 171 97 25 50 186 100 34
32 28 27 250 93 237 145 18 202 24 185 72 182 217 37 41 200 51 18 1 43 43 90 189 193 144 1 58 88 104 80 163
0 180 153 241 179 233 49 143 94 49 34 48 150 183 104 104 209 26 170 16 51 216 107 55 237 150 23 119 144 72 133 171
80 32 3 13 73 11 32 72 182 160 194 8 198 130 64 212 120 204 106 128 8 195 195 80 149 32 11 56 0 0 33 0
56 173 24 171 24 203 146 248 22 4 236 1 247 209 40 0 216 123 3 97 14 171 88 63 233 197 45 57 112 10 15 138
64 0 187 193 68 70 161 82 116 4 226 2 145 50 160 96 120 156 42 168 1 155 49 66 85 164 170 4 0 96 117 160
96 32 2 137 72 9 160 72 166 32 224 9 132 130 32 80 104 140 106 1 0 243 203 80 20 32 11 41 81 8 59 130
96 32 2 137 74 9 32 72 134 32 192 10 132 130 32 80 104 140 106 0 0 83 195 80 149 32 11 59 16 8 35 134
16 8 6 153 72 139 96 66 52 32 194 130 193 131 0 80 104 172 106 140 8 219 213 0 20 34 131 0 41 8 112 128
16 34 7 1 74 11 160 64 100 32 226 194 195 130 0 64 104 140 106 136 8 243 197 64 20 160 3 0 97 8 97 160
64 32 6 28 72 131 160 72 230 128 194 8 196 192 64 210 224 100 106 0 4 195 203 16 20 34 3 25 64 0 41 0
120 69 134 36 25 78 86 96 161 4 170 9 99 41 3 210 232 228 204 98 108 163 81 12 243 231 0 19 97 119 110 2
1 12 199 85 22 138 98 34 118 160 98 224 243 160 144 97 120 238 42 8 40 248 69 46 164 166 241 0 101 168 80 40
64 32 6 13 73 11 32 72 166 160 194 8 196 192 64 82 97 76 106 0 0 195 203 16 148 32 3 59 0 0 43 130
68 160 135 29 136 66 4 168 182 178 66 0 228 226 64 198 17 108 104 32 34 193 203 25 9 34 77 29 128 96 32 0
49 80 31 248 17 198 81 86 118 1 230 16 82 211 32 120 216 24 42 16 11 171 51 19 209 231 18 66 152 8 224 58
112 32 69 5 74 11 32 72 54 160 226 202 211 160 64 80 120 204 106 8 9 210 199 16 20 162 1 0 97 8 114 128
68 164 150 30 219 2 38 168 242 179 74 0 64 242 72 22 17 110 104 32 6 65 139 123 44 38 69 47 192 114 139 6
97 162 77 97 160 11 105 159 102 177 34 252 211 1 216 50 23 140 108 188 155 240 197 20 204 136 181 244 236 128 210 32
15 32 219 233 178 195 59 64 30 1 78 130 157 215 233 96 119 57 27 156 3 144 33 218 237 221 138 192 148 138 33 32
160 12 49 94 24 205 131 106 142 36 160 8 182 215 165 5 8 58 74 74 35 41 122 127 133 144 1 56 80 9 5 104
5 32 133 17 164 171 96 130 126 179 67 216 195 160 217 139 1 14 104 29 34 244 207 16 140 18 81 68 196 201 80 4
113 14 79 85 22 139 71 50 116 162 234 234 115 97 144 16 59 230 108 42 40 248 77 46 188 166 165 16 101 232 82 40
208 141 95 111 17 234 99 35 116 65 111 0 243 51 32 113 112 182 40 248 57 152 53 93 239 227 194 65 113 130 228 34
68 172 148 23 201 34 38 168 250 147 74 16 96 112 77 27 145 102 96 18 54 88 155 107 45 38 85 71 136 115 139 142
241 57 159 100 141 78 87 101 208 226 164 8 114 177 65 51 152 230 120 110 105 231 241 8 241 235 69 50 72 120 210 58
48 192 17 122 73 205 193 238 143 53 176 8 38 213 44 148 137 155 66 64 75 43 122 181 145 208 17 62 81 24 71 238
68 177 185 83 152 204 33 159 186 189 131 16 148 215 200 118 1 94 105 24 83 72 251 66 109 4 53 116 128 128 135 240
245 111 77 103 134 11 78 176 192 160 186 238 83 97 209 51 28 228 76 238 201 241 204 40 180 136 229 180 109 251 82 33
201 149 31 109 34 134 63 48 60 72 102 176 253 55 168 113 230 21 60 234 241 152 33 93 230 251 98 194 24 128 33 33
40 208 113 90 109 221 209 253 87 61 181 24 107 221 44 176 137 146 198 8 202 34 122 149 99 217 17 63 115 152 196 234
217 208 159 125 34 70 53 49 248 90 119 116 252 119 128 115 230 85 252 226 225 133 179 93 195 251 98 130 24 160 163 51
209 17 29 249 42 198 21 56 252 90 183 116 220 19 160 121 230 21 60 226 241 133 51 93 193 171 98 194 24 1 33 51
44 181 121 67 249 253 211 249 103 189 181 24 91 87 204 52 25 144 198 58 26 98 122 20 79 217 37 125 227 131 198 226
168 144 120 75 13 93 209 185 70 61 181 24 90 21 238 36 25 144 194 42 58 34 123 23 79 201 97 125 83 138 196 98
217 52 191 118 11 96 49 2 248 211 167 48 254 179 9 123 227 87 120 128 33 101 179 66 211 235 82 10 232 113 35 59
172 48 125 67 184 111 195 216 107 188 53 8 210 87 205 60 25 16 67 122 24 116 121 20 77 152 37 116 195 131 70 241
244 32 131 37 74 34 66 72 33 162 161 200 87 66 65 26 120 204 68 114 9 211 205 8 144 192 1 20 233 115 34 128
196 96 150 20 41 8 164 32 232 146 130 24 132 128 81 155 161 68 104 67 100 103 130 64 148 50 86 57 64 49 43 4
64 160 134 29 8 2 6 168 182 178 74 0 228 224 64 194 17 108 104 32 0 193 139 27 13 38 69 29 0 98 8 4
32 8 57 95 72 205 163 74 142 4 224 8 182 214 161 96 0 50 74 10 3 42 114 57 69 130 34 56 80 41 5 224
112 32 7 13 74 11 96 72 54 160 226 74 67 160 0 80 120 204 106 8 8 210 199 28 20 162 97 32 97 8 82 128
70 168 144 30 217 128 166 168 186 147 8 9 228 242 68 70 145 111 104 16 6 73 218 115 13 22 95 127 128 114 139 14
212 133 95 107 19 226 99 32 100 65 239 2 115 83 32 113 112 180 40 240 57 185 57 61 249 227 130 65 249 3 100 34
97 133 157 77 189 46 71 191 122 43 106 92 214 49 24 50 145 70 104 44 243 40 209 31 173 190 20 84 88 72 211 40
241 15 75 71 22 11 71 50 112 162 250 238 115 97 144 16 58 230 108 110 233 184 13 46 252 174 165 144 109 250 82 32
48 240 17 114 73 205 192 237 47 57 177 88 198 94 72 180 153 147 70 0 75 34 122 149 161 208 17 126 81 26 135 180
64 240 61 81 216 207 33 190 54 189 38 24 145 23 200 16 1 30 107 88 83 88 251 53 109 136 53 100 0 128 135 104
117 111 15 102 132 15 79 112 224 160 170 206 115 225 17 51 60 228 104 238 201 241 156 44 241 136 229 16 105 250 82 32
217 116 191 124 34 100 53 18 249 155 247 112 252 55 129 59 166 87 124 128 161 229 163 66 195 251 114 130 192 113 39 43
218 86 157 252 42 100 29 178 148 90 182 240 221 55 32 123 199 21 189 130 105 69 179 0 211 227 250 146 48 113 37 51
45 144 57 67 172 127 195 152 70 254 53 24 211 92 220 173 25 84 118 123 153 50 125 20 13 153 97 116 215 171 68 101
172 112 121 67 216 127 211 216 98 188 181 8 211 87 205 58 25 208 70 122 11 116 121 0 79 217 37 117 227 147 70 179
165 112 241 67 32 95 199 152 106 232 53 72 211 84 221 191 24 84 86 122 129 116 253 8 37 152 37 52 193 243 70 229
221 38 191 116 170 36 17 19 249 159 183 48 252 183 137 59 167 215 108 144 184 69 163 66 219 251 118 138 192 225 39 33
222 20 189 252 137 100 25 18 178 95 167 180 221 183 105 91 199 215 253 128 41 69 187 2 211 227 250 158 176 97 37 115
45 16 61 67 44 127 195 152 70 248 53 10 219 92 221 41 153 84 118 123 141 112 125 16 79 153 97 116 214 187 84 100
44 112 248 67 177 127 210 216 98 184 181 8 219 93 77 57 153 208 198 122 9 116 89 8 79 217 37 53 203 251 74 179
