105 48 113 64 101 29 121 16 105 8 180 40 10 27 148 182 134 212 70 8 129 96 240 192 7 248 0 18 66 128 66 37
3 134 0 155 93 147 138 200 86 17 80 211 96 200 56 192 89 10 130 165 38 178 79 191 60 6 159 109 29 14 184 132
105 48 113 64 101 29 121 16 105 8 180 40 10 25 148 182 142 212 70 8 129 96 240 192 7 217 0 18 67 136 66 37
2 14 14 159 12 130 172 96 148 22 210 195 97 234 48 65 120 102 43 167 100 193 15 253 32 34 203 1 20 40 56 4
90 50 88 224 35 73 89 16 41 8 52 40 159 31 64 16 166 149 221 0 0 96 128 192 210 217 34 131 98 128 7 19
3 134 6 155 92 147 138 200 22 17 80 82 96 202 56 197 89 10 50 161 39 163 95 191 44 6 159 108 29 10 184 140
104 48 112 96 33 29 81 16 105 136 52 40 31 23 132 52 134 20 92 8 136 96 176 192 195 217 32 146 66 128 66 35
3 14 6 159 28 130 174 104 148 22 210 231 96 234 176 193 120 102 42 167 100 193 15 253 32 34 203 128 20 40 56 4
88 48 121 96 33 76 81 16 41 8 52 40 159 31 128 48 166 21 221 0 0 96 176 192 195 249 32 147 98 128 71 51
198 16 158 149 40 78 176 8 172 190 131 49 212 30 73 75 162 85 123 195 36 197 155 64 133 34 123 23 0 33 37 3
3 142 7 158 28 131 138 236 86 1 90 198 96 234 56 228 89 106 19 141 167 168 30 255 32 38 155 8 28 14 48 140
130 143 14 158 22 131 174 234 148 6 90 227 96 234 48 65 88 106 131 231 36 153 15 255 32 38 139 129 20 8 56 136
104 48 56 96 32 76 81 16 105 136 52 40 159 23 0 48 134 20 93 8 136 96 176 0 195 249 32 16 66 128 66 35
131 141 3 222 20 131 170 242 214 0 88 66 112 224 180 228 89 106 18 202 163 184 28 255 32 46 138 0 28 136 48 172
72 48 120 96 32 77 81 16 105 136 52 40 159 23 0 48 134 20 221 8 136 96 176 0 195 249 32 144 66 128 66 35
2 140 10 158 20 195 170 230 22 1 90 2 112 250 48 64 89 106 19 129 34 136 26 255 33 38 154 9 20 10 52 138
104 48 56 96 33 93 81 16 105 136 52 8 158 23 0 52 132 20 221 8 136 96 176 192 195 217 32 16 66 128 66 35
131 143 2 158 20 147 170 230 86 0 88 198 96 224 52 196 89 106 2 141 167 184 28 255 32 46 138 0 29 14 120 140
2 141 10 158 20 195 170 230 22 5 88 34 112 234 48 64 89 106 3 129 2 184 8 255 32 38 170 9 20 10 52 138
2 153 154 155 118 165 184 199 30 9 88 34 164 254 32 64 247 59 51 1 2 152 11 247 13 22 26 194 144 72 161 139
131 143 3 158 20 131 170 230 86 0 88 198 96 224 180 196 89 106 2 141 167 184 28 255 32 46 138 0 29 14 112 140
180 76 110 254 20 151 79 224 213 130 199 18 115 193 49 100 121 232 26 234 105 167 60 191 243 239 133 16 53 251 112 32
2 141 10 158 20 131 170 230 22 1 88 3 112 234 48 64 89 106 3 129 34 184 24 255 32 38 138 9 20 10 48 136
104 48 120 96 32 76 81 16 105 8 52 40 159 23 0 48 134 21 221 8 136 96 176 0 195 249 32 144 64 128 66 35
3 141 2 222 20 147 174 242 214 0 88 70 96 232 180 228 89 106 18 203 167 184 28 255 32 46 138 0 28 136 56 140
104 48 57 96 33 93 81 16 105 136 52 8 158 23 0 52 132 20 221 8 136 96 176 192 195 217 32 16 66 128 66 35
2 140 10 158 22 195 186 230 22 5 90 131 96 234 34 64 89 123 131 129 38 136 10 255 32 38 154 11 20 10 60 138
104 48 56 96 33 77 81 16 105 136 52 8 159 23 0 48 132 20 93 8 136 96 176 0 195 249 32 144 66 128 66 35
104 48 57 96 33 93 81 16 105 136 52 40 159 23 0 48 134 21 221 8 136 96 176 0 195 249 32 144 66 128 66 35
2 14 14 159 28 131 174 104 148 22 210 231 97 234 176 65 120 98 42 167 100 193 15 253 32 34 235 128 20 40 56 4
61 201 104 110 141 209 199 244 193 64 165 10 115 233 126 32 88 194 16 78 203 43 60 61 123 201 133 57 119 187 208 232
105 48 113 64 101 29 120 16 105 8 180 8 10 25 148 182 142 212 70 8 129 96 240 192 7 216 0 18 67 136 66 37
39 134 4 155 220 131 138 200 22 17 208 211 96 202 56 192 89 10 34 133 54 50 79 191 60 6 143 125 29 12 184 132
88 50 89 224 34 73 89 16 41 8 52 168 159 31 0 16 166 149 221 0 0 96 128 192 210 217 34 131 34 128 7 19
2 14 6 159 28 130 172 96 148 22 210 199 96 234 48 193 120 102 43 167 100 201 15 253 32 34 203 1 20 40 56 4
105 32 113 64 101 29 248 16 105 8 52 72 138 25 148 182 142 196 70 8 133 98 244 192 7 216 0 18 75 136 66 37
177 205 68 30 132 131 206 230 82 146 200 147 99 96 57 129 89 226 32 238 104 110 30 63 49 42 213 16 125 248 248 136
38 162 12 153 207 131 144 200 22 180 208 131 64 200 106 0 217 137 163 149 22 114 79 145 28 2 143 127 213 12 56 134
97 32 112 64 101 29 248 16 105 32 176 72 138 8 148 180 234 133 86 8 140 98 240 192 22 216 0 48 79 140 74 132
187 205 37 30 157 151 134 174 86 82 196 214 97 96 186 229 89 66 48 239 255 76 127 191 40 98 221 80 31 92 248 252
55 134 4 155 157 147 130 200 86 49 208 211 192 72 56 192 217 10 170 165 54 99 95 191 168 22 143 119 29 12 184 132
99 32 113 64 101 93 248 80 105 0 116 8 10 24 148 54 170 197 70 8 133 113 180 192 23 216 2 18 71 136 67 167
17 142 142 190 12 131 172 232 150 18 194 71 225 226 48 67 121 102 106 175 108 195 79 189 208 163 235 16 28 104 56 0
82 34 82 224 98 8 121 80 45 132 114 170 143 159 68 82 166 213 255 128 0 83 129 192 214 248 34 131 38 128 39 35
19 132 4 153 29 23 138 200 22 49 208 82 192 74 56 193 217 8 122 165 47 227 95 159 173 134 143 124 29 8 184 132
104 48 113 64 99 29 121 80 105 136 116 104 14 25 132 52 166 149 86 8 128 112 160 192 87 248 32 130 98 128 66 39
1 142 14 191 12 131 172 232 150 18 210 199 225 234 48 67 89 226 106 167 108 195 79 189 164 34 203 16 28 40 56 4
72 48 113 96 99 72 121 80 41 160 118 40 30 31 132 22 166 213 223 0 1 80 176 192 215 249 1 178 98 128 71 35
210 222 12 190 138 64 148 166 148 214 128 183 224 36 43 75 69 115 249 195 108 77 14 43 168 2 254 131 20 112 189 90
131 132 5 159 29 135 142 236 86 17 192 82 96 96 60 229 89 106 10 175 39 225 95 255 45 38 223 68 29 8 176 140
16 142 14 191 28 130 174 232 148 22 210 195 225 234 58 65 121 99 43 167 36 201 79 255 240 34 235 1 52 40 56 136
40 48 113 64 101 93 249 80 105 168 116 40 14 25 132 52 166 144 86 8 129 112 240 192 87 216 1 50 70 136 70 167
104 48 113 96 99 93 113 80 105 136 116 104 30 31 132 180 166 149 214 8 129 112 176 192 87 217 0 146 99 136 66 163
35 132 5 155 29 151 130 232 86 17 216 82 224 232 60 229 217 10 42 173 39 242 95 191 44 22 155 28 29 12 184 140
72 48 120 224 35 76 81 16 41 136 52 40 159 31 128 80 134 21 221 0 0 64 160 0 195 249 32 147 98 128 71 51
16 142 15 191 28 130 174 232 148 18 210 227 113 226 176 65 121 99 42 167 108 201 15 255 240 35 251 128 52 40 48 8
104 48 113 96 33 29 81 16 105 136 52 72 30 17 132 180 132 148 84 8 137 96 176 192 195 217 32 18 66 128 66 35
129 141 7 222 20 135 174 226 212 2 202 2 112 226 52 101 121 106 26 234 99 185 28 255 33 46 203 0 25 40 112 172
0 132 11 154 148 195 131 236 22 5 72 18 113 248 56 64 89 58 19 129 34 170 27 191 105 38 159 72 20 10 180 138
131 207 4 156 139 144 132 167 156 146 128 215 164 40 54 199 201 99 234 197 100 77 78 255 40 50 222 19 24 84 185 12
205 92 61 108 41 28 85 48 233 154 183 32 255 83 129 127 134 116 108 106 201 69 227 168 195 249 98 152 66 179 66 33
169 205 167 222 141 213 76 238 215 83 128 16 34 225 56 239 201 234 122 200 111 111 58 183 171 219 212 56 26 92 240 238
105 152 80 120 105 189 80 254 235 88 180 45 46 186 70 57 143 179 230 0 30 43 210 245 218 217 112 251 219 4 74 159
131 141 14 222 28 135 174 226 212 2 218 2 112 234 54 97 121 106 26 235 103 185 28 255 33 46 203 0 29 40 120 140
2 140 14 191 30 195 146 236 150 5 200 147 96 234 40 65 89 43 11 129 38 171 79 255 104 38 159 73 20 10 188 138
130 133 148 177 145 34 188 47 190 23 11 17 204 106 10 75 129 23 233 17 54 200 73 199 169 215 223 87 128 68 141 6
164 240 120 122 122 181 81 220 127 25 180 56 86 223 237 28 191 153 215 112 162 39 106 211 91 223 53 239 241 147 102 163
72 48 120 224 35 76 81 16 41 136 52 40 159 31 128 80 134 21 221 0 0 64 160 0 195 249 32 147 98 128 71 51
105 48 113 96 97 29 89 16 105 136 52 104 158 31 132 180 166 20 221 8 129 96 176 192 199 217 32 18 98 128 66 35
35 132 5 155 29 135 130 232 22 17 216 82 96 248 56 229 217 10 58 169 35 227 91 191 61 54 155 28 29 8 176 140
128 143 14 190 30 131 171 236 150 4 218 163 113 227 40 65 121 107 11 129 34 137 15 255 96 166 186 1 20 10 52 138
19 132 4 159 29 151 10 232 150 17 192 71 226 194 40 193 217 130 170 165 46 193 95 253 184 114 203 84 28 12 56 4
72 48 113 96 99 92 121 16 105 8 52 104 30 31 132 182 166 85 221 8 129 96 176 192 215 249 32 130 98 128 70 51
17 142 142 191 12 131 172 232 150 22 210 231 225 226 184 67 121 102 106 167 108 195 79 253 240 35 235 144 52 120 56 0
175 165 37 83 149 255 167 189 86 123 29 18 208 120 156 165 89 74 18 127 243 120 121 183 45 15 173 228 214 94 208 228
99 48 115 64 103 93 248 80 105 8 52 40 14 27 132 182 166 213 94 8 133 97 160 192 23 248 0 130 71 128 66 167
55 166 12 137 156 3 138 200 30 48 208 67 193 72 56 192 89 8 106 165 46 114 91 159 172 6 143 117 29 8 24 132
82 34 83 224 98 8 121 80 41 164 242 170 15 159 196 22 166 221 127 128 0 83 129 192 214 248 35 162 38 128 39 33
0 138 6 191 12 131 172 232 150 22 194 199 225 234 56 67 89 226 106 167 108 203 79 189 148 34 203 16 28 40 56 0
99 32 115 65 101 29 248 80 105 72 244 8 138 26 148 182 238 213 86 8 133 115 244 192 23 216 0 18 79 136 67 135
181 204 197 30 141 99 198 232 86 150 192 2 99 96 57 195 89 230 32 174 109 230 95 63 49 46 213 28 125 123 120 8
54 162 12 137 141 11 128 200 22 176 208 11 195 200 114 64 249 137 107 149 14 243 91 153 156 146 143 63 213 8 24 130
66 34 83 192 98 8 105 64 57 160 242 234 13 139 228 20 126 221 119 128 0 211 130 192 22 184 7 170 39 128 103 160
21 132 4 169 157 15 66 168 86 48 130 2 194 112 32 193 217 196 110 181 46 225 91 157 173 178 207 116 24 40 24 6
65 130 141 191 12 2 76 168 134 22 194 199 243 226 56 66 73 230 110 175 8 67 207 189 212 34 203 24 28 104 48 0
98 34 243 65 98 9 249 80 249 160 112 106 14 153 196 52 182 221 70 8 128 115 160 192 22 184 7 162 103 128 71 165
98 48 83 64 98 73 248 64 105 160 242 42 14 155 132 182 174 221 86 128 1 243 128 192 23 184 3 162 103 128 67 165
19 132 5 157 28 3 136 168 198 48 210 2 242 106 56 195 73 198 127 173 47 163 95 221 157 50 203 28 28 40 56 4
80 134 132 191 12 2 12 168 150 22 194 199 225 98 40 67 89 194 107 167 42 67 79 189 252 34 251 28 56 40 48 8
34 32 115 65 103 89 248 64 105 160 116 42 14 153 212 52 174 153 86 8 128 115 164 192 22 24 3 34 71 136 71 165
98 48 83 64 98 73 120 80 121 128 114 106 14 155 132 180 62 157 70 0 1 243 128 192 23 184 2 130 103 128 99 165
51 132 5 155 29 155 130 232 86 49 208 82 226 104 60 197 217 10 106 37 47 225 95 189 172 82 203 22 24 12 152 132
81 6 143 191 12 2 109 40 150 18 210 227 241 227 184 67 121 230 111 175 104 195 79 253 240 163 235 152 52 168 48 0
88 50 120 96 98 88 89 16 41 136 52 41 159 31 128 80 166 149 223 0 128 64 128 192 215 249 32 131 98 128 7 35
105 48 113 68 101 29 120 16 105 8 52 104 30 27 132 180 166 148 222 8 129 97 240 192 87 248 32 146 74 128 66 39
17 12 7 222 29 198 175 104 212 2 194 2 112 242 52 103 120 102 58 170 97 201 31 255 49 42 203 8 25 40 112 164
0 132 5 187 30 195 163 232 22 17 200 18 241 211 56 65 89 26 27 177 35 227 91 191 109 166 159 68 53 8 180 170
167 76 134 30 141 54 134 166 214 218 194 64 96 224 55 175 201 102 104 239 109 229 30 42 33 42 207 16 137 121 120 140
221 88 112 110 45 60 87 16 233 138 183 8 255 91 133 255 166 244 108 74 200 101 195 224 211 249 96 154 66 243 74 33
19 12 14 158 29 135 175 104 212 2 210 2 112 250 52 97 120 98 58 171 100 233 31 255 113 42 203 8 17 40 112 134
16 134 12 191 30 195 138 232 150 21 208 163 225 106 40 65 123 195 107 161 42 225 79 253 232 34 223 29 53 8 52 138
151 76 135 150 137 38 142 138 146 178 131 82 64 226 113 239 89 102 40 226 41 197 158 106 41 54 223 18 136 121 48 36
52 165 243 72 238 105 255 201 235 20 185 42 75 201 253 60 59 152 70 122 74 99 174 209 122 216 5 63 247 250 102 164
88 48 120 96 98 92 89 16 41 136 52 40 159 31 128 48 166 149 223 0 128 64 128 192 214 249 32 131 98 128 7 51
104 48 113 64 99 93 120 80 105 136 52 104 14 31 132 180 166 149 223 8 129 99 176 192 87 216 0 2 110 128 66 167
51 132 4 155 29 151 130 232 86 49 192 18 226 120 60 229 217 10 122 33 47 225 91 189 173 210 203 23 24 12 184 134
144 134 15 191 30 131 43 236 150 20 194 195 241 99 40 65 89 98 43 169 42 129 79 191 224 163 235 16 52 168 52 8
98 48 114 65 98 25 249 80 233 132 116 42 14 155 132 52 38 149 215 0 128 115 160 192 87 248 2 131 103 128 103 167
23 132 4 137 157 31 160 232 79 176 146 66 194 72 48 197 201 132 110 181 46 225 91 157 172 210 207 119 28 12 24 6
97 48 113 65 99 29 248 80 105 128 116 104 30 27 132 182 166 85 94 8 129 113 144 192 22 216 0 18 78 128 75 167
64 130 140 191 12 2 76 184 150 22 210 199 243 227 184 66 89 230 110 175 8 67 207 189 212 35 235 24 28 232 56 0
34 32 115 69 103 73 248 64 121 160 112 10 12 218 84 182 190 221 70 128 128 243 128 192 23 24 3 43 69 136 71 165
5 132 12 169 156 15 66 232 94 176 146 3 194 104 24 65 217 196 110 181 44 225 91 157 188 146 207 116 152 8 24 130
66 34 83 193 98 136 233 64 57 128 242 234 12 139 228 84 126 253 119 136 0 211 132 192 22 184 7 162 101 128 103 160
96 0 133 188 76 13 73 8 31 48 192 138 230 227 24 86 89 198 110 140 10 67 203 209 148 50 203 60 48 40 16 0
50 34 115 65 102 25 184 64 105 4 240 234 141 136 148 52 46 157 87 136 128 243 164 192 22 216 2 138 103 128 103 165
50 32 83 193 98 64 184 64 169 128 242 234 141 159 132 212 46 157 127 128 0 211 132 192 150 184 10 130 101 128 39 165
238 198 172 190 168 36 87 189 18 222 77 157 226 229 91 75 213 78 185 47 234 68 203 43 233 119 253 156 146 255 148 122
113 128 12 173 12 75 192 168 78 48 146 2 215 120 48 99 73 196 127 161 47 33 95 221 156 178 203 20 60 8 24 2
96 130 132 173 12 11 204 168 6 18 210 199 243 99 56 66 73 196 111 141 10 3 75 221 212 178 203 20 28 40 16 0
34 34 115 65 98 139 184 64 121 160 112 74 12 136 244 20 62 189 70 128 128 243 132 192 20 152 7 34 101 128 99 165
2 32 83 65 98 9 184 64 253 128 240 234 12 139 164 180 62 157 86 128 1 243 132 192 22 184 10 130 101 128 99 165
83 132 4 141 13 27 132 168 78 50 130 66 226 96 28 199 201 196 110 163 45 65 95 221 148 242 203 22 28 44 24 4
96 130 13 189 44 11 76 168 6 54 144 227 243 97 152 67 73 198 110 47 42 65 79 157 220 178 235 180 52 168 48 0
196 181 88 82 242 88 54 173 57 163 45 184 78 119 200 17 183 91 133 114 114 80 136 102 42 145 5 103 128 210 135 35
240 72 234 68 100 88 79 70 241 166 230 138 35 169 23 63 106 228 96 74 108 55 228 234 115 251 64 57 103 249 86 108
102 76 135 30 141 98 134 174 214 130 202 64 224 240 237 175 217 102 40 106 105 197 219 42 41 38 221 26 128 123 80 36
134 12 149 19 210 42 167 134 58 147 74 48 140 51 1 143 39 127 0 24 51 216 137 110 44 54 30 66 130 113 131 173
115 132 4 173 29 91 192 168 79 48 146 2 195 122 20 231 201 196 126 33 44 161 75 157 148 242 203 23 52 40 24 6
0 134 13 189 28 3 201 168 150 48 210 194 243 99 56 67 89 198 110 173 42 129 75 157 196 162 235 28 52 168 48 32
34 34 115 65 103 89 248 64 121 4 240 34 13 138 148 52 62 157 70 136 128 243 166 192 23 216 2 10 103 128 103 165
67 0 12 173 44 11 64 104 207 176 146 11 198 58 16 65 201 132 110 33 44 225 75 221 156 178 203 21 28 8 25 6
67 48 83 65 98 9 248 64 105 128 242 234 28 159 132 180 166 157 223 0 5 243 128 192 22 248 2 130 77 128 107 149
204 204 189 94 172 219 23 175 214 178 3 48 194 248 188 43 145 118 120 99 240 117 47 191 42 91 117 87 148 250 212 33
96 130 140 173 108 9 73 152 31 52 208 207 227 227 152 82 89 196 110 141 10 66 207 209 220 178 235 60 28 168 16 0
102 236 172 223 232 38 31 189 26 183 77 153 224 229 91 74 149 94 49 14 114 84 235 51 111 54 213 173 146 246 148 96
96 128 140 173 76 75 96 232 94 48 210 10 215 178 32 64 121 204 110 9 9 114 207 213 220 34 235 60 60 40 16 2
98 130 132 141 108 11 104 232 31 48 210 79 198 163 80 80 89 204 111 12 8 19 219 209 148 50 203 52 60 40 80 0
18 34 87 193 75 3 168 72 125 128 240 66 137 202 52 132 126 157 78 136 0 243 215 192 149 248 139 10 69 0 99 164
19 32 87 209 74 2 232 72 252 128 242 130 25 202 164 32 122 221 78 128 5 211 199 200 20 184 139 128 69 0 99 132
199 252 149 158 139 52 134 140 90 147 65 120 228 240 77 239 145 78 104 3 101 68 203 35 44 38 93 58 136 123 145 12
134 175 151 83 218 162 167 174 186 147 14 240 228 98 137 15 5 118 98 250 51 200 10 110 44 18 77 194 128 113 163 165
135 175 135 87 248 34 175 172 154 154 3 240 224 98 141 47 21 102 104 254 112 205 43 126 44 2 117 206 128 241 163 164
