3 142 3 158 20 131 138 236 86 1 88 198 96 226 188 228 89 106 18 141 167 168 14 255 40 38 138 136 28 14 48 140
104 48 56 96 33 93 81 16 105 136 52 8 158 31 0 52 132 20 93 8 136 96 176 192 195 217 0 18 66 128 66 35
130 143 6 158 21 131 174 226 148 6 90 163 96 234 48 193 89 106 130 195 38 184 14 255 32 38 138 3 20 12 60 140
72 48 120 96 32 76 81 16 41 136 52 40 159 23 128 112 134 21 221 8 8 96 176 0 195 249 32 144 98 128 67 35
3 142 3 158 20 131 170 230 86 1 90 70 96 226 184 196 89 106 19 141 163 136 14 255 32 38 154 136 28 10 48 140
104 48 56 96 33 77 81 16 105 136 52 8 159 23 0 48 132 21 93 8 128 96 176 0 195 217 32 17 66 128 70 35
130 141 6 158 21 195 166 226 150 6 88 2 96 232 48 64 89 106 131 195 34 184 10 255 32 38 138 1 20 8 52 138
104 48 56 96 32 12 81 16 97 136 52 8 31 23 0 48 132 20 93 8 136 96 176 0 195 249 32 16 66 128 66 35
3 142 2 158 20 147 170 230 86 0 90 70 96 226 176 196 89 106 18 141 166 136 14 255 32 38 138 136 28 14 56 140
104 48 56 96 33 77 81 16 105 136 52 8 159 23 0 48 132 21 93 8 128 96 176 0 195 217 32 17 66 128 70 35
2 143 2 158 20 131 170 226 22 5 88 163 96 232 48 192 89 106 131 193 38 184 8 255 32 38 138 1 20 14 60 138
104 48 56 96 32 12 81 16 97 136 52 8 31 23 0 48 132 20 93 8 136 96 176 0 195 249 32 16 66 128 66 35
3 142 3 158 20 131 170 230 86 1 90 70 96 226 176 196 89 106 19 141 39 136 14 255 32 38 154 136 28 14 48 140
2 143 2 158 21 131 170 230 22 5 88 163 96 232 50 192 89 106 131 129 38 184 8 255 32 38 138 9 20 14 60 138
3 143 2 158 20 147 170 230 86 0 90 70 96 234 178 196 89 106 18 141 166 152 14 255 32 38 138 128 28 14 56 140
2 141 2 158 20 195 162 226 22 5 88 34 96 232 48 64 89 106 131 195 34 184 8 255 32 38 138 1 20 10 52 138
2 157 0 156 147 208 182 167 30 71 72 147 172 46 38 192 129 99 131 129 118 8 16 255 41 54 158 3 144 84 173 94
104 48 56 96 33 77 81 16 105 136 52 8 159 23 0 48 132 21 93 8 128 96 176 0 195 217 32 17 66 128 70 35
3 142 3 158 20 147 170 230 86 0 90 70 96 226 176 196 89 106 18 141 167 152 14 255 32 38 138 128 28 14 56 140
104 48 56 96 32 12 81 16 97 136 52 8 31 23 0 48 132 20 93 8 136 96 176 0 195 249 32 16 66 128 66 35
2 143 2 158 21 131 162 226 22 5 88 163 96 232 48 192 89 106 131 197 38 184 8 255 32 38 138 9 20 14 60 138
104 48 56 96 33 77 81 16 105 136 52 8 159 23 0 48 132 21 93 8 128 96 176 0 195 217 32 17 66 128 70 35
3 142 3 158 20 131 170 230 86 1 90 70 96 226 184 196 89 106 19 141 166 136 14 255 32 38 154 136 28 14 56 140
104 48 56 96 32 12 81 16 97 136 52 8 31 23 0 48 132 20 93 8 136 96 176 0 195 249 32 16 66 128 66 35
130 143 6 158 21 131 166 226 148 6 90 34 96 234 48 65 89 106 131 195 34 184 10 255 32 38 138 1 20 8 52 136
104 48 56 96 33 93 81 16 105 136 52 8 158 31 0 52 132 20 93 8 136 96 176 192 195 217 0 18 66 128 66 35
3 142 3 158 20 147 138 236 86 1 88 198 96 226 188 228 89 106 2 141 167 168 14 255 40 38 138 136 28 14 56 140
130 14 6 159 28 130 174 96 148 6 210 227 96 234 48 193 120 103 171 231 100 201 15 255 36 34 202 129 20 44 56 132
88 48 120 96 34 72 81 16 41 136 52 40 159 31 128 48 166 21 221 0 128 64 160 0 195 249 32 131 98 128 7 51
35 142 3 155 92 129 138 236 86 1 88 86 96 232 184 196 89 10 19 141 39 178 79 191 56 6 155 200 29 14 184 140
104 48 56 96 33 93 81 16 105 168 52 8 159 23 64 50 132 212 221 8 136 96 240 0 195 249 33 48 66 128 66 35
130 15 6 158 28 131 174 98 148 6 210 163 96 234 48 65 121 106 171 227 96 185 10 255 32 38 203 1 20 40 56 130
72 48 56 96 33 77 81 16 105 168 52 8 159 23 64 48 132 149 221 8 136 96 240 0 195 249 33 48 66 128 66 35
3 143 3 158 20 131 170 238 86 1 88 198 96 232 180 100 89 106 2 205 167 186 12 255 40 46 138 136 29 10 112 140
72 48 56 96 32 77 81 16 105 136 52 8 159 23 0 48 132 21 221 8 136 96 176 0 195 249 32 16 64 128 70 51
2 143 2 158 23 195 190 230 22 5 90 163 32 234 34 192 123 123 131 129 38 152 10 255 32 38 154 11 20 14 60 138
104 48 56 96 33 77 81 16 105 168 52 8 159 23 0 48 132 149 93 8 136 96 240 0 195 217 32 48 66 128 66 35
3 143 3 158 20 131 170 230 86 1 88 70 32 234 180 68 89 106 18 141 163 186 12 255 40 46 138 136 29 10 48 140
2 143 2 158 23 131 190 230 22 4 90 163 96 234 34 192 89 107 131 195 38 152 14 255 32 38 138 3 20 14 60 142
3 143 2 158 20 131 174 230 86 4 90 198 96 234 182 196 89 106 2 207 166 152 14 255 40 38 142 192 21 14 240 140
2 143 2 158 21 195 182 230 22 5 88 163 32 232 48 64 89 122 131 195 98 184 8 255 32 38 138 11 20 10 60 138
104 48 56 96 32 76 81 16 105 136 52 8 159 23 0 48 132 20 93 8 136 96 176 0 195 249 32 16 64 128 70 51
3 143 66 158 20 147 174 246 86 0 90 198 96 226 180 228 88 106 2 207 167 186 12 255 40 46 130 128 29 142 120 140
72 48 56 96 33 77 81 16 105 168 52 8 159 23 0 48 132 149 221 8 136 96 240 0 195 249 33 48 66 128 66 35
130 141 6 158 23 131 182 230 150 4 90 163 96 234 34 193 89 107 131 193 38 152 14 255 32 38 154 3 20 12 60 142
104 48 56 96 33 77 81 16 105 168 52 8 159 23 64 50 132 212 93 8 136 96 240 0 195 249 33 48 66 128 66 35
35 142 2 155 92 145 138 236 86 1 88 214 96 232 184 196 89 10 18 141 166 178 79 191 56 6 155 200 29 14 184 140
104 48 56 96 32 77 81 16 105 168 52 8 159 23 64 48 132 149 93 8 136 96 240 0 195 217 33 49 66 128 66 35
2 14 6 159 28 130 174 96 148 6 210 130 104 234 48 65 120 103 187 163 96 201 11 253 36 34 202 129 20 40 60 128
39 134 0 155 220 147 138 232 22 1 88 210 96 234 56 192 89 74 2 165 38 178 79 183 60 6 159 109 29 10 184 140
105 48 113 96 97 29 113 16 105 168 180 8 158 17 196 52 132 148 92 8 137 96 240 192 199 217 33 50 66 128 66 35
2 14 14 159 28 130 174 104 148 6 210 227 96 234 48 65 120 103 43 167 100 209 11 253 48 34 235 129 20 104 57 0
104 48 56 96 33 93 81 16 105 168 52 40 159 23 0 48 132 148 221 8 136 96 240 0 195 249 32 176 66 128 70 51
35 142 3 155 84 131 170 236 86 1 88 198 96 232 188 196 121 106 19 141 167 186 79 255 40 38 159 200 29 14 176 140
104 48 56 96 33 77 81 16 105 168 52 8 159 23 64 48 132 149 93 8 136 96 240 0 195 217 33 176 66 128 66 35
2 143 10 158 22 131 190 230 150 4 90 163 96 234 50 192 121 107 147 193 38 154 14 255 32 38 138 3 21 14 60 142
104 48 57 96 33 77 81 16 105 168 52 8 159 23 0 48 132 149 221 8 136 96 240 0 195 217 32 49 66 128 66 35
3 143 3 158 20 131 170 246 86 1 88 66 96 232 52 100 89 106 18 205 163 186 28 255 40 46 138 0 29 10 48 172
2 143 10 158 22 131 190 230 22 5 88 163 96 234 34 64 89 107 131 197 6 152 14 255 40 38 142 75 20 14 188 142
3 143 3 158 20 131 170 230 86 1 88 198 96 232 180 196 89 106 2 207 166 186 12 255 40 46 138 0 29 142 112 140
2 143 10 158 22 195 190 230 22 5 90 35 96 234 34 64 121 123 19 193 34 152 10 255 32 38 154 139 20 10 60 138
104 48 56 96 32 76 81 16 105 136 52 40 159 23 0 48 134 20 93 8 136 96 176 0 195 249 32 144 66 128 70 51
3 143 2 158 20 147 170 230 86 0 90 198 96 232 182 196 121 106 2 141 167 186 12 255 40 46 138 128 29 14 120 140
104 48 57 96 33 93 81 16 105 168 52 8 159 23 0 48 132 148 221 8 136 96 240 0 195 249 32 176 66 128 66 35
130 143 6 158 28 131 174 226 148 6 218 163 96 234 176 193 89 107 138 231 102 171 14 255 32 34 203 131 21 12 56 140
104 48 56 96 33 77 81 16 105 168 52 8 159 23 64 48 132 149 221 8 136 96 240 0 195 249 33 48 66 128 66 35
38 134 4 155 221 147 138 232 22 1 88 211 96 234 56 192 89 74 130 133 38 178 79 183 60 6 159 111 29 14 184 140
104 48 120 96 35 93 81 16 41 136 52 40 159 31 128 48 134 21 221 8 8 96 240 0 195 249 32 145 98 128 70 51
88 48 121 96 33 76 81 16 41 136 52 40 158 31 128 116 166 21 221 8 8 96 176 192 195 249 32 146 98 128 71 51
3 134 5 155 29 131 170 232 86 17 216 215 224 232 60 197 89 10 59 165 39 227 79 255 44 6 155 12 29 12 184 140
130 143 14 158 30 131 170 236 150 5 216 163 96 234 58 65 121 107 11 165 38 171 15 255 32 38 138 137 21 10 60 138
131 143 6 158 20 147 170 236 214 0 218 198 96 234 190 197 121 106 10 173 166 171 15 255 32 38 138 0 29 12 120 140
18 14 6 159 28 130 172 104 150 6 210 231 96 234 184 65 121 103 43 167 108 201 15 253 176 34 235 129 21 40 56 132
23 132 5 159 157 151 138 232 86 49 208 83 226 104 60 197 217 66 106 165 47 225 95 253 172 178 207 86 28 12 184 4
146 132 4 191 30 131 174 236 150 23 208 179 225 104 56 65 89 67 43 167 34 227 79 255 168 34 251 89 53 8 180 136
147 132 4 159 29 135 170 236 214 21 208 71 224 104 60 197 89 98 42 173 38 227 95 253 168 34 219 18 21 12 112 140
