73 50 157 229 36 12 121 16 109 168 182 104 223 59 128 114 134 213 125 12 136 96 193 0 199 251 96 144 66 160 67 35
73 48 57 96 37 12 89 16 105 200 54 72 159 31 0 50 132 213 125 8 137 96 240 0 195 249 32 128 74 128 66 51
38 160 100 153 205 223 176 200 31 53 240 11 236 216 126 132 217 155 247 17 14 114 91 213 31 26 143 255 213 12 93 134
38 172 144 155 221 215 178 232 30 53 208 27 236 248 126 196 217 91 163 49 54 115 91 247 61 22 159 111 213 12 157 134
107 48 112 64 109 93 248 80 107 236 180 40 138 28 214 182 206 213 215 8 133 114 240 192 23 217 3 179 71 140 78 229
38 160 244 69 237 93 240 200 95 180 240 11 138 216 86 182 219 221 247 17 134 114 251 208 31 24 7 63 71 12 94 134
103 130 233 253 236 11 237 216 91 242 208 238 211 233 213 106 127 204 127 143 137 242 239 209 94 59 239 172 253 248 112 161
53 102 203 255 222 34 207 216 86 163 208 246 113 227 185 104 127 206 55 188 187 210 239 171 252 175 175 172 189 249 112 161
35 50 105 197 104 17 249 88 43 236 244 239 137 14 214 22 238 221 215 141 133 82 228 192 94 89 175 168 111 132 99 245
7 178 127 241 230 131 185 216 63 241 210 230 93 207 252 32 63 153 127 157 147 242 47 212 92 10 175 230 253 136 33 177
49 38 255 205 116 27 235 120 127 224 246 238 219 41 150 100 126 204 126 173 173 242 109 222 110 255 231 128 111 172 80 229
51 6 231 189 126 3 239 120 87 226 214 199 89 236 182 96 127 237 63 173 173 243 111 223 254 111 239 132 63 172 112 116
23 134 255 255 222 2 238 248 55 226 250 230 121 239 189 97 127 255 63 175 233 211 143 239 186 46 239 132 173 242 33 160
26 50 127 229 42 91 185 88 63 228 246 231 223 158 146 96 126 221 255 129 133 241 37 204 214 243 107 131 111 132 37 119
103 178 189 212 236 13 189 216 187 250 176 110 220 253 221 58 191 221 127 17 131 99 203 209 28 24 111 190 221 248 99 177
114 48 249 229 111 93 249 88 107 232 180 239 26 157 214 54 238 213 223 1 141 99 250 208 95 89 167 187 79 140 86 247
39 178 121 249 236 135 185 216 31 184 240 111 220 221 244 32 223 25 119 149 131 114 75 209 220 24 175 238 221 136 17 179
38 176 116 216 237 205 184 200 223 248 176 43 236 223 124 128 255 155 255 145 134 99 74 209 31 24 143 255 151 12 73 211
123 48 112 68 109 93 216 88 107 236 180 47 10 159 214 182 238 213 215 0 140 99 240 192 211 217 3 187 71 140 110 247
102 176 244 213 237 13 188 200 187 186 176 41 236 254 93 30 255 223 255 19 130 99 218 208 159 56 79 255 134 124 3 151
122 48 242 228 111 92 88 120 171 236 182 175 206 191 214 118 230 213 255 1 140 99 251 192 159 251 71 187 38 164 7 87
70 180 246 212 239 74 188 232 191 178 210 171 204 254 93 203 247 245 255 163 228 81 139 216 31 58 79 151 132 124 33 19
26 22 246 229 63 90 184 120 175 228 150 167 205 126 150 231 238 213 255 165 164 193 109 204 186 251 207 147 39 164 37 87
150 164 230 159 223 3 190 232 31 146 218 131 104 238 61 71 255 255 255 163 232 227 79 255 190 62 207 159 135 124 33 150
59 0 230 221 125 19 250 120 87 236 214 135 73 110 150 100 127 205 255 173 172 242 237 223 222 127 207 131 39 172 116 214
54 172 230 254 221 3 222 232 87 162 240 27 106 232 60 193 217 239 255 163 232 227 91 255 186 94 207 255 245 126 248 134
41 160 228 77 125 31 200 216 95 248 244 8 203 232 214 52 217 204 254 61 174 242 251 157 95 219 197 53 87 172 90 230
90 48 158 188 43 206 57 88 175 204 210 165 223 255 34 66 230 245 255 129 0 193 155 212 213 243 235 155 38 36 37 83
86 140 182 191 175 130 190 232 190 146 210 131 236 254 59 67 247 119 255 131 32 217 139 255 189 118 223 131 132 124 45 11
19 48 182 157 31 211 184 72 191 244 210 167 204 254 54 98 255 245 255 133 164 241 47 221 157 50 207 131 21 44 61 215
6 172 230 222 223 145 190 236 158 146 208 131 232 238 61 193 255 123 179 131 166 235 15 255 62 62 223 139 149 124 113 143
35 32 230 221 109 151 248 88 223 252 244 135 232 238 182 230 221 253 255 141 142 243 239 221 31 58 207 187 87 172 116 212
38 172 228 223 253 27 254 232 95 179 112 27 232 236 92 197 217 206 179 51 166 114 219 255 47 30 207 239 215 252 210 134
90 50 214 237 107 86 121 88 191 236 214 165 221 247 130 86 246 221 255 132 8 211 235 208 215 251 235 139 38 164 39 115
70 140 180 191 189 6 94 168 191 150 210 3 237 239 25 67 215 247 255 163 104 193 203 255 191 246 207 159 150 244 37 2
90 16 166 189 45 159 249 88 159 252 210 167 255 254 114 98 255 245 255 133 142 195 255 221 221 243 239 157 22 44 53 83
14 172 246 223 189 219 190 232 94 179 114 19 233 248 95 41 251 111 255 145 162 248 203 255 47 223 223 231 213 124 221 135
99 50 118 92 107 223 185 88 255 204 244 170 72 223 246 246 254 253 255 128 135 243 238 209 23 120 131 171 71 132 103 247
70 188 246 254 255 10 126 232 59 178 114 163 108 255 61 85 247 255 183 163 32 211 139 255 62 126 207 143 167 244 107 135
25 32 101 165 44 27 233 88 127 224 210 66 223 136 146 96 122 205 126 13 141 240 111 220 214 123 163 128 119 140 81 69
90 50 246 252 111 87 120 88 191 248 214 167 77 255 182 100 255 253 255 133 140 211 239 221 223 251 239 143 55 172 37 87
119 134 230 222 220 3 110 248 23 179 210 138 99 233 189 97 121 206 55 171 168 114 207 191 62 46 237 188 181 248 112 0
6 172 228 255 189 19 222 232 31 178 240 131 236 238 29 193 223 247 255 167 174 225 91 255 174 254 207 150 149 252 113 149
59 34 102 205 106 27 170 88 63 228 246 199 201 143 150 84 126 221 255 140 129 208 237 222 22 255 171 128 31 134 99 245
43 48 230 253 109 31 248 88 95 252 246 167 205 252 182 228 255 125 255 5 134 243 235 221 207 251 239 183 87 172 85 247
38 172 246 215 255 143 254 232 127 242 114 10 236 253 125 5 191 255 119 51 160 242 139 255 63 94 71 230 215 252 83 197
25 54 242 172 54 155 115 88 119 224 222 235 95 253 242 96 63 253 255 129 140 179 173 223 250 239 39 134 103 174 33 71
118 141 242 174 254 139 126 248 31 224 218 202 127 233 125 80 115 238 127 107 129 147 141 191 186 254 133 246 182 254 80 1
91 50 118 109 107 95 249 88 127 236 246 174 95 223 214 244 126 221 255 129 133 243 191 208 87 251 35 139 103 132 111 247
59 183 104 109 120 150 91 248 55 200 252 164 121 239 148 116 92 252 151 238 139 146 109 159 126 253 167 148 55 162 98 244
57 55 107 233 112 215 235 120 119 72 254 230 89 79 180 116 126 189 150 236 137 178 109 222 118 253 163 128 119 138 110 245
102 140 228 255 253 6 94 168 31 182 244 11 237 239 29 83 223 255 255 163 42 67 219 255 191 254 207 159 150 252 116 2
25 21 123 204 118 147 255 120 117 64 254 230 91 121 182 224 126 232 22 239 205 179 45 223 242 239 35 128 127 174 112 241
107 48 230 189 109 31 121 88 31 252 214 175 223 253 178 100 255 253 255 13 140 243 251 221 223 251 239 151 54 172 84 87
57 221 114 238 118 155 254 248 229 224 254 234 123 253 190 32 62 236 95 110 204 179 44 191 242 237 37 148 119 190 112 225
30 172 246 247 191 219 254 232 255 178 146 11 239 248 61 1 191 247 255 51 160 241 11 255 191 223 79 215 215 124 89 7
54 205 102 238 62 27 206 248 159 160 248 138 107 233 189 96 122 228 127 111 200 51 12 189 178 238 133 180 119 187 80 136
29 27 45 237 180 38 79 184 84 72 90 70 243 113 185 96 80 198 60 110 153 176 97 61 225 239 162 4 60 251 112 33
27 50 118 77 107 95 184 88 255 236 246 162 77 222 214 244 254 221 255 129 133 243 175 208 87 251 35 131 71 132 111 247
102 140 230 255 253 2 94 232 31 178 240 139 108 239 61 85 255 255 191 163 42 83 203 255 190 254 207 143 150 252 120 7
27 48 246 173 63 91 248 88 31 248 214 167 78 252 182 96 255 221 255 37 164 241 45 220 222 123 207 151 55 172 93 87
82 184 159 190 169 205 21 239 171 158 164 13 238 247 72 86 197 243 239 16 74 75 218 241 219 243 95 59 18 116 39 123
22 188 246 246 159 27 190 232 255 178 210 163 78 252 61 129 191 247 255 35 164 241 15 254 184 94 79 214 229 124 49 5
43 50 100 77 109 23 248 88 119 236 244 134 201 206 214 244 124 221 255 141 141 242 239 208 87 251 163 169 71 140 102 245
57 23 107 236 52 3 79 120 85 64 254 230 83 105 176 112 126 236 22 238 201 179 109 159 242 237 163 128 127 186 112 241
57 87 107 237 118 2 111 120 117 200 254 230 83 107 181 112 126 236 22 238 233 179 37 142 114 239 167 128 111 250 112 241
14 156 54 187 253 215 186 226 31 76 86 3 236 223 38 196 255 123 179 145 34 218 122 255 239 215 159 195 150 12 53 219
102 172 228 223 252 11 78 248 27 187 240 26 226 239 92 85 217 238 55 34 170 82 203 255 62 62 207 190 151 252 210 133
25 48 118 229 111 91 240 88 127 248 246 42 222 156 146 96 191 221 254 1 133 241 109 220 214 251 35 151 103 140 85 87
147 23 103 133 118 18 238 112 61 200 90 230 93 110 180 229 126 237 63 175 165 209 37 206 52 46 235 128 47 166 49 245
42 176 242 220 79 213 184 200 95 68 116 3 40 220 126 128 249 251 179 129 134 243 186 219 23 93 139 43 87 12 127 214
106 0 98 152 109 219 248 72 63 164 246 11 78 206 118 212 251 189 183 129 12 115 234 210 31 126 143 175 23 12 92 70
88 18 252 229 40 74 89 48 45 172 182 233 223 63 130 82 166 213 253 0 136 192 225 4 210 243 107 145 38 160 5 67
26 32 118 233 111 27 248 72 109 128 246 163 141 138 22 132 238 157 223 129 140 227 71 192 150 217 10 139 103 140 107 135
58 34 196 205 105 31 104 88 63 236 246 135 73 231 150 84 126 221 255 140 10 210 249 221 215 251 139 128 55 164 118 240
106 2 68 204 109 25 72 72 15 48 180 138 203 43 212 212 203 141 255 136 14 67 207 209 158 249 139 191 23 140 88 132
25 24 54 245 45 223 240 98 255 232 210 34 222 216 182 96 235 109 126 1 140 249 127 252 215 251 107 131 68 12 89 199
118 140 228 190 253 67 78 170 151 178 210 27 227 255 56 67 217 230 127 167 104 75 203 191 187 118 223 157 182 252 176 74
73 48 114 225 37 13 248 80 105 72 180 104 159 155 20 50 166 85 95 9 132 225 128 192 215 249 34 146 70 140 67 131
124 34 152 228 169 77 80 152 35 188 180 41 207 63 65 26 131 213 237 16 10 99 203 0 219 241 37 189 224 240 70 3
104 48 120 96 36 77 89 16 97 236 180 8 31 31 66 48 132 148 213 8 136 96 240 128 195 217 33 49 98 128 70 115
88 32 88 225 41 13 121 16 171 40 182 8 159 159 0 16 166 149 125 0 8 65 208 208 211 249 43 49 66 128 67 3
215 86 212 165 170 10 60 184 173 254 146 231 207 110 131 75 39 197 253 39 236 197 207 204 188 227 111 150 44 252 9 81
105 48 114 229 101 140 248 80 233 8 114 104 223 154 20 50 166 109 126 1 128 241 128 192 150 249 34 146 66 128 67 131
202 158 151 187 171 252 184 71 191 27 146 245 172 254 96 207 167 51 255 17 54 77 130 226 153 242 94 219 130 68 175 151
15 158 114 218 255 145 186 254 31 77 92 167 236 222 182 228 255 59 151 149 182 58 46 255 62 95 159 235 158 142 45 223
66 24 150 190 47 222 176 66 175 8 210 34 236 254 32 198 226 119 239 1 0 193 147 233 149 242 74 3 0 32 37 23
56 141 106 238 28 131 206 248 85 0 248 2 115 233 56 64 120 234 23 235 202 171 12 191 242 239 163 152 53 170 112 136
248 188 248 242 173 220 89 159 123 127 180 28 159 31 74 59 135 151 253 24 186 111 250 51 219 251 117 125 234 128 206 115
181 95 103 70 246 18 239 248 85 226 254 230 83 233 181 101 126 236 22 238 233 243 45 238 50 174 167 128 111 251 112 177
56 14 70 191 124 131 238 120 23 162 210 98 105 232 176 64 123 235 55 160 168 243 11 255 250 207 239 128 53 168 48 129
56 4 98 237 118 131 235 88 87 160 254 130 89 203 180 96 122 172 23 168 138 179 45 223 186 239 167 128 55 138 112 161
2 156 23 187 61 197 185 246 158 25 82 82 188 223 32 65 231 51 191 129 35 201 18 255 237 182 154 194 16 8 161 187
2 58 183 159 119 220 184 70 189 77 86 167 172 158 38 196 238 255 191 129 167 217 178 237 23 114 154 131 7 4 45 223
10 58 118 155 111 221 184 86 189 204 246 39 172 159 38 68 238 191 255 129 132 249 35 226 215 127 154 131 7 4 47 223
58 184 242 220 125 223 250 202 95 232 240 43 12 222 180 112 255 253 183 129 166 187 168 223 183 253 171 175 23 140 119 215
122 56 114 204 103 223 250 82 95 108 246 43 14 156 182 244 254 253 191 129 128 123 160 242 151 125 138 171 103 12 117 247
89 48 57 96 0 93 89 16 97 96 166 8 219 23 2 112 160 148 124 8 9 96 241 0 211 249 33 48 98 128 66 114
105 48 121 100 41 93 89 16 105 96 166 8 159 31 6 50 132 212 124 8 137 96 241 0 195 249 0 48 66 128 66 114
43 48 114 248 109 148 248 88 127 192 244 2 41 206 54 164 254 253 243 133 130 227 178 193 87 249 138 9 71 132 107 160
64 48 57 225 40 77 121 16 110 168 178 72 151 31 64 48 132 21 93 9 137 96 241 16 193 153 35 48 64 8 3 51
105 48 57 96 45 93 81 16 105 104 164 8 159 29 6 48 140 148 84 8 141 98 240 128 195 217 0 50 66 136 66 98
106 16 118 173 44 159 120 120 175 104 246 42 206 191 180 118 230 245 255 4 136 17 105 208 151 251 235 144 22 140 81 81
58 136 102 221 61 211 123 216 31 244 214 130 203 239 182 228 127 236 191 152 172 211 109 222 255 255 143 151 55 140 124 214
121 48 120 96 13 93 81 16 105 104 166 8 155 25 22 48 200 132 124 8 9 98 240 128 215 249 0 49 67 136 78 98
80 0 189 173 44 11 89 40 78 56 146 42 215 120 16 66 195 213 127 1 8 97 75 29 204 227 235 148 20 8 85 33
24 221 31 239 20 199 39 180 20 0 75 2 247 119 40 96 112 126 25 106 81 152 57 63 225 165 42 0 48 59 165 168
194 222 182 151 171 240 188 135 191 215 134 183 236 238 78 79 231 87 251 149 118 77 187 227 143 114 222 203 134 84 173 94
181 86 103 158 166 34 206 248 84 202 211 246 81 236 185 105 127 228 55 239 233 247 45 174 48 42 239 132 61 251 112 113
38 160 36 153 205 223 248 200 31 180 240 11 200 216 126 132 249 153 243 145 6 115 91 209 29 26 143 127 213 12 125 134
38 168 148 154 221 215 178 232 31 181 240 27 236 248 110 140 249 91 227 17 54 115 91 247 29 22 143 127 149 12 189 134
107 48 112 65 109 93 248 80 107 236 180 10 138 29 214 182 238 213 223 9 140 99 244 208 23 216 131 187 71 140 78 199
98 32 240 69 109 93 248 72 107 180 240 11 138 248 86 150 171 221 199 17 140 115 219 208 31 88 7 63 71 44 78 134
97 2 253 229 108 11 233 56 127 232 242 238 219 41 148 34 126 197 126 45 137 240 239 220 94 58 231 144 77 168 64 33
37 162 205 253 254 11 239 216 22 178 208 238 241 233 209 106 127 236 127 173 171 242 207 155 124 174 239 164 189 248 112 160
35 34 111 229 108 27 233 88 63 232 240 231 153 143 212 50 126 221 119 141 137 210 239 192 94 25 175 160 79 140 115 241
7 162 123 225 238 3 185 216 63 240 210 230 89 207 244 32 127 153 127 157 131 242 79 216 92 11 175 172 125 136 33 177
49 34 239 253 126 11 235 120 119 160 242 234 91 232 148 32 123 236 118 173 169 242 207 222 94 238 231 164 109 168 114 164
25 34 127 225 110 27 233 88 127 224 246 230 219 136 148 100 126 141 126 141 141 240 103 208 86 251 163 128 111 136 81 165
53 134 239 255 222 3 239 248 87 162 210 234 83 105 152 96 123 206 63 175 169 242 77 191 252 46 239 148 189 232 112 160
23 134 239 255 158 2 239 248 54 130 210 226 121 111 144 99 127 239 127 175 169 211 79 239 252 174 239 132 173 224 96 160
69 182 255 245 238 10 253 248 255 178 242 234 221 251 196 99 55 213 127 47 161 241 143 204 252 170 111 148 172 248 3 33
101 162 253 245 236 11 237 216 251 186 176 108 220 235 212 50 223 205 127 157 131 99 202 208 220 152 103 188 204 248 67 161
99 50 249 236 109 29 249 88 107 232 240 111 154 157 212 50 206 221 215 5 141 115 241 208 87 88 35 186 79 140 83 247
39 178 93 249 236 131 249 216 31 184 240 110 221 203 244 32 255 137 127 157 131 114 75 209 92 26 175 252 29 136 113 161
38 176 116 216 237 141 248 200 223 184 240 43 204 220 116 132 255 153 255 145 134 99 75 209 31 24 143 255 20 12 117 135
98 48 112 197 109 29 248 72 235 236 180 43 12 159 86 182 238 221 223 1 132 99 250 208 31 88 7 187 71 172 71 215
102 160 246 213 239 75 188 200 187 186 176 139 204 254 84 22 255 93 255 1 130 115 202 208 159 56 79 191 133 116 43 135
82 48 246 228 111 10 252 104 191 178 242 171 204 254 84 211 247 213 255 161 132 83 207 192 31 122 207 143 37 100 39 87
114 4 230 237 61 7 254 104 143 178 146 131 200 238 20 71 239 213 255 165 168 227 79 221 190 122 207 151 7 172 113 22
38 164 228 221 253 75 222 232 95 178 240 11 202 232 92 128 217 204 255 49 170 114 203 223 63 30 199 119 213 108 90 130
41 32 244 125 109 31 208 88 95 248 244 8 203 249 212 54 219 236 255 9 142 243 235 157 223 251 69 63 87 172 90 199
90 48 150 189 43 74 120 88 191 188 214 163 205 255 0 82 247 253 255 128 0 209 139 221 223 243 79 135 38 164 37 19
86 132 150 191 191 2 62 232 191 182 210 3 236 234 40 67 247 247 255 161 32 209 139 255 185 246 207 135 164 100 45 3
2 160 166 223 109 147 184 232 159 144 210 131 232 238 52 194 223 251 255 165 142 227 79 253 28 122 207 139 21 44 57 150
38 172 246 223 255 159 252 232 223 178 112 11 236 232 124 133 251 239 243 49 166 114 219 253 63 26 207 247 215 108 83 134
35 48 246 221 111 91 240 88 127 248 118 43 78 253 214 180 191 253 255 1 132 243 235 221 31 122 69 38 71 172 67 199
90 50 118 233 105 95 121 88 47 108 246 173 223 159 134 244 238 157 255 128 136 211 243 208 215 249 163 139 35 132 38 243
90 48 246 253 105 30 120 88 191 184 246 169 207 255 68 118 255 253 255 128 136 211 251 221 159 251 199 143 35 164 38 215
70 132 244 255 189 10 126 168 63 178 210 3 238 255 24 83 247 231 255 161 40 209 203 255 191 246 207 151 150 108 17 3
26 48 246 221 111 155 184 72 255 252 246 163 204 254 180 230 255 125 255 129 132 241 175 221 31 251 79 135 71 164 111 215
33 34 238 237 124 27 232 88 95 224 246 74 219 233 148 96 123 204 127 45 168 242 239 221 158 123 231 164 119 168 80 164
70 168 246 222 239 128 124 232 191 146 242 139 108 239 60 215 255 255 255 129 160 211 155 253 30 122 207 139 167 228 107 135
10 152 54 255 61 215 186 192 159 12 214 3 236 255 54 196 253 123 187 145 34 217 58 255 175 215 159 131 22 12 61 222
74 176 246 253 61 31 248 232 31 240 210 131 239 255 52 64 255 253 255 37 172 241 219 221 159 250 207 150 22 172 81 87
22 164 246 255 191 203 254 232 255 178 242 2 238 252 124 5 255 255 127 177 160 241 155 255 191 254 79 183 197 108 113 135
118 173 211 238 222 139 110 232 63 160 250 202 127 233 61 80 115 239 127 107 200 179 141 255 184 174 165 188 53 250 113 0
42 48 246 221 109 87 248 88 127 248 246 139 201 255 214 116 255 253 255 133 132 243 255 221 31 251 207 143 71 164 102 215
102 164 246 255 253 75 126 232 63 178 242 11 238 235 28 83 251 255 255 161 40 211 203 255 191 254 207 191 151 236 82 131
57 133 114 111 54 147 223 248 117 224 254 226 123 111 180 112 126 255 23 238 204 179 109 255 242 253 167 132 119 174 96 241
86 164 246 254 191 139 254 232 255 178 210 11 239 249 124 65 255 255 255 33 160 243 139 255 191 254 79 151 247 236 125 3
0 56 182 255 55 155 242 98 255 160 210 34 238 248 52 96 239 255 238 1 164 249 7 255 157 254 87 3 101 12 53 15
11 24 118 253 103 217 184 82 253 68 210 34 175 220 182 96 238 63 255 129 134 249 38 225 215 251 11 131 70 12 37 231
26 48 246 253 45 31 248 88 255 184 246 163 203 255 148 230 255 253 255 129 140 243 235 221 223 251 207 151 71 164 111 215
102 140 230 221 253 139 126 234 31 178 210 10 238 232 52 65 209 236 255 33 40 219 203 255 190 62 207 151 148 108 88 2
102 164 246 223 255 11 254 232 63 162 242 3 108 234 124 80 255 239 183 161 32 211 203 255 62 126 207 175 149 236 123 135
50 40 230 221 121 151 104 72 63 168 246 131 201 239 148 116 221 253 255 140 10 211 235 221 159 250 207 189 23 164 114 214
86 164 246 190 189 131 222 232 215 146 242 11 235 232 60 193 255 255 255 177 174 227 203 255 186 254 207 158 245 108 97 6
38 164 244 221 252 11 254 232 31 178 112 10 78 248 28 85 251 77 119 33 34 242 201 223 63 62 199 182 149 108 83 133
34 32 228 253 109 23 248 88 127 232 242 3 201 238 148 224 221 221 255 133 142 242 235 221 159 250 207 158 87 172 114 213
59 32 102 233 105 159 248 88 63 108 246 135 201 143 148 116 254 189 255 140 137 210 225 208 215 249 171 128 39 132 102 244
2 56 114 155 119 205 186 70 191 205 246 39 172 223 38 64 238 187 183 129 134 184 2 243 23 52 154 131 15 12 37 223
120 188 248 112 41 253 89 214 251 127 180 29 31 191 66 58 133 215 221 0 174 111 250 51 219 223 117 125 234 192 206 91
53 164 199 159 220 3 238 232 22 162 218 202 113 234 189 80 121 238 127 171 104 211 207 191 188 174 239 180 181 250 112 160
42 184 50 254 77 213 184 200 95 84 116 3 104 220 54 0 253 249 147 129 134 114 58 241 23 89 139 47 87 12 127 214
9 50 118 233 110 91 248 88 127 96 246 162 207 157 150 100 126 157 255 129 133 240 117 208 215 249 35 131 103 140 103 215
120 32 57 96 13 93 81 16 99 224 166 8 155 29 80 50 128 212 124 8 9 98 241 0 195 249 1 49 66 128 70 98
87 86 228 165 170 58 44 184 188 250 146 231 221 46 147 107 55 197 125 175 229 213 237 200 132 107 111 148 172 245 9 85
106 0 114 216 79 217 248 72 31 164 116 11 74 222 118 148 251 185 183 129 12 242 234 208 31 88 139 171 23 12 126 198
42 34 116 232 109 25 216 72 111 4 244 171 143 136 22 148 238 141 255 129 140 99 207 192 150 248 138 155 119 140 110 199
106 34 80 233 109 25 120 8 47 168 180 138 203 10 214 148 203 132 255 0 12 114 203 208 158 217 139 179 22 140 90 132
91 34 50 228 101 159 120 80 237 40 178 72 142 155 16 150 166 245 223 1 129 241 128 192 151 217 11 146 74 140 75 5
105 32 57 96 13 93 81 16 107 224 164 8 155 29 80 50 136 212 85 8 8 98 240 144 195 217 1 49 66 136 70 98
41 5 99 232 95 131 235 120 71 160 124 66 105 201 176 100 120 168 54 136 139 178 46 223 62 222 135 168 119 142 112 164
15 190 114 219 255 209 186 250 159 77 92 167 236 222 182 164 255 59 151 149 166 186 46 255 62 95 143 235 151 140 61 223
63 77 106 238 126 26 79 248 69 224 254 138 123 237 191 112 126 244 31 238 201 179 45 175 242 237 165 144 55 190 112 96
118 239 102 238 222 139 206 252 213 128 186 10 123 233 60 16 122 226 127 234 200 163 14 253 186 238 133 184 119 186 240 8
184 141 106 238 28 135 206 248 85 8 252 2 115 233 56 64 120 234 23 235 232 179 8 191 243 239 163 148 55 170 112 128
2 156 23 255 61 197 185 246 158 25 82 114 252 246 32 97 231 123 187 128 35 201 27 253 173 178 218 138 16 8 161 59
26 0 102 209 29 223 249 64 191 228 214 3 78 205 54 196 250 173 251 129 164 243 63 220 159 123 139 3 55 140 125 214
3 184 50 184 125 157 184 199 95 73 80 19 172 222 54 100 231 59 183 1 166 56 50 247 189 86 30 234 20 12 161 223
24 4 127 253 52 15 235 120 117 40 246 194 91 111 180 97 127 244 63 169 169 177 45 222 247 239 227 128 53 168 113 177
90 48 26 160 35 76 120 80 173 40 182 8 159 159 2 80 166 149 253 128 0 65 145 192 211 241 11 155 2 0 35 3
50 58 122 251 116 223 250 82 95 108 114 35 45 158 52 112 254 255 183 129 164 187 160 254 183 255 187 171 103 140 119 223
58 56 106 249 116 207 251 82 29 72 246 167 25 159 182 64 254 185 23 133 168 250 101 252 119 219 170 129 119 136 117 211
42 32 125 237 44 94 249 88 47 204 246 2 203 159 148 130 206 221 255 129 137 227 227 200 150 249 171 144 71 140 111 209
35 32 114 209 110 131 184 72 127 128 240 194 24 222 148 48 254 253 86 129 132 243 163 192 22 24 3 130 69 136 99 133
64 18 188 173 44 10 121 56 46 44 150 40 215 59 128 66 134 85 127 9 0 33 201 16 196 163 107 144 20 168 5 33
43 32 118 248 77 213 249 72 255 68 244 2 41 201 54 164 216 153 251 137 142 227 250 209 215 249 138 11 83 140 111 198
2 172 34 155 245 209 186 230 30 13 80 51 172 238 54 64 249 59 147 145 38 186 42 255 45 22 158 235 20 12 181 207
19 32 118 225 38 11 184 64 111 160 242 34 205 154 212 38 174 93 126 1 128 241 131 192 156 216 3 146 69 136 99 133
62 105 230 238 14 3 206 248 215 128 241 10 107 233 61 82 122 236 127 234 200 99 207 236 178 235 231 188 119 187 114 128
18 0 4 173 60 11 232 104 15 176 210 3 222 104 52 66 107 197 127 37 32 241 75 220 156 186 235 148 20 8 17 129
98 2 100 233 44 11 88 24 15 56 210 106 223 25 144 66 207 213 127 1 137 114 79 212 156 218 171 180 20 136 17 1
83 0 118 197 110 11 249 80 63 96 246 130 93 158 52 96 254 157 127 13 129 179 35 208 23 250 139 160 21 136 113 225
2 152 182 159 119 212 186 198 191 77 90 167 172 222 38 96 231 123 183 133 135 218 50 255 23 54 154 131 20 4 45 223
3 50 123 193 102 11 249 80 125 104 118 230 157 143 150 48 62 221 87 140 129 240 165 192 70 201 43 128 111 128 35 241
10 50 119 225 102 11 184 80 109 168 242 231 205 158 212 50 174 93 255 5 129 241 165 192 150 216 43 130 79 132 99 213
1 18 125 205 62 11 233 56 95 248 214 230 223 44 148 97 127 196 127 173 161 240 109 220 196 250 235 148 60 168 81 241
97 34 237 229 108 15 233 120 127 160 242 206 219 41 212 34 126 204 110 141 137 242 207 208 92 186 231 48 77 168 82 160
33 34 235 229 108 11 233 88 94 160 242 238 209 169 208 98 127 204 127 141 137 242 207 216 92 171 239 164 109 232 80 161
35 34 233 229 108 3 233 88 63 224 210 238 217 143 212 32 126 205 127 141 137 242 207 208 92 24 175 160 61 168 82 177
3 34 127 225 110 3 233 88 31 160 242 230 221 207 244 96 127 157 127 141 129 210 79 208 92 10 175 172 61 136 97 161
17 34 127 225 110 27 233 88 127 32 242 230 219 137 148 96 126 141 126 141 137 240 111 208 214 250 163 128 111 136 65 165
83 34 111 229 62 10 233 24 175 224 178 226 221 47 148 114 110 213 127 173 169 209 69 204 214 250 235 144 45 160 33 49
67 34 223 229 110 11 253 120 63 178 242 238 221 235 208 115 119 205 127 173 129 115 207 200 220 170 111 132 45 224 35 161
99 50 221 229 110 11 249 88 59 160 242 238 223 191 196 114 126 221 127 13 129 115 207 208 92 186 111 170 77 168 67 161
33 34 221 237 108 11 233 88 127 176 240 234 221 235 212 34 255 205 127 29 131 114 203 208 220 152 167 172 76 232 67 161
35 50 121 233 108 13 248 88 79 232 176 110 154 157 212 32 238 157 95 13 137 115 195 208 214 88 163 186 95 136 83 177
35 34 127 233 108 11 232 88 95 184 240 238 221 203 244 96 255 141 127 157 131 115 79 209 156 152 175 188 29 136 113 161
34 32 114 216 109 13 248 72 207 188 240 11 140 220 116 132 239 153 255 145 134 115 203 208 31 24 143 191 21 12 53 135
34 48 114 193 111 93 248 72 107 236 180 171 12 159 86 148 238 149 223 129 132 99 194 192 23 88 11 187 71 140 103 215
38 164 212 157 189 79 222 232 31 178 176 11 206 104 28 135 217 205 255 49 46 99 75 223 173 30 207 55 212 108 87 130
50 32 246 253 109 95 240 72 255 176 242 11 207 249 84 150 251 253 255 1 140 243 219 221 159 250 69 55 71 172 90 135
82 32 214 252 107 10 120 72 191 176 242 131 77 255 36 86 247 253 255 128 8 211 139 221 159 250 207 143 38 164 47 7
86 132 150 158 159 2 126 232 191 146 194 3 236 234 40 195 243 247 255 161 44 195 155 255 185 182 207 159 132 100 41 2
38 168 214 159 205 223 180 232 159 178 242 11 108 248 124 134 251 239 251 17 38 243 155 253 31 26 71 47 215 108 83 134
98 32 246 92 107 221 248 88 255 144 242 10 108 255 84 150 255 253 255 128 132 227 203 213 31 122 71 171 103 164 102 135
70 164 214 159 253 10 126 168 63 182 242 11 238 234 14 83 243 239 255 161 32 211 203 255 189 54 207 23 148 108 13 2
86 164 150 159 191 139 254 232 191 178 210 3 238 234 60 195 251 231 255 161 36 241 27 255 188 182 79 23 132 108 41 6
26 48 118 253 47 155 184 72 175 224 242 163 205 222 54 226 238 117 255 129 132 227 171 208 151 251 139 147 71 4 43 215
33 34 101 205 108 11 233 88 127 160 246 66 219 9 148 96 122 204 126 141 128 240 109 220 150 250 163 160 119 136 80 133
48 166 228 237 92 11 226 232 87 160 250 202 83 232 148 64 123 204 110 41 169 242 207 222 188 174 167 20 117 170 112 160
52 164 197 237 156 11 206 248 22 160 248 202 83 233 188 64 121 204 127 168 10 243 207 159 188 174 167 52 181 234 114 128
59 32 99 233 110 27 234 88 127 96 254 203 219 143 180 116 122 141 63 140 136 178 229 210 214 253 171 160 55 142 114 224
50 37 227 237 86 3 234 88 119 160 250 194 91 235 180 96 126 237 63 173 136 179 205 223 190 236 175 132 127 170 112 128
53 165 74 238 222 131 110 232 119 160 250 202 123 232 188 80 122 239 95 235 72 179 141 255 184 172 167 20 53 170 114 128
98 160 246 221 125 11 248 232 63 176 242 11 108 251 116 80 251 237 255 161 32 243 203 221 31 250 207 175 23 44 107 131
56 133 98 238 118 147 206 248 85 160 254 194 123 239 180 112 126 252 31 238 200 179 45 191 242 237 167 144 127 170 112 128
86 164 214 190 255 139 254 232 191 178 242 11 238 234 124 193 251 255 239 161 44 243 139 255 190 182 207 15 133 108 97 2
116 205 102 238 94 3 206 248 197 128 250 74 107 233 61 80 122 236 127 234 200 163 14 253 178 236 133 56 119 186 112 136
57 21 107 237 54 18 111 120 117 64 254 230 91 109 182 96 126 236 23 239 201 179 45 143 242 239 163 128 63 174 112 241
125 77 106 238 30 19 206 248 69 192 254 10 123 233 181 112 122 228 31 235 200 179 45 173 242 237 167 144 119 186 112 160
58 48 118 237 111 31 248 88 127 168 246 163 205 223 20 228 254 221 255 133 140 242 239 208 151 250 139 131 119 140 103 215
54 164 214 158 221 131 254 232 191 178 242 3 108 234 60 199 251 239 255 161 42 227 139 255 185 190 207 191 149 108 115 134
102 164 214 158 253 135 238 232 31 178 242 11 236 234 124 65 251 239 127 161 46 243 203 255 189 54 207 62 149 108 112 132
50 32 230 253 109 27 248 72 223 176 242 11 203 238 52 64 255 253 127 129 140 243 203 221 159 250 207 190 119 172 114 149
104 48 57 96 5 77 81 16 99 104 166 8 155 21 0 48 128 148 124 8 9 98 240 16 195 249 1 49 66 0 70 98
3 184 50 185 125 149 184 199 31 89 80 51 172 158 50 96 231 59 151 129 182 26 50 247 173 54 26 234 20 12 161 223
10 156 23 251 127 197 185 230 158 25 82 114 252 255 32 97 231 123 187 129 35 201 26 255 205 54 222 202 26 12 165 187
51 48 118 201 111 27 248 88 127 96 246 163 203 157 150 116 254 157 255 13 132 242 231 208 23 249 3 162 103 140 83 215
50 164 246 221 95 11 250 232 63 176 242 10 110 232 84 80 251 205 127 33 32 243 203 223 63 62 71 183 69 44 83 133
42 184 50 187 93 215 176 200 159 12 244 3 236 220 54 196 249 59 179 129 6 243 58 255 23 87 139 11 87 12 125 215
98 32 246 205 111 3 248 72 127 160 242 10 74 255 84 84 255 253 255 129 136 242 203 221 159 58 71 175 71 172 98 135
42 48 98 216 77 209 248 72 31 4 244 11 40 222 118 148 250 153 179 129 6 114 218 209 31 89 131 43 87 12 126 214
184 159 106 254 60 135 207 248 212 8 252 102 115 233 176 64 88 234 31 106 232 171 72 191 250 239 165 152 117 170 112 137
75 42 22 148 45 157 120 64 237 136 246 76 206 218 36 214 174 229 238 5 133 241 130 192 151 248 11 131 74 132 43 5
98 12 214 157 127 139 126 98 63 162 210 10 238 234 52 64 251 255 127 1 32 217 139 254 190 54 223 130 4 44 81 139
106 34 96 136 77 89 120 72 95 52 244 171 10 142 22 148 219 205 239 129 14 99 203 209 23 88 131 191 119 140 110 198
2 24 118 253 103 145 184 70 255 8 114 162 172 222 180 224 238 251 191 129 134 249 38 253 22 122 26 139 87 140 37 159
120 188 184 114 169 237 81 214 179 127 188 25 63 191 66 27 165 183 253 0 58 107 186 49 219 203 117 121 226 192 198 91
43 173 98 218 93 145 250 200 95 64 124 74 104 200 246 164 249 170 147 128 135 59 46 255 54 92 139 171 95 14 120 140
120 48 57 96 13 93 81 16 97 96 164 8 155 29 16 52 136 148 80 8 9 98 240 128 195 217 1 49 98 136 86 98
51 34 86 233 46 3 168 72 172 136 240 98 201 202 148 2 110 221 110 129 128 243 199 192 148 152 171 128 101 8 99 129
18 32 86 161 14 27 232 64 175 128 242 2 205 202 20 130 106 197 238 129 0 243 7 192 148 218 3 146 69 0 35 133
120 48 56 96 45 93 81 16 99 40 180 8 159 29 16 50 200 212 221 8 136 98 240 128 211 217 0 48 66 136 70 98
88 48 18 160 35 204 120 80 173 8 178 9 143 155 0 80 166 181 253 0 0 65 147 192 211 241 11 27 2 0 39 3
25 8 103 237 100 15 235 122 119 40 242 194 91 255 176 96 126 252 63 168 169 177 45 222 246 239 163 128 55 170 113 161
72 48 25 225 32 76 121 16 36 172 182 8 151 23 0 112 132 148 125 8 8 64 241 0 195 249 35 176 0 128 7 99
58 48 46 218 13 213 121 72 183 196 230 11 234 220 118 164 248 179 251 129 14 227 242 245 211 91 139 27 19 12 124 86
56 160 32 248 77 93 209 200 199 84 164 9 170 221 94 180 201 136 219 137 14 99 250 145 211 217 131 63 83 12 126 246
2 136 38 159 125 195 186 226 158 5 80 35 236 238 50 64 239 59 179 129 38 251 10 255 45 22 223 139 20 12 53 206
27 16 198 221 52 2 232 120 157 104 210 230 201 235 176 64 126 228 63 161 169 209 69 204 214 235 235 128 63 168 113 145
64 48 57 225 34 76 113 16 44 104 54 108 215 23 192 112 134 20 125 8 129 64 177 0 197 225 33 144 40 128 7 51
124 176 57 104 205 93 81 200 67 244 164 8 27 93 86 176 201 128 216 16 11 99 251 145 219 217 133 63 219 8 94 114
82 0 86 133 108 139 232 72 63 32 210 2 206 203 176 64 122 229 127 9 0 113 11 212 156 58 171 144 21 136 49 129
98 0 94 173 108 9 120 72 46 32 242 10 215 138 50 66 235 205 127 1 4 241 203 208 222 163 171 177 20 8 89 129
65 2 125 197 102 11 233 56 126 96 82 230 221 45 148 96 127 204 63 13 161 240 237 220 196 170 235 128 61 168 81 113
26 48 126 237 109 31 248 88 175 40 244 34 206 222 118 210 238 221 255 129 140 179 75 208 215 249 139 179 23 12 121 147
106 48 112 225 45 92 89 16 41 204 182 13 143 31 6 148 206 149 255 140 136 66 241 192 215 249 131 155 110 132 70 119
120 48 48 232 45 13 81 88 15 188 164 8 130 89 84 48 201 132 110 0 8 99 251 144 219 217 133 126 82 8 82 34
26 32 126 233 45 95 249 88 47 236 246 2 223 30 18 226 238 213 255 129 141 241 97 208 215 251 42 145 70 12 15 113
16 32 62 161 40 15 249 16 44 172 182 0 215 11 18 64 238 149 127 137 8 225 193 64 196 171 171 144 68 128 35 129
40 190 122 122 124 221 210 216 87 8 252 106 114 217 188 16 217 186 134 1 170 178 106 191 119 221 165 169 83 10 114 131
97 34 205 229 108 15 233 88 95 168 242 206 209 169 212 34 122 204 126 141 129 242 207 208 92 184 231 176 93 168 115 160
35 34 237 225 108 11 233 88 31 160 242 230 217 139 212 32 126 204 127 141 129 242 207 208 92 152 175 160 61 136 115 160
3 34 77 233 110 3 233 88 22 176 242 230 217 203 208 96 127 141 127 141 131 210 207 209 92 138 175 132 61 136 113 160
17 34 111 229 110 11 233 88 127 160 242 198 219 169 148 96 122 204 110 141 137 242 69 204 212 170 227 128 109 136 113 160
75 56 150 158 105 148 184 64 189 136 246 100 236 218 38 228 230 251 255 129 133 203 146 224 151 122 10 139 10 4 43 135
113 6 207 237 30 11 237 120 118 178 210 226 209 99 144 99 123 196 126 172 169 241 207 220 252 170 239 148 45 232 112 32
97 34 223 229 110 10 233 88 127 160 242 238 221 171 208 114 126 205 127 141 129 243 207 192 28 170 239 160 45 160 99 161
99 50 123 229 110 9 249 88 111 160 240 238 157 159 212 50 110 221 127 13 129 242 197 192 214 184 35 178 109 136 99 161
35 34 121 233 110 9 248 88 111 168 240 238 156 157 212 32 238 157 95 13 129 243 197 208 214 152 163 178 77 136 83 161
35 34 121 233 108 11 233 88 79 168 240 238 157 139 212 32 238 141 127 141 129 243 203 208 220 24 171 184 29 136 81 161
2 160 86 153 111 203 184 200 143 180 210 11 204 202 116 196 239 185 255 129 6 115 75 209 157 16 143 191 84 12 37 135
98 0 230 173 109 79 248 104 175 176 178 11 206 250 20 86 201 197 255 1 8 99 219 220 157 58 207 191 5 44 88 6
98 164 212 157 61 75 240 232 159 180 176 11 206 232 20 199 219 197 239 33 38 97 203 221 157 50 79 55 84 44 87 134
184 30 110 254 52 131 79 120 84 10 254 102 115 121 176 65 93 226 31 234 233 163 105 191 242 239 163 144 61 170 112 177
66 160 150 157 29 66 120 232 191 176 194 3 236 234 0 210 243 237 255 161 44 195 219 221 157 50 207 31 20 36 41 2
18 160 150 157 29 203 184 232 190 180 242 3 238 232 52 198 251 101 239 1 36 241 11 221 157 242 79 23 85 44 85 134
98 32 246 221 111 217 248 72 191 148 240 10 104 250 84 214 251 253 255 128 6 227 203 209 31 58 71 43 71 36 103 134
66 32 246 189 111 15 120 72 191 176 210 3 206 234 52 194 255 237 255 129 4 243 203 221 159 242 207 135 4 44 41 2
49 34 97 237 76 11 234 88 127 160 250 202 219 137 148 80 122 204 110 9 136 242 207 218 150 190 163 32 125 138 82 160
2 32 118 237 45 91 248 72 63 160 242 131 205 222 20 192 254 221 255 129 132 243 219 208 151 250 139 131 7 12 41 135
2 32 246 221 109 11 248 72 63 176 242 2 204 250 20 68 251 253 255 129 0 243 203 221 159 58 207 135 69 44 109 135
50 37 67 236 94 131 74 120 85 128 248 66 123 235 52 80 122 237 23 238 202 179 77 223 186 236 167 128 117 170 114 128
34 160 214 157 125 11 248 232 191 176 242 3 236 234 36 210 251 253 239 161 38 243 219 221 157 50 207 47 21 44 99 130
48 133 98 238 94 131 206 248 69 160 250 194 107 235 52 80 122 236 31 234 200 179 13 255 178 236 135 144 119 186 112 128
114 32 246 221 111 11 248 72 191 176 242 11 76 235 116 208 255 253 255 129 4 243 219 221 158 250 207 175 23 44 97 130
112 205 71 238 28 3 206 232 197 128 250 10 115 233 60 80 120 236 110 234 72 163 10 253 176 236 133 24 117 186 112 128
26 32 118 237 111 27 248 72 191 160 242 131 207 207 52 64 254 221 255 129 140 243 203 208 151 250 139 155 119 140 121 135
2 156 54 153 117 133 184 71 159 25 80 50 172 158 36 64 231 59 147 129 178 152 2 255 45 54 154 202 16 12 161 139
2 140 150 157 116 128 184 103 191 1 114 146 172 170 52 64 238 123 191 129 34 216 3 255 37 62 218 138 84 8 161 140
2 8 214 157 127 139 120 102 191 128 210 3 172 232 52 64 234 239 127 129 36 251 131 239 188 54 223 2 4 44 49 136
2 40 102 253 109 139 248 66 191 160 242 3 140 138 52 192 238 253 255 129 128 251 147 252 150 186 219 131 69 12 41 138
106 34 98 216 109 217 248 72 159 100 244 171 8 142 118 148 219 253 231 129 4 114 202 208 31 88 131 59 87 12 94 214
64 32 61 165 44 15 121 16 36 172 150 0 215 11 0 64 134 5 125 8 8 192 97 0 196 227 107 144 0 128 37 67
106 34 114 208 109 157 120 64 239 44 246 47 14 202 118 148 234 173 215 5 132 115 128 208 150 88 11 187 103 140 78 199
53 134 207 253 222 11 110 248 86 178 242 238 115 97 144 99 123 204 110 174 169 243 79 31 252 174 231 148 253 232 112 160
34 32 118 205 109 91 248 72 127 172 242 11 206 152 84 144 254 221 239 1 132 241 201 216 151 250 3 51 69 12 71 135
80 0 94 173 46 11 249 88 46 36 242 131 215 138 114 82 106 205 127 1 4 241 193 80 212 161 43 0 36 8 17 131
10 152 23 223 123 197 187 252 159 25 82 50 252 255 40 229 231 123 187 129 35 73 26 245 77 114 223 202 26 12 165 187
104 48 57 96 13 77 81 16 97 44 164 8 159 25 0 50 136 212 93 8 8 98 240 0 195 217 0 48 66 136 70 98
82 32 94 169 44 11 232 72 173 0 246 2 221 10 22 0 238 133 110 129 12 243 199 192 150 153 35 145 69 8 43 129
90 48 18 160 43 204 56 64 173 32 178 34 207 159 32 80 166 181 255 0 0 65 145 192 145 241 10 3 2 0 39 19
72 48 56 225 32 76 81 16 32 12 166 8 151 23 64 112 132 21 125 8 8 64 241 0 195 217 33 16 0 128 70 99
2 140 38 159 93 195 186 226 158 20 80 3 236 238 50 65 249 123 179 129 38 216 10 255 45 54 219 131 20 12 53 222
91 18 199 237 60 10 233 56 191 104 210 230 217 175 176 66 126 197 127 173 169 209 37 204 150 235 234 128 39 168 49 81
25 12 91 253 116 139 107 114 119 32 242 66 123 187 176 96 126 252 55 136 169 184 85 254 246 239 162 128 61 168 113 161
104 0 70 140 108 139 232 72 191 168 210 170 205 234 176 192 123 237 238 129 0 243 207 208 156 98 35 128 7 140 49 129
34 34 84 137 44 3 232 88 47 8 242 226 201 74 148 2 110 197 110 141 136 242 71 192 148 152 171 128 101 136 35 129
125 176 57 248 141 93 81 216 131 124 180 13 186 221 90 182 201 210 223 9 15 99 250 145 219 217 129 127 83 12 94 118
1 18 82 197 110 11 232 88 63 40 242 238 221 138 240 80 126 205 127 13 129 242 143 208 20 56 107 160 61 136 99 145
121 176 57 232 13 93 81 216 67 252 180 8 154 157 66 48 201 144 252 24 11 99 250 144 219 217 37 127 90 12 86 115
72 50 61 229 34 72 25 16 44 232 54 108 223 23 128 114 134 85 253 0 129 64 161 0 194 227 33 144 40 128 7 115
107 48 112 192 109 93 88 88 35 100 244 14 10 159 86 182 238 213 255 4 141 115 241 192 23 248 128 187 103 140 110 119
1 2 239 229 118 11 233 16 126 224 86 230 221 45 144 96 126 205 63 141 129 240 229 206 84 174 107 128 45 168 65 225
104 48 57 96 45 77 81 16 97 232 180 8 159 21 0 48 136 148 124 8 9 98 240 0 195 249 33 49 74 128 70 115
104 32 16 232 77 13 80 72 71 48 160 8 202 153 84 18 201 192 106 1 10 99 219 145 151 217 129 60 82 8 114 162
3 50 87 225 108 11 232 88 61 72 242 238 221 11 144 32 126 157 126 141 129 242 199 192 148 152 171 128 109 136 35 145
104 48 56 232 45 77 80 88 75 184 164 8 159 153 64 16 201 148 127 8 8 99 219 144 219 217 5 62 82 8 86 34
88 48 189 229 40 12 121 16 46 172 182 0 215 55 0 82 134 85 125 8 8 192 241 0 197 233 35 144 32 160 5 99
106 176 34 218 77 213 81 216 223 92 228 15 106 221 126 244 221 187 251 132 143 99 250 241 219 89 133 59 83 12 118 118
1 34 127 225 102 11 233 80 124 200 118 230 221 15 176 96 126 141 127 140 161 240 37 204 86 171 234 128 109 128 97 177
43 172 98 218 93 145 186 204 95 65 124 11 40 200 126 164 217 235 146 145 134 58 174 247 62 92 159 171 95 14 122 142
96 32 2 236 77 13 202 88 87 128 224 10 234 201 116 52 248 136 106 128 10 99 219 211 23 188 131 40 83 136 114 128
122 16 240 228 45 93 89 0 47 108 182 9 206 191 70 246 238 213 253 1 13 99 249 208 151 249 3 155 38 172 79 119
1 34 77 229 100 11 233 24 127 160 242 230 219 41 144 96 122 204 110 140 137 240 197 204 212 186 227 128 109 136 97 160
1 34 77 237 60 11 233 24 127 160 242 238 219 41 144 96 122 204 110 141 137 242 69 204 196 186 227 128 109 168 113 160
113 2 207 237 94 11 232 56 126 160 242 230 211 43 144 99 122 196 126 172 169 241 205 220 220 170 231 144 45 168 112 32
113 34 207 237 78 10 233 88 126 160 242 230 209 163 208 112 122 204 126 172 129 243 207 196 220 170 239 128 45 168 114 160
33 34 127 229 110 11 233 88 111 160 242 230 157 139 212 48 110 141 127 141 129 243 197 192 212 184 35 160 109 136 99 161
35 34 121 225 110 9 248 80 109 32 240 238 157 15 148 32 238 157 95 13 129 179 197 192 214 152 171 160 77 136 67 161
2 32 22 137 111 75 184 72 175 176 210 11 204 218 116 196 235 153 255 129 4 243 27 208 157 16 139 63 85 12 49 134
50 48 114 224 111 29 248 64 109 32 176 11 142 156 22 132 238 149 223 129 140 99 209 192 151 216 139 187 103 12 111 135
98 32 148 133 109 75 240 104 143 180 178 11 206 248 68 198 235 213 239 33 4 115 219 220 157 50 79 55 84 44 87 134
50 32 118 205 109 11 248 72 63 164 242 11 206 138 84 18 254 221 239 1 12 243 203 216 151 186 3 51 69 12 111 134
98 32 150 157 77 15 120 72 191 176 210 11 204 250 6 214 249 237 255 129 12 211 203 221 157 50 207 31 16 44 45 6
82 32 22 173 45 91 248 72 191 160 210 11 206 218 52 192 250 205 255 1 12 243 203 208 151 242 139 19 20 12 61 6
18 32 118 205 111 143 184 72 175 164 242 3 204 202 52 214 238 125 255 129 0 243 155 208 149 250 139 19 69 12 111 134
82 32 150 157 79 207 248 72 191 176 242 11 206 250 38 86 251 237 255 129 12 243 155 221 157 50 207 15 4 44 45 134
66 32 86 173 109 15 248 72 63 160 210 3 204 218 20 64 250 221 255 129 4 243 203 208 151 114 139 131 4 12 45 134
48 37 74 173 86 11 226 72 119 160 250 202 83 232 180 80 120 236 78 233 8 179 205 223 188 172 167 36 117 170 114 128
2 32 214 157 109 11 184 72 63 176 242 2 204 250 36 68 251 253 255 129 0 243 219 221 157 50 207 7 21 44 109 134
49 37 66 236 94 131 74 104 119 128 248 66 115 235 52 80 120 236 30 232 10 179 77 223 186 236 135 0 125 170 112 128
2 32 118 205 111 11 248 72 63 164 242 3 204 202 52 68 254 221 255 129 0 243 219 208 23 58 139 131 71 12 109 134
48 133 66 174 94 131 78 232 7 128 248 74 99 234 44 80 120 236 78 234 72 163 77 191 184 172 167 28 117 170 114 128
112 205 70 174 30 3 206 232 197 128 250 10 99 233 61 80 120 228 110 226 72 163 14 189 178 236 133 24 117 186 112 0
56 69 106 236 22 18 110 120 69 192 254 2 123 105 180 96 122 236 31 239 200 179 45 143 242 237 163 128 119 186 112 32
72 48 57 225 32 76 81 16 32 12 166 8 151 23 64 112 132 21 125 8 9 64 241 0 195 249 33 16 64 128 70 115
104 48 56 96 45 77 81 16 97 40 164 8 159 25 0 48 136 148 76 8 8 98 240 0 195 217 1 57 66 136 70 34
66 40 86 157 101 139 248 70 191 160 242 3 172 170 52 192 234 239 255 129 0 250 131 252 21 50 219 2 69 4 33 138
2 40 150 157 117 138 184 103 191 129 82 18 172 170 36 68 234 239 59 129 34 216 131 255 21 54 154 131 4 8 161 142
2 140 150 157 116 136 168 167 190 1 82 16 172 170 48 64 227 43 59 129 50 216 67 255 36 54 218 128 20 8 161 139
90 48 82 160 107 77 120 64 173 0 242 10 14 223 32 80 182 157 255 128 0 51 145 194 215 245 11 11 34 2 39 131
2 152 50 153 253 197 184 199 158 25 80 18 172 158 36 64 239 59 179 145 178 184 18 247 45 22 30 202 144 12 165 155
91 18 118 229 35 26 120 16 45 104 182 228 223 143 150 210 230 197 255 132 137 193 161 192 150 251 170 128 38 164 9 81
88 50 120 229 34 28 120 16 41 104 182 172 159 31 134 244 166 149 253 0 129 96 225 192 214 249 34 146 110 132 11 81
10 136 54 159 29 194 184 226 158 20 66 3 236 254 34 64 233 123 187 129 34 217 11 253 13 50 219 139 20 44 53 218
91 20 230 173 47 26 104 120 189 228 214 166 203 234 182 230 126 197 255 173 169 209 167 204 150 251 235 128 47 172 121 117
34 170 106 154 253 209 186 206 223 93 124 191 40 204 126 132 217 59 147 149 150 58 42 243 63 28 158 235 215 12 255 207
104 48 57 100 40 77 81 16 105 236 180 108 159 21 194 50 132 84 252 0 137 98 240 0 195 249 33 179 74 128 70 115
107 176 48 218 109 157 89 216 207 89 180 40 42 221 254 180 205 154 255 12 143 99 234 241 95 217 129 254 83 140 90 247
25 12 83 255 52 202 107 114 116 40 122 98 123 243 176 96 122 238 62 136 169 184 37 238 244 239 163 128 37 168 96 169
75 152 22 222 107 213 184 200 159 81 196 2 236 246 46 228 231 123 251 128 7 75 58 245 23 50 219 11 26 12 41 159
10 191 42 155 119 213 187 246 30 77 92 167 172 222 54 64 255 123 151 129 134 186 42 255 111 23 191 171 23 14 61 219
75 48 22 154 105 148 184 64 191 72 244 38 236 218 38 228 246 187 255 129 134 67 154 225 151 56 138 139 26 4 43 151
1 34 77 229 108 11 233 24 110 160 242 238 219 41 144 98 106 204 110 140 137 242 197 192 212 186 227 128 109 168 81 160
97 34 207 237 78 11 105 24 126 160 242 230 211 163 144 114 122 204 110 172 169 240 207 220 220 170 231 128 45 168 112 160
33 34 75 229 110 11 232 88 111 160 242 230 157 139 212 112 110 141 126 141 129 242 197 208 212 184 163 160 109 136 99 160
33 34 95 233 78 11 233 88 126 160 242 230 221 139 208 96 122 141 110 141 129 242 207 208 212 136 171 160 61 136 113 160
34 32 114 137 111 13 248 72 143 32 240 11 140 154 52 196 234 153 223 129 4 115 91 208 21 24 139 187 85 12 125 135
34 32 114 193 109 93 248 64 79 36 240 11 142 136 22 132 238 149 223 129 140 115 209 208 23 24 139 187 85 12 127 135
34 32 112 193 109 77 248 72 79 32 240 11 138 158 20 132 234 149 255 129 140 115 193 208 23 56 139 187 85 12 119 134
98 32 212 141 109 15 176 72 175 180 240 11 206 232 68 198 235 221 235 1 4 115 219 213 29 50 207 63 85 44 87 134
114 32 86 172 45 79 248 72 175 160 178 11 206 218 4 86 234 213 239 129 8 227 203 208 149 250 139 59 65 4 111 134
66 32 150 157 77 15 48 72 191 176 210 11 206 250 4 210 249 253 239 1 4 211 219 221 157 50 207 63 16 44 53 6
2 32 86 141 109 79 184 72 63 160 242 3 204 202 4 196 250 221 255 129 0 243 203 208 149 50 139 3 69 12 107 134
66 32 150 156 77 219 120 72 191 180 242 3 204 234 36 214 251 237 235 129 0 243 219 221 157 50 207 3 1 44 45 134
2 32 86 141 109 15 248 72 63 164 242 3 204 202 52 68 250 205 255 129 4 243 203 208 149 50 139 3 5 12 45 134
2 32 86 141 109 75 184 72 63 160 242 3 204 202 52 196 250 221 255 129 4 243 203 208 149 50 139 3 5 12 105 134
56 5 98 237 22 19 238 120 117 0 254 130 91 105 180 96 122 236 23 239 200 179 37 206 242 239 163 128 119 174 112 160
57 5 107 237 22 18 111 120 85 192 254 130 91 105 180 96 122 236 23 235 200 179 45 206 242 237 163 128 55 190 112 128
104 48 57 96 33 76 81 16 105 40 38 8 159 23 0 48 132 20 124 8 137 64 240 0 195 249 33 48 66 128 70 51
104 48 56 96 45 77 81 16 97 40 164 8 159 21 0 48 128 148 92 8 9 96 240 0 195 217 33 48 66 128 70 35
2 140 146 157 117 136 168 231 190 1 82 16 172 170 48 64 235 43 42 1 34 216 130 255 36 54 154 2 20 8 161 138
74 48 82 168 83 205 250 64 61 0 250 10 92 223 32 84 254 189 183 128 0 179 144 194 119 180 11 11 67 6 39 147
2 156 18 155 245 133 184 231 158 25 80 18 172 158 36 64 231 59 179 145 50 152 2 247 45 54 30 202 144 8 161 139
10 136 166 159 93 211 184 232 158 20 214 3 236 238 34 192 249 123 171 129 34 219 10 253 5 115 219 131 22 44 61 202
91 16 102 229 47 26 120 56 173 108 214 38 203 174 150 246 102 197 255 129 140 193 231 196 146 251 202 131 38 164 105 85
10 159 42 155 118 211 187 246 30 77 92 167 172 223 182 64 255 59 151 129 166 186 42 255 110 21 174 139 23 14 53 219
113 34 207 237 78 11 105 88 118 160 242 230 211 163 144 112 122 204 110 140 137 242 207 28 220 170 231 128 109 168 112 160
33 34 75 225 108 11 233 80 109 32 242 238 153 11 148 96 110 141 126 141 129 242 197 192 212 184 171 128 109 136 99 160
1 34 79 233 110 11 233 88 126 32 242 238 221 139 208 96 122 141 110 141 129 242 71 208 212 168 171 136 61 136 113 160
114 32 86 136 109 79 248 72 175 36 178 11 206 138 4 212 234 133 239 129 12 99 211 208 149 176 139 59 65 12 111 6
82 32 86 137 109 79 248 72 175 36 242 11 206 138 4 212 234 141 255 129 12 243 211 208 149 176 139 19 4 12 45 134
2 32 22 137 109 75 248 72 47 32 242 3 206 154 4 196 234 157 255 129 4 243 211 208 149 48 139 19 69 12 45 134
56 5 98 237 22 18 110 120 85 0 254 2 91 105 180 96 122 236 23 235 200 179 37 142 242 237 163 128 55 170 112 128
104 48 56 96 33 93 81 16 107 40 36 8 159 23 0 182 128 212 252 8 9 96 240 0 195 249 1 50 66 128 70 51
10 0 26 158 77 208 186 72 143 4 222 3 236 222 34 196 248 123 187 129 6 131 170 251 151 119 138 139 22 14 61 198
2 156 18 155 253 197 184 199 30 25 80 114 172 222 36 64 239 59 179 17 50 56 18 247 45 22 30 234 144 8 161 139
91 50 120 225 39 92 121 16 41 76 182 173 143 31 18 240 230 149 253 4 140 34 225 192 215 249 34 145 38 132 15 83
34 184 48 153 255 197 184 207 158 93 80 51 172 220 102 0 239 59 147 145 50 58 26 247 13 22 158 235 213 12 181 223
27 191 107 251 126 193 187 254 30 77 221 231 253 223 186 96 127 59 151 133 163 154 110 255 254 255 190 232 23 142 181 249
33 34 73 225 108 11 233 80 108 32 242 238 153 11 144 96 106 141 126 141 129 242 197 192 212 184 171 128 109 136 99 160
1 34 79 233 110 11 233 88 126 32 242 238 217 137 144 96 122 141 110 140 129 242 71 208 212 168 171 128 45 136 113 160
114 32 86 140 77 95 248 72 175 164 242 11 206 218 70 214 234 213 238 129 12 99 219 208 149 48 139 59 65 12 111 134
114 32 22 141 77 75 240 72 175 164 242 11 206 218 6 214 234 213 239 129 12 227 219 208 149 50 139 59 0 12 47 134
82 32 22 141 77 15 184 72 175 164 242 11 206 218 6 198 234 221 239 129 4 243 203 208 149 50 139 19 0 12 45 134
56 5 98 237 20 18 110 120 69 0 254 2 91 105 180 64 120 236 23 235 200 179 45 142 242 237 163 128 55 170 112 128
105 48 56 96 33 93 81 16 105 44 52 8 31 31 2 180 132 148 252 8 137 96 240 128 195 217 33 51 66 128 74 51
106 185 48 154 125 213 91 200 31 77 252 43 108 223 110 212 221 155 183 129 6 11 250 243 127 20 155 187 18 14 172 255
35 188 114 90 117 213 250 198 91 73 124 47 40 220 54 180 255 171 146 4 135 186 186 255 55 28 18 171 91 14 234 223
