126 160 36 184 173 143 208 200 207 188 176 9 206 248 120 130 201 209 255 49 62 99 91 149 153 211 143 127 210 44 92 2
102 164 20 186 173 205 80 232 159 61 146 25 238 248 104 195 217 215 239 49 62 99 91 181 185 210 207 127 144 108 152 6
105 48 184 108 109 93 208 88 203 188 180 8 155 217 86 178 137 220 204 16 142 99 250 145 223 217 37 63 67 44 94 131
88 48 158 165 35 78 121 16 60 172 214 161 223 55 2 210 182 213 253 144 8 209 145 192 219 243 111 129 34 160 47 115
90 0 174 189 47 94 60 56 60 134 214 3 221 255 34 194 246 245 253 161 44 209 219 204 209 227 235 129 38 116 45 2
90 204 150 191 13 86 22 168 183 150 194 3 239 254 34 199 241 119 237 163 108 193 27 191 179 243 207 19 50 124 45 70
150 185 54 209 246 139 186 200 222 56 48 114 156 218 253 41 239 89 23 243 178 245 10 244 156 24 175 230 213 9 161 163
91 2 238 173 46 18 253 120 61 198 214 231 217 170 146 82 126 197 127 173 172 209 165 200 214 107 238 128 47 228 121 213
230 167 65 204 252 0 78 185 27 48 177 222 68 107 220 211 215 151 125 174 251 79 203 215 60 56 143 252 20 160 210 37
90 50 255 229 98 27 57 16 41 172 182 237 207 15 210 18 166 213 239 13 128 241 165 192 222 219 39 129 102 132 7 113
94 182 253 229 170 75 63 248 63 178 182 250 223 111 205 123 55 213 253 178 184 208 237 194 254 231 111 247 167 240 135 49
105 176 253 237 45 89 81 152 79 248 180 40 251 95 210 54 203 212 255 8 143 98 251 209 223 251 167 191 126 172 66 115
17 14 83 223 126 131 234 118 95 128 218 66 189 234 180 100 123 239 46 136 163 186 71 255 188 174 190 128 61 136 113 140
166 232 233 232 222 65 139 216 22 115 208 187 17 221 125 40 95 217 19 247 162 87 206 243 93 13 175 236 181 253 116 242
70 172 132 159 221 195 190 236 159 183 208 19 236 252 124 207 217 127 251 1 54 75 219 255 45 54 223 255 148 124 157 134
161 142 87 223 126 131 235 87 30 161 88 82 181 235 176 64 127 107 55 136 35 184 79 255 44 142 191 128 61 136 241 169
161 172 219 255 116 143 235 247 30 1 90 214 245 235 48 0 127 123 19 137 35 186 83 255 236 142 190 64 61 136 177 168
222 175 210 190 191 154 126 232 191 132 218 163 238 234 46 208 247 255 239 227 110 193 138 255 186 247 143 155 20 102 45 7
29 201 44 177 141 223 180 161 206 121 150 2 208 28 82 106 233 84 251 81 87 125 127 181 79 67 255 213 61 12 217 22
92 180 191 124 187 95 87 248 127 234 246 104 223 247 128 117 183 253 236 34 233 243 249 206 251 255 103 151 226 114 39 55
34 168 121 251 230 141 251 207 63 81 121 19 189 223 124 0 255 251 55 21 147 58 218 247 125 62 62 232 213 10 227 249
57 106 168 165 124 0 73 22 18 236 80 239 183 141 211 8 94 237 53 221 140 94 197 42 196 229 187 184 44 189 18 216
229 255 149 255 236 13 231 184 218 186 57 104 246 249 201 35 153 70 126 126 227 97 235 179 44 158 101 252 216 251 211 161
93 134 172 165 180 15 253 184 126 254 182 71 215 40 83 107 253 197 125 61 188 240 221 140 238 235 239 244 236 248 89 67
27 8 94 255 114 146 250 86 63 8 214 194 61 175 180 96 238 191 55 141 132 155 1 254 214 239 250 128 61 128 41 137
9 18 255 245 126 79 249 120 63 232 246 230 223 255 146 96 127 221 127 169 161 240 235 204 207 251 103 128 110 168 37 241
34 188 107 251 124 141 187 212 223 73 112 243 252 205 188 0 255 59 23 133 163 186 30 247 103 60 186 200 93 140 245 249
87 134 236 191 188 18 78 184 87 250 210 230 249 106 187 225 95 231 126 175 173 195 111 255 186 127 239 148 188 252 56 85
51 50 127 205 79 159 185 88 239 236 246 198 72 222 54 230 238 253 255 141 133 243 191 208 23 123 139 146 79 12 111 247
154 207 102 220 140 129 207 247 150 2 212 210 49 142 177 97 107 227 23 201 234 15 38 255 240 75 174 168 55 156 176 168
92 176 157 229 232 77 124 216 187 250 180 45 222 255 77 26 191 221 253 18 85 67 251 192 223 219 79 63 200 112 71 211
218 19 150 222 11 68 29 45 141 14 215 163 236 119 40 206 230 51 191 130 64 135 67 201 211 178 222 139 18 54 165 123
54 172 116 251 253 159 250 232 223 177 240 11 239 221 61 5 255 187 215 49 170 115 75 255 191 222 143 247 215 140 85 135
24 14 254 253 118 139 235 122 61 4 246 131 221 235 48 81 114 237 63 172 32 249 7 206 244 175 235 128 37 224 97 160
27 10 255 237 102 10 249 82 253 132 118 162 223 143 180 112 246 253 63 13 128 249 165 204 214 251 42 128 36 160 37 225
41 48 126 77 106 75 121 88 127 232 246 43 89 155 150 112 126 221 119 136 5 242 207 220 86 186 35 161 111 132 106 147
147 205 79 188 14 128 141 247 148 82 208 242 57 174 176 97 111 243 63 201 233 79 38 255 240 139 254 136 53 152 177 8
89 20 254 229 37 94 95 48 125 238 246 34 223 63 135 123 246 213 253 34 172 241 113 142 243 255 100 146 231 252 100 115
103 184 249 218 237 253 121 220 31 121 112 27 188 222 94 56 223 219 119 148 150 106 122 243 95 92 23 238 149 141 195 215
94 148 246 229 175 27 124 184 175 178 150 139 207 63 17 223 167 213 253 163 172 225 153 204 187 251 79 215 167 252 5 7
43 48 246 253 109 95 248 88 127 252 246 167 205 255 150 244 255 253 255 133 132 243 251 221 223 251 207 135 23 172 103 247
18 28 42 222 83 214 250 98 189 204 94 39 44 254 54 64 254 251 183 133 164 153 50 239 55 126 154 131 37 36 37 223
114 247 225 132 206 70 77 127 1 238 152 239 0 45 84 86 221 221 181 165 201 2 241 194 49 36 237 190 45 126 246 123
25 142 70 188 116 130 110 238 126 130 218 194 233 234 176 64 123 239 46 141 100 219 7 255 180 238 191 0 45 160 105 136
94 140 246 247 247 155 254 240 191 182 246 131 79 239 119 111 255 253 255 129 160 249 169 252 255 251 207 231 167 252 93 199
126 122 160 182 77 112 92 82 19 198 220 143 169 175 83 26 76 239 181 135 140 210 210 168 211 245 223 169 174 252 62 218
231 29 169 158 236 197 223 217 139 74 153 109 116 254 253 18 158 243 87 199 177 3 170 251 49 28 175 186 148 115 134 119
31 80 147 136 234 51 153 72 31 75 85 242 92 254 174 236 247 25 183 53 147 131 46 210 144 22 123 206 158 95 169 245
106 176 246 222 109 213 248 248 191 220 246 171 108 255 254 246 255 255 255 140 134 243 255 249 95 122 199 175 119 172 124 247
109 4 117 79 45 55 218 184 197 82 189 128 219 125 191 239 95 208 254 110 141 35 127 189 67 123 65 28 215 239 112 117
42 176 244 253 125 31 248 184 63 252 246 161 237 255 214 118 223 125 255 37 164 240 235 221 207 251 207 151 22 172 77 215
35 184 230 223 111 215 184 200 159 244 244 163 236 254 254 166 255 127 255 133 134 227 190 253 31 58 207 255 87 44 127 215
9 48 126 237 106 15 185 88 127 232 118 101 221 218 70 98 182 93 127 5 133 241 143 208 86 250 43 130 79 132 43 147
25 16 190 165 58 75 121 40 119 248 210 35 223 122 146 96 255 213 127 161 44 241 79 220 216 243 111 149 108 32 41 3
3 56 54 157 111 159 184 66 255 232 210 167 140 158 182 96 238 125 255 133 132 249 231 220 21 58 139 131 68 12 37 215
127 30 130 166 213 36 70 214 57 207 202 85 14 162 115 216 225 239 132 23 61 155 144 234 240 244 154 8 136 117 250 94
91 196 232 215 150 50 94 150 83 19 94 146 89 59 222 116 119 223 21 140 172 82 205 227 126 255 149 133 175 246 168 12
254 238 86 182 109 27 126 232 175 190 247 41 79 235 171 215 251 205 239 99 108 247 139 250 178 243 71 191 70 255 107 135
235 120 225 236 108 5 200 222 18 248 144 111 25 157 213 163 93 204 55 253 235 103 194 146 94 73 175 188 31 189 114 155
98 50 253 196 108 29 89 24 47 172 182 76 198 39 196 86 198 213 111 8 136 99 241 192 151 186 67 146 64 160 70 101
132 192 20 155 62 143 184 169 206 27 83 114 220 90 184 73 243 1 10 187 114 165 11 215 44 50 122 198 20 10 161 129
86 140 134 191 157 195 30 232 159 178 194 19 238 254 57 197 241 247 255 163 108 201 91 255 185 54 223 151 148 124 189 6
29 208 176 233 166 63 28 158 95 59 92 112 223 114 237 108 87 19 60 24 135 36 111 147 130 222 55 150 182 216 129 45
13 231 141 223 252 183 207 248 86 250 221 70 241 226 249 229 93 234 62 254 235 226 239 255 44 159 231 236 159 251 248 160
98 48 254 92 110 217 176 72 251 248 244 170 120 254 228 242 191 253 254 0 7 243 174 209 31 251 103 171 101 168 111 151
30 74 220 169 59 115 26 138 15 117 220 135 143 14 99 200 247 73 174 213 14 16 127 177 130 215 27 87 182 95 45 87
153 74 144 189 4 189 75 150 30 140 214 70 191 130 243 200 66 233 174 218 9 180 67 234 192 229 186 152 184 249 9 41
20 156 214 255 143 139 55 248 159 178 214 162 255 243 43 79 115 247 127 34 32 249 31 255 252 182 87 86 191 248 1 27
19 94 198 158 38 144 172 246 213 66 86 230 105 234 183 237 102 97 62 207 229 213 38 235 18 106 254 128 63 245 121 13
91 90 198 158 34 48 172 82 189 202 94 230 109 234 179 239 102 101 62 143 133 209 134 232 146 107 254 138 175 245 41 29
107 48 124 237 108 95 217 24 47 252 180 165 221 31 214 246 207 213 255 140 135 96 255 209 199 249 171 191 22 132 79 117
103 172 237 222 252 29 111 252 251 251 244 92 250 251 220 123 217 206 119 30 179 106 235 243 127 191 245 254 218 120 210 163
94 172 246 254 239 159 126 248 191 178 242 3 239 255 61 207 255 255 255 131 172 123 203 255 191 254 207 163 167 252 111 135
11 48 62 249 109 215 185 88 143 252 212 7 220 223 118 224 239 185 255 133 134 99 123 209 95 89 175 191 23 140 61 247
218 211 254 190 171 80 29 37 141 21 231 179 108 39 46 91 230 151 239 194 124 141 35 245 210 115 218 155 18 150 165 83
23 142 255 255 188 139 239 248 223 250 210 246 255 233 189 97 127 231 127 191 249 233 79 255 236 223 239 212 253 248 241 33
34 30 103 219 119 215 187 112 223 204 116 231 104 252 182 37 255 187 151 129 165 242 62 255 55 94 139 131 95 140 117 247
28 135 8 171 156 167 219 248 22 13 221 183 241 103 42 64 92 138 15 176 58 139 73 191 248 199 170 205 180 203 180 211
61 152 145 169 188 7 203 218 87 89 220 98 22 115 249 236 217 200 22 221 155 50 107 242 153 156 175 252 154 41 112 161
38 172 246 223 253 219 254 232 191 179 112 147 104 238 124 239 255 255 243 129 166 251 218 251 63 62 223 175 215 252 255 134
41 48 188 189 109 143 185 88 223 248 244 15 252 248 118 32 221 109 127 5 134 115 219 209 95 27 207 186 95 44 91 211
120 176 249 122 168 205 83 216 187 93 181 57 63 223 72 18 135 219 253 82 26 107 250 51 219 221 53 255 224 131 198 123
238 120 148 152 109 189 144 130 143 154 144 120 172 154 101 207 201 97 255 17 36 103 194 224 135 82 218 187 146 125 25 143
41 48 61 249 109 157 249 88 207 248 244 77 158 217 82 178 201 233 95 13 143 98 123 209 223 217 175 60 90 12 82 211
70 172 246 255 253 91 254 232 191 178 242 3 236 255 29 69 255 255 255 163 164 243 219 255 191 254 207 151 135 252 105 135
253 101 219 238 186 15 95 248 59 162 189 200 95 247 137 112 126 221 125 238 105 67 219 255 250 239 175 188 44 243 35 33
43 50 112 77 109 95 249 88 123 236 244 172 27 221 214 180 190 221 215 140 133 242 254 208 87 217 33 171 71 140 110 247
103 148 248 190 254 65 182 232 95 210 212 43 252 248 255 96 219 207 62 163 167 98 207 255 124 62 239 175 157 124 57 7
70 140 150 159 175 221 190 174 190 183 210 147 236 254 44 203 243 119 251 145 54 201 155 247 189 118 223 203 148 124 189 14
6 172 246 223 255 221 190 236 254 183 210 147 236 254 60 207 255 123 251 145 182 249 159 255 61 62 223 235 213 124 253 143
51 31 98 142 116 147 238 120 87 72 254 230 97 232 182 228 126 234 6 239 205 179 44 191 50 44 163 136 127 174 120 213
75 18 230 141 111 22 184 88 95 236 214 231 72 174 182 230 254 197 255 141 133 243 103 204 22 58 235 131 31 172 124 213
87 142 239 255 188 2 79 184 31 250 210 246 253 239 185 99 119 199 127 175 249 209 239 255 254 255 239 148 188 250 176 33
94 172 246 255 237 223 126 248 191 179 246 139 239 255 93 223 255 255 255 131 174 249 219 251 191 254 223 183 167 252 72 143
107 50 124 236 105 92 89 24 43 236 118 45 223 31 198 246 198 213 253 12 137 82 251 208 215 251 161 187 6 132 78 115
126 164 244 255 191 90 252 248 63 183 246 147 235 127 92 123 255 223 255 176 190 226 251 233 255 251 223 207 231 252 238 199
247 78 207 190 30 35 78 252 150 194 218 230 113 233 185 105 123 226 63 239 233 71 14 191 176 46 239 152 61 251 112 8
93 180 255 247 180 11 127 248 119 234 254 238 255 127 153 112 127 223 127 174 249 240 201 190 254 255 231 132 174 250 0 49
171 221 98 138 69 180 254 247 69 76 220 167 8 140 182 96 110 139 151 199 134 174 36 247 114 105 170 200 87 31 244 221
110 184 247 254 239 221 53 248 191 251 244 42 108 255 108 118 255 255 255 2 162 115 186 251 95 255 111 171 178 108 39 243
11 80 70 131 75 191 252 100 173 109 191 159 140 15 46 148 174 129 223 134 4 49 16 212 23 220 66 183 91 94 137 86
70 170 197 215 238 159 108 184 63 182 86 207 237 229 220 199 63 230 235 172 33 240 95 253 30 90 197 214 175 236 81 116
7 172 175 255 188 151 184 248 254 249 210 195 253 238 252 99 255 111 127 157 182 249 239 253 124 123 239 224 213 232 113 213
29 150 255 247 150 15 190 248 126 234 250 194 125 239 57 96 127 255 127 175 225 241 157 254 251 239 239 132 173 250 33 177
94 172 244 255 239 21 126 248 191 182 246 139 239 255 93 223 255 247 255 131 172 235 219 251 191 255 223 223 167 252 109 206
39 188 182 222 253 157 248 248 255 249 116 8 248 255 124 98 221 123 119 29 167 107 250 249 31 58 255 234 218 124 83 159
107 50 108 237 104 14 73 24 47 188 244 205 223 7 210 86 70 221 127 12 138 80 235 209 198 249 171 188 30 132 2 113
45 190 255 95 254 27 111 248 119 186 246 254 91 115 157 245 127 238 127 46 169 240 109 254 126 255 229 132 231 248 194 161
126 160 240 254 239 88 94 216 59 179 240 139 111 255 93 154 255 223 247 147 142 114 203 227 159 253 223 175 231 244 110 139
104 48 184 101 45 93 208 24 107 188 180 41 159 153 66 146 141 212 237 17 142 98 219 144 203 217 37 63 66 44 78 131
88 48 28 229 33 94 121 16 45 44 182 161 223 23 2 210 166 213 253 136 8 192 241 192 195 249 43 145 34 128 15 115
88 48 222 229 33 94 88 16 45 172 150 129 223 55 2 210 166 213 253 136 12 193 145 200 219 243 239 145 34 164 47 19
90 4 150 189 13 94 118 40 189 134 194 3 239 250 39 199 241 245 237 163 108 193 219 207 179 246 207 19 34 124 45 6
90 0 182 173 39 94 120 40 189 36 210 3 207 255 50 199 242 245 253 161 44 209 147 200 147 243 203 147 38 108 61 66
39 160 249 219 236 221 249 216 95 121 176 27 24 221 92 56 255 219 119 149 150 98 251 241 95 88 135 254 213 136 195 231
109 176 157 244 233 77 124 216 59 242 160 8 223 255 73 186 191 221 253 18 11 67 219 192 223 219 79 60 202 112 35 178
38 168 113 251 252 237 235 204 95 49 241 26 253 217 124 8 251 155 115 153 179 122 218 243 61 30 159 108 221 9 227 160
1 140 91 223 86 143 234 247 94 1 90 86 241 227 48 64 127 234 10 140 51 184 91 255 172 142 158 64 61 138 177 168
17 142 83 159 94 131 238 230 94 3 218 86 241 226 176 64 123 235 46 140 171 186 79 255 188 174 190 0 61 136 241 136
82 62 255 237 50 79 55 120 61 174 246 237 94 127 132 117 247 253 237 162 169 211 185 206 251 255 103 146 42 226 39 115
41 241 144 135 108 21 173 29 2 248 93 110 189 147 202 135 86 14 177 12 195 82 202 145 228 217 190 172 30 222 155 169
101 178 253 223 254 11 240 248 127 185 176 122 220 251 204 50 255 206 127 56 179 114 235 241 94 251 119 254 253 232 211 163
70 140 132 159 205 203 182 168 158 183 192 19 236 248 110 207 209 127 251 3 38 88 203 255 45 54 223 127 148 124 157 142
29 84 152 232 147 247 83 218 87 75 159 18 94 119 43 252 119 153 156 56 191 7 57 223 243 223 35 87 186 245 169 115
27 14 214 255 114 130 106 86 61 0 242 195 125 163 176 192 126 239 63 140 32 219 5 239 246 239 250 128 39 160 41 136
169 106 193 177 52 195 73 23 19 232 84 253 191 5 211 140 78 172 157 29 171 220 197 142 230 93 184 176 174 157 24 121
226 26 116 222 105 109 156 170 143 54 180 187 110 47 7 91 207 243 239 66 52 105 75 253 23 50 89 155 83 237 12 83
221 192 104 238 12 31 79 188 87 126 150 10 83 72 251 104 113 204 62 239 205 37 111 51 243 203 229 188 53 187 80 96
2 24 182 149 54 143 184 98 190 168 82 163 172 190 52 96 239 127 255 129 160 249 3 236 156 50 223 130 4 44 33 159
238 155 244 77 203 121 171 186 13 63 246 234 200 39 165 238 78 214 174 202 145 40 103 241 7 54 208 215 215 237 76 53
87 148 92 73 27 55 26 158 71 49 174 134 75 50 175 228 119 214 172 248 143 17 117 181 147 253 0 87 187 219 8 52
25 51 122 33 54 31 187 88 102 224 126 199 211 72 146 32 62 12 38 109 132 176 125 28 238 205 39 0 109 138 107 209
58 49 224 191 101 124 92 17 19 205 93 175 239 239 91 24 220 255 149 133 142 210 208 137 199 245 168 187 174 254 30 219
153 43 154 191 164 188 79 17 21 206 87 22 191 195 243 201 86 234 134 222 235 244 224 170 230 225 182 136 42 217 24 88
187 51 160 223 207 93 181 81 89 252 85 39 168 188 215 47 236 250 183 199 213 120 247 168 199 89 254 187 7 109 214 255
91 6 239 173 54 2 237 120 125 226 210 231 221 106 150 99 126 197 63 173 173 209 165 204 214 107 238 128 45 236 113 85
25 147 108 37 22 15 254 184 100 224 218 199 211 41 18 96 62 204 126 111 205 176 93 28 238 142 37 20 109 170 80 17
119 182 238 189 250 2 123 248 63 252 242 229 121 238 150 81 127 205 127 172 173 211 207 223 254 127 239 132 173 228 99 213
169 192 209 185 124 19 200 222 87 240 52 246 155 130 241 238 91 200 22 92 239 118 238 146 174 221 167 172 127 188 120 237
12 62 7 193 181 255 227 214 140 236 62 110 142 165 227 134 41 96 206 60 161 41 48 158 110 13 39 244 202 252 85 121
71 137 88 74 218 149 91 252 71 5 76 8 44 242 166 116 119 235 30 204 150 11 174 127 122 13 7 235 186 130 169 77
78 168 150 191 189 198 188 232 190 183 210 3 237 238 56 198 243 127 251 129 38 193 219 253 141 243 207 151 148 100 61 134
70 132 214 223 254 203 63 232 63 186 118 162 253 243 174 69 127 255 63 160 32 241 11 255 124 182 103 132 156 232 33 1
6 210 20 137 46 3 188 223 142 59 154 98 220 26 48 106 231 17 251 177 194 37 11 215 172 22 255 214 148 56 161 131
19 160 206 213 60 155 232 232 190 184 214 198 253 235 180 194 51 101 127 44 33 241 139 221 158 251 111 148 12 168 89 176
43 56 55 250 109 149 249 82 159 232 246 70 188 223 116 244 237 187 255 129 131 251 58 241 95 219 187 170 27 12 33 251
18 28 50 158 119 134 190 102 188 202 90 227 124 254 180 64 254 123 151 129 160 155 18 239 56 54 190 130 13 36 53 219
78 245 145 196 255 4 175 127 138 184 24 110 28 215 192 167 236 125 23 171 193 67 210 128 61 73 175 252 30 122 179 177
3 178 83 185 126 131 186 216 30 232 208 230 252 223 232 224 127 185 183 133 131 211 78 223 60 6 175 174 61 136 33 145
67 32 230 156 108 159 232 88 255 248 242 207 237 235 244 214 255 237 127 141 131 243 143 209 158 122 103 168 79 164 33 177
26 0 246 237 53 18 248 16 61 128 246 131 201 63 20 70 254 221 255 161 172 209 193 204 151 251 202 131 39 164 105 135
74 48 244 237 109 95 248 24 191 248 118 163 205 191 214 118 247 253 255 133 132 81 251 209 223 251 207 167 22 164 79 247
94 168 246 247 231 203 252 224 191 178 246 131 237 239 116 86 255 255 255 129 164 241 139 232 159 250 207 131 167 236 105 135
26 128 246 254 111 148 252 248 191 146 242 131 237 255 60 199 255 251 191 129 172 195 219 237 159 250 206 139 55 228 105 135
82 178 223 213 62 31 104 248 191 180 210 78 238 238 212 194 183 229 127 44 161 241 187 221 159 251 79 150 4 40 93 97
90 48 246 252 111 212 248 88 189 200 214 163 109 255 182 230 254 253 255 133 132 195 182 193 215 251 207 139 39 164 45 119
158 119 178 168 239 1 189 223 154 250 84 239 28 223 225 163 118 89 151 227 241 71 130 208 241 193 239 174 62 252 183 179
43 17 239 213 229 119 237 119 85 207 126 38 89 125 188 237 126 190 183 172 153 240 53 204 79 123 244 192 231 254 248 245
96 48 249 69 104 12 249 8 42 172 178 76 214 166 196 82 174 93 110 12 0 67 251 80 221 171 111 184 64 32 71 241
54 140 118 250 255 203 254 232 159 179 242 11 238 233 60 133 251 187 255 145 42 115 91 255 191 222 207 255 247 172 117 134
46 46 37 161 188 235 75 50 135 245 155 241 135 5 16 196 77 180 141 61 186 184 97 156 205 213 169 213 182 141 84 113
42 48 116 125 109 91 248 88 127 236 244 171 203 93 214 52 254 221 215 141 140 98 239 208 79 219 39 187 103 140 78 215
106 48 240 229 111 93 120 24 59 232 118 169 79 63 214 246 190 221 255 140 130 82 251 209 215 249 33 179 39 164 78 243
90 160 246 228 109 75 124 184 59 178 182 139 79 47 84 86 255 213 255 136 140 115 201 200 159 251 199 183 39 172 76 3
29 123 170 163 181 141 231 208 198 204 30 39 247 225 243 6 56 106 207 127 132 161 60 168 236 69 47 161 174 127 149 211
220 149 80 236 255 112 90 170 95 17 229 26 79 127 40 245 247 151 190 224 63 11 59 247 155 251 202 95 182 205 45 39
23 88 235 206 38 50 238 82 85 194 223 230 121 234 183 236 126 239 62 142 133 145 47 234 18 47 250 128 191 255 121 29
88 4 214 237 41 10 254 40 189 174 182 41 207 59 7 83 246 213 253 162 104 227 73 206 243 251 111 147 66 116 111 3
93 178 190 165 173 15 121 176 127 188 182 7 223 57 82 66 245 196 127 61 172 241 217 204 223 251 231 20 234 236 81 67
80 50 252 165 44 11 89 56 239 244 146 105 215 123 2 82 111 197 127 161 168 225 207 92 218 178 103 150 4 160 36 3
66 48 182 156 111 223 176 72 255 244 210 11 238 248 54 230 251 229 255 1 132 227 155 213 157 50 79 27 85 44 61 199
188 212 209 233 158 243 75 222 23 19 212 242 219 215 233 236 95 216 150 248 59 38 127 147 235 197 175 108 183 217 180 176
37 231 133 207 188 63 207 248 223 254 157 108 209 226 219 38 217 78 126 110 235 99 239 187 172 158 231 188 158 251 210 229
118 155 92 76 122 34 153 58 107 25 121 102 88 123 164 83 102 149 36 224 151 58 15 85 94 170 227 206 125 161 105 19
109 239 213 207 252 43 231 248 218 186 188 104 255 249 217 35 151 110 126 110 225 99 235 191 60 190 101 188 204 251 211 161
43 176 253 253 109 31 249 216 223 216 244 76 250 254 220 114 221 93 127 12 139 99 251 209 207 251 239 190 93 40 115 243
98 160 134 158 73 198 184 200 191 148 192 1 236 254 110 214 221 255 251 129 6 67 219 241 157 50 207 191 16 36 47 134
210 175 22 190 63 147 190 232 191 128 218 199 236 234 38 197 247 239 239 231 100 199 139 255 184 118 143 155 28 46 41 5
75 50 254 165 34 24 121 16 45 236 246 231 205 15 214 86 38 197 255 141 128 208 165 192 214 251 171 128 46 164 39 113
88 20 254 229 53 94 93 48 61 174 182 35 223 63 6 115 246 213 253 160 168 241 225 140 243 251 103 147 231 244 109 51
94 178 255 229 186 11 125 248 63 178 242 239 223 111 209 26 63 213 255 180 169 209 173 200 222 235 239 244 175 240 7 49
124 184 57 122 184 237 91 216 171 61 189 56 255 215 72 16 135 211 221 82 26 99 250 49 251 221 37 253 194 147 134 115
168 122 168 181 244 153 188 85 146 174 84 187 173 205 83 138 94 121 151 81 230 116 196 170 230 213 191 185 166 252 31 219
115 34 238 220 109 95 248 88 223 184 246 74 74 236 244 96 255 253 126 1 141 115 239 221 159 250 199 191 117 172 124 5
103 164 246 190 252 203 191 232 95 250 240 171 125 248 126 101 255 255 182 161 174 115 207 255 124 118 207 191 157 236 57 135
158 92 248 171 27 243 90 154 23 228 156 183 47 15 99 72 103 217 143 208 46 20 125 186 239 213 9 183 182 221 12 91
27 194 240 193 50 27 93 158 95 171 30 250 222 50 237 236 183 157 28 152 139 20 109 210 170 222 53 182 190 218 9 45
19 16 222 205 79 94 176 104 189 64 246 34 92 250 36 226 254 253 254 128 5 241 179 200 151 235 202 3 57 32 105 179
95 16 214 184 51 182 58 218 143 9 223 246 76 246 170 228 247 209 158 240 151 129 24 223 154 247 11 198 190 231 41 21
86 140 134 190 157 199 86 232 159 178 194 11 238 250 41 199 209 247 255 35 44 195 219 255 185 118 207 31 148 124 60 6
106 162 229 205 109 15 105 152 63 188 246 204 201 39 212 214 87 204 127 12 130 80 235 209 207 250 167 180 22 164 86 225
34 184 176 153 207 233 176 67 159 117 17 155 140 220 118 140 143 59 211 21 22 120 218 209 15 16 27 239 215 12 151 215
46 56 150 154 237 253 176 66 223 155 81 80 172 250 101 206 201 123 250 17 22 109 210 224 15 18 90 107 146 109 29 135
254 110 86 174 237 59 126 232 191 190 243 255 79 235 175 223 255 205 239 230 108 231 139 250 178 243 71 191 103 255 111 133
207 73 210 168 239 81 190 219 143 210 92 163 13 207 119 203 38 105 183 254 86 97 134 208 118 89 47 239 191 253 169 193
85 174 175 255 188 143 207 248 223 186 210 70 255 233 184 99 221 231 127 175 169 225 75 255 249 255 239 148 152 232 113 33
253 101 217 238 154 11 79 248 51 162 252 10 95 99 153 240 127 205 124 234 105 83 237 254 250 239 167 188 51 243 98 32
37 166 253 85 190 27 239 248 95 178 246 230 219 104 156 101 63 68 126 46 161 241 109 223 46 158 103 148 223 232 81 165
90 48 116 229 37 30 120 16 45 232 150 163 223 31 146 230 230 213 253 133 140 193 229 192 211 251 235 131 38 132 45 115
90 48 222 228 34 94 120 16 45 164 182 169 223 55 2 82 166 213 253 128 12 67 145 192 211 251 99 147 34 160 47 83
90 0 150 173 15 94 92 104 189 38 210 3 207 255 34 194 242 213 253 161 44 193 211 204 147 243 202 147 38 44 61 6
125 176 146 244 201 15 92 248 59 242 228 8 223 243 64 50 153 221 127 24 11 115 219 130 223 221 71 60 202 240 107 146
36 160 193 251 220 109 224 204 95 49 240 26 208 217 92 24 217 203 114 153 27 114 219 241 29 152 151 108 209 89 242 162
17 140 66 159 84 133 234 236 86 1 218 82 241 226 56 68 121 234 42 140 43 186 95 255 172 174 154 64 61 138 241 140
27 34 111 229 42 26 249 80 45 236 246 231 221 143 214 82 238 197 127 141 129 209 165 192 214 249 171 128 46 132 99 241
98 160 134 159 73 195 184 200 191 148 192 1 236 250 108 214 217 255 251 129 6 67 219 241 29 50 207 63 16 36 47 134
3 162 83 155 126 129 170 216 30 192 208 230 253 206 248 224 127 203 55 140 163 210 79 255 60 142 175 172 61 136 33 177
101 231 245 207 188 27 239 248 255 166 188 232 222 225 221 38 63 108 126 110 225 97 237 254 252 190 37 180 214 251 211 165
49 6 239 255 94 2 239 248 116 130 242 230 115 233 185 97 123 238 110 175 233 243 111 175 240 175 231 128 109 248 112 160
16 14 222 191 22 130 106 102 53 128 246 194 109 227 176 65 122 239 46 140 36 217 7 239 246 175 254 1 37 160 41 8
70 168 150 159 205 223 180 232 158 183 194 11 236 248 110 198 241 127 235 1 38 83 219 253 29 50 207 63 144 108 29 134
230 10 180 158 203 76 156 1 139 63 49 159 236 238 102 95 205 119 235 5 48 79 218 208 23 50 91 187 210 45 141 210
66 160 182 158 79 223 176 232 255 180 210 11 236 248 116 198 251 255 235 1 4 227 155 253 29 50 79 27 68 44 45 134
38 160 241 219 236 77 232 200 95 177 176 10 152 217 93 56 251 203 87 153 139 114 219 241 31 24 135 124 213 136 82 162
26 126 197 225 186 243 28 151 135 226 158 231 141 31 197 204 79 189 223 145 203 141 85 218 170 86 159 183 191 220 60 125
43 50 125 77 104 27 233 88 127 232 246 228 217 207 148 116 126 221 127 140 129 242 239 208 86 251 163 128 79 128 99 177
102 168 148 158 205 213 84 232 159 183 192 11 236 250 108 214 217 255 235 1 38 67 219 253 31 50 207 63 146 108 62 134
125 219 200 78 90 18 142 248 66 232 252 238 113 226 175 240 126 236 164 234 205 19 190 189 120 173 175 189 61 178 235 145
221 80 103 34 246 75 167 248 244 192 151 238 95 76 187 172 63 241 254 119 253 167 61 254 248 7 47 204 239 191 185 113
41 50 112 201 125 31 251 88 95 168 116 78 153 217 212 164 127 152 23 8 131 114 123 223 95 221 167 172 127 140 80 165
35 34 110 237 104 27 249 88 63 236 246 231 201 143 214 80 254 221 255 140 137 242 239 216 86 251 171 160 79 132 99 213
16 31 123 66 230 217 114 240 13 236 126 231 3 181 231 4 38 106 54 118 213 56 55 184 10 216 101 171 254 175 69 255
105 50 253 253 46 11 217 24 127 248 242 110 255 251 196 98 223 253 127 9 139 226 239 209 206 251 111 190 124 168 65 33
51 189 203 167 242 200 62 231 3 201 92 226 39 247 232 164 94 127 20 80 95 154 192 161 174 244 172 163 167 222 138 189
23 92 220 136 27 151 26 222 143 194 148 230 12 30 231 236 103 241 159 220 143 143 53 218 186 220 159 150 191 188 41 29
86 6 222 164 170 10 124 96 173 166 178 163 207 43 3 91 230 213 237 163 108 193 131 204 178 242 79 147 36 240 47 3
83 162 207 229 106 10 105 216 63 176 242 231 89 175 212 114 127 213 127 140 137 209 141 200 222 235 239 164 45 160 3 177
53 172 197 219 158 139 110 248 86 163 90 194 211 225 249 236 123 238 54 190 187 248 95 191 236 206 183 100 191 250 208 160
84 249 189 242 184 205 91 152 186 188 184 105 215 215 73 18 151 223 125 82 26 67 219 49 251 215 39 252 128 179 7 51
211 6 6 156 95 150 190 104 189 130 218 199 108 234 54 193 254 229 255 167 228 199 13 223 176 54 143 131 12 38 41 4
13 81 234 205 244 20 239 29 68 201 94 166 217 236 254 96 126 44 54 253 149 176 231 192 110 45 175 200 133 186 240 245
90 32 246 246 111 134 248 104 191 148 242 3 109 239 116 214 255 245 255 129 140 243 155 237 159 250 207 139 39 164 45 134
11 47 246 136 239 81 188 111 13 246 92 163 13 175 247 199 102 175 151 189 212 75 167 200 62 89 207 175 183 238 169 205
90 48 118 252 111 150 248 88 191 132 210 131 237 223 52 198 254 245 255 133 140 227 159 204 151 251 139 139 39 132 45 215
25 99 99 33 52 143 235 120 101 192 218 199 211 201 144 164 126 236 95 239 200 176 93 157 236 220 7 128 111 142 115 240
90 0 246 253 111 150 248 72 159 144 242 3 237 255 52 198 255 253 191 129 140 195 219 221 151 250 207 139 55 172 121 134
90 62 255 207 114 142 63 112 61 234 254 231 92 119 132 80 246 253 255 162 161 211 185 238 246 175 111 130 45 226 39 179
234 137 46 208 237 191 89 179 157 53 6 159 142 141 50 77 67 4 187 60 48 94 114 148 223 115 201 119 54 140 220 114
66 92 148 199 126 175 186 148 142 49 27 166 236 191 105 70 231 55 187 145 1 17 25 240 36 16 143 162 156 90 1 153
26 121 209 213 7 211 21 21 23 224 134 166 175 23 193 172 78 188 157 216 75 220 113 200 131 213 157 179 46 156 28 126
88 16 244 229 39 94 120 48 41 140 182 35 223 63 2 82 230 213 253 33 136 225 225 200 219 251 111 147 38 164 5 83
83 34 239 173 38 2 233 88 127 192 210 231 217 47 150 98 126 205 127 141 141 208 229 204 214 123 238 128 45 164 113 241
89 48 254 229 39 74 249 80 109 224 246 34 221 155 2 98 226 213 127 129 133 209 145 192 214 251 170 2 47 32 105 19
107 118 55 146 117 191 121 23 205 236 95 15 110 93 151 253 134 34 215 61 164 212 50 204 191 91 220 195 134 222 28 127
2 168 177 154 207 249 184 67 159 127 17 187 172 220 118 142 171 59 211 17 22 111 146 241 31 16 27 251 215 77 31 215
90 32 118 229 45 26 120 16 45 128 214 131 207 31 86 214 238 213 255 141 140 209 213 192 215 249 139 131 39 132 40 87
171 177 163 22 229 92 254 121 121 202 85 85 252 253 124 167 184 74 183 15 211 248 182 225 71 121 78 138 79 108 219 247
169 114 240 215 116 155 125 85 95 234 117 118 189 136 255 172 222 44 22 28 231 246 109 218 6 222 183 160 22 158 208 173
62 216 226 243 119 223 126 225 25 93 119 175 79 126 190 221 255 249 149 181 252 250 56 236 187 223 207 199 239 126 253 215
66 160 214 220 105 218 120 200 191 148 242 9 236 255 70 214 247 253 255 128 6 67 203 209 159 242 143 191 18 164 47 135
125 80 252 232 95 118 88 158 195 29 188 10 89 59 35 123 111 148 190 248 142 3 123 220 127 233 163 77 179 189 108 67
183 49 232 159 38 120 91 216 25 93 213 167 224 247 207 111 86 74 157 110 143 193 253 169 194 56 170 179 46 223 30 223
153 41 178 189 165 124 127 218 93 70 212 19 47 255 187 111 114 202 158 110 62 233 163 235 215 249 210 17 50 237 93 110
122 29 117 255 127 105 185 140 30 112 118 171 253 60 53 233 254 87 183 209 161 120 125 253 21 251 250 179 215 93 13 249
26 116 181 223 55 157 87 89 15 139 21 234 46 93 141 172 182 58 221 18 195 133 113 239 167 86 20 146 174 143 156 61
229 231 229 207 188 43 207 252 223 178 185 232 211 224 221 102 83 78 110 110 226 97 239 191 172 30 231 188 212 251 214 164
21 90 248 194 32 151 95 85 87 237 151 36 10 131 242 104 198 172 46 142 204 131 109 208 98 29 53 179 146 186 236 93
119 197 105 198 236 67 79 248 69 230 222 46 83 97 251 101 121 204 54 238 201 50 109 188 250 10 229 172 54 250 208 116
255 231 7 174 172 23 78 248 53 234 250 206 203 234 189 215 254 197 126 239 237 199 239 238 186 250 239 188 63 255 32 85
206 56 148 158 239 60 180 75 155 155 49 63 172 248 103 143 231 27 251 17 22 111 146 224 31 80 94 59 154 124 143 159
11 188 99 49 225 121 100 243 55 110 72 97 9 190 99 248 241 10 150 132 198 152 36 211 6 94 215 167 182 228 246 207
203 194 240 198 51 91 91 157 95 237 183 124 110 138 255 244 183 133 206 184 163 21 45 218 190 221 52 183 150 158 13 109
242 51 163 164 181 78 91 73 153 207 145 191 174 220 63 7 182 219 221 53 246 205 160 202 179 80 158 155 132 13 151 95
38 124 125 161 185 249 89 134 143 228 158 143 47 206 103 91 199 177 223 181 14 5 113 220 255 149 141 243 148 222 4 90
41 108 193 217 189 211 200 222 151 226 148 130 137 141 241 236 75 184 159 152 43 190 100 158 175 223 159 180 182 152 92 188
11 118 47 163 93 255 113 87 205 204 29 7 174 141 83 131 164 32 223 21 196 225 50 140 239 81 148 99 166 222 20 123
21 75 250 217 160 23 93 219 127 92 244 32 30 215 231 124 54 8 54 92 199 209 35 208 234 217 101 132 146 176 232 101
1 176 215 221 126 74 225 248 127 240 118 34 236 250 144 228 123 109 110 41 161 240 239 221 156 58 103 6 111 160 99 181
42 32 116 237 109 27 248 88 111 160 244 139 203 95 212 182 238 221 255 137 142 114 207 209 23 217 135 187 119 140 70 199
73 48 121 96 33 92 89 16 105 108 54 44 159 31 150 180 134 149 253 8 137 96 177 192 195 249 33 179 102 132 70 115
31 9 226 206 182 178 238 82 86 192 222 198 121 234 183 224 126 239 62 207 141 155 38 235 50 109 170 136 191 247 121 93
98 50 231 197 109 15 105 80 127 188 246 79 206 187 84 214 241 196 127 28 128 241 251 200 159 250 199 54 2 172 86 99
18 32 102 237 15 3 184 72 255 160 242 131 201 206 52 64 254 221 255 129 140 243 207 208 148 250 139 130 101 12 33 134
66 172 150 157 124 139 106 226 191 160 82 2 236 226 48 80 227 239 63 129 32 219 139 255 188 54 223 136 4 40 33 136
98 32 22 156 105 215 184 72 175 132 210 11 204 222 102 214 232 253 255 129 14 195 219 209 149 48 139 59 16 12 45 134
67 34 111 229 110 10 105 80 45 224 246 231 221 15 148 82 110 205 127 141 129 208 229 192 214 249 171 128 47 132 115 241
98 58 160 144 237 245 184 75 187 55 144 25 172 190 87 142 173 27 243 145 22 111 178 209 29 16 218 107 198 68 63 214
106 48 121 64 101 93 121 16 107 236 182 40 158 31 214 54 174 213 255 8 128 96 224 192 87 249 33 179 71 132 70 103
105 56 121 229 109 205 249 82 105 96 244 10 26 29 20 52 238 189 247 136 137 122 240 192 87 249 1 32 75 136 70 178
66 32 150 156 79 215 176 72 191 148 210 11 236 248 100 198 251 253 235 129 6 227 155 209 157 50 79 27 64 44 45 134
33 32 120 201 109 31 250 88 95 164 244 10 75 201 84 36 253 136 114 28 134 114 251 219 95 223 133 44 119 136 114 164
1 34 255 93 108 27 233 88 127 168 246 230 219 235 148 96 127 236 126 140 137 243 239 221 94 186 231 132 109 168 98 165
106 86 103 192 113 249 121 22 141 253 62 170 40 30 247 125 229 176 255 144 133 145 33 220 95 92 184 179 134 204 84 127
36 160 149 219 221 203 160 200 94 177 240 90 214 208 104 172 249 74 106 56 59 115 219 245 157 146 151 126 209 89 211 162
107 22 34 80 177 220 248 3 201 253 119 172 170 204 255 255 212 191 180 53 159 218 164 200 138 249 222 171 142 12 140 93
105 184 146 228 77 15 112 218 251 176 164 8 158 251 64 182 233 221 123 24 8 107 218 208 223 219 69 62 67 40 74 130
125 219 98 46 246 135 207 252 66 236 252 238 113 200 191 116 126 237 4 239 223 58 172 189 120 172 175 236 61 174 96 221
230 26 167 156 105 93 184 73 139 126 176 187 172 254 103 207 172 247 255 209 50 111 146 241 31 48 218 187 210 45 7 95
17 140 6 187 221 135 234 236 87 17 194 82 225 226 56 196 121 202 42 140 58 251 91 255 188 174 155 64 57 8 248 140
108 160 144 124 205 13 68 202 251 179 164 8 202 243 73 158 217 236 106 24 10 99 218 145 159 218 69 63 194 120 74 130
83 61 95 231 114 14 190 112 60 162 254 226 221 247 128 112 118 253 127 234 225 145 157 238 126 174 47 128 45 242 35 177
3 162 66 153 126 147 234 216 30 128 208 198 249 194 176 96 127 169 62 172 175 211 79 223 156 46 175 172 61 136 41 132
82 6 222 173 42 10 124 104 173 166 242 207 206 170 1 91 230 197 111 167 108 211 195 200 244 178 79 147 40 112 43 3
38 160 241 225 237 75 232 200 79 176 176 10 154 153 84 34 235 217 95 17 11 115 219 208 31 216 143 118 197 40 83 162
82 18 252 229 102 10 120 16 41 140 182 171 207 63 4 82 230 213 253 129 136 99 193 192 222 250 79 147 38 160 39 3
83 2 239 173 110 2 233 80 125 192 210 230 221 171 148 98 126 205 127 141 137 208 229 192 214 235 234 128 45 160 113 97
57 215 97 140 114 27 162 121 0 105 253 239 113 54 162 36 126 192 22 238 133 18 44 157 118 77 163 172 63 175 240 213
111 222 102 204 116 188 234 254 233 89 124 254 72 248 190 167 239 64 247 61 151 55 166 199 30 127 234 206 207 175 122 149
68 185 153 243 56 207 91 152 174 188 179 104 215 215 73 80 151 85 125 122 3 65 219 61 233 164 47 252 128 179 7 51
27 83 98 8 37 31 76 221 111 92 116 229 11 204 247 220 54 136 181 247 207 48 47 208 2 88 229 142 127 182 124 125
62 251 226 206 178 154 78 245 13 0 92 230 127 228 188 160 62 250 151 66 223 154 44 237 186 4 172 129 47 190 182 189
42 120 238 212 53 219 88 23 143 237 150 170 169 143 166 164 14 176 223 0 79 141 32 203 67 85 176 147 6 140 28 127
41 34 205 253 108 11 105 88 127 184 246 100 219 227 144 114 95 236 127 140 137 242 203 221 206 251 231 180 30 168 114 161
27 9 227 238 246 144 235 81 86 72 220 230 57 232 183 96 126 235 22 205 159 187 166 235 50 109 170 136 191 175 120 205
127 81 254 230 95 87 251 216 199 51 151 138 93 221 58 226 126 213 183 243 131 183 63 217 83 233 171 165 119 255 249 243
127 63 99 140 246 208 239 113 89 200 93 230 25 204 182 228 126 232 23 255 211 186 164 204 60 60 174 200 47 174 241 245
35 34 237 173 120 11 233 88 63 224 242 231 217 239 148 48 127 205 127 173 169 210 207 220 220 250 239 132 109 164 99 241
53 172 197 219 158 139 110 234 86 179 234 82 83 225 216 96 121 206 42 184 58 248 79 63 44 142 133 100 181 250 208 128
159 113 112 251 167 244 25 49 27 196 213 166 221 223 91 173 94 63 181 131 217 208 243 224 206 249 206 202 175 164 59 211
119 82 72 69 118 140 235 176 33 72 214 238 113 93 155 36 62 244 85 238 143 176 244 173 118 236 168 192 111 155 26 149
98 160 148 159 77 207 176 200 159 180 224 9 236 250 76 214 217 255 235 1 6 67 219 241 29 50 207 63 16 44 127 134
155 41 251 206 135 94 95 248 127 204 246 3 106 55 55 124 114 200 159 76 54 201 49 227 219 127 210 147 34 173 116 79
106 116 239 224 121 205 95 29 143 239 191 237 121 223 111 90 223 177 223 176 235 5 48 206 123 223 189 177 150 158 196 123
211 4 7 157 28 7 174 104 188 162 210 70 196 234 52 227 248 229 122 167 229 211 29 222 180 50 203 2 12 104 57 132
74 62 54 136 255 78 188 107 137 217 144 171 12 92 60 207 166 209 223 49 210 79 18 204 185 18 94 187 6 13 149 119
55 180 235 206 50 46 91 248 1 116 93 239 83 246 191 99 126 204 21 110 143 17 188 141 210 168 169 180 45 175 22 245
186 187 106 237 36 88 89 120 17 76 212 182 15 133 210 39 62 216 245 107 217 233 179 129 211 217 96 221 39 173 118 241
138 240 149 145 107 181 188 166 175 59 144 112 140 190 68 175 199 61 251 130 4 77 218 209 5 18 219 238 18 116 35 143
195 21 150 213 127 141 184 65 143 57 147 134 236 238 109 207 231 55 251 177 34 69 154 217 53 48 203 186 158 124 33 159
98 116 102 214 117 253 121 67 201 253 127 11 104 220 191 123 182 179 183 55 230 246 54 205 23 26 212 163 7 206 212 223
58 209 246 229 119 222 120 112 11 204 118 167 111 223 246 212 190 185 183 213 204 176 50 205 223 221 139 199 103 174 124 215
10 166 226 198 127 113 186 96 137 231 93 167 104 174 246 134 111 239 147 135 180 11 172 238 30 92 154 171 135 206 45 222
66 32 214 157 79 11 120 72 63 176 210 10 76 234 32 64 251 237 123 129 0 211 203 221 29 50 207 15 20 40 41 130
154 185 233 181 135 29 95 250 29 66 144 147 158 189 94 35 254 219 255 71 251 233 247 227 211 217 222 246 45 109 22 115
175 163 242 215 228 153 252 112 93 35 117 254 172 232 190 165 222 106 22 78 214 240 230 225 6 88 224 162 71 205 217 133
1 168 215 247 238 139 235 250 126 176 114 202 243 233 208 34 123 238 126 25 0 248 207 250 92 142 119 36 229 232 83 168
75 92 84 193 251 179 28 7 143 240 158 166 172 30 167 116 79 183 191 148 133 26 117 220 62 28 158 146 159 212 41 93
42 32 116 233 109 91 248 88 111 164 244 139 203 15 84 132 238 157 255 129 140 114 219 208 23 216 131 163 119 140 78 135
67 50 102 141 108 31 185 88 175 236 214 231 220 140 150 102 238 197 255 141 133 243 231 208 22 58 171 154 31 140 49 213
18 32 38 173 77 11 232 72 191 160 210 131 204 202 52 64 250 205 127 129 136 243 203 208 149 178 139 147 117 8 57 132
42 177 235 196 36 93 123 112 157 72 151 170 187 213 190 34 156 80 223 110 219 193 48 169 211 221 161 176 6 173 86 113
90 32 118 252 111 148 248 72 175 128 210 131 205 223 52 214 238 245 255 129 140 195 211 192 151 250 139 139 39 132 41 6
238 88 116 235 237 243 88 148 67 188 190 33 201 31 103 253 206 181 183 144 12 26 120 244 207 249 214 243 151 159 76 223
49 23 107 141 118 19 239 120 84 72 218 230 81 104 180 96 126 236 22 239 205 177 45 222 116 45 163 128 61 190 112 245
247 231 69 173 252 27 78 232 93 234 248 237 203 110 157 247 221 197 127 239 237 231 205 206 182 254 239 188 28 254 114 132
34 76 110 209 252 211 232 135 207 249 94 162 161 142 183 101 75 48 158 152 165 216 101 220 46 27 191 129 150 152 92 253
73 50 125 237 110 9 121 24 111 224 246 238 223 91 144 98 110 213 127 9 129 98 207 208 214 251 43 152 110 136 64 33
36 172 140 251 221 203 130 232 214 53 232 27 226 233 108 0 89 250 106 145 58 107 75 63 61 134 133 125 209 10 244 130
81 2 239 229 102 10 233 80 125 224 210 230 221 171 144 98 126 197 127 141 129 241 165 204 212 234 234 128 45 168 113 33
117 38 207 253 150 10 111 120 118 226 210 230 83 97 145 97 123 236 126 174 169 242 205 142 252 175 231 132 173 248 112 160
67 34 127 225 102 8 121 80 45 64 214 231 221 15 148 112 102 133 127 141 129 210 133 192 214 249 170 128 47 132 33 241
194 16 190 156 75 213 184 71 235 95 20 31 172 158 118 63 175 49 251 21 182 79 178 209 21 50 218 187 16 4 47 223
98 160 150 156 77 221 176 200 159 148 192 11 236 250 102 198 249 253 235 129 6 67 219 209 157 50 207 63 16 44 47 134
212 48 29 229 56 78 17 56 180 186 131 17 215 23 8 83 132 85 125 98 41 197 217 14 193 162 107 20 32 33 7 51
98 160 150 156 77 199 176 200 159 148 240 11 236 250 102 198 217 253 235 129 6 99 219 209 29 50 143 63 81 44 47 134
33 34 221 221 110 11 105 24 127 176 246 230 219 99 148 114 127 204 126 12 129 242 239 221 206 186 231 148 125 168 82 161
97 34 111 237 108 11 233 88 127 232 242 238 219 200 148 112 126 205 127 141 137 242 239 208 214 58 163 168 109 136 112 161
65 34 127 237 108 27 233 88 255 232 242 238 219 202 148 96 126 205 126 141 137 243 239 208 214 250 163 152 77 136 96 165
45 185 102 236 101 126 121 122 41 92 86 170 27 29 147 167 46 152 215 108 129 193 181 137 87 249 233 141 6 173 92 113
84 205 151 254 148 134 102 236 118 130 234 2 115 227 33 209 121 238 42 234 104 219 155 46 185 166 199 0 33 114 96 40
53 174 201 223 222 139 98 202 86 160 104 66 243 224 208 64 121 238 34 152 42 250 207 63 44 142 135 100 245 234 80 136
61 249 107 46 126 22 79 248 70 200 212 230 115 221 187 32 94 192 23 239 201 35 124 61 122 45 165 188 127 190 112 121
170 186 229 228 109 207 121 16 143 194 183 255 91 31 4 150 142 177 223 196 219 206 115 195 71 223 176 158 46 174 84 115
63 227 97 46 246 151 207 248 71 192 124 206 115 196 254 116 94 202 22 255 219 50 124 189 120 204 173 236 127 190 240 213
19 34 207 229 60 11 233 120 63 224 242 230 223 235 144 96 127 205 127 173 169 240 207 220 220 251 239 148 109 168 113 161
39 175 66 74 246 147 235 216 3 13 124 238 96 200 254 52 94 234 22 252 134 178 108 255 62 28 133 238 127 142 122 133
25 177 253 232 103 215 121 148 239 108 182 142 29 78 159 50 182 145 223 205 199 131 53 209 87 253 41 133 47 132 109 117
95 81 104 193 47 84 89 89 41 204 93 134 127 95 223 161 126 153 181 188 201 18 247 220 179 201 175 236 175 134 42 245
43 51 243 196 103 87 88 88 77 72 183 238 8 158 246 188 126 145 223 234 205 131 53 193 19 89 160 146 15 175 76 119
123 18 162 224 37 93 249 87 11 93 182 31 44 143 82 174 164 17 247 25 135 77 179 193 83 89 152 155 130 140 95 255
19 176 116 208 47 213 144 98 235 93 148 63 142 28 214 247 166 145 253 21 150 75 50 213 155 88 90 251 15 12 127 87
226 58 178 208 109 245 184 67 171 127 144 27 140 156 117 158 205 27 243 17 22 111 146 209 23 82 218 251 215 68 63 223
19 23 107 173 118 2 239 120 84 64 90 230 81 106 176 96 126 236 23 239 197 177 37 206 116 46 170 128 61 190 113 241
98 50 113 193 103 24 249 16 105 44 182 104 143 31 148 52 174 149 255 0 128 98 224 192 215 248 3 163 71 132 71 167
218 248 144 152 111 157 216 204 139 63 180 59 174 154 103 159 175 209 239 21 86 111 138 241 155 81 90 127 86 13 47 15
114 0 84 237 109 75 248 72 15 160 240 11 202 218 84 198 234 205 255 129 14 115 203 209 151 248 139 187 53 12 120 134
33 40 66 153 94 131 234 72 94 160 208 130 209 194 176 96 123 172 58 140 46 242 79 223 188 14 143 36 53 136 113 132
105 40 122 216 109 221 249 87 235 32 244 10 58 155 20 180 232 190 119 8 8 123 242 240 87 249 144 58 67 136 106 170
0 40 211 255 78 141 232 82 254 160 114 74 245 233 80 0 123 239 106 24 2 248 223 243 29 174 87 40 101 136 67 168
211 37 95 239 82 134 174 96 188 130 234 194 125 243 32 112 126 255 123 238 33 147 157 110 253 174 143 0 45 226 35 160
82 34 214 229 110 8 120 64 41 164 242 239 78 171 68 82 238 213 127 128 0 115 193 192 222 186 79 130 37 160 99 3
34 32 241 225 109 73 232 72 111 176 176 10 11 153 84 178 235 221 95 129 10 115 203 209 31 216 135 63 69 8 83 162
21 128 134 155 221 135 96 232 86 17 194 66 226 226 40 192 249 202 42 188 46 227 91 245 156 162 215 92 152 8 120 140
118 184 231 192 37 125 249 202 125 95 254 11 10 156 62 48 254 145 255 133 158 99 55 193 19 30 131 159 199 79 116 215
104 40 154 92 77 157 112 79 251 176 228 8 10 187 68 22 201 238 106 8 10 107 210 209 95 217 21 59 67 8 106 138
82 2 222 172 74 14 108 104 189 162 242 207 76 162 0 83 126 197 111 165 0 211 131 200 156 34 239 8 137 96 35 0
32 164 104 217 92 139 234 202 94 164 240 2 195 200 116 96 217 136 51 25 174 243 111 223 127 30 135 53 85 136 116 132
51 25 99 206 180 146 207 241 87 72 216 230 49 204 183 96 126 234 22 207 223 187 36 253 50 108 170 136 61 139 112 253
90 184 148 186 137 233 16 47 191 179 161 25 174 242 64 218 129 115 233 16 54 73 219 241 153 211 95 123 128 68 143 10
63 125 99 136 246 146 238 115 193 200 92 230 57 204 182 224 126 171 23 221 215 155 36 236 62 109 174 192 63 142 250 253
51 34 109 237 110 11 233 88 63 224 242 230 223 143 148 96 126 205 127 13 129 240 205 220 212 251 171 144 45 140 83 225
170 26 34 240 97 245 184 99 137 204 54 231 44 174 103 220 166 59 183 1 132 141 178 208 27 112 218 251 2 12 15 223
246 115 254 222 125 86 122 120 255 172 247 35 104 223 63 122 250 213 223 114 150 99 41 202 123 127 146 215 51 15 117 79
58 249 98 231 119 212 254 113 5 204 126 167 41 221 247 164 126 185 151 206 202 177 176 255 55 221 163 131 103 142 124 243
82 34 22 188 42 155 56 72 175 176 146 235 204 202 196 210 231 253 255 129 134 67 143 209 156 242 15 191 4 4 43 5
10 232 226 142 95 213 186 96 139 229 212 131 40 206 62 134 110 249 147 197 132 43 164 236 63 92 138 235 23 31 61 214
98 160 148 157 77 223 176 200 159 180 240 11 236 250 70 214 249 253 235 1 6 67 219 209 29 50 143 63 17 44 127 134
67 48 103 137 108 29 248 88 175 104 210 239 220 142 182 100 238 133 127 141 133 243 231 208 150 56 139 154 31 140 113 213
197 103 87 197 254 11 238 232 124 162 234 202 215 97 149 71 54 108 106 110 225 245 205 78 60 46 71 20 108 250 65 160
226 58 178 144 237 245 184 71 139 95 144 63 44 156 102 159 207 59 243 17 22 111 146 240 29 18 90 251 215 76 191 223
3 34 127 225 102 10 233 16 45 96 242 230 221 11 148 96 110 141 127 141 129 208 197 192 212 249 170 128 44 128 97 161
194 184 60 152 109 213 184 67 158 95 20 61 172 158 102 107 205 49 251 129 182 79 242 209 7 26 218 235 16 4 15 223
98 160 150 156 73 215 176 200 175 180 192 11 236 250 102 214 233 125 235 1 6 67 219 209 157 50 143 63 16 44 47 134
98 160 150 157 77 223 144 200 143 180 192 11 236 250 102 198 233 125 235 1 6 67 219 209 157 50 15 63 80 44 47 134
216 4 156 181 169 108 21 39 164 183 134 17 255 55 2 91 129 87 237 1 40 69 211 0 193 227 126 17 128 112 141 122
97 34 109 237 108 11 233 88 127 160 242 238 211 201 148 114 126 204 126 141 137 243 239 208 212 250 163 152 109 136 112 161
97 34 109 233 108 11 233 88 127 104 242 238 219 139 148 112 126 141 127 141 137 242 231 208 214 249 163 168 77 136 114 161
65 4 14 188 76 7 164 104 254 178 194 2 212 226 48 99 120 228 106 47 40 195 223 93 180 34 203 28 16 104 49 0
36 140 149 158 153 193 6 238 150 19 232 24 230 240 40 192 217 114 106 2 58 107 91 63 169 166 85 123 208 75 128 42
17 34 79 229 110 11 233 88 63 224 242 230 223 139 144 96 126 204 127 141 137 240 207 220 212 234 171 144 109 136 81 161
176 141 151 191 94 194 70 232 86 128 202 66 115 227 40 64 121 238 42 234 106 211 75 63 185 166 135 4 49 122 112 160
194 50 180 152 111 245 185 71 155 95 16 63 172 158 102 15 167 49 251 21 166 79 178 209 21 50 218 235 20 4 167 223
250 225 150 152 107 17 216 72 171 28 177 63 14 138 102 159 238 129 255 193 110 111 130 208 146 80 218 255 91 4 43 31
219 48 48 192 33 92 217 16 9 77 55 62 143 31 214 174 164 29 221 12 143 14 176 193 147 217 152 191 6 140 93 117
82 34 214 165 78 12 232 64 41 128 242 207 92 171 20 82 238 205 127 133 0 211 193 192 148 186 202 136 45 32 99 128
17 71 107 237 22 2 239 120 100 192 218 198 81 105 176 96 126 236 22 239 201 179 5 204 244 44 166 128 61 186 112 160
48 172 198 159 92 139 226 234 86 160 226 66 99 224 112 64 121 238 106 152 42 251 207 63 60 134 151 32 113 8 112 136
103 162 221 241 236 9 104 136 175 177 176 200 213 235 221 26 235 205 127 157 18 67 203 81 220 154 175 252 132 240 83 128
36 172 148 56 221 205 130 202 158 177 160 25 162 249 108 8 217 122 106 16 42 107 218 51 45 150 21 127 208 72 214 138
0 168 214 223 92 137 226 200 126 161 98 66 243 225 80 0 121 238 106 8 34 248 219 119 28 166 23 32 97 8 115 136
82 168 148 188 169 233 16 15 175 49 162 57 174 242 64 218 129 179 236 16 30 75 203 213 153 242 91 123 130 68 143 14
20 162 215 129 222 11 160 200 126 176 242 202 198 130 96 132 123 220 106 16 2 241 141 216 156 130 7 102 193 40 3 164
185 49 107 100 119 87 121 89 101 76 182 143 27 95 186 116 62 145 223 173 201 163 53 200 83 201 161 132 103 164 100 115
34 34 115 197 102 9 248 64 105 160 240 234 140 11 84 18 238 221 119 129 128 242 193 192 20 184 11 162 69 128 103 161
33 40 67 155 92 139 234 72 94 160 210 194 241 202 48 64 122 172 42 141 32 242 77 254 180 14 139 0 53 136 113 128
34 40 122 216 77 221 240 71 235 1 244 26 42 153 52 52 232 186 87 8 10 123 242 241 87 249 18 59 67 8 234 174
145 4 87 205 82 2 238 104 60 128 234 130 249 227 48 113 122 253 123 174 96 211 21 79 117 174 143 0 37 162 35 160
17 128 6 191 13 3 96 232 95 48 194 2 230 226 40 196 249 206 106 160 14 227 91 253 156 178 207 92 24 40 120 6
65 32 142 173 72 10 108 104 62 162 226 203 84 227 32 82 120 205 106 141 0 211 195 64 156 34 207 8 9 96 35 128
39 175 194 90 247 145 234 200 91 105 120 239 40 200 254 148 127 234 130 220 135 58 140 255 62 28 133 234 223 142 250 221
32 40 43 249 93 207 232 78 95 160 240 10 131 136 116 96 249 168 123 137 10 251 83 223 221 30 159 61 85 8 116 170
47 175 66 11 246 145 170 252 7 73 124 231 40 236 254 164 127 106 147 223 215 186 12 255 62 28 175 236 255 142 250 157
96 40 154 92 77 141 240 71 255 181 228 24 46 153 100 18 201 170 106 0 10 107 210 209 95 216 20 59 67 8 238 138
198 35 151 152 109 213 184 97 171 185 145 90 140 158 100 207 238 165 251 209 213 75 130 208 23 48 218 251 22 12 59 5
78 48 54 148 109 77 185 64 141 61 146 6 172 222 124 79 238 145 251 177 146 105 147 192 29 48 202 250 143 12 49 183
53 88 107 78 84 150 203 248 68 192 245 198 113 199 185 52 126 232 22 238 201 178 60 45 112 141 163 136 125 187 114 240
67 32 103 137 108 9 232 72 239 96 210 203 220 152 180 228 238 133 127 141 129 227 199 208 148 56 139 186 5 140 113 164
117 38 207 253 158 10 111 120 118 226 242 230 83 225 144 97 127 236 110 172 169 243 205 14 252 174 231 132 173 232 112 160
63 112 97 205 111 29 88 120 9 96 180 138 58 31 149 181 126 157 223 238 137 33 244 204 23 121 192 242 55 141 88 37
212 20 157 245 8 78 21 56 164 182 135 16 215 55 9 91 1 85 125 34 104 197 251 12 201 163 127 20 32 97 5 98
98 186 118 192 101 91 120 114 13 220 182 171 10 159 230 93 238 153 223 96 142 233 34 193 23 216 209 191 38 173 70 215
115 32 98 169 108 29 248 64 45 96 178 239 143 142 148 212 238 149 255 133 141 3 197 192 150 248 138 186 13 140 59 149
114 32 84 233 109 15 248 72 15 32 242 11 206 138 20 196 234 157 255 129 12 115 211 208 151 248 139 179 53 12 121 134
1 128 21 137 94 11 32 200 126 176 226 2 198 162 32 192 123 204 106 48 38 240 79 221 156 34 199 20 48 8 17 132
32 168 30 216 205 205 208 71 251 21 224 25 166 155 100 16 201 171 106 0 18 107 210 209 215 152 18 123 64 8 231 138
96 140 150 188 221 133 6 234 214 18 232 8 230 240 40 208 217 234 106 0 42 107 218 63 185 182 71 123 144 40 56 10
32 40 7 248 93 207 224 71 223 129 240 26 166 137 48 64 201 170 107 1 8 235 82 220 145 146 146 57 80 8 244 170
64 32 2 189 74 139 104 72 62 160 194 11 197 194 80 80 123 237 106 133 2 83 223 81 156 34 143 44 41 0 35 128
198 168 150 182 137 232 16 143 175 183 130 25 238 250 74 91 129 119 233 17 54 77 155 224 153 50 95 95 128 68 143 14
18 48 150 184 175 173 152 71 143 31 144 59 140 158 102 138 239 59 255 17 22 111 210 208 153 80 90 251 144 76 141 223
49 6 207 237 118 11 107 120 118 224 242 230 211 33 144 97 126 204 62 172 169 240 237 30 244 175 227 128 109 168 112 161
226 48 180 152 109 253 184 71 139 91 144 191 172 158 102 143 175 147 255 145 182 111 146 193 147 18 90 187 215 76 15 223
2 184 178 186 237 229 152 71 143 31 144 59 172 190 102 10 239 59 223 145 22 75 146 209 153 16 158 251 148 76 189 159
130 184 186 154 201 245 184 71 154 95 81 27 172 158 102 11 205 59 179 145 182 94 178 243 5 18 218 107 144 76 175 223
115 32 66 168 108 9 104 72 175 32 242 139 143 138 20 80 234 133 127 133 12 83 199 208 148 184 139 56 13 8 59 132
98 16 244 192 45 221 184 67 237 109 180 41 140 30 86 38 238 49 223 17 134 45 112 192 147 24 154 187 86 12 69 215
2 34 83 225 102 9 232 64 109 32 242 194 141 10 20 0 238 157 95 129 128 242 193 192 20 184 11 32 69 136 99 160
17 69 111 237 22 2 239 120 100 64 218 198 81 107 176 96 122 236 22 239 201 179 5 204 244 173 162 128 61 186 112 160
17 2 79 237 110 10 233 80 124 96 242 230 217 11 144 96 126 204 126 141 129 240 197 192 212 171 170 128 45 136 113 161
32 40 82 219 76 137 232 72 254 0 240 66 229 200 60 0 122 171 66 137 2 243 206 241 20 136 139 40 117 8 115 128
113 34 207 237 86 10 107 56 118 224 242 230 211 97 144 112 126 204 126 172 169 242 237 14 220 175 231 128 45 168 112 161
32 168 198 191 92 139 226 200 118 49 96 66 243 225 8 80 121 238 98 8 34 248 207 63 60 166 151 36 113 8 114 136
34 56 178 146 237 245 184 71 139 95 176 63 172 190 102 142 207 59 251 17 22 111 146 193 29 18 90 251 213 76 175 223
3 34 95 225 102 10 233 80 109 64 242 230 221 11 144 96 110 141 127 141 129 208 197 192 212 249 170 128 45 128 97 161
81 4 78 205 94 2 238 104 116 130 226 2 241 98 48 81 120 205 106 170 32 243 95 79 60 174 207 0 33 32 97 128
32 44 66 191 92 139 234 64 94 160 226 2 225 194 48 64 120 174 42 137 32 178 79 255 180 166 139 0 53 8 113 128
64 160 135 157 12 203 160 200 254 176 194 2 224 224 116 66 121 236 106 129 6 227 207 89 28 34 207 29 17 40 113 132
65 4 150 189 76 139 164 104 246 178 194 10 244 224 32 67 89 236 106 41 32 243 207 29 148 34 75 24 16 104 57 128
39 201 67 74 212 151 238 253 71 72 121 206 112 192 188 164 92 202 22 254 219 58 60 253 62 8 165 236 127 159 240 188
33 34 205 237 124 11 105 88 119 240 242 230 211 97 144 112 127 204 126 44 169 240 207 157 220 170 231 180 109 168 82 161
17 38 111 125 62 11 235 120 118 224 246 226 83 233 144 97 123 236 126 45 169 240 109 31 252 175 103 132 109 168 112 128
39 174 226 26 247 145 170 206 91 209 112 239 40 200 246 132 255 107 146 149 134 122 14 247 62 28 157 235 223 140 250 221
116 36 197 165 140 11 100 168 238 178 162 74 195 34 1 91 105 196 110 170 104 227 207 72 188 162 199 20 225 120 66 0
35 139 98 138 214 147 174 229 69 1 89 231 40 104 182 196 126 235 130 213 214 186 12 253 62 28 142 195 223 158 248 156
34 174 234 154 223 241 188 199 158 87 80 191 40 236 118 140 239 107 131 149 54 122 142 243 30 20 158 235 213 76 191 206
97 34 77 237 108 11 233 88 127 160 242 238 211 201 208 112 94 204 110 140 137 242 239 208 196 187 163 160 109 136 83 161
50 32 22 156 77 221 144 72 175 180 224 11 206 218 102 214 233 245 239 1 14 67 218 209 149 48 139 63 80 12 47 134
194 24 52 152 109 245 185 71 139 95 144 57 172 158 118 15 207 51 251 145 182 79 178 209 21 26 218 251 22 4 133 223
243 33 6 136 45 149 152 72 137 16 177 11 14 202 126 215 238 161 253 241 28 67 210 208 146 80 202 123 23 14 59 6
245 102 201 69 12 43 66 24 64 162 187 204 211 97 217 58 24 196 108 110 169 246 205 10 132 142 229 52 109 251 82 32
198 168 148 150 137 232 48 142 171 183 130 25 236 242 64 222 129 119 233 17 54 77 155 97 153 50 95 127 128 68 143 14
245 65 70 76 12 11 70 232 100 160 226 74 83 65 145 53 120 228 104 110 104 183 77 12 176 170 229 20 105 187 114 32
96 172 148 156 89 143 0 238 222 17 224 8 166 242 32 81 201 110 106 0 46 107 211 63 189 54 23 63 24 8 42 142
64 160 149 60 201 233 48 75 186 49 161 25 172 242 64 26 129 59 234 17 18 75 194 81 157 18 91 123 192 64 135 138
48 44 7 159 92 139 226 104 118 32 226 2 227 224 40 64 120 238 42 136 42 243 79 63 180 166 131 0 49 8 112 128
25 38 239 125 86 11 235 120 118 224 246 226 211 97 144 96 123 236 126 172 169 240 111 31 252 239 231 132 101 168 112 160
9 2 111 237 108 11 105 88 126 96 214 230 219 131 144 96 126 204 127 140 129 240 229 204 212 235 163 128 45 136 113 240
64 44 134 156 76 2 228 106 244 146 226 66 192 226 32 83 104 228 106 168 40 251 211 109 61 34 199 8 1 96 96 130
64 0 150 157 78 11 160 104 118 160 194 10 196 224 32 64 120 236 106 40 0 243 207 29 148 34 67 9 48 40 41 128
48 160 82 155 78 137 224 200 126 16 224 10 225 194 104 64 121 138 106 136 2 115 207 113 28 160 131 44 113 8 99 128
34 170 226 154 207 209 184 199 154 85 80 187 40 204 118 12 235 59 211 149 22 107 142 243 28 20 158 235 213 76 255 222
2 176 146 184 239 229 184 199 159 29 144 59 172 222 110 10 239 59 219 145 22 75 146 241 29 16 158 251 148 76 175 159
25 69 78 237 22 2 238 120 100 128 218 194 81 97 177 96 120 228 26 239 201 177 5 140 240 237 166 0 61 186 112 32
66 184 146 186 233 173 184 71 143 31 145 59 140 190 100 10 231 59 251 145 22 75 146 209 157 16 26 251 144 76 173 159
2 32 83 225 70 8 232 64 45 0 242 2 141 138 20 0 106 141 78 141 0 243 193 192 148 184 139 0 69 8 99 128
32 168 23 156 29 141 224 71 223 1 226 24 166 145 32 196 200 170 106 1 42 235 82 221 149 178 146 59 80 8 240 138
0 0 23 141 78 11 160 72 126 176 226 130 198 130 32 64 121 140 106 0 6 241 79 221 156 34 135 20 49 8 49 132
32 168 18 184 237 205 176 71 254 17 240 25 166 153 100 0 233 59 74 1 18 107 194 209 157 144 18 123 80 8 231 138
97 0 66 141 76 8 232 64 44 0 242 2 212 130 32 82 104 205 106 137 0 243 195 192 148 48 138 8 5 8 115 128
33 34 205 237 126 11 105 24 126 224 242 230 211 33 144 96 127 204 110 44 161 240 237 29 204 171 231 164 109 168 82 161
49 133 107 204 86 195 239 103 68 4 72 130 49 204 48 96 122 170 19 237 80 186 52 253 113 44 138 8 53 138 244 232
242 32 22 152 45 209 152 73 137 16 176 27 14 202 119 223 234 161 255 225 110 103 210 209 145 80 202 123 23 12 43 6
114 32 82 137 77 73 248 72 47 36 242 11 140 154 36 212 232 141 239 129 12 243 211 208 149 48 139 11 5 12 111 134
114 32 82 137 77 73 248 72 47 36 242 11 140 154 38 212 232 157 239 129 4 115 219 208 149 48 139 59 21 12 127 134
58 249 98 234 125 209 222 228 9 76 244 171 42 204 54 148 222 249 151 99 206 42 106 253 51 93 128 251 87 159 126 223
17 159 106 173 82 134 174 119 36 0 74 199 113 107 48 64 126 59 19 173 208 152 20 79 96 175 170 128 61 194 161 152
68 236 140 31 139 232 6 174 146 151 64 17 230 224 73 74 145 110 96 3 98 92 219 59 45 38 85 59 208 120 148 10
57 134 206 253 22 11 106 248 119 160 242 230 83 225 144 112 123 236 110 172 169 242 77 30 252 239 229 132 45 168 120 0
61 246 197 202 174 51 79 248 87 123 157 254 83 96 252 166 127 192 62 254 219 99 111 179 186 207 229 252 191 255 248 53
18 30 106 188 246 243 190 119 158 204 94 167 49 174 183 64 239 251 151 133 164 155 36 62 122 15 175 137 181 232 189 219
