11 86 254 87 49 221 181 23 61 223 255 181 238 124 174 77 167 19 191 21 166 228 59 237 106 127 116 131 206 222 197 255
203 118 251 229 118 118 255 95 121 205 93 247 253 255 222 163 254 255 247 173 161 240 180 207 126 93 175 162 175 244 167 253
139 191 125 233 238 95 255 250 47 254 116 247 221 63 214 35 47 223 191 236 241 92 111 251 230 219 255 164 62 245 1 241
191 92 122 220 127 255 251 218 95 236 252 63 78 124 183 165 254 253 151 117 167 51 56 254 127 223 47 243 223 253 79 247
47 151 118 255 237 23 254 249 29 74 253 231 249 255 190 101 255 251 151 167 244 242 106 237 103 251 239 139 23 238 244 247
159 77 238 227 182 30 255 212 63 226 222 162 91 255 247 105 127 255 191 222 217 241 45 232 254 251 175 196 167 255 117 241
33 161 113 73 212 207 231 253 71 65 124 74 48 149 188 52 88 154 18 120 211 58 116 125 111 28 4 104 119 138 214 232
33 233 121 72 84 205 71 253 71 68 124 10 51 149 180 48 88 186 2 72 195 186 116 61 127 13 36 104 115 138 214 232
155 148 237 193 166 50 237 151 53 243 86 246 25 47 214 107 111 198 55 157 189 252 245 226 78 107 214 196 175 212 240 248
110 117 52 134 237 93 158 232 137 254 189 47 204 254 111 143 207 209 223 99 196 99 250 224 63 81 207 191 86 127 143 215
189 4 238 236 199 50 76 73 85 130 230 146 91 41 61 105 122 132 19 172 56 183 21 138 115 235 194 5 247 248 248 160
78 112 182 154 237 213 188 200 143 95 181 7 140 222 111 143 239 25 251 211 198 103 186 240 31 81 223 191 150 95 173 215
185 4 98 236 102 59 92 71 117 2 230 154 27 9 53 121 126 157 19 172 56 182 69 206 243 233 130 4 103 221 226 160
224 105 2 157 76 8 164 102 172 162 226 2 164 130 65 91 104 236 106 194 96 219 195 224 180 32 222 25 1 56 35 138
0 168 3 155 92 137 162 192 54 32 218 74 163 192 32 0 121 170 106 136 2 186 77 247 60 134 131 96 113 10 80 128
14 240 190 154 237 221 184 200 143 93 181 63 140 222 111 206 239 25 255 211 134 71 186 241 87 81 218 239 146 29 45 215
244 105 130 129 77 9 164 64 46 178 162 10 6 130 97 90 104 205 78 194 72 87 193 192 148 0 207 63 65 112 99 130
68 168 66 155 204 137 224 192 190 144 240 202 179 192 64 0 121 170 106 152 2 122 206 243 28 132 23 104 197 8 99 136
6 240 190 154 237 221 185 192 175 93 181 55 140 222 110 79 239 25 255 209 134 71 178 241 31 81 154 235 214 13 173 215
208 105 2 141 77 9 164 100 172 162 194 2 134 130 97 91 104 204 106 193 72 207 129 208 180 32 203 59 1 56 51 138
148 37 7 145 220 43 228 103 52 51 250 90 131 0 33 9 105 142 74 184 120 246 69 222 180 2 215 36 225 121 209 128
54 96 146 140 77 9 108 72 47 162 224 10 134 130 97 90 232 205 78 194 72 87 195 192 149 32 207 59 81 120 99 130
80 5 6 142 29 136 160 103 172 32 235 2 228 162 32 83 104 166 106 128 8 139 193 237 181 32 154 19 1 10 51 10
196 136 71 145 76 139 224 224 172 48 242 202 145 128 96 64 104 136 106 200 0 62 79 244 28 128 195 68 37 11 113 128
16 164 2 139 93 160 162 72 190 33 203 18 228 194 40 64 121 142 106 128 58 131 203 247 149 36 138 123 144 11 33 130
112 41 22 132 77 8 236 103 173 32 234 2 46 162 4 83 232 231 110 128 72 91 129 200 181 32 202 19 97 40 99 138
164 33 5 155 94 169 160 76 52 161 243 90 227 96 9 73 120 138 106 152 42 242 79 14 28 130 198 96 241 26 112 136
35 32 114 225 100 13 248 66 45 40 242 107 140 158 180 32 238 157 87 133 132 187 129 192 23 124 26 162 85 136 115 143
16 36 2 139 89 136 162 97 188 33 235 18 228 194 40 80 104 167 74 128 56 155 129 239 181 36 154 19 1 10 163 138
4 228 199 141 92 11 230 201 46 49 251 74 195 192 8 2 121 204 74 42 90 182 205 65 52 164 3 36 97 106 195 128
50 32 114 233 124 11 248 73 15 32 224 139 7 155 52 96 254 157 19 165 8 179 65 220 150 220 138 58 117 136 115 132
148 96 130 136 201 8 164 200 174 176 194 18 132 194 97 90 233 204 106 210 10 215 203 208 157 32 143 63 144 57 177 2
116 224 2 136 77 8 224 200 63 17 226 18 132 194 104 88 249 141 74 144 26 23 203 208 157 32 143 111 193 25 35 130
80 41 7 140 76 9 164 103 172 128 202 10 132 162 32 83 232 228 106 161 72 107 195 200 181 32 203 26 0 56 51 10
192 108 207 191 78 40 96 6 124 146 98 210 177 162 209 75 105 236 106 142 32 244 199 42 132 162 242 0 164 249 113 136
210 41 147 133 77 8 172 102 44 160 162 2 134 162 32 83 104 197 110 225 72 67 193 192 181 32 207 50 1 120 99 130
0 173 193 169 212 170 98 199 110 1 250 194 145 162 208 64 106 138 74 156 18 152 197 209 188 164 162 68 180 200 241 128
116 96 6 152 73 169 128 200 190 49 128 27 198 194 41 88 249 197 106 17 26 71 203 80 149 48 139 127 144 9 33 134
80 160 18 154 73 169 162 72 63 1 227 26 70 194 40 88 249 131 106 128 26 163 219 211 144 22 154 95 129 11 35 130
1 162 197 129 70 10 96 71 118 51 98 210 145 2 208 72 107 12 106 156 50 252 199 64 140 162 178 68 225 136 193 136
210 97 130 140 73 9 164 104 174 178 130 10 132 194 97 219 232 237 106 99 72 71 203 192 144 48 207 63 16 56 33 134
17 0 71 133 70 42 96 83 108 162 98 210 147 0 144 73 104 172 42 8 8 252 69 12 148 162 242 0 109 136 80 168
118 96 146 136 73 9 132 200 191 146 224 11 6 194 101 88 249 201 74 195 10 103 202 192 148 16 143 63 129 57 35 134
145 0 67 149 70 138 96 66 116 1 114 210 145 2 144 73 106 172 42 136 32 188 197 69 148 160 178 64 109 136 97 168
114 45 22 142 73 11 4 111 172 160 170 9 166 226 32 87 232 231 106 1 72 11 194 204 177 48 202 59 16 74 35 14
1 2 75 177 84 137 96 2 108 1 98 210 179 129 144 72 104 168 106 24 3 184 69 85 132 160 178 64 236 136 80 160
82 41 18 140 73 9 164 103 172 160 168 10 6 162 32 211 232 229 106 195 72 107 128 200 177 48 206 59 0 56 35 14
1 32 67 153 100 137 224 0 236 17 114 208 151 130 208 88 66 8 106 24 3 188 70 81 132 176 178 64 92 136 65 160
1 66 197 99 180 43 110 25 116 130 106 192 243 35 145 232 82 46 6 12 161 176 69 14 164 174 52 0 172 216 208 40
129 2 74 37 52 11 98 21 116 34 99 208 211 1 144 80 83 12 14 46 97 180 77 15 196 174 32 4 108 144 208 160
114 104 146 138 25 139 4 77 174 178 160 9 166 194 97 92 201 169 106 17 72 71 202 90 177 20 31 63 144 58 163 14
242 161 19 158 137 137 4 105 190 128 161 25 230 226 108 209 216 235 106 67 124 75 138 113 145 16 75 59 16 8 163 134
118 165 22 152 89 161 130 234 174 17 168 9 70 226 44 213 217 161 106 33 28 35 154 85 153 52 75 127 80 75 35 134
118 72 18 152 25 227 130 206 143 131 168 9 6 210 37 88 201 161 106 17 12 39 146 94 185 22 31 127 145 89 42 134
131 18 119 216 110 128 184 16 169 88 48 240 156 159 244 106 134 17 63 145 134 1 34 192 2 120 122 138 20 132 1 53
103 97 81 224 108 9 206 104 201 48 177 74 142 10 92 2 206 145 95 107 66 35 200 208 52 24 139 188 93 186 3 128
47 228 193 74 221 145 230 217 91 225 121 78 104 224 253 164 89 202 146 28 147 50 142 243 62 28 133 110 223 175 218 164
50 141 82 190 93 135 214 226 159 132 248 10 106 236 36 80 216 255 135 99 104 171 26 255 185 182 135 27 17 122 102 138
172 4 92 177 244 43 236 75 30 51 240 26 157 104 29 9 123 139 95 177 50 118 65 223 244 203 191 164 149 88 209 128
32 173 74 222 220 195 198 226 151 130 248 2 112 248 53 16 217 234 19 66 104 171 8 127 59 14 165 8 117 250 98 138
192 9 6 157 204 138 40 226 156 50 82 18 224 162 33 75 105 110 42 224 32 221 137 206 28 34 223 0 132 40 48 136
36 132 2 152 220 131 170 232 22 0 218 2 64 200 56 64 121 200 10 243 114 179 8 255 60 38 143 76 21 43 48 128
116 192 68 182 108 9 102 105 43 32 241 10 206 104 4 18 122 196 127 98 88 50 201 205 182 186 71 48 101 170 210 0
6 204 134 159 140 34 46 174 150 19 211 18 104 226 41 75 97 71 59 130 96 197 11 235 4 38 223 128 148 121 177 0
78 77 130 158 196 34 174 252 60 130 222 66 124 227 233 198 123 238 63 234 97 211 136 234 60 38 239 136 142 243 185 160
62 115 123 205 98 82 127 120 61 76 245 230 73 198 167 244 126 189 199 234 201 147 45 220 118 233 163 129 39 183 38 241
22 164 212 191 153 34 190 204 63 147 193 146 205 238 77 10 255 79 123 178 34 198 219 202 173 222 223 12 132 114 163 128
175 19 103 204 125 31 107 88 5 236 247 110 90 221 179 237 126 228 223 110 169 183 121 204 86 123 225 144 127 175 112 113
194 4 82 158 110 40 104 73 189 130 241 26 110 202 125 91 106 131 127 179 34 103 138 234 148 184 94 136 37 72 97 136
174 112 224 146 239 85 184 200 139 253 149 187 8 220 127 143 207 153 243 211 134 103 250 208 23 81 223 191 87 95 95 215
180 252 198 158 221 192 182 236 178 7 169 26 104 248 12 19 121 218 202 194 106 99 218 239 61 38 159 123 65 123 246 154
196 220 6 146 205 229 166 224 158 186 211 18 104 250 97 73 233 234 42 194 112 117 154 254 53 2 223 98 144 123 177 138
23 83 99 165 34 2 175 112 60 206 82 231 205 46 151 65 54 109 12 239 197 144 37 200 164 238 46 128 45 181 33 117
114 32 66 225 76 137 104 64 45 160 226 130 129 139 85 80 106 189 123 200 8 179 197 192 150 248 138 33 37 128 99 130
36 109 128 134 148 161 134 192 6 128 25 2 32 200 113 0 88 106 2 83 66 34 10 162 32 0 143 44 85 123 16 136
15 246 109 251 244 251 255 159 63 123 127 247 253 127 154 121 127 219 183 190 163 240 109 255 110 255 255 192 159 220 193 241
169 158 37 35 172 46 197 250 65 250 83 116 210 28 144 35 77 22 118 3 233 252 127 32 92 26 244 196 79 65 82 251
29 77 131 255 132 50 103 248 21 130 95 66 99 227 169 228 121 110 46 234 105 144 47 170 180 231 167 0 38 251 184 164
155 80 99 133 7 150 186 112 125 64 87 230 73 142 182 228 126 189 191 239 197 180 53 206 150 125 138 130 39 143 57 245
12 205 7 191 204 135 167 248 148 130 250 66 113 224 57 65 121 102 34 235 97 163 10 63 125 174 239 8 85 123 240 160
244 205 196 154 221 203 70 236 159 183 49 27 78 232 110 81 59 230 238 114 118 105 11 247 188 150 7 125 245 127 221 66
188 31 241 238 229 109 83 248 19 204 125 45 107 119 35 148 220 250 165 90 57 50 41 138 121 223 101 250 210 255 68 115
92 205 90 243 176 140 127 177 33 136 126 0 223 211 192 113 54 126 93 122 112 208 169 110 238 253 39 200 34 242 129 33
15 83 105 229 52 86 191 56 13 236 95 167 221 29 187 228 214 93 151 111 197 144 109 140 230 249 171 132 14 191 21 241
62 180 254 216 189 118 95 218 31 223 214 55 78 252 238 239 255 215 191 54 189 231 57 226 251 95 255 215 158 253 252 119
184 92 114 69 39 63 182 214 205 72 252 34 11 92 183 40 254 233 214 98 164 181 36 170 115 221 32 146 103 127 69 219
72 76 108 205 172 42 190 63 76 34 186 18 211 40 29 98 103 84 127 35 224 37 3 66 70 175 242 148 213 200 81 9
66 136 6 157 77 211 176 207 159 180 130 11 172 168 96 196 201 175 234 1 6 75 211 217 29 50 223 59 16 12 49 142
2 97 150 140 252 35 190 76 155 169 17 18 140 170 36 10 167 81 87 97 48 97 10 216 44 158 95 254 148 121 129 129
219 182 237 193 166 50 237 151 121 115 86 246 153 47 214 111 103 198 63 157 179 220 229 226 78 107 254 196 175 212 241 121
238 98 224 18 109 89 184 200 139 255 181 191 8 204 127 143 201 201 243 87 134 103 238 224 23 81 223 191 215 63 95 214
254 213 160 74 159 85 151 252 195 206 189 47 106 253 127 182 141 211 213 99 252 99 58 174 123 95 197 191 243 127 222 87
71 92 252 178 164 124 86 158 95 251 31 116 206 254 198 108 199 83 61 5 169 64 125 178 170 223 254 210 140 116 153 117
194 222 222 223 98 112 56 134 51 19 240 245 44 171 33 218 231 95 175 130 34 79 131 243 130 178 218 163 156 81 41 155
12 188 234 98 117 251 242 218 219 200 124 37 27 253 115 32 19 123 151 19 135 225 30 174 74 93 37 201 238 207 72 219
177 126 5 141 60 99 135 242 4 234 216 102 34 16 163 167 72 124 134 98 105 182 65 174 160 130 170 178 29 123 56 189
31 180 228 67 162 50 111 152 59 126 63 198 89 102 159 46 55 197 53 190 209 84 45 226 126 111 239 132 167 231 197 113
3 32 42 16 40 192 73 72 161 72 180 165 16 199 246 20 8 32 95 140 8 67 130 64 82 24 162 136 75 132 98 210
154 37 96 97 53 86 90 48 117 12 254 7 75 11 22 213 126 140 221 236 172 144 53 206 243 217 128 129 47 134 72 86
99 16 244 249 109 21 216 24 15 89 180 227 141 30 214 111 206 145 63 141 142 110 99 209 199 218 250 250 23 140 85 127
158 198 132 147 139 62 188 175 158 63 3 151 204 46 26 203 165 71 233 151 116 204 59 244 141 82 223 199 130 84 157 86
35 100 232 158 76 208 206 71 91 67 249 10 32 200 94 32 89 235 18 131 78 34 238 227 38 30 156 57 69 122 214 206
162 78 99 95 68 138 230 99 249 14 114 114 32 104 181 97 106 234 23 99 224 181 4 239 36 46 226 128 101 120 86 141
202 233 118 218 236 146 254 220 155 1 20 154 141 142 248 120 7 193 55 218 210 79 174 247 106 91 190 236 22 149 163 137
236 251 92 115 72 172 24 245 146 216 189 85 89 239 66 81 133 177 229 2 181 73 26 23 111 203 101 221 8 160 138 211
83 212 246 213 162 54 188 182 253 75 86 54 76 190 182 239 247 109 180 140 181 221 165 194 34 127 250 134 143 244 169 213
138 254 180 151 173 253 189 151 191 222 158 63 236 253 95 175 175 123 255 21 230 252 250 227 239 91 223 163 134 124 221 223
47 148 124 250 237 247 223 248 159 94 189 39 89 254 191 229 255 243 191 231 165 35 123 255 119 223 239 158 159 255 125 247
220 7 216 245 134 38 92 217 49 178 195 86 95 99 73 203 119 205 45 242 56 80 153 130 250 235 231 140 184 241 169 0
71 48 232 150 180 2 152 25 90 251 21 32 209 222 247 104 215 109 55 149 148 86 172 194 74 30 255 228 132 163 49 213
132 109 0 146 196 161 134 230 22 130 24 2 32 232 97 0 89 106 2 66 98 38 8 171 32 4 135 40 20 123 16 136
4 140 150 150 150 162 46 163 62 147 26 18 76 226 96 72 51 103 34 146 112 76 10 234 40 6 223 64 148 113 161 0
86 205 134 159 156 34 46 136 150 147 210 18 72 98 41 75 97 102 123 192 48 193 203 234 172 38 223 132 132 121 177 0
0 1 2 151 196 138 42 97 188 162 83 2 236 234 56 64 115 47 42 131 80 211 137 225 28 38 218 0 4 10 49 136
103 97 80 226 108 9 206 104 73 160 177 74 142 10 92 2 186 129 87 111 64 35 200 200 180 152 139 60 85 187 3 128
0 98 4 139 76 137 96 72 46 16 97 66 149 130 105 74 96 8 10 94 66 48 71 81 4 128 130 108 48 139 65 128
114 104 22 154 89 131 2 77 143 160 169 9 6 210 101 92 201 161 74 17 12 39 154 94 185 150 31 59 144 26 35 14
118 108 22 184 25 229 2 202 171 9 168 9 134 210 37 148 201 161 74 17 12 3 218 220 185 182 15 127 208 63 38 6
242 161 18 188 9 205 0 104 187 25 160 25 6 226 108 147 216 235 74 99 60 67 202 81 145 144 73 123 80 13 46 6
114 96 146 154 9 201 6 77 175 130 161 9 38 194 104 84 201 163 106 3 78 71 202 123 177 150 31 59 16 10 163 14
9 7 64 37 52 42 110 17 116 2 111 192 211 33 144 244 18 76 12 46 233 176 77 15 164 239 32 0 106 210 202 0
9 7 64 39 52 11 106 52 116 0 126 228 243 33 152 244 50 78 12 126 169 176 69 46 164 239 36 0 238 210 88 40
1 32 67 153 100 137 96 0 236 17 98 208 151 130 240 88 66 40 106 24 2 184 71 81 132 176 178 64 92 136 65 160
114 41 146 142 73 9 132 102 168 160 168 9 38 162 100 83 232 231 106 1 72 107 194 104 145 16 74 59 0 40 35 14
129 2 79 177 84 137 96 0 116 17 98 210 179 129 144 88 72 168 106 24 3 188 71 21 132 160 178 64 236 136 80 160
114 105 146 140 73 1 68 72 171 144 224 11 6 130 101 214 232 233 74 193 76 99 146 208 145 16 207 63 81 120 106 142
114 164 22 158 89 193 2 105 143 1 137 9 102 226 40 86 200 163 106 33 62 11 218 223 177 54 26 59 16 10 163 6
242 41 22 140 9 1 4 111 143 130 160 11 6 226 32 211 232 163 106 1 76 107 194 208 177 48 223 59 17 104 42 142
244 98 146 136 73 11 0 200 158 178 162 73 134 194 97 76 249 204 106 81 74 103 195 80 145 16 15 63 144 57 33 6
32 197 77 159 94 137 224 238 110 17 120 66 181 162 152 65 107 138 74 136 98 56 71 125 60 164 54 8 117 136 225 136
52 96 130 136 77 41 224 202 63 176 240 10 134 130 97 88 249 141 74 144 2 103 201 208 157 36 143 111 209 25 99 130
0 169 79 191 76 136 102 230 244 128 226 194 177 162 128 64 104 234 106 204 66 184 71 109 132 162 118 0 32 153 113 168
228 104 130 136 205 9 164 73 62 178 226 10 134 130 97 90 233 204 106 80 72 103 195 192 157 16 207 63 16 56 35 138
50 32 66 232 93 131 200 72 13 0 232 11 3 139 52 80 122 169 3 224 8 179 64 220 145 216 130 59 117 10 114 130
50 97 82 232 116 9 232 66 45 0 233 139 7 139 52 16 234 153 19 193 8 183 0 192 148 184 138 42 101 138 115 132
0 40 65 155 78 137 226 64 126 128 240 74 163 192 80 0 121 170 74 152 2 58 207 243 28 132 7 40 97 10 99 128
0 172 79 155 94 139 226 192 38 32 218 66 227 192 32 64 105 170 106 136 2 186 79 125 60 132 163 32 121 10 112 128
254 245 96 70 155 84 31 252 147 238 189 175 106 125 63 182 157 211 213 227 236 71 184 174 251 95 197 191 227 119 254 119
255 221 42 118 185 84 95 252 147 238 157 63 74 125 63 181 149 247 149 227 253 67 184 190 251 223 165 191 187 119 190 87
39 143 247 239 236 15 254 248 29 138 121 227 229 251 180 100 255 251 55 167 244 242 75 207 38 254 235 142 21 235 113 135
194 248 187 223 252 141 191 253 159 203 211 127 244 255 124 96 255 127 127 195 247 127 250 243 127 62 191 250 28 10 133 255
163 94 246 222 127 247 255 95 95 238 253 231 108 253 183 44 254 243 183 215 165 179 59 254 119 95 39 131 255 255 101 255
4 237 128 158 148 161 134 230 18 130 88 2 96 104 33 0 89 106 2 66 32 106 8 191 40 6 223 32 149 123 144 136
134 205 150 150 146 162 46 167 22 131 91 18 104 226 97 64 119 111 51 210 112 204 138 234 40 38 207 192 132 115 161 8
212 77 134 159 140 2 44 173 182 146 146 18 232 226 41 75 97 103 110 240 112 197 203 234 188 34 223 20 132 120 161 8
36 4 70 155 76 163 162 72 22 130 241 2 96 232 49 73 121 104 51 227 32 242 10 254 28 6 203 4 149 107 112 128
4 98 64 137 76 9 224 72 172 48 33 74 149 2 105 66 106 0 74 254 2 50 206 80 4 128 130 44 24 27 1 128
114 118 23 154 25 141 0 73 175 140 137 109 230 210 37 149 201 161 78 17 46 71 202 93 177 144 15 59 216 14 46 15
114 179 19 156 9 141 6 104 175 138 128 109 230 210 104 148 152 225 206 67 94 67 218 81 144 22 9 59 88 12 11 7
13 6 64 5 52 26 110 48 117 4 110 192 195 33 154 244 18 204 12 46 44 176 101 14 230 239 33 4 110 227 90 4
246 253 249 206 252 77 222 248 139 254 185 111 196 254 125 50 255 211 95 227 228 99 250 250 251 92 207 190 85 123 231 119
212 197 134 157 140 2 44 173 190 178 146 18 233 226 73 75 113 102 108 176 104 197 203 234 168 242 223 20 132 120 177 8
99 186 19 28 40 205 1 200 174 200 128 109 134 210 96 212 128 97 106 97 71 67 202 81 144 16 11 58 24 34 39 85
54 67 18 174 13 67 86 104 1 172 241 111 66 200 45 148 216 197 132 98 76 179 72 140 176 208 129 23 89 59 126 150
65 58 27 28 40 193 21 73 174 124 133 236 180 214 226 244 132 48 234 36 3 67 170 85 144 16 15 58 24 2 167 117
65 50 27 30 40 221 17 200 174 92 132 236 244 214 227 244 132 48 234 4 135 67 186 81 144 16 11 62 24 6 7 125
