83 34 223 229 42 10 125 120 189 130 242 230 221 231 129 122 118 245 127 172 137 211 135 200 148 250 239 128 45 224 35 33
90 50 121 225 34 24 120 80 45 136 182 237 159 31 128 114 166 213 255 128 129 65 161 192 214 249 42 131 47 128 39 51
159 222 238 250 38 144 255 246 149 94 214 246 121 239 179 227 111 227 191 223 239 255 38 235 250 239 254 128 47 253 124 249
187 223 230 252 126 211 255 250 159 206 244 231 41 252 183 165 126 249 151 231 229 47 46 255 122 95 239 170 127 188 124 221
38 140 20 155 221 195 182 236 158 55 208 27 236 248 44 197 217 91 234 17 54 123 91 247 61 22 223 127 209 12 157 134
107 48 112 65 109 93 248 80 107 108 180 40 138 29 214 180 206 149 215 8 133 114 240 192 23 217 3 179 71 140 78 229
38 160 244 81 237 221 240 200 95 180 240 11 202 200 84 150 217 221 231 17 134 114 219 208 31 24 7 127 199 12 94 134
30 29 36 170 189 215 94 233 141 108 159 3 204 94 43 196 204 145 159 243 92 129 121 254 179 85 143 151 22 31 156 87
59 50 102 65 61 95 249 88 127 236 244 167 201 28 150 36 254 157 215 172 173 243 117 204 71 219 163 147 79 140 110 247
83 6 207 189 46 2 109 120 188 130 210 194 221 227 176 99 118 229 127 175 161 209 143 204 212 42 235 128 45 240 33 32
87 34 223 181 170 2 125 120 189 130 242 226 221 231 128 82 118 245 127 172 161 209 135 200 156 234 239 128 164 224 35 33
90 50 123 225 34 8 121 80 45 140 182 237 159 31 128 114 166 213 255 128 137 65 161 192 214 249 43 131 46 128 39 51
3 48 118 93 111 219 184 72 127 228 246 162 72 220 182 164 126 253 254 129 133 243 191 208 23 58 3 171 71 140 111 245
41 48 118 201 111 95 241 88 79 104 246 46 91 152 214 164 110 140 254 9 133 243 247 208 87 89 35 187 127 140 120 231
250 188 244 222 255 249 188 231 187 119 180 191 44 190 70 191 175 123 255 1 246 79 186 247 191 95 95 251 199 84 207 255
90 50 247 229 57 95 216 56 47 236 182 109 207 127 150 118 238 213 255 160 173 227 251 204 251 251 111 147 71 164 39 87
87 148 247 247 158 3 255 248 127 162 218 238 93 236 189 97 63 247 127 167 225 243 15 254 188 14 111 196 165 250 33 1
11 48 126 124 105 212 249 88 239 204 246 165 217 223 214 54 238 245 255 136 141 99 255 192 87 251 171 139 71 132 111 245
167 191 101 203 254 179 186 253 95 113 253 247 153 76 190 36 127 139 23 255 183 58 111 247 46 91 175 238 159 143 241 245
175 184 226 87 101 117 190 226 91 254 116 27 8 188 246 174 205 253 179 199 196 250 252 242 23 90 223 167 23 125 94 215
38 176 112 219 239 207 176 200 95 189 240 43 206 216 124 128 219 27 247 17 134 114 91 241 29 26 15 127 213 12 93 135
42 168 114 90 125 213 251 196 223 77 244 3 40 220 62 164 255 170 151 132 166 59 174 251 23 125 146 171 87 12 126 223
222 94 230 246 34 146 188 114 189 30 151 231 205 111 183 75 231 245 191 231 232 197 46 234 146 243 239 131 39 254 37 81
11 223 99 143 53 151 206 249 93 72 220 230 236 253 190 228 223 123 159 239 201 161 108 255 166 127 175 134 63 254 181 245
138 23 100 239 255 89 181 188 87 77 223 191 233 124 191 228 222 219 191 39 231 234 111 223 111 95 93 203 190 142 157 223
90 50 115 64 107 85 185 80 41 236 180 175 12 159 214 52 174 149 223 128 140 99 180 192 83 217 35 171 103 132 39 247
10 156 58 251 181 213 251 254 31 77 220 23 172 255 54 64 253 251 159 149 182 152 58 255 239 255 159 203 146 12 189 219
46 180 184 250 253 221 211 222 31 125 252 61 142 221 234 48 221 219 151 17 159 42 234 179 251 221 53 255 218 94 246 247
184 145 104 225 181 87 93 125 23 236 150 18 91 151 250 97 124 158 159 168 120 219 113 159 251 201 165 245 54 140 220 115
214 132 164 158 141 75 84 168 159 178 146 11 238 232 57 207 209 199 255 163 108 67 219 253 189 50 207 23 148 124 28 6
59 82 104 173 102 161 251 61 23 230 214 239 249 237 251 104 127 155 183 191 143 150 111 191 206 111 191 168 63 157 60 217
106 136 198 222 109 144 184 230 159 17 208 131 104 238 38 212 239 235 251 128 6 75 138 241 30 122 219 171 23 44 57 143
174 76 230 220 231 84 254 71 217 202 244 2 40 253 183 239 238 251 183 203 192 231 166 234 55 58 222 139 71 253 254 223
106 152 114 218 109 149 90 204 191 29 244 27 110 218 110 212 253 187 183 128 14 11 154 243 27 127 148 123 26 14 238 143
79 4 247 81 226 126 168 3 251 251 115 114 216 254 252 239 247 21 190 152 177 244 175 194 31 122 123 198 199 225 225 181
159 94 231 158 174 50 173 116 180 202 214 231 121 238 177 107 110 245 63 239 233 199 36 234 240 107 250 128 47 245 49 121
30 116 242 192 119 118 123 216 43 239 29 163 76 223 107 206 55 221 191 190 130 81 152 194 219 93 143 239 166 247 45 115
94 92 242 146 119 244 122 208 175 207 95 3 76 255 111 206 247 245 191 146 12 149 26 226 155 254 139 199 166 255 61 87
119 142 232 254 220 3 78 248 87 226 248 202 115 233 189 112 121 206 55 175 233 243 207 191 58 46 237 188 189 250 112 160
45 20 247 69 246 91 165 102 122 73 124 98 56 114 237 231 126 88 150 168 243 176 111 200 46 120 99 226 207 140 99 173
75 48 246 220 111 221 249 88 255 208 246 175 127 253 246 36 63 253 255 141 134 227 191 209 95 91 71 171 103 172 45 247
90 50 122 161 34 89 249 80 109 204 150 171 143 141 210 102 38 213 255 129 128 97 165 192 214 81 47 131 103 132 39 241
94 144 246 245 171 91 60 248 63 246 182 162 95 255 199 106 119 253 255 176 176 209 171 200 223 219 111 199 167 252 45 195
107 48 121 233 105 93 89 24 107 124 180 12 255 95 214 178 207 213 255 141 139 98 251 209 223 217 35 186 90 4 15 115
11 152 165 223 125 213 169 230 222 89 84 48 184 254 182 228 201 123 62 141 183 216 114 247 47 127 254 202 30 4 241 253
14 124 166 147 175 247 186 194 207 247 215 19 204 156 119 239 239 125 191 211 164 245 61 226 31 94 143 199 199 127 61 199
209 206 207 191 14 2 111 248 244 130 210 198 113 227 176 67 121 230 46 174 233 211 15 255 244 170 239 128 61 248 112 32
33 24 97 77 116 157 175 150 78 234 120 70 176 184 181 164 74 106 18 9 195 184 116 254 36 28 190 128 93 170 81 189
6 172 132 159 253 198 190 232 158 23 208 147 236 254 62 199 221 119 251 129 38 201 219 255 45 54 223 143 148 124 189 198
99 48 166 157 109 223 184 72 159 252 210 135 236 252 118 198 255 109 255 5 134 243 223 221 157 50 207 187 22 44 61 215
78 160 230 247 173 221 252 188 247 191 182 25 235 233 95 254 189 223 255 25 190 235 219 225 223 219 223 251 130 252 222 14
43 50 118 221 109 223 217 88 207 252 244 44 204 223 246 182 207 116 255 13 131 99 250 209 151 120 131 190 86 140 94 247
30 145 174 163 165 71 125 253 23 255 158 63 223 255 106 72 247 143 255 149 88 207 27 144 219 199 255 255 190 14 181 91
55 87 67 131 116 170 234 208 45 73 219 230 114 204 188 224 252 250 23 231 139 176 4 239 48 44 168 192 77 155 208 49
83 17 157 207 223 110 176 204 138 123 4 15 92 255 109 91 163 79 127 108 35 81 184 241 215 185 90 183 152 125 89 218
0 58 62 189 104 203 185 80 254 172 246 161 212 206 2 96 254 125 110 129 132 243 203 82 212 183 43 129 64 128 45 147
171 221 96 187 117 181 218 223 95 89 253 87 186 120 62 97 221 11 23 13 175 42 126 183 42 127 190 244 95 92 248 223
25 22 244 197 54 27 251 120 127 228 246 230 219 41 150 132 62 197 239 173 169 240 109 222 254 255 103 128 111 172 73 81
232 25 250 237 119 120 114 18 27 73 116 43 63 189 99 210 66 254 151 64 38 58 192 171 87 237 32 187 182 237 92 203
4 97 170 162 60 217 71 93 215 133 149 175 239 193 251 12 90 168 207 28 74 39 46 138 242 215 149 57 150 158 84 110
211 153 19 151 203 133 53 228 27 178 66 26 172 179 64 221 38 255 178 194 113 94 210 246 156 210 85 106 42 129 1 143
141 191 181 159 223 143 182 252 254 93 88 93 236 248 126 197 151 107 115 125 182 234 222 255 108 30 15 106 151 94 243 207
234 139 115 220 231 104 61 226 59 126 114 35 12 175 228 223 226 78 55 78 80 27 160 208 87 120 98 239 19 229 119 227
135 4 156 147 207 177 188 79 158 183 133 58 228 240 110 15 203 107 34 144 54 71 202 242 14 22 223 59 156 88 185 198
30 132 166 177 175 118 186 200 62 125 215 19 205 238 62 201 247 23 191 179 52 209 43 214 159 231 235 199 150 77 189 211
212 8 188 239 168 111 89 25 14 117 181 157 215 45 10 75 134 87 109 94 56 101 121 32 203 251 96 112 208 235 133 83
63 214 248 173 122 114 159 155 82 127 253 247 137 46 190 114 95 157 148 163 254 2 236 211 230 101 175 181 53 244 174 215
200 175 17 191 203 133 189 239 94 23 64 27 172 250 98 65 167 123 162 129 118 94 202 119 237 2 95 106 144 80 165 203
237 60 123 223 252 148 155 120 216 202 244 2 187 223 181 123 92 120 23 122 243 111 178 234 107 185 182 56 17 139 113 249
154 119 254 182 118 107 57 85 188 197 95 179 125 237 187 67 54 147 159 161 162 241 47 201 242 33 46 129 165 218 53 123
239 121 230 212 231 84 254 87 233 206 182 166 40 252 215 174 238 245 247 207 197 231 182 234 54 122 207 139 199 244 255 253
227 211 207 204 124 191 106 92 158 105 95 222 80 228 188 224 244 28 154 40 167 147 56 159 55 40 161 180 156 248 88 53
94 162 151 212 143 79 101 184 175 186 134 74 206 243 97 206 229 244 255 184 57 193 155 216 157 242 71 118 162 124 37 33
94 140 150 191 175 202 126 184 191 179 82 147 237 239 56 207 247 247 255 131 96 217 155 255 191 246 223 135 166 116 129 15
35 50 101 221 109 214 152 72 143 252 244 167 200 206 246 230 207 125 255 133 135 67 238 209 22 120 139 190 23 12 95 245
98 142 47 158 124 193 186 224 159 28 242 171 100 236 60 193 205 243 235 131 38 107 10 253 63 18 223 139 84 12 44 220
22 140 182 159 151 150 190 224 190 146 210 131 236 254 61 193 255 127 251 131 164 249 31 239 185 126 207 131 133 116 45 199
127 148 245 223 173 95 213 184 207 250 182 42 222 252 191 239 227 118 254 42 229 97 123 253 191 251 71 150 222 252 89 55
57 55 122 101 118 15 251 88 113 236 124 239 27 13 150 16 62 221 151 108 140 178 84 206 118 253 33 160 111 142 106 211
35 48 230 220 105 212 184 72 159 212 244 167 104 238 254 230 255 251 255 133 142 67 254 209 31 59 207 139 23 164 47 213
46 172 244 255 255 95 190 232 254 183 176 19 233 254 92 235 251 95 251 145 182 107 255 255 47 255 223 255 149 124 247 142
123 48 9 236 41 28 90 24 63 232 254 76 91 190 86 240 220 197 253 140 141 19 241 194 147 253 139 154 10 38 106 85
35 54 26 153 121 223 202 72 223 232 244 72 106 220 116 180 221 248 214 129 175 243 218 219 191 20 131 59 90 8 106 148
27 50 62 173 45 95 184 88 255 236 210 167 223 222 18 226 254 85 255 133 140 225 255 156 209 243 171 147 102 12 45 211
38 140 246 215 247 223 254 248 223 179 118 139 104 237 125 77 255 255 183 31 160 250 158 255 63 94 215 227 183 252 81 206
10 31 222 190 62 146 183 120 158 206 222 230 236 250 178 192 255 103 174 163 161 177 43 255 226 231 239 131 159 254 57 209
24 48 247 229 55 91 177 120 127 248 246 34 223 125 4 36 63 213 255 33 161 241 43 220 219 219 71 151 103 172 37 243
239 150 241 205 254 91 127 248 95 238 92 238 104 237 191 228 127 220 166 35 236 114 237 223 126 63 167 149 183 254 92 245
38 140 228 223 253 151 254 232 31 51 80 27 224 253 60 69 217 239 179 39 162 114 75 255 63 62 207 239 151 252 220 198
179 177 221 205 126 219 176 204 138 57 52 111 60 223 173 211 178 79 23 108 34 53 168 251 118 57 34 183 21 27 91 219
10 154 255 252 122 214 185 242 191 92 86 167 253 255 178 97 247 251 191 133 163 217 34 253 215 251 250 139 55 164 37 249
94 140 214 190 173 15 94 168 191 178 146 11 239 255 89 95 247 247 253 163 108 67 203 255 187 246 79 159 166 252 60 3
106 50 111 220 104 196 121 88 175 204 244 169 89 207 246 114 78 253 255 136 138 67 251 209 87 251 171 184 23 128 102 243
27 50 254 165 23 31 184 104 127 228 246 167 79 236 54 164 191 213 254 165 165 241 63 220 155 91 79 135 111 44 41 215
126 132 228 237 239 91 124 168 31 179 182 186 75 127 92 127 123 215 255 48 58 82 239 213 255 251 199 247 183 252 212 2
250 149 100 238 205 87 92 253 69 86 244 11 106 61 62 247 232 211 183 235 252 107 123 253 247 251 210 27 115 124 244 222
43 2 102 205 109 82 233 88 63 232 246 227 72 159 150 244 122 204 191 140 137 210 231 204 22 122 235 131 15 140 122 245
31 54 244 223 191 62 184 27 27 202 93 231 237 110 191 207 247 79 151 60 183 212 47 168 14 255 126 210 158 207 217 157
75 48 124 173 44 95 121 24 111 252 22 171 223 29 210 38 135 213 255 13 133 112 237 208 214 217 35 181 118 140 29 115
102 150 246 255 252 10 126 248 63 234 250 226 252 254 157 115 255 223 127 167 225 211 203 239 190 126 239 150 140 246 35 33
188 128 101 200 237 91 193 200 95 240 181 26 83 89 220 165 91 132 95 58 43 103 121 149 31 217 197 124 119 171 80 224
63 86 239 236 174 50 207 218 85 91 222 230 89 109 191 234 127 196 191 239 137 227 111 224 82 111 255 140 191 255 112 241
38 172 228 223 221 3 238 232 87 163 120 27 96 232 60 1 249 206 51 179 166 242 79 191 63 14 135 239 247 126 246 134
39 166 240 254 252 135 255 216 91 170 248 168 236 255 221 48 223 255 87 177 170 114 202 255 62 30 175 190 215 254 98 133
119 180 250 244 238 15 254 248 127 170 186 234 222 252 221 112 183 213 127 35 224 115 139 210 158 254 103 190 132 250 1 3
171 255 101 91 53 255 166 209 95 236 124 126 202 124 190 165 157 104 151 113 175 240 108 191 46 95 173 182 95 238 222 245
153 28 63 241 19 206 125 101 61 66 198 23 95 95 40 105 167 181 221 225 107 213 49 207 251 235 10 80 56 1 161 114
26 185 187 248 181 224 179 199 159 72 216 34 188 158 100 96 200 251 159 193 27 11 162 243 187 245 186 139 17 88 117 235
70 140 166 159 223 130 190 232 190 147 82 131 236 254 57 71 247 127 187 135 96 217 139 255 61 54 223 131 132 116 33 206
98 48 240 69 107 93 248 72 107 164 240 171 138 156 84 182 174 221 199 129 132 115 251 208 31 216 7 187 71 172 111 151
34 32 240 69 109 93 240 72 239 180 176 11 138 216 86 150 171 221 207 17 140 99 219 208 31 24 7 63 71 44 78 134
43 48 118 201 109 95 240 88 95 232 246 42 74 221 182 36 254 157 255 9 132 243 255 208 87 90 3 171 71 140 124 199
66 176 150 188 43 214 184 200 175 180 208 129 236 254 102 214 239 253 255 129 6 67 219 209 157 242 143 191 16 36 47 151
67 50 254 229 104 15 126 56 63 234 246 235 222 255 212 112 255 213 255 165 169 243 203 206 158 254 111 158 78 164 35 49
34 32 230 92 109 213 184 72 255 148 246 139 104 254 182 182 255 253 255 129 140 227 255 213 31 58 207 155 71 164 110 214
10 188 62 250 253 213 249 247 159 93 84 23 172 255 118 97 205 59 183 17 166 250 114 255 239 223 158 235 146 12 189 219
94 176 246 245 171 91 188 232 191 182 242 162 79 255 68 214 255 213 255 177 172 211 139 200 159 243 79 199 167 228 37 3
98 160 247 253 108 2 252 248 187 154 208 226 252 254 244 114 255 255 127 129 131 83 202 193 148 56 239 174 141 240 35 145
38 176 84 153 239 203 176 200 159 180 240 11 204 216 124 132 251 153 243 17 6 115 91 209 29 26 15 127 213 12 93 135
98 32 192 204 105 72 120 104 43 180 240 137 200 238 70 214 239 221 255 132 12 83 219 192 159 58 207 191 7 100 126 86
7 162 118 208 238 137 248 208 255 184 242 106 220 202 244 32 191 185 127 149 131 115 139 208 30 24 47 238 205 136 33 129
11 34 236 101 36 26 233 48 61 232 246 196 219 47 150 228 126 204 127 172 173 208 101 204 70 251 235 128 111 164 107 213
88 48 246 188 109 159 112 88 255 252 246 43 239 249 82 246 255 245 255 1 136 99 203 209 223 251 69 59 102 172 13 71
38 168 230 223 223 159 252 232 159 179 242 2 104 248 124 226 251 111 251 1 162 251 154 253 31 58 207 47 151 108 85 134
43 176 244 221 109 87 216 216 239 240 244 130 248 223 86 54 79 221 255 141 142 99 255 209 95 251 143 191 119 164 110 246
90 48 214 253 107 158 56 88 191 184 246 161 205 255 36 214 247 253 255 0 4 209 155 221 159 251 79 151 6 164 47 215
83 2 207 189 14 2 237 120 188 130 210 194 221 227 176 98 122 229 63 173 161 209 135 204 212 170 239 128 61 232 49 32
54 160 4 185 157 95 176 200 31 180 144 3 206 216 118 196 217 157 255 17 14 227 91 221 157 210 143 119 85 12 125 134
118 132 132 156 205 75 20 168 159 182 130 11 206 248 93 223 241 213 255 35 108 67 219 221 189 50 207 31 148 124 29 6
38 140 230 223 253 207 254 232 159 182 112 11 104 248 125 205 251 251 179 3 34 123 219 255 63 62 223 255 151 108 92 142
82 4 180 173 29 31 212 40 239 182 146 11 206 120 20 199 233 213 239 161 172 225 95 220 189 242 79 23 68 44 93 6
126 160 244 237 255 91 252 232 59 179 182 171 75 191 92 82 251 221 255 48 42 83 235 209 223 251 199 247 183 236 94 130
10 32 230 253 45 87 184 72 30 252 210 131 201 238 54 224 255 125 255 133 140 211 255 221 151 123 203 135 21 44 61 214
75 121 211 214 115 208 43 20 233 201 94 230 168 246 167 246 38 249 254 216 135 217 182 232 38 124 150 130 142 214 45 125
123 160 80 224 105 93 88 200 43 184 180 8 143 154 70 246 239 213 254 128 15 67 249 209 159 217 15 63 58 4 75 7
123 0 198 173 109 30 124 104 253 162 246 7 75 235 54 86 248 237 127 172 172 243 211 200 150 251 203 1 11 236 120 134
139 179 147 195 180 148 168 213 126 201 16 116 157 158 252 228 246 27 30 221 151 8 166 194 172 221 190 234 142 128 163 253
94 124 242 194 227 118 126 208 187 206 188 130 73 255 247 248 247 253 151 218 6 151 184 226 91 205 175 173 135 247 110 211
93 144 240 205 175 93 246 184 111 234 190 42 222 252 214 244 247 85 254 35 133 99 251 210 191 255 39 159 198 110 89 103
70 172 134 159 205 199 190 232 158 183 82 19 236 254 124 207 241 127 187 131 38 89 219 255 61 54 223 143 148 124 189 142
42 184 114 218 109 209 184 198 223 93 244 59 40 220 54 164 235 187 151 129 150 122 126 245 31 91 154 235 87 12 255 255
222 83 115 246 34 224 59 124 181 130 87 243 125 239 41 72 54 183 191 179 128 213 15 206 218 231 238 129 167 158 37 241
51 48 117 205 61 31 248 88 79 232 182 111 218 29 150 34 238 213 223 133 172 227 107 220 223 219 235 146 71 140 86 215
70 132 247 253 236 1 252 248 223 186 210 226 252 255 252 67 255 247 127 171 161 99 75 213 220 58 239 158 156 232 33 145
155 223 111 239 191 150 222 248 157 72 158 230 121 126 183 228 254 247 159 239 237 137 109 191 162 255 175 147 63 190 56 93
102 172 196 223 237 157 94 232 155 182 240 11 108 251 77 223 217 254 251 2 38 90 219 251 63 62 213 127 150 124 94 142
169 215 245 255 124 29 207 157 83 123 241 94 251 104 156 247 93 202 22 234 235 118 239 243 37 250 247 188 127 218 210 253
0 58 251 189 114 139 59 82 191 172 94 231 188 231 160 68 119 127 239 137 128 217 180 255 252 54 39 128 38 164 37 243
35 160 230 221 109 159 184 200 143 248 208 131 236 254 118 102 239 125 255 133 134 67 239 209 31 58 143 191 21 44 115 215
44 41 234 236 205 155 82 74 14 132 141 137 171 197 100 16 216 234 139 82 78 35 100 184 243 221 165 57 18 223 92 98
35 188 150 154 125 155 186 202 223 216 240 108 172 216 246 164 223 123 254 17 167 99 126 255 60 30 143 190 92 12 74 151
43 124 226 149 101 245 190 198 203 238 92 131 168 252 119 174 236 127 179 197 132 243 182 232 23 92 207 163 199 125 95 223
15 18 206 237 166 190 248 219 63 121 95 231 205 238 191 236 183 69 191 191 151 209 141 192 14 127 251 132 191 239 9 149
39 8 99 203 205 149 250 232 95 194 248 10 104 220 247 96 251 235 50 83 215 175 118 255 31 94 155 122 21 15 113 204
119 150 239 205 222 27 255 248 95 230 246 239 105 237 182 116 127 220 183 47 165 243 237 223 62 46 229 164 183 236 116 245
86 32 150 212 141 223 112 200 175 184 134 10 78 243 101 254 225 245 238 152 9 67 155 208 155 250 71 95 130 100 104 39
161 17 103 221 86 191 160 92 92 97 83 214 17 28 181 105 114 12 50 60 167 150 53 159 4 170 171 132 61 24 113 180
187 151 238 181 50 54 184 215 219 127 22 247 12 46 182 107 231 23 159 165 166 157 180 211 118 123 255 181 189 252 155 213
126 7 115 196 231 112 185 102 105 140 251 107 109 239 237 220 246 159 167 178 0 179 162 196 27 233 98 235 167 78 101 233
74 34 244 229 111 91 121 16 111 244 22 171 207 29 214 182 39 213 255 12 132 112 237 208 223 251 37 183 103 172 85 99
47 14 172 189 117 191 123 19 23 237 223 135 249 237 179 228 92 172 159 143 173 240 125 157 231 125 171 129 158 237 92 212
75 89 243 214 115 212 109 23 237 201 254 230 168 246 151 246 70 242 190 200 133 218 246 232 38 124 150 130 142 214 44 125
12 132 164 147 221 241 181 143 214 191 72 19 232 234 110 203 201 75 171 145 54 216 203 243 109 23 223 111 144 92 181 198
31 146 236 253 127 87 59 249 31 125 213 183 253 253 190 228 119 157 191 167 167 83 127 213 95 123 235 191 63 142 189 247
90 50 126 225 47 90 249 80 45 196 214 167 205 143 214 198 238 213 255 133 132 241 165 192 223 251 171 129 39 132 45 241
90 48 247 205 45 95 89 88 239 232 182 42 223 255 148 230 238 213 255 136 137 227 251 220 155 251 103 154 71 172 37 117
235 179 3 226 244 148 184 221 58 201 17 126 188 158 220 176 254 27 151 149 183 91 168 192 191 89 174 234 140 132 187 253
137 222 28 188 102 143 124 254 23 90 84 119 191 91 179 73 167 169 151 47 231 116 8 255 230 251 122 128 62 152 9 25
35 50 228 205 124 83 250 88 127 236 246 231 200 126 150 228 255 205 255 165 173 242 237 206 30 126 175 131 15 132 126 213
86 140 150 150 207 142 126 232 191 178 66 3 108 255 109 223 247 247 255 131 36 219 155 251 191 118 223 139 134 116 45 14
62 85 96 234 181 119 95 252 21 239 223 39 74 127 191 196 223 210 151 162 156 144 121 254 187 223 133 151 183 255 252 87
6 172 182 158 223 223 190 232 158 150 210 3 236 248 125 205 251 123 251 147 36 251 155 255 61 22 95 75 213 124 61 142
104 31 250 254 215 220 52 83 185 76 244 3 47 159 39 91 230 187 151 17 118 175 176 233 119 241 16 59 19 204 143 203
123 82 172 188 45 86 156 184 157 222 150 183 255 126 191 107 207 245 253 231 237 71 251 139 210 243 255 159 28 124 61 87
55 166 231 255 222 3 239 248 87 162 250 202 115 232 189 97 121 238 119 175 232 243 207 191 124 46 239 244 253 250 114 128
91 50 246 229 39 22 248 80 109 172 246 167 205 15 150 114 110 213 255 141 132 208 229 192 214 251 170 129 39 164 111 193
58 144 255 243 177 89 188 244 187 251 178 236 126 255 236 247 183 95 221 65 209 201 176 232 235 217 126 242 134 8 135 255
79 10 183 84 228 240 168 2 251 219 123 112 136 254 245 238 199 125 190 152 149 229 162 192 14 126 251 203 198 225 105 165
43 157 96 250 157 212 223 183 223 69 204 6 185 239 54 100 73 234 155 13 251 170 126 255 239 223 158 72 31 12 240 248
94 94 171 254 160 164 126 242 189 206 218 199 237 239 55 74 255 247 191 135 201 207 178 234 211 247 254 136 15 245 37 81
26 50 115 192 107 21 249 88 169 200 180 239 12 159 214 52 238 149 223 129 133 99 226 192 87 89 43 170 71 132 39 247
43 173 56 250 253 245 223 167 223 85 92 2 189 237 54 100 203 42 147 13 23 40 122 255 111 221 158 105 22 206 209 250
121 52 250 172 117 31 90 88 123 232 254 13 95 158 82 112 255 205 183 45 141 146 249 206 255 253 167 184 110 166 74 87
155 22 255 173 54 210 191 120 29 204 222 231 221 238 162 228 126 125 191 229 173 177 45 207 246 239 175 128 63 254 57 85
87 134 247 190 222 3 238 248 119 162 210 234 121 235 185 65 127 239 127 175 233 243 79 255 184 46 239 140 165 248 33 32
90 48 243 165 47 72 249 64 173 132 146 163 223 159 80 70 170 213 255 129 8 227 145 192 209 240 15 147 39 4 39 114
6 220 174 153 253 245 190 206 158 95 94 55 156 222 55 200 239 123 179 209 182 180 51 241 103 7 190 137 148 93 189 211
42 124 242 215 101 245 190 228 219 238 124 35 104 252 127 167 254 123 147 195 196 246 182 234 47 92 222 171 71 127 95 223
190 203 114 242 246 217 255 241 35 220 176 235 43 92 244 177 190 171 215 247 251 170 38 252 120 217 45 234 125 138 243 149
42 55 99 73 118 159 251 120 93 236 124 239 75 77 182 148 126 248 151 172 137 178 109 223 62 92 37 166 103 142 118 245
118 140 214 190 237 75 126 168 191 178 210 11 110 250 77 219 243 255 255 163 44 83 219 255 191 246 207 191 134 124 32 6
171 212 100 187 189 159 222 255 95 91 181 119 254 124 190 33 219 11 23 45 255 108 123 183 110 91 191 214 95 12 217 223
110 160 244 215 237 95 124 248 251 187 178 25 238 249 94 222 187 199 255 49 38 99 219 241 31 26 215 255 198 252 206 15
26 50 254 237 57 75 249 120 63 236 246 167 220 127 2 84 254 93 255 160 160 209 233 220 199 251 239 147 7 164 39 243
54 172 244 255 189 95 158 168 191 183 178 1 235 234 93 207 219 95 255 131 46 225 203 255 175 254 207 183 148 124 79 134
27 48 110 173 127 87 248 88 127 236 214 167 207 204 54 64 255 221 255 165 173 243 127 221 222 123 239 135 111 12 45 215
74 144 228 161 189 71 93 159 23 253 150 191 206 127 74 196 223 151 191 181 122 90 67 214 255 215 191 247 182 140 180 123
86 166 222 221 222 11 190 248 191 178 210 226 125 235 157 83 119 247 127 175 225 225 143 207 188 46 239 148 173 240 33 129
79 153 178 244 61 93 113 211 235 121 185 109 158 254 118 242 163 197 253 13 129 3 186 208 153 253 15 190 154 122 251 23
66 160 244 221 109 219 120 232 255 180 242 11 238 249 84 214 191 253 239 1 6 115 219 217 31 122 69 63 118 172 76 6
121 52 250 236 124 31 82 88 123 232 254 42 222 248 214 112 247 221 255 33 140 51 237 218 255 253 39 191 103 174 107 7
113 160 190 160 109 77 208 200 235 188 176 13 206 216 94 82 169 197 110 17 14 99 219 81 221 144 7 63 64 0 75 70
83 2 207 237 14 2 233 120 60 128 210 230 221 235 176 98 114 197 63 172 129 209 135 204 212 170 235 128 45 232 49 32
83 34 223 229 34 10 121 80 45 160 242 236 221 15 128 114 46 213 127 140 129 211 133 192 220 250 175 128 44 160 35 49
90 18 251 196 57 95 218 56 127 168 254 234 222 190 132 244 254 213 255 128 141 179 225 206 223 255 39 147 70 166 45 55
99 0 247 252 108 1 236 120 223 178 210 234 252 238 244 98 255 253 127 137 129 99 203 209 156 58 239 188 28 168 49 161
83 134 207 221 94 3 238 248 118 162 210 234 121 234 144 99 127 197 127 175 169 227 207 223 188 174 239 148 45 232 112 128
115 32 26 224 75 29 88 72 235 184 178 8 14 154 70 242 235 197 254 128 12 67 153 208 155 217 15 63 105 0 75 7
98 160 244 205 79 89 248 200 111 180 244 10 232 95 84 54 235 221 255 137 134 99 255 209 31 58 135 63 87 44 118 134
34 48 115 192 110 5 248 88 171 200 240 235 28 159 212 48 238 157 223 133 129 99 226 192 22 88 171 170 79 132 35 241
82 48 215 196 111 80 120 72 173 128 150 170 78 215 228 214 234 213 255 129 8 195 131 192 147 240 143 155 38 132 39 39
17 17 99 169 38 55 168 89 84 96 210 70 209 152 180 104 126 14 54 109 141 178 85 148 20 174 250 132 61 11 121 133
50 32 114 197 109 93 248 72 107 164 240 139 10 142 86 134 238 221 247 129 140 115 222 208 31 88 7 187 71 12 111 150
138 252 57 217 63 213 185 127 31 206 148 54 188 151 230 165 103 57 159 136 227 77 51 255 239 85 154 251 30 12 53 255
53 164 231 253 222 11 238 248 87 162 242 238 83 232 176 0 121 236 127 173 169 243 79 159 188 174 239 244 237 168 112 160
86 32 214 220 139 217 48 72 239 160 162 40 108 242 100 246 227 245 234 16 4 195 139 192 155 178 71 27 128 96 47 7
90 50 102 225 47 30 248 80 173 196 214 167 205 143 86 214 238 213 255 133 140 211 181 192 223 251 171 129 39 132 45 83
94 48 246 229 203 23 120 104 191 180 242 163 205 255 6 214 255 245 255 161 12 211 155 200 159 250 207 199 39 164 45 23
102 160 148 157 205 77 52 168 191 182 162 11 110 250 68 214 249 221 235 35 12 67 219 209 157 50 207 63 128 108 30 6
90 48 246 205 111 91 248 88 239 180 182 43 78 159 70 246 239 213 255 128 142 115 233 209 223 219 11 183 103 132 79 215
94 160 244 205 239 95 240 232 127 188 178 11 237 250 76 214 251 223 255 49 6 99 219 209 159 251 71 127 71 108 79 135
62 5 114 224 119 210 218 64 33 129 249 162 75 143 189 244 126 157 135 241 13 179 132 204 58 237 138 207 167 135 111 148
34 160 118 153 79 207 184 200 223 180 240 11 108 216 116 132 251 153 251 17 6 99 219 209 29 16 143 127 21 12 93 134
38 164 246 159 253 203 186 232 30 180 242 3 236 232 60 197 251 127 251 33 38 241 91 255 45 62 207 119 21 44 85 134
34 160 228 223 109 215 184 200 159 148 240 3 232 250 94 134 217 127 251 129 6 99 219 241 31 58 207 191 85 44 127 134
94 168 148 191 189 31 220 232 191 186 178 9 239 250 92 198 217 247 255 1 46 97 203 253 159 250 207 63 210 108 93 6
102 160 212 159 253 75 124 168 63 182 242 9 238 234 76 210 243 255 255 161 44 211 203 255 159 246 207 63 132 108 111 6
34 48 118 221 109 223 248 72 255 188 246 11 204 221 86 166 255 253 255 129 134 243 251 221 31 58 7 63 71 140 111 135
2 160 166 223 79 159 248 200 143 176 208 3 236 222 116 230 239 125 255 133 134 67 223 241 157 122 143 187 21 44 121 134
51 32 231 205 124 27 234 120 119 224 246 199 91 47 150 116 126 204 127 172 173 242 109 222 94 126 231 128 111 172 114 212
90 32 38 188 45 215 248 72 159 176 210 131 205 254 54 198 255 245 255 133 140 113 223 221 149 122 203 147 23 44 61 87
6 168 183 223 205 221 160 232 223 177 242 11 236 248 124 194 249 251 251 145 7 99 219 245 31 26 207 111 209 108 121 134
90 32 150 188 43 214 184 72 191 148 210 131 236 254 34 198 255 245 255 129 4 195 219 221 157 242 207 155 0 36 45 23
70 136 150 159 205 214 188 232 158 151 192 3 236 250 110 198 241 127 251 129 38 67 155 253 157 50 207 43 144 108 61 134
122 160 244 237 79 91 248 200 127 180 182 171 202 191 68 86 123 221 255 144 2 115 207 209 31 250 199 127 119 172 86 134
51 38 231 205 126 11 234 120 95 224 242 199 89 237 148 101 127 205 127 173 165 242 237 222 62 46 231 132 125 172 112 244
102 168 212 223 253 223 244 232 155 183 240 11 232 248 78 214 251 255 251 0 38 99 202 241 31 58 69 63 215 108 94 134
163 13 47 185 252 227 236 107 95 130 216 66 177 248 53 97 219 171 19 129 252 190 71 222 173 30 223 106 149 72 113 142
113 38 237 237 92 10 111 56 119 162 242 74 211 104 148 112 123 204 126 172 172 242 237 158 190 254 231 148 101 232 114 164
11 154 234 181 118 150 248 119 191 125 86 183 157 174 182 64 239 37 151 133 164 220 180 213 94 127 186 225 31 140 153 223
123 147 98 143 119 20 94 121 97 73 253 167 107 78 190 244 126 207 148 230 223 186 253 227 50 125 130 195 47 134 234 213
15 158 236 233 61 255 251 154 79 124 151 167 217 221 246 228 255 157 255 175 159 51 255 209 206 253 171 245 30 173 93 247
123 0 214 173 45 30 248 104 125 32 242 3 206 250 54 214 248 205 255 165 12 243 211 204 151 250 203 3 11 44 121 134
42 244 230 158 109 245 188 237 207 206 92 47 232 252 63 134 254 123 179 161 198 99 190 201 55 127 207 171 87 126 253 223
155 22 127 253 54 86 255 120 61 238 214 231 221 110 182 229 126 253 191 174 237 209 61 206 242 255 175 128 47 236 61 117
59 25 238 253 61 255 249 83 141 205 222 7 191 237 182 231 238 34 223 29 159 233 51 205 199 251 171 145 182 173 93 247
82 140 150 158 15 214 124 232 191 150 194 3 236 250 36 215 247 255 255 129 36 195 155 237 153 242 207 139 134 100 45 6
169 244 117 223 108 31 237 252 91 122 53 126 219 89 156 239 111 68 118 106 227 116 111 181 38 251 231 180 127 188 218 189
7 51 238 177 244 182 252 89 174 249 87 231 221 238 255 106 246 45 63 157 151 208 143 192 206 121 239 196 140 238 169 209
60 45 106 238 93 191 83 96 77 132 237 11 43 201 51 16 216 40 131 66 24 187 24 168 243 221 1 49 82 239 94 194
99 50 117 237 108 15 248 88 79 232 178 107 222 60 148 34 238 213 127 133 137 227 75 212 150 90 235 146 71 140 113 245
134 143 134 179 151 167 166 239 86 183 74 87 192 232 110 205 209 75 162 21 54 216 91 179 45 22 223 71 184 92 153 142
42 157 41 251 221 253 247 183 223 73 92 54 188 125 38 100 201 58 159 1 115 40 122 255 239 223 182 202 26 76 220 251
74 250 253 213 42 89 185 54 173 220 182 227 188 31 132 239 166 49 255 129 131 201 35 205 207 247 122 147 7 132 39 251
43 191 115 143 119 190 186 114 201 201 93 231 44 188 182 164 238 43 151 13 167 184 36 239 46 92 42 194 79 143 59 221
139 92 156 188 97 247 120 82 159 90 92 119 188 191 35 233 231 185 182 133 165 20 18 219 214 255 122 138 26 244 9 91
90 34 246 229 37 30 248 80 109 140 246 7 207 11 22 214 238 197 255 141 140 241 209 192 215 251 138 129 39 164 107 6
86 132 134 159 159 130 46 232 63 130 218 2 236 234 60 196 243 239 175 161 44 211 139 255 184 246 143 135 148 102 57 2
8 216 182 187 101 247 186 222 30 92 92 39 253 254 51 200 255 123 179 209 6 152 59 177 207 199 190 137 150 95 61 219
25 248 122 125 103 245 249 94 127 79 252 34 59 156 183 172 255 155 183 129 134 58 167 209 87 255 18 43 119 132 111 239
75 25 170 252 253 4 127 26 169 206 222 199 253 239 51 82 244 255 191 197 153 139 178 234 243 255 238 136 140 118 49 91
86 168 150 159 157 6 44 232 191 147 194 3 236 234 24 66 243 111 123 129 38 193 219 253 156 178 207 14 140 96 49 130
34 190 250 222 229 252 185 119 185 77 125 49 40 191 38 116 207 187 151 16 178 58 50 199 79 127 18 75 211 204 239 219
234 240 244 241 127 31 120 125 31 189 215 187 12 159 206 213 255 157 255 148 122 94 201 215 95 217 223 247 54 140 220 219
248 176 185 118 169 237 81 158 171 191 164 24 191 247 72 58 129 215 125 24 10 111 250 51 219 249 53 60 64 64 198 107
26 18 110 229 34 82 121 112 61 76 118 231 221 63 146 192 118 221 255 140 129 208 33 204 214 235 235 129 47 128 45 241
170 146 54 233 109 31 249 123 77 124 252 79 143 12 54 165 140 153 151 165 236 190 114 221 199 217 107 175 82 172 79 253
27 18 103 173 126 83 248 120 127 228 210 231 221 252 178 96 254 221 191 165 172 242 103 222 222 255 235 131 111 140 37 215
223 86 102 254 63 86 222 120 157 238 151 167 207 126 191 231 254 245 253 231 237 199 47 237 178 251 239 151 55 191 61 85
59 39 107 77 116 215 235 120 31 204 252 134 75 77 182 180 254 217 151 172 171 178 109 223 62 223 165 132 119 142 118 244
38 166 199 159 221 135 174 232 30 178 240 67 224 232 60 133 217 111 99 177 34 242 91 255 44 30 207 46 213 104 113 132
250 217 100 236 173 87 222 248 69 252 180 11 107 61 55 135 204 213 255 227 252 111 123 189 243 251 207 255 119 61 92 91
43 148 61 187 61 95 181 251 95 123 181 118 222 124 190 33 255 19 223 35 247 109 107 221 175 91 111 247 95 108 213 215
244 125 221 231 172 15 95 184 51 170 191 104 215 119 201 51 23 212 125 106 105 67 233 42 251 203 101 180 32 243 70 33
81 34 207 253 30 2 105 120 126 160 210 230 209 227 176 98 122 196 126 172 169 209 207 204 212 170 239 128 45 168 113 32
83 34 223 229 46 10 233 80 45 160 242 230 221 131 144 114 110 197 127 140 129 209 133 192 212 170 171 128 45 160 35 33
66 160 148 159 29 195 176 200 158 148 192 3 236 250 108 198 217 127 235 129 38 99 203 253 157 50 207 63 18 44 53 134
98 32 20 141 45 79 80 72 239 180 178 9 206 24 4 214 201 213 239 1 12 99 219 221 159 242 71 55 82 12 94 6
34 172 148 218 89 221 16 200 191 176 160 8 234 210 108 214 217 251 234 144 46 67 219 253 157 210 143 63 18 4 42 134
35 32 103 205 124 11 232 72 127 224 242 202 209 43 148 112 122 204 127 140 173 242 197 220 22 58 227 128 101 168 114 164
114 160 245 205 79 75 176 200 127 176 240 11 108 154 76 150 251 221 251 129 2 115 203 209 159 26 143 63 85 44 119 134
34 160 22 152 79 159 176 200 159 180 208 11 236 216 102 132 251 185 235 145 6 115 219 209 29 18 15 63 85 12 61 134
98 32 114 196 109 77 248 72 107 164 240 11 138 216 84 150 234 221 255 129 12 99 211 208 31 24 131 59 71 12 110 134
154 220 123 217 51 241 185 87 31 78 94 182 60 159 166 100 231 59 159 0 163 29 51 223 87 95 58 139 31 84 37 127
82 160 150 191 13 77 248 200 255 176 210 10 236 218 84 66 249 223 123 129 6 99 219 241 157 242 143 63 81 40 121 134
1 48 247 224 100 38 249 82 168 125 122 39 148 155 240 10 238 29 23 156 128 178 48 192 85 152 178 236 204 136 101 243
112 32 50 160 109 73 240 72 239 180 242 9 14 216 66 82 171 205 110 1 12 115 155 208 221 80 15 63 65 4 39 2
98 160 150 156 77 93 176 232 187 176 162 9 206 250 68 214 249 245 235 17 12 99 203 209 157 50 207 127 1 44 31 134
82 34 214 212 107 208 176 72 175 132 162 170 78 218 100 82 234 245 238 144 12 195 131 192 152 176 15 27 1 0 47 6
1 131 209 237 180 11 232 23 124 73 82 226 147 16 144 96 118 28 22 9 153 184 69 13 164 172 186 192 173 136 241 41
99 32 123 232 108 5 248 88 175 168 240 234 156 143 244 96 238 157 127 133 136 115 194 192 150 24 171 170 77 136 35 129
99 32 249 205 108 9 232 88 79 160 240 106 221 235 212 66 238 205 127 137 129 115 203 208 156 56 239 168 28 168 113 129
60 73 122 108 87 148 251 64 69 128 101 2 57 217 55 112 120 248 147 194 72 178 20 236 115 173 130 9 127 187 124 162
38 140 133 159 221 207 20 232 159 178 194 11 236 250 45 207 217 247 123 35 44 195 219 253 189 50 207 26 144 124 21 6
49 166 205 157 94 11 238 248 118 162 242 238 243 105 144 64 123 204 110 172 169 243 79 158 188 174 231 148 45 168 112 160
90 32 98 225 109 92 248 88 173 228 214 131 203 143 86 214 238 213 255 133 140 195 209 192 215 249 139 147 7 132 109 86
90 48 246 197 79 91 248 72 175 164 242 139 75 159 86 214 239 213 255 128 12 195 219 192 159 250 143 155 7 132 47 150
90 48 118 237 111 31 248 72 239 180 178 163 205 159 68 214 239 213 255 129 132 113 221 208 151 249 11 183 103 132 111 151
27 22 111 205 54 86 127 120 61 206 214 231 217 127 182 229 126 221 191 175 173 208 125 206 246 255 235 128 63 172 61 117
82 32 150 156 73 214 56 104 191 144 194 1 236 254 100 214 241 253 251 129 14 195 219 221 157 114 207 59 0 36 45 6
34 32 118 220 111 221 248 72 239 160 242 11 204 221 52 134 238 253 255 129 132 227 219 208 23 122 3 59 71 140 111 134
2 160 150 159 13 143 176 232 159 180 210 11 238 248 36 198 251 247 235 17 6 225 91 253 157 50 207 31 21 44 53 134
66 128 150 158 13 211 176 232 191 148 192 3 236 250 108 198 241 127 235 129 38 67 219 253 157 50 207 59 16 44 37 134
66 32 118 220 107 159 120 72 175 164 242 11 76 223 100 214 238 253 239 129 4 243 155 208 151 58 3 11 103 132 47 134
98 160 212 221 109 159 176 200 191 180 240 11 236 248 70 214 251 253 251 1 6 115 203 209 31 58 79 63 85 44 95 134
34 160 150 157 77 219 152 200 159 180 240 11 236 250 118 134 217 125 251 1 6 99 203 217 157 50 143 63 85 44 95 134
87 48 235 160 118 114 232 88 77 105 123 230 25 28 252 32 254 133 23 181 135 48 5 192 22 12 170 132 109 138 121 21
43 249 49 93 85 213 165 71 71 65 108 10 48 156 52 164 200 58 18 72 203 58 114 189 37 28 144 42 91 30 210 252
245 112 157 231 168 47 71 152 34 186 177 104 215 115 201 59 149 212 124 122 169 102 217 56 237 139 101 180 232 243 66 33
118 160 247 212 205 75 240 200 171 180 178 139 74 237 100 86 233 221 235 145 8 227 203 192 157 18 199 127 67 44 102 134
51 34 111 205 118 11 232 72 127 224 242 207 219 44 148 96 126 205 127 141 141 242 197 220 150 58 235 128 109 168 113 148
113 38 229 205 92 11 106 104 119 160 242 74 83 41 148 113 122 204 110 44 168 242 205 222 190 174 231 0 101 168 82 160
17 34 119 225 110 11 233 88 127 160 242 206 219 137 148 96 122 141 126 141 137 242 239 208 214 250 163 144 111 136 97 160
160 13 55 189 156 171 164 103 94 130 72 82 180 168 48 64 232 43 2 1 112 184 87 95 173 6 154 0 148 72 209 168
42 226 114 193 109 155 248 77 31 63 244 43 8 159 238 220 255 157 183 184 66 214 64 213 94 217 211 231 7 140 222 135
33 192 125 205 110 27 236 248 207 186 120 98 211 120 157 106 255 68 126 106 197 112 111 209 6 254 247 182 117 251 81 173
10 241 162 175 109 213 190 109 142 77 93 39 237 252 122 128 222 59 179 161 198 35 250 217 119 117 175 173 87 126 253 211
220 168 156 119 137 236 81 142 191 183 167 24 255 243 72 91 193 86 233 24 58 237 219 33 203 251 85 85 194 72 198 42
99 64 244 204 111 11 184 200 207 114 250 235 232 222 189 254 238 145 127 129 193 51 71 209 22 90 203 190 31 252 65 157
82 54 122 228 118 31 122 88 127 168 254 106 79 158 132 112 254 221 191 129 140 51 233 222 182 255 43 131 101 138 107 23
90 34 118 229 109 28 120 64 109 164 246 11 78 139 22 86 234 197 127 141 12 243 209 192 151 249 131 11 103 132 111 70
82 34 82 192 105 16 120 64 173 132 146 170 14 143 100 214 238 213 255 128 8 67 131 192 147 240 138 155 7 132 47 36
63 219 106 40 247 214 91 240 81 77 244 167 11 140 182 116 126 237 151 254 158 186 188 247 122 125 162 207 63 143 124 215
18 12 198 253 202 6 108 111 189 146 226 130 1 163 52 223 107 165 59 172 120 223 19 204 181 250 223 4 61 112 225 172
27 18 255 229 50 90 125 112 61 238 214 231 221 63 130 118 246 213 255 164 165 209 181 204 214 251 235 130 46 164 45 117
248 252 185 114 169 237 85 158 243 183 165 24 191 247 64 59 129 222 125 26 42 111 250 51 219 217 21 61 226 81 198 42
219 9 118 249 45 223 248 97 189 196 87 19 142 29 182 237 230 165 255 77 244 221 35 204 215 123 218 195 6 140 245 119
123 147 232 238 60 4 89 57 27 201 221 231 255 255 152 80 222 173 61 141 154 74 203 201 254 253 170 152 188 170 112 115
2 181 59 218 246 228 184 103 157 77 120 51 44 255 44 64 255 59 147 1 54 186 18 247 95 54 26 203 148 64 167 219
19 50 103 173 118 3 232 88 127 224 210 231 217 46 148 96 126 221 127 133 173 242 69 204 148 122 203 128 45 172 113 212
187 36 99 109 116 219 234 120 95 224 252 130 91 205 180 160 254 248 151 172 172 178 109 159 119 223 163 133 119 142 118 240
113 36 250 236 118 11 122 88 123 160 252 42 79 249 54 112 255 253 23 41 140 179 140 223 254 252 7 47 103 170 98 135
3 152 47 189 117 220 184 118 189 89 82 183 188 158 54 105 167 43 23 133 167 220 50 245 79 123 218 195 28 12 57 223
31 27 96 233 189 223 216 25 79 237 151 175 143 29 214 236 222 29 255 61 156 56 113 220 207 221 171 247 150 141 93 119
89 48 57 101 41 76 81 16 41 232 182 76 159 23 64 178 132 212 252 8 9 96 241 0 195 249 33 48 74 128 70 115
252 109 214 254 255 123 118 239 191 178 251 187 79 251 9 219 251 247 238 98 124 247 203 238 255 247 71 23 227 255 238 130
134 174 134 147 159 167 36 175 159 191 130 87 228 224 100 207 193 107 171 21 118 205 11 247 44 22 223 87 152 93 153 14
34 160 150 159 77 139 176 200 191 180 224 11 236 234 102 70 249 125 107 1 6 99 219 241 29 50 79 63 81 44 111 134
34 160 22 152 77 159 176 200 143 180 240 11 204 200 102 132 233 153 235 129 6 99 91 209 29 18 143 63 83 12 127 134
98 160 148 157 77 203 176 200 159 180 240 11 204 250 100 198 249 253 235 1 6 99 203 209 157 50 207 63 21 44 55 134
34 32 20 140 77 31 240 72 143 180 176 11 138 216 86 134 233 221 239 129 12 99 203 208 29 24 143 63 85 12 127 134
98 32 214 156 73 145 248 72 191 128 240 11 108 250 102 214 250 253 235 128 6 99 138 209 31 58 207 43 73 36 107 134
82 32 23 156 15 139 248 72 191 176 210 11 238 248 52 198 251 245 255 129 0 227 219 213 157 114 207 26 23 44 49 6
98 32 208 141 109 11 208 72 171 176 176 9 202 234 68 214 201 221 239 1 14 99 203 209 159 48 135 63 81 44 90 134
114 32 146 184 79 201 176 72 191 180 224 9 78 216 96 214 251 253 234 17 0 99 138 208 153 112 15 63 67 4 39 134
38 150 105 155 94 225 186 72 31 95 81 183 96 207 110 8 255 155 147 145 54 22 110 247 95 22 154 239 149 15 116 215
0 140 31 255 180 171 165 39 124 3 90 80 181 35 176 64 97 46 10 8 112 188 65 15 172 166 62 0 16 72 177 168
98 32 84 172 109 31 112 72 175 160 178 9 206 218 68 214 234 213 239 1 12 99 219 208 151 242 3 59 66 12 78 6
120 160 156 118 141 237 84 175 235 183 170 24 174 251 68 26 129 247 233 16 26 107 218 49 219 251 85 123 194 72 206 10
98 160 150 158 77 148 120 232 191 144 194 11 236 250 108 214 249 247 235 129 14 67 219 249 157 50 207 11 18 36 41 6
82 32 20 173 15 75 240 72 239 176 178 3 206 218 68 66 233 213 127 129 10 99 203 209 149 240 139 63 85 8 113 134
114 32 114 168 77 13 248 72 173 132 242 11 78 137 118 86 234 197 239 129 8 227 195 192 151 240 131 27 67 12 118 134
67 32 83 233 108 9 232 72 111 160 240 202 157 202 212 66 238 205 127 141 128 114 195 192 148 152 171 168 21 136 33 128
99 32 91 205 108 9 232 72 111 160 242 234 221 232 212 66 238 205 127 137 1 115 195 208 148 56 235 168 28 136 113 129
98 140 151 159 77 143 36 232 191 178 194 10 228 242 109 207 249 127 234 1 32 83 219 253 189 50 207 59 16 120 21 38
90 32 103 225 109 92 248 64 45 0 246 139 205 143 20 212 238 149 255 133 140 243 209 192 151 249 138 155 7 140 103 214
91 18 239 229 34 86 121 48 61 236 214 167 221 63 150 246 118 221 255 140 141 208 245 204 214 251 235 131 47 164 37 245
91 22 110 237 54 86 127 120 125 206 214 167 89 127 182 101 126 213 191 175 172 211 53 206 247 255 239 129 47 172 125 119
114 0 214 188 79 15 208 72 239 32 226 11 78 216 38 82 232 197 239 129 12 99 211 192 147 240 139 27 113 12 104 6
33 34 103 197 100 11 232 64 125 32 242 202 217 11 148 96 122 140 126 141 136 242 197 200 22 58 163 0 101 136 112 160
234 1 224 236 109 25 248 73 139 32 240 203 139 190 53 246 206 149 255 133 140 43 198 193 150 248 154 59 95 172 105 140
114 32 215 217 77 139 176 72 175 180 178 11 74 200 100 210 233 213 235 129 8 227 202 208 157 146 143 63 65 8 38 134
51 32 102 237 92 11 232 72 127 160 210 202 209 40 148 96 122 205 127 141 169 242 69 220 148 58 203 0 109 168 112 128
197 112 157 103 168 47 71 152 98 186 163 76 215 115 73 123 21 212 124 122 169 68 217 48 237 139 101 52 200 243 66 33
114 160 20 186 73 221 80 200 207 176 160 9 238 250 108 214 201 211 234 128 14 99 219 245 155 210 207 63 80 12 42 6
26 48 118 229 47 31 248 80 47 32 242 139 207 158 0 214 238 213 255 129 12 241 217 208 151 249 139 51 111 140 75 23
49 34 207 237 94 11 238 120 118 162 242 238 211 96 144 64 123 204 110 172 169 242 207 94 188 174 231 20 45 168 112 160
135 159 197 151 242 178 172 183 60 91 90 246 252 54 148 237 39 127 182 149 181 220 47 255 44 50 254 194 156 84 153 253
17 34 71 229 78 11 232 88 127 160 242 206 211 137 20 96 122 205 110 141 137 243 215 204 148 170 195 0 109 136 97 160
184 197 74 237 23 18 94 248 21 162 254 2 123 123 50 64 122 228 63 234 104 179 73 159 242 239 167 21 63 250 120 2
38 34 236 138 109 113 153 72 15 85 213 191 72 204 254 140 95 136 151 191 150 102 111 208 22 88 219 255 151 207 220 244
166 178 232 146 95 113 218 216 19 127 149 191 64 204 127 12 221 153 151 247 174 118 110 241 94 86 145 255 247 143 126 214
252 160 188 242 137 109 81 138 166 183 167 24 215 211 74 91 129 214 233 24 58 101 251 49 219 243 85 125 192 65 198 34
162 150 59 186 114 225 184 234 30 27 89 243 20 255 44 64 255 27 19 145 50 30 10 215 29 6 186 238 149 10 165 155
2 31 122 205 242 241 191 87 29 77 126 231 44 191 167 96 102 187 183 128 149 152 37 255 119 165 186 131 181 208 173 251
99 176 113 237 124 14 88 89 11 1 209 103 23 31 144 113 246 157 31 61 155 218 209 221 214 248 170 212 60 136 82 145
73 48 57 96 33 92 81 16 105 104 182 44 159 23 130 180 134 148 220 8 137 96 240 128 195 249 32 177 74 132 78 115
183 242 232 34 109 19 218 216 83 255 181 191 67 204 223 14 221 205 215 247 174 103 238 162 26 92 133 255 253 191 94 215
1 10 253 237 102 15 168 91 110 168 114 98 181 186 213 106 166 61 62 8 129 248 135 73 4 172 99 132 220 168 65 169
1 137 143 157 116 130 232 39 60 161 74 66 181 35 0 112 98 47 50 140 1 216 65 76 4 174 218 0 140 64 33 168
62 224 114 224 109 147 248 65 143 53 232 139 15 203 110 92 251 153 235 144 78 151 194 208 219 220 139 127 23 142 110 134
42 187 162 172 125 213 155 114 14 68 204 15 172 253 50 196 254 251 147 201 210 43 250 255 127 117 139 105 31 175 189 242
17 34 87 169 108 11 232 72 126 128 242 202 221 138 240 64 122 141 126 141 0 243 79 208 156 248 175 8 36 136 33 128
56 217 242 238 109 87 94 124 3 228 253 43 107 253 59 214 222 252 183 98 204 35 248 185 243 253 129 57 55 190 126 218
232 172 156 250 61 175 74 234 191 178 164 24 239 235 80 82 217 198 127 24 58 111 219 247 223 255 135 125 18 201 90 2
82 2 91 205 126 11 106 72 63 160 250 234 205 43 148 64 126 221 127 133 136 146 197 206 182 190 139 128 37 138 33 0
48 141 107 255 220 195 239 238 86 130 216 2 115 249 49 96 121 250 19 203 106 186 93 191 253 239 135 0 181 251 116 170
56 4 99 237 117 91 234 104 85 160 250 195 91 109 52 160 122 253 151 175 172 178 77 223 247 255 139 129 119 174 120 130
59 89 99 78 118 214 207 120 65 72 245 230 121 206 189 240 126 236 23 239 205 146 60 253 114 109 170 128 127 183 114 249
114 32 82 140 77 89 208 72 143 164 176 11 14 216 102 150 232 221 239 129 12 99 202 208 147 80 139 59 83 12 126 134
114 160 22 184 9 201 80 200 175 176 160 9 230 250 100 82 201 231 234 1 14 99 203 209 153 210 79 63 80 12 42 6
82 32 119 172 79 75 248 64 237 0 242 3 76 154 52 198 234 221 251 129 0 163 147 192 149 240 138 11 37 12 117 134
248 172 189 114 137 237 85 239 243 183 164 24 63 247 72 59 137 214 232 26 58 111 250 51 219 219 85 125 226 80 198 42
229 112 157 103 168 47 71 152 98 186 163 76 215 115 73 123 21 212 108 122 233 116 217 8 237 154 101 52 200 243 66 33
11 158 115 251 245 149 255 252 95 73 124 102 252 255 188 100 255 251 151 136 163 186 58 255 127 255 54 202 31 142 33 249
6 146 89 187 122 39 170 200 30 25 81 243 85 207 104 72 255 25 19 179 51 22 74 23 76 6 187 236 157 11 37 177
91 20 238 237 55 30 252 120 125 234 214 167 93 191 182 225 254 245 191 165 172 209 53 204 247 251 234 131 39 172 125 83
182 122 237 202 110 65 158 200 139 184 177 235 64 220 253 43 222 217 119 243 202 103 174 240 51 24 207 191 117 187 116 215
255 221 106 166 255 87 95 252 129 238 189 175 91 254 191 182 222 227 149 231 237 3 60 186 242 217 173 191 127 255 250 87
98 32 23 156 77 203 176 72 143 180 224 11 204 202 100 198 232 253 235 129 6 99 203 209 149 48 139 63 17 12 55 134
98 32 86 156 73 129 184 72 175 148 224 11 204 202 102 86 232 237 235 129 6 99 203 209 21 48 139 63 25 4 107 134
114 32 22 157 13 201 16 72 175 160 194 11 206 218 100 214 232 253 235 129 14 195 203 209 149 48 139 59 16 12 45 6
56 5 106 237 87 2 94 120 85 166 238 3 91 107 48 80 120 236 23 234 40 179 89 159 243 239 135 1 55 250 112 2
114 40 18 184 79 137 240 72 175 164 224 11 14 210 100 214 233 253 234 129 8 99 138 208 145 208 3 59 65 12 47 134
252 224 189 114 136 109 85 138 162 183 167 24 215 247 73 91 129 212 108 18 58 103 251 16 219 227 117 125 224 113 70 98
3 34 83 225 108 9 232 64 109 32 242 202 157 10 148 64 238 157 95 141 128 178 193 192 148 184 171 168 12 136 97 129
1 34 83 173 110 11 232 72 110 160 242 202 149 138 208 64 106 141 126 141 1 242 199 192 148 184 171 168 13 136 113 128
34 32 6 156 77 139 224 72 159 180 224 11 100 202 36 80 249 237 106 1 46 99 219 221 149 50 139 63 17 8 58 134
114 34 82 140 77 29 208 72 171 164 176 11 78 202 70 214 232 213 239 1 12 99 202 208 151 48 3 59 83 12 78 134
98 32 23 156 77 203 224 72 143 176 240 11 206 218 100 198 232 237 235 129 14 99 203 209 149 48 139 63 23 12 51 134
212 117 157 102 168 79 87 184 50 186 171 8 215 119 73 51 145 212 108 106 105 96 249 42 233 203 101 52 192 115 70 50
82 32 150 157 13 207 160 104 191 176 194 10 230 242 100 214 249 125 106 1 14 227 155 217 153 50 207 27 16 104 45 134
98 32 80 201 109 9 248 72 175 32 240 11 138 202 20 84 234 157 127 129 12 99 203 208 149 248 139 59 85 12 115 134
124 205 2 174 93 2 70 232 149 38 232 11 99 227 41 208 249 230 234 98 104 35 88 191 177 230 133 27 113 126 114 10
33 32 71 197 68 11 232 64 124 32 242 202 209 138 20 64 122 140 106 137 8 242 197 200 148 186 131 0 101 136 113 128
101 69 221 103 180 14 111 184 112 168 251 72 211 99 153 48 18 196 108 106 105 240 201 46 236 174 101 20 104 243 66 32
126 123 98 70 239 81 223 248 193 236 156 175 107 220 247 166 94 208 221 231 205 35 236 168 59 89 133 191 103 191 118 117
50 36 74 237 86 11 234 72 63 160 250 138 81 138 52 80 122 205 35 173 40 178 205 222 116 174 139 0 53 10 115 128
52 204 79 255 220 131 230 236 86 0 202 2 115 233 49 64 121 250 3 202 106 186 89 191 253 166 135 0 181 251 112 170
105 48 120 64 101 93 81 16 105 108 180 44 159 23 134 180 134 148 220 12 137 96 240 192 199 217 33 179 106 140 78 115
124 77 194 110 217 3 70 232 177 134 232 11 99 233 41 208 248 254 194 98 104 163 138 47 179 231 133 25 115 123 110 138
122 201 98 238 93 213 223 236 195 68 236 10 107 221 54 228 88 248 147 234 73 43 248 189 243 253 129 59 115 191 126 254
135 222 175 95 178 114 143 190 82 254 94 246 113 100 183 101 87 126 181 239 225 220 45 47 40 47 125 132 173 241 181 125
82 32 22 141 9 75 48 72 175 160 162 1 206 210 4 214 232 213 239 129 12 195 219 208 149 50 139 27 10 4 43 6
64 0 87 225 118 139 168 2 47 49 82 234 151 27 176 97 174 157 63 145 2 184 65 84 148 184 58 192 4 136 1 41
43 219 107 78 118 214 239 244 69 64 252 198 121 221 182 244 126 232 146 239 205 186 60 253 118 45 130 8 127 191 122 252
131 178 95 241 118 170 168 19 62 57 114 244 149 155 128 105 239 57 55 21 179 220 65 68 76 152 58 194 140 136 33 185
20 165 130 140 218 3 167 232 54 160 234 2 100 227 32 64 121 236 106 250 32 179 157 95 248 36 7 44 113 106 35 160
148 141 31 191 156 175 174 239 190 162 202 82 247 235 49 65 249 119 123 99 120 249 89 63 237 166 207 20 0 123 241 168
114 32 114 232 77 13 208 72 173 4 178 11 10 201 52 84 232 133 239 129 8 99 210 192 147 216 138 59 113 12 102 6
130 176 63 217 108 237 185 67 158 95 112 49 188 158 230 41 167 59 55 145 179 252 34 213 71 26 250 235 148 8 133 255
248 60 190 248 237 253 84 199 255 27 180 24 190 255 97 59 233 187 255 1 58 111 146 243 211 219 82 59 210 76 239 138
166 190 126 90 252 155 255 254 127 239 252 253 242 237 158 48 223 251 127 118 226 239 107 255 126 30 53 254 213 152 198 253
48 132 131 141 94 3 226 232 54 160 202 10 65 227 32 64 121 236 106 168 40 147 205 31 188 38 135 52 33 42 112 128
82 32 150 156 9 203 144 72 191 176 128 9 238 242 100 214 241 253 234 1 14 67 219 209 153 50 79 59 16 44 47 6
50 32 22 141 13 11 128 72 175 176 224 11 206 202 68 150 233 213 234 1 10 99 203 209 149 176 139 63 81 12 71 134
69 166 145 251 252 175 110 253 127 59 251 120 223 227 200 208 247 203 126 188 51 122 75 247 188 158 55 236 152 195 161 129
114 32 22 156 77 131 144 72 175 180 224 11 206 202 102 86 233 237 235 129 14 99 218 209 149 48 139 63 81 12 107 134
248 172 189 114 137 237 85 175 243 183 164 24 179 245 72 59 137 214 104 24 58 111 250 51 219 219 85 121 194 88 198 42
117 99 89 103 180 11 111 184 116 168 251 72 211 97 153 112 90 204 108 234 201 176 205 46 236 173 165 20 109 187 66 32
248 172 156 242 137 237 80 207 187 55 164 25 175 251 74 27 129 151 236 16 58 111 218 51 219 243 85 123 192 64 206 10
244 112 157 102 136 77 85 184 162 190 167 8 215 119 73 123 17 212 108 122 105 69 251 0 217 131 101 60 224 115 6 114
50 32 22 156 77 217 208 72 143 176 224 11 206 202 100 214 233 229 234 1 14 99 219 209 145 48 139 59 81 12 123 134
180 229 210 235 222 11 230 237 126 162 104 139 71 233 121 0 123 202 2 98 98 178 14 127 60 134 7 44 117 251 227 128
229 117 157 103 176 78 103 184 114 170 123 72 215 119 9 51 21 84 124 106 97 244 217 46 237 175 101 20 72 243 66 49
135 150 245 21 226 58 172 191 62 251 18 246 204 38 222 239 39 71 50 157 181 220 167 194 12 50 126 198 140 244 137 213
36 205 218 255 222 139 230 236 86 1 232 2 99 241 41 64 89 234 34 106 106 182 75 63 125 166 135 41 113 91 240 138
82 42 22 152 11 137 160 66 173 0 240 139 166 194 100 196 234 171 106 129 0 235 130 224 144 16 139 11 0 0 43 134
229 103 221 103 44 15 71 184 98 170 179 76 211 99 217 51 16 196 108 126 233 244 217 8 229 138 101 52 72 251 66 33
56 4 226 237 85 3 110 104 85 6 254 3 67 233 52 208 120 236 35 168 8 179 25 158 247 239 129 1 115 234 120 130
34 32 6 156 77 137 160 72 159 180 224 11 70 200 36 80 249 233 106 1 14 99 219 213 149 18 139 63 81 8 126 130
186 188 190 250 205 237 84 71 191 19 164 25 174 191 96 187 233 179 255 16 58 111 146 243 219 243 86 123 210 64 175 138
11 158 122 223 118 151 251 248 95 9 252 98 252 255 188 228 255 251 23 172 163 185 47 255 62 255 167 202 87 142 225 173
82 32 22 172 15 75 232 72 175 0 226 2 206 218 36 198 232 213 235 129 8 99 131 192 145 176 139 27 33 8 113 134
91 16 246 237 117 30 248 120 125 104 246 99 205 255 52 224 254 221 191 165 172 241 1 204 215 251 234 131 7 172 121 215
43 148 113 219 127 215 251 216 95 73 212 102 252 223 188 228 255 155 151 173 163 50 123 255 127 223 175 174 31 142 113 245
121 50 120 96 103 93 121 80 105 108 182 45 31 29 150 52 174 148 255 8 133 115 244 192 87 249 33 179 103 140 78 87
135 158 229 151 226 62 173 183 56 251 86 244 220 38 158 239 39 71 179 159 177 220 111 226 12 58 126 196 142 245 129 253
43 189 33 90 221 149 203 255 87 65 236 14 184 204 126 164 221 138 146 156 219 42 126 247 47 92 148 120 219 142 242 252
43 223 99 142 85 151 238 247 93 68 92 198 40 236 182 229 126 170 147 237 231 186 52 255 54 124 142 138 95 158 248 221
33 143 70 95 244 139 238 239 127 0 250 202 227 233 188 80 123 234 106 110 112 186 77 255 62 190 7 64 117 218 227 136
212 205 31 231 180 11 103 175 60 162 202 64 247 99 9 65 115 103 106 107 120 252 89 46 172 166 111 4 8 123 129 32
144 221 62 189 162 194 31 231 164 84 206 163 181 55 34 67 98 115 93 227 96 137 33 45 225 227 110 145 48 48 165 91
48 165 130 143 91 67 34 232 54 128 200 10 96 226 40 208 121 238 74 224 42 131 219 63 184 36 135 61 57 42 58 130
167 172 118 223 254 175 190 235 190 178 250 251 244 248 148 49 255 119 127 47 226 255 79 255 124 30 15 20 213 248 195 169
222 94 62 183 42 114 28 32 188 158 151 181 205 110 35 203 167 117 237 227 100 197 139 46 210 227 123 147 36 117 45 83
48 165 2 14 27 131 134 232 52 160 234 74 98 226 32 132 121 238 74 226 104 131 25 127 185 38 15 30 65 42 43 132
75 50 113 225 99 92 249 16 45 108 118 165 157 31 150 244 166 157 255 133 133 240 245 192 199 249 42 131 70 132 7 247
69 13 149 223 172 11 46 168 94 162 202 194 244 226 201 98 83 110 106 234 96 195 207 106 188 46 207 24 148 251 177 32
101 103 221 103 44 15 71 184 96 170 187 76 211 97 153 51 24 196 108 110 201 240 205 12 236 170 101 52 104 187 66 33
248 172 156 184 137 237 80 207 171 55 160 25 174 243 66 27 129 147 232 16 62 111 218 49 219 211 85 127 192 64 142 10
117 103 89 103 52 11 103 184 116 160 251 72 211 97 153 112 90 204 108 110 201 178 205 46 236 172 37 20 109 187 82 32
114 32 22 156 77 73 240 72 175 176 160 11 206 202 100 214 233 197 234 1 14 99 203 209 149 48 139 63 81 12 110 134
216 172 150 250 137 237 80 71 191 19 160 25 174 251 96 27 201 179 235 16 62 111 210 243 219 211 86 123 210 64 175 138
32 143 78 239 220 139 230 237 126 1 235 195 227 233 60 80 123 202 106 99 122 186 79 127 60 166 135 69 117 218 242 136
5 174 211 179 252 171 110 232 127 177 251 216 199 226 232 208 251 207 78 62 50 242 79 247 188 158 7 100 156 251 129 128
82 2 247 253 108 10 248 104 127 0 242 99 205 251 52 196 254 253 127 161 140 243 3 204 150 250 203 130 23 172 113 135
59 150 120 219 124 151 250 216 95 40 244 226 249 223 188 100 255 155 23 173 174 50 111 255 190 223 175 238 55 140 113 165
123 48 122 96 103 93 121 80 105 108 246 175 27 31 150 48 174 149 255 0 133 115 181 192 87 249 33 179 103 132 110 215
66 58 7 153 74 201 160 66 174 204 210 239 164 194 224 82 232 235 106 129 5 203 130 96 148 34 171 154 8 0 35 149
143 220 237 87 226 118 191 183 122 247 71 150 249 111 222 175 39 95 179 158 241 220 125 226 110 111 223 196 175 245 129 244
114 32 22 156 13 201 16 72 175 176 160 11 206 202 100 214 232 245 234 129 14 67 219 209 145 48 139 63 16 12 47 6
75 50 114 225 103 28 249 80 45 76 246 167 157 31 150 244 238 157 255 141 132 208 229 192 215 249 170 131 39 132 47 247
56 36 2 140 25 195 130 104 54 164 232 14 98 226 32 212 121 236 202 162 41 179 89 31 184 38 135 31 89 42 58 134
50 32 22 152 73 137 128 72 142 52 160 11 70 208 100 212 201 169 234 1 10 99 218 209 153 16 139 59 80 8 53 6
50 32 22 156 13 193 144 72 175 180 160 11 206 202 100 150 233 229 235 129 14 99 218 209 145 240 139 63 81 12 39 6
250 168 188 250 9 237 80 199 155 23 165 25 174 255 96 155 201 179 239 17 58 79 218 177 219 211 90 123 146 12 142 10
36 107 89 174 238 3 175 200 132 176 144 234 85 195 241 3 122 253 87 235 65 99 202 56 116 128 239 188 61 251 51 160
26 31 99 239 54 146 127 112 37 64 222 230 109 103 160 228 118 245 159 238 201 145 37 254 242 229 170 128 63 254 53 113
42 184 126 152 111 209 185 198 159 93 244 171 44 158 118 132 239 59 247 129 134 107 34 241 91 81 30 235 23 12 45 223
199 150 165 149 235 122 188 135 190 255 18 245 204 46 206 239 167 71 251 149 183 220 183 226 12 50 94 198 142 84 129 221
91 18 126 237 45 94 89 88 47 108 182 39 207 31 182 118 238 213 255 132 141 193 115 220 211 251 163 147 63 140 124 119
114 32 22 140 77 9 224 64 175 32 226 11 78 218 36 214 232 197 106 129 12 227 147 192 149 176 139 59 1 12 107 134
114 32 22 152 77 193 128 72 175 0 160 11 70 218 100 214 232 245 234 129 14 99 195 209 145 50 139 27 17 8 45 6
202 173 224 145 187 184 60 175 59 55 14 153 172 46 86 198 167 95 249 149 118 88 135 243 174 86 94 127 134 212 143 76
75 50 120 225 103 93 249 80 45 108 246 163 159 31 150 244 174 157 255 133 132 240 229 192 215 249 42 131 102 132 15 247
246 99 236 10 206 81 222 200 195 244 181 175 67 204 255 27 123 192 231 247 206 103 238 48 122 9 229 191 117 123 254 214
54 166 232 139 254 177 154 200 22 93 221 247 65 232 254 0 127 139 23 183 158 34 79 19 14 13 171 253 245 203 252 213
191 205 226 254 151 54 222 238 17 130 248 147 123 125 53 161 127 255 149 239 236 239 28 174 123 239 205 128 247 253 240 138
114 34 18 152 73 137 128 72 171 160 160 9 6 200 100 146 232 233 234 1 14 99 202 81 149 16 131 59 81 8 42 134
