72 50 121 100 35 92 89 16 41 236 54 104 223 23 192 118 134 213 253 8 1 64 177 192 195 249 33 147 34 128 6 115
219 150 229 254 239 84 95 188 55 95 215 247 121 127 190 247 119 215 191 174 250 74 255 247 247 255 254 140 54 244 180 121
31 188 124 241 183 255 187 210 94 249 182 183 223 60 215 41 191 125 215 181 181 248 125 222 239 223 175 245 239 253 217 215
90 50 251 100 35 92 89 80 233 236 52 172 31 159 198 182 166 213 245 0 133 97 176 192 219 249 37 163 99 164 79 119
90 24 242 254 231 212 127 118 185 206 246 171 109 255 183 126 118 255 183 134 228 219 182 235 119 255 222 139 39 244 102 123
88 50 251 229 34 92 121 80 45 236 182 232 223 159 194 114 166 213 253 128 129 65 161 192 215 249 39 131 110 132 7 115
88 18 253 229 34 74 125 48 45 238 118 229 223 63 131 122 38 85 253 34 129 208 225 8 198 251 103 128 46 240 5 113
63 188 240 193 245 255 250 210 95 237 180 186 75 29 215 172 191 221 215 61 182 242 125 218 111 223 39 231 199 253 223 247
94 56 178 246 195 244 190 80 185 202 126 3 108 255 103 254 247 255 187 131 196 211 178 226 63 124 31 11 131 119 39 223
95 50 255 245 170 10 125 120 189 202 246 230 221 239 129 122 246 245 255 166 161 209 167 200 222 251 239 128 174 240 35 113
90 50 118 248 107 213 24 88 191 252 180 175 110 223 102 82 255 241 255 129 142 67 170 209 219 211 171 187 18 4 39 83
90 50 238 173 58 6 121 120 55 228 214 135 221 239 18 64 127 197 255 165 172 209 223 220 222 227 239 133 62 164 61 81
123 4 238 253 46 18 127 120 53 202 246 130 123 111 182 115 126 245 191 174 233 209 237 207 246 239 235 128 55 244 96 113
95 134 206 189 186 18 94 248 55 230 214 135 205 239 50 65 127 229 255 165 44 209 207 223 254 231 239 149 174 228 60 82
174 182 96 219 253 219 218 248 95 189 252 187 202 204 254 133 221 155 199 49 182 106 106 255 111 86 133 255 215 142 222 215
90 34 206 173 58 2 121 120 55 228 214 135 221 239 18 64 127 197 255 165 172 209 207 220 222 227 239 133 62 164 57 83
26 156 62 255 61 215 222 248 159 254 214 39 255 255 34 97 255 251 191 163 173 243 59 255 251 255 207 135 55 108 61 211
94 50 252 100 233 92 93 48 41 238 182 12 95 55 199 254 167 213 253 170 137 67 249 192 223 251 101 179 162 244 70 113
46 182 240 80 253 157 243 216 91 189 116 175 10 237 222 148 191 200 199 53 166 114 238 147 126 93 37 255 215 236 94 215
175 221 246 255 253 255 254 254 31 126 223 179 237 253 190 101 255 255 191 231 253 239 107 255 190 127 207 255 151 255 245 215
7 184 246 83 247 159 190 194 255 250 54 111 238 252 215 174 175 127 247 21 181 249 190 232 46 90 95 163 207 124 91 221
255 156 230 254 175 214 127 254 159 94 214 183 125 255 190 99 127 247 191 135 254 75 175 255 254 255 255 139 183 244 252 95
39 182 105 219 252 131 235 248 94 57 208 242 241 248 252 96 95 202 23 189 163 50 79 247 60 30 175 236 157 138 240 161
47 158 125 219 254 151 255 248 95 90 124 230 249 255 190 97 127 251 23 175 163 250 111 255 110 95 239 228 95 254 113 249
98 48 255 92 110 217 241 72 239 248 244 42 88 220 230 54 235 253 254 128 131 99 238 209 31 56 7 191 87 140 102 231
15 158 255 223 246 151 255 248 95 74 94 230 253 255 191 101 127 123 55 175 225 184 47 255 110 127 255 136 31 254 113 249
3 50 123 84 99 222 185 80 233 232 116 228 12 222 246 182 166 125 246 0 133 241 182 192 22 121 43 163 79 4 111 245
7 158 187 219 252 137 186 246 158 89 80 246 252 254 244 224 231 123 191 17 163 120 10 247 44 62 191 234 156 8 161 153
88 20 172 237 45 94 95 56 165 206 150 0 223 119 18 115 196 244 253 174 233 193 249 140 227 251 227 144 34 244 100 113
10 50 115 68 99 92 121 80 121 236 116 174 28 223 198 180 54 221 247 0 133 243 180 192 87 249 33 171 103 132 111 247
90 136 242 255 127 155 250 192 127 160 246 139 239 234 54 192 255 239 255 1 142 122 207 251 150 255 3 187 62 172 73 7
122 50 255 124 107 20 89 88 175 180 244 136 74 231 100 246 238 253 239 128 138 67 250 209 87 249 139 191 51 160 102 230
7 156 102 155 190 191 190 238 222 251 82 183 236 252 190 105 255 123 191 149 182 248 111 255 44 30 223 198 213 93 177 223
14 156 166 159 190 130 188 175 159 83 210 183 236 238 58 75 231 119 191 135 242 217 15 255 172 54 223 194 148 93 177 89
105 48 121 100 109 93 113 24 107 232 52 40 30 29 198 182 134 220 214 8 133 112 248 144 71 217 33 179 74 140 78 119
59 48 238 157 108 27 248 72 223 240 242 70 219 248 182 160 255 237 126 133 141 243 255 221 158 91 239 148 93 172 121 197
27 48 39 173 45 79 233 72 94 252 210 7 220 206 22 96 217 77 127 141 141 241 123 221 133 250 203 148 28 12 117 246
26 184 122 218 107 209 186 220 191 29 244 163 124 223 238 48 255 251 183 128 134 107 170 243 91 237 54 171 87 128 47 251
26 159 102 190 63 210 95 248 21 76 222 167 105 239 186 197 126 243 191 231 168 139 47 255 250 255 171 137 55 142 60 121
55 205 99 202 220 131 206 236 87 32 216 194 97 232 60 4 121 234 19 239 218 187 76 191 60 14 143 108 117 139 240 132
66 176 242 158 235 208 190 239 63 87 121 179 108 254 110 80 255 219 183 128 22 75 154 243 63 247 158 203 157 86 175 223
59 32 238 157 108 31 232 72 95 248 242 70 203 232 182 160 255 237 254 133 133 243 239 221 158 91 239 180 93 172 121 197
11 223 122 223 246 151 191 254 29 78 92 231 253 254 182 97 127 123 151 239 247 186 44 255 110 95 190 192 31 220 189 253
90 32 62 188 47 193 88 88 143 216 148 171 223 219 50 66 239 237 255 129 14 99 203 209 210 243 171 191 63 140 57 19
27 157 127 255 118 147 255 246 93 202 222 226 125 255 180 96 127 251 55 239 233 187 47 255 250 255 255 128 55 250 113 249
70 120 214 159 111 126 252 194 187 166 242 3 236 254 103 222 235 253 255 131 100 215 154 234 23 62 223 131 135 117 111 143
59 178 226 140 127 145 186 200 31 196 216 231 105 238 246 224 255 249 183 133 142 178 238 211 62 125 143 175 127 174 60 213
27 141 239 255 182 146 239 254 87 66 222 198 121 239 179 96 127 239 55 239 169 153 47 255 242 239 175 128 191 250 121 249
185 149 123 237 118 91 255 248 95 96 254 130 89 253 182 96 126 220 31 169 161 177 125 223 119 239 163 132 119 170 117 241
35 32 164 189 109 159 248 72 223 248 244 15 234 248 118 162 217 109 254 5 143 99 255 209 31 122 207 187 94 44 90 215
78 56 246 244 227 126 188 80 169 206 246 163 204 255 103 254 230 245 253 19 196 209 178 192 159 251 79 131 134 245 47 87
6 142 164 153 253 51 191 234 31 255 150 179 204 110 254 205 255 87 191 183 182 90 111 247 188 86 255 247 151 125 157 85
91 50 247 92 107 208 184 88 233 200 244 236 108 214 228 182 38 253 254 128 131 99 166 193 19 248 3 139 79 164 47 181
90 50 255 245 42 10 61 112 189 202 246 231 221 255 129 122 246 245 253 160 161 209 163 200 222 251 111 130 174 244 39 113
111 58 243 86 227 84 253 252 249 203 118 228 104 255 207 191 55 255 247 138 167 219 174 235 31 62 86 138 207 244 111 253
31 159 122 222 247 215 255 254 223 77 220 167 124 255 190 100 255 251 151 231 247 187 62 255 123 127 174 202 63 223 253 255
9 8 151 223 79 215 168 120 222 216 82 66 252 243 176 228 83 106 58 8 33 225 63 253 7 58 203 8 26 40 97 164
62 217 113 233 189 215 91 248 7 104 252 2 207 223 122 228 252 153 191 251 203 50 123 221 251 221 135 255 54 142 116 247
88 50 123 225 34 92 121 80 45 236 182 104 223 31 192 50 166 213 253 128 129 65 161 192 211 249 39 131 102 128 7 115
11 48 114 17 111 221 176 80 239 248 52 109 206 216 246 166 175 101 254 5 133 241 190 208 158 89 7 179 79 12 91 215
38 176 214 145 253 127 248 200 63 181 179 27 206 254 95 142 251 221 255 177 54 115 219 208 159 90 79 119 199 109 207 135
73 16 183 253 44 78 125 56 253 78 246 68 223 255 176 115 246 244 127 174 161 241 179 200 213 250 226 128 2 240 115 113
11 186 54 186 124 133 249 208 191 88 112 103 188 222 182 100 239 251 159 133 130 75 10 253 22 122 171 170 30 4 35 215
26 190 126 250 114 211 186 216 191 204 118 163 108 223 38 225 255 123 151 161 162 145 40 255 251 215 175 131 53 128 47 211
27 94 107 253 118 147 255 118 21 74 222 231 57 47 182 97 127 251 151 237 237 187 37 255 114 111 190 128 63 252 241 249
59 34 126 237 110 75 248 88 127 232 246 227 221 222 150 112 126 221 127 129 133 243 207 208 214 251 171 147 71 140 105 151
18 34 110 173 40 23 248 88 175 236 210 135 205 207 54 66 238 221 255 133 140 195 203 208 150 243 171 147 21 132 53 211
43 58 244 221 109 221 249 87 63 237 246 239 173 191 150 244 239 255 255 141 135 250 243 253 223 251 254 139 79 140 109 255
41 50 61 237 108 95 216 24 111 248 180 108 222 30 214 50 207 84 127 12 135 96 251 145 198 249 163 180 92 136 91 49
56 164 122 233 118 211 235 248 119 228 254 130 89 207 182 48 127 185 23 168 168 179 45 222 127 207 167 129 103 138 102 240
59 48 103 220 111 145 233 72 143 180 244 174 76 222 244 150 235 228 255 140 130 99 186 209 22 120 131 190 95 12 114 247
107 178 247 220 111 213 249 216 223 220 244 238 108 255 246 246 255 253 255 141 131 115 254 209 30 122 239 190 95 172 102 245
26 158 126 253 247 247 253 119 87 207 214 51 41 191 54 101 239 187 191 129 180 251 53 223 255 255 223 131 55 204 253 255
107 178 237 205 109 95 89 152 79 252 180 108 222 55 210 182 207 212 255 12 139 98 251 209 207 251 165 188 94 172 86 113
26 148 255 253 63 214 253 127 223 223 214 183 109 191 182 101 255 183 191 161 181 233 55 223 251 255 255 135 183 236 253 127
43 178 246 94 111 213 184 216 207 248 180 230 232 220 246 166 239 251 254 5 135 99 254 241 30 121 143 187 95 44 123 213
110 176 54 250 237 213 216 200 159 28 244 10 236 223 126 212 217 155 255 145 10 99 250 241 31 219 143 255 146 12 120 198
2 159 106 158 214 128 190 231 189 77 90 167 44 174 182 64 238 251 147 197 246 152 52 255 54 54 158 195 5 84 181 223
67 18 188 205 40 27 184 24 238 232 150 236 222 230 150 102 70 69 126 13 131 193 239 209 196 58 43 152 28 168 9 85
121 48 121 68 101 93 83 16 121 236 246 12 26 29 214 52 220 220 212 8 141 114 240 130 215 221 33 51 75 140 94 119
10 136 86 223 111 155 190 226 191 178 246 162 237 234 164 132 47 255 254 128 33 249 15 255 158 255 95 131 79 164 41 141
26 201 34 222 215 144 190 229 159 5 72 3 44 234 52 196 120 251 179 193 82 155 26 255 59 124 138 75 23 6 189 142
41 35 113 77 116 27 235 120 97 232 124 238 89 13 150 180 126 204 22 238 197 178 109 220 54 93 161 160 111 142 90 229
91 16 254 229 35 86 121 16 53 236 214 163 221 63 2 114 118 213 253 161 169 209 113 204 195 251 107 129 38 164 45 115
43 50 255 125 109 223 249 88 127 252 244 230 217 220 150 164 255 253 255 141 135 243 255 221 95 219 175 167 79 140 111 245
73 48 181 101 37 92 81 16 105 232 182 76 223 55 128 246 134 212 124 8 137 96 241 192 195 251 101 144 74 160 70 115
73 50 253 229 34 94 185 16 104 236 54 236 223 31 198 50 166 85 255 0 129 240 177 192 206 251 35 128 78 128 15 113
107 32 36 189 109 157 248 88 207 232 244 15 202 216 118 226 204 237 255 13 143 99 255 209 150 121 139 187 94 12 120 215
94 158 174 190 137 134 62 232 190 222 210 167 237 238 59 75 253 247 255 167 40 203 203 255 185 119 239 131 148 116 53 82
59 58 254 253 111 95 249 90 255 252 246 167 221 255 150 244 255 253 255 141 133 243 255 221 223 251 239 151 79 172 109 247
10 156 178 253 119 220 185 119 191 77 86 55 172 190 38 196 231 59 191 5 167 216 50 247 47 127 94 195 6 4 173 223
72 154 190 253 44 143 241 178 206 124 150 101 215 253 178 98 207 117 127 9 136 225 123 29 197 171 99 144 84 168 21 115
107 48 246 236 109 95 121 88 127 252 118 45 94 255 210 244 247 252 255 12 129 112 251 209 95 123 101 167 110 172 78 119
26 50 110 173 104 7 248 88 63 236 210 135 205 207 54 64 254 221 255 133 136 211 203 208 150 243 171 131 21 132 53 211
252 221 84 254 45 94 94 184 161 186 182 8 235 127 9 211 193 214 253 106 108 71 219 191 243 251 229 157 50 252 108 19
90 34 82 160 41 25 120 72 175 180 178 237 207 202 70 214 166 197 238 133 4 67 142 208 150 209 11 191 10 132 43 85
43 32 106 217 116 147 251 80 61 204 116 131 25 207 182 116 126 185 23 140 168 178 96 206 87 221 163 136 103 134 102 241
2 205 50 190 223 196 190 230 159 12 216 3 236 218 54 64 235 123 187 195 70 11 154 255 191 118 143 203 21 30 189 142
38 164 240 131 253 127 242 201 31 181 185 27 206 248 94 156 187 207 247 49 22 114 219 210 159 30 21 127 215 79 219 198
4 188 254 95 254 201 183 232 255 255 116 58 124 253 207 59 187 255 119 16 54 122 238 115 127 23 117 235 197 248 135 243
34 58 106 217 111 211 186 90 31 236 244 175 8 204 182 4 254 253 247 129 132 251 231 210 86 95 139 171 119 12 127 215
57 55 242 77 119 95 234 88 117 200 124 230 107 205 182 180 126 204 150 172 133 178 53 206 118 255 33 128 111 142 122 245
27 30 227 255 87 210 235 112 87 204 222 230 121 239 180 228 126 239 183 141 169 186 45 239 118 239 170 128 63 174 112 249
26 50 238 253 107 86 185 88 191 204 246 167 205 239 150 244 254 253 255 133 141 211 251 205 215 251 239 139 6 164 45 247
27 52 111 233 82 22 187 120 61 192 86 134 93 223 180 97 118 221 147 173 161 208 53 206 255 239 139 128 39 128 33 241
73 18 189 237 44 14 121 24 238 232 214 100 223 191 128 98 198 85 127 13 137 225 227 128 198 251 99 144 30 168 17 113
63 223 98 206 127 149 207 248 199 72 252 103 120 223 191 228 126 232 151 238 203 35 62 253 50 92 167 174 127 191 120 221
139 30 238 157 36 214 189 119 188 206 214 231 124 254 183 107 230 103 255 133 229 201 55 237 114 123 254 130 15 244 57 255
121 48 53 233 45 79 89 24 23 236 182 12 223 31 64 240 221 148 255 8 137 114 123 156 203 219 165 48 58 140 84 115
88 20 182 252 45 94 92 56 173 238 182 8 95 255 0 247 196 245 253 42 168 193 241 200 211 251 231 147 2 244 76 115
90 48 114 96 99 93 185 80 169 236 180 175 14 159 198 182 167 213 221 1 133 99 176 192 219 217 39 179 103 132 15 247
3 138 210 159 116 217 186 226 191 76 254 226 237 234 182 196 255 235 255 128 6 249 47 255 158 254 191 131 71 134 41 205
46 180 240 193 253 127 251 200 31 253 185 31 74 252 95 156 253 205 247 177 62 115 249 210 191 220 133 255 215 127 222 215
91 2 239 189 46 2 253 120 189 66 214 231 221 239 176 99 126 245 63 175 169 209 47 205 214 235 235 128 62 228 49 113
19 176 246 157 63 219 176 232 255 248 242 38 238 248 182 162 191 125 254 1 165 241 191 221 28 90 79 23 69 44 93 199
90 58 250 180 34 220 57 82 168 204 150 173 191 222 66 82 166 247 253 1 133 65 178 96 219 225 47 155 44 4 15 83
154 158 126 255 50 195 190 232 188 142 222 167 125 255 42 81 255 243 159 227 228 211 9 255 251 199 239 131 53 32 45 211
105 50 121 69 97 93 121 16 107 236 116 76 27 31 198 182 166 221 246 8 129 112 184 192 71 249 33 162 75 132 70 245
109 48 248 100 225 92 121 80 123 252 246 8 91 191 214 182 191 221 244 152 141 114 252 192 95 249 101 165 227 228 78 245
72 20 255 253 38 78 117 56 61 206 118 34 223 127 160 103 118 117 63 42 160 209 177 204 245 251 235 130 38 240 101 115
105 48 249 68 101 92 121 16 105 72 182 76 223 31 134 246 134 212 252 8 137 96 241 192 199 249 96 146 74 128 66 117
14 142 162 147 239 191 191 246 31 255 94 187 204 174 246 76 255 255 191 149 180 88 107 246 159 23 223 247 150 125 149 215
185 141 234 255 180 146 239 246 87 66 254 34 121 235 183 224 123 238 63 206 233 187 45 255 242 239 175 128 55 250 112 233
63 249 115 234 125 215 126 248 71 232 252 78 107 223 242 244 124 184 151 250 203 50 120 189 191 221 133 171 127 142 124 247
185 149 127 237 22 78 239 248 92 106 222 66 83 125 180 97 126 245 63 235 233 177 61 159 247 239 163 148 53 168 112 113
39 162 96 249 252 139 235 216 95 176 240 234 209 201 252 96 127 136 55 157 163 242 79 223 28 30 175 236 93 136 80 161
26 8 250 254 119 153 250 64 255 4 126 175 237 238 246 64 254 255 191 1 134 186 142 251 182 253 35 139 63 174 41 135
62 201 66 202 221 131 206 236 87 0 216 3 96 200 124 132 216 234 147 211 90 59 14 191 57 4 143 111 117 30 248 134
122 50 230 220 107 19 105 88 55 244 246 175 73 231 178 212 127 253 255 140 8 211 235 221 94 123 207 141 55 164 38 241
123 48 211 228 75 92 88 24 59 224 230 205 79 247 70 244 246 221 255 132 141 82 251 194 159 255 69 139 43 164 42 84
43 50 112 65 101 31 241 88 123 172 116 46 10 25 150 180 190 156 198 8 132 242 245 200 86 219 1 163 79 140 110 151
174 190 116 251 191 219 158 232 159 62 144 187 206 236 62 133 223 147 207 51 254 99 107 253 191 82 207 247 87 12 157 215
122 184 242 222 77 212 126 232 187 206 252 3 108 255 127 244 253 255 183 135 134 67 186 227 51 126 222 139 131 118 110 223
15 158 58 219 254 145 186 218 159 89 84 230 252 254 252 225 247 123 183 1 163 248 10 255 108 127 191 234 30 140 41 153
30 188 126 243 183 223 250 240 255 252 182 3 207 253 119 165 191 241 223 49 180 241 57 254 255 219 15 247 199 204 77 215
106 144 233 222 111 84 127 252 59 95 244 147 105 255 190 247 127 223 183 142 174 82 254 243 119 255 222 143 55 252 254 255
91 176 165 253 61 95 73 168 159 252 150 2 238 255 144 230 217 212 253 45 41 225 123 157 153 250 207 150 54 44 21 119
31 156 126 243 183 223 255 240 255 254 150 167 223 125 51 105 191 245 255 183 253 249 61 254 255 219 79 214 239 252 21 83
34 178 255 94 105 221 185 216 239 252 244 8 104 206 118 50 239 253 238 128 134 99 186 241 95 58 7 187 81 32 102 247
111 150 229 207 237 31 127 186 31 127 214 255 73 127 188 255 119 214 191 174 185 90 255 247 255 127 231 206 182 252 244 117
58 186 124 251 123 211 187 216 30 28 244 163 185 223 238 64 255 219 151 128 134 66 111 253 239 249 171 175 119 132 47 211
90 50 123 225 34 88 121 80 45 232 182 237 159 31 128 114 166 213 255 128 129 65 161 192 214 249 43 131 46 132 7 115
58 151 103 222 127 211 95 248 23 68 222 166 106 239 190 244 127 251 191 174 171 147 127 255 187 254 143 203 55 174 116 125
57 32 174 189 45 31 248 88 94 248 210 7 219 232 150 224 221 237 255 133 141 243 255 157 223 251 239 181 93 44 121 197
11 159 107 255 244 215 255 246 31 76 92 167 253 239 182 228 127 123 151 207 199 184 47 255 110 127 174 128 31 222 189 253
90 50 174 189 41 70 120 88 183 252 210 135 221 239 18 66 253 253 255 133 8 211 219 221 223 243 239 149 20 36 37 210
83 48 182 188 47 223 240 72 255 252 210 39 206 248 182 98 255 229 255 1 133 241 175 221 158 122 79 147 93 44 121 215
211 222 239 255 14 2 111 248 181 130 214 230 121 235 177 99 127 231 63 174 233 215 15 255 246 235 239 128 61 248 112 41
56 60 107 233 116 211 235 120 119 204 254 2 89 207 180 32 127 184 87 168 169 179 125 223 255 207 167 128 119 138 118 241
46 180 116 225 253 95 250 216 95 253 180 27 206 93 94 165 223 219 215 53 182 112 121 223 175 223 5 247 215 140 223 215
94 48 246 214 235 84 188 64 185 206 242 163 108 254 119 254 246 255 255 131 196 211 130 224 151 120 207 139 135 244 47 215
99 48 249 65 108 29 248 88 107 232 244 110 155 29 212 54 142 220 87 8 141 114 253 192 95 217 37 186 79 136 66 247
27 159 123 254 246 215 255 254 95 76 220 167 121 255 182 100 127 251 151 199 255 171 46 255 122 127 175 202 55 238 181 253
62 176 240 225 239 221 248 208 239 252 180 171 143 157 215 190 175 241 223 21 134 115 248 208 223 217 7 247 199 140 79 215
11 16 151 222 79 210 168 72 207 72 214 98 236 210 180 230 106 124 250 8 131 193 190 241 21 58 139 138 30 44 57 165
155 143 122 255 118 147 255 242 95 202 222 226 125 239 180 96 126 255 55 203 169 185 45 255 246 239 175 128 55 254 113 169
30 156 246 255 253 223 254 248 159 254 214 183 237 255 190 101 255 255 191 167 228 251 123 255 255 255 207 151 151 252 245 247
79 156 166 159 191 145 191 172 158 219 214 179 236 254 58 237 255 115 191 151 182 217 15 247 188 119 255 202 150 124 185 221
15 158 253 253 254 23 255 250 95 250 84 230 253 125 188 96 127 251 55 173 163 250 111 255 110 255 239 140 63 236 113 241
90 20 190 253 63 86 94 56 157 238 214 3 223 127 38 227 255 245 255 161 172 193 121 222 251 255 207 147 54 108 45 83
91 22 238 237 44 94 125 56 53 106 246 70 219 111 182 99 126 213 191 173 169 209 245 204 247 251 235 128 63 252 112 113
51 183 226 143 93 147 250 200 31 196 216 167 104 236 62 228 255 251 183 133 174 179 238 255 62 124 143 171 23 46 124 212
90 48 249 101 43 92 121 16 59 236 182 45 223 63 70 118 182 213 253 8 136 208 241 192 215 251 97 179 102 164 7 115
43 223 99 206 116 151 255 252 87 76 124 230 104 205 190 228 126 234 151 238 199 186 46 255 54 92 167 170 127 190 120 221
90 16 254 229 43 86 121 48 45 236 150 167 223 63 2 114 230 213 253 129 172 193 241 204 211 251 235 147 38 164 45 83
110 176 56 248 237 213 217 216 143 116 180 8 234 223 126 212 201 137 255 17 142 99 250 209 95 217 143 127 214 12 94 214
2 159 99 158 246 196 191 231 189 77 90 231 44 174 52 68 238 123 23 133 243 152 6 255 61 54 158 194 21 84 181 255
74 186 251 254 106 217 187 216 191 236 244 237 236 255 238 80 255 255 255 128 131 83 186 243 158 215 175 170 30 164 39 243
11 56 246 221 117 221 249 87 191 253 118 179 172 190 150 228 239 63 255 5 167 248 115 253 95 123 94 131 7 140 205 255
11 58 254 253 109 223 249 82 63 252 246 175 156 191 150 228 239 253 255 133 133 251 243 253 95 123 223 131 15 172 109 255
42 141 34 218 221 213 190 239 159 5 76 3 40 250 38 196 233 187 147 209 86 10 26 247 63 85 142 107 19 14 253 142
107 178 231 221 109 223 185 218 159 220 244 239 232 254 246 246 255 253 255 141 135 115 239 209 30 123 239 174 31 172 103 245
91 34 82 176 43 157 248 64 175 36 178 141 142 138 102 212 238 165 239 133 140 67 150 208 146 81 139 155 10 4 43 86
11 178 167 189 47 223 184 216 159 252 214 231 236 222 246 98 255 125 255 133 135 67 235 221 158 115 175 190 30 44 61 215
73 178 244 229 44 15 121 152 127 248 54 236 223 62 210 50 23 84 126 29 133 240 255 208 207 251 103 244 78 172 91 145
75 48 253 229 32 94 105 16 109 232 54 76 223 31 212 242 166 213 127 12 129 240 241 192 223 249 35 128 74 128 3 113
27 50 255 85 99 214 185 80 253 204 246 166 121 222 246 162 190 125 247 132 135 243 182 193 83 251 47 139 79 164 111 245
104 48 120 104 45 93 81 24 107 108 180 8 159 29 6 48 132 148 253 8 140 98 241 144 195 249 1 51 66 140 70 115
107 50 247 220 111 221 121 88 251 252 116 174 108 255 246 246 183 253 247 12 129 115 190 209 31 122 69 170 119 172 70 245
88 48 56 97 41 93 89 24 107 108 38 8 159 23 2 112 134 149 253 8 137 64 241 16 195 249 33 49 98 128 70 115
2 158 182 213 119 158 188 103 191 15 86 51 172 190 38 100 231 63 191 129 182 216 32 255 127 127 158 195 6 68 165 207
90 178 190 190 45 223 88 248 223 216 214 11 239 239 122 198 253 255 255 129 142 99 203 249 219 243 207 187 30 172 45 87
27 176 247 223 47 219 176 232 191 252 214 230 236 254 166 198 255 111 255 128 133 227 175 253 158 123 79 155 15 172 109 245
11 176 239 253 127 91 248 248 63 252 246 167 252 238 182 224 255 253 255 165 165 211 255 221 94 59 239 135 39 44 125 243
27 178 246 157 126 91 249 248 127 248 214 227 237 239 182 100 127 253 255 161 165 243 239 221 222 115 231 135 127 172 45 213
107 178 253 205 108 95 121 152 123 252 52 236 223 63 214 246 151 92 255 12 129 112 235 208 79 251 101 182 86 172 86 245
27 159 107 255 118 146 255 246 21 78 222 231 121 175 182 96 126 255 183 207 233 184 37 239 118 111 190 128 63 254 240 249
43 178 237 221 124 31 233 184 191 252 246 236 251 235 150 214 223 228 127 140 169 242 255 221 142 251 231 148 14 172 112 241
27 48 118 69 115 95 185 80 121 228 118 167 12 222 134 180 190 93 215 161 165 241 180 204 95 219 15 131 103 132 111 247
42 42 122 251 116 155 251 80 31 68 124 131 153 223 182 112 126 173 23 140 160 178 96 254 119 255 162 129 103 138 118 227
2 217 58 188 253 197 190 239 159 76 216 3 172 254 38 64 232 123 147 193 70 43 26 255 189 213 143 235 21 30 189 223
43 54 98 73 117 23 251 88 87 204 252 230 73 204 182 164 127 200 150 172 167 178 127 223 54 93 161 143 127 142 122 245
27 30 99 255 119 214 234 112 85 72 214 230 121 239 190 228 126 255 183 141 171 178 52 239 118 239 170 128 63 140 120 241
27 26 127 255 50 134 185 112 189 200 86 230 125 239 178 96 118 127 63 141 161 217 37 236 214 235 235 128 45 164 33 241
207 156 181 222 173 86 68 168 239 250 182 24 234 126 157 255 193 246 252 170 253 99 251 255 187 250 207 158 146 124 248 119
89 50 58 160 40 29 121 80 47 236 182 237 159 134 194 112 134 149 204 13 141 67 233 144 208 209 43 187 72 132 47 117
27 92 255 245 166 118 189 118 189 218 214 231 253 191 183 107 231 119 255 167 229 217 51 232 242 251 255 130 142 244 33 251
58 176 110 249 77 215 249 200 223 252 244 3 75 221 54 160 255 249 247 129 142 243 123 221 87 219 203 175 87 12 126 215
91 48 18 152 45 148 184 64 173 64 210 198 140 202 54 212 238 165 254 133 5 67 151 192 146 112 139 139 10 4 43 21
42 184 237 221 109 86 255 248 27 95 244 131 105 255 158 244 255 223 183 136 166 82 251 211 95 255 207 175 23 236 118 247
25 176 166 189 61 31 216 248 215 252 214 11 235 248 50 96 249 237 255 161 174 243 255 221 223 251 239 157 119 172 120 71
19 176 246 221 127 219 184 232 255 244 242 163 236 252 54 32 191 253 255 177 164 241 191 221 157 123 79 7 69 44 37 215
90 160 134 189 41 71 88 248 191 252 214 129 239 255 2 82 221 253 255 165 40 195 203 221 223 243 239 159 54 164 52 83
43 160 226 221 125 159 250 216 95 236 252 11 234 232 254 164 217 236 247 29 134 242 239 223 63 62 135 175 87 174 82 197
91 178 247 223 63 223 184 248 255 252 214 231 238 254 254 230 255 127 255 133 167 99 239 249 159 123 79 187 95 44 47 245
11 172 250 254 122 159 187 200 63 228 244 131 253 238 106 112 255 251 255 133 34 211 250 251 254 223 143 170 54 164 39 224
105 48 242 101 101 92 249 80 105 236 244 8 91 31 214 182 175 220 247 140 129 242 240 192 95 249 37 171 67 164 78 247
162 221 58 190 253 197 191 231 159 76 216 35 172 254 34 64 234 123 151 195 102 175 26 255 253 213 174 171 21 24 181 219
11 159 235 255 245 215 255 246 95 77 94 167 253 255 182 228 255 123 183 207 247 184 62 255 111 127 174 128 31 222 245 253
30 158 170 147 247 223 187 246 31 237 222 191 236 238 246 196 255 255 191 149 166 219 170 254 255 87 191 227 150 76 157 255
75 178 240 190 111 149 248 216 127 220 244 239 236 220 222 164 191 219 255 149 135 99 239 243 30 93 47 175 79 132 43 213
111 152 231 215 239 223 125 240 159 255 86 207 76 255 244 244 255 255 191 12 161 91 185 244 95 123 207 166 190 236 84 247
120 48 121 101 99 94 121 16 121 236 118 44 95 63 70 180 182 221 247 8 129 242 241 194 215 253 33 163 103 132 71 115
106 48 120 248 109 93 217 88 207 252 180 9 154 221 86 48 205 153 223 17 142 99 250 209 223 217 133 63 87 140 94 211
90 20 190 236 61 86 92 104 143 238 150 3 206 127 38 195 238 213 255 163 44 195 219 220 251 251 207 147 18 108 44 83
90 178 246 223 127 223 185 248 191 252 246 167 104 255 246 230 255 127 255 141 165 227 191 249 30 122 207 139 15 172 47 245
74 176 134 189 61 7 88 248 63 248 214 133 239 255 18 210 221 253 255 165 40 211 219 221 223 243 239 156 22 164 48 83
94 28 255 183 166 126 189 176 189 250 150 231 221 127 167 107 167 119 253 179 177 209 185 232 251 251 127 130 175 245 37 115
127 148 180 222 237 92 84 184 223 250 182 40 238 254 222 247 211 247 252 35 173 99 251 251 155 255 207 191 154 124 88 87
14 182 36 155 239 223 190 232 159 254 150 175 204 238 127 141 255 211 255 39 244 113 123 255 191 87 207 247 150 46 13 87
11 168 246 253 95 159 248 103 191 176 226 3 188 191 52 102 239 191 251 133 164 251 147 221 95 122 222 2 55 140 113 142
59 48 242 117 91 31 248 88 123 236 244 13 74 254 86 148 191 237 247 181 165 243 250 220 31 123 71 191 75 36 107 215
75 168 246 158 127 155 186 234 191 176 214 131 252 254 122 96 255 255 251 149 166 81 143 255 223 127 207 107 23 172 49 164
126 148 244 255 189 87 255 184 159 254 246 163 239 255 190 227 255 247 255 165 173 227 235 255 191 255 207 158 151 236 125 87
43 178 244 237 109 31 249 216 127 252 244 174 203 127 222 50 255 221 255 13 143 112 239 209 78 251 231 183 119 172 87 245
106 188 242 222 127 212 254 232 155 95 244 39 108 254 47 212 255 251 183 131 38 75 250 251 179 255 223 171 159 124 111 223
70 154 166 159 175 209 184 248 159 253 214 231 236 238 186 71 255 243 255 149 162 73 111 245 159 115 255 207 158 108 53 93
186 191 162 158 93 211 186 232 159 233 220 135 237 238 62 100 223 251 159 181 174 251 126 255 187 119 175 251 23 46 60 223
30 156 62 242 245 223 254 240 255 254 246 11 78 253 54 133 191 243 255 177 164 241 59 254 255 223 79 199 199 172 109 87
73 48 255 229 100 94 121 16 109 232 246 96 223 159 196 114 166 213 127 140 129 241 241 192 223 251 39 128 2 160 99 113
14 176 246 209 239 223 248 192 191 253 54 15 204 222 126 132 191 125 255 17 134 241 187 208 31 91 15 247 199 12 79 215
3 223 3 159 242 192 175 247 60 72 90 230 180 182 160 100 118 123 23 205 227 152 32 111 36 38 190 128 12 16 161 185
41 176 237 197 108 31 233 152 127 248 118 76 219 57 214 182 63 204 126 28 133 240 255 208 206 251 231 244 111 172 91 241
120 48 120 96 41 93 81 16 107 108 182 8 159 31 2 48 134 149 253 8 136 96 241 144 211 249 33 49 98 128 78 115
11 158 253 253 126 155 249 254 95 248 86 230 189 191 180 229 127 255 63 141 163 248 103 253 78 251 255 132 63 172 81 249
88 16 255 237 38 78 121 112 61 204 246 34 93 255 128 114 118 245 255 168 129 209 179 204 215 251 234 130 38 224 37 115
110 56 246 222 237 84 252 232 187 222 244 7 236 254 63 222 238 255 255 129 134 99 250 225 151 123 207 139 135 116 111 215
62 180 116 225 189 95 216 248 79 252 180 11 207 61 94 133 239 145 255 49 174 97 121 221 191 219 79 247 247 140 93 87
11 188 115 221 127 151 186 254 159 192 84 230 188 222 164 228 255 123 151 133 163 219 54 255 62 127 159 170 31 140 41 253
59 173 98 74 85 147 226 232 87 128 252 10 107 200 60 164 120 234 19 235 206 179 60 255 63 76 133 41 119 142 122 134
2 158 58 157 114 136 188 103 189 15 90 115 164 170 36 64 231 59 55 1 50 153 2 239 60 54 30 195 4 64 161 143
91 2 239 189 62 2 233 120 189 64 214 230 221 239 180 98 126 245 63 173 161 209 175 204 214 251 235 128 63 236 49 113
83 14 239 255 62 2 111 248 191 194 210 230 249 235 177 107 127 231 63 175 161 209 175 239 246 239 239 128 61 248 113 48
34 160 230 221 89 82 248 216 63 244 246 131 104 239 166 244 127 253 255 140 162 211 235 221 31 58 207 175 23 164 110 214
155 142 126 255 52 147 254 240 223 10 214 226 249 239 180 97 127 251 23 139 168 185 46 255 246 255 175 128 55 168 113 161
41 160 166 189 61 31 208 248 95 252 214 11 239 248 18 224 217 237 255 37 174 241 235 157 223 251 207 151 86 172 84 71
91 50 127 229 42 26 121 80 173 200 182 229 221 159 196 114 166 213 255 128 129 195 161 192 214 249 47 130 46 128 35 113
90 16 246 252 111 94 116 120 185 174 246 41 78 255 6 247 246 245 253 34 132 67 187 200 215 251 71 155 162 244 111 87
63 180 105 201 252 223 219 248 95 237 124 170 91 93 255 36 127 216 23 188 175 50 124 223 127 95 165 252 247 142 86 245
55 132 100 218 221 215 90 248 23 101 252 138 106 111 62 244 95 154 191 188 174 50 127 255 191 222 135 255 55 142 244 118
34 160 230 221 91 86 248 248 63 252 246 131 104 239 166 116 127 253 255 172 162 211 235 221 31 58 207 175 23 164 102 244
105 48 120 100 108 93 249 16 105 232 118 12 159 29 214 50 142 196 94 12 141 114 240 192 87 217 33 48 75 136 74 245
91 18 247 237 45 94 124 56 125 234 246 102 223 111 150 115 254 197 253 168 169 243 251 204 215 251 231 146 14 252 112 81
26 156 60 191 59 210 91 232 191 220 244 163 239 126 10 197 255 247 255 177 46 201 107 255 175 247 175 151 54 132 47 215
191 159 99 222 247 215 223 252 95 76 220 167 121 253 191 100 127 251 151 239 254 187 60 255 123 127 175 202 55 174 116 253
25 20 127 237 54 74 255 56 116 106 214 66 223 63 176 97 126 245 127 171 233 241 125 142 247 235 227 128 37 168 117 49
99 34 121 69 108 29 248 88 107 232 244 104 159 153 212 50 206 221 87 13 136 114 233 192 22 216 35 178 79 136 67 165
37 160 68 217 252 139 234 216 30 48 208 202 241 232 248 96 123 202 119 189 34 242 79 223 28 14 175 244 253 136 80 160
93 176 189 229 168 78 125 176 42 250 182 108 223 63 194 114 167 213 125 24 137 64 249 0 207 251 103 180 170 240 3 115
77 176 255 101 228 95 105 184 127 248 246 72 219 61 210 54 55 220 126 56 161 240 255 192 223 251 229 228 206 232 90 181
88 18 190 245 35 222 113 16 173 204 214 103 223 255 162 194 230 245 253 1 137 209 161 192 211 243 106 147 42 160 45 83
155 159 111 255 182 146 255 246 53 74 94 247 121 255 178 97 126 255 55 239 233 157 45 239 242 239 174 128 47 254 241 249
105 178 236 255 124 31 233 184 127 252 246 230 251 109 150 98 95 204 127 60 173 240 255 253 206 251 231 148 127 172 89 241
106 186 174 190 108 221 124 248 159 254 212 175 126 255 122 82 255 255 255 133 142 67 250 241 223 115 239 191 28 44 61 83
11 176 230 159 111 159 184 200 223 248 212 167 236 220 246 162 255 253 255 133 134 225 239 253 30 123 175 182 87 44 89 215
43 191 114 202 125 159 218 248 87 232 252 110 106 221 190 180 220 250 151 254 235 59 104 255 126 221 133 187 95 142 122 253
27 48 126 253 41 214 249 88 237 204 244 167 217 223 150 38 238 249 255 133 143 227 247 193 215 249 171 139 103 132 47 247
11 26 50 152 122 145 186 90 191 200 92 231 172 222 166 196 255 57 191 133 131 155 34 255 22 126 187 138 30 132 41 221
19 176 246 221 127 219 184 232 255 240 242 162 236 252 54 32 191 253 255 161 164 241 191 221 157 123 79 135 69 44 37 215
10 14 122 252 118 217 250 82 255 76 124 171 173 203 182 80 254 235 183 129 166 178 38 255 118 255 163 139 55 140 109 211
10 157 46 157 213 212 189 231 189 77 94 23 172 190 54 64 239 59 179 129 150 153 50 247 127 119 222 195 151 76 189 223
75 48 246 252 111 214 120 88 63 236 246 167 76 255 182 116 255 253 255 133 140 211 255 221 95 123 239 143 39 164 38 87
43 178 236 253 124 31 249 184 127 252 246 231 249 109 150 228 95 205 255 173 175 242 255 221 206 251 239 132 63 172 88 245
94 156 182 191 189 95 127 248 159 254 214 7 239 252 58 195 243 103 255 35 168 209 251 191 189 247 207 151 150 124 29 83
139 159 103 223 253 215 255 246 223 79 94 183 249 255 190 229 255 123 191 207 227 188 63 255 111 127 174 130 23 206 245 253
58 48 242 196 111 85 248 72 233 204 180 175 12 222 86 182 238 221 223 133 140 99 178 192 31 217 143 171 71 132 111 215
42 54 242 221 127 223 251 88 95 236 116 15 104 236 246 164 255 237 247 5 167 243 238 223 63 63 39 171 87 172 127 215
159 156 119 254 255 215 223 248 95 78 222 166 121 255 190 229 127 251 183 175 233 187 63 255 251 127 239 203 55 238 52 253
122 48 206 253 109 95 121 88 191 252 214 175 207 255 2 214 255 253 255 132 9 211 251 221 159 251 207 159 62 172 124 83
91 50 123 225 42 8 121 80 173 200 246 230 223 143 192 114 238 213 255 132 137 211 161 192 214 249 171 128 46 132 35 113
58 48 246 101 109 94 248 80 107 236 246 40 159 191 214 182 174 93 245 8 132 241 241 192 223 249 39 179 103 164 79 215
11 142 126 255 60 146 255 248 221 78 214 230 253 239 186 225 255 255 191 175 168 241 111 255 230 255 235 128 55 172 121 225
26 48 254 253 43 215 185 88 255 252 246 167 201 254 54 224 255 253 255 129 139 243 255 221 157 251 239 135 71 36 47 215
30 158 238 151 183 223 186 252 31 253 150 183 236 239 254 196 255 251 255 181 166 201 43 255 250 95 175 215 158 204 189 223
43 186 234 219 127 212 251 216 127 236 244 231 236 220 254 164 255 255 183 133 135 114 254 243 30 125 175 175 95 4 107 215
111 152 247 214 239 221 249 248 255 252 246 38 104 255 246 244 255 255 255 148 163 251 187 255 31 127 223 235 143 236 125 255
10 176 245 253 109 86 249 216 239 220 244 167 253 255 150 230 239 221 255 141 139 98 255 209 215 251 143 143 119 164 117 247
26 176 254 221 29 215 185 248 190 252 246 167 232 254 22 132 255 253 255 177 175 243 251 221 223 251 239 135 79 36 111 215
106 48 206 221 105 95 121 88 63 252 214 167 204 255 6 212 255 253 255 132 129 211 251 221 159 123 207 143 30 172 126 215
26 48 254 252 111 86 216 88 255 220 244 39 72 223 54 164 254 249 255 129 142 227 251 221 219 251 143 143 103 36 111 215
122 16 188 236 45 86 88 56 23 236 214 35 207 63 6 210 254 213 255 161 12 195 251 220 211 251 203 147 54 44 124 83
26 176 254 253 47 222 249 248 191 252 246 163 205 255 54 98 255 253 255 129 164 241 187 221 223 251 239 151 55 44 127 247
74 178 172 191 45 214 185 216 159 252 214 231 237 238 186 226 247 127 255 129 131 209 251 253 158 243 239 158 30 44 61 215
120 50 120 100 105 93 89 24 107 236 182 44 159 31 70 50 134 213 253 8 137 98 249 208 211 249 33 179 66 128 78 115
26 50 182 221 41 95 185 88 191 252 182 165 206 255 134 198 255 117 255 128 136 225 251 221 219 251 79 151 66 164 39 243
126 182 102 250 237 221 254 248 159 254 180 175 110 238 126 133 255 251 255 181 174 99 58 255 159 95 207 255 215 172 13 87
42 180 176 216 253 253 144 207 159 63 52 57 172 188 110 140 201 27 131 17 54 106 250 243 15 86 92 127 210 76 207 223
42 176 244 220 127 82 218 200 27 92 244 39 236 254 38 212 223 221 183 161 175 99 251 223 31 127 143 191 31 44 126 215
10 144 254 213 117 223 249 248 191 252 118 7 108 255 54 196 255 253 191 161 164 243 186 220 95 123 207 167 23 44 125 215
122 178 236 255 109 95 89 184 31 252 246 174 239 255 222 246 255 223 255 137 139 98 239 249 159 251 239 191 55 172 116 117
37 162 73 201 204 11 232 200 86 176 240 202 209 200 240 96 123 140 127 157 10 114 79 217 28 10 175 188 53 136 80 160
35 34 249 229 108 9 232 80 111 160 240 234 155 9 212 50 174 205 94 141 136 114 197 208 86 216 163 184 69 136 66 161
59 48 118 109 45 95 216 88 127 236 180 13 202 156 22 148 252 205 223 133 140 227 249 220 151 219 3 179 75 12 107 215
39 160 96 201 221 87 90 216 95 228 252 10 74 223 126 244 89 216 183 184 142 50 123 215 63 94 133 127 247 142 124 198
90 50 118 189 41 214 120 88 175 220 212 229 205 223 66 210 231 253 255 133 142 67 251 209 215 249 171 159 22 132 39 211
46 176 118 208 239 223 248 192 191 252 182 47 204 222 118 132 255 249 255 17 133 241 186 208 31 91 15 231 199 12 111 215
26 22 110 255 57 223 217 120 191 124 150 167 239 239 34 197 255 245 255 165 172 193 105 253 251 211 203 147 54 164 13 87
122 16 254 252 111 94 121 56 185 204 246 47 79 255 134 246 246 245 255 0 140 67 243 192 211 251 103 155 46 228 110 83
106 176 244 254 109 84 221 232 139 94 244 15 236 254 94 214 207 223 255 129 143 99 251 241 151 251 207 191 31 108 126 215
46 176 244 225 189 95 217 248 207 252 182 13 202 29 86 134 205 213 255 49 173 99 123 220 159 219 199 247 214 172 92 87
11 172 123 221 119 215 187 246 159 196 94 130 188 254 54 100 239 123 51 141 135 153 54 255 63 127 158 130 23 140 37 253
83 0 231 253 46 2 236 120 255 146 210 226 121 235 176 98 127 229 127 173 169 211 143 205 212 234 239 128 45 248 113 32
105 32 240 101 109 93 249 16 105 228 246 8 155 29 86 178 202 221 255 8 140 114 240 128 71 249 1 49 71 172 70 226
78 182 247 222 169 95 157 184 191 254 182 108 238 255 142 231 183 247 255 48 160 97 123 253 191 251 71 159 194 236 13 119
90 50 127 164 35 216 57 80 175 236 150 173 207 159 194 82 166 245 253 129 132 193 165 192 211 241 43 147 38 132 39 87
88 20 127 229 44 78 127 48 61 170 246 98 223 63 144 99 246 213 125 170 233 241 241 140 231 251 231 128 36 248 69 49
11 26 229 221 124 159 233 54 95 232 86 230 185 175 180 228 111 255 191 141 161 248 101 253 70 251 254 128 63 140 121 253
120 48 120 96 45 93 81 24 107 108 180 12 159 29 22 48 140 149 213 8 136 98 240 144 211 217 33 179 99 136 78 115
88 48 122 96 35 92 89 16 41 108 182 44 31 31 130 112 166 149 253 0 137 65 177 128 211 249 34 179 34 132 79 115
43 48 121 65 103 94 121 80 121 108 116 42 27 31 150 180 62 221 247 136 133 242 245 194 87 253 32 163 103 132 102 243
155 158 111 254 54 150 255 248 21 74 222 230 121 239 190 101 127 251 55 175 233 187 45 239 242 239 174 128 63 238 112 249
42 173 98 90 85 211 226 232 87 0 232 11 106 216 54 164 248 234 147 225 14 187 30 253 59 94 133 43 87 14 126 134
42 178 238 221 125 87 185 248 63 252 244 165 232 254 22 208 221 253 255 160 167 210 251 221 79 123 239 175 31 44 126 215
42 48 238 221 109 87 185 88 63 252 246 135 72 238 54 240 255 253 255 132 131 211 251 221 31 123 207 175 23 172 126 215
90 48 122 229 99 94 121 80 57 108 246 14 91 31 22 244 254 221 247 128 136 210 241 194 215 253 130 131 103 132 110 243
90 18 254 237 98 82 121 80 61 44 246 166 221 191 130 242 118 221 255 136 129 208 241 200 215 235 234 131 39 160 37 243
111 178 190 222 237 93 182 248 251 254 246 40 238 252 222 247 215 255 254 1 165 99 235 243 223 127 111 191 214 108 79 87
90 50 244 237 47 95 249 24 127 252 246 175 255 127 214 102 255 213 255 141 137 114 239 209 223 251 231 150 119 172 85 119
41 182 112 91 125 159 219 216 91 120 116 108 251 221 158 180 221 154 151 28 171 242 122 191 111 223 165 238 95 140 90 245
91 16 247 237 45 94 121 80 125 108 246 39 223 63 150 242 254 213 255 140 137 243 227 192 215 251 234 130 38 172 113 115
57 223 106 239 54 151 223 252 86 76 92 231 121 204 190 96 126 235 23 239 207 186 44 191 234 205 175 140 125 190 249 217
10 156 186 184 245 212 185 231 191 77 94 23 172 190 54 64 237 59 179 129 182 152 50 247 111 119 158 203 150 12 189 223
178 220 110 190 119 194 191 230 157 78 214 163 108 254 55 65 255 251 151 167 228 187 46 255 115 127 238 131 21 124 117 219
63 180 105 235 244 223 251 248 87 232 252 74 91 253 190 32 127 250 23 185 171 178 124 255 127 223 167 228 255 142 86 247
106 50 231 220 109 213 249 88 191 220 244 175 104 255 246 246 255 253 255 140 135 115 239 209 94 123 231 171 55 164 102 245
105 50 121 225 45 93 113 16 107 104 182 108 158 31 130 180 134 148 255 8 129 112 241 208 199 249 33 178 74 132 78 115
104 178 185 232 109 93 209 216 75 252 180 45 186 93 86 50 205 209 223 16 138 99 251 209 223 217 165 191 83 140 86 243
122 16 240 236 45 93 89 88 15 252 180 15 207 255 86 214 207 213 255 129 141 99 251 209 223 251 199 191 22 172 92 87
106 176 244 228 109 95 89 248 143 252 182 11 206 189 86 246 207 213 255 17 140 99 251 216 159 219 199 191 86 172 92 119
83 0 199 253 14 2 104 120 63 128 210 194 221 235 176 98 126 229 127 172 161 211 143 204 148 170 239 128 45 232 113 32
26 48 126 229 47 94 249 80 109 236 182 45 143 159 214 182 174 213 253 1 141 225 241 192 211 249 35 179 103 132 79 119
83 34 247 229 46 10 120 80 45 160 242 238 221 143 148 114 102 213 127 140 129 209 135 192 214 251 171 128 45 160 35 49
122 48 246 237 111 94 121 88 123 236 246 45 207 255 6 246 254 221 255 128 140 227 243 200 215 251 79 187 71 164 111 247
90 18 254 252 107 219 125 120 191 254 246 175 239 254 166 246 255 245 255 161 172 67 251 221 223 243 235 155 62 164 45 87
31 188 118 159 191 223 186 248 191 252 150 167 238 238 62 199 255 247 255 181 174 233 123 255 255 95 207 215 6 172 61 87
27 186 246 219 127 223 185 216 255 252 246 39 236 220 254 228 255 255 255 133 167 243 190 253 191 91 143 167 79 12 57 215
107 184 243 219 111 221 249 216 255 220 244 47 104 222 254 244 255 251 255 141 143 243 191 241 95 91 143 171 15 172 127 215
42 176 176 217 253 253 176 207 223 127 52 57 172 188 78 172 205 27 151 17 150 106 250 211 15 87 30 255 210 76 221 223
59 48 118 236 109 95 217 88 191 236 244 47 78 223 86 148 254 205 255 133 141 99 251 208 151 219 139 187 79 12 126 215
42 178 230 220 125 223 248 248 159 252 180 175 236 254 118 164 255 253 255 165 174 99 250 221 159 91 207 191 23 44 45 215
120 50 122 228 99 93 113 80 43 236 182 45 31 159 198 50 166 213 253 0 136 99 160 192 215 249 33 179 106 132 71 115
26 18 254 252 109 223 249 88 191 252 246 39 76 255 54 64 255 253 255 129 132 243 186 221 219 251 207 131 7 44 109 211
139 156 126 255 63 215 255 248 223 94 214 39 252 255 182 229 255 243 191 167 229 233 59 255 127 123 255 195 23 172 125 255
106 178 182 220 125 95 185 248 251 252 180 45 238 252 214 246 247 253 255 33 166 99 234 217 223 123 79 191 86 44 15 215
74 178 254 220 123 95 184 248 255 252 246 45 236 254 198 246 247 245 255 33 164 99 251 217 223 251 79 191 70 44 13 119
90 50 246 220 43 95 121 88 191 252 246 173 206 255 134 230 255 245 255 132 137 67 251 221 159 251 79 159 14 164 45 119
43 48 123 65 103 93 249 80 125 108 116 10 25 157 150 52 126 157 151 136 129 242 245 192 87 249 33 131 103 132 102 247
88 16 255 229 44 78 125 48 44 206 214 96 223 63 144 227 230 213 253 43 169 209 161 140 211 251 110 144 36 240 37 113
27 142 111 255 118 150 239 248 85 74 214 230 121 111 188 97 127 239 63 175 233 243 47 255 242 239 239 128 63 232 112 241
90 50 127 228 43 88 57 80 171 236 150 175 77 159 198 86 166 213 253 129 140 195 161 192 211 241 43 131 38 132 39 115
59 156 117 223 63 215 254 248 95 91 214 230 105 126 188 229 255 251 191 171 175 243 127 255 191 255 207 135 63 236 124 247
106 48 115 221 109 220 249 88 191 252 246 167 76 223 246 228 254 253 255 137 131 115 187 209 87 121 139 143 23 140 101 247
104 32 112 225 77 93 241 16 121 236 244 8 155 29 86 180 88 204 215 8 136 114 240 192 87 217 1 51 71 140 94 226
74 50 54 156 109 209 184 72 207 28 212 47 236 206 182 230 239 241 238 129 134 99 238 209 147 112 139 187 22 12 45 199
63 180 107 241 244 223 251 248 95 232 244 102 91 253 180 32 127 248 23 185 171 242 45 223 127 223 167 228 255 168 80 177
93 48 249 229 169 76 121 48 43 232 182 104 223 55 192 114 167 213 125 24 137 208 249 192 223 251 103 144 170 224 67 49
105 50 121 65 108 93 121 16 107 108 118 108 158 31 134 180 142 156 246 12 129 114 224 208 87 249 33 162 78 140 74 245
42 48 126 236 111 87 248 88 31 204 244 39 76 223 54 196 254 221 255 129 140 243 251 208 87 123 139 139 95 140 108 215
42 172 176 90 221 221 146 199 223 29 252 25 40 216 118 132 201 59 211 17 22 43 122 243 63 92 20 123 211 12 222 206
90 178 246 156 127 95 121 248 191 252 214 47 110 255 166 244 247 253 255 161 173 211 187 223 223 255 239 159 62 172 61 119
26 50 46 237 45 95 249 88 255 236 246 167 207 222 22 228 254 221 255 129 141 243 251 208 215 251 171 155 79 12 45 215
122 16 126 236 109 95 89 24 31 204 246 47 79 191 6 84 222 213 255 128 12 115 251 216 215 251 227 155 62 172 124 83
91 18 246 237 53 86 120 120 189 204 214 230 205 127 182 231 246 213 255 172 173 209 35 204 210 251 235 131 38 164 45 117
11 150 118 253 61 151 255 248 223 94 214 230 237 239 178 229 223 101 191 173 169 225 107 221 230 251 235 128 22 172 125 241
10 156 58 248 245 212 185 231 31 77 92 23 172 191 38 64 205 59 151 145 178 10 114 247 111 119 158 235 150 12 189 251
27 50 166 253 45 215 249 88 191 252 246 39 201 254 182 228 255 253 255 129 141 243 251 221 223 251 239 159 111 44 45 247
10 156 63 253 119 212 185 247 191 77 118 54 188 191 54 100 239 59 151 129 179 152 50 255 103 127 186 195 23 4 165 251
122 160 236 237 111 27 249 200 159 180 244 139 75 235 94 114 251 221 251 141 10 115 203 209 95 251 199 61 119 172 90 160
74 50 126 189 105 212 121 88 175 212 212 167 205 223 194 214 238 253 255 140 131 67 251 209 215 249 139 191 30 132 47 243
90 128 166 255 45 218 121 200 191 244 198 130 253 254 58 230 247 255 251 133 15 209 251 253 223 251 207 3 54 172 61 244
35 32 121 201 108 9 232 88 111 160 240 202 155 9 212 2 234 205 87 141 129 114 197 208 22 24 35 176 77 136 83 129
41 176 244 73 109 31 249 216 123 248 116 44 155 29 222 180 31 220 214 28 131 114 255 209 79 217 37 252 127 140 74 245
91 178 246 221 127 223 121 248 191 252 214 47 108 255 246 244 255 253 255 165 165 211 187 221 223 123 239 143 6 172 45 247
25 223 107 175 54 215 79 248 68 76 222 231 123 109 187 96 126 232 151 239 201 176 45 191 226 237 175 128 63 186 116 249
26 32 42 184 45 208 184 72 174 108 214 3 143 222 34 80 234 165 255 133 12 195 130 208 211 241 171 187 4 4 47 83
42 182 251 221 127 223 187 216 127 236 244 47 250 252 246 164 255 253 247 165 167 243 251 223 127 127 39 175 95 44 111 247
42 178 246 221 125 95 185 248 63 252 246 47 108 252 246 244 255 253 255 33 167 243 251 221 95 123 239 183 31 44 95 247
107 178 252 223 109 221 249 248 159 252 246 175 252 253 214 118 223 255 255 1 131 99 251 253 95 123 239 191 23 172 84 247
11 156 126 255 127 215 251 248 223 92 212 39 253 253 190 101 255 251 159 177 167 235 122 255 127 95 191 139 87 140 125 255
19 32 87 229 46 10 248 80 173 32 242 194 221 143 148 114 110 197 127 140 129 209 133 192 148 248 170 128 45 128 35 1
26 48 254 229 47 94 217 80 175 236 182 45 207 191 6 182 238 213 255 1 140 227 241 192 215 251 15 147 71 164 79 247
90 48 246 237 47 94 121 88 171 236 246 175 207 255 6 246 238 221 255 129 140 227 243 200 215 251 203 187 39 164 111 247
90 16 246 253 111 95 121 120 191 108 246 175 206 255 6 246 246 245 255 165 132 211 251 212 215 251 203 155 22 172 45 87
90 16 54 189 63 223 248 120 191 252 214 175 236 254 54 247 255 245 255 165 172 195 251 221 223 251 203 147 22 172 61 87
27 48 54 157 127 223 248 88 255 236 214 39 236 222 54 228 255 249 255 165 166 243 123 221 151 251 139 147 23 140 125 215
11 176 246 223 125 223 186 200 255 236 246 35 236 222 54 228 255 255 191 133 166 243 187 255 31 127 143 171 87 44 127 215
42 48 114 220 109 213 249 88 191 236 246 39 76 222 246 228 255 253 255 129 135 243 186 209 87 121 139 175 87 140 125 247
10 50 118 220 109 213 249 88 191 204 246 39 76 223 118 228 254 253 191 129 130 243 186 209 87 121 139 171 23 140 109 247
58 48 118 237 111 215 248 88 143 236 244 39 76 222 54 198 238 253 255 129 140 227 251 208 215 251 139 155 23 12 109 215
42 48 182 221 109 223 248 72 159 252 244 47 204 254 118 230 255 253 255 129 134 99 251 221 159 219 207 191 22 44 45 215
42 48 118 236 109 95 248 88 191 236 244 47 206 220 86 148 254 221 255 5 132 115 251 208 151 91 139 187 71 12 127 215
41 50 123 109 117 95 249 88 127 232 244 110 91 221 180 48 254 221 23 129 169 242 251 216 87 251 163 170 95 136 118 243
91 50 254 228 107 92 57 80 169 204 246 175 93 191 198 242 230 213 255 133 133 67 179 192 223 251 111 139 14 164 47 87
75 48 246 220 107 95 184 88 191 252 246 173 204 254 70 246 247 245 255 133 132 67 251 221 223 123 207 191 6 36 47 87
46 176 184 241 239 253 184 79 31 255 53 63 140 188 94 138 143 27 247 17 150 120 251 211 79 93 95 255 214 76 143 215
90 50 122 224 99 93 121 80 41 108 182 173 30 31 134 48 166 149 255 0 133 115 176 192 215 249 35 163 111 132 15 243
42 184 48 216 253 221 144 207 219 125 20 57 170 156 118 172 201 27 151 17 150 106 242 243 79 93 28 251 210 12 222 223
33 34 105 225 108 9 232 88 111 160 240 202 151 136 212 0 106 141 102 9 129 242 197 208 20 152 163 32 109 136 99 128
90 48 122 233 107 93 121 72 175 68 246 143 221 223 6 116 238 149 255 128 137 67 243 208 215 249 139 27 6 132 47 114
106 48 121 232 109 95 121 88 95 108 246 47 91 159 134 112 254 157 247 128 141 114 251 208 87 251 161 187 127 140 118 211
11 28 255 221 119 220 185 54 253 73 86 102 188 191 182 100 230 127 191 141 165 249 50 237 103 123 122 130 14 132 41 255
33 34 77 161 76 11 224 88 94 176 242 206 209 192 208 0 123 204 98 141 3 242 207 17 28 138 167 36 125 136 113 128
106 48 246 221 125 31 122 88 63 232 246 43 76 254 246 116 255 253 255 133 132 211 235 223 223 127 143 175 23 172 103 247
90 48 166 253 109 31 248 88 191 232 214 163 206 255 150 100 255 253 255 129 140 243 235 221 223 251 207 159 22 172 52 87
106 50 118 236 111 95 249 88 255 236 244 45 206 222 86 246 254 221 255 1 132 99 251 208 215 123 11 187 71 12 111 215
90 160 246 253 77 219 120 200 191 240 198 131 237 255 118 230 251 253 251 129 6 83 251 209 223 251 143 63 54 44 61 230
105 50 122 65 110 89 121 80 105 108 118 174 31 159 150 52 46 157 255 12 133 243 165 192 86 249 35 161 103 132 79 245
75 18 239 205 106 22 249 88 63 72 214 231 221 239 182 98 126 221 63 141 133 209 239 204 86 123 235 128 47 164 33 245
75 48 182 253 109 31 248 88 63 248 214 35 204 255 150 100 255 253 255 133 140 243 235 221 223 123 207 159 22 172 36 247
73 48 113 65 97 93 121 16 105 104 54 108 158 31 196 180 166 20 255 8 129 96 240 192 71 217 33 176 74 132 66 241
90 50 111 164 107 80 121 80 173 76 214 175 77 207 50 82 166 213 255 133 137 67 167 192 211 241 171 139 39 132 39 115
10 180 56 249 253 213 185 255 31 93 84 55 172 159 126 64 207 27 151 145 178 26 114 247 111 223 158 235 150 12 181 219
10 156 63 253 117 212 185 247 191 77 118 51 188 191 54 100 239 59 151 129 162 152 50 255 103 127 218 203 22 4 165 251
91 48 246 221 109 31 120 88 191 248 246 43 204 255 182 118 255 253 255 133 140 243 235 221 223 123 207 159 7 172 37 215
91 18 254 252 45 82 121 88 167 204 246 165 75 239 178 246 238 245 255 140 140 195 163 196 210 251 235 137 38 164 108 81
57 215 109 239 60 19 95 248 69 108 222 230 123 93 187 224 126 212 157 239 205 161 109 189 242 233 165 148 63 190 120 113
58 48 246 253 109 31 184 88 191 248 246 35 206 254 182 100 255 253 255 5 132 243 235 221 223 251 207 183 23 172 119 247
42 50 121 225 110 93 249 88 63 252 52 175 159 157 198 48 191 221 223 0 131 115 233 209 223 217 39 183 79 140 79 243
122 132 102 223 61 155 94 232 31 178 198 131 238 255 62 101 255 255 251 175 108 243 75 255 251 254 207 23 23 172 60 38
75 26 127 221 102 158 185 22 189 72 86 228 188 158 182 228 230 115 255 5 133 217 178 236 198 123 186 130 14 132 41 221
58 48 246 253 45 159 184 88 191 240 246 163 223 254 150 230 255 117 255 1 140 243 251 221 223 251 207 55 23 172 87 246
59 48 123 105 107 221 185 88 171 232 116 238 30 159 134 176 174 61 215 0 129 113 184 208 87 249 35 186 111 132 75 243
43 48 101 233 109 95 249 88 95 252 244 174 219 29 214 164 95 156 255 13 131 242 127 209 79 91 167 181 119 140 86 245
82 4 55 189 45 159 248 104 191 176 210 11 236 254 52 71 255 245 123 165 36 243 219 221 159 122 207 31 6 44 53 70
27 48 119 188 45 215 248 72 191 228 210 35 204 222 54 100 254 245 255 165 164 227 59 220 151 123 203 131 23 12 61 86
2 32 246 223 125 159 248 72 255 180 242 3 236 222 54 100 255 253 123 129 166 241 155 253 183 122 139 35 23 44 117 134
58 48 114 221 109 215 248 72 191 76 244 35 76 222 54 228 254 189 255 129 134 243 170 217 23 121 139 171 87 12 127 247
42 160 114 220 109 149 248 200 159 16 244 35 236 223 54 228 255 249 183 129 6 115 202 209 23 123 139 191 23 12 127 214
106 48 118 188 109 157 248 72 159 240 240 171 238 223 118 228 255 249 255 129 134 99 219 209 223 219 143 187 23 140 117 215
58 48 118 233 111 223 248 72 175 236 244 47 206 222 118 182 238 253 255 1 140 227 250 208 151 249 11 187 71 12 111 215
70 168 214 158 205 137 188 232 191 179 192 11 228 234 93 94 251 255 123 145 38 107 218 251 159 22 223 63 132 120 41 142
122 48 118 204 111 95 248 88 175 236 246 175 204 222 70 246 238 221 255 133 132 83 251 208 151 123 139 187 7 12 47 215
70 172 150 254 207 129 188 232 191 146 194 11 100 251 109 223 251 247 123 131 36 67 155 249 191 122 223 31 132 120 41 14
74 50 118 197 111 94 249 80 111 236 246 167 201 159 150 246 110 221 255 140 132 243 229 192 215 249 131 131 103 132 111 215
122 32 246 253 125 18 124 104 63 130 226 131 74 251 20 86 250 253 123 165 44 243 203 200 31 250 199 7 103 228 106 134
90 16 102 237 109 86 120 88 61 68 214 163 201 159 182 244 254 221 255 132 140 211 243 192 151 251 202 131 39 140 124 119
114 4 86 221 93 139 126 104 31 162 194 131 102 235 52 69 251 253 123 161 44 243 75 223 191 126 207 11 20 168 56 134
50 32 118 253 125 147 248 72 63 128 226 131 79 219 52 228 250 253 123 133 12 243 219 221 215 250 203 11 103 140 105 134
114 32 118 252 109 147 248 72 63 128 226 139 76 219 52 244 254 253 123 129 4 243 219 220 215 250 139 42 7 140 98 134
82 32 118 237 108 11 248 72 63 160 242 11 206 219 20 100 254 221 127 133 12 243 203 208 151 250 139 18 69 140 97 134
18 32 118 237 110 11 248 72 191 160 242 131 204 219 52 116 254 221 123 133 4 243 203 208 151 122 139 2 5 136 99 134
98 32 118 237 108 15 248 72 63 160 242 3 196 218 20 116 254 221 123 129 12 243 203 208 151 122 139 10 5 136 97 134
82 32 118 252 45 159 248 72 175 160 226 139 207 219 52 230 238 245 123 5 12 113 219 208 215 250 139 50 119 140 113 6
90 32 114 232 77 93 120 72 175 0 230 139 205 223 54 116 234 157 251 128 12 67 211 208 215 249 139 59 39 132 47 34
122 160 182 254 13 213 112 200 175 144 162 11 110 219 100 214 233 247 251 128 14 99 219 241 155 242 143 59 51 44 126 6
33 32 93 229 108 11 232 72 126 160 114 198 149 131 212 0 122 204 110 141 1 240 197 80 4 136 35 0 77 136 99 160
122 32 98 232 77 89 208 72 207 180 164 10 75 217 118 210 233 197 235 129 14 99 202 209 219 217 139 63 115 12 126 2
1 6 73 173 52 11 107 56 118 160 82 198 211 35 144 96 122 76 38 172 161 240 77 30 236 174 163 4 60 136 81 160
122 40 106 232 77 25 80 74 235 132 164 11 11 217 118 146 232 197 235 129 12 99 218 192 211 217 131 59 99 12 126 130
90 40 114 240 79 153 248 66 237 0 166 10 15 139 20 212 234 181 251 136 12 107 196 192 215 249 130 27 103 140 111 130
90 40 150 188 79 153 96 70 239 32 226 11 46 139 36 214 232 231 234 128 12 235 130 224 147 242 146 27 35 12 107 142
107 50 121 104 108 93 121 16 105 108 180 108 159 31 150 180 142 149 223 12 129 34 240 192 199 249 32 178 70 132 70 245
42 176 184 217 237 253 176 207 219 125 52 61 142 156 78 190 143 27 215 17 150 106 250 209 79 89 20 255 214 76 223 223
114 32 118 248 111 157 248 72 175 160 242 139 206 219 116 182 238 253 251 129 4 99 155 208 151 120 11 58 71 140 35 134
102 168 150 158 205 137 160 200 191 177 224 11 228 234 108 82 249 239 106 145 6 83 202 113 29 50 207 63 145 104 43 134
102 160 150 158 205 129 164 232 191 147 224 11 228 234 108 82 249 239 106 145 6 67 202 113 29 50 207 63 145 96 107 134
118 160 150 158 205 1 164 232 191 147 160 11 228 234 76 86 249 207 107 129 6 67 203 241 153 50 207 63 145 96 115 134
122 32 114 201 109 28 248 64 109 32 246 163 137 159 150 244 238 157 255 140 140 243 229 192 215 249 138 131 103 132 111 230
114 160 214 190 77 131 224 232 191 144 226 11 102 235 36 214 249 239 107 129 40 99 203 249 153 178 207 59 97 104 98 134
114 0 70 237 77 2 120 72 63 0 226 131 73 251 52 86 250 221 123 128 12 211 203 208 151 250 203 11 55 140 120 134
114 160 214 220 29 139 96 232 159 176 226 3 102 234 52 86 249 237 107 161 46 227 203 221 153 178 207 31 17 40 112 134
50 160 214 221 93 131 224 200 159 144 224 3 230 234 52 64 249 237 106 161 46 243 203 221 157 178 207 31 81 40 122 134
50 32 214 253 77 131 224 72 159 128 224 11 96 234 52 80 249 237 106 129 14 243 203 221 157 178 207 43 17 40 107 134
2 32 214 157 76 11 232 72 63 176 226 2 196 234 20 64 251 237 106 129 8 243 203 93 156 50 207 28 69 40 99 128
114 32 22 252 77 141 224 72 239 160 160 11 78 219 36 214 232 245 107 128 12 99 218 208 147 240 139 59 113 8 99 134
114 160 22 254 13 197 80 200 135 144 160 11 106 219 96 214 233 242 235 0 14 99 154 241 155 208 135 63 19 12 126 2
1 32 89 165 100 11 232 80 126 160 114 194 213 3 208 96 122 76 110 12 1 240 197 80 196 168 171 0 76 136 65 160
1 2 93 229 52 11 107 16 116 40 90 228 215 3 144 96 114 12 6 44 137 176 69 12 228 174 163 128 60 138 81 161
122 40 18 248 13 217 80 70 231 132 160 11 42 153 100 212 232 167 235 129 12 107 146 240 211 209 146 59 99 12 126 142
114 40 18 184 77 157 208 70 175 1 226 11 42 136 36 214 232 163 234 128 14 107 130 225 147 240 146 59 65 12 110 14
