128 144 25 249 85 207 185 111 30 113 81 18 156 221 56 105 249 27 19 49 51 180 121 213 77 158 155 100 21 8 149 242
38 160 240 69 237 95 240 200 123 180 240 11 10 216 84 150 251 221 199 17 142 115 219 208 31 24 5 63 199 108 94 134
83 14 199 191 30 130 110 232 118 130 210 194 113 226 177 75 123 231 42 174 105 209 15 239 180 166 207 0 61 248 112 4
83 2 199 189 46 2 108 104 191 130 210 194 221 234 176 194 118 229 127 173 33 209 143 204 148 234 235 128 45 224 33 0
139 205 102 223 213 151 238 238 215 66 84 18 104 248 182 229 121 106 147 235 230 252 62 255 47 126 199 195 23 252 248 172
83 34 214 229 42 10 120 16 173 160 178 232 223 171 196 82 38 213 127 144 0 209 135 192 158 250 111 128 165 160 43 1
81 140 214 191 30 130 110 232 118 130 210 2 113 242 33 107 123 230 58 170 109 209 15 239 180 174 207 0 61 248 120 0
41 75 75 206 124 131 207 252 70 132 124 198 121 193 177 100 122 232 6 234 201 179 44 253 120 141 167 168 119 187 112 168
62 178 56 232 189 85 211 216 31 61 188 15 14 207 110 132 223 219 207 16 14 35 251 211 155 213 7 127 243 14 238 247
74 50 126 189 42 143 249 88 175 236 246 173 207 207 146 66 230 229 111 5 132 241 175 80 214 187 43 145 100 128 7 83
123 48 114 76 105 84 216 88 235 204 180 173 11 223 214 182 238 213 255 132 140 99 242 192 83 249 131 187 71 132 110 247
35 221 140 158 108 149 206 252 198 218 25 198 241 248 189 231 92 98 55 207 239 106 94 185 36 27 239 168 28 254 88 141
131 154 175 187 108 196 185 95 143 89 210 242 189 159 48 107 238 187 63 145 131 143 18 241 197 241 250 200 156 132 33 249
31 87 97 139 246 151 191 248 13 76 221 231 73 78 191 68 126 201 23 239 197 144 45 254 54 76 175 132 63 159 49 245
25 48 252 101 37 95 249 80 109 236 182 4 159 30 214 162 174 93 253 13 133 241 241 192 199 217 43 179 71 4 79 247
3 207 204 159 172 144 239 180 214 30 220 199 225 234 179 67 79 227 55 207 238 10 78 249 36 42 254 136 61 222 184 141
38 160 76 153 204 139 232 200 30 180 208 142 225 200 112 64 123 136 107 157 2 114 79 213 92 2 143 124 117 136 112 128
134 173 166 158 191 223 190 232 159 181 218 131 236 254 46 197 247 127 251 113 54 217 26 255 189 54 143 243 150 110 61 207
9 50 45 237 104 31 233 88 55 236 246 196 217 206 146 192 220 205 238 141 137 242 255 208 150 251 171 136 78 132 32 113
25 48 47 109 40 91 233 88 190 236 246 164 219 222 146 192 250 205 238 141 137 243 251 208 150 235 171 144 109 0 38 241
34 172 228 223 253 215 190 238 27 183 120 11 232 254 119 212 217 127 179 1 54 218 218 255 47 62 223 171 151 124 222 142
131 221 47 189 60 134 189 183 156 90 210 114 188 63 48 97 230 115 63 201 227 205 35 255 229 35 254 128 20 24 177 123
41 52 120 121 125 215 219 88 119 236 244 0 251 221 150 180 221 248 214 169 175 242 253 159 111 223 163 190 119 140 110 247
40 158 245 255 255 203 127 190 151 174 118 163 253 253 32 69 95 126 191 2 96 248 75 255 111 255 245 179 54 252 84 251
107 154 246 159 111 212 184 232 251 89 244 167 108 254 190 246 255 123 183 129 135 74 254 241 22 123 218 139 31 100 43 223
2 157 186 222 93 197 179 194 31 73 92 2 172 254 38 68 249 123 147 129 2 186 58 255 53 52 138 107 20 10 61 207
11 24 118 254 127 221 242 112 255 204 86 42 110 249 62 228 254 251 254 1 134 251 58 255 31 126 87 11 70 14 125 207
87 32 214 229 170 14 120 16 173 160 178 196 221 171 212 82 38 213 127 156 128 209 151 192 158 250 111 128 172 160 35 1
103 132 246 220 237 84 237 184 255 158 182 8 232 254 221 255 223 215 255 170 169 99 251 193 31 122 199 159 199 244 108 53
74 16 231 221 45 95 93 56 175 254 150 40 222 247 146 230 79 244 255 44 169 225 123 220 223 250 207 150 6 172 84 117
28 148 246 247 189 79 127 184 247 190 182 34 223 125 25 199 63 246 255 43 232 225 75 253 239 251 101 149 230 252 84 35
44 159 57 202 252 217 199 250 222 73 124 98 242 245 168 96 89 122 6 122 115 42 106 63 108 132 167 253 208 138 212 177
238 205 102 254 237 223 222 248 157 122 246 11 107 255 60 199 221 247 191 235 236 119 27 253 63 123 207 159 23 188 88 71
126 146 245 196 235 95 125 184 59 255 182 174 78 63 198 246 183 213 255 160 141 82 233 208 159 251 101 247 182 236 12 117
126 140 236 255 237 20 94 184 55 150 244 139 235 239 95 219 223 255 255 130 46 66 219 251 191 255 255 191 182 252 108 90
107 48 164 173 109 95 120 24 31 252 214 5 205 255 18 224 221 93 255 13 140 240 251 221 207 251 207 151 22 172 28 87
56 140 109 249 92 203 83 238 23 4 112 11 183 125 48 64 249 251 23 1 42 250 99 191 253 207 183 57 53 8 84 234
122 157 114 206 125 221 211 232 205 76 252 43 106 222 62 116 248 187 215 97 206 43 58 253 243 125 131 171 87 14 124 95
89 48 123 88 107 213 217 88 239 200 180 12 223 223 214 178 238 241 254 136 143 99 251 209 211 217 35 186 71 4 111 247
63 72 71 252 44 199 75 242 135 192 148 226 49 151 177 100 76 240 63 202 201 15 70 188 240 202 171 184 63 185 48 56
25 48 254 125 106 95 249 88 126 252 246 171 93 255 214 112 255 253 255 128 132 243 175 93 95 235 103 133 101 160 111 243
123 48 241 101 107 92 120 88 107 232 176 236 143 190 198 178 174 213 252 129 133 67 255 192 159 249 47 187 79 164 107 213
2 145 43 186 86 229 185 73 30 93 73 19 180 222 120 72 249 27 19 145 2 26 26 113 69 4 186 104 145 74 37 218
35 205 98 140 245 145 174 231 77 65 88 195 40 168 180 228 222 43 147 197 213 186 4 237 60 28 142 194 31 30 249 140
3 140 135 213 215 198 173 231 188 139 94 82 180 183 176 100 121 255 59 152 17 216 51 239 61 46 158 192 131 88 177 172
78 154 246 247 169 219 120 176 191 189 150 187 207 191 230 70 231 245 255 144 168 217 233 244 223 211 207 247 150 236 141 83
47 178 36 176 237 141 120 216 31 252 212 175 206 205 90 132 191 137 255 21 134 115 219 209 222 89 141 255 190 140 88 211
17 207 74 142 214 133 238 246 84 72 216 70 49 234 183 64 124 235 6 207 255 187 4 255 52 140 174 136 61 250 248 153
35 184 226 94 121 215 186 194 127 196 240 163 40 206 246 228 254 253 183 133 142 251 254 243 55 62 139 171 87 4 111 215
122 16 246 237 111 94 124 120 121 142 246 43 79 255 38 246 254 221 255 0 132 243 179 192 215 251 231 139 39 228 111 195
30 164 180 225 189 95 216 184 239 252 182 11 207 61 87 171 173 213 255 49 172 225 121 220 155 219 207 247 198 236 93 71
106 128 244 255 109 92 92 168 11 63 180 139 239 127 94 214 207 215 255 129 142 67 219 241 151 250 207 191 22 236 94 87
90 50 122 225 34 28 121 80 45 200 182 237 159 31 196 112 166 149 255 128 129 65 177 192 214 249 43 130 14 132 39 115
6 176 246 240 239 221 184 192 239 188 178 43 142 220 118 134 175 249 255 17 134 115 186 208 31 88 15 255 199 12 95 199
90 50 122 225 34 24 120 80 45 136 182 233 159 159 192 114 166 213 255 128 128 65 129 192 214 249 43 130 6 128 39 51
107 48 112 65 109 93 248 80 107 236 244 8 138 29 214 182 206 213 214 9 140 115 244 192 23 89 129 187 71 140 78 197
130 112 43 155 100 197 185 64 156 87 81 23 180 222 60 73 254 57 19 195 166 150 56 253 85 16 218 162 21 9 53 219
153 12 106 229 54 82 123 114 53 70 86 146 93 45 179 97 54 188 151 239 225 188 53 142 242 239 162 192 39 169 112 96
222 29 118 254 239 54 126 232 185 182 211 147 77 255 63 223 247 245 191 247 180 215 155 238 187 250 207 135 167 245 125 87
219 68 106 229 6 26 127 32 21 34 111 130 91 15 51 113 114 181 149 174 104 148 36 142 243 237 138 1 39 254 116 96
3 220 37 153 221 183 172 238 15 19 72 82 172 60 52 228 221 27 19 149 215 184 123 247 45 30 158 70 20 94 181 172
187 204 96 237 45 86 222 250 87 202 254 131 235 236 182 224 221 253 191 175 236 178 111 159 247 255 239 157 119 254 120 214
130 49 43 154 94 197 185 73 158 85 65 147 52 222 62 72 254 59 19 209 22 26 58 243 85 4 154 42 149 11 181 218
63 205 102 174 157 211 94 232 215 68 204 135 107 238 63 228 248 233 154 231 77 163 62 253 179 127 143 27 63 62 120 86
27 77 107 156 124 193 205 247 148 72 220 134 49 139 181 96 76 171 23 205 233 139 54 255 114 45 190 136 63 156 112 248
59 93 105 252 124 193 207 246 215 76 220 166 49 205 179 96 74 234 23 205 203 43 102 191 114 205 174 136 61 152 116 248
2 158 178 156 57 225 176 103 142 13 216 35 172 190 38 64 201 51 171 129 2 11 2 247 1 52 154 203 144 76 37 203
51 203 98 158 118 144 238 229 141 68 82 231 41 136 182 196 110 227 151 199 196 185 4 237 54 104 174 128 63 158 248 205
189 110 104 251 116 130 77 116 81 202 117 246 51 73 144 81 127 168 23 254 249 246 196 142 254 233 165 232 63 184 240 161
23 82 123 207 102 6 171 80 72 200 93 230 88 222 189 100 126 121 22 239 129 178 172 234 52 12 171 140 61 179 33 245
174 217 166 90 253 157 246 148 143 11 179 97 232 221 253 212 221 114 255 95 226 39 74 179 127 94 53 131 90 223 208 43
66 171 42 184 237 225 189 203 143 60 156 43 172 159 114 73 227 59 159 129 6 89 162 253 215 87 219 187 20 92 149 75
2 158 58 177 63 169 184 195 159 54 18 167 172 136 102 66 231 19 171 17 70 109 131 245 110 17 27 231 20 76 61 143
124 48 248 161 235 121 85 152 11 254 180 173 207 63 67 154 143 205 239 148 14 66 219 144 222 209 109 255 174 125 78 83
170 173 116 221 253 219 254 234 91 164 112 11 107 252 52 181 251 126 215 99 224 254 106 191 47 219 197 247 87 172 86 199
90 50 120 100 34 89 80 80 105 236 180 173 31 30 198 178 174 213 212 128 141 98 164 192 210 217 33 179 111 132 15 87
26 48 246 189 107 82 184 72 191 220 214 167 76 255 38 68 254 237 255 133 132 211 139 221 222 123 207 135 47 36 45 215
188 61 231 214 221 211 86 246 215 226 252 10 114 253 101 182 201 254 219 226 104 251 248 174 123 223 133 59 103 120 116 174
42 48 102 205 125 91 249 120 95 236 246 167 200 253 150 132 121 76 255 41 169 240 111 220 30 90 207 151 79 172 92 247
75 56 167 222 105 214 232 82 255 216 214 194 200 254 180 228 238 253 254 141 141 219 191 253 31 123 207 138 15 164 41 117
126 184 240 229 251 91 122 184 59 165 54 171 79 191 206 84 55 221 255 176 44 82 233 210 223 255 69 247 183 238 14 83
122 40 80 56 75 221 80 72 139 120 176 137 47 207 66 150 207 225 204 4 15 99 202 145 147 217 1 191 115 140 10 87
90 50 124 165 34 91 121 16 45 236 182 165 207 15 130 130 166 85 237 5 128 224 161 192 194 211 43 147 110 132 5 115
187 180 119 223 61 151 235 248 95 200 244 66 248 95 180 165 253 122 95 44 163 227 121 255 171 254 175 178 87 172 119 241
104 184 250 254 110 201 115 216 127 232 116 171 127 223 238 48 255 255 255 0 138 115 170 243 223 159 39 169 117 168 70 243
130 221 62 159 237 214 181 167 156 94 82 19 236 124 54 99 205 115 187 1 228 237 115 255 103 51 222 3 20 92 181 219
222 70 134 188 13 34 156 170 156 146 147 215 205 107 41 203 243 229 239 167 44 69 11 142 144 231 255 159 156 125 57 2
107 48 121 201 105 80 89 24 43 108 180 40 218 95 198 246 206 213 255 136 139 67 251 209 215 249 171 187 127 132 78 119
43 48 120 77 105 85 248 88 123 92 244 109 24 222 214 50 216 205 87 140 143 98 250 209 71 121 163 191 91 4 106 215
19 79 99 206 116 131 239 112 141 200 89 231 49 142 180 96 126 169 23 239 229 155 36 239 48 14 170 128 61 138 49 253
158 1 142 189 140 38 156 11 158 178 151 19 221 234 123 75 253 85 187 181 52 69 27 194 201 35 255 5 149 104 185 2
10 14 38 157 127 219 190 102 159 78 86 163 236 236 54 197 239 239 191 129 164 249 39 255 63 115 203 131 23 44 61 207
83 160 18 188 11 205 9 192 175 124 128 136 142 198 230 246 167 117 254 5 2 65 142 209 145 112 11 190 16 12 7 101
174 141 100 219 223 247 126 175 159 21 252 147 72 127 22 85 239 215 243 144 182 94 123 255 47 58 223 207 151 205 252 199
47 81 104 202 117 213 254 248 9 72 117 135 24 31 191 116 220 152 151 234 197 18 120 219 119 93 136 175 31 159 120 215
6 132 164 147 157 255 182 170 31 183 155 19 204 248 127 204 249 87 251 179 52 249 91 254 189 22 223 215 148 127 157 70
78 148 244 187 189 91 126 173 63 123 155 185 205 127 92 218 215 215 255 161 54 80 203 215 143 255 223 247 150 198 133 71
88 16 30 190 41 197 16 104 134 84 134 45 231 255 34 66 204 245 237 1 12 99 91 177 211 243 75 27 24 40 44 83
35 29 106 78 116 199 255 114 65 76 252 175 112 253 182 48 254 250 23 238 205 187 52 255 119 60 162 138 125 170 118 253
3 30 123 156 114 128 185 71 190 196 88 167 188 158 182 96 167 59 183 133 135 152 182 255 52 52 154 138 29 4 37 223
222 76 166 190 13 4 154 168 214 150 146 19 249 237 53 75 205 229 61 199 236 101 31 170 219 107 255 145 21 125 53 74
14 172 182 247 173 223 252 240 255 251 178 9 239 253 119 175 185 255 255 17 190 249 187 252 223 219 223 243 194 124 95 207
130 108 166 151 151 255 190 199 159 162 218 19 236 254 119 205 251 127 223 1 102 221 89 235 173 22 223 131 132 124 29 206
123 89 99 228 46 194 75 80 133 232 210 230 49 151 177 228 78 245 159 239 201 135 116 136 144 232 235 152 63 191 52 121
41 235 106 238 236 133 191 254 2 140 124 11 185 219 115 16 222 251 23 195 194 58 218 189 124 205 175 168 21 58 122 139
27 50 62 186 47 148 185 80 237 204 246 39 238 220 242 2 174 105 255 133 134 227 178 225 219 249 43 139 103 4 47 83
61 65 99 44 143 7 206 120 69 192 234 15 91 73 55 241 216 204 27 239 205 163 93 140 115 105 197 20 127 191 112 64
46 88 166 208 45 245 176 66 141 222 150 7 140 156 119 142 201 49 255 7 140 231 50 192 3 95 218 155 194 125 125 215
154 205 110 190 22 194 238 231 149 64 198 147 125 143 48 64 106 231 59 207 104 157 21 255 243 227 142 0 55 156 176 88
83 34 215 229 42 10 120 64 173 128 242 226 221 139 192 82 102 213 127 140 1 209 133 192 156 250 175 128 44 128 35 1
83 0 198 189 14 2 232 104 188 128 210 194 89 234 176 98 122 229 127 137 9 211 135 204 148 170 207 128 37 232 49 0
54 160 246 242 239 221 248 200 175 180 176 11 238 222 126 134 239 251 255 145 14 99 154 240 159 216 143 255 199 12 111 135
83 32 223 229 42 10 120 64 173 160 242 198 223 139 208 82 102 197 127 140 8 209 133 192 156 250 175 128 44 128 35 0
122 48 112 236 109 85 216 88 235 204 180 171 139 223 214 182 206 209 223 133 140 99 250 192 211 217 131 187 103 132 110 215
126 160 244 236 173 92 92 232 171 62 176 11 238 255 94 214 239 215 255 129 14 99 219 209 159 250 207 191 151 236 126 71
91 144 244 173 47 86 184 200 95 88 214 39 205 254 62 226 247 79 255 133 143 193 255 217 150 251 203 151 31 36 121 215
2 184 242 222 127 221 178 232 255 133 120 43 108 252 62 196 255 123 243 1 134 251 26 255 31 62 23 11 87 14 173 207
26 48 118 101 39 94 248 80 109 236 182 35 223 31 214 178 174 213 253 129 140 225 177 192 211 249 43 147 103 132 111 215
130 206 27 153 157 229 188 231 158 27 90 82 164 170 52 96 201 43 58 145 54 157 10 247 45 54 158 71 144 88 185 143
134 173 22 159 157 215 190 234 191 180 218 3 236 254 54 199 235 119 251 227 102 203 27 255 61 50 143 15 20 108 61 206
10 60 38 223 117 215 186 66 191 236 210 131 232 222 54 229 254 127 223 133 166 251 124 255 37 62 139 131 87 12 61 214
98 16 244 204 109 95 125 56 239 190 182 42 206 255 214 246 231 212 255 40 128 99 235 221 159 122 199 159 6 172 124 101
34 172 242 223 253 221 190 230 159 167 120 11 236 252 118 196 251 123 179 1 38 248 218 255 47 62 159 43 151 78 95 142
42 178 100 201 111 31 248 216 31 252 244 175 204 205 86 196 255 137 255 5 6 82 219 209 95 89 143 191 22 140 93 215
66 156 22 158 107 215 62 232 191 166 210 131 236 254 38 213 247 247 255 163 100 83 27 255 191 50 207 139 18 100 45 87
130 152 189 185 44 228 249 22 143 81 210 147 188 159 112 107 207 51 63 157 131 12 115 241 197 241 218 200 156 64 49 251
34 149 122 202 124 157 210 252 79 73 252 47 122 253 190 48 222 187 151 107 143 43 90 255 127 61 161 187 93 138 254 251
123 48 242 164 109 93 248 88 107 232 240 41 143 254 214 178 238 221 255 149 141 115 255 208 223 89 47 187 79 164 107 215
107 48 244 77 109 93 188 40 235 254 182 8 234 254 214 246 207 221 255 136 140 99 255 192 159 251 207 191 71 100 111 167
36 160 72 169 206 11 225 200 22 180 240 139 209 192 112 64 121 136 106 157 10 115 95 25 92 130 143 60 53 8 80 128
74 148 246 213 109 95 124 248 255 190 182 10 206 253 18 199 63 244 255 42 160 225 91 220 127 122 69 215 102 172 76 35
90 178 250 254 107 135 122 200 63 136 244 163 125 255 110 80 255 255 183 133 134 211 138 251 223 255 175 139 5 38 47 147
24 48 126 253 44 79 249 88 247 236 246 163 223 223 18 98 126 221 255 137 136 227 251 220 219 251 175 145 103 132 103 243
115 180 252 221 121 95 91 248 127 252 246 43 74 253 150 117 255 221 255 165 172 211 235 223 255 255 69 183 22 172 14 119
56 19 66 200 116 3 75 80 69 44 252 206 3 11 182 80 88 168 7 234 200 178 68 140 118 252 162 160 63 138 120 129
123 213 105 204 54 86 75 56 69 96 223 174 91 29 158 228 126 132 159 238 201 178 117 205 115 121 128 148 63 174 80 116
89 48 240 233 47 93 216 88 239 252 180 41 255 223 214 178 239 213 255 129 142 99 251 209 223 217 35 191 71 132 111 243
120 16 158 188 41 92 80 72 135 108 134 13 255 255 34 82 196 245 237 1 13 67 219 145 211 243 97 27 58 44 44 83
78 186 246 246 237 221 120 240 175 188 150 175 238 239 98 86 231 247 255 144 140 219 155 224 223 219 207 211 6 140 13 83
10 50 126 173 110 15 249 88 63 236 118 167 221 207 18 64 54 77 255 13 128 241 187 208 214 251 43 128 110 132 5 211
90 50 54 188 47 213 249 88 173 204 214 175 236 223 50 2 174 241 255 133 134 99 179 193 211 123 43 139 103 132 45 83
30 188 54 243 147 223 56 240 191 188 182 11 94 223 96 133 191 249 223 16 162 241 26 252 251 219 7 247 227 140 15 179
44 255 113 203 124 223 163 248 94 236 124 110 126 245 160 164 95 120 130 122 227 187 56 191 108 141 37 116 91 170 85 249
219 132 117 223 61 95 239 168 255 158 246 0 234 126 156 231 219 246 126 42 237 97 107 255 191 250 199 23 86 172 117 100
34 158 247 223 252 157 254 254 159 63 116 114 232 255 172 100 127 250 183 8 162 248 107 255 47 62 215 170 151 200 196 189
106 160 172 253 108 223 88 216 143 252 244 11 223 255 118 242 205 245 255 8 142 99 251 145 223 251 239 189 22 168 94 211
10 123 178 168 239 201 189 79 143 53 72 163 172 175 96 64 230 59 131 1 82 27 146 253 245 20 158 43 148 92 181 202
171 4 97 211 198 59 239 183 81 115 126 146 25 41 150 173 123 206 19 175 176 252 101 226 38 79 212 132 231 220 208 236
26 50 110 229 46 91 121 88 63 236 214 167 223 30 130 228 126 205 255 1 141 241 109 220 214 243 235 147 111 140 13 117
43 48 109 77 111 95 249 88 63 236 244 175 90 159 134 244 126 204 247 4 141 242 255 216 87 251 163 163 111 140 110 247
122 178 250 197 99 89 121 248 59 252 118 174 93 191 198 246 55 221 255 128 133 82 237 208 95 251 101 167 39 164 15 247
135 4 167 149 199 102 189 67 156 87 67 147 92 110 63 75 119 7 59 167 53 213 55 202 69 34 218 133 133 109 181 240
61 21 106 229 118 82 127 112 69 100 126 134 91 13 191 100 126 156 151 238 201 178 53 142 118 237 130 4 111 175 120 240
51 50 231 220 109 95 184 88 223 252 246 111 74 252 182 164 255 253 255 5 133 243 251 221 31 90 207 191 95 172 117 245
150 223 50 242 166 164 158 134 157 11 155 243 204 63 45 75 167 83 157 215 240 13 8 226 179 215 190 147 132 95 165 27
222 92 230 254 237 54 94 250 149 150 210 131 105 255 55 207 255 247 255 227 236 199 91 238 179 250 207 155 167 253 124 70
57 67 106 229 118 22 123 112 69 100 127 134 91 13 191 228 126 156 149 239 137 178 53 140 118 237 162 128 103 191 116 240
170 12 230 255 61 95 254 112 221 234 218 3 207 252 55 231 223 253 255 39 236 241 109 255 167 254 207 147 87 254 92 199
57 81 106 225 118 30 127 112 65 96 127 134 91 29 158 100 126 157 151 239 201 176 53 140 118 237 160 128 111 175 112 240
3 56 255 222 109 212 248 72 223 200 214 34 232 254 182 228 223 255 191 129 135 218 238 253 31 123 223 139 22 12 120 253
35 146 230 157 125 151 184 248 223 248 210 231 236 254 182 224 255 253 255 165 167 243 255 221 31 122 207 174 31 44 49 215
120 32 112 96 1 93 81 80 35 164 166 9 15 31 66 80 170 149 205 128 8 98 249 144 211 217 1 51 99 128 70 66
90 50 174 188 111 212 184 88 191 204 214 231 109 255 38 208 255 253 255 133 140 195 139 215 219 127 239 139 7 164 45 215
183 86 96 243 230 48 222 191 81 67 56 247 9 46 190 41 127 211 151 167 252 190 108 226 38 94 190 130 191 221 244 221
8 188 242 255 119 203 251 216 127 164 246 34 253 255 40 117 127 254 223 56 162 241 185 255 255 255 7 119 119 172 71 163
35 141 107 206 116 135 239 244 93 12 120 43 120 252 188 48 222 250 23 239 194 186 104 255 119 60 170 136 85 138 118 233
17 221 11 174 148 135 239 246 196 72 220 70 49 242 179 96 120 234 30 238 205 187 60 63 241 173 175 136 57 122 112 216
162 48 171 154 95 245 184 74 94 65 65 19 32 220 124 104 249 153 19 145 54 22 178 211 23 20 154 43 149 9 53 254
48 79 107 254 124 193 207 246 213 72 220 226 49 141 177 96 78 250 23 202 200 171 102 191 114 237 170 136 53 155 116 249
41 48 127 237 108 91 249 88 127 232 246 96 221 222 128 228 94 221 254 129 133 242 239 208 214 251 163 131 70 136 108 183
51 79 99 205 86 150 235 112 69 192 210 198 113 12 181 228 126 228 18 239 201 187 53 254 48 46 138 0 127 175 112 252
226 140 102 222 109 95 252 248 223 186 182 11 232 253 62 99 217 247 255 35 228 99 123 253 55 122 207 187 23 124 124 71
2 157 147 221 214 130 175 247 62 9 90 98 56 179 176 96 115 126 51 152 3 152 1 239 125 46 190 192 173 208 49 171
59 52 116 109 63 91 211 120 95 236 244 34 251 93 150 165 223 221 223 33 174 224 125 223 231 255 163 183 119 140 70 247
157 29 83 205 70 22 239 112 84 192 87 198 89 34 183 100 118 228 18 238 225 148 53 206 116 40 171 4 47 170 57 180
130 92 46 191 7 230 191 166 156 86 214 51 252 127 51 75 239 119 187 195 96 205 51 239 229 115 222 131 20 125 53 123
151 84 107 204 70 6 175 216 84 194 85 198 113 206 189 100 126 232 19 239 225 183 60 202 49 44 139 8 61 187 113 244
186 17 104 225 52 198 91 16 5 109 94 167 155 15 154 96 222 153 149 253 138 152 113 158 239 221 170 196 54 142 84 113
90 50 114 244 97 157 121 88 189 204 118 141 111 207 114 20 190 253 255 140 140 115 162 194 215 253 35 139 102 132 47 115
40 239 122 238 125 141 255 244 2 4 124 11 189 235 50 0 94 106 147 79 194 186 202 189 100 221 174 40 87 154 211 138
233 68 107 101 70 18 239 49 64 230 119 135 81 13 151 96 126 164 23 239 237 182 117 142 118 109 160 128 111 190 80 248
63 201 106 174 93 215 94 232 135 68 220 3 123 252 62 192 216 232 151 231 78 35 58 189 251 109 135 61 55 62 124 210
105 32 234 254 109 148 121 88 123 92 244 15 121 238 62 114 254 239 183 141 142 114 238 225 87 249 234 137 7 164 122 211
34 241 171 222 77 197 177 200 143 92 212 8 188 221 108 36 220 121 219 67 67 99 186 241 17 16 11 190 83 46 55 243
43 50 116 109 111 95 249 88 75 252 244 109 154 31 198 182 206 93 215 4 135 114 251 209 71 249 35 191 95 140 79 247
35 180 247 221 125 95 251 248 127 252 244 111 104 253 214 36 255 221 247 173 167 242 251 223 63 30 69 174 95 172 102 247
181 85 121 74 244 23 207 216 84 232 245 2 81 81 189 36 124 212 22 234 233 55 125 62 115 137 165 4 119 187 112 161
26 18 102 197 99 18 105 80 53 196 86 166 73 170 182 196 118 197 191 129 133 209 39 204 22 122 203 131 47 164 45 213
3 15 107 157 114 128 187 71 190 69 94 163 188 222 178 96 118 59 23 133 130 154 36 255 116 36 186 136 53 132 165 249
48 14 61 253 62 203 87 42 30 38 214 34 247 39 0 65 99 247 79 33 40 232 97 63 237 163 123 17 52 168 21 106
59 50 110 237 109 31 233 88 63 236 246 207 217 206 146 244 124 204 255 141 133 243 255 208 215 251 171 128 127 140 120 245
123 87 99 76 70 22 239 120 89 64 255 198 121 238 191 244 126 137 18 239 205 178 52 207 54 109 138 136 127 182 120 220
198 190 118 210 187 187 190 232 159 182 179 183 204 238 110 11 255 247 255 179 180 225 79 252 60 18 207 247 213 109 165 151
88 50 24 160 34 12 89 16 40 172 54 108 151 23 66 82 166 85 125 0 1 64 177 0 209 225 33 176 32 128 7 115
93 85 107 229 54 70 239 120 96 224 223 134 81 29 187 96 126 133 29 239 201 176 53 206 240 45 170 132 45 187 112 112
88 32 120 224 3 88 89 80 33 4 166 9 143 19 2 80 34 149 205 128 8 67 208 128 211 249 131 1 34 132 110 2
27 202 6 190 21 150 74 248 151 72 210 71 105 203 178 196 252 233 191 239 206 135 10 253 178 255 171 136 63 39 56 23
55 95 99 204 70 22 239 248 213 192 218 198 113 236 181 228 124 232 18 239 201 163 60 237 48 40 139 8 127 191 112 244
22 112 182 245 189 102 188 200 191 158 210 131 204 254 87 78 255 253 255 177 168 241 219 200 157 250 207 135 135 117 33 135
80 2 207 157 14 2 104 104 118 128 210 66 209 226 176 66 122 228 110 168 33 211 143 204 148 162 239 0 45 232 113 0
34 32 114 240 109 221 248 72 175 188 176 11 174 222 86 148 239 185 255 129 14 99 218 209 159 216 143 187 71 12 111 135
67 32 87 229 42 8 120 64 45 160 242 194 221 143 132 82 102 213 127 140 1 209 133 192 148 184 171 128 45 128 35 33
42 48 112 236 109 93 216 72 107 172 176 11 142 95 86 150 206 213 223 129 142 99 219 209 151 216 143 187 71 140 111 199
122 0 240 228 109 93 88 72 43 188 178 11 206 191 86 214 239 213 255 0 12 99 217 209 159 250 199 191 6 172 94 7
90 48 118 229 45 95 120 80 45 172 182 43 207 31 22 150 238 213 255 129 140 225 241 192 151 251 11 147 103 132 47 71
107 32 240 237 109 93 252 104 235 190 242 10 206 252 86 246 239 221 255 129 140 99 255 192 159 251 207 191 70 36 79 135
24 223 75 253 118 130 111 247 52 128 94 230 49 227 160 64 126 254 7 200 235 152 5 239 108 165 174 128 45 176 248 185
194 172 22 159 93 211 190 226 191 150 194 3 236 254 36 197 233 127 251 131 102 203 75 255 189 54 223 11 22 44 53 206
27 40 103 189 110 143 121 80 191 236 214 199 221 223 50 84 110 237 127 141 128 211 139 208 215 251 171 128 39 132 33 243
2 172 182 159 125 157 178 238 159 129 120 19 236 248 46 68 251 123 179 1 38 249 138 255 47 54 159 43 21 14 217 142
86 164 246 212 237 95 252 232 239 182 182 11 202 235 70 215 235 245 239 32 36 99 251 220 159 250 71 31 199 108 109 7
17 221 39 174 148 199 103 246 196 72 218 70 115 119 49 96 120 226 30 238 201 171 52 63 241 172 166 144 49 122 240 123
115 50 108 237 46 27 120 88 63 236 246 171 207 158 150 116 126 221 255 133 140 241 237 220 214 251 163 179 39 140 84 245
42 32 96 201 109 93 248 88 31 236 244 139 12 207 118 132 255 153 255 140 134 115 251 209 31 89 143 191 23 140 92 215
91 176 244 173 47 86 88 200 63 112 210 163 207 254 22 244 255 197 255 133 142 83 207 211 151 255 139 143 55 172 127 87
99 48 182 157 109 23 184 72 31 232 210 239 204 252 52 228 255 253 255 133 133 243 219 223 158 126 207 190 31 44 49 151
107 48 114 165 109 93 248 88 235 236 180 11 143 159 86 182 238 205 255 141 140 99 223 208 223 121 135 187 71 172 110 215
96 48 57 96 0 77 81 16 98 160 38 8 22 21 64 50 128 84 104 8 1 96 184 0 201 137 5 48 64 0 70 34
60 164 148 189 189 223 92 248 191 190 182 1 239 251 10 211 219 231 255 33 44 225 219 157 175 243 207 55 146 236 94 195
168 122 115 250 87 207 171 80 20 76 116 143 59 205 35 0 126 248 135 202 195 182 122 255 85 141 33 168 127 155 102 249
26 34 215 253 106 15 104 88 63 176 242 194 217 239 148 116 127 253 127 140 129 209 171 221 159 250 231 132 39 168 65 177
26 32 244 253 45 95 88 88 191 188 182 1 207 255 18 198 223 213 255 136 136 227 219 221 219 251 199 151 70 172 110 99
56 39 122 104 127 219 210 120 87 236 252 42 75 220 182 160 248 248 198 99 206 179 109 159 123 205 37 191 119 14 126 199
55 141 107 78 85 214 203 224 213 64 237 2 112 252 54 96 248 232 19 239 205 163 62 255 115 47 130 72 89 43 112 246
51 48 119 205 111 95 249 88 255 236 244 171 74 223 150 116 254 221 255 132 141 243 235 208 87 122 131 186 71 140 102 247
10 48 246 253 47 223 248 88 175 188 246 33 207 223 70 178 239 117 255 1 142 97 251 209 223 251 15 183 71 36 79 87
74 48 246 246 111 222 120 72 191 188 210 163 236 254 102 214 247 247 255 4 134 195 155 233 159 250 207 139 6 44 45 215
90 48 118 188 111 213 248 88 175 220 214 175 236 223 38 198 239 241 255 133 134 99 155 209 215 123 139 139 7 132 45 87
120 16 147 172 41 76 81 24 167 108 166 45 95 247 34 82 196 213 253 0 13 67 243 128 211 241 33 155 50 44 36 83
35 56 127 253 108 215 184 90 223 72 210 98 253 222 182 96 254 127 63 129 135 211 238 249 151 251 171 139 20 8 125 231
130 165 19 186 223 229 189 103 159 5 201 155 172 239 98 64 235 59 171 149 114 15 218 243 253 85 158 107 144 76 181 250
175 140 236 83 197 58 236 167 95 51 118 18 137 40 22 175 105 70 51 157 176 252 125 226 47 127 214 69 199 221 216 172
214 223 219 186 170 32 158 252 136 154 153 239 221 254 233 2 183 211 93 227 227 3 138 251 184 150 175 190 156 115 161 17
167 206 224 179 196 38 206 174 27 51 24 215 169 44 21 41 79 195 21 151 253 124 93 234 46 94 222 196 189 253 208 156
59 50 116 205 111 95 249 88 111 252 244 175 14 157 214 182 239 221 255 5 135 113 255 209 86 89 11 183 119 140 79 247
129 140 255 253 196 174 237 247 253 27 118 86 52 107 49 105 233 234 55 13 177 252 50 255 103 175 246 128 185 120 241 171
56 141 50 250 53 215 122 232 23 13 220 3 233 223 58 196 217 43 151 129 46 187 42 191 171 255 143 11 18 14 124 207
123 50 116 197 107 95 185 88 43 236 246 175 73 31 214 246 46 221 247 128 132 242 253 208 95 249 15 163 103 164 79 247
32 32 76 169 76 11 225 72 22 180 240 139 209 193 80 0 121 140 98 141 2 114 79 17 92 130 175 60 117 8 113 130
75 50 102 197 97 94 120 16 61 236 86 175 205 143 150 244 246 221 255 141 133 208 177 192 215 123 235 131 6 132 47 117
126 28 230 254 237 82 254 104 61 134 246 3 104 254 119 223 255 253 191 131 108 211 219 234 191 254 207 139 167 252 124 198
32 34 88 137 108 9 232 72 111 160 240 171 131 8 212 2 106 205 78 141 0 114 197 80 20 24 35 56 69 136 91 128
27 143 107 205 246 130 237 119 133 72 222 226 57 175 182 100 110 191 23 141 209 185 36 207 114 109 190 128 39 140 241 249
58 140 118 191 63 223 254 238 159 134 242 27 238 236 30 133 251 243 255 35 108 235 91 255 191 254 87 27 119 124 221 142
150 88 255 154 138 224 187 204 158 87 69 179 124 223 107 106 119 89 187 211 2 69 62 243 81 7 223 79 180 123 37 242
46 164 116 219 253 219 250 248 127 21 244 131 107 127 28 149 255 219 247 168 166 242 107 255 55 255 211 199 119 132 102 207
58 48 116 253 105 84 217 88 171 204 244 163 137 223 86 150 206 217 215 140 138 99 242 193 211 249 139 139 71 132 102 243
155 30 7 156 23 182 234 114 84 198 66 214 41 130 179 229 100 228 50 239 165 157 52 239 16 42 202 0 15 165 57 124
43 201 98 218 93 213 254 236 223 68 220 2 104 220 190 228 248 234 147 203 198 43 62 253 63 92 143 107 23 158 124 206
120 48 115 96 13 93 81 80 99 236 164 13 11 31 68 20 168 148 205 128 8 99 240 144 211 217 1 51 107 132 70 114
106 132 244 253 45 95 252 168 143 186 240 43 238 252 54 71 203 85 255 35 164 99 203 221 151 251 207 191 87 124 93 135
42 52 116 221 63 219 248 120 207 180 246 162 206 125 148 167 239 245 255 33 164 241 111 221 55 251 67 151 119 140 77 71
102 187 56 234 253 221 159 232 139 24 188 8 174 220 108 182 204 123 223 83 75 35 250 245 185 208 15 255 80 10 7 175
58 180 246 247 113 159 250 208 191 164 246 171 107 207 6 149 191 255 223 160 174 211 153 239 191 255 143 179 103 164 103 214
163 73 39 156 69 150 206 224 213 64 192 70 120 236 53 229 120 232 18 239 237 175 54 253 49 58 202 8 31 61 113 252
163 77 7 140 77 150 206 112 196 194 200 70 120 200 53 229 108 233 18 239 237 167 20 239 49 40 202 8 29 191 112 156
90 48 98 252 111 20 120 88 63 204 246 175 109 223 86 84 254 205 255 132 142 82 251 209 215 249 139 139 39 132 110 211
48 95 107 254 118 129 207 112 213 8 218 230 113 205 177 64 94 234 23 207 200 163 70 175 112 173 170 136 53 187 112 185
41 222 115 223 127 223 163 112 95 224 253 230 124 213 165 228 126 56 130 74 193 187 125 255 63 94 3 18 95 143 89 253
42 32 102 221 109 212 249 88 173 204 244 135 137 207 182 166 238 233 255 141 139 227 170 193 87 121 139 138 71 140 119 245
172 221 106 174 125 211 86 232 151 76 220 43 122 253 58 64 216 251 159 99 78 35 122 191 123 93 165 187 22 46 124 211
41 23 67 202 116 199 235 112 69 76 253 103 67 13 191 84 92 168 135 238 201 178 112 140 118 252 160 128 127 139 116 221
88 48 121 96 34 76 81 16 40 236 54 109 159 23 194 82 166 213 125 0 129 64 177 0 195 201 33 176 40 128 7 115
158 140 229 179 135 50 189 167 53 23 74 147 233 46 26 111 99 215 179 151 52 220 45 226 239 102 222 193 167 213 181 110
61 207 103 78 252 19 207 252 213 202 248 98 83 232 189 229 122 236 22 111 233 163 108 190 48 8 167 140 119 255 240 229
75 50 112 165 99 92 249 80 57 236 116 141 157 31 86 176 190 221 215 133 140 114 240 192 215 249 171 163 103 132 47 211
57 113 106 72 93 215 203 248 65 204 252 10 123 220 183 52 124 232 22 239 205 179 124 157 115 77 161 60 119 191 118 244
47 67 98 195 116 22 235 112 85 76 95 66 89 73 189 228 120 200 23 239 193 176 45 238 39 125 162 128 103 191 112 229
59 48 103 205 109 95 248 88 223 232 210 239 74 220 182 228 254 221 255 133 141 243 255 208 23 122 139 186 95 12 117 215
67 40 231 181 163 248 188 7 169 194 146 181 173 174 87 222 167 111 253 149 133 217 134 224 156 114 223 131 142 116 171 93
27 50 118 101 37 31 248 80 109 236 182 167 207 14 214 134 174 213 255 133 140 225 245 192 150 217 11 147 79 132 111 119
6 180 246 155 221 255 190 237 191 55 241 19 236 254 124 205 251 91 187 147 54 243 155 247 63 22 223 103 151 92 253 198
126 151 102 174 159 82 150 237 147 198 153 191 75 124 126 130 183 211 249 243 253 35 63 255 187 70 141 255 191 127 189 87
254 81 228 174 207 80 214 204 195 246 157 175 67 236 127 10 121 196 253 231 204 99 158 176 242 65 205 191 127 255 124 86
122 32 116 236 45 95 88 88 175 172 182 8 203 223 150 246 206 213 255 136 140 99 251 208 147 251 131 187 70 140 108 71
58 48 112 233 45 93 216 72 43 172 176 11 143 31 86 150 238 213 223 129 140 99 219 208 151 217 139 187 71 12 79 199
122 48 242 228 109 93 120 72 43 188 178 11 206 191 70 214 239 213 255 128 12 99 217 208 159 248 199 191 6 172 110 71
106 48 230 213 105 215 248 80 187 236 246 171 72 191 214 246 254 253 247 141 132 243 253 208 31 120 207 163 71 164 111 215
90 48 118 228 47 92 120 80 45 172 182 171 207 159 86 214 238 213 255 129 140 99 209 192 151 249 139 147 38 132 45 71
38 172 146 154 221 149 186 200 31 49 120 27 236 250 108 128 249 251 163 145 54 122 218 247 63 22 159 111 217 10 171 134
199 213 31 170 236 36 190 253 136 90 153 71 212 254 121 99 215 83 63 231 247 3 154 243 185 56 239 236 152 123 161 49
90 130 247 189 47 155 250 200 255 176 210 131 235 238 116 228 255 253 191 129 142 243 143 211 159 254 143 183 55 44 117 6
55 166 233 138 222 49 139 216 23 83 157 243 81 110 250 104 127 201 23 191 190 2 111 179 218 13 171 252 181 239 48 197
40 34 76 137 76 75 161 72 22 164 240 174 193 129 226 128 120 140 106 129 0 242 79 144 92 131 167 33 53 8 116 160
183 94 107 158 118 146 207 248 85 74 213 246 113 236 191 100 94 232 23 239 237 182 108 174 54 46 174 136 63 191 112 245
90 16 118 237 47 31 248 104 239 36 182 171 207 254 52 228 238 181 255 33 164 97 57 220 151 251 67 147 87 172 77 215
26 48 246 254 47 222 184 72 175 188 242 163 236 222 102 214 239 125 255 129 6 195 155 241 155 251 143 187 7 36 47 215
106 48 112 192 109 93 248 88 127 236 244 11 142 157 86 180 254 157 255 133 132 114 211 192 87 88 131 171 71 140 126 199
184 55 122 236 118 219 215 120 85 238 252 171 83 253 182 33 250 184 135 99 236 179 109 159 250 15 33 179 119 138 124 211
42 32 98 200 109 93 248 72 31 228 244 139 8 220 118 164 255 153 215 133 132 115 251 208 31 24 143 191 87 140 119 215
59 89 115 206 63 151 139 212 95 72 244 230 122 220 183 228 126 248 190 78 199 187 54 253 50 125 34 146 95 159 105 253
168 221 122 254 126 195 215 248 159 200 252 43 118 253 42 65 90 250 159 98 106 167 74 191 123 127 165 251 55 170 124 243
215 207 208 190 158 36 78 174 152 130 153 198 221 98 105 67 119 227 29 255 120 7 14 239 184 134 207 124 188 243 161 0
74 12 151 159 77 210 190 96 191 130 194 3 236 254 36 199 249 127 235 131 100 203 202 255 61 54 223 11 2 108 45 142
57 121 115 207 103 221 175 244 77 76 252 230 58 205 181 164 126 248 134 207 203 178 46 253 53 24 162 136 127 191 116 253
63 87 107 207 116 150 238 112 85 72 253 230 113 76 189 96 94 248 23 239 205 178 124 174 102 109 162 128 127 187 120 213
58 36 118 253 125 159 248 104 191 180 178 131 204 207 22 151 255 245 255 160 160 225 27 221 183 251 203 51 103 140 99 150
122 48 51 96 41 77 81 80 43 232 176 108 31 159 68 178 204 213 253 0 9 99 242 128 155 217 5 58 106 4 70 115
26 48 118 252 47 221 248 72 175 188 246 35 207 223 102 210 239 245 255 1 132 193 187 208 215 249 43 183 103 132 111 83
109 183 57 234 252 157 94 248 203 44 184 108 239 125 26 176 157 155 223 115 207 35 104 191 191 221 37 254 82 138 78 35
247 209 187 186 238 69 159 216 138 90 145 111 84 222 125 107 255 89 55 247 195 67 170 241 49 8 239 190 157 123 177 243
74 176 246 190 111 213 248 200 175 92 214 171 236 223 54 198 239 247 255 133 134 99 219 241 151 250 139 155 22 172 45 215
42 201 98 218 93 213 222 236 223 68 220 3 40 220 54 164 216 251 147 195 198 43 126 255 63 93 143 107 23 30 252 206
34 32 112 201 109 93 248 72 175 188 176 11 142 222 86 132 235 153 255 129 14 99 219 209 159 216 143 191 87 12 111 134
58 32 114 237 127 210 250 72 63 224 240 163 205 223 22 212 255 253 255 133 46 211 201 221 183 249 139 135 39 132 123 151
106 0 244 253 111 27 252 104 143 182 242 11 206 248 22 70 238 245 255 33 164 115 203 217 151 251 75 31 23 108 93 135
30 164 118 255 191 223 254 232 63 54 242 3 239 255 62 213 255 215 255 161 166 243 27 255 191 254 75 87 119 172 111 134
102 44 238 158 205 150 254 104 187 134 240 3 236 254 103 94 249 255 127 131 108 219 202 235 63 54 223 11 133 124 124 142
132 245 59 234 238 229 183 216 142 26 57 106 84 223 105 42 191 91 23 115 195 39 42 243 113 8 47 238 145 123 167 243
38 168 151 155 221 203 162 200 159 177 208 91 236 254 109 140 249 255 107 17 50 83 203 247 29 22 207 110 128 124 149 166
167 205 192 183 148 42 206 167 26 179 152 82 177 40 21 3 73 195 19 223 121 124 93 239 172 30 223 52 157 121 217 136
91 48 102 244 103 212 120 80 173 204 246 167 77 223 246 246 238 253 255 133 132 211 166 192 215 121 139 139 39 132 111 215
19 223 110 220 118 130 255 247 173 76 94 230 61 191 182 97 102 243 31 205 225 153 36 237 114 41 190 128 39 148 177 249
189 95 75 254 118 130 239 112 149 200 94 230 121 207 177 196 126 232 23 239 233 131 38 175 112 173 170 136 63 187 120 241
75 62 174 149 179 150 189 87 190 223 86 199 172 174 183 238 167 111 251 157 164 217 182 232 45 58 222 195 134 196 61 237
86 190 238 149 182 242 189 135 190 255 150 179 149 190 215 107 103 119 125 145 180 217 167 104 174 35 255 131 132 112 181 95
96 32 57 96 0 77 81 0 98 164 36 8 22 21 64 48 0 20 64 8 0 96 176 16 193 137 1 48 64 0 70 34
11 186 70 146 98 208 184 198 188 77 86 231 172 134 166 228 166 59 239 133 135 217 38 233 20 48 58 139 12 4 47 223
88 50 120 228 34 88 89 16 41 236 54 173 223 31 194 114 166 213 253 0 132 80 161 128 214 241 41 179 46 132 7 115
134 140 164 211 197 46 244 167 95 55 98 19 224 40 94 11 233 70 35 145 60 252 91 226 111 126 222 71 197 93 220 142
214 181 174 190 154 38 30 252 147 203 157 255 126 253 111 80 181 215 253 247 249 67 26 255 251 87 205 255 189 119 188 83
27 48 118 229 45 30 216 64 173 228 246 135 207 142 22 178 238 197 255 133 140 227 241 192 215 249 138 147 111 132 107 87
255 221 232 174 255 119 86 252 155 238 157 47 78 253 127 19 245 247 221 103 236 67 186 187 251 95 205 191 191 127 214 83
7 249 191 186 238 69 158 200 138 88 17 107 212 222 105 75 215 89 63 119 67 71 154 241 177 0 111 190 156 123 145 243
246 223 235 222 255 52 95 252 147 206 157 239 106 237 255 23 223 242 181 239 248 67 170 191 123 95 237 190 191 255 244 119
59 48 118 205 111 223 248 88 47 252 244 175 12 158 214 182 239 245 255 133 132 115 189 208 23 89 11 183 119 140 79 247
34 32 102 221 109 151 248 72 175 128 244 131 200 223 214 38 238 249 127 141 130 227 211 193 23 120 139 139 95 140 123 245
187 201 99 78 125 215 206 248 85 64 244 78 107 220 183 164 92 232 151 239 207 163 124 191 51 93 133 186 119 190 122 252
187 73 99 222 124 209 207 244 197 64 212 98 113 220 183 228 72 232 23 207 205 171 46 191 50 41 170 136 55 191 112 237
62 180 50 250 223 215 146 200 23 4 236 11 110 216 110 132 217 251 131 17 46 51 90 191 59 215 15 111 115 14 111 134
32 34 72 169 108 9 233 64 108 36 240 139 151 9 20 0 106 141 70 1 0 242 197 192 84 24 162 33 69 136 123 128
59 91 99 190 126 159 218 248 223 76 212 231 111 204 183 244 254 233 191 79 207 171 110 189 178 127 171 152 63 191 120 93
183 212 183 222 159 119 159 200 27 218 153 63 80 252 125 47 221 83 149 115 253 103 58 250 57 94 205 190 221 127 214 87
86 166 212 221 218 10 63 200 191 51 192 147 204 234 76 94 243 221 107 161 34 83 203 211 253 182 207 63 180 112 167 130
38 44 214 159 221 194 254 202 191 178 240 3 72 254 119 95 251 253 123 147 52 243 202 234 63 62 207 47 199 116 119 134
40 140 58 250 53 213 86 248 22 79 92 3 127 255 42 64 217 123 135 0 46 171 42 191 235 199 165 105 50 142 124 202
120 49 120 96 45 93 82 24 107 236 188 9 139 29 86 144 140 148 253 8 140 34 240 144 243 221 33 51 66 142 78 83
50 32 102 253 45 143 248 72 191 176 242 3 207 202 116 68 251 237 127 133 10 243 219 209 151 248 139 62 87 12 113 134
81 2 207 173 78 2 104 120 118 128 210 230 209 226 176 226 120 204 110 140 9 211 199 204 148 162 235 0 61 168 113 32
122 32 114 168 109 93 248 72 47 164 176 11 14 158 86 150 234 213 223 129 12 99 219 208 151 216 131 59 71 12 111 198
65 34 94 165 106 10 104 80 47 160 242 194 221 130 144 82 110 205 126 140 1 211 197 192 148 184 171 128 45 128 43 128
90 48 114 164 111 29 120 64 175 164 178 11 78 158 70 214 238 213 255 129 12 99 153 208 151 248 3 59 39 12 111 70
155 31 239 189 180 182 255 246 188 206 86 247 125 254 183 107 239 103 63 141 245 249 32 174 250 235 254 128 141 252 245 249
90 48 118 164 47 156 120 64 173 164 178 11 206 158 102 214 238 245 255 129 12 99 145 192 151 242 11 19 39 4 47 22
59 95 106 174 246 151 254 246 197 76 220 231 57 233 183 196 126 234 151 239 205 187 36 255 114 125 174 136 63 254 120 221
171 205 106 218 125 215 222 236 213 76 244 10 42 220 182 165 216 234 151 111 238 171 126 255 51 89 133 187 87 158 126 236
94 190 190 245 162 14 189 182 190 254 22 199 221 46 19 75 167 119 253 133 244 217 177 108 235 227 255 197 44 112 13 91
82 0 119 140 111 22 248 72 173 8 210 131 204 222 52 198 238 213 255 129 4 195 131 192 151 114 138 139 7 12 45 199
102 174 134 158 221 195 162 232 159 160 226 74 228 234 44 196 249 239 106 145 42 107 203 255 189 54 223 123 209 104 41 12
38 172 30 155 221 131 186 200 158 177 240 3 236 218 108 65 249 123 107 145 39 115 218 255 60 22 143 111 217 8 43 134
26 48 118 248 47 86 248 88 175 100 144 163 141 222 54 212 238 149 255 133 140 67 219 208 151 249 139 187 23 12 63 215
38 160 151 154 221 217 162 200 159 177 224 10 108 250 108 148 249 251 235 17 3 99 202 243 29 22 143 127 145 104 123 134
42 32 97 201 109 93 248 88 123 108 244 11 10 221 84 52 254 157 215 133 140 115 234 208 23 88 131 187 87 140 118 199
184 54 127 233 118 155 254 120 85 174 246 239 75 109 182 1 126 189 135 167 236 179 109 158 118 207 33 145 119 140 116 211
197 245 27 174 236 4 47 253 138 218 25 70 85 242 233 99 245 91 55 239 211 67 154 115 249 140 239 172 24 115 161 177
90 32 118 252 47 150 248 72 175 148 242 131 205 222 36 214 239 245 255 129 14 67 219 209 151 251 139 187 7 12 39 3
56 50 7 205 79 83 33 88 22 244 246 174 193 214 226 228 120 156 234 128 11 243 127 153 29 227 135 47 51 12 60 247
185 87 99 238 118 22 79 112 85 204 215 246 89 77 179 229 126 236 151 239 237 182 45 206 114 235 162 128 63 191 120 245
90 48 118 236 45 95 120 88 175 40 246 11 207 223 38 214 238 221 255 129 12 99 211 192 215 249 11 187 6 132 45 3
184 215 126 252 126 67 151 248 21 234 252 163 127 125 162 65 127 244 223 98 104 231 75 159 242 227 231 151 55 254 124 211
59 91 123 206 119 213 223 244 79 76 252 238 59 220 183 228 254 235 150 207 207 171 62 253 50 93 42 186 127 159 124 253
59 223 107 207 100 209 239 252 13 76 252 230 251 221 191 164 126 250 151 238 201 178 110 253 54 221 166 170 87 255 252 253
181 94 105 223 254 183 207 248 85 74 213 246 113 200 191 109 127 232 23 239 233 182 108 191 118 46 239 156 127 255 240 245
122 32 246 237 109 28 120 72 59 36 246 11 207 191 22 246 254 221 255 129 140 115 195 208 151 251 138 59 39 172 127 134
19 28 254 149 178 146 184 102 188 197 86 183 172 190 182 195 39 119 255 133 165 217 55 237 46 107 254 130 45 196 169 223
90 32 118 236 111 223 248 72 143 240 146 131 204 158 118 230 239 245 255 5 134 113 159 209 151 120 139 183 55 12 125 151
58 32 114 184 109 93 248 72 143 164 176 11 142 222 118 196 234 145 223 129 12 99 91 208 147 216 139 59 119 12 127 198
45 183 120 235 252 15 95 248 91 108 188 110 123 109 158 48 223 154 87 46 143 34 105 255 126 223 37 244 127 138 94 209
170 221 104 250 93 213 222 236 223 68 244 3 40 220 54 32 216 251 147 195 238 43 122 255 127 93 143 123 87 30 252 222
122 32 102 236 109 26 248 64 173 160 242 11 207 158 22 18 234 197 127 133 12 243 209 192 215 248 138 27 109 12 123 6
90 50 113 225 98 88 121 16 57 228 118 237 159 31 194 112 182 221 253 128 133 208 165 192 214 249 33 163 46 132 7 113
98 160 198 223 93 8 252 232 159 147 240 3 232 250 60 86 251 255 123 129 38 227 203 249 29 58 207 27 149 108 122 134
10 26 102 159 114 208 184 118 189 76 86 231 173 206 182 228 38 123 191 133 167 217 38 237 22 114 186 139 47 132 45 221
104 48 57 96 1 73 81 0 96 172 36 8 30 23 64 48 0 20 68 8 1 96 240 0 193 201 33 48 66 0 70 34
155 89 126 254 38 132 255 246 188 86 86 231 61 255 179 107 102 243 63 207 225 205 54 237 242 235 254 128 63 177 41 249
40 188 58 250 93 215 83 248 22 77 124 3 127 221 42 64 217 58 131 16 38 179 58 191 107 199 37 109 18 10 116 210
187 77 99 158 124 209 207 244 213 68 212 130 49 204 183 225 72 232 19 203 237 175 102 191 114 107 138 8 55 191 116 236
42 32 100 229 109 94 120 80 41 236 244 163 137 159 150 150 238 221 215 140 136 210 225 192 215 249 139 163 39 132 126 211
98 32 117 237 111 27 120 72 47 176 240 139 205 159 68 214 238 221 255 128 10 82 203 209 151 248 139 191 23 140 103 135
114 32 214 189 15 74 220 104 159 178 240 11 207 234 100 214 251 253 239 1 12 115 203 209 151 242 207 63 119 108 95 134
50 32 86 221 109 137 248 72 239 176 240 3 78 219 116 118 235 253 127 1 6 227 202 209 151 248 131 63 87 12 107 134
90 0 118 237 45 27 248 72 175 36 242 139 207 250 22 70 238 213 255 129 4 99 219 220 151 251 203 27 71 44 109 134
120 37 120 96 116 93 82 16 99 172 252 9 159 29 82 48 152 156 213 104 140 50 224 154 247 221 33 49 99 138 94 67
197 247 155 170 238 37 190 216 138 154 25 111 84 211 233 106 183 91 23 127 243 7 138 114 248 136 47 188 28 123 129 163
147 94 102 158 78 148 238 246 149 198 208 215 41 238 183 69 110 227 55 207 237 143 54 239 50 106 254 136 63 253 48 220
58 32 118 249 111 154 248 72 191 32 242 131 77 219 54 212 254 189 255 132 12 211 137 220 150 250 139 147 55 140 123 134
58 32 102 253 77 155 248 72 191 176 242 131 207 202 116 196 251 253 255 129 14 243 203 209 151 248 139 63 55 12 121 134
133 247 31 234 250 37 175 216 142 154 57 98 212 247 233 42 255 83 23 122 243 35 10 122 105 140 47 172 152 251 161 161
8 156 158 253 54 158 186 230 158 137 114 34 188 186 32 224 231 127 191 1 35 216 2 255 100 239 58 130 24 8 41 171
90 32 114 168 79 93 248 72 175 164 176 11 14 158 70 150 234 213 255 129 12 99 217 208 151 208 11 59 71 12 111 70
81 34 86 133 14 10 105 80 108 160 242 198 221 131 144 114 98 197 110 140 1 209 133 192 148 170 171 128 45 128 33 0
56 22 111 253 124 27 254 120 21 238 246 231 75 109 178 129 126 245 207 167 236 243 109 158 246 251 227 145 119 172 116 209
187 223 107 206 247 215 223 253 93 76 252 167 121 252 191 228 126 235 151 239 239 187 60 255 114 93 174 171 63 222 252 253
90 2 86 140 111 82 248 72 173 0 210 3 204 206 36 198 238 213 255 129 4 195 131 192 151 50 138 139 7 12 45 134
59 221 97 206 255 85 223 252 69 68 252 174 123 252 190 164 126 218 150 238 223 58 125 255 118 205 167 174 127 222 248 253
74 32 150 158 73 208 184 96 175 140 214 11 236 250 102 214 234 247 239 129 4 195 131 224 159 50 207 27 10 36 47 6
34 32 118 201 77 11 248 72 159 160 240 11 204 218 54 4 250 153 255 129 12 227 75 208 21 26 139 59 95 12 121 134
90 32 114 224 103 88 248 64 173 0 242 11 204 158 38 212 238 149 255 129 4 99 129 192 151 248 138 139 7 4 47 135
58 22 119 237 111 91 190 120 21 238 246 231 75 109 165 197 127 245 255 162 233 243 105 159 246 251 231 151 119 254 124 211
34 32 115 200 109 93 248 72 107 32 240 11 10 157 20 148 234 157 223 129 140 115 194 208 23 88 131 59 87 140 118 134
189 94 229 223 236 39 207 254 85 218 212 246 113 105 183 239 95 232 55 239 233 246 111 191 38 42 231 128 127 253 112 253
114 160 214 205 77 10 248 200 159 48 240 3 108 234 60 86 249 221 123 129 14 243 219 209 21 58 207 63 85 44 123 134
82 32 94 252 41 137 120 72 175 128 178 9 207 203 68 86 238 245 255 128 14 67 219 193 147 248 139 59 4 0 41 6
170 221 96 250 221 149 214 255 95 76 244 19 40 221 54 5 216 251 151 195 234 46 122 255 123 91 158 251 23 28 244 207
222 158 254 183 166 82 191 182 189 254 150 231 253 126 183 99 39 247 253 227 237 221 45 238 250 251 255 131 175 244 45 95
171 205 102 222 125 223 223 228 221 76 244 3 106 220 182 37 200 234 151 111 238 174 126 255 103 91 200 187 87 156 252 222
27 30 103 159 50 146 184 112 189 76 86 231 105 238 182 229 102 123 191 133 167 217 47 237 34 107 250 130 39 132 61 253
50 34 86 236 77 15 104 72 175 172 242 75 206 203 100 150 233 197 111 128 8 211 203 208 149 248 139 59 97 8 83 130
34 50 5 201 79 95 177 88 22 236 246 238 194 212 194 100 124 156 234 128 141 242 123 144 23 193 163 171 51 12 52 247
155 92 238 254 110 214 191 246 149 202 214 179 125 255 179 107 102 249 191 199 229 199 38 235 243 235 254 136 55 245 45 217
18 32 86 189 47 139 248 72 175 176 210 3 205 222 116 198 235 253 255 129 12 83 139 208 149 248 139 55 55 12 81 134
44 184 57 218 253 205 179 216 30 93 116 16 244 213 104 100 221 26 51 24 35 106 122 247 109 158 55 108 210 136 245 251
247 255 255 254 254 35 158 248 26 170 152 251 84 121 189 17 191 247 117 103 224 71 137 127 120 14 109 188 157 251 179 161
104 38 120 100 116 75 83 16 115 172 126 41 159 31 194 16 154 221 69 32 12 178 224 10 246 253 33 161 100 130 78 67
90 51 194 165 114 30 186 80 45 196 90 231 205 142 134 212 54 205 239 133 132 144 149 202 182 101 42 130 46 166 43 213
50 32 70 249 77 139 248 72 175 32 226 3 140 202 52 212 234 173 255 129 12 195 203 216 151 250 139 51 53 12 123 134
106 144 61 251 173 205 209 159 143 93 180 24 190 223 108 102 201 19 255 16 27 107 251 241 207 219 158 122 154 8 213 123
42 32 118 225 109 91 248 64 45 160 244 3 137 159 20 22 234 221 255 128 12 243 193 192 151 216 139 19 7 140 122 134
114 32 214 252 79 75 248 72 191 36 226 11 78 234 36 214 250 253 111 129 12 243 203 208 151 242 203 59 101 44 71 134
11 149 97 219 244 215 239 255 95 65 93 214 249 126 188 228 95 27 23 173 243 152 127 255 46 126 190 192 30 142 241 253
58 50 114 96 114 203 51 80 57 44 124 171 15 159 166 148 54 189 135 0 0 178 132 202 118 213 32 163 103 134 7 195
120 48 121 96 35 72 81 16 96 136 52 40 30 23 128 180 34 20 204 8 1 96 160 0 195 233 33 16 98 128 70 35
114 32 114 232 79 9 248 72 239 32 176 10 15 139 52 20 234 149 127 128 8 99 201 208 151 248 139 59 117 136 99 134
56 167 120 225 116 75 83 248 19 172 252 41 27 29 194 16 88 220 135 122 74 50 232 159 255 205 165 189 119 138 94 227
114 32 82 225 109 8 248 64 173 32 242 11 141 155 20 84 234 141 127 129 4 227 209 192 150 248 138 51 77 4 123 134
46 160 158 155 221 219 178 200 158 180 224 10 236 238 78 160 249 127 234 17 38 115 235 251 61 23 15 127 144 108 47 134
50 32 82 233 111 9 248 72 239 32 240 2 142 154 52 212 234 149 127 129 12 99 203 208 149 248 139 59 119 12 99 134
58 32 114 240 111 157 248 64 175 36 242 131 141 222 52 164 238 181 255 133 140 227 130 208 151 248 139 187 103 12 127 214
50 32 82 248 77 153 232 72 191 32 242 3 142 202 52 196 250 173 127 1 8 243 219 208 149 248 139 59 117 12 113 134
98 184 135 158 93 205 160 200 191 188 242 79 230 226 44 196 249 238 234 17 3 99 219 255 157 54 207 123 88 40 125 134
74 50 121 225 98 88 121 16 57 100 118 173 157 15 130 240 54 157 183 132 129 208 181 194 198 253 32 160 46 132 7 241
122 32 86 233 45 11 248 72 175 32 242 131 205 138 52 84 234 149 127 129 12 131 67 208 150 250 138 19 87 132 123 134
165 247 157 238 236 7 143 248 138 186 153 110 85 243 249 35 95 93 23 239 225 67 138 122 120 136 239 188 28 251 163 161
187 221 111 158 254 87 255 254 29 78 220 183 121 108 190 101 127 235 151 239 237 191 61 255 114 127 238 136 63 254 252 253
170 221 100 95 125 223 215 252 221 94 245 58 234 220 190 37 216 114 151 99 230 110 110 255 103 91 229 219 87 30 220 223
58 32 22 137 13 91 184 72 143 164 240 11 204 218 54 196 232 137 251 129 12 227 91 208 149 82 139 59 87 12 125 134
122 22 246 205 45 27 254 120 23 234 254 234 203 237 182 230 126 213 255 162 137 163 107 222 182 255 199 147 95 254 124 181
162 222 44 251 108 133 150 253 95 26 212 119 236 89 182 65 205 123 151 67 234 46 75 255 46 91 254 187 23 28 220 139
94 30 254 183 170 82 189 176 189 206 150 231 237 110 183 107 231 247 253 167 229 193 175 236 242 115 239 131 47 244 45 85
82 32 87 189 13 203 232 72 175 176 242 3 205 202 116 198 235 237 255 129 12 67 219 208 149 240 139 63 21 12 125 134
158 76 174 254 5 182 255 246 151 202 210 3 125 254 51 105 237 255 63 199 172 199 42 235 211 255 250 136 181 121 53 203
91 18 238 189 42 150 189 56 189 206 214 231 237 238 182 231 118 245 253 165 172 193 167 205 146 123 239 131 47 228 61 85
47 184 53 219 253 221 161 216 95 89 116 108 252 213 236 228 221 26 191 24 163 96 123 245 13 218 23 254 90 136 69 253
168 39 121 65 116 75 99 80 113 44 124 168 27 29 150 52 58 156 7 40 160 178 101 206 102 173 33 160 103 138 86 225
104 144 61 251 173 221 81 157 207 125 181 124 254 221 76 102 193 19 255 16 155 105 251 177 207 217 62 254 154 8 135 115
63 76 234 158 205 244 207 226 213 198 204 2 121 254 55 236 73 234 179 207 13 139 126 235 115 111 222 9 183 127 124 238
120 50 121 96 34 89 81 16 105 172 52 168 31 23 198 180 38 148 196 0 1 96 160 0 211 217 33 179 99 128 78 99
90 63 66 164 114 150 58 82 49 204 126 239 13 207 166 148 62 237 151 165 132 147 148 206 182 101 171 136 47 134 43 213
51 51 99 233 90 15 178 88 6 232 250 239 211 156 196 96 124 156 127 128 141 178 247 146 55 196 163 138 57 10 36 183
98 50 97 129 78 93 225 80 37 104 246 239 147 21 130 100 120 140 127 140 137 242 245 194 87 4 163 170 107 142 118 247
120 48 112 96 45 93 81 88 99 236 180 44 10 21 198 52 140 148 204 8 137 99 240 144 211 217 33 187 66 140 70 119
120 48 122 96 41 93 81 80 97 108 182 40 31 23 130 20 134 148 205 8 8 99 240 128 211 217 33 179 98 132 78 115
90 0 22 140 77 86 184 72 175 4 214 3 204 202 38 198 234 213 235 129 4 67 219 208 151 50 138 27 23 12 45 198
191 149 107 206 215 215 255 252 87 108 252 190 123 124 190 164 127 219 151 239 255 179 124 255 127 79 167 229 127 254 252 253
50 32 86 253 77 193 248 72 175 164 242 3 204 202 116 198 234 245 255 129 12 227 219 208 149 240 139 59 69 12 119 134
50 32 86 233 77 75 248 72 47 32 242 3 143 139 20 86 234 221 127 128 12 227 209 192 151 248 139 51 71 12 127 134
114 32 82 237 77 72 248 64 175 36 240 3 15 139 52 84 234 157 127 129 12 243 209 208 151 248 138 51 103 12 127 134
53 119 153 229 158 39 15 184 20 170 154 110 85 115 137 34 125 212 28 234 249 210 73 14 252 142 175 180 41 251 0 161
50 34 82 137 77 15 232 72 175 44 240 78 142 138 36 148 232 141 110 129 8 243 203 208 148 176 139 58 81 8 79 134
50 48 22 184 77 75 224 72 175 44 240 7 206 202 36 196 232 141 238 1 8 99 219 208 149 176 139 59 81 8 127 134
66 176 159 158 73 223 177 200 190 244 230 47 236 246 38 194 249 238 234 1 39 99 251 253 157 50 79 63 88 44 45 246
245 166 159 229 254 7 142 248 18 170 216 234 85 115 145 51 63 213 119 239 225 211 201 14 120 174 237 180 173 250 35 161
66 178 151 156 105 219 161 200 190 244 228 44 236 198 102 212 249 237 234 1 7 99 251 221 156 50 15 63 89 44 47 244
50 32 86 232 77 75 248 72 175 160 242 11 74 154 116 212 234 149 127 129 12 243 219 208 151 248 139 51 117 8 112 134
50 32 82 232 109 75 248 72 239 36 240 11 142 136 54 148 234 157 223 129 12 227 194 208 151 248 139 59 71 12 127 134
11 48 121 225 114 90 123 80 57 104 118 167 29 31 150 176 62 157 151 140 137 144 245 202 230 253 163 128 47 132 110 241
98 50 82 169 78 8 232 72 47 0 242 111 140 154 36 208 234 141 111 129 1 243 211 208 148 48 139 154 13 8 123 131
98 176 142 158 9 199 177 232 190 252 198 45 228 246 34 199 253 231 234 1 47 99 251 125 157 50 207 59 24 44 47 246
50 50 6 188 13 207 232 72 175 44 242 7 206 202 38 214 232 229 238 129 12 195 219 220 145 178 139 59 25 8 127 6
166 214 124 223 110 219 182 252 223 90 116 119 238 220 189 65 223 81 183 99 230 100 75 255 102 91 239 155 95 60 221 159
91 18 238 189 42 22 217 56 173 204 150 231 205 238 182 98 230 245 253 165 173 193 231 204 210 123 235 155 46 228 45 85
47 178 53 217 173 221 153 216 207 121 180 108 254 220 252 228 207 18 254 8 139 99 123 209 139 218 47 254 90 12 85 245
106 48 113 64 105 77 81 88 107 236 180 44 30 29 196 54 143 213 223 0 129 99 248 208 215 216 37 186 71 140 70 119
114 48 82 200 77 79 232 72 239 44 242 15 142 154 38 212 232 141 239 129 8 99 219 208 149 176 139 59 89 12 126 134
107 48 158 156 109 93 177 72 191 244 230 43 204 222 102 210 253 253 234 1 7 99 251 209 29 50 143 63 81 44 47 198
50 50 83 232 79 77 232 64 175 44 242 7 14 138 36 148 232 149 239 129 8 243 209 208 149 176 138 51 97 8 127 134
53 119 209 229 144 15 79 184 20 170 218 206 211 51 129 34 94 204 92 234 233 208 93 14 236 142 229 148 44 250 0 33
117 183 89 229 214 15 111 184 80 170 218 110 211 51 129 32 127 220 116 170 169 208 77 14 236 174 165 132 173 250 16 161
114 50 123 64 106 73 113 80 43 236 182 173 30 159 198 118 166 213 255 0 128 99 161 192 215 217 33 179 98 132 70 115
51 39 3 233 122 15 170 72 39 168 218 234 80 152 160 96 252 156 95 229 136 178 69 94 52 12 171 162 125 138 48 165
90 50 122 224 34 88 121 80 41 76 182 173 15 159 130 80 166 149 237 0 140 67 161 192 210 241 32 147 38 132 47 83
168 54 122 65 116 31 123 112 125 44 126 230 75 7 150 149 62 156 199 40 160 176 33 222 102 223 33 128 103 142 70 241
43 159 106 191 118 147 187 246 94 76 92 231 241 248 182 96 254 43 23 197 166 186 44 191 100 47 170 137 93 10 57 217
90 48 122 224 35 72 49 80 169 44 182 41 14 159 6 80 166 149 253 0 4 65 160 192 211 249 35 147 98 4 15 83
122 48 122 96 109 77 81 80 171 44 180 41 14 159 6 16 166 149 253 0 136 99 224 208 215 217 33 179 66 140 71 115
59 62 98 128 114 151 250 114 53 196 124 199 41 206 182 148 126 251 151 141 165 155 52 238 50 85 138 136 47 134 43 221
107 184 59 254 45 212 81 216 235 89 180 108 190 222 46 118 201 243 255 0 139 75 250 241 211 249 186 186 90 12 102 127
42 205 168 222 205 245 215 238 215 79 220 2 168 189 54 100 201 122 179 129 78 43 114 179 99 127 222 27 146 92 252 238
15 156 101 217 254 219 238 190 95 123 86 246 153 62 182 229 111 111 191 157 183 248 111 255 46 127 255 212 191 204 217 245
40 176 53 248 109 93 209 200 207 120 180 10 158 221 102 224 201 152 254 8 11 99 123 209 223 217 135 63 82 12 92 243
95 112 238 180 205 118 253 216 185 222 214 135 77 238 115 74 255 237 255 151 132 195 190 192 223 123 239 141 143 245 63 215
95 50 234 165 203 20 61 80 169 238 150 143 77 174 87 26 175 197 253 149 140 67 181 192 222 123 207 137 175 244 43 213
24 29 19 175 50 194 47 114 52 136 90 226 117 247 160 64 118 255 31 235 97 152 1 111 245 167 170 128 44 162 33 57
114 50 23 173 13 95 232 72 175 44 242 7 204 202 38 196 232 141 239 129 12 195 219 208 149 240 139 155 17 12 127 198
58 50 23 169 13 79 233 72 175 44 240 7 206 138 38 196 232 133 239 129 8 99 219 208 149 240 139 59 81 12 127 198
117 99 69 101 40 79 79 184 32 232 178 104 211 3 153 115 84 212 124 106 105 64 233 8 225 168 229 148 40 187 82 49
58 32 114 232 77 89 248 72 239 36 180 11 14 142 54 148 234 145 207 129 12 99 243 208 151 216 131 59 71 12 127 198
229 48 221 68 44 124 64 152 107 250 167 88 211 80 205 187 129 196 124 122 173 102 251 0 155 217 97 60 202 187 74 37
117 167 201 229 222 3 78 248 18 162 218 234 115 97 145 33 127 228 108 238 105 242 205 14 248 174 229 180 165 250 114 160
117 117 81 101 146 14 71 56 96 160 186 204 83 115 129 114 30 196 76 238 201 176 93 14 224 168 37 20 109 251 64 33
