47 184 38 218 237 213 216 220 159 221 180 27 234 220 126 172 205 251 247 149 158 107 122 241 31 90 159 255 215 13 254 215
31 142 6 191 183 146 158 234 149 142 210 231 109 234 163 197 127 231 174 167 236 233 13 255 176 246 207 131 55 124 57 13
147 141 71 255 190 130 238 246 149 66 218 210 121 235 176 97 127 230 63 234 233 221 15 255 176 234 239 128 61 250 240 40
91 30 239 255 42 130 126 112 189 202 214 231 253 239 160 99 118 247 191 175 225 209 47 237 246 251 235 128 62 244 33 113
107 48 224 68 109 93 89 88 107 236 180 12 10 31 214 182 200 196 213 12 141 99 250 144 91 217 133 187 75 12 90 247
125 77 107 238 52 210 111 240 245 192 254 2 115 201 177 96 122 236 63 238 201 179 188 238 242 237 167 128 39 187 112 232
106 186 164 253 105 221 88 214 143 60 180 141 172 143 38 214 205 247 255 133 142 75 242 241 215 243 155 187 18 12 6 91
60 69 227 238 252 6 238 248 117 200 252 98 123 251 185 112 126 204 23 239 233 163 15 174 250 239 167 140 127 251 240 161
78 228 180 155 237 127 188 206 187 63 49 25 204 252 79 222 183 95 255 19 54 116 219 243 15 54 95 119 150 125 143 135
151 78 206 140 70 130 239 112 180 130 211 199 81 235 181 69 122 237 51 239 104 183 5 206 48 46 202 128 45 251 112 160
90 24 174 173 41 74 89 58 63 236 214 165 223 63 2 82 227 229 253 5 40 217 211 140 218 243 239 147 46 36 5 83
130 156 150 159 139 240 180 167 189 87 194 179 236 254 38 207 231 119 171 129 52 205 19 227 137 114 222 67 128 84 173 95
92 62 244 118 169 86 93 184 231 222 182 172 255 127 203 191 143 247 253 178 253 99 251 236 251 251 119 155 226 244 47 123
130 142 134 159 143 242 188 231 159 23 82 179 236 238 46 207 231 115 171 145 54 205 11 227 140 114 222 195 151 92 189 223
223 148 110 225 174 127 127 184 31 254 150 191 223 127 251 235 119 213 191 190 248 208 125 158 255 223 239 213 166 253 220 113
38 40 246 209 253 239 248 203 63 181 179 27 204 250 84 156 191 125 255 145 22 242 219 210 31 30 79 231 198 111 207 135
75 58 190 51 34 222 185 80 233 204 118 229 254 220 214 34 166 117 255 1 133 241 164 224 198 249 43 131 76 4 11 215
14 168 144 187 253 173 250 206 31 55 81 19 237 250 106 72 219 107 191 17 22 248 90 243 207 215 159 111 150 93 157 130
157 13 254 254 246 18 255 248 85 134 254 130 121 235 183 96 127 239 55 239 232 179 45 239 114 239 175 132 53 250 113 160
47 48 240 193 245 127 251 216 123 253 117 190 27 157 215 188 191 221 215 28 149 242 252 210 127 221 37 231 231 253 222 245
75 50 241 68 97 93 121 16 105 236 116 108 26 31 198 182 166 221 214 8 129 112 176 192 79 217 37 162 107 132 70 245
58 141 122 238 94 23 254 248 87 162 220 2 105 235 53 224 127 235 23 171 232 179 13 255 250 207 175 132 119 250 120 128
178 165 98 238 93 139 206 232 95 162 248 10 107 233 60 0 123 235 87 227 234 179 72 255 63 222 143 60 119 250 114 128
14 136 74 251 253 209 251 220 159 21 84 18 253 207 248 192 127 59 183 153 50 90 122 247 239 221 191 237 151 136 165 171
90 50 242 68 99 89 57 80 43 236 180 172 14 31 198 182 166 213 197 0 132 67 160 192 90 217 37 179 103 132 47 119
27 63 98 149 246 154 238 246 61 234 94 231 57 47 183 244 118 239 23 207 229 152 37 238 110 111 174 128 47 244 123 221
124 180 245 237 255 79 222 248 19 226 252 11 75 125 24 20 223 220 247 170 40 242 249 159 255 255 133 183 119 238 86 211
66 186 183 190 105 205 57 204 191 93 128 61 236 255 106 82 231 123 251 17 2 75 250 241 221 80 31 187 16 4 167 251
87 16 182 180 173 50 188 204 143 219 147 179 206 254 255 239 239 215 255 183 188 227 235 192 154 122 239 151 197 125 189 71
70 232 150 158 237 253 188 204 187 187 49 25 236 250 93 143 201 107 251 19 22 103 218 241 29 82 95 111 208 125 139 142
115 36 115 237 117 94 250 120 123 160 242 11 74 221 20 112 254 221 87 165 172 178 249 222 55 255 131 62 87 142 98 194
31 95 123 199 118 154 239 240 109 192 126 230 121 239 181 96 62 237 55 238 193 177 45 238 118 237 167 128 111 179 97 249
90 54 255 245 42 10 125 48 189 202 246 230 221 255 129 123 246 245 253 162 161 209 163 200 214 251 111 130 174 240 39 113
188 201 126 238 116 131 255 248 197 8 254 34 121 219 185 96 126 248 55 234 200 179 46 255 242 237 167 136 119 187 112 169
62 217 126 238 124 151 223 248 15 8 252 34 123 223 188 96 254 249 151 234 202 179 122 253 123 253 167 142 119 186 112 147
91 50 125 229 42 31 121 24 63 252 246 237 223 47 214 114 55 221 255 140 133 208 237 221 222 219 107 132 46 132 3 241
186 92 242 255 87 222 254 230 123 142 254 3 41 254 55 212 251 239 151 194 228 190 144 235 55 255 159 171 103 252 119 207
88 50 191 229 34 74 57 48 44 140 214 229 223 55 128 82 166 85 253 128 8 209 161 8 203 227 111 128 34 224 39 115
91 48 98 225 35 92 120 16 111 236 150 175 143 30 214 246 166 213 253 141 141 65 181 192 151 121 175 179 46 132 63 117
57 12 47 255 21 199 239 112 84 234 246 2 115 125 48 97 248 255 23 171 233 187 121 191 243 239 235 0 17 120 112 162
11 18 246 253 44 147 184 88 223 216 214 230 237 255 164 230 255 125 191 129 129 241 43 213 150 251 235 138 30 172 113 149
26 158 246 158 243 210 188 230 191 222 86 167 172 254 38 69 231 127 191 133 36 217 162 255 254 119 223 131 134 100 37 223
93 188 246 182 231 219 53 240 255 254 86 175 126 253 227 47 55 247 255 17 165 249 175 238 222 87 101 203 239 236 45 87
88 48 118 180 111 203 49 80 255 236 214 171 94 221 162 100 54 245 254 1 133 241 175 208 222 115 103 131 111 140 45 87
219 84 246 236 111 30 127 56 57 206 214 167 95 127 135 255 118 213 253 174 232 210 163 202 247 251 231 129 38 244 110 113
58 53 122 108 125 95 90 88 107 236 252 47 75 221 22 176 254 221 215 96 140 178 249 222 119 253 1 171 119 142 110 215
38 184 32 218 237 221 210 200 207 125 188 15 234 220 126 172 217 138 247 21 158 35 122 179 31 94 149 255 211 14 220 198
88 50 255 228 47 95 81 24 231 236 182 40 95 189 66 118 39 213 236 0 141 99 187 192 219 243 101 59 98 164 44 115
106 186 164 253 169 223 28 190 159 63 146 181 172 174 68 214 207 119 255 145 58 73 195 241 143 243 223 255 146 116 135 95
110 190 231 223 249 222 127 248 187 254 86 173 108 247 174 215 247 126 255 46 33 211 251 255 127 62 207 174 150 244 86 243
89 68 45 173 45 95 78 184 85 234 222 8 219 120 19 224 217 196 124 111 205 180 127 159 247 255 229 20 122 254 88 64
47 176 240 225 237 125 248 216 111 253 180 63 159 157 223 190 175 221 255 21 150 115 249 208 223 217 37 247 199 221 199 247
97 48 120 65 108 29 240 16 107 248 52 108 158 24 214 178 142 69 86 5 133 112 252 80 14 217 33 183 77 12 91 213
39 176 105 219 252 159 250 216 95 121 240 94 251 220 252 32 223 155 55 157 175 114 127 247 94 30 167 252 93 140 208 213
29 12 111 255 148 70 239 120 85 202 214 2 123 127 49 97 124 247 63 175 233 243 121 174 243 239 239 128 55 248 112 32
191 181 228 225 181 127 250 216 95 245 189 187 223 124 223 169 191 77 223 55 182 241 125 158 239 223 47 245 247 255 213 215
78 94 166 190 233 116 94 188 177 206 222 165 236 255 123 94 247 247 253 135 204 71 250 227 211 119 222 139 134 247 44 95
45 48 254 69 230 95 253 216 122 254 52 126 91 60 215 186 191 77 246 29 181 240 253 200 78 219 101 164 207 253 219 245
94 50 242 244 227 84 63 208 187 206 254 173 109 255 199 222 55 255 245 146 136 83 186 194 251 253 79 171 167 246 47 119
235 212 224 222 103 125 254 222 91 107 92 63 108 253 190 124 255 219 183 5 230 54 254 243 119 126 154 175 55 254 84 223
27 50 127 229 114 18 185 80 63 232 86 231 93 222 182 100 118 93 191 141 165 209 165 204 86 123 171 130 47 132 33 245
179 142 70 159 22 147 174 248 85 234 216 231 105 106 183 229 127 234 134 175 237 187 13 255 184 102 143 134 63 254 121 157
90 50 242 228 67 16 89 16 49 236 118 173 79 7 66 84 54 221 229 132 8 82 161 192 215 241 32 129 39 164 38 113
88 48 123 225 34 88 121 16 45 200 182 104 223 31 192 50 166 213 253 128 129 97 161 192 223 249 35 147 110 128 7 115
207 157 246 144 231 187 126 179 159 123 95 179 76 191 182 237 119 255 183 135 180 220 44 247 94 127 219 199 182 237 153 87
14 188 182 154 253 245 190 239 159 31 241 17 236 254 126 140 223 123 247 145 54 106 90 247 45 22 159 235 150 77 173 135
38 185 241 170 253 207 222 232 31 232 248 11 238 255 109 16 222 251 215 115 66 115 218 253 191 212 15 255 92 46 3 211
122 50 170 252 104 68 91 88 55 140 222 133 253 239 50 80 220 253 191 129 138 18 203 211 213 247 171 137 20 166 36 82
88 48 123 225 34 88 121 16 45 200 182 40 159 31 130 50 166 213 253 128 129 97 161 192 215 249 35 131 110 128 7 115
159 29 118 176 183 183 250 242 253 202 94 179 205 253 183 173 175 243 191 151 180 253 39 254 219 95 95 194 231 237 37 87
115 48 126 188 111 223 176 72 223 232 244 47 78 216 118 224 255 237 255 5 135 99 159 209 158 123 47 187 95 12 121 215
94 176 164 182 175 84 248 200 43 253 146 47 207 254 94 146 167 215 253 145 142 67 187 240 223 211 207 255 175 36 15 87
2 141 34 154 211 197 190 231 31 69 72 3 44 254 54 64 233 59 147 149 86 154 18 255 125 22 158 75 145 12 165 222
35 207 98 136 215 145 190 239 159 4 92 163 40 236 182 164 126 187 147 197 70 187 6 255 58 28 142 235 21 14 189 204
41 178 188 61 40 87 152 216 246 248 244 228 251 238 222 34 221 93 254 129 143 99 239 209 207 251 175 189 89 32 47 213
92 178 254 244 175 95 85 184 235 254 182 40 95 253 67 191 167 245 252 19 205 99 187 192 219 219 101 255 226 252 15 119
22 159 123 238 246 210 255 250 31 77 252 167 121 255 190 96 255 251 151 227 158 155 42 255 123 255 175 203 55 174 245 255
74 184 156 250 107 205 120 216 191 28 176 41 254 223 74 18 167 251 255 144 6 97 218 241 223 209 47 255 16 0 15 211
91 48 122 225 42 29 121 80 175 108 182 173 157 159 130 240 166 149 255 140 132 81 169 208 215 249 43 179 38 132 43 115
90 50 254 124 42 208 185 88 167 200 246 226 253 222 162 98 110 245 254 129 141 227 175 196 208 243 47 137 103 128 47 83
82 24 190 255 44 142 249 86 239 136 210 34 190 191 52 66 230 119 255 129 128 249 131 224 215 251 250 147 4 8 37 155
45 180 242 81 247 219 243 208 123 237 124 62 14 253 207 180 183 125 214 17 183 242 184 194 127 221 37 231 199 254 207 247
40 48 115 65 103 91 177 80 123 232 116 42 26 156 196 180 54 28 198 8 129 242 164 192 23 217 33 163 103 140 79 247
239 132 108 209 236 59 111 185 31 119 151 158 89 111 254 233 95 214 191 190 187 80 111 150 126 223 237 244 182 253 216 113
78 50 242 229 233 92 125 16 41 206 246 165 221 63 199 254 230 213 253 134 197 83 225 192 215 251 238 131 134 244 111 119
73 48 252 101 34 95 176 16 107 248 54 108 223 28 214 50 166 93 252 17 133 240 173 64 206 217 39 183 77 36 75 213
88 50 191 108 41 86 89 24 231 204 182 40 223 255 130 50 206 213 236 128 137 227 251 132 219 243 103 153 98 160 46 115
59 20 99 237 116 27 255 120 93 66 254 131 89 109 182 36 126 221 151 173 172 178 117 206 118 127 171 128 103 174 112 241
107 20 239 220 106 22 127 56 189 202 246 230 89 119 182 247 118 244 191 174 225 211 175 206 118 251 227 128 38 244 100 117
254 157 102 242 173 127 94 232 21 182 159 27 75 125 59 221 251 215 255 243 124 247 89 190 251 219 199 215 183 255 252 66
95 180 239 245 190 94 107 184 127 232 214 198 219 239 214 99 119 237 127 189 169 208 255 206 222 239 239 132 175 228 99 113
91 30 239 255 42 146 127 112 189 194 214 231 253 239 160 99 118 247 191 175 225 209 47 239 246 235 235 128 62 244 33 113
109 176 176 88 237 221 209 216 203 248 180 8 154 217 94 182 201 200 214 24 143 99 250 145 95 217 5 127 219 44 94 231
91 152 166 190 13 150 94 248 191 78 214 71 108 255 58 196 253 243 255 133 143 3 251 255 147 255 203 154 26 14 57 119
155 205 111 255 158 130 111 246 149 194 222 130 121 235 176 97 127 230 63 238 233 223 63 255 240 235 207 128 61 250 240 40
187 124 242 255 247 246 254 86 121 198 126 163 105 254 183 244 254 127 183 142 228 252 180 234 119 255 254 131 7 244 103 223
89 20 191 237 44 14 95 56 53 238 246 68 223 63 19 115 212 213 125 174 233 193 241 140 225 251 239 144 32 240 101 115
86 160 158 179 169 28 60 142 191 187 147 17 204 254 78 202 231 215 255 149 22 73 203 224 157 243 223 199 128 85 175 75
214 120 246 191 79 94 252 200 187 182 242 3 238 254 79 222 251 245 255 195 108 215 155 234 151 246 207 23 167 117 111 70
15 223 108 187 252 247 159 255 23 91 221 247 249 236 190 96 223 75 191 135 255 10 111 247 110 127 255 204 159 222 184 253
105 48 240 69 109 29 249 80 107 232 188 108 155 31 212 54 206 221 215 8 137 114 240 192 95 217 37 178 75 142 66 183
15 184 246 241 239 255 248 208 239 253 54 59 206 156 222 46 175 93 255 17 150 113 184 210 223 221 7 247 199 141 207 215
39 179 105 203 252 139 234 248 79 105 216 238 243 200 188 96 223 138 55 221 142 50 111 245 62 30 175 252 85 142 208 229
175 189 112 195 245 255 250 223 95 253 61 59 206 29 222 165 191 91 215 53 182 240 120 246 47 221 5 247 215 223 223 215
94 122 246 246 227 116 60 80 185 206 214 167 108 255 103 222 230 255 255 135 132 195 182 224 19 122 79 139 135 245 47 215
111 50 247 68 227 90 125 48 121 238 118 236 90 191 199 254 54 221 244 170 129 210 165 200 30 251 101 130 239 244 110 245
11 62 230 85 114 154 171 118 189 205 118 231 169 174 182 196 110 127 183 141 165 216 37 239 46 62 190 128 111 132 109 253
27 140 98 152 87 215 187 231 31 69 94 135 40 238 54 228 255 171 147 133 166 186 52 255 63 127 158 195 23 12 253 222
75 50 113 65 99 92 57 16 105 72 54 104 30 23 196 246 38 84 254 8 129 112 177 192 7 248 33 130 74 132 79 53
46 176 100 218 237 221 216 200 223 221 180 43 232 221 94 164 221 155 255 149 158 99 250 241 31 88 143 255 214 140 94 215
147 205 199 255 14 130 238 232 181 2 210 194 113 227 176 97 127 230 59 239 233 221 15 255 180 174 207 128 53 248 113 40
123 48 240 76 109 93 209 88 235 236 180 45 10 157 214 182 200 212 215 12 141 99 250 208 95 217 133 187 111 140 94 247
91 50 254 229 42 10 124 120 189 194 242 230 221 255 129 122 246 245 255 164 137 193 135 200 222 251 111 130 174 224 35 17
90 50 123 225 35 92 121 80 41 204 182 236 159 31 130 114 166 213 255 128 137 65 161 192 215 249 43 131 102 128 39 115
78 184 246 242 239 253 252 204 251 191 181 59 206 252 95 158 175 255 255 19 150 99 154 240 159 218 95 255 198 125 207 215
127 178 244 118 169 92 93 184 235 254 182 44 255 255 222 182 143 215 253 184 140 99 251 233 219 251 101 191 226 228 46 115
72 50 61 236 41 94 89 24 39 236 182 44 223 31 194 246 204 213 253 136 137 66 251 144 195 251 161 153 66 132 14 115
94 156 244 245 181 127 126 186 63 254 150 147 207 63 23 235 247 245 253 175 188 209 249 222 255 255 239 215 166 253 221 87
27 50 118 233 45 22 248 80 173 104 214 103 205 159 178 224 238 149 255 129 140 211 163 192 214 249 170 130 14 132 57 83
27 60 246 255 55 214 254 116 253 206 246 163 253 254 183 235 254 255 183 135 166 249 182 239 119 255 254 131 167 244 111 255
74 184 151 254 105 205 57 200 191 93 244 9 172 215 96 214 231 123 255 16 3 75 250 241 157 241 31 186 18 4 39 251
63 52 244 193 245 95 250 216 127 252 180 170 207 29 215 172 191 221 215 189 182 242 125 218 239 223 167 231 231 220 79 247
54 159 115 238 254 195 255 254 31 77 248 231 120 255 180 96 255 251 23 227 219 155 42 255 126 62 175 202 53 170 244 251
94 56 242 244 231 92 126 80 57 238 118 163 77 191 215 254 246 253 247 134 132 210 180 194 223 253 239 131 167 244 111 215
14 188 242 242 247 221 250 192 255 237 122 59 204 220 126 164 191 249 247 17 150 113 184 242 63 92 15 231 199 142 207 215
159 79 107 238 118 130 239 112 53 192 126 198 121 207 181 96 126 237 23 238 201 179 60 238 114 237 175 128 47 179 97 241
78 24 246 254 237 244 252 200 187 222 240 163 236 254 127 254 238 255 255 135 142 67 250 225 155 250 222 139 151 244 47 223
175 148 116 243 173 95 252 248 207 126 150 59 206 124 62 167 175 83 255 35 244 97 123 253 191 219 79 247 86 44 221 87
91 18 239 189 46 130 253 120 189 66 214 231 253 239 178 99 126 245 63 175 161 209 47 205 214 123 235 128 63 228 49 113
134 173 22 147 255 223 190 233 191 183 19 27 204 220 126 133 187 87 223 115 118 253 9 245 189 26 79 119 215 13 157 135
155 204 239 255 14 130 239 232 181 2 214 130 121 235 48 97 127 230 63 175 233 221 47 255 244 235 207 128 53 248 113 40
91 50 255 229 42 10 121 88 173 200 246 230 221 255 128 114 166 245 255 132 137 209 167 192 222 251 111 130 46 228 39 113
90 50 123 225 34 88 121 80 45 204 182 236 159 159 130 114 166 213 255 128 137 65 161 192 214 249 43 147 110 128 39 115
30 180 242 86 243 222 186 216 123 204 244 170 13 254 199 181 191 255 215 176 166 243 190 238 123 221 7 235 231 228 111 247
28 148 244 225 189 95 222 184 95 254 150 187 207 61 223 175 191 213 255 55 190 241 125 222 239 223 111 247 247 252 221 83
42 53 122 104 117 95 250 120 95 204 252 175 91 221 182 16 254 221 151 108 142 178 120 221 119 253 161 191 119 142 118 211
9 50 253 101 98 95 185 16 104 232 118 236 157 28 214 178 174 93 246 1 133 240 181 64 78 249 39 163 77 160 75 213
13 48 254 101 226 94 185 80 123 236 118 172 221 60 214 178 191 93 246 153 165 240 173 200 78 251 103 163 199 228 79 245
106 28 242 222 103 90 126 114 57 142 118 171 73 191 151 255 118 253 183 142 224 218 166 234 87 255 215 139 167 244 110 223
59 21 106 236 116 215 255 120 93 204 252 175 123 221 182 32 126 248 151 239 204 179 125 221 119 221 171 185 119 174 116 243
38 188 96 250 253 221 218 200 95 253 188 59 234 220 94 32 217 218 247 17 158 106 251 179 63 92 141 255 215 142 220 199
92 50 220 229 161 94 93 48 43 190 182 172 223 55 194 246 167 213 253 168 8 193 233 200 219 251 101 151 162 228 14 113
11 18 246 253 46 146 184 88 159 232 214 230 205 206 182 230 254 117 255 13 135 209 139 221 150 251 171 146 30 172 41 21
138 142 134 159 175 178 188 175 158 159 86 183 236 238 182 207 239 99 187 149 54 205 15 255 12 50 223 195 150 125 189 223
90 20 182 173 55 22 126 56 53 206 214 131 223 127 50 195 118 213 253 175 232 209 5 206 243 247 239 145 38 252 61 83
46 176 240 225 237 29 248 216 111 253 182 187 143 157 223 190 175 221 255 21 150 115 249 208 159 217 7 247 199 140 223 215
78 162 158 178 169 24 60 204 190 187 146 49 207 250 202 218 247 223 255 145 22 91 203 225 220 243 255 231 128 116 175 11
94 48 242 228 237 92 124 80 169 234 246 131 207 191 87 126 238 213 253 135 204 195 225 192 215 251 206 147 167 244 111 83
183 76 194 156 69 6 238 96 148 130 194 18 81 235 49 77 120 236 51 238 104 247 18 206 81 42 202 8 37 249 112 160
66 184 132 159 233 216 60 166 191 251 86 177 172 190 6 94 231 127 255 20 54 88 219 247 143 54 223 227 144 116 141 95
59 4 238 254 86 130 255 120 87 130 254 130 121 235 182 96 127 239 55 169 168 179 45 255 123 239 175 128 53 234 112 160
75 178 52 186 235 213 152 223 239 93 181 181 172 222 110 34 207 147 255 129 151 107 234 241 158 113 26 255 94 4 175 223
11 176 180 159 235 148 184 239 255 93 83 181 172 254 158 34 239 95 255 149 182 104 239 245 12 50 94 207 198 68 173 223
79 156 246 210 247 183 184 242 191 219 86 179 76 255 246 109 231 255 183 149 180 218 46 246 30 62 223 203 135 237 185 215
25 4 47 253 21 78 111 48 85 170 214 2 219 127 48 99 248 245 61 171 169 241 113 142 251 255 207 16 35 232 116 34
186 244 244 223 127 123 190 206 91 115 125 179 108 253 63 105 255 95 151 39 166 247 60 251 55 126 223 183 183 255 85 223
56 181 253 237 95 79 94 248 23 168 254 10 123 125 16 48 127 220 127 170 8 242 249 159 251 239 165 180 119 234 82 131
95 48 239 229 188 94 105 56 127 232 246 198 219 127 214 242 127 205 127 173 169 209 255 204 222 235 239 132 175 160 113 113
121 84 250 236 101 95 87 56 85 234 254 14 95 249 147 116 89 236 62 111 237 182 249 139 247 255 229 156 126 254 88 99
75 48 125 225 46 30 121 16 45 72 246 231 221 31 150 96 102 157 127 141 129 208 245 192 214 249 170 128 46 132 35 241
106 182 233 237 120 198 91 216 63 172 252 165 253 231 224 84 93 252 191 140 10 210 249 219 255 245 175 172 50 162 54 241
89 50 126 188 108 223 184 88 255 204 244 47 223 216 118 96 254 253 255 129 143 99 239 209 214 121 43 187 93 12 47 211
15 186 246 95 249 151 188 232 254 223 244 160 232 254 222 162 223 127 255 129 166 115 239 249 31 123 239 171 199 100 111 213
99 50 231 220 107 223 185 88 187 252 244 174 104 254 228 246 255 253 255 4 135 211 250 209 31 122 207 187 7 164 103 245
107 50 44 189 109 205 89 88 207 236 244 109 223 207 82 102 204 253 255 133 143 99 251 209 215 249 171 184 94 140 46 211
75 178 246 222 106 213 89 216 239 220 244 238 253 223 214 182 79 243 255 129 143 99 239 241 222 122 39 170 79 164 46 117
107 50 121 65 109 93 249 80 105 236 244 108 154 29 214 182 206 221 215 8 137 114 240 192 87 217 33 178 79 140 70 245
127 148 236 237 236 91 127 184 31 247 150 191 219 127 222 123 247 222 191 62 185 80 125 151 238 223 239 245 183 252 209 209
91 16 239 237 62 94 233 88 127 236 214 98 223 191 182 98 126 221 63 141 169 240 247 200 215 235 235 128 39 168 117 241
73 50 120 97 34 93 185 16 105 232 54 236 222 28 214 50 166 85 254 1 133 240 165 192 222 217 43 130 79 132 11 87
123 20 238 220 102 18 127 120 57 198 246 162 89 239 181 247 126 253 183 174 232 211 173 203 118 255 231 128 39 244 106 225
26 58 246 158 123 208 184 118 191 204 214 167 108 254 166 64 231 251 191 129 34 219 170 255 158 119 254 139 7 4 37 223
76 168 152 179 233 141 120 200 175 184 180 41 255 223 74 18 175 219 255 144 10 75 139 241 223 209 47 253 16 0 15 131
57 207 122 238 124 151 255 248 213 8 254 2 123 217 185 96 126 248 31 234 200 163 44 255 243 237 167 136 119 186 112 161
14 172 210 251 253 213 250 216 31 21 84 18 237 219 120 76 127 123 183 153 50 90 90 247 239 223 159 239 151 140 245 130
59 4 106 237 116 31 250 120 93 96 246 131 91 253 52 160 126 221 183 173 168 178 21 222 119 127 163 128 119 172 112 228
61 77 106 238 52 130 79 248 245 128 254 2 123 201 185 112 122 236 63 234 200 179 44 175 242 237 167 136 119 187 112 40
62 253 80 238 253 143 222 248 15 136 248 11 127 223 44 16 222 251 23 226 74 178 90 255 255 221 135 190 127 170 122 147
50 164 82 239 93 143 238 232 95 138 248 10 107 249 60 128 249 235 87 163 104 179 72 255 190 222 135 123 119 42 122 134
88 20 191 237 45 78 95 56 173 238 182 4 223 55 1 123 226 116 125 42 105 193 185 140 243 251 111 144 2 240 69 115
35 177 249 193 124 31 251 216 79 232 252 78 154 216 212 52 254 205 87 92 143 50 251 208 62 92 37 190 79 138 82 181
43 48 114 92 111 221 242 88 95 232 244 110 90 216 246 164 255 233 246 5 135 115 254 211 30 95 39 170 95 14 123 215
39 163 105 203 252 139 234 216 79 161 248 202 209 200 252 32 126 138 23 221 138 50 79 245 62 28 175 252 245 138 112 128
74 56 254 253 106 203 121 82 63 236 118 175 29 183 130 212 102 255 255 4 0 218 227 252 214 251 245 131 46 164 12 123
48 133 122 238 94 131 238 232 87 162 250 2 105 235 52 64 123 235 23 235 44 179 73 255 127 207 175 149 117 250 120 130
27 31 119 159 114 154 190 114 189 202 94 231 125 238 182 229 54 111 151 239 229 153 37 239 38 111 47 130 47 246 41 213
163 72 111 252 77 70 238 96 213 130 242 18 113 216 53 97 88 236 51 235 233 183 84 206 113 42 202 8 117 56 112 168
158 149 84 161 189 123 222 233 159 182 187 27 206 124 95 141 251 213 255 243 60 229 89 222 191 218 207 119 247 127 221 6
88 50 61 229 34 78 89 16 45 172 54 228 223 23 128 82 166 85 253 136 9 192 177 192 195 241 43 144 34 128 7 115
6 158 98 155 254 211 186 236 31 77 92 247 236 206 254 64 255 123 151 145 182 58 46 255 62 30 175 239 149 14 181 215
34 191 227 222 246 217 191 214 123 205 252 239 232 236 246 148 255 255 215 213 134 186 174 239 62 124 175 171 199 246 231 253
43 62 114 78 119 214 250 88 123 76 124 166 40 222 182 180 254 251 151 140 135 178 46 255 54 125 162 139 103 134 110 245
27 50 254 181 34 222 185 80 237 236 86 167 221 222 178 34 166 117 255 133 133 241 183 192 214 251 47 131 78 164 45 87
14 184 146 191 237 221 180 200 191 187 112 25 236 250 125 26 249 123 235 19 86 114 218 241 157 219 223 47 208 124 139 142
43 50 249 69 97 93 249 80 105 236 116 236 25 30 214 182 174 221 215 140 133 242 244 192 71 217 37 162 79 132 79 245
3 157 99 222 244 150 254 246 253 73 250 98 121 254 188 96 255 251 23 239 243 187 46 255 62 126 174 200 95 206 241 189
250 76 242 220 77 112 126 226 59 142 242 11 104 239 39 222 251 253 191 194 108 95 138 234 55 254 223 139 39 252 102 142
90 50 242 68 99 89 185 80 59 236 244 175 15 159 198 180 190 221 215 128 132 115 180 194 95 221 47 171 103 132 47 247
11 158 228 159 125 213 191 255 95 95 214 183 232 236 190 224 255 235 191 133 182 250 127 247 46 63 254 202 31 12 253 221
34 159 115 222 246 131 254 246 31 72 250 230 121 255 180 96 255 251 23 193 227 155 8 255 62 62 175 192 29 138 113 185
106 176 244 237 41 92 88 184 43 252 182 169 207 127 198 246 199 213 253 12 140 67 251 209 223 251 101 191 70 164 78 87
94 156 246 247 175 94 126 160 175 190 150 11 206 126 31 223 167 245 255 163 116 209 153 236 191 251 207 151 134 252 13 71
62 188 118 240 253 255 250 234 31 252 242 31 78 222 103 141 255 253 215 179 189 243 89 222 191 222 143 247 255 125 252 215
58 148 228 255 47 86 252 248 127 95 244 147 233 127 190 231 255 223 191 165 174 224 255 253 215 251 251 143 55 236 253 223
186 150 246 191 61 23 254 237 63 31 245 55 108 254 46 197 255 223 191 163 254 243 75 255 179 255 223 159 119 124 254 215
63 188 246 225 255 223 248 240 95 252 246 139 75 93 246 165 255 253 215 189 172 240 125 220 127 219 207 231 247 140 125 215
184 142 90 254 92 131 238 232 87 166 248 11 99 233 54 0 249 234 135 163 44 179 73 191 254 207 167 53 117 234 124 130
46 168 146 251 253 205 250 204 159 185 112 19 236 219 109 204 217 251 167 144 50 122 90 243 31 222 151 111 146 222 244 138
78 60 242 246 247 220 254 64 59 134 242 131 108 255 119 212 254 255 183 131 164 243 176 234 55 252 206 139 135 244 111 215
46 188 242 210 247 221 250 192 255 173 254 11 108 223 127 132 191 251 215 145 182 243 154 254 63 92 143 239 199 204 111 199
35 190 106 254 118 211 250 248 95 77 252 231 105 220 190 32 255 251 151 133 135 186 46 255 118 93 162 139 127 142 127 223
106 144 224 255 109 84 222 136 155 127 240 43 236 254 94 246 223 215 255 133 142 67 251 243 159 254 207 191 150 252 127 215
30 156 118 242 175 223 188 232 255 190 146 59 206 252 126 143 175 247 255 35 244 225 27 244 191 90 79 247 199 108 141 71
91 140 198 255 14 130 239 232 183 146 210 130 121 235 48 99 123 231 127 175 104 209 31 255 245 239 207 0 53 248 113 32
90 50 123 225 34 28 121 80 45 204 182 239 159 159 194 114 166 213 255 128 129 65 161 192 214 249 43 130 46 132 39 115
59 48 246 125 57 86 216 88 251 220 180 160 235 255 214 182 223 253 223 144 174 227 255 201 219 219 167 155 71 164 111 247
91 48 255 229 42 10 121 80 173 224 246 236 223 175 192 114 166 213 255 148 129 209 167 192 222 251 111 130 174 160 35 49
126 144 244 236 237 95 92 184 31 246 150 139 207 61 90 215 247 213 255 47 172 114 251 213 223 251 197 247 182 236 92 87
27 48 246 101 35 94 184 80 253 236 182 161 223 190 214 162 191 117 253 145 132 241 173 200 207 219 111 131 103 164 15 215
90 28 242 222 119 150 126 112 185 206 86 163 108 255 54 212 246 255 183 135 164 211 178 234 55 126 206 139 39 244 45 215
38 188 224 219 253 221 218 200 95 181 240 27 202 221 94 132 219 218 215 17 178 114 251 183 63 220 149 255 215 140 214 215
105 48 240 100 109 93 209 24 123 252 116 40 158 29 214 182 159 220 246 8 133 114 234 208 95 217 37 191 71 140 78 247
90 48 246 228 35 94 120 48 43 172 182 173 223 63 194 246 167 213 253 128 136 65 169 192 219 251 103 147 34 164 15 115
56 4 238 254 92 195 239 120 87 134 246 2 113 235 52 64 121 239 55 169 40 179 79 255 123 239 239 129 53 170 116 130
90 4 246 237 61 22 126 56 189 134 214 131 207 111 19 223 246 197 253 163 108 193 217 204 183 251 207 147 166 244 61 71
46 176 244 225 237 31 248 216 111 188 182 139 207 159 87 30 175 221 255 145 150 115 219 208 159 216 143 247 199 140 79 199
46 168 114 219 253 213 250 200 95 28 116 2 236 223 124 228 251 187 183 153 2 50 122 247 95 95 143 239 151 142 125 166
162 201 4 222 77 213 196 238 215 16 192 26 162 216 52 199 200 226 170 67 106 47 90 191 177 114 218 59 19 28 124 174
111 178 113 248 236 157 91 216 31 125 180 61 206 207 254 244 223 202 255 28 143 98 251 211 158 223 165 254 158 140 210 245
35 191 235 222 124 209 251 220 95 69 252 239 249 236 190 48 95 251 151 213 143 186 254 255 62 28 142 171 93 142 230 253
14 156 246 219 247 182 190 239 63 223 83 179 236 254 118 205 255 127 179 149 182 216 43 254 46 127 223 195 135 205 161 215
94 178 190 165 172 28 216 216 171 184 146 239 207 190 210 194 239 213 255 145 140 67 203 192 158 241 239 191 132 164 59 3
40 32 114 249 117 15 250 88 95 40 240 74 75 249 52 160 248 157 55 161 168 178 91 222 55 255 131 35 119 140 122 135
126 190 154 186 251 201 58 200 187 29 228 185 108 255 106 88 183 251 231 144 38 91 138 243 255 215 31 255 144 64 175 131
249 85 242 237 119 127 119 248 123 238 254 42 111 121 151 116 254 220 255 106 236 243 249 139 247 255 101 183 103 255 94 103
60 203 122 238 124 146 79 248 69 8 252 98 115 201 185 96 122 232 31 234 200 179 108 189 242 237 167 136 119 187 116 169
186 181 70 237 57 94 122 248 63 236 254 165 237 119 134 213 246 253 223 236 40 211 121 223 255 255 175 151 54 166 110 243
60 245 122 238 253 143 222 248 71 168 252 78 123 217 56 64 126 248 23 234 200 179 89 189 251 205 165 188 127 186 112 147
91 50 250 252 47 223 186 88 127 204 246 175 253 254 182 96 255 253 255 129 132 243 239 215 223 255 175 155 69 44 45 215
75 48 253 229 44 95 121 16 47 232 246 236 223 31 150 242 102 197 127 140 129 240 253 192 214 251 171 144 46 164 67 113
75 178 246 189 109 223 121 248 191 252 214 175 236 255 242 246 247 253 255 13 130 115 251 217 223 123 207 191 38 172 4 119
56 207 122 238 124 151 207 248 69 8 252 66 123 201 189 96 126 248 23 235 200 179 108 189 243 237 163 136 55 186 112 161
107 176 252 255 108 87 249 152 127 252 244 173 249 255 214 114 223 223 255 141 143 98 255 249 222 251 239 190 87 164 46 245
99 50 121 69 108 29 248 80 107 232 244 104 154 28 212 54 206 221 87 12 133 114 224 192 86 217 163 178 79 136 66 181
94 180 244 225 239 91 254 184 255 250 182 191 219 237 223 111 63 205 255 188 188 241 237 218 255 223 239 245 175 252 213 243
39 162 96 217 252 11 233 216 95 176 208 234 209 201 244 0 91 136 119 157 131 114 79 215 92 30 175 236 93 136 112 161
27 48 254 225 102 30 249 80 109 232 246 175 221 159 214 166 174 213 255 141 133 241 165 192 222 219 39 128 71 132 35 245
123 18 246 237 103 18 254 120 57 142 246 198 89 239 150 119 126 253 255 174 172 211 165 202 214 255 239 129 39 244 99 209
10 58 246 159 123 208 185 84 191 205 214 167 236 254 38 192 247 251 255 133 163 217 59 253 30 115 255 139 15 132 45 219
88 4 191 253 13 78 73 56 245 140 214 2 223 127 48 99 248 245 125 169 40 225 51 140 251 251 199 19 34 40 116 34
189 77 107 238 118 130 239 112 117 200 254 198 121 207 177 96 126 236 23 238 233 179 60 239 114 237 167 128 47 179 112 240
35 159 115 238 254 135 238 246 31 232 248 230 125 239 177 64 127 251 23 205 243 187 8 255 124 30 175 192 61 138 113 185
23 95 111 135 246 138 239 112 44 192 90 230 125 110 183 96 54 101 55 239 197 145 45 238 116 46 239 128 45 242 49 241
52 161 98 202 220 131 203 200 71 160 248 202 115 200 124 0 120 138 23 249 154 51 76 189 60 12 135 124 125 138 112 128
175 141 232 191 189 219 255 236 31 229 204 131 253 252 62 96 127 251 187 253 50 25 127 191 255 127 143 125 150 254 149 232
110 168 244 214 237 125 253 204 187 247 180 27 238 254 95 158 175 223 255 147 30 99 251 240 159 218 87 127 199 125 207 199
43 49 113 64 116 31 250 88 107 232 124 110 27 29 214 52 254 204 22 204 141 178 244 216 118 221 161 170 111 142 82 229
43 58 123 189 127 223 250 90 95 236 244 111 154 156 246 32 255 237 215 5 135 251 246 219 54 93 43 174 95 12 123 215
88 22 255 229 42 74 117 48 45 238 246 162 223 63 131 123 102 213 253 34 32 209 161 204 247 243 110 147 166 240 37 115
75 18 246 253 108 18 248 88 159 200 214 231 205 238 182 230 254 253 255 141 133 211 235 209 150 251 235 130 30 172 41 213
6 190 35 154 254 211 186 248 30 76 80 231 236 254 190 96 255 59 151 145 166 250 46 255 60 22 191 235 149 140 53 221
74 188 242 191 249 217 186 231 191 173 250 185 172 254 70 212 255 123 255 144 38 219 251 251 191 214 158 251 146 68 135 223
26 22 127 237 58 70 191 120 52 206 214 231 217 111 162 65 255 245 255 167 233 195 121 223 243 247 235 148 29 164 37 241
10 156 34 152 213 245 184 103 159 69 92 19 40 188 54 196 233 59 147 129 54 186 50 255 63 119 158 75 23 12 253 222
90 50 254 245 43 214 249 88 189 204 214 167 253 255 178 226 182 253 255 133 132 193 183 193 211 251 235 139 38 164 45 243
90 50 120 229 33 92 89 16 41 236 182 173 223 23 130 118 166 213 253 136 137 64 241 192 211 249 35 131 34 132 7 115
78 222 166 159 237 176 188 143 158 159 95 183 236 238 126 206 197 103 187 151 182 77 207 243 14 119 223 203 150 117 189 95
56 181 248 237 127 79 95 248 87 168 254 106 123 121 0 16 127 220 127 232 169 243 201 159 251 239 165 180 111 234 90 163
58 53 122 233 116 219 250 120 79 232 252 171 91 223 182 48 254 189 151 236 136 178 109 221 119 253 161 191 119 142 126 211
105 50 121 100 40 92 89 16 41 104 182 108 223 31 134 50 134 213 253 8 137 96 241 128 195 249 32 179 74 128 70 115
90 48 125 100 34 92 89 16 41 104 182 236 223 31 134 114 166 213 253 12 137 64 241 192 211 251 96 146 42 128 7 115
60 184 30 251 251 201 177 200 191 29 244 41 110 223 110 16 251 123 199 16 34 227 74 181 223 211 7 127 209 8 103 131
43 50 98 93 127 159 250 88 127 232 116 239 8 220 246 164 254 252 151 141 165 242 236 218 22 93 163 171 79 140 122 215
24 50 122 225 101 95 122 80 125 108 246 163 223 15 22 112 126 157 255 128 140 240 229 194 215 255 163 129 103 132 103 243
90 144 246 244 47 94 124 160 175 190 182 43 239 255 86 214 167 245 255 161 172 193 187 204 159 251 79 151 38 228 45 87
90 48 246 252 47 86 88 24 173 204 150 163 207 255 18 226 230 245 253 133 140 193 243 204 211 251 235 139 38 164 45 83
94 22 182 158 173 86 126 236 189 206 214 39 238 254 47 223 255 247 255 163 236 227 235 239 251 243 223 155 134 124 45 95
26 144 228 237 61 86 248 248 31 124 246 135 237 127 30 198 255 221 191 161 174 208 251 221 143 251 203 151 55 172 125 215
42 176 246 211 119 223 248 208 127 236 118 135 201 255 118 132 255 253 247 145 132 242 57 252 31 91 207 131 103 140 109 215
51 159 67 255 246 131 238 246 30 136 218 230 125 235 180 96 126 251 23 239 225 187 12 255 60 174 175 128 61 154 113 185
62 60 247 222 253 223 254 68 63 206 240 15 108 254 103 157 255 255 247 145 47 251 250 234 63 94 159 139 199 124 110 223
122 48 242 253 127 86 248 72 187 76 244 131 109 255 54 214 254 253 191 129 172 243 250 201 151 251 206 139 39 164 111 215
26 176 118 242 127 215 248 200 255 156 180 139 111 223 118 132 255 251 223 145 174 227 58 253 155 219 143 187 103 140 111 215
56 132 238 254 92 195 235 248 87 132 246 2 115 233 50 65 121 238 39 169 40 243 75 191 255 239 231 9 119 168 116 162
106 144 242 220 109 93 250 232 155 188 240 11 206 254 126 196 255 221 255 1 134 115 154 211 31 126 207 191 23 44 93 199
78 164 246 210 237 221 252 232 255 190 178 11 238 252 126 135 191 243 255 177 164 99 91 253 159 90 79 255 199 108 109 199
82 0 198 253 14 2 108 104 191 130 210 130 217 235 48 98 122 229 127 169 40 209 143 205 213 234 207 1 53 248 113 32
91 48 123 225 42 8 121 80 45 192 246 231 223 143 212 114 230 213 255 132 129 209 165 192 222 249 171 130 46 132 35 113
42 48 244 253 45 86 216 88 47 252 180 161 203 127 22 182 207 213 255 149 142 99 251 217 143 251 207 159 71 164 110 215
122 144 244 229 111 95 124 184 59 246 182 171 207 191 86 214 247 221 255 33 164 115 217 217 159 251 207 183 55 236 95 215
27 48 118 229 35 222 248 80 253 236 246 163 207 223 150 166 182 245 255 129 132 241 179 204 215 251 15 131 103 132 47 87
18 20 246 223 119 86 254 104 185 134 242 3 108 254 62 214 254 255 191 161 36 211 146 239 55 126 206 131 135 116 111 199
46 180 116 233 253 95 250 200 95 181 180 11 207 92 94 133 219 219 223 49 162 242 89 223 175 222 143 247 215 12 95 215
38 168 50 218 253 221 250 200 223 173 244 10 232 217 124 68 249 187 183 145 38 122 90 255 63 30 143 107 215 12 125 134
106 48 240 100 97 93 120 88 123 252 246 168 79 191 214 54 191 221 247 136 140 114 232 192 95 249 69 175 103 164 78 215
90 48 246 228 99 92 120 16 41 236 246 169 223 63 198 246 166 213 253 132 140 80 241 192 215 251 103 131 38 164 15 83
90 16 246 237 45 22 124 56 173 142 214 131 207 63 18 214 230 213 253 165 172 193 209 204 147 251 206 147 38 164 44 87
42 176 240 225 109 93 248 208 111 252 182 11 143 31 86 150 239 221 255 145 132 115 249 208 159 217 143 183 71 140 79 215
56 166 86 189 125 143 242 232 127 168 240 106 78 217 52 144 251 237 198 33 44 243 75 223 190 223 7 63 85 8 122 131
56 52 122 229 116 79 123 88 119 168 254 38 219 29 144 80 126 220 255 168 169 176 217 222 247 239 163 128 103 138 102 179
30 190 158 186 251 193 59 200 191 157 196 169 236 247 107 89 183 251 239 145 38 203 138 255 249 215 95 251 144 68 47 219
56 223 122 238 124 135 79 248 85 204 252 102 115 233 185 96 126 232 23 234 201 179 108 191 242 237 167 156 127 186 112 177
29 79 107 238 52 82 239 240 117 200 254 230 123 239 177 96 122 236 23 238 201 179 45 174 242 237 167 128 39 251 112 225
78 184 50 154 235 149 184 204 191 125 214 191 236 222 254 108 255 251 255 149 150 75 174 243 158 94 159 239 151 4 173 223
158 173 110 253 157 219 255 234 159 180 206 131 239 237 50 97 251 127 251 105 42 233 109 191 251 247 143 53 54 108 85 226
75 50 246 229 103 90 249 80 109 236 246 167 221 31 150 54 110 213 255 141 132 240 165 192 223 251 175 131 103 164 103 213
37 162 64 201 236 11 232 216 30 176 208 202 209 201 244 0 123 136 127 157 139 242 79 217 28 10 175 188 93 136 80 160
33 34 249 197 108 11 232 88 123 160 240 234 155 137 212 50 126 205 70 13 137 114 207 208 94 152 167 184 77 136 82 160
107 176 244 237 45 31 248 216 111 248 180 167 253 95 214 242 239 213 255 141 134 112 255 209 223 251 175 181 55 172 91 213
42 176 246 221 111 223 248 216 191 252 246 175 109 255 246 118 255 253 255 12 131 99 186 209 159 123 167 191 31 172 87 215
62 175 99 202 213 131 234 232 87 128 248 74 104 201 60 132 120 234 151 249 138 178 12 255 58 92 133 235 119 142 114 132
41 48 112 65 109 93 249 88 107 236 116 40 27 29 214 180 174 156 215 12 132 114 236 208 87 217 33 179 71 140 78 247
10 188 182 159 63 222 190 239 191 127 214 147 236 254 14 85 231 127 255 17 34 217 155 255 175 54 159 243 6 4 143 223
250 181 126 237 61 95 94 248 63 236 254 141 239 127 6 81 247 245 253 226 108 211 249 223 187 255 143 151 38 230 111 87
75 48 231 229 108 95 121 88 111 248 246 238 223 31 150 246 111 197 127 140 133 243 239 192 214 251 171 148 103 164 75 117
74 178 240 189 61 223 250 216 127 200 244 175 239 255 82 224 223 253 255 133 142 114 255 223 223 255 175 191 119 172 111 211
91 50 210 165 44 28 120 24 43 184 146 239 207 138 208 194 239 213 255 149 140 67 203 192 222 249 175 190 14 132 43 17
25 16 254 197 55 94 121 48 109 236 246 38 219 63 150 246 110 196 255 172 169 241 245 204 215 251 230 146 111 164 127 117
122 48 242 236 109 92 120 112 41 236 246 11 78 191 86 246 238 213 255 136 140 99 241 192 151 249 198 187 7 164 110 87
111 176 105 217 253 221 251 216 95 244 124 143 219 205 222 52 223 136 23 28 151 114 255 211 95 221 133 124 255 142 86 244
10 156 34 154 213 245 184 231 159 69 76 19 172 190 54 196 233 59 147 145 54 186 50 255 47 118 154 75 151 12 253 222
94 176 246 229 239 91 249 248 127 252 246 239 79 255 214 118 127 221 255 185 137 243 239 196 158 219 239 198 175 236 81 215
46 244 230 222 237 55 254 216 95 255 245 54 72 252 127 143 255 223 183 163 253 247 255 242 63 95 207 175 223 253 248 215
35 183 107 219 94 151 251 248 95 65 252 199 249 221 62 32 127 251 23 165 143 178 126 255 127 92 131 232 127 142 246 213
91 18 246 237 102 86 249 120 61 204 246 166 73 239 182 246 126 221 191 168 128 243 167 204 214 251 235 130 47 236 115 215
21 95 107 167 118 2 239 112 36 192 90 230 117 239 177 96 118 237 55 239 193 144 45 110 244 173 175 128 45 242 33 241
19 63 83 215 114 138 190 114 61 160 122 231 45 238 164 212 118 255 23 197 129 152 4 238 62 46 175 130 47 230 35 189
254 117 247 252 255 127 95 248 251 238 254 47 107 253 23 19 191 245 255 98 232 231 251 207 179 251 69 191 103 254 102 87
43 48 118 237 109 87 248 88 123 204 244 163 9 223 214 180 254 217 215 133 142 227 254 209 87 217 139 171 71 132 110 215
11 44 122 221 118 155 186 70 127 160 126 162 172 188 182 160 239 127 215 129 164 248 37 255 126 95 63 131 71 140 105 239
57 37 98 97 116 31 234 88 75 160 124 74 27 137 148 52 122 204 23 237 140 178 236 222 118 92 129 32 119 142 82 164
90 20 47 189 57 86 95 120 189 230 214 167 221 127 178 67 254 245 255 167 233 193 105 220 242 243 235 145 54 244 37 115
14 166 246 219 255 242 190 238 63 223 87 147 236 238 126 204 255 95 179 145 182 216 11 247 46 62 223 199 151 79 173 207
24 50 123 225 116 79 123 80 125 108 246 3 223 143 20 80 254 157 191 136 136 176 241 202 247 255 163 129 103 128 103 211
11 48 118 240 103 221 248 80 253 204 246 163 73 223 246 164 254 253 247 141 132 243 182 192 87 217 139 131 103 132 111 247
104 48 121 100 33 93 89 16 105 104 54 44 159 31 2 50 134 85 253 0 129 96 240 192 199 249 32 178 74 132 71 115
27 69 107 239 118 2 239 120 84 200 222 198 121 111 181 96 126 237 23 239 201 179 45 238 118 239 175 128 47 186 112 241
218 140 118 253 159 219 126 230 159 182 202 3 47 169 48 67 99 231 235 225 104 233 3 255 251 227 223 19 55 108 53 10
51 159 83 255 118 135 238 252 30 0 218 198 121 235 188 96 126 235 23 239 235 187 15 255 60 174 175 136 61 138 241 185
39 180 97 235 220 143 235 248 87 105 248 78 121 125 60 32 125 219 23 189 155 50 91 255 127 12 135 236 253 138 242 176
26 48 126 248 109 215 248 72 223 220 244 139 207 223 54 132 255 177 255 129 140 227 123 221 159 219 207 159 87 140 109 215
42 48 116 201 109 95 248 72 95 236 244 163 200 159 22 164 254 221 223 133 140 243 251 216 23 91 139 179 87 140 127 215
122 176 242 252 125 221 248 200 159 252 244 11 110 254 118 212 255 253 255 129 14 99 218 217 159 251 207 191 23 44 127 215
82 0 198 253 14 2 104 104 191 128 210 2 201 235 48 82 122 229 127 168 8 211 143 204 156 226 207 129 37 232 113 0
106 48 116 237 45 95 216 24 111 236 180 169 207 31 22 182 206 213 255 133 140 98 251 208 151 251 139 187 87 140 78 87
83 32 246 229 42 10 120 72 173 128 242 130 221 143 84 114 110 213 127 140 0 211 135 192 158 250 143 128 36 160 35 32
122 176 246 245 127 95 248 232 191 252 182 11 206 254 86 214 255 253 255 33 36 241 153 220 159 250 79 183 7 44 79 215
90 48 118 228 103 222 248 88 189 204 246 163 76 223 54 244 190 253 255 133 132 243 183 192 151 250 11 139 103 132 45 87
90 144 246 254 61 86 248 232 191 140 246 3 236 254 54 214 255 247 255 161 46 195 219 237 147 250 206 139 23 36 111 215
62 176 244 233 239 95 248 200 95 188 180 11 239 221 94 132 255 209 255 17 142 115 123 221 159 218 71 247 119 140 93 215
58 48 116 229 111 95 248 88 111 236 244 171 143 29 214 182 174 221 215 1 132 240 253 208 223 217 5 179 103 140 79 215
106 48 242 69 97 92 120 80 107 236 246 136 73 31 214 182 174 221 247 136 132 242 224 192 87 249 3 163 103 132 110 215
56 132 222 255 93 195 243 232 23 132 246 3 99 233 34 65 121 234 175 40 40 243 75 191 255 247 199 9 119 168 124 130
34 168 114 219 125 213 248 200 223 28 240 10 232 216 126 36 217 187 151 145 38 114 74 243 31 94 143 47 85 12 124 134
116 176 187 228 237 95 85 200 251 254 182 8 74 255 84 50 249 212 253 144 8 99 251 192 223 217 197 63 194 120 86 102
30 190 62 187 187 215 63 232 191 191 134 165 236 239 42 81 247 251 239 177 46 195 27 255 251 215 207 247 146 36 47 211
58 0 110 253 108 195 233 88 87 4 214 2 89 235 180 68 122 236 63 137 136 243 107 220 87 251 235 129 55 136 116 160
57 95 107 239 118 7 207 120 85 104 254 102 123 105 177 96 126 236 23 238 201 179 109 191 242 239 167 128 127 186 112 177
14 186 178 154 255 209 187 204 191 93 214 179 236 238 126 68 255 251 255 149 182 91 171 247 191 118 159 207 151 4 173 223
14 178 254 218 255 247 186 220 191 253 214 183 204 238 127 76 255 223 191 145 182 81 43 247 62 127 255 199 151 93 189 215
88 16 126 236 45 90 81 8 239 140 182 42 207 191 34 82 226 213 237 128 40 227 227 140 211 243 227 27 38 40 36 99
46 176 230 221 237 119 252 216 95 255 244 55 200 252 127 206 255 221 247 179 181 242 251 208 30 91 207 175 223 125 252 215
46 48 230 221 237 127 252 248 95 250 244 46 72 253 119 143 255 253 247 163 245 243 251 216 31 91 207 175 223 253 126 215
89 32 121 101 97 92 89 16 41 236 182 8 95 31 82 178 174 213 253 8 9 67 177 192 215 249 34 177 98 132 78 99
2 156 56 152 221 245 176 199 159 85 76 23 172 190 38 76 201 59 147 17 54 58 114 247 15 87 154 107 146 76 189 222
46 175 98 202 213 147 226 232 95 1 120 11 104 200 60 132 217 234 131 209 6 186 78 255 62 92 133 107 87 14 126 142
130 15 118 245 54 155 190 98 189 138 122 227 173 186 180 69 102 127 31 195 228 249 4 254 46 110 46 131 101 172 41 141
58 165 98 76 85 147 226 216 83 128 248 74 107 201 180 180 120 232 19 232 138 178 92 223 62 92 133 46 119 142 114 132
26 52 126 189 63 223 251 88 63 236 214 167 207 254 18 97 255 253 255 161 173 241 249 223 255 255 175 151 46 172 13 87
27 50 255 237 110 86 248 88 127 108 246 231 205 255 182 226 254 205 255 133 141 209 167 200 215 251 234 130 39 172 125 245
91 50 254 229 111 91 249 80 109 236 246 231 205 143 150 102 110 221 255 141 133 241 165 192 222 251 175 131 103 164 111 215
75 176 244 237 111 95 249 216 111 252 182 175 205 159 214 246 111 213 255 141 135 113 255 209 223 251 175 183 55 172 95 87
35 32 113 193 108 9 232 80 111 160 240 74 155 9 212 34 234 205 87 141 129 114 197 208 22 24 163 176 77 136 115 129
90 176 254 229 111 95 249 216 127 252 246 231 205 255 214 102 127 221 255 149 133 241 239 200 222 251 239 247 47 172 125 213
33 162 77 153 92 11 232 200 86 176 242 202 209 200 208 64 123 204 98 157 2 114 79 156 28 138 175 124 53 136 112 160
42 48 118 221 111 213 248 88 253 204 246 131 73 223 246 164 254 249 247 141 134 243 247 193 87 217 139 139 103 132 111 215
90 12 239 252 73 82 125 106 181 214 198 131 125 255 34 119 106 245 251 174 104 203 243 205 247 251 207 25 38 244 36 98
91 48 247 245 110 158 248 80 239 224 246 194 221 159 148 118 110 229 127 140 133 209 237 192 215 251 171 128 103 164 67 245
47 176 105 193 221 95 235 216 91 240 116 14 27 221 86 48 121 200 119 28 135 114 255 210 95 221 133 60 255 138 86 246
122 18 246 172 109 94 125 40 57 206 246 11 78 254 6 214 246 213 255 162 44 83 243 200 159 251 207 139 39 100 46 87
56 32 126 249 108 139 248 88 95 180 244 11 91 201 54 0 250 169 231 1 142 243 75 221 86 219 163 45 119 136 122 130
38 186 146 190 237 141 240 200 191 188 176 41 238 249 108 150 223 123 239 17 6 99 202 241 159 210 71 127 210 44 15 135
250 182 246 252 125 95 127 248 63 238 254 45 111 255 22 215 255 245 255 162 233 243 251 223 255 251 231 159 103 244 102 115
90 48 242 244 109 220 120 80 169 204 182 43 78 255 38 214 238 245 255 129 140 99 176 192 151 249 130 155 6 164 111 87
90 178 84 169 41 25 120 216 47 248 182 237 239 203 206 150 239 205 239 132 143 99 203 209 158 211 135 191 46 132 11 151
42 180 242 159 125 222 255 232 63 78 244 3 236 254 62 213 251 255 183 129 38 242 250 251 55 127 207 167 23 108 103 247
218 180 126 253 63 223 91 248 63 236 246 47 239 254 18 81 247 245 255 163 173 195 249 223 251 255 239 151 46 172 13 87
2 160 54 250 73 221 184 200 175 60 240 1 236 222 110 82 237 123 255 129 6 67 154 241 159 240 15 63 16 4 39 135
75 16 246 197 45 94 121 16 109 204 246 38 219 63 150 246 110 213 255 140 141 241 245 204 215 251 226 147 103 164 109 117
57 87 123 239 54 3 79 120 69 224 254 230 115 125 176 96 126 236 31 238 201 179 125 191 242 237 163 144 127 186 112 241
120 48 255 236 47 88 81 88 233 172 182 41 207 191 2 86 226 213 237 0 8 99 225 192 211 243 67 27 98 160 102 99
90 176 174 190 57 199 25 232 191 188 134 137 239 239 42 82 253 247 253 181 46 67 91 253 219 211 207 159 18 36 47 82
42 48 244 221 109 95 248 72 63 252 244 15 206 254 86 214 255 253 255 129 142 99 251 221 159 251 207 191 87 44 127 215
82 34 199 173 14 2 232 72 255 160 210 194 205 235 48 66 122 197 111 136 0 209 135 200 148 162 203 0 45 168 113 0
106 48 116 237 109 95 248 72 63 236 246 15 206 159 86 148 254 221 255 129 140 115 251 208 151 251 139 187 87 140 95 215
82 32 86 229 46 10 120 64 45 160 242 194 205 139 20 82 110 197 127 136 0 209 133 192 148 248 139 128 37 128 35 0
90 48 246 244 111 223 249 64 191 252 246 15 78 254 118 214 255 245 255 129 133 243 187 220 159 123 207 167 79 44 111 215
90 48 118 252 111 214 248 72 191 204 246 7 204 222 54 214 254 253 255 129 140 227 243 192 147 251 139 139 47 132 111 215
106 16 244 253 109 86 249 72 63 220 244 7 236 254 22 214 223 245 255 129 143 227 251 221 151 251 207 155 31 44 125 215
106 32 121 228 101 92 121 80 121 108 246 8 26 31 22 54 186 213 255 136 8 115 240 192 215 249 0 163 99 132 102 227
58 48 118 229 109 95 249 80 43 236 246 139 79 159 86 150 238 221 255 128 140 243 241 192 159 251 135 163 103 132 111 215
57 87 107 237 54 18 239 120 84 72 254 230 91 109 176 96 126 236 23 239 201 178 109 142 242 237 163 128 63 186 112 241
34 168 118 250 109 201 248 200 223 156 240 11 236 216 124 0 217 187 183 129 6 115 74 249 31 218 143 43 85 12 117 134
2 156 189 155 221 245 177 207 159 93 84 23 172 158 110 104 205 27 183 17 183 106 114 247 79 87 158 235 154 76 181 223
146 14 86 181 102 138 174 98 60 170 82 227 101 234 177 65 118 109 47 103 224 220 13 110 52 38 111 128 44 248 33 1
27 50 254 237 111 94 249 80 173 236 246 167 221 191 150 114 238 213 255 133 137 209 177 192 215 251 170 130 47 172 127 247
58 48 126 236 109 95 248 72 159 236 244 15 206 222 54 132 254 221 255 129 140 99 251 208 151 219 139 187 87 140 127 215
30 182 54 154 191 215 185 248 191 92 214 167 236 222 62 197 255 219 255 181 166 67 43 253 159 115 175 255 23 4 45 215
17 95 87 133 114 10 174 112 60 138 90 230 85 102 177 96 54 125 54 239 225 148 5 78 52 46 43 128 45 242 33 177
122 48 254 236 109 94 121 88 57 204 246 15 72 191 86 214 254 221 255 128 140 211 243 192 151 251 202 139 39 164 110 215
26 176 116 225 111 95 249 216 63 252 182 47 206 188 86 132 191 213 255 129 141 243 123 209 159 219 71 183 103 140 93 215
33 32 77 169 76 11 224 72 94 176 240 202 209 200 240 0 123 204 102 157 11 242 79 208 28 138 167 36 117 136 113 128
27 50 254 229 110 95 249 80 239 244 246 167 221 158 214 246 239 221 255 133 133 241 237 192 222 251 143 182 103 172 95 245
33 32 81 205 108 9 232 72 111 160 240 202 159 136 212 2 106 205 70 141 129 242 197 192 20 24 163 32 109 136 83 128
42 172 242 218 221 213 178 198 223 21 108 27 40 216 118 132 201 123 131 17 54 107 122 247 63 94 159 107 211 12 254 206
58 50 247 252 111 213 249 72 191 220 246 39 108 255 54 212 255 253 255 129 141 243 186 213 151 251 203 171 55 172 103 247
106 16 126 220 109 223 249 72 31 220 246 15 204 254 118 196 255 253 255 129 134 115 123 221 223 91 207 175 23 44 125 215
26 50 125 237 111 95 249 88 47 252 246 239 207 159 214 246 239 213 255 5 129 113 249 208 214 249 171 182 119 140 95 247
15 158 190 155 253 247 191 248 159 255 214 183 204 254 255 204 255 111 191 181 183 243 123 255 127 127 239 199 159 125 189 247
42 50 114 248 109 221 216 72 219 156 244 43 42 221 118 148 255 185 215 1 142 99 234 209 23 88 131 191 87 140 126 135
107 48 114 197 109 92 248 80 105 236 182 47 202 30 214 246 238 213 255 141 133 115 245 192 87 121 131 131 71 140 127 247
42 44 98 74 85 147 250 72 95 0 124 10 104 200 54 164 249 170 147 169 134 179 44 255 55 92 129 43 87 142 126 134
59 32 254 237 111 22 249 72 191 100 246 163 89 191 182 230 254 221 255 141 141 243 163 200 215 251 202 130 39 172 125 244
102 170 210 218 237 153 240 200 155 189 176 41 238 251 110 150 223 251 239 17 6 99 202 241 30 216 7 127 86 12 79 135
43 48 225 193 93 95 235 88 95 232 240 10 26 157 84 36 249 200 87 152 139 114 120 218 95 92 133 44 95 140 82 242
114 8 246 253 79 202 124 98 175 162 226 131 13 171 52 83 234 245 123 128 40 219 131 232 215 242 207 19 38 116 101 130
47 176 254 157 237 87 191 216 31 255 246 55 204 254 255 238 255 93 255 181 183 243 251 218 95 95 239 231 159 124 253 215
90 54 126 253 125 95 127 120 63 238 246 47 207 127 22 81 255 245 255 163 173 211 121 223 255 255 239 151 46 172 109 115
90 48 114 224 109 221 120 80 173 236 182 43 143 159 118 150 238 245 223 129 140 99 176 192 151 217 139 187 71 140 111 87
75 50 83 161 109 221 120 80 175 104 182 237 143 159 130 214 238 229 255 141 133 115 225 192 150 217 139 179 14 132 11 213
107 16 246 205 109 94 249 16 109 108 246 38 203 63 150 246 238 213 255 136 141 243 241 204 87 251 226 131 103 172 100 119
57 32 126 253 117 159 122 120 53 128 246 2 91 219 48 84 122 252 127 168 40 242 209 206 215 255 131 1 103 136 106 130
106 54 246 253 125 95 253 120 63 254 246 47 206 255 22 247 255 245 255 166 169 243 251 221 247 251 231 151 71 252 102 247
58 50 126 248 111 223 249 88 143 236 244 47 206 222 54 68 238 189 255 129 140 115 251 208 215 219 139 187 119 12 125 215
42 50 244 141 109 95 248 72 63 252 244 47 206 222 86 196 255 221 255 129 134 115 251 221 223 91 143 191 87 44 127 215
81 2 199 141 14 2 233 72 126 32 210 194 209 226 176 66 120 204 106 136 1 211 207 220 148 162 203 16 61 168 113 128
122 48 118 228 111 95 248 88 191 236 246 47 78 222 118 212 254 221 255 129 133 243 186 208 151 249 139 187 71 12 111 215
82 32 86 165 42 10 232 64 175 160 242 194 205 131 148 82 106 197 111 136 8 209 133 192 148 184 171 144 45 128 99 128
90 48 246 148 109 223 249 88 191 252 246 47 206 254 118 246 255 253 255 129 133 227 187 196 159 123 207 175 71 44 111 215
106 48 116 237 109 86 249 88 47 204 246 7 204 222 22 214 238 213 255 129 141 227 251 208 151 251 139 155 23 4 111 215
122 16 252 173 47 95 249 88 31 252 182 47 206 254 54 230 255 213 255 1 141 115 251 221 223 251 203 183 55 44 93 119
26 50 126 229 111 95 249 80 47 236 246 15 207 159 86 150 238 221 255 128 140 243 241 192 215 251 3 131 103 132 111 247
42 50 114 249 109 223 249 88 31 252 244 47 136 222 118 212 255 189 215 129 133 242 250 208 31 217 143 175 87 12 126 215
106 48 114 240 109 221 121 80 169 204 246 47 14 223 118 148 238 185 223 128 140 115 242 192 151 217 131 171 71 140 110 215
90 48 250 188 47 216 121 88 175 76 246 167 206 254 38 214 238 245 255 129 135 99 178 193 147 249 42 155 15 36 47 87
90 186 190 158 107 222 189 248 175 222 246 39 236 254 174 230 231 247 255 129 133 193 171 241 215 115 107 139 14 100 45 119
15 182 190 153 255 215 187 216 159 253 214 167 204 254 255 239 255 253 255 181 167 243 251 220 255 91 239 247 159 236 61 247
59 48 98 225 111 95 248 80 111 236 214 175 143 156 214 166 238 221 223 133 141 243 253 192 151 89 171 179 111 140 95 215
123 50 250 196 111 95 249 88 255 236 246 175 206 252 214 230 254 221 255 129 133 115 247 192 95 123 239 179 79 172 127 215
122 22 254 253 111 95 253 120 175 230 246 47 94 255 150 247 238 245 255 160 169 243 251 220 215 251 195 19 103 236 111 243
123 52 126 252 111 95 125 120 191 246 230 143 255 255 22 119 255 245 251 163 173 227 251 221 255 251 207 27 39 172 110 114
33 34 89 197 108 11 232 72 111 160 240 202 147 138 212 16 106 141 110 141 137 243 197 192 148 184 163 48 77 136 67 160
27 32 126 229 111 91 249 64 63 228 230 131 221 158 86 244 254 221 251 133 12 243 161 192 215 249 139 51 103 140 127 230
91 32 122 225 111 28 249 64 45 100 246 163 157 159 150 116 238 149 255 141 140 211 165 192 215 249 138 131 39 140 127 245
33 34 71 173 76 11 232 72 86 160 240 194 209 194 240 64 123 204 102 136 3 242 79 93 156 162 167 4 61 136 113 160
123 32 238 236 77 26 248 72 239 32 230 131 201 219 54 230 234 253 251 141 12 243 199 208 215 251 139 19 55 172 121 134
98 160 82 254 79 129 232 200 63 16 224 11 229 203 124 208 123 203 107 129 14 67 207 241 149 178 139 11 53 0 33 134
35 32 112 161 77 13 248 72 47 176 194 11 142 154 84 100 235 157 123 13 4 115 217 208 159 88 143 54 21 12 81 134
54 168 134 188 141 143 224 202 207 176 160 10 66 200 101 14 233 228 107 17 26 99 138 208 153 146 143 127 209 104 83 134
3 40 114 241 111 217 248 66 237 160 242 138 158 158 84 54 238 245 95 129 4 115 212 192 215 216 11 35 71 140 103 166
114 40 150 220 79 201 228 66 235 146 224 10 32 187 68 22 232 255 106 129 8 107 210 224 29 184 223 59 225 96 107 142
42 168 98 90 93 213 242 194 223 5 228 10 40 200 118 164 217 250 130 1 38 43 26 251 63 92 149 43 83 14 126 142
29 87 123 229 50 2 111 48 52 200 94 230 81 39 145 96 118 204 29 238 193 144 37 14 244 239 167 128 45 243 33 113
42 176 189 187 237 253 177 223 159 93 20 117 188 159 110 104 205 27 255 17 151 106 114 209 79 91 62 250 216 76 149 251
67 32 90 161 106 8 104 64 45 32 242 130 157 130 144 80 106 141 127 136 0 211 197 192 148 184 139 0 37 128 35 128
98 48 117 205 109 94 248 88 47 236 242 47 204 30 22 118 238 221 255 129 140 115 251 208 151 250 139 155 23 12 103 215
90 16 119 237 47 95 249 88 47 236 182 47 207 158 54 230 238 213 255 1 140 241 249 208 215 250 139 179 55 12 85 87
26 50 118 229 111 95 249 80 173 236 246 39 78 223 22 182 238 213 255 129 140 243 177 192 215 251 139 131 103 132 111 215
122 50 246 220 109 86 121 72 185 204 246 39 76 255 38 214 254 253 255 129 140 211 243 193 215 249 202 139 7 44 110 247
42 50 118 233 109 95 249 88 175 108 246 39 202 223 54 196 238 153 223 129 140 243 114 208 151 217 139 179 87 140 109 215
42 50 114 248 111 221 249 88 169 76 244 47 12 223 54 212 238 185 215 129 133 243 242 192 23 217 139 171 71 140 111 215
90 146 246 157 47 95 184 200 175 116 214 163 204 254 230 230 239 213 255 133 134 67 187 213 223 123 203 159 23 36 37 86
90 50 126 169 47 95 249 88 47 108 150 175 207 158 182 196 238 149 255 133 141 67 121 208 151 217 171 179 31 12 61 215
79 160 246 216 175 159 184 232 175 176 210 163 204 223 116 230 239 245 251 181 164 227 219 220 223 91 207 95 151 172 49 134
27 50 126 225 47 95 249 80 111 236 182 167 143 158 214 164 238 149 223 133 141 243 245 208 215 217 171 179 47 140 127 215
91 48 246 205 111 31 248 88 255 224 246 171 222 252 86 230 254 221 255 133 132 227 243 192 223 121 207 59 71 172 119 246
74 16 114 200 111 92 121 80 109 68 246 175 203 159 150 244 238 149 255 140 137 51 241 192 215 249 130 147 111 140 101 118
122 32 124 233 45 91 121 72 63 36 230 131 143 31 22 240 250 157 251 129 12 243 233 208 215 249 139 19 39 140 127 230
33 32 73 229 108 11 232 64 108 32 242 194 145 10 148 16 106 141 110 141 129 242 197 64 148 184 163 32 77 136 67 160
90 32 126 236 15 89 248 72 255 164 230 11 79 203 118 240 250 221 251 129 12 227 227 192 215 249 139 59 103 12 127 198
122 32 122 232 79 25 249 64 237 4 230 139 141 155 54 240 234 157 251 137 12 99 247 192 215 249 138 27 39 140 126 230
1 34 65 173 84 11 232 72 86 160 114 194 209 3 144 96 122 76 42 140 33 240 77 30 204 166 163 0 61 136 81 160
122 32 118 252 77 154 248 64 239 36 230 3 77 202 54 198 234 253 251 129 12 179 147 208 215 249 139 19 119 12 121 134
50 160 6 184 77 131 192 200 159 48 224 3 66 194 108 212 249 237 106 129 10 67 202 209 153 240 139 127 83 12 98 134
118 168 6 184 205 141 192 202 159 176 160 11 2 202 100 148 233 233 106 17 14 107 218 208 153 144 143 127 81 8 122 134
114 40 82 248 79 137 232 66 143 160 224 11 2 155 116 80 232 173 123 129 12 123 210 240 151 216 139 59 53 8 122 134
2 42 215 213 98 138 168 66 188 136 114 226 212 195 164 64 182 125 39 129 0 208 128 66 20 38 43 128 36 128 33 161
17 22 219 165 114 2 170 48 60 200 90 230 213 39 160 96 118 125 23 173 161 144 5 78 164 166 46 128 44 162 33 177
42 168 184 90 205 221 144 199 219 21 164 25 170 220 118 132 201 187 195 17 22 107 242 241 31 89 20 123 211 12 222 206
21 87 95 229 178 10 111 48 36 232 94 230 215 39 145 96 54 213 28 238 193 144 37 14 228 173 47 128 44 178 33 49
